19460 19473 0.00244333 0.00775146
19459 19473 0.00244333 0.0244217
19458 19473 0.00244333 0.0410919
19458 19473 0.00244333 0.0577621
19458 19473 0.00244333 0.0744324
19458 19473 0.00244333 0.0911026
19456 19473 0.00244333 0.107773
19455 19473 0.00244333 0.124443
19455 19473 0.00244333 0.141113
19455 19473 0.00244333 0.157784
19453 19473 0.00244333 0.174454
19453 19473 0.00244333 0.191124
19453 19473 0.00244333 0.207794
19451 19473 0.00244333 0.224464
19451 19473 0.00244333 0.241135
19451 19473 0.00244333 0.257805
19451 19473 0.00244333 0.274475
19451 19473 0.00244333 0.291145
19450 19473 0.00244333 0.307816
19450 19473 0.00244333 0.324486
19450 19473 0.00244333 0.341156
19450 19473 0.00244333 0.357826
19450 19473 0.00244333 0.374496
19450 19473 0.00244333 0.391167
19450 19473 0.00244333 0.407837
19450 19473 0.00244333 0.424507
19449 19473 0.00244333 0.441177
19448 19473 0.00244333 0.457848
19448 19473 0.00244333 0.474518
19448 19473 0.00244333 0.491188
19447 19473 0.00244333 0.507858
19447 19473 0.00244333 0.524529
19447 19473 0.00244333 0.541199
19446 19473 0.00244333 0.557869
19446 19473 0.00244333 0.574539
19446 19473 0.00244333 0.591209
19445 19473 0.00244333 0.60788
19444 19473 0.00244333 0.62455
19442 19473 0.00244333 0.64122
19439 19473 0.00244333 0.65789
19439 19473 0.00244333 0.674561
19439 19473 0.00244333 0.691231
19439 19473 0.00244333 0.707901
19439 19473 0.00244333 0.724571
19438 19473 0.00244333 0.741241
19438 19473 0.00244333 0.757912
19437 19473 0.00244333 0.774582
19437 19473 0.00244333 0.791252
19437 19473 0.00244333 0.807922
19437 19473 0.00244333 0.824593
19437 19473 0.00244333 0.841263
19437 19473 0.00244333 0.857933
19435 19473 0.00244333 0.874603
19434 19473 0.00244333 0.891273
19434 19473 0.00244333 0.907944
19434 19473 0.00244333 0.924614
19434 19473 0.00244333 0.941284
19433 19473 0.00244333 0.957954
19433 19473 0.00244333 0.974625
19433 19473 0.00244333 0.991295
19433 19473 0.00244333 1.00797
19433 19473 0.00244333 1.02464
19433 19473 0.00244333 1.04131
19433 19473 0.00244333 1.05798
19433 19473 0.00244333 1.07465
19433 19473 0.00244333 1.09132
19433 19473 0.00244333 1.10799
19433 19473 0.00244333 1.12466
19433 19473 0.00244333 1.14133
19433 19473 0.00244333 1.158
19430 19473 0.00244333 1.17467
19429 19473 0.00244333 1.19134
19429 19473 0.00244333 1.20801
19428 19473 0.00244333 1.22468
19428 19473 0.00244333 1.24135
19428 19473 0.00244333 1.25802
19428 19473 0.00244333 1.27469
19428 19473 0.00244333 1.29136
19427 19473 0.00244333 1.30803
19427 19473 0.00244333 1.3247
19427 19473 0.00244333 1.34137
19427 19473 0.00244333 1.35804
19426 19473 0.00244333 1.37471
19426 19473 0.00244333 1.39138
19426 19473 0.00244333 1.40805
19425 19473 0.00244333 1.42472
19425 19473 0.00244333 1.44139
19425 19473 0.00244333 1.45806
19425 19473 0.00244333 1.47473
19424 19473 0.00244333 1.4914
19424 19473 0.00244333 1.50807
19423 19473 0.00244333 1.52474
19422 19473 0.00244333 1.54141
19422 19473 0.00244333 1.55808
19419 19473 0.00244333 1.57475
19418 19473 0.00244333 1.59142
19418 19473 0.00244333 1.60809
19418 19473 0.00244333 1.62476
19417 19473 0.00244333 1.64143
19417 19473 0.00244333 1.6581
19416 19473 0.00244333 1.67477
19416 19473 0.00244333 1.69144
19416 19473 0.00244333 1.70811
19416 19473 0.00244333 1.72478
19416 19473 0.00244333 1.74146
19415 19473 0.00244333 1.75813
19415 19473 0.00244333 1.7748
19415 19473 0.00244333 1.79147
19415 19473 0.00244333 1.80814
19415 19473 0.00244333 1.82481
19415 19473 0.00244333 1.84148
19414 19473 0.00244333 1.85815
19414 19473 0.00244333 1.87482
19414 19473 0.00244333 1.89149
19413 19473 0.00244333 1.90816
19413 19473 0.00244333 1.92483
19413 19473 0.00244333 1.9415
19412 19473 0.00244333 1.95817
19412 19473 0.00244333 1.97484
19412 19473 0.00244333 1.99151
19412 19473 0.00244333 2.00818
19412 19473 0.00244333 2.02485
19411 19473 0.00244333 2.04152
19410 19473 0.00244333 2.05819
19409 19473 0.00244333 2.07486
19409 19473 0.00244333 2.09153
19409 19473 0.00244333 2.1082
19409 19473 0.00244333 2.12487
19409 19473 0.00244333 2.14154
19409 19473 0.00244333 2.15821
19409 19473 0.00244333 2.17488
19409 19473 0.00244333 2.19155
19409 19473 0.00244333 2.20822
19408 19473 0.00244333 2.22489
19407 19473 0.00244333 2.24156
19407 19473 0.00244333 2.25823
19406 19473 0.00244333 2.2749
19406 19473 0.00244333 2.29157
19406 19473 0.00244333 2.30824
19406 19473 0.00244333 2.32491
19406 19473 0.00244333 2.34158
19405 19473 0.00244333 2.35825
19405 19473 0.00244333 2.37492
19405 19473 0.00244333 2.39159
19405 19473 0.00244333 2.40826
19405 19473 0.00244333 2.42493
19405 19473 0.00244333 2.4416
19404 19473 0.00244333 2.45827
19404 19473 0.00244333 2.47495
19404 19473 0.00244333 2.49162
19402 19473 0.00244333 2.50829
19402 19473 0.00244333 2.52496
19401 19473 0.00244333 2.54163
19401 19473 0.00244333 2.5583
19401 19473 0.00244333 2.57497
19401 19473 0.00244333 2.59164
19401 19473 0.00244333 2.60831
19401 19473 0.00244333 2.62498
19401 19473 0.00244333 2.64165
19401 19473 0.00244333 2.65832
19400 19473 0.00244333 2.67499
19400 19473 0.00244333 2.69166
19400 19473 0.00244333 2.70833
19400 19473 0.00244333 2.725
19400 19473 0.00244333 2.74167
19399 19473 0.00244333 2.75834
19399 19473 0.00244333 2.77501
19399 19473 0.00244333 2.79168
19399 19473 0.00244333 2.80835
19399 19473 0.00244333 2.82502
19399 19473 0.00244333 2.84169
19399 19473 0.00244333 2.85836
19399 19473 0.00244333 2.87503
19398 19473 0.00244333 2.8917
19398 19473 0.00244333 2.90837
19398 19473 0.00244333 2.92504
19397 19473 0.00244333 2.94171
19396 19473 0.00244333 2.95838
19396 19473 0.00244333 2.97505
19396 19473 0.00244333 2.99172
19396 19473 0.00244333 3.00839
19396 19473 0.00244333 3.02506
19396 19473 0.00244333 3.04173
19396 19473 0.00244333 3.0584
19396 19473 0.00244333 3.07507
19395 19473 0.00244333 3.09174
19395 19473 0.00244333 3.10841
19395 19473 0.00244333 3.12508
19395 19473 0.00244333 3.14175
19395 19473 0.00244333 3.15842
19395 19473 0.00244333 3.17509
19394 19473 0.00244333 3.19176
19394 19473 0.00244333 3.20844
19394 19473 0.00244333 3.22511
19394 19473 0.00244333 3.24178
19394 19473 0.00244333 3.25845
19394 19473 0.00244333 3.27512
19394 19473 0.00244333 3.29179
19394 19473 0.00244333 3.30846
19394 19473 0.00244333 3.32513
19393 19473 0.00244333 3.3418
19392 19473 0.00244333 3.35847
19392 19473 0.00244333 3.37514
19391 19473 0.00244333 3.39181
19391 19473 0.00244333 3.40848
19391 19473 0.00244333 3.42515
19391 19473 0.00244333 3.44182
19391 19473 0.00244333 3.45849
19391 19473 0.00244333 3.47516
19391 19473 0.00244333 3.49183
19391 19473 0.00244333 3.5085
19391 19473 0.00244333 3.52517
19390 19473 0.00244333 3.54184
19390 19473 0.00244333 3.55851
19390 19473 0.00244333 3.57518
19390 19473 0.00244333 3.59185
19390 19473 0.00244333 3.60852
19390 19473 0.00244333 3.62519
19390 19473 0.00244333 3.64186
19390 19473 0.00244333 3.65853
19390 19473 0.00244333 3.6752
19390 19473 0.00244333 3.69187
19389 19473 0.00244333 3.70854
19389 19473 0.00244333 3.72521
19389 19473 0.00244333 3.74188
19389 19473 0.00244333 3.75855
19389 19473 0.00244333 3.77522
19389 19473 0.00244333 3.79189
19389 19473 0.00244333 3.80856
19389 19473 0.00244333 3.82523
19388 19473 0.00244333 3.8419
19388 19473 0.00244333 3.85857
19388 19473 0.00244333 3.87524
19388 19473 0.00244333 3.89191
19386 19473 0.00244333 3.90858
19385 19473 0.00244333 3.92525
19385 19473 0.00244333 3.94193
19385 19473 0.00244333 3.9586
19385 19473 0.00244333 3.97527
19384 19473 0.00244333 3.99194
19384 19473 0.00244333 4.00861
19384 19473 0.00244333 4.02528
19384 19473 0.00244333 4.04195
19384 19473 0.00244333 4.05862
19382 19473 0.00244333 4.07529
19381 19473 0.00244333 4.09196
19381 19473 0.00244333 4.10863
19381 19473 0.00244333 4.1253
19380 19473 0.00244333 4.14197
19380 19473 0.00244333 4.15864
19380 19473 0.00244333 4.17531
19379 19473 0.00244333 4.19198
19378 19473 0.00244333 4.20865
19378 19473 0.00244333 4.22532
19377 19473 0.00244333 4.24199
19377 19473 0.00244333 4.25866
19376 19473 0.00244333 4.27533
19376 19473 0.00244333 4.292
19375 19473 0.00244333 4.30867
19375 19473 0.00244333 4.32534
19375 19473 0.00244333 4.34201
19374 19473 0.00244333 4.35868
19374 19473 0.00244333 4.37535
19374 19473 0.00244333 4.39202
19374 19473 0.00244333 4.40869
19374 19473 0.00244333 4.42536
19374 19473 0.00244333 4.44203
19373 19473 0.00244333 4.4587
19373 19473 0.00244333 4.47537
19373 19473 0.00244333 4.49204
19373 19473 0.00244333 4.50871
19373 19473 0.00244333 4.52538
19373 19473 0.00244333 4.54205
19372 19473 0.00244333 4.55872
19372 19473 0.00244333 4.57539
19372 19473 0.00244333 4.59206
19372 19473 0.00244333 4.60873
19371 19473 0.00244333 4.6254
19371 19473 0.00244333 4.64207
19369 19473 0.00244333 4.65874
19367 19473 0.00244333 4.67542
19367 19473 0.00244333 4.69209
19367 19473 0.00244333 4.70876
19367 19473 0.00244333 4.72543
19367 19473 0.00244333 4.7421
19366 19473 0.00244333 4.75877
19366 19473 0.00244333 4.77544
19366 19473 0.00244333 4.79211
19366 19473 0.00244333 4.80878
19365 19473 0.00244333 4.82545
19364 19473 0.00244333 4.84212
19363 19473 0.00244333 4.85879
19362 19473 0.00244333 4.87546
19362 19473 0.00244333 4.89213
19362 19473 0.00244333 4.9088
19362 19473 0.00244333 4.92547
19362 19473 0.00244333 4.94214
19362 19473 0.00244333 4.95881
19361 19473 0.00244333 4.97548
19361 19473 0.00244333 4.99215
19361 19473 0.00244333 5.00882
19361 19473 0.00244333 5.02549
19361 19473 0.00244333 5.04216
19361 19473 0.00244333 5.05883
19361 19473 0.00244333 5.0755
19360 19473 0.00244333 5.09217
19359 19473 0.00244333 5.10884
19359 19473 0.00244333 5.12551
19359 19473 0.00244333 5.14218
19359 19473 0.00244333 5.15885
19359 19473 0.00244333 5.17552
19359 19473 0.00244333 5.19219
19359 19473 0.00244333 5.20886
19358 19473 0.00244333 5.22553
19358 19473 0.00244333 5.2422
19358 19473 0.00244333 5.25887
19358 19473 0.00244333 5.27554
19358 19473 0.00244333 5.29221
19358 19473 0.00244333 5.30888
19358 19473 0.00244333 5.32555
19358 19473 0.00244333 5.34222
19358 19473 0.00244333 5.35889
19357 19473 0.00244333 5.37556
19355 19473 0.00244333 5.39223
19355 19473 0.00244333 5.40891
19355 19473 0.00244333 5.42558
19355 19473 0.00244333 5.44225
19354 19473 0.00244333 5.45892
19353 19473 0.00244333 5.47559
19353 19473 0.00244333 5.49226
19353 19473 0.00244333 5.50893
19353 19473 0.00244333 5.5256
19353 19473 0.00244333 5.54227
19353 19473 0.00244333 5.55894
19353 19473 0.00244333 5.57561
19353 19473 0.00244333 5.59228
19353 19473 0.00244333 5.60895
19353 19473 0.00244333 5.62562
19353 19473 0.00244333 5.64229
19353 19473 0.00244333 5.65896
19353 19473 0.00244333 5.67563
19353 19473 0.00244333 5.6923
19353 19473 0.00244333 5.70897
19352 19473 0.00244333 5.72564
19352 19473 0.00244333 5.74231
19351 19473 0.00244333 5.75898
19350 19473 0.00244333 5.77565
19350 19473 0.00244333 5.79232
19349 19473 0.00244333 5.80899
19349 19473 0.00244333 5.82566
19349 19473 0.00244333 5.84233
19349 19473 0.00244333 5.859
19349 19473 0.00244333 5.87567
19349 19473 0.00244333 5.89234
19349 19473 0.00244333 5.90901
19349 19473 0.00244333 5.92568
19348 19473 0.00244333 5.94235
19348 19473 0.00244333 5.95902
19348 19473 0.00244333 5.97569
19347 19473 0.00244333 5.99236
19347 19473 0.00244333 6.00903
19346 19473 0.00244333 6.0257
19344 19473 0.00244333 6.04237
19344 19473 0.00244333 6.05904
19344 19473 0.00244333 6.07571
19342 19473 0.00244333 6.09238
19342 19473 0.00244333 6.10905
19342 19473 0.00244333 6.12572
19342 19473 0.00244333 6.1424
19342 19473 0.00244333 6.15907
19342 19473 0.00244333 6.17574
19342 19473 0.00244333 6.19241
19342 19473 0.00244333 6.20908
19341 19473 0.00244333 6.22575
19341 19473 0.00244333 6.24242
19341 19473 0.00244333 6.25909
19341 19473 0.00244333 6.27576
19341 19473 0.00244333 6.29243
19341 19473 0.00244333 6.3091
19340 19473 0.00244333 6.32577
19339 19473 0.00244333 6.34244
19338 19473 0.00244333 6.35911
19337 19473 0.00244333 6.37578
19337 19473 0.00244333 6.39245
19337 19473 0.00244333 6.40912
19337 19473 0.00244333 6.42579
19337 19473 0.00244333 6.44246
19337 19473 0.00244333 6.45913
19337 19473 0.00244333 6.4758
19337 19473 0.00244333 6.49247
19337 19473 0.00244333 6.50914
19337 19473 0.00244333 6.52581
19337 19473 0.00244333 6.54248
19336 19473 0.00244333 6.55915
19336 19473 0.00244333 6.57582
19336 19473 0.00244333 6.59249
19335 19473 0.00244333 6.60916
19335 19473 0.00244333 6.62583
19335 19473 0.00244333 6.6425
19334 19473 0.00244333 6.65917
19334 19473 0.00244333 6.67584
19334 19473 0.00244333 6.69251
19334 19473 0.00244333 6.70918
19334 19473 0.00244333 6.72585
19334 19473 0.00244333 6.74252
19334 19473 0.00244333 6.75919
19333 19473 0.00244333 6.77586
19333 19473 0.00244333 6.79253
19333 19473 0.00244333 6.8092
19333 19473 0.00244333 6.82587
19333 19473 0.00244333 6.84254
19332 19473 0.00244333 6.85921
19332 19473 0.00244333 6.87589
19332 19473 0.00244333 6.89256
19332 19473 0.00244333 6.90923
19332 19473 0.00244333 6.9259
19332 19473 0.00244333 6.94257
19332 19473 0.00244333 6.95924
19332 19473 0.00244333 6.97591
19332 19473 0.00244333 6.99258
19332 19473 0.00244333 7.00925
19332 19473 0.00244333 7.02592
19332 19473 0.00244333 7.04259
19332 19473 0.00244333 7.05926
19332 19473 0.00244333 7.07593
19332 19473 0.00244333 7.0926
19332 19473 0.00244333 7.10927
19332 19473 0.00244333 7.12594
19332 19473 0.00244333 7.14261
19332 19473 0.00244333 7.15928
19331 19473 0.00244333 7.17595
19330 19473 0.00244333 7.19262
19330 19473 0.00244333 7.20929
19330 19473 0.00244333 7.22596
19330 19473 0.00244333 7.24263
19330 19473 0.00244333 7.2593
19330 19473 0.00244333 7.27597
19329 19473 0.00244333 7.29264
19329 19473 0.00244333 7.30931
19329 19473 0.00244333 7.32598
19327 19473 0.00244333 7.34265
19327 19473 0.00244333 7.35932
19327 19473 0.00244333 7.37599
19326 19473 0.00244333 7.39266
19325 19473 0.00244333 7.40933
19325 19473 0.00244333 7.426
19325 19473 0.00244333 7.44267
19324 19473 0.00244333 7.45934
19324 19473 0.00244333 7.47601
19324 19473 0.00244333 7.49268
19324 19473 0.00244333 7.50935
19324 19473 0.00244333 7.52602
19324 19473 0.00244333 7.54269
19324 19473 0.00244333 7.55936
19324 19473 0.00244333 7.57603
19324 19473 0.00244333 7.5927
19323 19473 0.00244333 7.60938
19323 19473 0.00244333 7.62605
19323 19473 0.00244333 7.64272
19322 19473 0.00244333 7.65939
19320 19473 0.00244333 7.67606
19320 19473 0.00244333 7.69273
19320 19473 0.00244333 7.7094
19320 19473 0.00244333 7.72607
19320 19473 0.00244333 7.74274
19320 19473 0.00244333 7.75941
19319 19473 0.00244333 7.77608
19319 19473 0.00244333 7.79275
19319 19473 0.00244333 7.80942
19318 19473 0.00244333 7.82609
19318 19473 0.00244333 7.84276
19317 19473 0.00244333 7.85943
19317 19473 0.00244333 7.8761
19316 19473 0.00244333 7.89277
19315 19473 0.00244333 7.90944
19314 19473 0.00244333 7.92611
19314 19473 0.00244333 7.94278
19313 19473 0.00244333 7.95945
19313 19473 0.00244333 7.97612
19312 19473 0.00244333 7.99279
19312 19473 0.00244333 8.00946
19312 19473 0.00244333 8.02613
19311 19473 0.00244333 8.0428
19311 19473 0.00244333 8.05947
19310 19473 0.00244333 8.07614
19310 19473 0.00244333 8.09281
19310 19473 0.00244333 8.10948
19310 19473 0.00244333 8.12615
19310 19473 0.00244333 8.14282
19310 19473 0.00244333 8.15949
19310 19473 0.00244333 8.17616
19310 19473 0.00244333 8.19283
19310 19473 0.00244333 8.2095
19310 19473 0.00244333 8.22617
19310 19473 0.00244333 8.24284
19308 19473 0.00244333 8.25951
19308 19473 0.00244333 8.27618
19308 19473 0.00244333 8.29285
19308 19473 0.00244333 8.30952
19308 19473 0.00244333 8.32619
19308 19473 0.00244333 8.34286
19308 19473 0.00244333 8.35954
19308 19473 0.00244333 8.37621
19307 19473 0.00244333 8.39288
19307 19473 0.00244333 8.40955
19307 19473 0.00244333 8.42622
19307 19473 0.00244333 8.44289
19307 19473 0.00244333 8.45956
19307 19473 0.00244333 8.47623
19307 19473 0.00244333 8.4929
19307 19473 0.00244333 8.50957
19307 19473 0.00244333 8.52624
19307 19473 0.00244333 8.54291
19306 19473 0.00244333 8.55958
19306 19473 0.00244333 8.57625
19306 19473 0.00244333 8.59292
19306 19473 0.00244333 8.60959
19306 19473 0.00244333 8.62626
19306 19473 0.00244333 8.64293
19306 19473 0.00244333 8.6596
19305 19473 0.00244333 8.67627
19305 19473 0.00244333 8.69294
19305 19473 0.00244333 8.70961
19305 19473 0.00244333 8.72628
19305 19473 0.00244333 8.74295
19305 19473 0.00244333 8.75962
19304 19473 0.00244333 8.77629
19303 19473 0.00244333 8.79296
19302 19473 0.00244333 8.80963
19302 19473 0.00244333 8.8263
19302 19473 0.00244333 8.84297
19301 19473 0.00244333 8.85964
19301 19473 0.00244333 8.87631
19300 19473 0.00244333 8.89298
19300 19473 0.00244333 8.90965
19299 19473 0.00244333 8.92632
19299 19473 0.00244333 8.94299
19299 19473 0.00244333 8.95966
19299 19473 0.00244333 8.97633
19299 19473 0.00244333 8.993
19299 19473 0.00244333 9.00967
19299 19473 0.00244333 9.02634
19299 19473 0.00244333 9.04301
19298 19473 0.00244333 9.05968
19297 19473 0.00244333 9.07635
19296 19473 0.00244333 9.09303
19295 19473 0.00244333 9.1097
19294 19473 0.00244333 9.12637
19294 19473 0.00244333 9.14304
19294 19473 0.00244333 9.15971
19294 19473 0.00244333 9.17638
19292 19473 0.00244333 9.19305
19292 19473 0.00244333 9.20972
19291 19473 0.00244333 9.22639
19291 19473 0.00244333 9.24306
19291 19473 0.00244333 9.25973
19291 19473 0.00244333 9.2764
19291 19473 0.00244333 9.29307
19291 19473 0.00244333 9.30974
19289 19473 0.00244333 9.32641
19289 19473 0.00244333 9.34308
19289 19473 0.00244333 9.35975
19289 19473 0.00244333 9.37642
19289 19473 0.00244333 9.39309
19289 19473 0.00244333 9.40976
19289 19473 0.00244333 9.42643
19289 19473 0.00244333 9.4431
19289 19473 0.00244333 9.45977
19289 19473 0.00244333 9.47644
19289 19473 0.00244333 9.49311
19289 19473 0.00244333 9.50978
19288 19473 0.00244333 9.52645
19287 19473 0.00244333 9.54312
19287 19473 0.00244333 9.55979
19287 19473 0.00244333 9.57646
19287 19473 0.00244333 9.59313
19287 19473 0.00244333 9.6098
19287 19473 0.00244333 9.62647
19286 19473 0.00244333 9.64314
19286 19473 0.00244333 9.65981
19286 19473 0.00244333 9.67648
19286 19473 0.00244333 9.69315
19286 19473 0.00244333 9.70982
19286 19473 0.00244333 9.72649
19286 19473 0.00244333 9.74316
19286 19473 0.00244333 9.75983
19286 19473 0.00244333 9.7765
19286 19473 0.00244333 9.79317
19286 19473 0.00244333 9.80984
19286 19473 0.00244333 9.82652
19285 19473 0.00244333 9.84319
19285 19473 0.00244333 9.85986
19285 19473 0.00244333 9.87653
19285 19473 0.00244333 9.8932
19284 19473 0.00244333 9.90987
19284 19473 0.00244333 9.92654
19284 19473 0.00244333 9.94321
19284 19473 0.00244333 9.95988
19284 19473 0.00244333 9.97655
19284 19473 0.00244333 9.99322
19284 19473 0.00244333 10.0099
19284 19473 0.00244333 10.0266
19284 19473 0.00244333 10.0432
19284 19473 0.00244333 10.0599
19284 19473 0.00244333 10.0766
19284 19473 0.00244333 10.0932
19284 19473 0.00244333 10.1099
19284 19473 0.00244333 10.1266
19284 19473 0.00244333 10.1432
19284 19473 0.00244333 10.1599
19284 19473 0.00244333 10.1766
19284 19473 0.00244333 10.1933
19284 19473 0.00244333 10.2099
19284 19473 0.00244333 10.2266
19284 19473 0.00244333 10.2433
19284 19473 0.00244333 10.2599
19284 19473 0.00488665 10.2766
19284 19473 0.00732998 10.2933
19284 19473 0.0097733 10.31
19284 19473 0.0122166 10.3266
19284 19473 0.0146599 10.3433
19284 19473 0.0171033 10.36
19284 19473 0.0195466 10.3766
19284 19473 0.0219899 10.3933
19284 19473 0.0244332 10.41
19284 19473 0.0268766 10.4266
19284 19473 0.0293199 10.4433
19283 19473 0.0317632 10.46
19282 19473 0.0342066 10.4767
19282 19473 0.0366499 10.4933
19282 19473 0.0390932 10.51
19281 19473 0.0415365 10.5267
19281 19473 0.0439798 10.5433
19281 19473 0.0464232 10.56
19281 19473 0.0488665 10.5767
19281 19473 0.0513098 10.5933
19281 19473 0.0537531 10.61
19280 19473 0.0561965 10.6267
19280 19473 0.0586398 10.6434
19280 19473 0.0610831 10.66
19280 19473 0.0635265 10.6767
19280 19473 0.0659698 10.6934
19279 19473 0.0684131 10.71
19278 19473 0.0708564 10.7267
19278 19473 0.0732998 10.7434
19277 19473 0.0757431 10.76
19277 19473 0.0781864 10.7767
19276 19473 0.0806298 10.7934
19276 19473 0.0830731 10.8101
19276 19473 0.0855164 10.8267
19276 19473 0.0879597 10.8434
19276 19473 0.0904031 10.8601
19276 19473 0.0928464 10.8767
19275 19473 0.0952897 10.8934
19275 19473 0.0977331 10.9101
19275 19473 0.100176 10.9268
19275 19473 0.10262 10.9434
19274 19473 0.105063 10.9601
19274 19473 0.107506 10.9768
19274 19473 0.10995 10.9934
19274 19473 0.112393 11.0101
19274 19473 0.114836 11.0268
19274 19473 0.11728 11.0434
19274 19473 0.119723 11.0601
19274 19473 0.122166 11.0768
19274 19473 0.12461 11.0935
19273 19473 0.127053 11.1101
19273 19473 0.129496 11.1268
19271 19473 0.13194 11.1435
19271 19473 0.134383 11.1601
19271 19473 0.136826 11.1768
19270 19473 0.13927 11.1935
19270 19473 0.141713 11.2101
19268 19473 0.144156 11.2268
19265 19473 0.1466 11.2435
19262 19473 0.149043 11.2602
19261 19473 0.151486 11.2768
19261 19473 0.15393 11.2935
19257 19473 0.156373 11.3102
19255 19473 0.158816 11.3268
19249 19473 0.16126 11.3435
19248 19473 0.163703 11.3602
19244 19473 0.166146 11.3768
19237 19473 0.16859 11.3935
19234 19473 0.171033 11.4102
19229 19473 0.173476 11.4269
19221 19473 0.17592 11.4435
19215 19473 0.178363 11.4602
19206 19473 0.180806 11.4769
19199 19473 0.18325 11.4935
19193 19473 0.185693 11.5102
19182 19473 0.188136 11.5269
19172 19473 0.19058 11.5435
19160 19473 0.193023 11.5602
19151 19473 0.195466 11.5769
19141 19473 0.19791 11.5936
19130 19473 0.200353 11.6102
19118 19473 0.202796 11.6269
19109 19473 0.20524 11.6436
19098 19473 0.207683 11.6602
19087 19473 0.210126 11.6769
19076 19473 0.212569 11.6936
19064 19473 0.215013 11.7103
19049 19473 0.217456 11.7269
19034 19473 0.219899 11.7436
19021 19473 0.222343 11.7603
19011 19473 0.224786 11.7769
18997 19473 0.227229 11.7936
18979 19473 0.229673 11.8103
18956 19473 0.232116 11.8269
18947 19473 0.234559 11.8436
18929 19473 0.237003 11.8603
18914 19473 0.239446 11.877
18898 19473 0.241889 11.8936
18877 19473 0.244333 11.9103
18862 19473 0.246776 11.927
18843 19473 0.249219 11.9436
18818 19473 0.251663 11.9603
18803 19473 0.254106 11.977
18784 19473 0.256549 11.9936
18765 19473 0.258993 12.0103
18736 19473 0.261436 12.027
18720 19473 0.263879 12.0437
18696 19473 0.266323 12.0603
18684 19473 0.268766 12.077
18667 19473 0.271209 12.0937
18643 19473 0.273653 12.1103
18617 19473 0.276096 12.127
18596 19473 0.278539 12.1437
18572 19473 0.280982 12.1603
18553 19473 0.283426 12.177
18534 19473 0.285869 12.1937
18508 19473 0.288312 12.2104
18486 19473 0.290756 12.227
18468 19473 0.293199 12.2437
18442 19473 0.295642 12.2604
18416 19473 0.298086 12.277
18395 19473 0.300529 12.2937
18380 19473 0.302972 12.3104
18353 19473 0.305416 12.327
18327 19473 0.307859 12.3437
18306 19473 0.310302 12.3604
18279 19473 0.312746 12.3771
18260 19473 0.315189 12.3937
18232 19473 0.317632 12.4104
18212 19473 0.320076 12.4271
18185 19473 0.322519 12.4437
18159 19473 0.324962 12.4604
18131 19473 0.327405 12.4771
18108 19473 0.329849 12.4938
18083 19473 0.332292 12.5104
18058 19473 0.334735 12.5271
18030 19473 0.337179 12.5438
18006 19473 0.339622 12.5604
17978 19473 0.342065 12.5771
17955 19473 0.344509 12.5938
17931 19473 0.346952 12.6104
17905 19473 0.349395 12.6271
17883 19473 0.351839 12.6438
17856 19473 0.354282 12.6605
17835 19473 0.356725 12.6771
17812 19473 0.359169 12.6938
17786 19473 0.361612 12.7105
17763 19473 0.364055 12.7271
17742 19473 0.366498 12.7438
17716 19473 0.368942 12.7605
17695 19473 0.371385 12.7771
17668 19473 0.373828 12.7938
17643 19473 0.376272 12.8105
17616 19473 0.378715 12.8272
17596 19473 0.381158 12.8438
17573 19473 0.383602 12.8605
17550 19473 0.386045 12.8772
17528 19473 0.388488 12.8938
17512 19473 0.390932 12.9105
17487 19473 0.393375 12.9272
17464 19473 0.395818 12.9438
17446 19473 0.398262 12.9605
17427 19473 0.400705 12.9772
17401 19473 0.403148 12.9939
17379 19473 0.405591 13.0105
17354 19473 0.408035 13.0272
17335 19473 0.410478 13.0439
17312 19473 0.412921 13.0605
17290 19473 0.415365 13.0772
17270 19473 0.417808 13.0939
17247 19473 0.420251 13.1105
17230 19473 0.422695 13.1272
17202 19473 0.425138 13.1439
17185 19473 0.427581 13.1606
17168 19473 0.430025 13.1772
17140 19473 0.432468 13.1939
17120 19473 0.434911 13.2106
17102 19473 0.437355 13.2272
17080 19473 0.439798 13.2439
17059 19473 0.442241 13.2606
17037 19473 0.444685 13.2773
17019 19473 0.447128 13.2939
16996 19473 0.449571 13.3106
16976 19473 0.452014 13.3273
16955 19473 0.454458 13.3439
16940 19473 0.456901 13.3606
16911 19473 0.459344 13.3773
16900 19473 0.461788 13.3939
16874 19473 0.464231 13.4106
16856 19473 0.466674 13.4273
16833 19473 0.469118 13.444
16812 19473 0.471561 13.4606
16794 19473 0.474004 13.4773
16774 19473 0.476448 13.494
16757 19473 0.478891 13.5106
16728 19473 0.481334 13.5273
16707 19473 0.483778 13.544
16689 19473 0.486221 13.5606
16663 19473 0.488664 13.5773
16647 19473 0.491107 13.594
16630 19473 0.493551 13.6107
16605 19473 0.495994 13.6273
16581 19473 0.498437 13.644
16559 19473 0.500881 13.6607
16534 19473 0.503324 13.6773
16515 19473 0.505767 13.694
16496 19473 0.508211 13.7107
16468 19473 0.510654 13.7273
16445 19473 0.513097 13.744
16426 19473 0.515541 13.7607
16408 19473 0.517984 13.7774
16376 19473 0.520427 13.794
16360 19473 0.522871 13.8107
16332 19473 0.525314 13.8274
16309 19473 0.527757 13.844
16286 19473 0.5302 13.8607
16270 19473 0.532644 13.8774
16241 19473 0.535087 13.8941
16220 19473 0.53753 13.9107
16196 19473 0.539974 13.9274
16174 19473 0.542417 13.9441
16147 19473 0.54486 13.9607
16124 19473 0.547304 13.9774
16098 19473 0.549747 13.9941
16080 19473 0.55219 14.0107
16050 19473 0.554634 14.0274
16029 19473 0.557077 14.0441
16007 19473 0.55952 14.0608
15978 19473 0.561964 14.0774
15953 19473 0.564407 14.0941
15929 19473 0.56685 14.1108
15899 19473 0.569293 14.1274
15873 19473 0.571737 14.1441
15849 19473 0.57418 14.1608
15829 19473 0.576623 14.1774
15796 19473 0.579067 14.1941
15772 19473 0.58151 14.2108
15750 19473 0.583953 14.2275
15720 19473 0.586397 14.2441
15695 19473 0.58884 14.2608
15669 19473 0.591283 14.2775
15651 19473 0.593727 14.2941
15620 19473 0.59617 14.3108
15592 19473 0.598613 14.3275
15570 19473 0.601057 14.3441
15542 19473 0.6035 14.3608
15517 19473 0.605943 14.3775
15486 19473 0.608387 14.3942
15457 19473 0.61083 14.4108
15434 19473 0.613273 14.4275
15413 19473 0.615716 14.4442
15381 19473 0.61816 14.4608
15355 19473 0.620603 14.4775
15336 19473 0.623046 14.4942
15301 19473 0.62549 14.5108
15275 19473 0.627933 14.5275
15255 19473 0.630376 14.5442
15224 19473 0.63282 14.5609
15202 19473 0.635263 14.5775
15165 19473 0.637706 14.5942
15142 19473 0.64015 14.6109
15120 19473 0.642593 14.6275
15093 19473 0.645036 14.6442
15064 19473 0.64748 14.6609
15040 19473 0.649923 14.6776
15011 19473 0.652366 14.6942
14989 19473 0.654809 14.7109
14958 19473 0.657253 14.7276
14930 19473 0.659696 14.7442
14897 19473 0.662139 14.7609
14877 19473 0.664583 14.7776
14846 19473 0.667026 14.7942
14821 19473 0.669469 14.8109
14793 19473 0.671913 14.8276
14763 19473 0.674356 14.8443
14737 19473 0.676799 14.8609
14711 19473 0.679243 14.8776
14683 19473 0.681686 14.8943
14657 19473 0.684129 14.9109
14626 19473 0.686573 14.9276
14600 19473 0.689016 14.9443
14571 19473 0.691459 14.9609
14550 19473 0.693902 14.9776
14521 19473 0.696346 14.9943
14494 19473 0.698789 15.011
14464 19473 0.701232 15.0276
14441 19473 0.703676 15.0443
14409 19473 0.706119 15.061
14385 19473 0.708562 15.0776
14362 19473 0.711006 15.0943
14332 19473 0.713449 15.111
14302 19473 0.715892 15.1276
14280 19473 0.718336 15.1443
14250 19473 0.720779 15.161
14224 19473 0.723222 15.1777
14196 19473 0.725666 15.1943
14167 19473 0.728109 15.211
14148 19473 0.730552 15.2277
14120 19473 0.732996 15.2443
14093 19473 0.735439 15.261
14064 19473 0.737882 15.2777
14039 19473 0.740325 15.2943
14013 19473 0.742769 15.311
13982 19473 0.745212 15.3277
13957 19473 0.747655 15.3444
13929 19473 0.750099 15.361
13908 19473 0.752542 15.3777
13879 19473 0.754985 15.3944
13857 19473 0.757429 15.411
13828 19473 0.759872 15.4277
13803 19473 0.762315 15.4444
13779 19473 0.764759 15.4611
13757 19473 0.767202 15.4777
13729 19473 0.769645 15.4944
13704 19473 0.772089 15.5111
13677 19473 0.774532 15.5277
13652 19473 0.776975 15.5444
13629 19473 0.779418 15.5611
13606 19473 0.781862 15.5777
13580 19473 0.784305 15.5944
13551 19473 0.786748 15.6111
13530 19473 0.789192 15.6278
13505 19473 0.791635 15.6444
13476 19473 0.794078 15.6611
13455 19473 0.796522 15.6778
13432 19473 0.798965 15.6944
13408 19473 0.801408 15.7111
13381 19473 0.803852 15.7278
13363 19473 0.806295 15.7444
13331 19473 0.808738 15.7611
13310 19473 0.811182 15.7778
13283 19473 0.813625 15.7945
13260 19473 0.816068 15.8111
13234 19473 0.818511 15.8278
13209 19473 0.820955 15.8445
13185 19473 0.823398 15.8611
13162 19473 0.825841 15.8778
13138 19473 0.828285 15.8945
13115 19473 0.830728 15.9111
13090 19473 0.833171 15.9278
13065 19473 0.835615 15.9445
13040 19473 0.838058 15.9612
13013 19473 0.840501 15.9778
12994 19473 0.842945 15.9945
12970 19473 0.845388 16.0112
12947 19473 0.847831 16.0278
12925 19473 0.850275 16.0445
12900 19473 0.852718 16.0612
12877 19473 0.855161 16.0779
12853 19473 0.857605 16.0945
12829 19473 0.860048 16.1112
12806 19473 0.862491 16.1279
12780 19473 0.864934 16.1445
12757 19473 0.867378 16.1612
12732 19473 0.869821 16.1779
12708 19473 0.872264 16.1945
12687 19473 0.874708 16.2112
12662 19473 0.877151 16.2279
12636 19473 0.879594 16.2446
12613 19473 0.882038 16.2612
12589 19473 0.884481 16.2779
12567 19473 0.886924 16.2946
12542 19473 0.889368 16.3112
12517 19473 0.891811 16.3279
12493 19473 0.894254 16.3446
12468 19473 0.896698 16.3612
12443 19473 0.899141 16.3779
12416 19473 0.901584 16.3946
12394 19473 0.904027 16.4113
12369 19473 0.906471 16.4279
12344 19473 0.908914 16.4446
12324 19473 0.911357 16.4613
12297 19473 0.913801 16.4779
12272 19473 0.916244 16.4946
12248 19473 0.918687 16.5113
12218 19473 0.921131 16.5279
12195 19473 0.923574 16.5446
12170 19473 0.926017 16.5613
12146 19473 0.928461 16.578
12116 19473 0.930904 16.5946
12087 19473 0.933347 16.6113
12064 19473 0.935791 16.628
12039 19473 0.938234 16.6446
12012 19473 0.940677 16.6613
11991 19473 0.94312 16.678
11962 19473 0.945564 16.6946
11933 19473 0.948007 16.7113
11912 19473 0.95045 16.728
11879 19473 0.952894 16.7447
11858 19473 0.955337 16.7613
11831 19473 0.95778 16.778
11805 19473 0.960224 16.7947
11783 19473 0.962667 16.8113
11756 19473 0.96511 16.828
11726 19473 0.967554 16.8447
11700 19473 0.969997 16.8614
11673 19473 0.97244 16.878
11651 19473 0.974884 16.8947
11624 19473 0.977327 16.9114
11597 19473 0.97977 16.928
11567 19473 0.982213 16.9447
11542 19473 0.984657 16.9614
11513 19473 0.9871 16.978
11486 19473 0.989543 16.9947
11460 19473 0.991987 17.0114
11429 19473 0.99443 17.0281
11406 19473 0.996873 17.0447
11378 19473 0.999317 17.0614
11351 19473 1.00176 17.0781
11323 19473 1.0042 17.0947
11294 19473 1.00665 17.1114
11261 19473 1.00909 17.1281
11235 19473 1.01153 17.1447
11212 19473 1.01398 17.1614
11185 19473 1.01642 17.1781
11158 19473 1.01886 17.1948
11130 19473 1.02131 17.2114
11096 19473 1.02375 17.2281
11070 19473 1.02619 17.2448
11044 19473 1.02864 17.2614
11017 19473 1.03108 17.2781
10985 19473 1.03352 17.2948
10960 19473 1.03597 17.3114
10931 19473 1.03841 17.3281
10899 19473 1.04085 17.3448
10872 19473 1.0433 17.3615
10848 19473 1.04574 17.3781
10817 19473 1.04818 17.3948
10796 19473 1.05063 17.4115
10763 19473 1.05307 17.4281
10734 19473 1.05551 17.4448
10709 19473 1.05796 17.4615
10683 19473 1.0604 17.4781
10655 19473 1.06284 17.4948
10628 19473 1.06529 17.5115
10597 19473 1.06773 17.5282
10568 19473 1.07017 17.5448
10546 19473 1.07262 17.5615
10516 19473 1.07506 17.5782
10488 19473 1.0775 17.5948
10459 19473 1.07995 17.6115
10433 19473 1.08239 17.6282
10400 19473 1.08483 17.6449
10372 19473 1.08728 17.6615
10341 19473 1.08972 17.6782
10313 19473 1.09216 17.6949
10287 19473 1.09461 17.7115
10261 19473 1.09705 17.7282
10232 19473 1.09949 17.7449
10205 19473 1.10194 17.7615
10174 19473 1.10438 17.7782
10138 19473 1.10682 17.7949
10111 19473 1.10927 17.8116
10081 19473 1.11171 17.8282
10051 19473 1.11415 17.8449
10025 19473 1.1166 17.8616
9988 19473 1.11904 17.8782
9963 19473 1.12148 17.8949
9936 19473 1.12393 17.9116
9908 19473 1.12637 17.9282
9872 19473 1.12881 17.9449
9842 19473 1.13126 17.9616
9815 19473 1.1337 17.9783
9789 19473 1.13614 17.9949
9758 19473 1.13859 18.0116
9729 19473 1.14103 18.0283
9695 19473 1.14347 18.0449
9669 19473 1.14592 18.0616
9635 19473 1.14836 18.0783
9601 19473 1.1508 18.0949
9572 19473 1.15325 18.1116
9545 19473 1.15569 18.1283
9510 19473 1.15813 18.145
9483 19473 1.16058 18.1616
9452 19473 1.16302 18.1783
9419 19473 1.16546 18.195
9388 19473 1.16791 18.2116
9357 19473 1.17035 18.2283
9329 19473 1.17279 18.245
9294 19473 1.17524 18.2617
9266 19473 1.17768 18.2783
9237 19473 1.18012 18.295
9205 19473 1.18257 18.3117
9182 19473 1.18501 18.3283
9155 19473 1.18745 18.345
9121 19473 1.1899 18.3617
9094 19473 1.19234 18.3783
9061 19473 1.19478 18.395
9034 19473 1.19723 18.4117
9006 19473 1.19967 18.4284
8974 19473 1.20211 18.445
8942 19473 1.20456 18.4617
8908 19473 1.207 18.4784
8880 19473 1.20944 18.495
8847 19473 1.21188 18.5117
8813 19473 1.21433 18.5284
8785 19473 1.21677 18.545
8757 19473 1.21921 18.5617
8725 19473 1.22166 18.5784
8691 19473 1.2241 18.5951
8664 19473 1.22654 18.6117
8631 19473 1.22899 18.6284
8602 19473 1.23143 18.6451
8572 19473 1.23387 18.6617
8547 19473 1.23632 18.6784
8513 19473 1.23876 18.6951
8483 19473 1.2412 18.7117
8449 19473 1.24365 18.7284
8418 19473 1.24609 18.7451
8388 19473 1.24853 18.7618
8359 19473 1.25098 18.7784
8331 19473 1.25342 18.7951
8296 19473 1.25586 18.8118
8265 19473 1.25831 18.8284
8239 19473 1.26075 18.8451
8203 19473 1.26319 18.8618
8176 19473 1.26564 18.8784
8143 19473 1.26808 18.8951
8114 19473 1.27052 18.9118
8082 19473 1.27297 18.9285
8050 19473 1.27541 18.9451
8020 19473 1.27785 18.9618
7993 19473 1.2803 18.9785
7963 19473 1.28274 18.9951
7934 19473 1.28518 19.0118
7901 19473 1.28763 19.0285
7876 19473 1.29007 19.0452
7850 19473 1.29251 19.0618
7817 19473 1.29496 19.0785
7788 19473 1.2974 19.0952
7758 19473 1.29984 19.1118
7731 19473 1.30229 19.1285
7693 19473 1.30473 19.1452
7671 19473 1.30717 19.1618
7634 19473 1.30962 19.1785
7605 19473 1.31206 19.1952
7579 19473 1.3145 19.2119
7554 19473 1.31695 19.2285
7525 19473 1.31939 19.2452
7490 19473 1.32183 19.2619
7461 19473 1.32428 19.2785
7432 19473 1.32672 19.2952
7403 19473 1.32916 19.3119
7375 19473 1.33161 19.3285
7344 19473 1.33405 19.3452
7312 19473 1.33649 19.3619
7277 19473 1.33894 19.3786
7252 19473 1.34138 19.3952
7224 19473 1.34382 19.4119
7195 19473 1.34627 19.4286
7165 19473 1.34871 19.4452
7140 19473 1.35115 19.4619
7100 19473 1.3536 19.4786
7073 19473 1.35604 19.4952
7048 19473 1.35848 19.5119
7017 19473 1.36093 19.5286
6981 19473 1.36337 19.5453
6955 19473 1.36581 19.5619
6930 19473 1.36826 19.5786
6901 19473 1.3707 19.5953
6869 19473 1.37314 19.6119
6839 19473 1.37559 19.6286
6813 19473 1.37803 19.6453
6783 19473 1.38047 19.6619
6752 19473 1.38292 19.6786
6722 19473 1.38536 19.6953
6700 19473 1.3878 19.712
6664 19473 1.39025 19.7286
6645 19473 1.39269 19.7453
6612 19473 1.39513 19.762
6588 19473 1.39758 19.7786
6558 19473 1.40002 19.7953
6532 19473 1.40246 19.812
6503 19473 1.40491 19.8287
6473 19473 1.40735 19.8453
6448 19473 1.40979 19.862
6421 19473 1.41224 19.8787
6395 19473 1.41468 19.8953
6366 19473 1.41712 19.912
6335 19473 1.41957 19.9287
6307 19473 1.42201 19.9453
6275 19473 1.42445 19.962
6248 19473 1.4269 19.9787
6225 19473 1.42934 19.9954
6187 19473 1.43178 20.012
6161 19473 1.43423 20.0287
6137 19473 1.43667 20.0454
6106 19473 1.43911 20.062
6081 19473 1.44156 20.0787
6055 19473 1.444 20.0954
6025 19473 1.44644 20.112
5996 19473 1.44889 20.1287
5973 19473 1.45133 20.1454
5941 19473 1.45377 20.1621
5916 19473 1.45622 20.1787
5888 19473 1.45866 20.1954
5863 19473 1.4611 20.2121
5835 19473 1.46355 20.2287
5811 19473 1.46599 20.2454
5781 19473 1.46843 20.2621
5757 19473 1.47088 20.2787
5731 19473 1.47332 20.2954
5704 19473 1.47576 20.3121
5676 19473 1.47821 20.3288
5651 19473 1.48065 20.3454
5629 19473 1.48309 20.3621
5599 19473 1.48554 20.3788
5572 19473 1.48798 20.3954
5550 19473 1.49042 20.4121
5522 19473 1.49287 20.4288
5497 19473 1.49531 20.4454
5469 19473 1.49775 20.4621
5446 19473 1.5002 20.4788
5420 19473 1.50264 20.4955
5393 19473 1.50508 20.5121
5362 19473 1.50753 20.5288
5340 19473 1.50997 20.5455
5313 19473 1.51241 20.5621
5291 19473 1.51486 20.5788
5268 19473 1.5173 20.5955
5237 19473 1.51974 20.6122
5215 19473 1.52219 20.6288
5191 19473 1.52463 20.6455
5165 19473 1.52707 20.6622
5132 19473 1.52952 20.6788
5116 19473 1.53196 20.6955
5087 19473 1.5344 20.7122
5062 19473 1.53685 20.7288
5034 19473 1.53929 20.7455
5017 19473 1.54173 20.7622
4993 19473 1.54418 20.7789
4970 19473 1.54662 20.7955
4934 19473 1.54906 20.8122
4922 19473 1.55151 20.8289
4892 19473 1.55395 20.8455
4864 19473 1.55639 20.8622
4842 19473 1.55884 20.8789
4816 19473 1.56128 20.8955
4794 19473 1.56372 20.9122
4767 19473 1.56617 20.9289
4745 19473 1.56861 20.9456
4723 19473 1.57105 20.9622
4695 19473 1.5735 20.9789
4673 19473 1.57594 20.9956
4650 19473 1.57838 21.0122
4625 19473 1.58083 21.0289
4603 19473 1.58327 21.0456
4574 19473 1.58571 21.0622
4554 19473 1.58816 21.0789
4531 19473 1.5906 21.0956
4509 19473 1.59304 21.1123
4486 19473 1.59549 21.1289
4458 19473 1.59793 21.1456
4438 19473 1.60037 21.1623
4414 19473 1.60282 21.1789
4389 19473 1.60526 21.1956
4364 19473 1.6077 21.2123
4345 19473 1.61015 21.229
4320 19473 1.61259 21.2456
4295 19473 1.61503 21.2623
4269 19473 1.61748 21.279
4252 19473 1.61992 21.2956
4223 19473 1.62236 21.3123
4200 19473 1.6248 21.329
4178 19473 1.62725 21.3456
4155 19473 1.62969 21.3623
4128 19473 1.63213 21.379
4103 19473 1.63458 21.3957
4081 19473 1.63702 21.4123
4047 19473 1.63946 21.429
4027 19473 1.64191 21.4457
3994 19473 1.64435 21.4623
3977 19473 1.64679 21.479
3953 19473 1.64924 21.4957
3929 19473 1.65168 21.5123
3905 19473 1.65412 21.529
3883 19473 1.65657 21.5457
3864 19473 1.65901 21.5624
3834 19473 1.66145 21.579
3809 19473 1.6639 21.5957
3781 19473 1.66634 21.6124
3758 19473 1.66878 21.629
3741 19473 1.67123 21.6457
3718 19473 1.67367 21.6624
3696 19473 1.67611 21.679
3670 19473 1.67856 21.6957
3643 19473 1.681 21.7124
3626 19473 1.68344 21.7291
3604 19473 1.68589 21.7457
3580 19473 1.68833 21.7624
3555 19473 1.69077 21.7791
3535 19473 1.69322 21.7957
3513 19473 1.69566 21.8124
3493 19473 1.6981 21.8291
3472 19473 1.70055 21.8457
3449 19473 1.70299 21.8624
3426 19473 1.70543 21.8791
3407 19473 1.70788 21.8958
3386 19473 1.71032 21.9124
3360 19473 1.71276 21.9291
3342 19473 1.71521 21.9458
3317 19473 1.71765 21.9624
3293 19473 1.72009 21.9791
3273 19473 1.72254 21.9958
3254 19473 1.72498 22.0125
3232 19473 1.72742 22.0291
3217 19473 1.72987 22.0458
3192 19473 1.73231 22.0625
3171 19473 1.73475 22.0791
3153 19473 1.7372 22.0958
3132 19473 1.73964 22.1125
3109 19473 1.74208 22.1291
3089 19473 1.74453 22.1458
3073 19473 1.74697 22.1625
3058 19473 1.74941 22.1792
3039 19473 1.75186 22.1958
3014 19473 1.7543 22.2125
2995 19473 1.75674 22.2292
2980 19473 1.75919 22.2458
2960 19473 1.76163 22.2625
2945 19473 1.76407 22.2792
2926 19473 1.76652 22.2958
2911 19473 1.76896 22.3125
2890 19473 1.7714 22.3292
2875 19473 1.77385 22.3459
2858 19473 1.77629 22.3625
2840 19473 1.77873 22.3792
2816 19473 1.78118 22.3959
2805 19473 1.78362 22.4125
2795 19473 1.78606 22.4292
2777 19473 1.78851 22.4459
2760 19473 1.79095 22.4625
2744 19473 1.79339 22.4792
2724 19473 1.79584 22.4959
2710 19473 1.79828 22.5126
2689 19473 1.80072 22.5292
2678 19473 1.80317 22.5459
2662 19473 1.80561 22.5626
2646 19473 1.80805 22.5792
2631 19473 1.8105 22.5959
2616 19473 1.81294 22.6126
2599 19473 1.81538 22.6292
2584 19473 1.81783 22.6459
2567 19473 1.82027 22.6626
2553 19473 1.82271 22.6793
2540 19473 1.82516 22.6959
2528 19473 1.8276 22.7126
2509 19473 1.83004 22.7293
2500 19473 1.83249 22.7459
2485 19473 1.83493 22.7626
2473 19473 1.83737 22.7793
2455 19473 1.83982 22.796
2441 19473 1.84226 22.8126
2430 19473 1.8447 22.8293
2415 19473 1.84715 22.846
2398 19473 1.84959 22.8626
2389 19473 1.85203 22.8793
2377 19473 1.85448 22.896
2361 19473 1.85692 22.9126
2349 19473 1.85936 22.9293
2336 19473 1.86181 22.946
2320 19473 1.86425 22.9627
2305 19473 1.86669 22.9793
2291 19473 1.86914 22.996
2279 19473 1.87158 23.0127
2267 19473 1.87402 23.0293
2253 19473 1.87647 23.046
2240 19473 1.87891 23.0627
2229 19473 1.88135 23.0793
2218 19473 1.8838 23.096
2208 19473 1.88624 23.1127
2190 19473 1.88868 23.1294
2182 19473 1.89113 23.146
2162 19473 1.89357 23.1627
2149 19473 1.89601 23.1794
2136 19473 1.89846 23.196
2128 19473 1.9009 23.2127
2115 19473 1.90334 23.2294
2101 19473 1.90579 23.246
2091 19473 1.90823 23.2627
2080 19473 1.91067 23.2794
2065 19473 1.91312 23.2961
2056 19473 1.91556 23.3127
2043 19473 1.918 23.3294
2029 19473 1.92045 23.3461
2019 19473 1.92289 23.3627
2012 19473 1.92533 23.3794
1996 19473 1.92778 23.3961
1987 19473 1.93022 23.4128
1975 19473 1.93266 23.4294
1966 19473 1.93511 23.4461
1955 19473 1.93755 23.4628
1942 19473 1.93999 23.4794
1932 19473 1.94244 23.4961
1921 19473 1.94488 23.5128
1909 19473 1.94732 23.5294
1901 19473 1.94977 23.5461
1891 19473 1.95221 23.5628
1877 19473 1.95465 23.5795
1868 19473 1.9571 23.5961
1861 19473 1.95954 23.6128
1850 19473 1.96198 23.6295
1839 19473 1.96443 23.6461
1827 19473 1.96687 23.6628
1817 19473 1.96931 23.6795
1806 19473 1.97176 23.6961
1796 19473 1.9742 23.7128
1784 19473 1.97664 23.7295
1777 19473 1.97909 23.7462
1765 19473 1.98153 23.7628
1754 19473 1.98397 23.7795
1747 19473 1.98642 23.7962
1737 19473 1.98886 23.8128
1729 19473 1.9913 23.8295
1717 19473 1.99375 23.8462
1708 19473 1.99619 23.8628
1694 19473 1.99863 23.8795
1687 19473 2.00108 23.8962
1679 19473 2.00352 23.9129
1669 19473 2.00596 23.9295
1660 19473 2.00841 23.9462
1649 19473 2.01085 23.9629
1639 19473 2.01329 23.9795
1634 19473 2.01574 23.9962
1623 19473 2.01818 24.0129
1613 19473 2.02062 24.0295
1602 19473 2.02307 24.0462
1595 19473 2.02551 24.0629
1583 19473 2.02795 24.0796
1574 19473 2.0304 24.0962
1568 19473 2.03284 24.1129
1562 19473 2.03528 24.1296
1552 19473 2.03772 24.1462
1545 19473 2.04017 24.1629
1535 19473 2.04261 24.1796
1527 19473 2.04505 24.1963
1516 19473 2.0475 24.2129
1510 19473 2.04994 24.2296
1504 19473 2.05238 24.2463
1496 19473 2.05483 24.2629
1487 19473 2.05727 24.2796
1479 19473 2.05971 24.2963
1471 19473 2.06216 24.3129
1467 19473 2.0646 24.3296
1456 19473 2.06704 24.3463
1450 19473 2.06949 24.363
1446 19473 2.07193 24.3796
1435 19473 2.07437 24.3963
1429 19473 2.07682 24.413
1422 19473 2.07926 24.4296
1416 19473 2.0817 24.4463
1407 19473 2.08415 24.463
1398 19473 2.08659 24.4796
1393 19473 2.08903 24.4963
1385 19473 2.09148 24.513
1377 19473 2.09392 24.5297
1371 19473 2.09636 24.5463
1365 19473 2.09881 24.563
1358 19473 2.10125 24.5797
1352 19473 2.10369 24.5963
1345 19473 2.10614 24.613
1338 19473 2.10858 24.6297
1331 19473 2.11102 24.6463
1323 19473 2.11347 24.663
1313 19473 2.11591 24.6797
1308 19473 2.11835 24.6964
1299 19473 2.1208 24.713
1295 19473 2.12324 24.7297
1285 19473 2.12568 24.7464
1277 19473 2.12813 24.763
1271 19473 2.13057 24.7797
1264 19473 2.13301 24.7964
1262 19473 2.13546 24.813
1251 19473 2.1379 24.8297
1244 19473 2.14034 24.8464
1238 19473 2.14279 24.8631
1232 19473 2.14523 24.8797
1226 19473 2.14767 24.8964
1217 19473 2.15012 24.9131
1211 19473 2.15256 24.9297
1205 19473 2.155 24.9464
1196 19473 2.15745 24.9631
1193 19473 2.15989 24.9798
1187 19473 2.16233 24.9964
1179 19473 2.16478 25.0131
1174 19473 2.16722 25.0298
1167 19473 2.16966 25.0464
1159 19473 2.17211 25.0631
1152 19473 2.17455 25.0798
1146 19473 2.17699 25.0964
1140 19473 2.17944 25.1131
1131 19473 2.18188 25.1298
1127 19473 2.18432 25.1465
1122 19473 2.18677 25.1631
1114 19473 2.18921 25.1798
1110 19473 2.19165 25.1965
1101 19473 2.1941 25.2131
1095 19473 2.19654 25.2298
1090 19473 2.19898 25.2465
1085 19473 2.20143 25.2631
1078 19473 2.20387 25.2798
1072 19473 2.20631 25.2965
1066 19473 2.20876 25.3132
1059 19473 2.2112 25.3298
1053 19473 2.21364 25.3465
1046 19473 2.21609 25.3632
1042 19473 2.21853 25.3798
1035 19473 2.22097 25.3965
1031 19473 2.22342 25.4132
1026 19473 2.22586 25.4298
1022 19473 2.2283 25.4465
1013 19473 2.23075 25.4632
1010 19473 2.23319 25.4799
1006 19473 2.23563 25.4965
998 19473 2.23808 25.5132
994 19473 2.24052 25.5299
985 19473 2.24296 25.5465
979 19473 2.24541 25.5632
974 19473 2.24785 25.5799
970 19473 2.25029 25.5965
962 19473 2.25274 25.6132
958 19473 2.25518 25.6299
953 19473 2.25762 25.6466
947 19473 2.26007 25.6632
941 19473 2.26251 25.6799
937 19473 2.26495 25.6966
932 19473 2.2674 25.7132
924 19473 2.26984 25.7299
921 19473 2.27228 25.7466
913 19473 2.27473 25.7633
908 19473 2.27717 25.7799
902 19473 2.27961 25.7966
896 19473 2.28206 25.8133
892 19473 2.2845 25.8299
887 19473 2.28694 25.8466
883 19473 2.28939 25.8633
876 19473 2.29183 25.8799
873 19473 2.29427 25.8966
868 19473 2.29672 25.9133
862 19473 2.29916 25.93
859 19473 2.3016 25.9466
854 19473 2.30405 25.9633
849 19473 2.30649 25.98
843 19473 2.30893 25.9966
838 19473 2.31138 26.0133
833 19473 2.31382 26.03
828 19473 2.31626 26.0466
822 19473 2.31871 26.0633
820 19473 2.32115 26.08
813 19473 2.32359 26.0967
809 19473 2.32604 26.1133
803 19473 2.32848 26.13
802 19473 2.33092 26.1467
797 19473 2.33337 26.1633
792 19473 2.33581 26.18
788 19473 2.33825 26.1967
785 19473 2.3407 26.2133
780 19473 2.34314 26.23
774 19473 2.34558 26.2467
771 19473 2.34803 26.2634
765 19473 2.35047 26.28
763 19473 2.35291 26.2967
758 19473 2.35536 26.3134
755 19473 2.3578 26.33
748 19473 2.36024 26.3467
742 19473 2.36269 26.3634
739 19473 2.36513 26.3801
734 19473 2.36757 26.3967
731 19473 2.37002 26.4134
728 19473 2.37246 26.4301
723 19473 2.3749 26.4467
721 19473 2.37735 26.4634
715 19473 2.37979 26.4801
713 19473 2.38223 26.4967
709 19473 2.38468 26.5134
704 19473 2.38712 26.5301
700 19473 2.38956 26.5468
695 19473 2.39201 26.5634
692 19473 2.39445 26.5801
689 19473 2.39689 26.5968
685 19473 2.39934 26.6134
681 19473 2.40178 26.6301
677 19473 2.40422 26.6468
675 19473 2.40667 26.6634
668 19473 2.40911 26.6801
666 19473 2.41155 26.6968
662 19473 2.414 26.7135
658 19473 2.41644 26.7301
657 19473 2.41888 26.7468
652 19473 2.42133 26.7635
648 19473 2.42377 26.7801
643 19473 2.42621 26.7968
641 19473 2.42866 26.8135
638 19473 2.4311 26.8301
634 19473 2.43354 26.8468
627 19473 2.43599 26.8635
625 19473 2.43843 26.8802
621 19473 2.44087 26.8968
619 19473 2.44332 26.9135
614 19473 2.44576 26.9302
608 19473 2.4482 26.9468
607 19473 2.45064 26.9635
603 19473 2.45309 26.9802
599 19473 2.45553 26.9968
592 19473 2.45797 27.0135
591 19473 2.46042 27.0302
588 19473 2.46286 27.0469
585 19473 2.4653 27.0635
581 19473 2.46775 27.0802
577 19473 2.47019 27.0969
574 19473 2.47263 27.1135
568 19473 2.47508 27.1302
565 19473 2.47752 27.1469
562 19473 2.47996 27.1636
559 19473 2.48241 27.1802
555 19473 2.48485 27.1969
553 19473 2.48729 27.2136
549 19473 2.48974 27.2302
546 19473 2.49218 27.2469
542 19473 2.49462 27.2636
538 19473 2.49707 27.2802
536 19473 2.49951 27.2969
534 19473 2.50195 27.3136
530 19473 2.5044 27.3303
526 19473 2.50684 27.3469
524 19473 2.50928 27.3636
519 19473 2.51173 27.3803
518 19473 2.51417 27.3969
515 19473 2.51661 27.4136
509 19473 2.51906 27.4303
505 19473 2.5215 27.4469
501 19473 2.52394 27.4636
500 19473 2.52639 27.4803
498 19473 2.52883 27.497
496 19473 2.53127 27.5136
492 19473 2.53372 27.5303
488 19473 2.53616 27.547
485 19473 2.5386 27.5636
480 19473 2.54105 27.5803
477 19473 2.54349 27.597
473 19473 2.54593 27.6136
472 19473 2.54838 27.6303
468 19473 2.55082 27.647
465 19473 2.55326 27.6637
461 19473 2.55571 27.6803
456 19473 2.55815 27.697
454 19473 2.56059 27.7137
451 19473 2.56304 27.7303
450 19473 2.56548 27.747
443 19473 2.56792 27.7637
439 19473 2.57037 27.7803
438 19473 2.57281 27.797
433 19473 2.57525 27.8137
429 19473 2.5777 27.8304
424 19473 2.58014 27.847
423 19473 2.58258 27.8637
420 19473 2.58503 27.8804
418 19473 2.58747 27.897
412 19473 2.58991 27.9137
410 19473 2.59236 27.9304
410 19473 2.5948 27.9471
408 19473 2.59724 27.9637
404 19473 2.59969 27.9804
399 19473 2.60213 27.9971
398 19473 2.60457 28.0137
397 19473 2.60702 28.0304
390 19473 2.60946 28.0471
385 19473 2.6119 28.0637
382 19473 2.61435 28.0804
380 19473 2.61679 28.0971
378 19473 2.61923 28.1138
374 19473 2.62168 28.1304
374 19473 2.62412 28.1471
365 19473 2.62656 28.1638
365 19473 2.62901 28.1804
363 19473 2.63145 28.1971
360 19473 2.63389 28.2138
358 19473 2.63634 28.2304
355 19473 2.63878 28.2471
350 19473 2.64122 28.2638
347 19473 2.64367 28.2805
344 19473 2.64611 28.2971
341 19473 2.64855 28.3138
336 19473 2.651 28.3305
334 19473 2.65344 28.3471
332 19473 2.65588 28.3638
328 19473 2.65833 28.3805
323 19473 2.66077 28.3971
323 19473 2.66321 28.4138
320 19473 2.66566 28.4305
319 19473 2.6681 28.4472
316 19473 2.67054 28.4638
312 19473 2.67299 28.4805
311 19473 2.67543 28.4972
307 19473 2.67787 28.5138
305 19473 2.68032 28.5305
301 19473 2.68276 28.5472
298 19473 2.6852 28.5639
298 19473 2.68765 28.5805
291 19473 2.69009 28.5972
289 19473 2.69253 28.6139
288 19473 2.69498 28.6305
286 19473 2.69742 28.6472
284 19473 2.69986 28.6639
282 19473 2.70231 28.6805
279 19473 2.70475 28.6972
276 19473 2.70719 28.7139
274 19473 2.70964 28.7306
272 19473 2.71208 28.7472
268 19473 2.71452 28.7639
267 19473 2.71697 28.7806
266 19473 2.71941 28.7972
262 19473 2.72185 28.8139
260 19473 2.7243 28.8306
256 19473 2.72674 28.8472
253 19473 2.72918 28.8639
250 19473 2.73163 28.8806
250 19473 2.73407 28.8973
246 19473 2.73651 28.9139
242 19473 2.73896 28.9306
241 19473 2.7414 28.9473
236 19473 2.74384 28.9639
234 19473 2.74629 28.9806
230 19473 2.74873 28.9973
230 19473 2.75117 29.0139
227 19473 2.75362 29.0306
225 19473 2.75606 29.0473
223 19473 2.7585 29.064
221 19473 2.76095 29.0806
220 19473 2.76339 29.0973
217 19473 2.76583 29.114
213 19473 2.76828 29.1306
208 19473 2.77072 29.1473
206 19473 2.77316 29.164
205 19473 2.77561 29.1806
202 19473 2.77805 29.1973
195 19473 2.78049 29.214
194 19473 2.78294 29.2307
191 19473 2.78538 29.2473
188 19473 2.78782 29.264
184 19473 2.79027 29.2807
177 19473 2.79271 29.2973
176 19473 2.79515 29.314
175 19473 2.7976 29.3307
171 19473 2.80004 29.3474
169 19473 2.80248 29.364
164 19473 2.80493 29.3807
162 19473 2.80737 29.3974
161 19473 2.80981 29.414
157 19473 2.81226 29.4307
155 19473 2.8147 29.4474
152 19473 2.81714 29.464
152 19473 2.81959 29.4807
144 19473 2.82203 29.4974
140 19473 2.82447 29.5141
137 19473 2.82692 29.5307
134 19473 2.82936 29.5474
133 19473 2.8318 29.5641
128 19473 2.83425 29.5807
123 19473 2.83669 29.5974
119 19473 2.83913 29.6141
116 19473 2.84158 29.6307
112 19473 2.84402 29.6474
109 19473 2.84646 29.6641
102 19473 2.84891 29.6808
99 19473 2.85135 29.6974
97 19473 2.85379 29.7141
93 19473 2.85624 29.7308
89 19473 2.85868 29.7474
86 19473 2.86112 29.7641
83 19473 2.86356 29.7808
78 19473 2.86601 29.7974
74 19473 2.86845 29.8141
71 19473 2.87089 29.8308
68 19473 2.87334 29.8475
62 19473 2.87578 29.8641
61 19473 2.87822 29.8808
57 19473 2.88067 29.8975
52 19473 2.88311 29.9141
46 19473 2.88555 29.9308
41 19473 2.888 29.9475
40 19473 2.89044 29.9641
37 19473 2.89288 29.9808
31 19473 2.89533 29.9975
26 19473 2.89777 30.0142
21 19473 2.90021 30.0308
19 19473 2.90266 30.0475
17 19473 2.9051 30.0642
13 19473 2.90754 30.0808
10 19473 2.90999 30.0975
7 19473 2.91243 30.1142
6 19473 2.91487 30.1309
4 19473 2.91732 30.1475
3 19473 2.91976 30.1642
3 19473 2.9222 30.1809
2 19473 2.92465 30.1975
1 19473 2.92709 30.2142
1 19473 2.92953 30.2309
1 19473 2.93198 30.2475
1 19473 2.93442 30.2642
0 19473 2.93686 30.2809
0 19473 2.93931 30.2976
0 19473 2.94175 30.3142
0 19473 2.94419 30.3309
0 19473 2.94664 30.3476
0 19473 2.94908 30.3642
0 19473 2.95152 30.3809
0 19473 2.95397 30.3976
0 19473 2.95641 30.4142
0 19473 2.95885 30.4309
0 19473 2.9613 30.4476
0 19473 2.96374 30.4643
0 19473 2.96618 30.4809
0 19473 2.96863 30.4976
0 19473 2.97107 30.5143
0 19473 2.97351 30.5309
0 19473 2.97596 30.5476
0 19473 2.9784 30.5643
0 19473 2.98084 30.5809
0 19473 2.98329 30.5976
0 19473 2.98573 30.6143
0 19473 2.98817 30.631
0 19473 2.99062 30.6476
0 19473 2.99306 30.6643
0 19473 2.9955 30.681
0 19473 2.99795 30.6976
