22633 22619 0.00244333 0.0137177
22622 22619 0.00244333 0.0303879
22610 22619 0.00244333 0.0470581
22603 22619 0.00244333 0.0637283
22598 22619 0.00244333 0.0803986
22585 22619 0.00244333 0.0970688
22572 22619 0.00244333 0.113739
22564 22619 0.00244333 0.130409
22554 22619 0.00244333 0.147079
22549 22619 0.00244333 0.16375
22536 22619 0.00244333 0.18042
22520 22619 0.00244333 0.19709
22513 22619 0.00244333 0.21376
22504 22619 0.00244333 0.230431
22491 22619 0.00244333 0.247101
22484 22619 0.00244333 0.263771
22468 22619 0.00244333 0.280441
22461 22619 0.00244333 0.297112
22452 22619 0.00244333 0.313782
22439 22619 0.00244333 0.330452
22430 22619 0.00244333 0.347122
22421 22619 0.00244333 0.363792
22412 22619 0.00244333 0.380463
22391 22619 0.00244333 0.397133
22382 22619 0.00244333 0.413803
22376 22619 0.00244333 0.430473
22364 22619 0.00244333 0.447144
22356 22619 0.00244333 0.463814
22348 22619 0.00244333 0.480484
22339 22619 0.00244333 0.497154
22327 22619 0.00244333 0.513824
22316 22619 0.00244333 0.530495
22311 22619 0.00244333 0.547165
22296 22619 0.00244333 0.563835
22289 22619 0.00244333 0.580505
22277 22619 0.00244333 0.597176
22270 22619 0.00244333 0.613846
22261 22619 0.00244333 0.630516
22252 22619 0.00244333 0.647186
22242 22619 0.00244333 0.663857
22235 22619 0.00244333 0.680527
22224 22619 0.00244333 0.697197
22213 22619 0.00244333 0.713867
22201 22619 0.00244333 0.730537
22193 22619 0.00244333 0.747208
22184 22619 0.00244333 0.763878
22174 22619 0.00244333 0.780548
22164 22619 0.00244333 0.797218
22152 22619 0.00244333 0.813889
22150 22619 0.00244333 0.830559
22136 22619 0.00244333 0.847229
22128 22619 0.00244333 0.863899
22119 22619 0.00244333 0.880569
22115 22619 0.00244333 0.89724
22104 22619 0.00244333 0.91391
22098 22619 0.00244333 0.93058
22082 22619 0.00244333 0.94725
22073 22619 0.00244333 0.963921
22062 22619 0.00244333 0.980591
22058 22619 0.00244333 0.997261
22049 22619 0.00244333 1.01393
22039 22619 0.00244333 1.0306
22023 22619 0.00244333 1.04727
22012 22619 0.00244333 1.06394
22005 22619 0.00244333 1.08061
21993 22619 0.00244333 1.09728
21985 22619 0.00244333 1.11395
21973 22619 0.00244333 1.13062
21967 22619 0.00244333 1.14729
21957 22619 0.00244333 1.16396
21951 22619 0.00244333 1.18063
21947 22619 0.00244333 1.1973
21944 22619 0.00244333 1.21397
21930 22619 0.00244333 1.23064
21920 22619 0.00244333 1.24731
21906 22619 0.00244333 1.26398
21901 22619 0.00244333 1.28065
21890 22619 0.00244333 1.29733
21880 22619 0.00244333 1.314
21871 22619 0.00244333 1.33067
21864 22619 0.00244333 1.34734
21853 22619 0.00244333 1.36401
21845 22619 0.00244333 1.38068
21835 22619 0.00244333 1.39735
21827 22619 0.00244333 1.41402
21820 22619 0.00244333 1.43069
21811 22619 0.00244333 1.44736
21801 22619 0.00244333 1.46403
21785 22619 0.00244333 1.4807
21777 22619 0.00244333 1.49737
21767 22619 0.00244333 1.51404
21760 22619 0.00244333 1.53071
21744 22619 0.00244333 1.54738
21737 22619 0.00244333 1.56405
21728 22619 0.00244333 1.58072
21719 22619 0.00244333 1.59739
21712 22619 0.00244333 1.61406
21700 22619 0.00244333 1.63073
21686 22619 0.00244333 1.6474
21679 22619 0.00244333 1.66407
21672 22619 0.00244333 1.68074
21662 22619 0.00244333 1.69741
21649 22619 0.00244333 1.71408
21639 22619 0.00244333 1.73075
21628 22619 0.00244333 1.74742
21617 22619 0.00244333 1.76409
21603 22619 0.00244333 1.78076
21591 22619 0.00244333 1.79743
21581 22619 0.00244333 1.8141
21569 22619 0.00244333 1.83077
21559 22619 0.00244333 1.84744
21547 22619 0.00244333 1.86411
21535 22619 0.00244333 1.88078
21521 22619 0.00244333 1.89745
21511 22619 0.00244333 1.91412
21503 22619 0.00244333 1.93079
21496 22619 0.00244333 1.94746
21481 22619 0.00244333 1.96413
21475 22619 0.00244333 1.9808
21469 22619 0.00244333 1.99747
21459 22619 0.00244333 2.01414
21448 22619 0.00244333 2.03082
21444 22619 0.00244333 2.04749
21436 22619 0.00244333 2.06416
21423 22619 0.00244333 2.08083
21415 22619 0.00244333 2.0975
21409 22619 0.00244333 2.11417
21397 22619 0.00244333 2.13084
21384 22619 0.00244333 2.14751
21378 22619 0.00244333 2.16418
21371 22619 0.00244333 2.18085
21364 22619 0.00244333 2.19752
21356 22619 0.00244333 2.21419
21341 22619 0.00244333 2.23086
21332 22619 0.00244333 2.24753
21322 22619 0.00244333 2.2642
21314 22619 0.00244333 2.28087
21308 22619 0.00244333 2.29754
21293 22619 0.00244333 2.31421
21283 22619 0.00244333 2.33088
21275 22619 0.00244333 2.34755
21267 22619 0.00244333 2.36422
21254 22619 0.00244333 2.38089
21244 22619 0.00244333 2.39756
21236 22619 0.00244333 2.41423
21222 22619 0.00244333 2.4309
21213 22619 0.00244333 2.44757
21204 22619 0.00244333 2.46424
21194 22619 0.00244333 2.48091
21184 22619 0.00244333 2.49758
21177 22619 0.00244333 2.51425
21165 22619 0.00244333 2.53092
21151 22619 0.00244333 2.54759
21138 22619 0.00244333 2.56426
21133 22619 0.00244333 2.58093
21122 22619 0.00244333 2.5976
21110 22619 0.00244333 2.61427
21104 22619 0.00244333 2.63094
21092 22619 0.00244333 2.64761
21078 22619 0.00244333 2.66428
21073 22619 0.00244333 2.68095
21059 22619 0.00244333 2.69762
21051 22619 0.00244333 2.71429
21042 22619 0.00244333 2.73096
21033 22619 0.00244333 2.74763
21030 22619 0.00244333 2.76431
21022 22619 0.00244333 2.78098
21013 22619 0.00244333 2.79765
21005 22619 0.00244333 2.81432
20996 22619 0.00244333 2.83099
20993 22619 0.00244333 2.84766
20985 22619 0.00244333 2.86433
20978 22619 0.00244333 2.881
20974 22619 0.00244333 2.89767
20964 22619 0.00244333 2.91434
20953 22619 0.00244333 2.93101
20949 22619 0.00244333 2.94768
20944 22619 0.00244333 2.96435
20936 22619 0.00244333 2.98102
20930 22619 0.00244333 2.99769
20925 22619 0.00244333 3.01436
20922 22619 0.00244333 3.03103
20918 22619 0.00244333 3.0477
20912 22619 0.00244333 3.06437
20907 22619 0.00244333 3.08104
20901 22619 0.00244333 3.09771
20894 22619 0.00244333 3.11438
20886 22619 0.00244333 3.13105
20878 22619 0.00244333 3.14772
20872 22619 0.00244333 3.16439
20862 22619 0.00244333 3.18106
20857 22619 0.00244333 3.19773
20851 22619 0.00244333 3.2144
20845 22619 0.00244333 3.23107
20838 22619 0.00244333 3.24774
20831 22619 0.00244333 3.26441
20829 22619 0.00244333 3.28108
20823 22619 0.00244333 3.29775
20816 22619 0.00244333 3.31442
20812 22619 0.00244333 3.33109
20808 22619 0.00244333 3.34776
20803 22619 0.00244333 3.36443
20797 22619 0.00244333 3.3811
20796 22619 0.00244333 3.39777
20792 22619 0.00244333 3.41444
20787 22619 0.00244333 3.43111
20781 22619 0.00244333 3.44778
20779 22619 0.00244333 3.46445
20776 22619 0.00244333 3.48112
20776 22619 0.00244333 3.4978
20774 22619 0.00244333 3.51447
20769 22619 0.00244333 3.53114
20761 22619 0.00244333 3.54781
20755 22619 0.00244333 3.56448
20751 22619 0.00244333 3.58115
20746 22619 0.00244333 3.59782
20743 22619 0.00244333 3.61449
20740 22619 0.00244333 3.63116
20733 22619 0.00244333 3.64783
20730 22619 0.00244333 3.6645
20730 22619 0.00244333 3.68117
20724 22619 0.00244333 3.69784
20720 22619 0.00244333 3.71451
20718 22619 0.00244333 3.73118
20711 22619 0.00244333 3.74785
20707 22619 0.00244333 3.76452
20705 22619 0.00244333 3.78119
20697 22619 0.00244333 3.79786
20695 22619 0.00244333 3.81453
20691 22619 0.00244333 3.8312
20688 22619 0.00244333 3.84787
20685 22619 0.00244333 3.86454
20683 22619 0.00244333 3.88121
20681 22619 0.00244333 3.89788
20679 22619 0.00244333 3.91455
20673 22619 0.00244333 3.93122
20672 22619 0.00244333 3.94789
20667 22619 0.00244333 3.96456
20664 22619 0.00244333 3.98123
20658 22619 0.00244333 3.9979
20657 22619 0.00244333 4.01457
20652 22619 0.00244333 4.03124
20648 22619 0.00244333 4.04791
20645 22619 0.00244333 4.06458
20639 22619 0.00244333 4.08125
20632 22619 0.00244333 4.09792
20627 22619 0.00244333 4.11459
20625 22619 0.00244333 4.13126
20622 22619 0.00244333 4.14793
20621 22619 0.00244333 4.1646
20618 22619 0.00244333 4.18127
20618 22619 0.00244333 4.19794
20617 22619 0.00244333 4.21461
20617 22619 0.00244333 4.23129
20612 22619 0.00244333 4.24796
20610 22619 0.00244333 4.26463
20608 22619 0.00244333 4.2813
20604 22619 0.00244333 4.29797
20603 22619 0.00244333 4.31464
20602 22619 0.00244333 4.33131
20600 22619 0.00244333 4.34798
20597 22619 0.00244333 4.36465
20594 22619 0.00244333 4.38132
20593 22619 0.00244333 4.39799
20590 22619 0.00244333 4.41466
20589 22619 0.00244333 4.43133
20585 22619 0.00244333 4.448
20582 22619 0.00244333 4.46467
20580 22619 0.00244333 4.48134
20577 22619 0.00244333 4.49801
20573 22619 0.00244333 4.51468
20572 22619 0.00244333 4.53135
20566 22619 0.00244333 4.54802
20563 22619 0.00244333 4.56469
20559 22619 0.00244333 4.58136
20552 22619 0.00244333 4.59803
20549 22619 0.00244333 4.6147
20548 22619 0.00244333 4.63137
20545 22619 0.00244333 4.64804
20542 22619 0.00244333 4.66471
20541 22619 0.00244333 4.68138
20540 22619 0.00244333 4.69805
20539 22619 0.00244333 4.71472
20536 22619 0.00244333 4.73139
20530 22619 0.00244333 4.74806
20530 22619 0.00244333 4.76473
20530 22619 0.00244333 4.7814
20528 22619 0.00244333 4.79807
20524 22619 0.00244333 4.81474
20522 22619 0.00244333 4.83141
20520 22619 0.00244333 4.84808
20518 22619 0.00244333 4.86475
20514 22619 0.00244333 4.88142
20511 22619 0.00244333 4.89809
20510 22619 0.00244333 4.91476
20507 22619 0.00244333 4.93143
20504 22619 0.00244333 4.9481
20503 22619 0.00244333 4.96478
20501 22619 0.00244333 4.98145
20492 22619 0.00244333 4.99812
20489 22619 0.00244333 5.01479
20487 22619 0.00244333 5.03146
20481 22619 0.00244333 5.04813
20480 22619 0.00244333 5.0648
20477 22619 0.00244333 5.08147
20471 22619 0.00244333 5.09814
20468 22619 0.00244333 5.11481
20465 22619 0.00244333 5.13148
20462 22619 0.00244333 5.14815
20461 22619 0.00244333 5.16482
20458 22619 0.00244333 5.18149
20458 22619 0.00244333 5.19816
20455 22619 0.00244333 5.21483
20454 22619 0.00244333 5.2315
20452 22619 0.00244333 5.24817
20451 22619 0.00244333 5.26484
20448 22619 0.00244333 5.28151
20445 22619 0.00244333 5.29818
20442 22619 0.00244333 5.31485
20439 22619 0.00244333 5.33152
20437 22619 0.00244333 5.34819
20433 22619 0.00244333 5.36486
20432 22619 0.00244333 5.38153
20431 22619 0.00244333 5.3982
20430 22619 0.00244333 5.41487
20426 22619 0.00244333 5.43154
20426 22619 0.00244333 5.44821
20424 22619 0.00244333 5.46488
20423 22619 0.00244333 5.48155
20417 22619 0.00244333 5.49822
20416 22619 0.00244333 5.51489
20416 22619 0.00244333 5.53156
20414 22619 0.00244333 5.54823
20413 22619 0.00244333 5.5649
20410 22619 0.00244333 5.58157
20404 22619 0.00244333 5.59824
20404 22619 0.00244333 5.61491
20402 22619 0.00244333 5.63158
20398 22619 0.00244333 5.64825
20397 22619 0.00244333 5.66492
20395 22619 0.00244333 5.68159
20393 22619 0.00244333 5.69827
20389 22619 0.00244333 5.71494
20384 22619 0.00244333 5.73161
20383 22619 0.00244333 5.74828
20381 22619 0.00244333 5.76495
20379 22619 0.00244333 5.78162
20373 22619 0.00244333 5.79829
20371 22619 0.00244333 5.81496
20371 22619 0.00244333 5.83163
20368 22619 0.00244333 5.8483
20365 22619 0.00244333 5.86497
20365 22619 0.00244333 5.88164
20364 22619 0.00244333 5.89831
20364 22619 0.00244333 5.91498
20361 22619 0.00244333 5.93165
20357 22619 0.00244333 5.94832
20356 22619 0.00244333 5.96499
20355 22619 0.00244333 5.98166
20354 22619 0.00244333 5.99833
20350 22619 0.00244333 6.015
20350 22619 0.00244333 6.03167
20350 22619 0.00244333 6.04834
20347 22619 0.00244333 6.06501
20343 22619 0.00244333 6.08168
20340 22619 0.00244333 6.09835
20340 22619 0.00244333 6.11502
20336 22619 0.00244333 6.13169
20335 22619 0.00244333 6.14836
20332 22619 0.00244333 6.16503
20330 22619 0.00244333 6.1817
20329 22619 0.00244333 6.19837
20324 22619 0.00244333 6.21504
20322 22619 0.00244333 6.23171
20320 22619 0.00244333 6.24838
20317 22619 0.00244333 6.26505
20315 22619 0.00244333 6.28172
20315 22619 0.00244333 6.29839
20314 22619 0.00244333 6.31506
20312 22619 0.00244333 6.33173
20312 22619 0.00244333 6.3484
20310 22619 0.00244333 6.36507
20305 22619 0.00244333 6.38174
20302 22619 0.00244333 6.39841
20296 22619 0.00244333 6.41508
20294 22619 0.00244333 6.43176
20292 22619 0.00244333 6.44843
20289 22619 0.00244333 6.4651
20286 22619 0.00244333 6.48177
20286 22619 0.00244333 6.49844
20283 22619 0.00244333 6.51511
20283 22619 0.00244333 6.53178
20283 22619 0.00244333 6.54845
20280 22619 0.00244333 6.56512
20278 22619 0.00244333 6.58179
20278 22619 0.00244333 6.59846
20277 22619 0.00244333 6.61513
20273 22619 0.00244333 6.6318
20271 22619 0.00244333 6.64847
20268 22619 0.00244333 6.66514
20266 22619 0.00244333 6.68181
20265 22619 0.00244333 6.69848
20263 22619 0.00244333 6.71515
20263 22619 0.00244333 6.73182
20262 22619 0.00244333 6.74849
20261 22619 0.00244333 6.76516
20258 22619 0.00244333 6.78183
20258 22619 0.00244333 6.7985
20257 22619 0.00244333 6.81517
20255 22619 0.00244333 6.83184
20254 22619 0.00244333 6.84851
20252 22619 0.00244333 6.86518
20251 22619 0.00244333 6.88185
20250 22619 0.00244333 6.89852
20250 22619 0.00244333 6.91519
20249 22619 0.00244333 6.93186
20247 22619 0.00244333 6.94853
20246 22619 0.00244333 6.9652
20245 22619 0.00244333 6.98187
20244 22619 0.00244333 6.99854
20243 22619 0.00244333 7.01521
20241 22619 0.00244333 7.03188
20240 22619 0.00244333 7.04855
20240 22619 0.00244333 7.06522
20238 22619 0.00244333 7.08189
20234 22619 0.00244333 7.09856
20234 22619 0.00244333 7.11523
20233 22619 0.00244333 7.1319
20233 22619 0.00244333 7.14857
20232 22619 0.00244333 7.16525
20231 22619 0.00244333 7.18192
20230 22619 0.00244333 7.19859
20228 22619 0.00244333 7.21526
20228 22619 0.00244333 7.23193
20226 22619 0.00244333 7.2486
20224 22619 0.00244333 7.26527
20224 22619 0.00244333 7.28194
20224 22619 0.00244333 7.29861
20222 22619 0.00244333 7.31528
20222 22619 0.00244333 7.33195
20219 22619 0.00244333 7.34862
20219 22619 0.00244333 7.36529
20215 22619 0.00244333 7.38196
20215 22619 0.00244333 7.39863
20214 22619 0.00244333 7.4153
20212 22619 0.00244333 7.43197
20210 22619 0.00244333 7.44864
20209 22619 0.00244333 7.46531
20208 22619 0.00244333 7.48198
20207 22619 0.00244333 7.49865
20207 22619 0.00244333 7.51532
20204 22619 0.00244333 7.53199
20200 22619 0.00244333 7.54866
20199 22619 0.00244333 7.56533
20199 22619 0.00244333 7.582
20199 22619 0.00244333 7.59867
20197 22619 0.00244333 7.61534
20197 22619 0.00244333 7.63201
20197 22619 0.00244333 7.64868
20194 22619 0.00244333 7.66535
20194 22619 0.00244333 7.68202
20194 22619 0.00244333 7.69869
20194 22619 0.00244333 7.71536
20192 22619 0.00244333 7.73203
20191 22619 0.00244333 7.7487
20190 22619 0.00244333 7.76537
20187 22619 0.00244333 7.78204
20187 22619 0.00244333 7.79871
20186 22619 0.00244333 7.81538
20185 22619 0.00244333 7.83205
20184 22619 0.00244333 7.84872
20182 22619 0.00244333 7.86539
20180 22619 0.00244333 7.88206
20180 22619 0.00244333 7.89874
20179 22619 0.00244333 7.91541
20179 22619 0.00244333 7.93208
20177 22619 0.00244333 7.94875
20177 22619 0.00244333 7.96542
20177 22619 0.00244333 7.98209
20177 22619 0.00244333 7.99876
20176 22619 0.00244333 8.01543
20174 22619 0.00244333 8.0321
20172 22619 0.00244333 8.04877
20172 22619 0.00244333 8.06544
20170 22619 0.00244333 8.08211
20168 22619 0.00244333 8.09878
20167 22619 0.00244333 8.11545
20166 22619 0.00244333 8.13212
20166 22619 0.00244333 8.14879
20166 22619 0.00244333 8.16546
20165 22619 0.00244333 8.18213
20164 22619 0.00244333 8.1988
20164 22619 0.00244333 8.21547
20164 22619 0.00244333 8.23214
20162 22619 0.00244333 8.24881
20162 22619 0.00244333 8.26548
20162 22619 0.00244333 8.28215
20161 22619 0.00244333 8.29882
20160 22619 0.00244333 8.31549
20160 22619 0.00244333 8.33216
20160 22619 0.00244333 8.34883
20160 22619 0.00244333 8.3655
20159 22619 0.00244333 8.38217
20159 22619 0.00244333 8.39884
20158 22619 0.00244333 8.41551
20157 22619 0.00244333 8.43218
20157 22619 0.00244333 8.44885
20156 22619 0.00244333 8.46552
20156 22619 0.00244333 8.48219
20156 22619 0.00244333 8.49886
20156 22619 0.00244333 8.51553
20156 22619 0.00244333 8.5322
20156 22619 0.00244333 8.54887
20155 22619 0.00244333 8.56554
20155 22619 0.00244333 8.58221
20155 22619 0.00244333 8.59888
20153 22619 0.00244333 8.61555
20153 22619 0.00244333 8.63223
20153 22619 0.00244333 8.6489
20153 22619 0.00244333 8.66557
20153 22619 0.00244333 8.68224
20153 22619 0.00244333 8.69891
20153 22619 0.00244333 8.71558
20152 22619 0.00244333 8.73225
20152 22619 0.00244333 8.74892
20151 22619 0.00244333 8.76559
20150 22619 0.00244333 8.78226
20150 22619 0.00244333 8.79893
20149 22619 0.00244333 8.8156
20149 22619 0.00244333 8.83227
20149 22619 0.00244333 8.84894
20148 22619 0.00244333 8.86561
20148 22619 0.00244333 8.88228
20147 22619 0.00244333 8.89895
20147 22619 0.00244333 8.91562
20145 22619 0.00244333 8.93229
20145 22619 0.00244333 8.94896
20144 22619 0.00244333 8.96563
20143 22619 0.00244333 8.9823
20142 22619 0.00244333 8.99897
20141 22619 0.00244333 9.01564
20139 22619 0.00244333 9.03231
20138 22619 0.00244333 9.04898
20138 22619 0.00244333 9.06565
20138 22619 0.00244333 9.08232
20137 22619 0.00244333 9.09899
20137 22619 0.00244333 9.11566
20136 22619 0.00244333 9.13233
20136 22619 0.00244333 9.149
20136 22619 0.00244333 9.16567
20136 22619 0.00244333 9.18234
20136 22619 0.00244333 9.19901
20136 22619 0.00244333 9.21568
20136 22619 0.00244333 9.23235
20136 22619 0.00244333 9.24902
20136 22619 0.00244333 9.26569
20136 22619 0.00244333 9.28236
20136 22619 0.00244333 9.29903
20135 22619 0.00244333 9.3157
20135 22619 0.00244333 9.33237
20135 22619 0.00244333 9.34904
20135 22619 0.00244333 9.36572
20135 22619 0.00244333 9.38239
20135 22619 0.00244333 9.39906
20135 22619 0.00244333 9.41573
20135 22619 0.00244333 9.4324
20135 22619 0.00244333 9.44907
20134 22619 0.00244333 9.46574
20134 22619 0.00244333 9.48241
20133 22619 0.00244333 9.49908
20133 22619 0.00244333 9.51575
20133 22619 0.00244333 9.53242
20133 22619 0.00244333 9.54909
20133 22619 0.00244333 9.56576
20133 22619 0.00244333 9.58243
20132 22619 0.00244333 9.5991
20131 22619 0.00244333 9.61577
20131 22619 0.00244333 9.63244
20131 22619 0.00244333 9.64911
20131 22619 0.00244333 9.66578
20131 22619 0.00244333 9.68245
20131 22619 0.00244333 9.69912
20130 22619 0.00244333 9.71579
20130 22619 0.00244333 9.73246
20130 22619 0.00244333 9.74913
20130 22619 0.00244333 9.7658
20130 22619 0.00244333 9.78247
20130 22619 0.00244333 9.79914
20130 22619 0.00244333 9.81581
20130 22619 0.00244333 9.83248
20130 22619 0.00244333 9.84915
20129 22619 0.00244333 9.86582
20129 22619 0.00244333 9.88249
20129 22619 0.00244333 9.89916
20129 22619 0.00244333 9.91583
20129 22619 0.00244333 9.9325
20129 22619 0.00244333 9.94917
20129 22619 0.00244333 9.96584
20129 22619 0.00244333 9.98251
20129 22619 0.00244333 9.99918
20129 22619 0.00244333 10.0159
20129 22619 0.00244333 10.0325
20129 22619 0.00244333 10.0492
20129 22619 0.00244333 10.0659
20129 22619 0.00244333 10.0825
20128 22619 0.00244333 10.0992
20127 22619 0.00244333 10.1159
20127 22619 0.00244333 10.1325
20127 22619 0.00244333 10.1492
20127 22619 0.00244333 10.1659
20127 22619 0.00244333 10.1826
20127 22619 0.00244333 10.1992
20127 22619 0.00244333 10.2159
20127 22619 0.00244333 10.2326
20127 22619 0.00244333 10.2492
20127 22619 0.00244333 10.2659
20127 22619 0.00244333 10.2826
20127 22619 0.00244333 10.2992
20127 22619 0.00244333 10.3159
20127 22619 0.00244333 10.3326
20127 22619 0.00244333 10.3493
20127 22619 0.00244333 10.3659
20127 22619 0.00244333 10.3826
20127 22619 0.00244333 10.3993
20127 22619 0.00244333 10.4159
20127 22619 0.00244333 10.4326
20127 22619 0.00244333 10.4493
20127 22619 0.00244333 10.466
20127 22619 0.00488665 10.4826
20127 22619 0.00732998 10.4993
20127 22619 0.0097733 10.516
20127 22619 0.0122166 10.5326
20127 22619 0.0146599 10.5493
20127 22619 0.0171033 10.566
20127 22619 0.0195466 10.5826
20127 22619 0.0219899 10.5993
20127 22619 0.0244332 10.616
20127 22619 0.0268766 10.6327
20127 22619 0.0293199 10.6493
20127 22619 0.0317632 10.666
20127 22619 0.0342066 10.6827
20127 22619 0.0366499 10.6993
20127 22619 0.0390932 10.716
20127 22619 0.0415365 10.7327
20127 22619 0.0439798 10.7493
20127 22619 0.0464232 10.766
20127 22619 0.0488665 10.7827
20127 22619 0.0513098 10.7994
20127 22619 0.0537531 10.816
20127 22619 0.0561965 10.8327
20127 22619 0.0586398 10.8494
20127 22619 0.0610831 10.866
20127 22619 0.0635265 10.8827
20127 22619 0.0659698 10.8994
20127 22619 0.0684131 10.916
20127 22619 0.0708564 10.9327
20127 22619 0.0732998 10.9494
20127 22619 0.0757431 10.9661
20127 22619 0.0781864 10.9827
20127 22619 0.0806298 10.9994
20127 22619 0.0830731 11.0161
20127 22619 0.0855164 11.0327
20127 22619 0.0879597 11.0494
20127 22619 0.0904031 11.0661
20127 22619 0.0928464 11.0827
20127 22619 0.0952897 11.0994
20127 22619 0.0977331 11.1161
20127 22619 0.100176 11.1328
20127 22619 0.10262 11.1494
20127 22619 0.105063 11.1661
20127 22619 0.107506 11.1828
20127 22619 0.10995 11.1994
20127 22619 0.112393 11.2161
20127 22619 0.114836 11.2328
20127 22619 0.11728 11.2495
20127 22619 0.119723 11.2661
20127 22619 0.122166 11.2828
20127 22619 0.12461 11.2995
20127 22619 0.127053 11.3161
20127 22619 0.129496 11.3328
20127 22619 0.13194 11.3495
20127 22619 0.134383 11.3661
20127 22619 0.136826 11.3828
20127 22619 0.13927 11.3995
20126 22619 0.141713 11.4162
20126 22619 0.144156 11.4328
20126 22619 0.1466 11.4495
20126 22619 0.149043 11.4662
20126 22619 0.151486 11.4828
20126 22619 0.15393 11.4995
20126 22619 0.156373 11.5162
20126 22619 0.158816 11.5328
20126 22619 0.16126 11.5495
20126 22619 0.163703 11.5662
20126 22619 0.166146 11.5829
20126 22619 0.16859 11.5995
20125 22619 0.171033 11.6162
20124 22619 0.173476 11.6329
20124 22619 0.17592 11.6495
20123 22619 0.178363 11.6662
20122 22619 0.180806 11.6829
20122 22619 0.18325 11.6995
20122 22619 0.185693 11.7162
20122 22619 0.188136 11.7329
20120 22619 0.19058 11.7496
20120 22619 0.193023 11.7662
20120 22619 0.195466 11.7829
20120 22619 0.19791 11.7996
20120 22619 0.200353 11.8162
20120 22619 0.202796 11.8329
20119 22619 0.20524 11.8496
20118 22619 0.207683 11.8662
20116 22619 0.210126 11.8829
20114 22619 0.212569 11.8996
20114 22619 0.215013 11.9163
20113 22619 0.217456 11.9329
20113 22619 0.219899 11.9496
20110 22619 0.222343 11.9663
20109 22619 0.224786 11.9829
20107 22619 0.227229 11.9996
20107 22619 0.229673 12.0163
20105 22619 0.232116 12.033
20104 22619 0.234559 12.0496
20102 22619 0.237003 12.0663
20099 22619 0.239446 12.083
20096 22619 0.241889 12.0996
20094 22619 0.244333 12.1163
20091 22619 0.246776 12.133
20090 22619 0.249219 12.1496
20087 22619 0.251663 12.1663
20084 22619 0.254106 12.183
20083 22619 0.256549 12.1997
20079 22619 0.258993 12.2163
20076 22619 0.261436 12.233
20072 22619 0.263879 12.2497
20067 22619 0.266323 12.2663
20063 22619 0.268766 12.283
20060 22619 0.271209 12.2997
20056 22619 0.273653 12.3163
20051 22619 0.276096 12.333
20043 22619 0.278539 12.3497
20038 22619 0.280982 12.3664
20033 22619 0.283426 12.383
20030 22619 0.285869 12.3997
20028 22619 0.288312 12.4164
20026 22619 0.290756 12.433
20020 22619 0.293199 12.4497
20014 22619 0.295642 12.4664
20012 22619 0.298086 12.483
20007 22619 0.300529 12.4997
20005 22619 0.302972 12.5164
20003 22619 0.305416 12.5331
19998 22619 0.307859 12.5497
19995 22619 0.310302 12.5664
19986 22619 0.312746 12.5831
19982 22619 0.315189 12.5997
19979 22619 0.317632 12.6164
19970 22619 0.320076 12.6331
19966 22619 0.322519 12.6497
19963 22619 0.324962 12.6664
19955 22619 0.327405 12.6831
19951 22619 0.329849 12.6998
19948 22619 0.332292 12.7164
19946 22619 0.334735 12.7331
19940 22619 0.337179 12.7498
19937 22619 0.339622 12.7664
19934 22619 0.342065 12.7831
19933 22619 0.344509 12.7998
19928 22619 0.346952 12.8165
19927 22619 0.349395 12.8331
19922 22619 0.351839 12.8498
19917 22619 0.354282 12.8665
19915 22619 0.356725 12.8831
19911 22619 0.359169 12.8998
19909 22619 0.361612 12.9165
19905 22619 0.364055 12.9331
19901 22619 0.366498 12.9498
19897 22619 0.368942 12.9665
19891 22619 0.371385 12.9832
19887 22619 0.373828 12.9998
19880 22619 0.376272 13.0165
19876 22619 0.378715 13.0332
19870 22619 0.381158 13.0498
19865 22619 0.383602 13.0665
19860 22619 0.386045 13.0832
19856 22619 0.388488 13.0998
19853 22619 0.390932 13.1165
19848 22619 0.393375 13.1332
19844 22619 0.395818 13.1499
19836 22619 0.398262 13.1665
19832 22619 0.400705 13.1832
19827 22619 0.403148 13.1999
19824 22619 0.405591 13.2165
19821 22619 0.408035 13.2332
19815 22619 0.410478 13.2499
19812 22619 0.412921 13.2665
19808 22619 0.415365 13.2832
19801 22619 0.417808 13.2999
19798 22619 0.420251 13.3166
19795 22619 0.422695 13.3332
19790 22619 0.425138 13.3499
19788 22619 0.427581 13.3666
19783 22619 0.430025 13.3832
19776 22619 0.432468 13.3999
19772 22619 0.434911 13.4166
19769 22619 0.437355 13.4333
19762 22619 0.439798 13.4499
19754 22619 0.442241 13.4666
19746 22619 0.444685 13.4833
19739 22619 0.447128 13.4999
19736 22619 0.449571 13.5166
19727 22619 0.452014 13.5333
19721 22619 0.454458 13.5499
19718 22619 0.456901 13.5666
19710 22619 0.459344 13.5833
19706 22619 0.461788 13.6
19698 22619 0.464231 13.6166
19689 22619 0.466674 13.6333
19682 22619 0.469118 13.65
19677 22619 0.471561 13.6666
19668 22619 0.474004 13.6833
19663 22619 0.476448 13.7
19654 22619 0.478891 13.7166
19646 22619 0.481334 13.7333
19641 22619 0.483778 13.75
19629 22619 0.486221 13.7667
19618 22619 0.488664 13.7833
19611 22619 0.491107 13.8
19604 22619 0.493551 13.8167
19594 22619 0.495994 13.8333
19582 22619 0.498437 13.85
19570 22619 0.500881 13.8667
19558 22619 0.503324 13.8833
19548 22619 0.505767 13.9
19540 22619 0.508211 13.9167
19532 22619 0.510654 13.9334
19520 22619 0.513097 13.95
19506 22619 0.515541 13.9667
19496 22619 0.517984 13.9834
19485 22619 0.520427 14
19471 22619 0.522871 14.0167
19456 22619 0.525314 14.0334
19447 22619 0.527757 14.05
19433 22619 0.5302 14.0667
19423 22619 0.532644 14.0834
19409 22619 0.535087 14.1001
19399 22619 0.53753 14.1167
19385 22619 0.539974 14.1334
19374 22619 0.542417 14.1501
19360 22619 0.54486 14.1667
19348 22619 0.547304 14.1834
19338 22619 0.549747 14.2001
19324 22619 0.55219 14.2168
19308 22619 0.554634 14.2334
19301 22619 0.557077 14.2501
19285 22619 0.55952 14.2668
19270 22619 0.561964 14.2834
19252 22619 0.564407 14.3001
19242 22619 0.56685 14.3168
19227 22619 0.569293 14.3334
19215 22619 0.571737 14.3501
19205 22619 0.57418 14.3668
19192 22619 0.576623 14.3835
19176 22619 0.579067 14.4001
19167 22619 0.58151 14.4168
19153 22619 0.583953 14.4335
19137 22619 0.586397 14.4501
19118 22619 0.58884 14.4668
19107 22619 0.591283 14.4835
19092 22619 0.593727 14.5001
19072 22619 0.59617 14.5168
19062 22619 0.598613 14.5335
19042 22619 0.601057 14.5502
19030 22619 0.6035 14.5668
19017 22619 0.605943 14.5835
18999 22619 0.608387 14.6002
18982 22619 0.61083 14.6168
18969 22619 0.613273 14.6335
18956 22619 0.615716 14.6502
18937 22619 0.61816 14.6668
18924 22619 0.620603 14.6835
18904 22619 0.623046 14.7002
18890 22619 0.62549 14.7169
18873 22619 0.627933 14.7335
18858 22619 0.630376 14.7502
18846 22619 0.63282 14.7669
18831 22619 0.635263 14.7835
18816 22619 0.637706 14.8002
18804 22619 0.64015 14.8169
18784 22619 0.642593 14.8335
18770 22619 0.645036 14.8502
18751 22619 0.64748 14.8669
18733 22619 0.649923 14.8836
18718 22619 0.652366 14.9002
18701 22619 0.654809 14.9169
18690 22619 0.657253 14.9336
18675 22619 0.659696 14.9502
18659 22619 0.662139 14.9669
18639 22619 0.664583 14.9836
18621 22619 0.667026 15.0003
18609 22619 0.669469 15.0169
18587 22619 0.671913 15.0336
18571 22619 0.674356 15.0503
18557 22619 0.676799 15.0669
18548 22619 0.679243 15.0836
18526 22619 0.681686 15.1003
18511 22619 0.684129 15.1169
18496 22619 0.686573 15.1336
18482 22619 0.689016 15.1503
18461 22619 0.691459 15.167
18449 22619 0.693902 15.1836
18425 22619 0.696346 15.2003
18409 22619 0.698789 15.217
18392 22619 0.701232 15.2336
18371 22619 0.703676 15.2503
18355 22619 0.706119 15.267
18338 22619 0.708562 15.2836
18319 22619 0.711006 15.3003
18305 22619 0.713449 15.317
18290 22619 0.715892 15.3337
18272 22619 0.718336 15.3503
18257 22619 0.720779 15.367
18236 22619 0.723222 15.3837
18219 22619 0.725666 15.4003
18201 22619 0.728109 15.417
18180 22619 0.730552 15.4337
18159 22619 0.732996 15.4503
18139 22619 0.735439 15.467
18120 22619 0.737882 15.4837
18107 22619 0.740325 15.5004
18084 22619 0.742769 15.517
18069 22619 0.745212 15.5337
18043 22619 0.747655 15.5504
18020 22619 0.750099 15.567
18008 22619 0.752542 15.5837
17989 22619 0.754985 15.6004
17967 22619 0.757429 15.6171
17944 22619 0.759872 15.6337
17923 22619 0.762315 15.6504
17907 22619 0.764759 15.6671
17882 22619 0.767202 15.6837
17865 22619 0.769645 15.7004
17845 22619 0.772089 15.7171
17827 22619 0.774532 15.7337
17807 22619 0.776975 15.7504
17788 22619 0.779418 15.7671
17768 22619 0.781862 15.7838
17750 22619 0.784305 15.8004
17725 22619 0.786748 15.8171
17707 22619 0.789192 15.8338
17688 22619 0.791635 15.8504
17667 22619 0.794078 15.8671
17644 22619 0.796522 15.8838
17624 22619 0.798965 15.9004
17605 22619 0.801408 15.9171
17581 22619 0.803852 15.9338
17560 22619 0.806295 15.9505
17533 22619 0.808738 15.9671
17517 22619 0.811182 15.9838
17490 22619 0.813625 16.0005
17468 22619 0.816068 16.0171
17445 22619 0.818511 16.0338
17426 22619 0.820955 16.0505
17400 22619 0.823398 16.0671
17376 22619 0.825841 16.0838
17355 22619 0.828285 16.1005
17332 22619 0.830728 16.1172
17310 22619 0.833171 16.1338
17289 22619 0.835615 16.1505
17270 22619 0.838058 16.1672
17244 22619 0.840501 16.1838
17226 22619 0.842945 16.2005
17207 22619 0.845388 16.2172
17178 22619 0.847831 16.2338
17160 22619 0.850275 16.2505
17137 22619 0.852718 16.2672
17110 22619 0.855161 16.2839
17087 22619 0.857605 16.3005
17061 22619 0.860048 16.3172
17039 22619 0.862491 16.3339
17017 22619 0.864934 16.3505
16993 22619 0.867378 16.3672
16969 22619 0.869821 16.3839
16946 22619 0.872264 16.4006
16917 22619 0.874708 16.4172
16894 22619 0.877151 16.4339
16863 22619 0.879594 16.4506
16841 22619 0.882038 16.4672
16812 22619 0.884481 16.4839
16785 22619 0.886924 16.5006
16768 22619 0.889368 16.5172
16746 22619 0.891811 16.5339
16719 22619 0.894254 16.5506
16696 22619 0.896698 16.5673
16669 22619 0.899141 16.5839
16637 22619 0.901584 16.6006
16610 22619 0.904027 16.6173
16585 22619 0.906471 16.6339
16555 22619 0.908914 16.6506
16523 22619 0.911357 16.6673
16500 22619 0.913801 16.6839
16475 22619 0.916244 16.7006
16441 22619 0.918687 16.7173
16414 22619 0.921131 16.734
16389 22619 0.923574 16.7506
16359 22619 0.926017 16.7673
16331 22619 0.928461 16.784
16302 22619 0.930904 16.8006
16281 22619 0.933347 16.8173
16249 22619 0.935791 16.834
16221 22619 0.938234 16.8506
16185 22619 0.940677 16.8673
16157 22619 0.94312 16.884
16130 22619 0.945564 16.9007
16099 22619 0.948007 16.9173
16070 22619 0.95045 16.934
16044 22619 0.952894 16.9507
16014 22619 0.955337 16.9673
15989 22619 0.95778 16.984
15956 22619 0.960224 17.0007
15928 22619 0.962667 17.0173
15905 22619 0.96511 17.034
15870 22619 0.967554 17.0507
15840 22619 0.969997 17.0674
15816 22619 0.97244 17.084
15781 22619 0.974884 17.1007
15759 22619 0.977327 17.1174
15726 22619 0.97977 17.134
15691 22619 0.982213 17.1507
15662 22619 0.984657 17.1674
15631 22619 0.9871 17.1841
15599 22619 0.989543 17.2007
15570 22619 0.991987 17.2174
15536 22619 0.99443 17.2341
15498 22619 0.996873 17.2507
15471 22619 0.999317 17.2674
15436 22619 1.00176 17.2841
15401 22619 1.0042 17.3007
15374 22619 1.00665 17.3174
15335 22619 1.00909 17.3341
15309 22619 1.01153 17.3508
15282 22619 1.01398 17.3674
15239 22619 1.01642 17.3841
15204 22619 1.01886 17.4008
15174 22619 1.02131 17.4174
15141 22619 1.02375 17.4341
15110 22619 1.02619 17.4508
15074 22619 1.02864 17.4674
15035 22619 1.03108 17.4841
15005 22619 1.03352 17.5008
14971 22619 1.03597 17.5175
14935 22619 1.03841 17.5341
14898 22619 1.04085 17.5508
14870 22619 1.0433 17.5675
14824 22619 1.04574 17.5841
14789 22619 1.04818 17.6008
14756 22619 1.05063 17.6175
14724 22619 1.05307 17.6341
14697 22619 1.05551 17.6508
14658 22619 1.05796 17.6675
14621 22619 1.0604 17.6842
14585 22619 1.06284 17.7008
14544 22619 1.06529 17.7175
14507 22619 1.06773 17.7342
14474 22619 1.07017 17.7508
14432 22619 1.07262 17.7675
14403 22619 1.07506 17.7842
14364 22619 1.0775 17.8008
14325 22619 1.07995 17.8175
14285 22619 1.08239 17.8342
14247 22619 1.08483 17.8509
14205 22619 1.08728 17.8675
14178 22619 1.08972 17.8842
14129 22619 1.09216 17.9009
14098 22619 1.09461 17.9175
14062 22619 1.09705 17.9342
14024 22619 1.09949 17.9509
13991 22619 1.10194 17.9676
13952 22619 1.10438 17.9842
13916 22619 1.10682 18.0009
13873 22619 1.10927 18.0176
13830 22619 1.11171 18.0342
13800 22619 1.11415 18.0509
13755 22619 1.1166 18.0676
13715 22619 1.11904 18.0842
13668 22619 1.12148 18.1009
13619 22619 1.12393 18.1176
13581 22619 1.12637 18.1343
13537 22619 1.12881 18.1509
13500 22619 1.13126 18.1676
13462 22619 1.1337 18.1843
13420 22619 1.13614 18.2009
13376 22619 1.13859 18.2176
13337 22619 1.14103 18.2343
13291 22619 1.14347 18.2509
13245 22619 1.14592 18.2676
13198 22619 1.14836 18.2843
13155 22619 1.1508 18.301
13119 22619 1.15325 18.3176
13065 22619 1.15569 18.3343
13026 22619 1.15813 18.351
12986 22619 1.16058 18.3676
12929 22619 1.16302 18.3843
12887 22619 1.16546 18.401
12837 22619 1.16791 18.4176
12796 22619 1.17035 18.4343
12748 22619 1.17279 18.451
12702 22619 1.17524 18.4677
12658 22619 1.17768 18.4843
12611 22619 1.18012 18.501
12564 22619 1.18257 18.5177
12508 22619 1.18501 18.5343
12465 22619 1.18745 18.551
12426 22619 1.1899 18.5677
12381 22619 1.19234 18.5844
12330 22619 1.19478 18.601
12287 22619 1.19723 18.6177
12244 22619 1.19967 18.6344
12199 22619 1.20211 18.651
12150 22619 1.20456 18.6677
12103 22619 1.207 18.6844
12054 22619 1.20944 18.701
12011 22619 1.21188 18.7177
11966 22619 1.21433 18.7344
11923 22619 1.21677 18.7511
11871 22619 1.21921 18.7677
11821 22619 1.22166 18.7844
11775 22619 1.2241 18.8011
11730 22619 1.22654 18.8177
11681 22619 1.22899 18.8344
11638 22619 1.23143 18.8511
11585 22619 1.23387 18.8677
11534 22619 1.23632 18.8844
11487 22619 1.23876 18.9011
11444 22619 1.2412 18.9178
11396 22619 1.24365 18.9344
11351 22619 1.24609 18.9511
11299 22619 1.24853 18.9678
11256 22619 1.25098 18.9844
11208 22619 1.25342 19.0011
11160 22619 1.25586 19.0178
11116 22619 1.25831 19.0344
11072 22619 1.26075 19.0511
11021 22619 1.26319 19.0678
10974 22619 1.26564 19.0845
10931 22619 1.26808 19.1011
10884 22619 1.27052 19.1178
10837 22619 1.27297 19.1345
10791 22619 1.27541 19.1511
10741 22619 1.27785 19.1678
10691 22619 1.2803 19.1845
10638 22619 1.28274 19.2011
10597 22619 1.28518 19.2178
10550 22619 1.28763 19.2345
10493 22619 1.29007 19.2512
10455 22619 1.29251 19.2678
10399 22619 1.29496 19.2845
10355 22619 1.2974 19.3012
10311 22619 1.29984 19.3178
10258 22619 1.30229 19.3345
10210 22619 1.30473 19.3512
10170 22619 1.30717 19.3679
10122 22619 1.30962 19.3845
10072 22619 1.31206 19.4012
10032 22619 1.3145 19.4179
9979 22619 1.31695 19.4345
9930 22619 1.31939 19.4512
9885 22619 1.32183 19.4679
9830 22619 1.32428 19.4845
9795 22619 1.32672 19.5012
9740 22619 1.32916 19.5179
9697 22619 1.33161 19.5346
9647 22619 1.33405 19.5512
9603 22619 1.33649 19.5679
9557 22619 1.33894 19.5846
9517 22619 1.34138 19.6012
9470 22619 1.34382 19.6179
9416 22619 1.34627 19.6346
9376 22619 1.34871 19.6512
9321 22619 1.35115 19.6679
9277 22619 1.3536 19.6846
9237 22619 1.35604 19.7013
9193 22619 1.35848 19.7179
9146 22619 1.36093 19.7346
9094 22619 1.36337 19.7513
9046 22619 1.36581 19.7679
9005 22619 1.36826 19.7846
8954 22619 1.3707 19.8013
8907 22619 1.37314 19.8179
8861 22619 1.37559 19.8346
8813 22619 1.37803 19.8513
8768 22619 1.38047 19.868
8724 22619 1.38292 19.8846
8681 22619 1.38536 19.9013
8636 22619 1.3878 19.918
8592 22619 1.39025 19.9346
8544 22619 1.39269 19.9513
8503 22619 1.39513 19.968
8460 22619 1.39758 19.9846
8407 22619 1.40002 20.0013
8362 22619 1.40246 20.018
8306 22619 1.40491 20.0347
8268 22619 1.40735 20.0513
8226 22619 1.40979 20.068
8181 22619 1.41224 20.0847
8133 22619 1.41468 20.1013
8093 22619 1.41712 20.118
8040 22619 1.41957 20.1347
7995 22619 1.42201 20.1514
7958 22619 1.42445 20.168
7909 22619 1.4269 20.1847
7867 22619 1.42934 20.2014
7822 22619 1.43178 20.218
7775 22619 1.43423 20.2347
7736 22619 1.43667 20.2514
7690 22619 1.43911 20.268
7640 22619 1.44156 20.2847
7606 22619 1.444 20.3014
7564 22619 1.44644 20.3181
7516 22619 1.44889 20.3347
7479 22619 1.45133 20.3514
7434 22619 1.45377 20.3681
7393 22619 1.45622 20.3847
7348 22619 1.45866 20.4014
7310 22619 1.4611 20.4181
7263 22619 1.46355 20.4347
7221 22619 1.46599 20.4514
7182 22619 1.46843 20.4681
7138 22619 1.47088 20.4848
7094 22619 1.47332 20.5014
7057 22619 1.47576 20.5181
7014 22619 1.47821 20.5348
6973 22619 1.48065 20.5514
6930 22619 1.48309 20.5681
6890 22619 1.48554 20.5848
6846 22619 1.48798 20.6014
6803 22619 1.49042 20.6181
6763 22619 1.49287 20.6348
6722 22619 1.49531 20.6515
6681 22619 1.49775 20.6681
6642 22619 1.5002 20.6848
6602 22619 1.50264 20.7015
6570 22619 1.50508 20.7181
6522 22619 1.50753 20.7348
6477 22619 1.50997 20.7515
6444 22619 1.51241 20.7682
6400 22619 1.51486 20.7848
6362 22619 1.5173 20.8015
6326 22619 1.51974 20.8182
6290 22619 1.52219 20.8348
6245 22619 1.52463 20.8515
6203 22619 1.52707 20.8682
6167 22619 1.52952 20.8848
6119 22619 1.53196 20.9015
6082 22619 1.5344 20.9182
6041 22619 1.53685 20.9349
6005 22619 1.53929 20.9515
5963 22619 1.54173 20.9682
5928 22619 1.54418 20.9849
5887 22619 1.54662 21.0015
5844 22619 1.54906 21.0182
5808 22619 1.55151 21.0349
5772 22619 1.55395 21.0515
5735 22619 1.55639 21.0682
5696 22619 1.55884 21.0849
5654 22619 1.56128 21.1016
5621 22619 1.56372 21.1182
5579 22619 1.56617 21.1349
5542 22619 1.56861 21.1516
5501 22619 1.57105 21.1682
5471 22619 1.5735 21.1849
5428 22619 1.57594 21.2016
5395 22619 1.57838 21.2182
5354 22619 1.58083 21.2349
5312 22619 1.58327 21.2516
5276 22619 1.58571 21.2683
5241 22619 1.58816 21.2849
5196 22619 1.5906 21.3016
5167 22619 1.59304 21.3183
5130 22619 1.59549 21.3349
5084 22619 1.59793 21.3516
5052 22619 1.60037 21.3683
5007 22619 1.60282 21.3849
4966 22619 1.60526 21.4016
4932 22619 1.6077 21.4183
4888 22619 1.61015 21.435
4855 22619 1.61259 21.4516
4811 22619 1.61503 21.4683
4769 22619 1.61748 21.485
4734 22619 1.61992 21.5016
4685 22619 1.62236 21.5183
4648 22619 1.6248 21.535
4611 22619 1.62725 21.5517
4572 22619 1.62969 21.5683
4522 22619 1.63213 21.585
4486 22619 1.63458 21.6017
4448 22619 1.63702 21.6183
4409 22619 1.63946 21.635
4370 22619 1.64191 21.6517
4325 22619 1.64435 21.6683
4287 22619 1.64679 21.685
4243 22619 1.64924 21.7017
4206 22619 1.65168 21.7184
4165 22619 1.65412 21.735
4133 22619 1.65657 21.7517
4089 22619 1.65901 21.7684
4048 22619 1.66145 21.785
4014 22619 1.6639 21.8017
3970 22619 1.66634 21.8184
3937 22619 1.66878 21.835
3894 22619 1.67123 21.8517
3852 22619 1.67367 21.8684
3808 22619 1.67611 21.8851
3773 22619 1.67856 21.9017
3732 22619 1.681 21.9184
3694 22619 1.68344 21.9351
3649 22619 1.68589 21.9517
3613 22619 1.68833 21.9684
3568 22619 1.69077 21.9851
3529 22619 1.69322 22.0017
3487 22619 1.69566 22.0184
3456 22619 1.6981 22.0351
3409 22619 1.70055 22.0518
3377 22619 1.70299 22.0684
3335 22619 1.70543 22.0851
3296 22619 1.70788 22.1018
3251 22619 1.71032 22.1184
3214 22619 1.71276 22.1351
3176 22619 1.71521 22.1518
3130 22619 1.71765 22.1684
3097 22619 1.72009 22.1851
3061 22619 1.72254 22.2018
3022 22619 1.72498 22.2185
2986 22619 1.72742 22.2351
2949 22619 1.72987 22.2518
2912 22619 1.73231 22.2685
2875 22619 1.73475 22.2851
2835 22619 1.7372 22.3018
2805 22619 1.73964 22.3185
2764 22619 1.74208 22.3352
2728 22619 1.74453 22.3518
2694 22619 1.74697 22.3685
2658 22619 1.74941 22.3852
2620 22619 1.75186 22.4018
2596 22619 1.7543 22.4185
2561 22619 1.75674 22.4352
2522 22619 1.75919 22.4518
2491 22619 1.76163 22.4685
2455 22619 1.76407 22.4852
2419 22619 1.76652 22.5019
2390 22619 1.76896 22.5185
2355 22619 1.7714 22.5352
2322 22619 1.77385 22.5519
2296 22619 1.77629 22.5685
2260 22619 1.77873 22.5852
2228 22619 1.78118 22.6019
2199 22619 1.78362 22.6185
2170 22619 1.78606 22.6352
2135 22619 1.78851 22.6519
2105 22619 1.79095 22.6686
2072 22619 1.79339 22.6852
2038 22619 1.79584 22.7019
2012 22619 1.79828 22.7186
1985 22619 1.80072 22.7352
1955 22619 1.80317 22.7519
1926 22619 1.80561 22.7686
1898 22619 1.80805 22.7852
1868 22619 1.8105 22.8019
1838 22619 1.81294 22.8186
1804 22619 1.81538 22.8353
1772 22619 1.81783 22.8519
1747 22619 1.82027 22.8686
1721 22619 1.82271 22.8853
1692 22619 1.82516 22.9019
1663 22619 1.8276 22.9186
1637 22619 1.83004 22.9353
1609 22619 1.83249 22.952
1579 22619 1.83493 22.9686
1550 22619 1.83737 22.9853
1528 22619 1.83982 23.002
1500 22619 1.84226 23.0186
1469 22619 1.8447 23.0353
1449 22619 1.84715 23.052
1420 22619 1.84959 23.0686
1393 22619 1.85203 23.0853
1369 22619 1.85448 23.102
1338 22619 1.85692 23.1187
1317 22619 1.85936 23.1353
1287 22619 1.86181 23.152
1267 22619 1.86425 23.1687
1242 22619 1.86669 23.1853
1216 22619 1.86914 23.202
1196 22619 1.87158 23.2187
1169 22619 1.87402 23.2353
1145 22619 1.87647 23.252
1126 22619 1.87891 23.2687
1100 22619 1.88135 23.2854
1084 22619 1.8838 23.302
1059 22619 1.88624 23.3187
1034 22619 1.88868 23.3354
1013 22619 1.89113 23.352
990 22619 1.89357 23.3687
966 22619 1.89601 23.3854
945 22619 1.89846 23.402
926 22619 1.9009 23.4187
903 22619 1.90334 23.4354
881 22619 1.90579 23.4521
864 22619 1.90823 23.4687
843 22619 1.91067 23.4854
821 22619 1.91312 23.5021
804 22619 1.91556 23.5187
787 22619 1.918 23.5354
765 22619 1.92045 23.5521
744 22619 1.92289 23.5687
728 22619 1.92533 23.5854
712 22619 1.92778 23.6021
695 22619 1.93022 23.6188
678 22619 1.93266 23.6354
662 22619 1.93511 23.6521
647 22619 1.93755 23.6688
630 22619 1.93999 23.6854
615 22619 1.94244 23.7021
600 22619 1.94488 23.7188
581 22619 1.94732 23.7355
567 22619 1.94977 23.7521
553 22619 1.95221 23.7688
541 22619 1.95465 23.7855
524 22619 1.9571 23.8021
515 22619 1.95954 23.8188
504 22619 1.96198 23.8355
488 22619 1.96443 23.8521
477 22619 1.96687 23.8688
465 22619 1.96931 23.8855
454 22619 1.97176 23.9022
441 22619 1.9742 23.9188
431 22619 1.97664 23.9355
417 22619 1.97909 23.9522
406 22619 1.98153 23.9688
395 22619 1.98397 23.9855
385 22619 1.98642 24.0022
373 22619 1.98886 24.0188
363 22619 1.9913 24.0355
349 22619 1.99375 24.0522
340 22619 1.99619 24.0689
327 22619 1.99863 24.0855
315 22619 2.00108 24.1022
303 22619 2.00352 24.1189
290 22619 2.00596 24.1355
280 22619 2.00841 24.1522
269 22619 2.01085 24.1689
257 22619 2.01329 24.1855
244 22619 2.01574 24.2022
233 22619 2.01818 24.2189
220 22619 2.02062 24.2356
207 22619 2.02307 24.2522
196 22619 2.02551 24.2689
183 22619 2.02795 24.2856
171 22619 2.0304 24.3022
159 22619 2.03284 24.3189
148 22619 2.03528 24.3356
137 22619 2.03772 24.3522
125 22619 2.04017 24.3689
113 22619 2.04261 24.3856
101 22619 2.04505 24.4023
90 22619 2.0475 24.4189
79 22619 2.04994 24.4356
68 22619 2.05238 24.4523
55 22619 2.05483 24.4689
46 22619 2.05727 24.4856
36 22619 2.05971 24.5023
26 22619 2.06216 24.519
15 22619 2.0646 24.5356
10 22619 2.06704 24.5523
4 22619 2.06949 24.569
2 22619 2.07193 24.5856
0 22619 2.07437 24.6023
0 22619 2.07682 24.619
0 22619 2.07926 24.6356
0 22619 2.0817 24.6523
0 22619 2.08415 24.669
0 22619 2.08659 24.6857
0 22619 2.08903 24.7023
0 22619 2.09148 24.719
0 22619 2.09392 24.7357
0 22619 2.09636 24.7523
0 22619 2.09881 24.769
0 22619 2.10125 24.7857
0 22619 2.10369 24.8023
0 22619 2.10614 24.819
0 22619 2.10858 24.8357
0 22619 2.11102 24.8524
0 22619 2.11347 24.869
0 22619 2.11591 24.8857
0 22619 2.11835 24.9024
0 22619 2.1208 24.919
0 22619 2.12324 24.9357
0 22619 2.12568 24.9524
0 22619 2.12813 24.969
0 22619 2.13057 24.9857
0 22619 2.13301 25.0024
0 22619 2.13546 25.0191
0 22619 2.1379 25.0357
0 22619 2.14034 25.0524
0 22619 2.14279 25.0691
0 22619 2.14523 25.0857
0 22619 2.14767 25.1024
0 22619 2.15012 25.1191
0 22619 2.15256 25.1357
0 22619 2.155 25.1524
0 22619 2.15745 25.1691
0 22619 2.15989 25.1858
0 22619 2.16233 25.2024
0 22619 2.16478 25.2191
0 22619 2.16722 25.2358
0 22619 2.16966 25.2524
0 22619 2.17211 25.2691
0 22619 2.17455 25.2858
0 22619 2.17699 25.3025
0 22619 2.17944 25.3191
0 22619 2.18188 25.3358
0 22619 2.18432 25.3525
0 22619 2.18677 25.3691
0 22619 2.18921 25.3858
0 22619 2.19165 25.4025
0 22619 2.1941 25.4191
0 22619 2.19654 25.4358
0 22619 2.19898 25.4525
0 22619 2.20143 25.4692
0 22619 2.20387 25.4858
0 22619 2.20631 25.5025
0 22619 2.20876 25.5192
0 22619 2.2112 25.5358
0 22619 2.21364 25.5525
0 22619 2.21609 25.5692
0 22619 2.21853 25.5858
0 22619 2.22097 25.6025
0 22619 2.22342 25.6192
0 22619 2.22586 25.6359
0 22619 2.2283 25.6525
0 22619 2.23075 25.6692
0 22619 2.23319 25.6859
0 22619 2.23563 25.7025
0 22619 2.23808 25.7192
0 22619 2.24052 25.7359
0 22619 2.24296 25.7525
0 22619 2.24541 25.7692
0 22619 2.24785 25.7859
0 22619 2.25029 25.8026
0 22619 2.25274 25.8192
0 22619 2.25518 25.8359
0 22619 2.25762 25.8526
0 22619 2.26007 25.8692
0 22619 2.26251 25.8859
0 22619 2.26495 25.9026
0 22619 2.2674 25.9193
0 22619 2.26984 25.9359
0 22619 2.27228 25.9526
0 22619 2.27473 25.9693
0 22619 2.27717 25.9859
0 22619 2.27961 26.0026
0 22619 2.28206 26.0193
0 22619 2.2845 26.0359
0 22619 2.28694 26.0526
0 22619 2.28939 26.0693
0 22619 2.29183 26.086
0 22619 2.29427 26.1026
0 22619 2.29672 26.1193
0 22619 2.29916 26.136
0 22619 2.3016 26.1526
0 22619 2.30405 26.1693
0 22619 2.30649 26.186
0 22619 2.30893 26.2026
0 22619 2.31138 26.2193
0 22619 2.31382 26.236
0 22619 2.31626 26.2527
0 22619 2.31871 26.2693
0 22619 2.32115 26.286
0 22619 2.32359 26.3027
0 22619 2.32604 26.3193
0 22619 2.32848 26.336
0 22619 2.33092 26.3527
0 22619 2.33337 26.3693
0 22619 2.33581 26.386
0 22619 2.33825 26.4027
0 22619 2.3407 26.4194
0 22619 2.34314 26.436
0 22619 2.34558 26.4527
0 22619 2.34803 26.4694
0 22619 2.35047 26.486
0 22619 2.35291 26.5027
0 22619 2.35536 26.5194
0 22619 2.3578 26.536
0 22619 2.36024 26.5527
0 22619 2.36269 26.5694
0 22619 2.36513 26.5861
0 22619 2.36757 26.6027
0 22619 2.37002 26.6194
0 22619 2.37246 26.6361
0 22619 2.3749 26.6527
0 22619 2.37735 26.6694
0 22619 2.37979 26.6861
0 22619 2.38223 26.7028
0 22619 2.38468 26.7194
0 22619 2.38712 26.7361
0 22619 2.38956 26.7528
0 22619 2.39201 26.7694
0 22619 2.39445 26.7861
0 22619 2.39689 26.8028
0 22619 2.39934 26.8194
0 22619 2.40178 26.8361
0 22619 2.40422 26.8528
0 22619 2.40667 26.8695
0 22619 2.40911 26.8861
0 22619 2.41155 26.9028
0 22619 2.414 26.9195
0 22619 2.41644 26.9361
0 22619 2.41888 26.9528
0 22619 2.42133 26.9695
0 22619 2.42377 26.9861
0 22619 2.42621 27.0028
0 22619 2.42866 27.0195
0 22619 2.4311 27.0362
0 22619 2.43354 27.0528
0 22619 2.43599 27.0695
0 22619 2.43843 27.0862
0 22619 2.44087 27.1028
0 22619 2.44332 27.1195
0 22619 2.44576 27.1362
0 22619 2.4482 27.1528
0 22619 2.45064 27.1695
0 22619 2.45309 27.1862
0 22619 2.45553 27.2029
0 22619 2.45797 27.2195
0 22619 2.46042 27.2362
0 22619 2.46286 27.2529
0 22619 2.4653 27.2695
0 22619 2.46775 27.2862
0 22619 2.47019 27.3029
0 22619 2.47263 27.3195
0 22619 2.47508 27.3362
0 22619 2.47752 27.3529
0 22619 2.47996 27.3696
0 22619 2.48241 27.3862
0 22619 2.48485 27.4029
0 22619 2.48729 27.4196
0 22619 2.48974 27.4362
0 22619 2.49218 27.4529
0 22619 2.49462 27.4696
0 22619 2.49707 27.4863
0 22619 2.49951 27.5029
0 22619 2.50195 27.5196
0 22619 2.5044 27.5363
0 22619 2.50684 27.5529
0 22619 2.50928 27.5696
0 22619 2.51173 27.5863
0 22619 2.51417 27.6029
0 22619 2.51661 27.6196
0 22619 2.51906 27.6363
0 22619 2.5215 27.653
0 22619 2.52394 27.6696
0 22619 2.52639 27.6863
0 22619 2.52883 27.703
0 22619 2.53127 27.7196
0 22619 2.53372 27.7363
0 22619 2.53616 27.753
0 22619 2.5386 27.7696
0 22619 2.54105 27.7863
0 22619 2.54349 27.803
0 22619 2.54593 27.8197
0 22619 2.54838 27.8363
0 22619 2.55082 27.853
0 22619 2.55326 27.8697
0 22619 2.55571 27.8863
0 22619 2.55815 27.903
0 22619 2.56059 27.9197
0 22619 2.56304 27.9363
0 22619 2.56548 27.953
0 22619 2.56792 27.9697
0 22619 2.57037 27.9864
0 22619 2.57281 28.003
0 22619 2.57525 28.0197
0 22619 2.5777 28.0364
0 22619 2.58014 28.053
0 22619 2.58258 28.0697
0 22619 2.58503 28.0864
0 22619 2.58747 28.1031
0 22619 2.58991 28.1197
0 22619 2.59236 28.1364
0 22619 2.5948 28.1531
0 22619 2.59724 28.1697
0 22619 2.59969 28.1864
0 22619 2.60213 28.2031
0 22619 2.60457 28.2197
0 22619 2.60702 28.2364
0 22619 2.60946 28.2531
0 22619 2.6119 28.2698
0 22619 2.61435 28.2864
0 22619 2.61679 28.3031
0 22619 2.61923 28.3198
0 22619 2.62168 28.3364
0 22619 2.62412 28.3531
0 22619 2.62656 28.3698
0 22619 2.62901 28.3864
0 22619 2.63145 28.4031
0 22619 2.63389 28.4198
0 22619 2.63634 28.4365
0 22619 2.63878 28.4531
0 22619 2.64122 28.4698
0 22619 2.64367 28.4865
0 22619 2.64611 28.5031
0 22619 2.64855 28.5198
0 22619 2.651 28.5365
0 22619 2.65344 28.5531
0 22619 2.65588 28.5698
0 22619 2.65833 28.5865
0 22619 2.66077 28.6032
0 22619 2.66321 28.6198
0 22619 2.66566 28.6365
0 22619 2.6681 28.6532
0 22619 2.67054 28.6698
0 22619 2.67299 28.6865
0 22619 2.67543 28.7032
0 22619 2.67787 28.7198
0 22619 2.68032 28.7365
0 22619 2.68276 28.7532
0 22619 2.6852 28.7699
0 22619 2.68765 28.7865
0 22619 2.69009 28.8032
0 22619 2.69253 28.8199
0 22619 2.69498 28.8365
0 22619 2.69742 28.8532
0 22619 2.69986 28.8699
0 22619 2.70231 28.8866
0 22619 2.70475 28.9032
0 22619 2.70719 28.9199
0 22619 2.70964 28.9366
0 22619 2.71208 28.9532
0 22619 2.71452 28.9699
0 22619 2.71697 28.9866
0 22619 2.71941 29.0032
0 22619 2.72185 29.0199
0 22619 2.7243 29.0366
0 22619 2.72674 29.0533
0 22619 2.72918 29.0699
0 22619 2.73163 29.0866
0 22619 2.73407 29.1033
0 22619 2.73651 29.1199
0 22619 2.73896 29.1366
0 22619 2.7414 29.1533
0 22619 2.74384 29.1699
0 22619 2.74629 29.1866
0 22619 2.74873 29.2033
0 22619 2.75117 29.22
0 22619 2.75362 29.2366
0 22619 2.75606 29.2533
0 22619 2.7585 29.27
0 22619 2.76095 29.2866
0 22619 2.76339 29.3033
0 22619 2.76583 29.32
0 22619 2.76828 29.3366
0 22619 2.77072 29.3533
0 22619 2.77316 29.37
0 22619 2.77561 29.3867
0 22619 2.77805 29.4033
0 22619 2.78049 29.42
0 22619 2.78294 29.4367
0 22619 2.78538 29.4533
0 22619 2.78782 29.47
0 22619 2.79027 29.4867
0 22619 2.79271 29.5033
0 22619 2.79515 29.52
0 22619 2.7976 29.5367
0 22619 2.80004 29.5534
0 22619 2.80248 29.57
0 22619 2.80493 29.5867
0 22619 2.80737 29.6034
0 22619 2.80981 29.62
0 22619 2.81226 29.6367
0 22619 2.8147 29.6534
0 22619 2.81714 29.6701
0 22619 2.81959 29.6867
0 22619 2.82203 29.7034
0 22619 2.82447 29.7201
0 22619 2.82692 29.7367
0 22619 2.82936 29.7534
0 22619 2.8318 29.7701
0 22619 2.83425 29.7867
0 22619 2.83669 29.8034
0 22619 2.83913 29.8201
0 22619 2.84158 29.8368
0 22619 2.84402 29.8534
0 22619 2.84646 29.8701
0 22619 2.84891 29.8868
0 22619 2.85135 29.9034
0 22619 2.85379 29.9201
0 22619 2.85624 29.9368
0 22619 2.85868 29.9534
0 22619 2.86112 29.9701
0 22619 2.86356 29.9868
0 22619 2.86601 30.0035
0 22619 2.86845 30.0201
0 22619 2.87089 30.0368
0 22619 2.87334 30.0535
0 22619 2.87578 30.0701
0 22619 2.87822 30.0868
0 22619 2.88067 30.1035
0 22619 2.88311 30.1201
0 22619 2.88555 30.1368
0 22619 2.888 30.1535
0 22619 2.89044 30.1702
0 22619 2.89288 30.1868
0 22619 2.89533 30.2035
0 22619 2.89777 30.2202
0 22619 2.90021 30.2368
0 22619 2.90266 30.2535
0 22619 2.9051 30.2702
0 22619 2.90754 30.2868
0 22619 2.90999 30.3035
0 22619 2.91243 30.3202
0 22619 2.91487 30.3369
0 22619 2.91732 30.3535
0 22619 2.91976 30.3702
0 22619 2.9222 30.3869
0 22619 2.92465 30.4035
0 22619 2.92709 30.4202
0 22619 2.92953 30.4369
0 22619 2.93198 30.4536
0 22619 2.93442 30.4702
0 22619 2.93686 30.4869
0 22619 2.93931 30.5036
0 22619 2.94175 30.5202
0 22619 2.94419 30.5369
0 22619 2.94664 30.5536
0 22619 2.94908 30.5702
0 22619 2.95152 30.5869
0 22619 2.95397 30.6036
0 22619 2.95641 30.6203
0 22619 2.95885 30.6369
0 22619 2.9613 30.6536
0 22619 2.96374 30.6703
0 22619 2.96618 30.6869
0 22619 2.96863 30.7036
0 22619 2.97107 30.7203
0 22619 2.97351 30.7369
0 22619 2.97596 30.7536
0 22619 2.9784 30.7703
0 22619 2.98084 30.787
0 22619 2.98329 30.8036
0 22619 2.98573 30.8203
0 22619 2.98817 30.837
0 22619 2.99062 30.8536
0 22619 2.99306 30.8703
0 22619 2.9955 30.887
0 22619 2.99795 30.9036
