inside_count	theta (degrees)	time (s)
135952	0.0286479	0.0109711
135952	0.0572957	0.0276337
135952	0.0859435	0.0442963
135952	0.114591	0.0609589
135952	0.143239	0.0776215
135952	0.171887	0.0942841
135952	0.200535	0.110947
135952	0.229183	0.127609
135952	0.257831	0.144272
135952	0.286479	0.160934
135952	0.315126	0.177597
135952	0.343774	0.19426
135952	0.372422	0.210922
135952	0.40107	0.227585
135952	0.429718	0.244247
135952	0.458366	0.26091
135952	0.487013	0.277573
135952	0.515661	0.294235
135952	0.544309	0.310898
135952	0.572957	0.32756
135952	0.601605	0.344223
135952	0.630253	0.360886
135952	0.658901	0.377548
135952	0.687548	0.394211
135952	0.716196	0.410873
135952	0.744844	0.427536
135952	0.773492	0.444199
135952	0.80214	0.460861
135952	0.830788	0.477524
135952	0.859436	0.494186
135952	0.888083	0.510849
135952	0.916731	0.527512
135952	0.945379	0.544174
135952	0.974027	0.560837
135952	1.00267	0.577499
135952	1.03132	0.594162
135952	1.05997	0.610825
135952	1.08862	0.627487
135952	1.11727	0.64415
135952	1.14591	0.660812
135952	1.17456	0.677475
135952	1.20321	0.694138
135952	1.23186	0.7108
135952	1.2605	0.727463
135952	1.28915	0.744125
135952	1.3178	0.760788
135952	1.34645	0.777451
135952	1.3751	0.794113
135952	1.40374	0.810776
135952	1.43239	0.827438
135952	1.46104	0.844101
135952	1.48969	0.860764
135952	1.51834	0.877426
135952	1.54698	0.894089
135952	1.57563	0.910751
135952	1.60428	0.927414
135952	1.63293	0.944077
135952	1.66157	0.960739
135952	1.69022	0.977402
135952	1.71887	0.994064
135952	1.74752	1.01073
135952	1.77617	1.02739
135952	1.80481	1.04405
135952	1.83346	1.06071
135952	1.86211	1.07738
135952	1.89076	1.09404
135952	1.9194	1.1107
135952	1.94805	1.12737
135952	1.9767	1.14403
135952	2.00535	1.16069
135952	2.034	1.17735
135952	2.06264	1.19402
135952	2.09129	1.21068
135952	2.11994	1.22734
135952	2.14859	1.244
135952	2.17724	1.26067
135952	2.20588	1.27733
135952	2.23453	1.29399
135952	2.26318	1.31065
135952	2.29183	1.32732
135952	2.32048	1.34398
135952	2.34912	1.36064
135952	2.37777	1.3773
135952	2.40642	1.39397
135952	2.43507	1.41063
135952	2.46372	1.42729
135952	2.49236	1.44395
135952	2.52101	1.46062
135952	2.54966	1.47728
135952	2.57831	1.49394
135952	2.60695	1.5106
135952	2.6356	1.52727
135952	2.66425	1.54393
135952	2.6929	1.56059
135952	2.72155	1.57726
135952	2.75019	1.59392
135952	2.77884	1.61058
135952	2.80749	1.62724
135952	2.83614	1.64391
135952	2.86479	1.66057
135952	2.89343	1.67723
135952	2.92208	1.69389
135952	2.95073	1.71056
135952	2.97938	1.72722
135952	3.00803	1.74388
135952	3.03667	1.76054
135952	3.06532	1.77721
135952	3.09397	1.79387
135952	3.12262	1.81053
135952	3.15126	1.82719
135952	3.17991	1.84386
135952	3.20856	1.86052
135952	3.23721	1.87718
135952	3.26586	1.89384
135952	3.2945	1.91051
135952	3.32315	1.92717
135952	3.3518	1.94383
135952	3.38045	1.96049
135952	3.4091	1.97716
135952	3.43774	1.99382
135952	3.46639	2.01048
135952	3.49504	2.02715
135952	3.52369	2.04381
135952	3.55234	2.06047
135952	3.58098	2.07713
135952	3.60963	2.0938
135952	3.63828	2.11046
135952	3.66693	2.12712
135952	3.69557	2.14378
135952	3.72422	2.16045
135952	3.75287	2.17711
135952	3.78152	2.19377
135952	3.81017	2.21043
135952	3.83881	2.2271
135952	3.86746	2.24376
135952	3.89611	2.26042
135952	3.92476	2.27708
135952	3.95341	2.29375
135952	3.98205	2.31041
135952	4.0107	2.32707
135952	4.03935	2.34373
135952	4.068	2.3604
135952	4.09665	2.37706
135952	4.12529	2.39372
135952	4.15394	2.41039
135952	4.18259	2.42705
135952	4.21124	2.44371
135952	4.23989	2.46037
135952	4.26853	2.47704
135952	4.29718	2.4937
135952	4.32583	2.51036
135952	4.35448	2.52702
135952	4.38312	2.54369
135952	4.41177	2.56035
135952	4.44042	2.57701
135952	4.46907	2.59367
135952	4.49772	2.61034
135952	4.52636	2.627
135952	4.55501	2.64366
135952	4.58366	2.66032
135952	4.61231	2.67699
135952	4.64096	2.69365
135952	4.6696	2.71031
135952	4.69825	2.72697
135952	4.7269	2.74364
135952	4.75555	2.7603
135952	4.7842	2.77696
135952	4.81284	2.79362
135952	4.84149	2.81029
135952	4.87014	2.82695
135952	4.89879	2.84361
135952	4.92743	2.86028
135952	4.95608	2.87694
135952	4.98473	2.8936
135952	5.01338	2.91026
135952	5.04203	2.92693
135952	5.07067	2.94359
135952	5.09932	2.96025
135952	5.12797	2.97691
135952	5.15662	2.99358
135952	5.18527	3.01024
135952	5.21391	3.0269
135952	5.24256	3.04356
135952	5.27121	3.06023
135952	5.29986	3.07689
135952	5.32851	3.09355
135952	5.35715	3.11021
135952	5.3858	3.12688
135952	5.41445	3.14354
135952	5.4431	3.1602
135952	5.47175	3.17686
135952	5.50039	3.19353
135952	5.52904	3.21019
135952	5.55769	3.22685
135952	5.58634	3.24352
135952	5.61498	3.26018
135952	5.64363	3.27684
135952	5.67228	3.2935
135952	5.70093	3.31017
135952	5.72958	3.32683
135952	5.75822	3.34349
135952	5.78687	3.36015
135952	5.81552	3.37682
135952	5.84417	3.39348
135952	5.87282	3.41014
135952	5.90146	3.4268
135952	5.93011	3.44347
135952	5.95876	3.46013
135952	5.98741	3.47679
135952	6.01606	3.49345
135952	6.0447	3.51012
135952	6.07335	3.52678
135952	6.102	3.54344
135952	6.13065	3.5601
135952	6.1593	3.57677
135952	6.18794	3.59343
135952	6.21659	3.61009
135952	6.24524	3.62675
135952	6.27389	3.64342
135952	6.30253	3.66008
135952	6.33118	3.67674
135952	6.35983	3.69341
135952	6.38848	3.71007
135952	6.41713	3.72673
135952	6.44577	3.74339
135952	6.47442	3.76006
135952	6.50307	3.77672
135952	6.53172	3.79338
135952	6.56037	3.81004
135952	6.58901	3.82671
135952	6.61766	3.84337
135952	6.64631	3.86003
135952	6.67496	3.87669
135952	6.70361	3.89336
135952	6.73225	3.91002
135952	6.7609	3.92668
135952	6.78955	3.94334
135952	6.8182	3.96001
135952	6.84685	3.97667
135952	6.87549	3.99333
135952	6.90414	4.00999
135952	6.93279	4.02666
135952	6.96144	4.04332
135952	6.99008	4.05998
135952	7.01873	4.07664
135952	7.04738	4.09331
135952	7.07603	4.10997
135952	7.10468	4.12663
135952	7.13332	4.1433
135952	7.16197	4.15996
135952	7.19062	4.17662
135952	7.21927	4.19328
135952	7.24791	4.20995
135952	7.27656	4.22661
135952	7.30521	4.24327
135952	7.33386	4.25993
135952	7.3625	4.2766
135952	7.39115	4.29326
135952	7.4198	4.30992
135952	7.44845	4.32658
135952	7.47709	4.34325
135952	7.50574	4.35991
135952	7.53439	4.37657
135952	7.56304	4.39323
135952	7.59168	4.4099
135952	7.62033	4.42656
135952	7.64898	4.44322
135952	7.67763	4.45988
135952	7.70627	4.47655
135952	7.73492	4.49321
135952	7.76357	4.50987
135952	7.79222	4.52654
135952	7.82086	4.5432
135952	7.84951	4.55986
135952	7.87816	4.57652
135952	7.90681	4.59319
135952	7.93545	4.60985
135952	7.9641	4.62651
135952	7.99275	4.64317
135952	8.0214	4.65984
135952	8.05004	4.6765
135952	8.07869	4.69316
135952	8.10734	4.70982
135952	8.13599	4.72649
135952	8.16463	4.74315
135952	8.19328	4.75981
135952	8.22193	4.77647
135952	8.25058	4.79314
135952	8.27922	4.8098
135952	8.30787	4.82646
135952	8.33652	4.84312
135952	8.36517	4.85979
135952	8.39381	4.87645
135952	8.42246	4.89311
135952	8.45111	4.90977
135952	8.47976	4.92644
135952	8.5084	4.9431
135952	8.53705	4.95976
135952	8.5657	4.97643
135952	8.59435	4.99309
135952	8.62299	5.00975
135952	8.65164	5.02641
135952	8.68029	5.04308
135952	8.70894	5.05974
135952	8.73758	5.0764
135952	8.76623	5.09306
135952	8.79488	5.10973
135952	8.82353	5.12639
135952	8.85217	5.14305
135952	8.88082	5.15971
135952	8.90947	5.17638
135952	8.93812	5.19304
135952	8.96676	5.2097
135952	8.99541	5.22636
135952	9.02406	5.24303
135952	9.05271	5.25969
135952	9.08135	5.27635
135952	9.11	5.29301
135952	9.13865	5.30968
135952	9.1673	5.32634
135952	9.19594	5.343
135952	9.22459	5.35966
135952	9.25324	5.37633
135952	9.28189	5.39299
135952	9.31053	5.40965
135952	9.33918	5.42632
135952	9.36783	5.44298
135952	9.39648	5.45964
135952	9.42512	5.4763
135952	9.45377	5.49297
135952	9.48242	5.50963
135952	9.51107	5.52629
135952	9.53971	5.54295
135952	9.56836	5.55962
135952	9.59701	5.57628
135952	9.62566	5.59294
135952	9.6543	5.6096
135952	9.68295	5.62627
135952	9.7116	5.64293
135952	9.74024	5.65959
135952	9.76889	5.67625
135952	9.79754	5.69292
135952	9.82619	5.70958
135952	9.85484	5.72624
135952	9.88348	5.7429
135952	9.91213	5.75957
135952	9.94078	5.77623
135952	9.96943	5.79289
135952	9.99807	5.80956
135952	10.0267	5.82622
135952	10.0554	5.84288
135952	10.084	5.85954
135952	10.1127	5.87621
135952	10.1413	5.89287
135952	10.17	5.90953
135952	10.1986	5.92619
135952	10.2273	5.94286
135952	10.2559	5.95952
135952	10.2845	5.97618
135952	10.3132	5.99284
135952	10.3418	6.00951
135952	10.3705	6.02617
135952	10.3991	6.04283
135952	10.4278	6.05949
135952	10.4564	6.07616
135952	10.4851	6.09282
135952	10.5137	6.10948
135952	10.5424	6.12614
135952	10.571	6.14281
135952	10.5997	6.15947
135952	10.6283	6.17613
135952	10.657	6.19279
135952	10.6856	6.20946
135952	10.7143	6.22612
135952	10.7429	6.24278
135952	10.7716	6.25945
135952	10.8002	6.27611
135952	10.8288	6.29277
135952	10.8575	6.30943
135952	10.8861	6.3261
135952	10.9148	6.34276
135952	10.9434	6.35942
135952	10.9721	6.37608
135952	11.0007	6.39275
135952	11.0294	6.40941
135952	11.058	6.42607
135952	11.0867	6.44273
135952	11.1153	6.4594
135952	11.144	6.47606
135952	11.1726	6.49272
135952	11.2013	6.50938
135952	11.2299	6.52605
135952	11.2586	6.54271
135952	11.2872	6.55937
135952	11.3159	6.57603
135952	11.3445	6.5927
135952	11.3732	6.60936
135952	11.4018	6.62602
135952	11.4304	6.64268
135952	11.4591	6.65935
135952	11.4877	6.67601
135952	11.5164	6.69267
135952	11.545	6.70934
135952	11.5737	6.726
135952	11.6023	6.74266
135952	11.631	6.75932
135952	11.6596	6.77599
135952	11.6883	6.79265
135952	11.7169	6.80931
135952	11.7456	6.82597
135952	11.7742	6.84264
135952	11.8029	6.8593
135952	11.8315	6.87596
135952	11.8602	6.89262
135952	11.8888	6.90929
135952	11.9175	6.92595
135952	11.9461	6.94261
135952	11.9747	6.95927
135952	12.0034	6.97594
135952	12.032	6.9926
135952	12.0607	7.00926
135952	12.0893	7.02592
135952	12.118	7.04259
135952	12.1466	7.05925
135952	12.1753	7.07591
135952	12.2039	7.09258
135952	12.2326	7.10924
135952	12.2612	7.1259
135952	12.2899	7.14256
135952	12.3185	7.15923
135952	12.3472	7.17589
135952	12.3758	7.19255
135952	12.4045	7.20921
135952	12.4331	7.22588
135952	12.4618	7.24254
135952	12.4904	7.2592
135952	12.5191	7.27586
135952	12.5477	7.29253
135952	12.5763	7.30919
135952	12.605	7.32585
135952	12.6336	7.34251
135952	12.6623	7.35918
135952	12.6909	7.37584
135952	12.7196	7.3925
135952	12.7482	7.40916
135952	12.7769	7.42583
135952	12.8055	7.44249
135952	12.8342	7.45915
135952	12.8628	7.47581
135952	12.8915	7.49248
135952	12.9201	7.50914
135952	12.9488	7.5258
135952	12.9774	7.54247
135952	13.0061	7.55913
135952	13.0347	7.57579
135952	13.0634	7.59245
135952	13.092	7.60912
135952	13.1206	7.62578
135952	13.1493	7.64244
135952	13.1779	7.6591
135952	13.2066	7.67577
135952	13.2352	7.69243
135952	13.2639	7.70909
135952	13.2925	7.72575
135952	13.3212	7.74242
135952	13.3498	7.75908
135952	13.3785	7.77574
135952	13.4071	7.7924
135952	13.4358	7.80907
135952	13.4644	7.82573
135952	13.4931	7.84239
135952	13.5217	7.85905
135952	13.5504	7.87572
135952	13.579	7.89238
135952	13.6077	7.90904
135952	13.6363	7.9257
135952	13.665	7.94237
135952	13.6936	7.95903
135952	13.7222	7.97569
135952	13.7509	7.99236
135952	13.7795	8.00902
135952	13.8082	8.02568
135952	13.8368	8.04234
135952	13.8655	8.05901
135952	13.8941	8.07567
135952	13.9228	8.09233
135952	13.9514	8.10899
135952	13.9801	8.12566
135952	14.0087	8.14232
135952	14.0374	8.15898
135952	14.066	8.17564
135952	14.0947	8.19231
135952	14.1233	8.20897
135952	14.152	8.22563
135952	14.1806	8.24229
135952	14.2093	8.25896
135952	14.2379	8.27562
135952	14.2665	8.29228
135952	14.2952	8.30894
135952	14.3238	8.32561
135952	14.3525	8.34227
135952	14.3811	8.35893
135952	14.4098	8.3756
135952	14.4384	8.39226
135952	14.4671	8.40892
135952	14.4957	8.42558
135952	14.5244	8.44225
135952	14.553	8.45891
135952	14.5817	8.47557
135952	14.6103	8.49223
135952	14.639	8.5089
135952	14.6676	8.52556
135952	14.6963	8.54222
135952	14.7249	8.55888
135952	14.7536	8.57555
135952	14.7822	8.59221
135952	14.8109	8.60887
135952	14.8395	8.62553
135952	14.8681	8.6422
135952	14.8968	8.65886
135952	14.9254	8.67552
135952	14.9541	8.69218
135952	14.9827	8.70885
135952	15.0114	8.72551
135952	15.04	8.74217
135952	15.0687	8.75883
135952	15.0973	8.7755
135952	15.126	8.79216
135952	15.1546	8.80882
135952	15.1833	8.82549
135952	15.2119	8.84215
135952	15.2406	8.85881
135952	15.2692	8.87547
135952	15.2979	8.89214
135952	15.3265	8.9088
135952	15.3552	8.92546
135952	15.3838	8.94212
135952	15.4124	8.95879
135952	15.4411	8.97545
135952	15.4697	8.99211
135952	15.4984	9.00877
135952	15.527	9.02544
135952	15.5557	9.0421
135952	15.5843	9.05876
135952	15.613	9.07542
135952	15.6416	9.09209
135952	15.6703	9.10875
135952	15.6989	9.12541
135952	15.7276	9.14207
135952	15.7562	9.15874
135952	15.7849	9.1754
135952	15.8135	9.19206
135952	15.8422	9.20872
135952	15.8708	9.22539
135952	15.8995	9.24205
135952	15.9281	9.25871
135952	15.9567	9.27538
135952	15.9854	9.29204
135952	16.014	9.3087
135952	16.0427	9.32536
135952	16.0713	9.34203
135952	16.1	9.35869
135952	16.1286	9.37535
135952	16.1573	9.39201
135952	16.1859	9.40868
135952	16.2146	9.42534
135952	16.2432	9.442
135952	16.2719	9.45866
135952	16.3005	9.47533
135952	16.3292	9.49199
135952	16.3578	9.50865
135952	16.3865	9.52531
135952	16.4151	9.54198
135952	16.4438	9.55864
135952	16.4724	9.5753
135952	16.5011	9.59196
135952	16.5297	9.60863
135952	16.5583	9.62529
135952	16.587	9.64195
135952	16.6156	9.65862
135952	16.6443	9.67528
135952	16.6729	9.69194
135952	16.7016	9.7086
135952	16.7302	9.72527
135952	16.7589	9.74193
135952	16.7875	9.75859
135952	16.8162	9.77525
135952	16.8448	9.79192
135952	16.8735	9.80858
135952	16.9021	9.82524
135952	16.9308	9.8419
135952	16.9594	9.85857
135952	16.9881	9.87523
135952	17.0167	9.89189
135952	17.0454	9.90855
135952	17.074	9.92522
135952	17.1026	9.94188
135952	17.1313	9.95854
135952	17.1599	9.9752
135952	17.1886	9.99187
135952	17.2172	10.0085
135952	17.2459	10.0252
135952	17.2745	10.0419
135952	17.3032	10.0585
135952	17.3318	10.0752
135952	17.3605	10.0918
135952	17.3891	10.1085
135952	17.4178	10.1252
135952	17.4464	10.1418
135952	17.4751	10.1585
135952	17.5037	10.1752
135952	17.5324	10.1918
135952	17.561	10.2085
135952	17.5897	10.2251
135952	17.6183	10.2418
135952	17.647	10.2585
135952	17.6756	10.2751
135952	17.7042	10.2918
135952	17.7329	10.3085
135952	17.7615	10.3251
135952	17.7902	10.3418
135952	17.8188	10.3584
135952	17.8475	10.3751
135952	17.8761	10.3918
135952	17.9048	10.4084
135952	17.9334	10.4251
135952	17.9621	10.4418
135952	17.9907	10.4584
135952	18.0194	10.4751
135952	18.048	10.4917
135952	18.0767	10.5084
135952	18.1053	10.5251
135952	18.134	10.5417
135952	18.1626	10.5584
135952	18.1913	10.5751
135952	18.2199	10.5917
135952	18.2485	10.6084
135952	18.2772	10.625
135952	18.3058	10.6417
135952	18.3345	10.6584
135952	18.3631	10.675
135952	18.3918	10.6917
135952	18.4204	10.7084
135952	18.4491	10.725
135952	18.4777	10.7417
135952	18.5064	10.7583
135952	18.535	10.775
135952	18.5637	10.7917
135952	18.5923	10.8083
135952	18.621	10.825
135952	18.6496	10.8417
135952	18.6783	10.8583
135952	18.7069	10.875
135952	18.7356	10.8916
135952	18.7642	10.9083
135952	18.7929	10.925
135952	18.8215	10.9416
135952	18.8501	10.9583
135952	18.8788	10.975
135952	18.9074	10.9916
135952	18.9361	11.0083
135952	18.9647	11.0249
135952	18.9934	11.0416
135952	19.022	11.0583
135952	19.0507	11.0749
135952	19.0793	11.0916
135952	19.108	11.1083
135952	19.1366	11.1249
135952	19.1653	11.1416
135952	19.1939	11.1582
135952	19.2226	11.1749
135952	19.2512	11.1916
135952	19.2799	11.2082
135952	19.3085	11.2249
135952	19.3372	11.2416
135952	19.3658	11.2582
135952	19.3944	11.2749
135952	19.4231	11.2915
135952	19.4517	11.3082
135952	19.4804	11.3249
135952	19.509	11.3415
135952	19.5377	11.3582
135952	19.5663	11.3749
135952	19.595	11.3915
135952	19.6236	11.4082
135952	19.6523	11.4249
135952	19.6809	11.4415
135952	19.7096	11.4582
135952	19.7382	11.4748
135952	19.7669	11.4915
135952	19.7955	11.5082
135952	19.8242	11.5248
135952	19.8528	11.5415
135952	19.8815	11.5582
135952	19.9101	11.5748
135952	19.9387	11.5915
135952	19.9674	11.6081
135952	19.996	11.6248
135952	20.0247	11.6415
135952	20.0533	11.6581
135952	20.082	11.6748
135952	20.1106	11.6915
135952	20.1393	11.7081
135952	20.1679	11.7248
135952	20.1966	11.7414
135952	20.2252	11.7581
135952	20.2539	11.7748
135952	20.2825	11.7914
135952	20.3112	11.8081
135952	20.3398	11.8248
135952	20.3685	11.8414
135952	20.3971	11.8581
135952	20.4258	11.8747
135952	20.4544	11.8914
135952	20.4831	11.9081
135952	20.5117	11.9247
135952	20.5403	11.9414
135952	20.569	11.9581
135952	20.5976	11.9747
135952	20.6263	11.9914
135952	20.6549	12.008
135952	20.6836	12.0247
135952	20.7122	12.0414
135952	20.7409	12.058
135952	20.7695	12.0747
135952	20.7982	12.0914
135952	20.8268	12.108
135952	20.8555	12.1247
135952	20.8841	12.1413
135952	20.9128	12.158
135952	20.9414	12.1747
135952	20.9701	12.1913
135952	20.9987	12.208
135952	21.0274	12.2247
135952	21.056	12.2413
135952	21.0846	12.258
135952	21.1133	12.2746
135952	21.1419	12.2913
135952	21.1706	12.308
135952	21.1992	12.3246
135952	21.2279	12.3413
135952	21.2565	12.358
135952	21.2852	12.3746
135952	21.3138	12.3913
135952	21.3425	12.4079
135952	21.3711	12.4246
135952	21.3998	12.4413
135952	21.4284	12.4579
135952	21.4571	12.4746
135952	21.4857	12.4913
135952	21.5144	12.5079
135952	21.543	12.5246
135952	21.5717	12.5412
135952	21.6003	12.5579
135952	21.629	12.5746
135952	21.6576	12.5912
135952	21.6862	12.6079
135952	21.7149	12.6246
135952	21.7435	12.6412
135952	21.7722	12.6579
135952	21.8008	12.6745
135952	21.8295	12.6912
135952	21.8581	12.7079
135952	21.8868	12.7245
135952	21.9154	12.7412
135952	21.9441	12.7579
135952	21.9727	12.7745
135952	22.0014	12.7912
135952	22.03	12.8078
135952	22.0587	12.8245
135952	22.0873	12.8412
135952	22.116	12.8578
135952	22.1446	12.8745
135952	22.1733	12.8912
135952	22.2019	12.9078
135952	22.2305	12.9245
135952	22.2592	12.9411
135952	22.2878	12.9578
135952	22.3165	12.9745
135952	22.3451	12.9911
135952	22.3738	13.0078
135952	22.4024	13.0245
135952	22.4311	13.0411
135952	22.4597	13.0578
135952	22.4884	13.0744
135952	22.517	13.0911
135952	22.5457	13.1078
135952	22.5743	13.1244
135952	22.603	13.1411
135952	22.6316	13.1578
135952	22.6603	13.1744
135952	22.6889	13.1911
135952	22.7176	13.2077
135952	22.7462	13.2244
135952	22.7749	13.2411
135952	22.8035	13.2577
135952	22.8321	13.2744
135952	22.8608	13.2911
135952	22.8894	13.3077
135952	22.9181	13.3244
135952	22.9467	13.341
135952	22.9754	13.3577
135952	23.004	13.3744
135952	23.0327	13.391
135952	23.0613	13.4077
135952	23.09	13.4244
135952	23.1186	13.441
135952	23.1473	13.4577
135952	23.1759	13.4743
135952	23.2046	13.491
135952	23.2332	13.5077
135952	23.2619	13.5243
135952	23.2905	13.541
135952	23.3192	13.5577
135952	23.3478	13.5743
135952	23.3764	13.591
135952	23.4051	13.6077
135952	23.4337	13.6243
135952	23.4624	13.641
135952	23.491	13.6576
135952	23.5197	13.6743
135952	23.5483	13.691
135952	23.577	13.7076
135952	23.6056	13.7243
135952	23.6343	13.741
135952	23.6629	13.7576
135952	23.6916	13.7743
135952	23.7202	13.7909
135952	23.7489	13.8076
135952	23.7775	13.8243
135952	23.8062	13.8409
135952	23.8348	13.8576
135952	23.8635	13.8743
135952	23.8921	13.8909
135952	23.9207	13.9076
135952	23.9494	13.9242
135952	23.978	13.9409
135952	24.0067	13.9576
135952	24.0353	13.9742
135952	24.064	13.9909
135952	24.0926	14.0076
135952	24.1213	14.0242
135952	24.1499	14.0409
135952	24.1786	14.0575
135952	24.2072	14.0742
135952	24.2359	14.0909
135952	24.2645	14.1075
135952	24.2932	14.1242
135952	24.3218	14.1409
135952	24.3505	14.1575
135952	24.3791	14.1742
135952	24.4078	14.1908
135952	24.4364	14.2075
135952	24.4651	14.2242
135952	24.4937	14.2408
135952	24.5223	14.2575
135952	24.551	14.2742
135952	24.5796	14.2908
135952	24.6083	14.3075
135952	24.6369	14.3241
135952	24.6656	14.3408
135952	24.6942	14.3575
135952	24.7229	14.3741
135952	24.7515	14.3908
135952	24.7802	14.4075
135952	24.8088	14.4241
135952	24.8375	14.4408
135952	24.8661	14.4574
135952	24.8948	14.4741
135952	24.9234	14.4908
135952	24.9521	14.5074
135952	24.9807	14.5241
135952	25.0094	14.5408
135952	25.038	14.5574
135952	25.0666	14.5741
135952	25.0953	14.5907
135952	25.1239	14.6074
135952	25.1526	14.6241
135952	25.1812	14.6407
135952	25.2099	14.6574
135952	25.2385	14.6741
135952	25.2672	14.6907
135952	25.2958	14.7074
135952	25.3245	14.724
135952	25.3531	14.7407
135952	25.3818	14.7574
135952	25.4104	14.774
135952	25.4391	14.7907
135952	25.4677	14.8074
135952	25.4964	14.824
135952	25.525	14.8407
135952	25.5537	14.8573
135952	25.5823	14.874
135952	25.611	14.8907
135952	25.6396	14.9073
135952	25.6682	14.924
135952	25.6969	14.9407
135952	25.7255	14.9573
135952	25.7542	14.974
135952	25.7828	14.9906
135952	25.8115	15.0073
135952	25.8401	15.024
135952	25.8688	15.0406
135952	25.8974	15.0573
135952	25.9261	15.074
135952	25.9547	15.0906
135952	25.9834	15.1073
135952	26.012	15.1239
135952	26.0407	15.1406
135952	26.0693	15.1573
135952	26.098	15.1739
135952	26.1266	15.1906
135952	26.1553	15.2073
135952	26.1839	15.2239
135952	26.2125	15.2406
135952	26.2412	15.2572
135952	26.2698	15.2739
135952	26.2985	15.2906
135952	26.3271	15.3072
135952	26.3558	15.3239
135952	26.3844	15.3406
135952	26.4131	15.3572
135952	26.4417	15.3739
135952	26.4704	15.3905
135952	26.499	15.4072
135952	26.5277	15.4239
135952	26.5563	15.4405
135952	26.585	15.4572
135952	26.6136	15.4739
135952	26.6423	15.4905
135952	26.6709	15.5072
135952	26.6996	15.5238
135952	26.7282	15.5405
135952	26.7568	15.5572
135952	26.7855	15.5738
135952	26.8141	15.5905
135952	26.8428	15.6072
135952	26.8714	15.6238
135952	26.9001	15.6405
135952	26.9287	15.6572
135951	26.9574	15.6738
135951	26.986	15.6905
135951	27.0147	15.7071
135951	27.0433	15.7238
135951	27.072	15.7405
135951	27.1006	15.7571
135951	27.1293	15.7738
135951	27.1579	15.7905
135950	27.1866	15.8071
135950	27.2152	15.8238
135950	27.2439	15.8404
135950	27.2725	15.8571
135950	27.3012	15.8738
135950	27.3298	15.8904
135950	27.3584	15.9071
135950	27.3871	15.9238
135950	27.4157	15.9404
135950	27.4444	15.9571
135950	27.473	15.9737
135950	27.5017	15.9904
135950	27.5303	16.0071
135950	27.559	16.0237
135950	27.5876	16.0404
135950	27.6163	16.0571
135950	27.6449	16.0737
135950	27.6736	16.0904
135950	27.7022	16.107
135950	27.7309	16.1237
135950	27.7595	16.1404
135950	27.7882	16.157
135950	27.8168	16.1737
135950	27.8455	16.1904
135950	27.8741	16.207
135950	27.9028	16.2237
135950	27.9314	16.2403
135950	27.96	16.257
135950	27.9887	16.2737
135950	28.0173	16.2903
135950	28.046	16.307
135950	28.0746	16.3237
135950	28.1033	16.3403
135950	28.1319	16.357
135950	28.1606	16.3736
135950	28.1892	16.3903
135950	28.2179	16.407
135950	28.2465	16.4236
135950	28.2752	16.4403
135950	28.3038	16.457
135950	28.3325	16.4736
135950	28.3611	16.4903
135950	28.3898	16.5069
135950	28.4184	16.5236
135950	28.4471	16.5403
135950	28.4757	16.5569
135950	28.5043	16.5736
135950	28.533	16.5903
135950	28.5616	16.6069
135950	28.5903	16.6236
135950	28.6189	16.6402
135950	28.6476	16.6569
135950	28.6762	16.6736
135950	28.7049	16.6902
135950	28.7335	16.7069
135950	28.7622	16.7236
135950	28.7908	16.7402
135950	28.8195	16.7569
135950	28.8481	16.7735
135950	28.8768	16.7902
135950	28.9054	16.8069
135950	28.9341	16.8235
135950	28.9627	16.8402
135950	28.9914	16.8569
135950	29.02	16.8735
135950	29.0487	16.8902
135950	29.0773	16.9068
135950	29.106	16.9235
135950	29.1346	16.9402
135950	29.1633	16.9568
135950	29.1919	16.9735
135950	29.2206	16.9902
135950	29.2492	17.0068
135950	29.2779	17.0235
135950	29.3065	17.0401
135950	29.3352	17.0568
135950	29.3638	17.0735
135950	29.3925	17.0901
135950	29.4211	17.1068
135950	29.4498	17.1235
135950	29.4784	17.1401
135950	29.5071	17.1568
135950	29.5357	17.1734
135950	29.5644	17.1901
135950	29.593	17.2068
135950	29.6217	17.2234
135950	29.6503	17.2401
135950	29.679	17.2568
135950	29.7076	17.2734
135950	29.7363	17.2901
135950	29.7649	17.3067
135950	29.7936	17.3234
135950	29.8222	17.3401
135950	29.8508	17.3567
135950	29.8795	17.3734
135950	29.9081	17.3901
135950	29.9368	17.4067
135950	29.9654	17.4234
135950	29.9941	17.44
135950	30.0227	17.4567
135950	30.0514	17.4734
135950	30.08	17.49
135950	30.1087	17.5067
135950	30.1373	17.5234
135950	30.166	17.54
135950	30.1946	17.5567
135950	30.2233	17.5733
135950	30.2519	17.59
135950	30.2806	17.6067
135950	30.3092	17.6233
135950	30.3379	17.64
135950	30.3665	17.6567
135950	30.3952	17.6733
135950	30.4238	17.69
135950	30.4525	17.7066
135950	30.4811	17.7233
135950	30.5098	17.74
135950	30.5384	17.7566
135950	30.5671	17.7733
135950	30.5957	17.79
135950	30.6244	17.8066
135950	30.653	17.8233
135950	30.6817	17.84
135950	30.7103	17.8566
135950	30.739	17.8733
135950	30.7676	17.8899
135950	30.7963	17.9066
135949	30.8249	17.9233
135949	30.8536	17.9399
135949	30.8822	17.9566
135949	30.9109	17.9733
135949	30.9395	17.9899
135949	30.9682	18.0066
135949	30.9968	18.0232
135949	31.0255	18.0399
135949	31.0541	18.0566
135949	31.0828	18.0732
135949	31.1114	18.0899
135949	31.1401	18.1066
135949	31.1687	18.1232
135949	31.1974	18.1399
135949	31.226	18.1565
135949	31.2547	18.1732
135949	31.2833	18.1899
135949	31.312	18.2065
135949	31.3406	18.2232
135949	31.3693	18.2399
135949	31.3979	18.2565
135949	31.4266	18.2732
135949	31.4552	18.2898
135949	31.4839	18.3065
135949	31.5125	18.3232
135949	31.5412	18.3398
135949	31.5698	18.3565
135949	31.5984	18.3732
135949	31.6271	18.3898
135949	31.6557	18.4065
135949	31.6844	18.4231
135949	31.713	18.4398
135949	31.7417	18.4565
135949	31.7703	18.4731
135949	31.799	18.4898
135949	31.8276	18.5065
135949	31.8563	18.5231
135948	31.8849	18.5398
135948	31.9136	18.5564
135948	31.9422	18.5731
135948	31.9709	18.5898
135948	31.9995	18.6064
135948	32.0282	18.6231
135948	32.0568	18.6398
135948	32.0855	18.6564
135948	32.1141	18.6731
135948	32.1428	18.6897
135948	32.1714	18.7064
135948	32.2001	18.7231
135948	32.2287	18.7397
135948	32.2574	18.7564
135948	32.286	18.7731
135948	32.3147	18.7897
135948	32.3433	18.8064
135948	32.372	18.823
135948	32.4006	18.8397
135948	32.4293	18.8564
135948	32.4579	18.873
135948	32.4866	18.8897
135948	32.5152	18.9064
135948	32.5439	18.923
135948	32.5725	18.9397
135948	32.6012	18.9563
135948	32.6298	18.973
135948	32.6585	18.9897
135948	32.6871	19.0063
135948	32.7158	19.023
135948	32.7444	19.0397
135948	32.7731	19.0563
135948	32.8017	19.073
135948	32.8304	19.0896
135948	32.859	19.1063
135948	32.8877	19.123
135948	32.9163	19.1396
135948	32.945	19.1563
135948	32.9736	19.173
135948	33.0023	19.1896
135948	33.0309	19.2063
135948	33.0596	19.2229
135948	33.0882	19.2396
135948	33.1169	19.2563
135948	33.1455	19.2729
135948	33.1742	19.2896
135948	33.2028	19.3063
135948	33.2315	19.3229
135948	33.2601	19.3396
135948	33.2888	19.3562
135948	33.3174	19.3729
135948	33.3461	19.3896
135948	33.3747	19.4062
135948	33.4034	19.4229
135948	33.432	19.4396
135948	33.4606	19.4562
135948	33.4893	19.4729
135948	33.5179	19.4895
135948	33.5466	19.5062
135948	33.5752	19.5229
135948	33.6039	19.5395
135948	33.6325	19.5562
135948	33.6612	19.5729
135948	33.6898	19.5895
135948	33.7185	19.6062
135948	33.7471	19.6228
135948	33.7758	19.6395
135948	33.8044	19.6562
135948	33.8331	19.6728
135948	33.8617	19.6895
135948	33.8904	19.7062
135948	33.919	19.7228
135948	33.9477	19.7395
135948	33.9763	19.7561
135948	34.005	19.7728
135948	34.0336	19.7895
135948	34.0623	19.8061
135948	34.0909	19.8228
135948	34.1196	19.8395
135948	34.1482	19.8561
135948	34.1769	19.8728
135948	34.2055	19.8895
135948	34.2342	19.9061
135948	34.2628	19.9228
135948	34.2915	19.9394
135948	34.3201	19.9561
135948	34.3488	19.9728
135948	34.3774	19.9894
135948	34.4061	20.0061
135948	34.4347	20.0228
135948	34.4634	20.0394
135948	34.492	20.0561
135948	34.5207	20.0727
135948	34.5493	20.0894
135948	34.578	20.1061
135948	34.6066	20.1227
135948	34.6353	20.1394
135948	34.6639	20.1561
135948	34.6926	20.1727
135948	34.7212	20.1894
135948	34.7499	20.206
135948	34.7785	20.2227
135948	34.8072	20.2394
135948	34.8358	20.256
135948	34.8645	20.2727
135948	34.8931	20.2894
135948	34.9218	20.306
135948	34.9504	20.3227
135948	34.9791	20.3393
135948	35.0077	20.356
135948	35.0364	20.3727
135948	35.065	20.3893
135948	35.0937	20.406
135948	35.1223	20.4227
135948	35.151	20.4393
135948	35.1796	20.456
135948	35.2082	20.4726
135948	35.2369	20.4893
135948	35.2655	20.506
135948	35.2942	20.5226
135948	35.3228	20.5393
135948	35.3515	20.556
135948	35.3801	20.5726
135948	35.4088	20.5893
135948	35.4374	20.6059
135948	35.4661	20.6226
135948	35.4947	20.6393
135948	35.5234	20.6559
135948	35.552	20.6726
135948	35.5807	20.6893
135948	35.6093	20.7059
135948	35.638	20.7226
135948	35.6666	20.7392
135948	35.6953	20.7559
135948	35.7239	20.7726
135948	35.7526	20.7892
135948	35.7812	20.8059
135948	35.8099	20.8226
135948	35.8385	20.8392
135948	35.8672	20.8559
135948	35.8958	20.8725
135948	35.9245	20.8892
135948	35.9531	20.9059
135948	35.9818	20.9225
135948	36.0104	20.9392
135948	36.0391	20.9559
135948	36.0677	20.9725
135948	36.0964	20.9892
135948	36.125	21.0058
135948	36.1537	21.0225
135948	36.1823	21.0392
135948	36.211	21.0558
135948	36.2396	21.0725
135948	36.2683	21.0892
135948	36.2969	21.1058
135948	36.3256	21.1225
135948	36.3542	21.1391
135948	36.3829	21.1558
135948	36.4115	21.1725
135948	36.4402	21.1891
135948	36.4688	21.2058
135948	36.4975	21.2225
135948	36.5261	21.2391
135948	36.5548	21.2558
135948	36.5834	21.2724
135948	36.6121	21.2891
135948	36.6407	21.3058
135948	36.6694	21.3224
135948	36.698	21.3391
135948	36.7267	21.3558
135948	36.7553	21.3724
135948	36.784	21.3891
135948	36.8126	21.4057
135948	36.8413	21.4224
135948	36.8699	21.4391
135948	36.8985	21.4557
135948	36.9272	21.4724
135948	36.9558	21.4891
135948	36.9845	21.5057
135948	37.0131	21.5224
135948	37.0418	21.539
135948	37.0704	21.5557
135948	37.0991	21.5724
135948	37.1277	21.589
135948	37.1564	21.6057
135948	37.185	21.6224
135948	37.2137	21.639
135948	37.2423	21.6557
135948	37.271	21.6723
135948	37.2996	21.689
135948	37.3283	21.7057
135948	37.3569	21.7223
135948	37.3856	21.739
135948	37.4142	21.7557
135948	37.4429	21.7723
135948	37.4715	21.789
135948	37.5002	21.8056
135948	37.5288	21.8223
135948	37.5575	21.839
135948	37.5861	21.8556
135948	37.6148	21.8723
135948	37.6434	21.889
135948	37.6721	21.9056
135948	37.7007	21.9223
135948	37.7294	21.9389
135948	37.758	21.9556
135948	37.7867	21.9723
135948	37.8153	21.9889
135948	37.844	22.0056
135948	37.8726	22.0223
135948	37.9013	22.0389
135948	37.9299	22.0556
135948	37.9586	22.0723
135948	37.9872	22.0889
135948	38.0159	22.1056
135948	38.0445	22.1222
135948	38.0732	22.1389
135948	38.1018	22.1556
135948	38.1305	22.1722
135948	38.1591	22.1889
135948	38.1878	22.2056
135948	38.2164	22.2222
135948	38.2451	22.2389
135948	38.2737	22.2555
135948	38.3024	22.2722
135948	38.331	22.2889
135948	38.3597	22.3055
135948	38.3883	22.3222
135948	38.417	22.3389
135948	38.4456	22.3555
135948	38.4743	22.3722
135948	38.5029	22.3888
135948	38.5316	22.4055
135948	38.5602	22.4222
135948	38.5889	22.4388
135948	38.6175	22.4555
135948	38.6461	22.4722
135948	38.6748	22.4888
135948	38.7034	22.5055
135948	38.7321	22.5221
135948	38.7607	22.5388
135948	38.7894	22.5555
135948	38.818	22.5721
135948	38.8467	22.5888
135948	38.8753	22.6055
135948	38.904	22.6221
135948	38.9326	22.6388
135948	38.9613	22.6554
135948	38.9899	22.6721
135948	39.0186	22.6888
135948	39.0472	22.7054
135948	39.0759	22.7221
135948	39.1045	22.7388
135948	39.1332	22.7554
135948	39.1618	22.7721
135948	39.1905	22.7887
135948	39.2191	22.8054
135948	39.2478	22.8221
135948	39.2764	22.8387
135948	39.3051	22.8554
135948	39.3337	22.8721
135948	39.3624	22.8887
135947	39.391	22.9054
135947	39.4197	22.922
135947	39.4483	22.9387
135947	39.477	22.9554
135947	39.5056	22.972
135947	39.5343	22.9887
135947	39.5629	23.0054
135947	39.5916	23.022
135947	39.6202	23.0387
135947	39.6489	23.0553
135947	39.6775	23.072
135947	39.7062	23.0887
135947	39.7348	23.1053
135947	39.7635	23.122
135947	39.7921	23.1387
135947	39.8208	23.1553
135947	39.8494	23.172
135947	39.8781	23.1886
135947	39.9067	23.2053
135947	39.9354	23.222
135947	39.964	23.2386
135947	39.9927	23.2553
135947	40.0213	23.272
135947	40.05	23.2886
135947	40.0786	23.3053
135947	40.1073	23.3219
135947	40.1359	23.3386
135947	40.1646	23.3553
135947	40.1932	23.3719
135947	40.2219	23.3886
135947	40.2505	23.4053
135947	40.2792	23.4219
135947	40.3078	23.4386
135947	40.3365	23.4552
135947	40.3651	23.4719
135946	40.3937	23.4886
135946	40.4224	23.5052
135946	40.451	23.5219
135946	40.4797	23.5386
135946	40.5083	23.5552
135946	40.537	23.5719
135946	40.5656	23.5885
135946	40.5943	23.6052
135946	40.6229	23.6219
135946	40.6516	23.6385
135946	40.6802	23.6552
135946	40.7089	23.6719
135946	40.7375	23.6885
135946	40.7662	23.7052
135946	40.7948	23.7218
135946	40.8235	23.7385
135946	40.8521	23.7552
135946	40.8808	23.7718
135946	40.9094	23.7885
135946	40.9381	23.8052
135946	40.9667	23.8218
135946	40.9954	23.8385
135946	41.024	23.8551
135946	41.0527	23.8718
135946	41.0813	23.8885
135946	41.11	23.9051
135946	41.1386	23.9218
135946	41.1673	23.9385
135946	41.1959	23.9551
135946	41.2246	23.9718
135946	41.2532	23.9884
135946	41.2819	24.0051
135946	41.3105	24.0218
135946	41.3392	24.0384
135946	41.3678	24.0551
135946	41.3965	24.0718
135946	41.4251	24.0884
135946	41.4538	24.1051
135946	41.4824	24.1217
135946	41.5111	24.1384
135946	41.5397	24.1551
135946	41.5684	24.1717
135946	41.597	24.1884
135946	41.6257	24.2051
135946	41.6543	24.2217
135945	41.683	24.2384
135945	41.7116	24.2551
135945	41.7403	24.2717
135945	41.7689	24.2884
135945	41.7976	24.305
135945	41.8262	24.3217
135945	41.8549	24.3384
135945	41.8835	24.355
135945	41.9122	24.3717
135945	41.9408	24.3884
135945	41.9695	24.405
135945	41.9981	24.4217
135945	42.0268	24.4383
135945	42.0554	24.455
135945	42.0841	24.4717
135945	42.1127	24.4883
135945	42.1413	24.505
135945	42.17	24.5217
135945	42.1987	24.5383
135942	42.2273	24.555
135936	42.2559	24.5716
135936	42.2846	24.5883
135936	42.3132	24.605
135933	42.3419	24.6216
135929	42.3705	24.6383
135929	42.3992	24.655
135929	42.4278	24.6716
135929	42.4565	24.6883
135929	42.4851	24.7049
135928	42.5138	24.7216
135924	42.5424	24.7383
135909	42.5711	24.7549
135896	42.5997	24.7716
135892	42.6284	24.7883
135892	42.657	24.8049
135892	42.6857	24.8216
135892	42.7143	24.8382
135892	42.743	24.8549
135887	42.7716	24.8716
135876	42.8003	24.8882
135868	42.8289	24.9049
135864	42.8576	24.9216
135854	42.8862	24.9382
135843	42.9149	24.9549
135839	42.9435	24.9715
135827	42.9722	24.9882
135815	43.0008	25.0049
135805	43.0295	25.0215
135796	43.0581	25.0382
135791	43.0868	25.0549
135780	43.1154	25.0715
135773	43.1441	25.0882
135772	43.1727	25.1048
135765	43.2014	25.1215
135749	43.23	25.1382
135739	43.2587	25.1548
135731	43.2873	25.1715
135724	43.316	25.1882
135713	43.3446	25.2048
135702	43.3733	25.2215
135695	43.4019	25.2381
135683	43.4306	25.2548
135674	43.4592	25.2715
135667	43.4879	25.2881
135666	43.5165	25.3048
135659	43.5452	25.3215
135648	43.5738	25.3381
135635	43.6025	25.3548
135625	43.6311	25.3714
135613	43.6598	25.3881
135603	43.6884	25.4048
135593	43.7171	25.4214
135583	43.7457	25.4381
135578	43.7744	25.4548
135564	43.803	25.4714
135556	43.8317	25.4881
135545	43.8603	25.5047
135539	43.889	25.5214
135518	43.9176	25.5381
135509	43.9463	25.5547
135493	43.9749	25.5714
135487	44.0035	25.5881
135476	44.0322	25.6047
135467	44.0608	25.6214
135450	44.0895	25.638
135438	44.1181	25.6547
135429	44.1468	25.6714
135416	44.1754	25.688
135403	44.2041	25.7047
135391	44.2327	25.7214
135373	44.2614	25.738
135366	44.29	25.7547
135351	44.3187	25.7713
135337	44.3473	25.788
135322	44.376	25.8047
135312	44.4046	25.8213
135293	44.4333	25.838
135284	44.4619	25.8547
135265	44.4906	25.8713
135256	44.5192	25.888
135237	44.5479	25.9046
135228	44.5765	25.9213
135214	44.6052	25.938
135195	44.6338	25.9546
135179	44.6625	25.9713
135163	44.6911	25.988
135145	44.7198	26.0046
135129	44.7484	26.0213
135112	44.7771	26.0379
135100	44.8057	26.0546
135080	44.8344	26.0713
135062	44.863	26.0879
135046	44.8917	26.1046
135031	44.9203	26.1213
135015	44.949	26.1379
134989	44.9776	26.1546
134970	45.0063	26.1712
134956	45.0349	26.1879
134947	45.0636	26.2046
134921	45.0922	26.2212
134908	45.1209	26.2379
134889	45.1495	26.2546
134864	45.1782	26.2712
134842	45.2068	26.2879
134835	45.2355	26.3046
134806	45.2641	26.3212
134790	45.2928	26.3379
134766	45.3214	26.3545
134749	45.3501	26.3712
134716	45.3787	26.3879
134699	45.4074	26.4045
134686	45.436	26.4212
134665	45.4647	26.4379
134640	45.4933	26.4545
134621	45.522	26.4712
134603	45.5506	26.4878
134580	45.5793	26.5045
134563	45.6079	26.5212
134539	45.6366	26.5378
134513	45.6652	26.5545
134483	45.6939	26.5712
134462	45.7225	26.5878
134449	45.7511	26.6045
134425	45.7798	26.6211
134398	45.8084	26.6378
134377	45.8371	26.6545
134362	45.8657	26.6711
134337	45.8944	26.6878
134309	45.923	26.7045
134286	45.9517	26.7211
134276	45.9803	26.7378
134239	46.009	26.7544
134227	46.0376	26.7711
134195	46.0663	26.7878
134169	46.0949	26.8044
134150	46.1236	26.8211
134122	46.1522	26.8378
134098	46.1809	26.8544
134076	46.2095	26.8711
134056	46.2382	26.8877
134026	46.2668	26.9044
134009	46.2955	26.9211
133988	46.3241	26.9377
133969	46.3528	26.9544
133924	46.3814	26.9711
133907	46.4101	26.9877
133883	46.4387	27.0044
133863	46.4674	27.021
133842	46.496	27.0377
133818	46.5247	27.0544
133783	46.5533	27.071
133766	46.582	27.0877
133734	46.6106	27.1044
133712	46.6393	27.121
133693	46.6679	27.1377
133666	46.6966	27.1543
133642	46.7252	27.171
133607	46.7539	27.1877
133584	46.7825	27.2043
133566	46.8112	27.221
133542	46.8398	27.2377
133495	46.8685	27.2543
133476	46.8971	27.271
133447	46.9258	27.2876
133425	46.9544	27.3043
133394	46.9831	27.321
133359	47.0117	27.3376
133318	47.0404	27.3543
133306	47.069	27.371
133281	47.0977	27.3876
133244	47.1263	27.4043
133219	47.155	27.4209
133186	47.1836	27.4376
133160	47.2123	27.4543
133135	47.2409	27.4709
133093	47.2696	27.4876
133068	47.2982	27.5043
133057	47.3269	27.5209
133011	47.3555	27.5376
132975	47.3842	27.5542
132951	47.4128	27.5709
132931	47.4415	27.5876
132888	47.4701	27.6042
132843	47.4987	27.6209
132813	47.5274	27.6376
132785	47.556	27.6542
132750	47.5847	27.6709
132712	47.6133	27.6875
132688	47.642	27.7042
132662	47.6706	27.7209
132623	47.6993	27.7375
132595	47.7279	27.7542
132561	47.7566	27.7709
132526	47.7852	27.7875
132493	47.8139	27.8042
132473	47.8425	27.8208
132443	47.8712	27.8375
132403	47.8998	27.8542
132363	47.9285	27.8708
132335	47.9571	27.8875
132297	47.9858	27.9042
132267	48.0144	27.9208
132242	48.0431	27.9375
132208	48.0717	27.9541
132173	48.1004	27.9708
132138	48.129	27.9875
132110	48.1577	28.0041
132070	48.1863	28.0208
132029	48.215	28.0375
131994	48.2436	28.0541
131967	48.2723	28.0708
131926	48.3009	28.0874
131892	48.3296	28.1041
131851	48.3582	28.1208
131814	48.3869	28.1374
131777	48.4155	28.1541
131744	48.4442	28.1708
131721	48.4728	28.1874
131683	48.5015	28.2041
131638	48.5301	28.2207
131602	48.5588	28.2374
131561	48.5874	28.2541
131530	48.6161	28.2707
131481	48.6447	28.2874
131442	48.6734	28.3041
131413	48.702	28.3207
131365	48.7307	28.3374
131341	48.7593	28.354
131302	48.788	28.3707
131261	48.8166	28.3874
131226	48.8453	28.404
131194	48.8739	28.4207
131157	48.9026	28.4374
131122	48.9312	28.454
131076	48.9599	28.4707
131043	48.9885	28.4874
131005	49.0172	28.504
130956	49.0458	28.5207
130908	49.0745	28.5373
130869	49.1031	28.554
130829	49.1318	28.5707
130782	49.1604	28.5873
130744	49.1891	28.604
130723	49.2177	28.6207
130675	49.2463	28.6373
130639	49.275	28.654
130597	49.3036	28.6706
130549	49.3323	28.6873
130512	49.3609	28.704
130470	49.3896	28.7206
130430	49.4182	28.7373
130379	49.4469	28.754
130341	49.4755	28.7706
130300	49.5042	28.7873
130246	49.5328	28.8039
130215	49.5615	28.8206
130173	49.5901	28.8373
130121	49.6188	28.8539
130086	49.6474	28.8706
130039	49.6761	28.8873
130003	49.7047	28.9039
129959	49.7334	28.9206
129911	49.762	28.9372
129862	49.7907	28.9539
129823	49.8193	28.9706
129778	49.848	28.9872
129734	49.8766	29.0039
129680	49.9053	29.0206
129644	49.9339	29.0372
129605	49.9626	29.0539
129562	49.9912	29.0705
129520	50.0199	29.0872
129477	50.0485	29.1039
129430	50.0772	29.1205
129384	50.1058	29.1372
129334	50.1345	29.1539
129299	50.1631	29.1705
129239	50.1918	29.1872
129200	50.2204	29.2038
129153	50.2491	29.2205
129110	50.2777	29.2372
129068	50.3064	29.2538
129018	50.335	29.2705
128977	50.3637	29.2872
128926	50.3923	29.3038
128874	50.421	29.3205
128814	50.4496	29.3371
128771	50.4783	29.3538
128726	50.5069	29.3705
128678	50.5356	29.3871
128622	50.5642	29.4038
128574	50.5929	29.4205
128525	50.6215	29.4371
128479	50.6502	29.4538
128434	50.6788	29.4704
128383	50.7075	29.4871
128328	50.7361	29.5038
128283	50.7648	29.5204
128232	50.7934	29.5371
128195	50.8221	29.5538
128143	50.8507	29.5704
128092	50.8794	29.5871
128038	50.908	29.6037
127988	50.9367	29.6204
127935	50.9653	29.6371
127887	50.9939	29.6537
127841	51.0226	29.6704
127790	51.0513	29.6871
127743	51.0799	29.7037
127693	51.1085	29.7204
127645	51.1372	29.737
127595	51.1658	29.7537
127547	51.1945	29.7704
127491	51.2231	29.787
127436	51.2518	29.8037
127384	51.2804	29.8204
127325	51.3091	29.837
127280	51.3377	29.8537
127232	51.3664	29.8703
127181	51.395	29.887
127122	51.4237	29.9037
127070	51.4523	29.9203
127020	51.481	29.937
126958	51.5096	29.9537
126916	51.5383	29.9703
126857	51.5669	29.987
126804	51.5956	30.0036
126756	51.6242	30.0203
126697	51.6529	30.037
126651	51.6815	30.0536
126591	51.7102	30.0703
126539	51.7388	30.087
126493	51.7675	30.1036
126442	51.7961	30.1203
126386	51.8248	30.1369
126333	51.8534	30.1536
126277	51.8821	30.1703
126215	51.9107	30.1869
126168	51.9394	30.2036
126109	51.968	30.2203
126065	51.9967	30.2369
126005	52.0253	30.2536
125951	52.054	30.2702
125899	52.0826	30.2869
125853	52.1113	30.3036
125789	52.1399	30.3202
125731	52.1686	30.3369
125675	52.1972	30.3536
125619	52.2259	30.3702
125556	52.2545	30.3869
125497	52.2832	30.4035
125448	52.3118	30.4202
125398	52.3405	30.4369
125341	52.3691	30.4535
125286	52.3978	30.4702
125229	52.4264	30.4869
125160	52.4551	30.5035
125101	52.4837	30.5202
125055	52.5124	30.5368
124991	52.541	30.5535
124943	52.5697	30.5702
124884	52.5983	30.5868
124836	52.627	30.6035
124776	52.6556	30.6202
124721	52.6843	30.6368
124664	52.7129	30.6535
124596	52.7416	30.6702
124535	52.7702	30.6868
124484	52.7989	30.7035
124417	52.8275	30.7201
124364	52.8561	30.7368
124308	52.8848	30.7535
124241	52.9134	30.7701
124180	52.9421	30.7868
124115	52.9707	30.8035
124058	52.9994	30.8201
123996	53.028	30.8368
123941	53.0567	30.8534
123878	53.0853	30.8701
123825	53.114	30.8868
123769	53.1426	30.9034
123708	53.1713	30.9201
123649	53.1999	30.9368
123595	53.2286	30.9534
123530	53.2572	30.9701
123466	53.2859	30.9867
123409	53.3145	31.0034
123361	53.3432	31.0201
123300	53.3718	31.0367
123230	53.4005	31.0534
123180	53.4291	31.0701
123119	53.4578	31.0867
123060	53.4864	31.1034
123002	53.5151	31.12
122939	53.5437	31.1367
122884	53.5724	31.1534
122811	53.601	31.17
122752	53.6297	31.1867
122681	53.6583	31.2034
122625	53.687	31.22
122569	53.7156	31.2367
122502	53.7443	31.2533
122429	53.7729	31.27
122377	53.8016	31.2867
122317	53.8302	31.3033
122254	53.8589	31.32
122193	53.8875	31.3367
122134	53.9162	31.3533
122077	53.9448	31.37
122009	53.9735	31.3866
121944	54.0021	31.4033
121883	54.0308	31.42
121822	54.0594	31.4366
121760	54.0881	31.4533
121695	54.1167	31.47
121631	54.1454	31.4866
121579	54.174	31.5033
121512	54.2027	31.5199
121439	54.2313	31.5366
121364	54.26	31.5533
121304	54.2886	31.5699
121247	54.3173	31.5866
121180	54.3459	31.6033
121127	54.3746	31.6199
121062	54.4032	31.6366
120992	54.4319	31.6532
120929	54.4605	31.6699
120870	54.4892	31.6866
120815	54.5178	31.7032
120749	54.5465	31.7199
120692	54.5751	31.7366
120624	54.6037	31.7532
120560	54.6324	31.7699
120504	54.661	31.7865
120444	54.6897	31.8032
120371	54.7183	31.8199
120319	54.747	31.8365
120262	54.7756	31.8532
120195	54.8043	31.8699
120121	54.8329	31.8865
120044	54.8616	31.9032
119977	54.8902	31.9198
119913	54.9189	31.9365
119827	54.9475	31.9532
119763	54.9762	31.9698
119701	55.0048	31.9865
119634	55.0335	32.0032
119562	55.0621	32.0198
119495	55.0908	32.0365
119440	55.1194	32.0531
119397	55.1481	32.0698
119329	55.1767	32.0865
119266	55.2054	32.1031
119187	55.234	32.1198
119104	55.2627	32.1365
119048	55.2913	32.1531
118987	55.32	32.1698
118908	55.3486	32.1864
118833	55.3773	32.2031
118782	55.4059	32.2198
118715	55.4346	32.2364
118659	55.4632	32.2531
118573	55.4919	32.2698
118517	55.5205	32.2864
118448	55.5492	32.3031
118391	55.5778	32.3197
118336	55.6065	32.3364
118256	55.6351	32.3531
118176	55.6638	32.3697
118103	55.6924	32.3864
118016	55.7211	32.4031
117940	55.7497	32.4197
117874	55.7784	32.4364
117806	55.807	32.453
117736	55.8357	32.4697
117664	55.8643	32.4864
117607	55.893	32.503
117531	55.9216	32.5197
117455	55.9503	32.5364
117393	55.9789	32.553
117331	56.0076	32.5697
117261	56.0362	32.5863
117195	56.0649	32.603
117126	56.0935	32.6197
117080	56.1222	32.6363
117001	56.1508	32.653
116918	56.1795	32.6697
116847	56.2081	32.6863
116774	56.2368	32.703
116707	56.2654	32.7197
116644	56.2941	32.7363
116561	56.3227	32.753
116487	56.3513	32.7696
116424	56.38	32.7863
116357	56.4086	32.803
116290	56.4373	32.8196
116234	56.4659	32.8363
116178	56.4946	32.853
116095	56.5232	32.8696
116011	56.5519	32.8863
115922	56.5805	32.9029
115856	56.6092	32.9196
115786	56.6378	32.9363
115723	56.6665	32.9529
115644	56.6951	32.9696
115561	56.7238	32.9863
115490	56.7524	33.0029
115425	56.7811	33.0196
115354	56.8097	33.0362
115289	56.8384	33.0529
115226	56.867	33.0696
115130	56.8957	33.0862
115049	56.9243	33.1029
114978	56.953	33.1196
114894	56.9816	33.1362
114819	57.0103	33.1529
114749	57.0389	33.1695
114674	57.0676	33.1862
114585	57.0962	33.2029
114507	57.1249	33.2195
114456	57.1535	33.2362
114383	57.1822	33.2529
114300	57.2108	33.2695
114236	57.2395	33.2862
114171	57.2681	33.3028
114085	57.2968	33.3195
114017	57.3254	33.3362
113939	57.3541	33.3528
113852	57.3827	33.3695
113775	57.4114	33.3862
113704	57.44	33.4028
113630	57.4686	33.4195
113568	57.4973	33.4361
113496	57.5259	33.4528
113412	57.5546	33.4695
113334	57.5832	33.4861
113248	57.6119	33.5028
113177	57.6405	33.5195
113099	57.6692	33.5361
113020	57.6978	33.5528
112959	57.7265	33.5694
112896	57.7551	33.5861
112814	57.7838	33.6028
112732	57.8124	33.6194
112658	57.841	33.6361
112580	57.8697	33.6528
112513	57.8983	33.6694
112432	57.927	33.6861
112357	57.927	33.7027
112283	57.927	33.7194
112218	57.927	33.7361
112146	57.927	33.7527
112059	57.927	33.7694
111997	57.927	33.7861
111928	57.927	33.8027
111846	57.927	33.8194
111757	57.927	33.836
111684	57.927	33.8527
111608	57.927	33.8694
111525	57.927	33.886
111442	57.927	33.9027
111382	57.927	33.9194
111304	57.927	33.936
111215	57.927	33.9527
111124	57.927	33.9693
111051	57.927	33.986
110982	57.927	34.0027
110903	57.927	34.0193
110839	57.927	34.036
110747	57.927	34.0527
110671	57.927	34.0693
110589	57.927	34.086
110520	57.927	34.1026
110463	57.927	34.1193
110385	57.927	34.136
110295	57.927	34.1526
110208	57.927	34.1693
110126	57.927	34.186
110025	57.927	34.2026
109967	57.927	34.2193
109898	57.927	34.2359
109821	57.927	34.2526
109737	57.927	34.2693
109666	57.927	34.2859
109599	57.927	34.3026
109521	57.927	34.3193
109451	57.927	34.3359
109371	57.927	34.3526
109303	57.927	34.3692
109214	57.927	34.3859
109131	57.927	34.4026
109039	57.927	34.4192
108950	57.927	34.4359
108881	57.927	34.4526
108807	57.927	34.4692
108731	57.927	34.4859
108649	57.927	34.5025
108571	57.927	34.5192
108509	57.927	34.5359
108439	57.927	34.5525
108352	57.927	34.5692
108252	57.927	34.5859
108155	57.927	34.6025
108080	57.927	34.6192
108016	57.927	34.6358
107924	57.927	34.6525
107848	57.927	34.6692
107768	57.927	34.6858
107693	57.927	34.7025
107646	57.927	34.7192
107560	57.927	34.7358
107485	57.927	34.7525
107401	57.927	34.7691
107326	57.927	34.7858
107256	57.927	34.8025
107195	57.927	34.8191
107098	57.927	34.8358
107009	57.927	34.8525
106913	57.927	34.8691
106831	57.927	34.8858
106770	57.927	34.9025
106704	57.927	34.9191
106648	57.927	34.9358
106575	57.927	34.9524
106477	57.927	34.9691
106400	57.927	34.9858
106306	57.927	35.0024
106249	57.927	35.0191
106176	57.927	35.0358
106092	57.927	35.0524
106007	57.927	35.0691
105917	57.927	35.0857
105831	57.927	35.1024
105763	57.927	35.1191
105690	57.927	35.1357
105593	57.927	35.1524
105510	57.927	35.1691
105436	57.927	35.1857
105369	57.927	35.2024
105294	57.927	35.219
105203	57.927	35.2357
105131	57.927	35.2524
105043	57.927	35.269
104975	57.927	35.2857
104905	57.927	35.3024
104821	57.927	35.319
104730	57.927	35.3357
104648	57.927	35.3523
104597	57.927	35.369
104516	57.927	35.3857
104427	57.927	35.4023
104337	57.927	35.419
104263	57.927	35.4357
104178	57.927	35.4523
104098	57.927	35.469
104014	57.927	35.4856
103947	57.927	35.5023
103882	57.8983	35.519
103804	57.8697	35.5356
103747	57.841	35.5523
103671	57.8124	35.569
103588	57.7838	35.5856
103498	57.7551	35.6023
103416	57.7265	35.6189
103332	57.6978	35.6356
103276	57.6692	35.6523
103217	57.6405	35.6689
103144	57.6119	35.6856
103079	57.5832	35.7023
103001	57.5546	35.7189
102933	57.5259	35.7356
102870	57.4973	35.7522
102805	57.4686	35.7689
102737	57.44	35.7856
102660	57.4114	35.8022
102593	57.3827	35.8189
102531	57.3541	35.8356
102456	57.3254	35.8522
102379	57.2968	35.8689
102310	57.2681	35.8855
102230	57.2395	35.9022
102158	57.2108	35.9189
102085	57.1822	35.9355
102020	57.1535	35.9522
101957	57.1249	35.9689
101877	57.0962	35.9855
101794	57.0676	36.0022
101727	57.0389	36.0188
101666	57.0103	36.0355
101596	56.9816	36.0522
101545	56.953	36.0688
101479	56.9243	36.0855
101429	56.8957	36.1022
101353	56.867	36.1188
101286	56.8384	36.1355
101214	56.8097	36.1521
101138	56.7811	36.1688
101061	56.7524	36.1855
100990	56.7238	36.2021
100916	56.6951	36.2188
100869	56.6665	36.2355
100800	56.6378	36.2521
100750	56.6092	36.2688
100696	56.5805	36.2854
100643	56.5519	36.3021
100591	56.5232	36.3188
100522	56.4946	36.3354
100455	56.4659	36.3521
100384	56.4373	36.3688
100326	56.4086	36.3854
100241	56.38	36.4021
100168	56.3513	36.4187
100102	56.3227	36.4354
100044	56.2941	36.4521
99983	56.2654	36.4687
99917	56.2368	36.4854
99839	56.2081	36.5021
99770	56.1795	36.5187
99715	56.1508	36.5354
99664	56.1222	36.552
99602	56.0935	36.5687
99557	56.0649	36.5854
99500	56.0362	36.602
99443	56.0076	36.6187
99382	55.9789	36.6354
99316	55.9503	36.652
99267	55.9216	36.6687
99194	55.893	36.6853
99144	55.8643	36.702
99101	55.8357	36.7187
99051	55.807	36.7353
98994	55.7784	36.752
98943	55.7497	36.7687
98879	55.7211	36.7853
98807	55.6924	36.802
98733	55.6638	36.8186
98666	55.6351	36.8353
98611	55.6065	36.852
98556	55.5778	36.8686
98481	55.5492	36.8853
98427	55.5205	36.902
98385	55.4919	36.9186
98339	55.4632	36.9353
98283	55.4346	36.952
98230	55.4059	36.9686
98175	55.3773	36.9853
98117	55.3486	37.0019
98065	55.32	37.0186
98031	55.2913	37.0353
97985	55.2627	37.0519
97944	55.234	37.0686
97883	55.2054	37.0853
97824	55.1767	37.1019
97767	55.1481	37.1186
97729	55.1194	37.1352
97686	55.0908	37.1519
97637	55.0621	37.1686
97584	55.0335	37.1852
97543	55.0048	37.2019
97492	54.9762	37.2186
97458	54.9475	37.2352
97413	54.9189	37.2519
97358	54.8902	37.2685
97319	54.8616	37.2852
97270	54.8329	37.3019
97222	54.8043	37.3185
97168	54.7756	37.3352
97110	54.747	37.3519
97063	54.7183	37.3685
97017	54.6897	37.3852
96979	54.661	37.4018
96935	54.6324	37.4185
96884	54.6037	37.4352
96835	54.5751	37.4518
96789	54.5465	37.4685
96754	54.5178	37.4852
96728	54.4892	37.5018
96697	54.4605	37.5185
96662	54.4319	37.5351
96631	54.4032	37.5518
96582	54.3746	37.5685
96546	54.3459	37.5851
96508	54.3173	37.6018
96459	54.2886	37.6185
96418	54.26	37.6351
96395	54.2313	37.6518
96361	54.2027	37.6684
96334	54.174	37.6851
96286	54.1454	37.7018
96251	54.1167	37.7184
96194	54.0881	37.7351
96140	54.0594	37.7518
96094	54.0308	37.7684
96054	54.0021	37.7851
96003	53.9735	37.8017
95954	53.9448	37.8184
95898	53.9162	37.8351
95863	53.8875	37.8517
95828	53.8589	37.8684
95781	53.8302	37.8851
95721	53.8016	37.9017
95681	53.7729	37.9184
95650	53.7443	37.935
95618	53.7156	37.9517
95574	53.687	37.9684
95555	53.6583	37.985
95523	53.6297	38.0017
95497	53.601	38.0184
95459	53.5724	38.035
95432	53.5437	38.0517
95382	53.5151	38.0683
95335	53.4864	38.085
95287	53.4578	38.1017
95252	53.4291	38.1183
95218	53.4005	38.135
95178	53.3718	38.1517
95147	53.3432	38.1683
95117	53.3145	38.185
95076	53.2859	38.2016
95038	53.2572	38.2183
95002	53.2286	38.235
94961	53.1999	38.2516
94937	53.1713	38.2683
94916	53.1426	38.285
94894	53.114	38.3016
94875	53.0853	38.3183
94848	53.0567	38.3349
94814	53.028	38.3516
94777	52.9994	38.3683
94747	52.9707	38.3849
94724	52.9421	38.4016
94705	52.9134	38.4183
94682	52.8848	38.4349
94647	52.8561	38.4516
94627	52.8275	38.4682
94604	52.7989	38.4849
94582	52.7702	38.5016
94561	52.7416	38.5182
94534	52.7129	38.5349
94517	52.6843	38.5516
94486	52.6556	38.5682
94449	52.627	38.5849
94417	52.5983	38.6015
94389	52.5697	38.6182
94365	52.541	38.6349
94321	52.5124	38.6515
94302	52.4837	38.6682
94274	52.4551	38.6849
94261	52.4264	38.7015
94238	52.3978	38.7182
94214	52.3691	38.7348
94184	52.3405	38.7515
94156	52.3118	38.7682
94127	52.2832	38.7848
94102	52.2545	38.8015
94080	52.2259	38.8182
94055	52.1972	38.8348
94035	52.1686	38.8515
94007	52.1399	38.8681
93980	52.1113	38.8848
93947	52.0826	38.9015
93920	52.054	38.9181
93889	52.0253	38.9348
93862	51.9967	38.9515
93838	51.968	38.9681
93828	51.9394	38.9848
93814	51.9107	39.0014
93792	51.8821	39.0181
93774	51.8534	39.0348
93759	51.8248	39.0514
93734	51.7961	39.0681
93720	51.7675	39.0848
93694	51.7388	39.1014
93674	51.7102	39.1181
93646	51.6815	39.1348
93631	51.6529	39.1514
93610	51.6242	39.1681
93594	51.5956	39.1847
93571	51.5669	39.2014
93551	51.5383	39.2181
93533	51.5096	39.2347
93519	51.481	39.2514
93504	51.4523	39.2681
93487	51.4237	39.2847
93469	51.395	39.3014
93457	51.3664	39.318
93440	51.3377	39.3347
93434	51.3091	39.3514
93419	51.2804	39.368
93405	51.2518	39.3847
93393	51.2231	39.4014
93375	51.1945	39.418
93353	51.1658	39.4347
93329	51.1372	39.4513
93311	51.1085	39.468
93298	51.0799	39.4847
93283	51.0513	39.5013
93271	51.0226	39.518
93250	50.9939	39.5347
93230	50.9653	39.5513
93217	50.9367	39.568
93200	50.908	39.5846
93185	50.8794	39.6013
93169	50.8507	39.618
93155	50.8221	39.6346
93142	50.7934	39.6513
93125	50.7648	39.668
93111	50.7361	39.6846
93102	50.7075	39.7013
93086	50.6788	39.7179
93073	50.6502	39.7346
93059	50.6215	39.7513
93044	50.5929	39.7679
93028	50.5642	39.7846
93019	50.5356	39.8013
93009	50.5069	39.8179
93006	50.4783	39.8346
92997	50.4496	39.8512
92987	50.421	39.8679
92982	50.3923	39.8846
92972	50.3637	39.9012
92958	50.335	39.9179
92948	50.3064	39.9346
92942	50.2777	39.9512
92933	50.2491	39.9679
92927	50.2204	39.9845
92921	50.1918	40.0012
92905	50.1631	40.0179
92890	50.1345	40.0345
92874	50.1058	40.0512
92862	50.0772	40.0679
92851	50.0485	40.0845
92844	50.0199	40.1012
92838	49.9912	40.1178
92829	49.9626	40.1345
92821	49.9339	40.1512
92818	49.9053	40.1678
92815	49.8766	40.1845
92804	49.848	40.2012
92794	49.8193	40.2178
92783	49.7907	40.2345
92772	49.762	40.2511
92762	49.7334	40.2678
92753	49.7047	40.2845
92751	49.6761	40.3011
92747	49.6474	40.3178
92743	49.6188	40.3345
92738	49.5901	40.3511
92732	49.5615	40.3678
92725	49.5328	40.3844
92720	49.5042	40.4011
92711	49.4755	40.4178
92700	49.4469	40.4344
92686	49.4182	40.4511
92670	49.3896	40.4678
92655	49.3609	40.4844
92642	49.3323	40.5011
92629	49.3036	40.5177
92621	49.275	40.5344
92611	49.2463	40.5511
92595	49.2177	40.5677
92584	49.1891	40.5844
92572	49.1604	40.6011
92562	49.1318	40.6177
92554	49.1031	40.6344
92548	49.0745	40.651
92540	49.0458	40.6677
92535	49.0172	40.6844
92522	48.9885	40.701
92513	48.9599	40.7177
92506	48.9312	40.7344
92500	48.9026	40.751
92493	48.8739	40.7677
92484	48.8453	40.7843
92474	48.8166	40.801
92469	48.788	40.8177
92458	48.7593	40.8343
92451	48.7307	40.851
92445	48.702	40.8677
92437	48.6734	40.8843
92431	48.6447	40.901
92419	48.6161	40.9176
92416	48.5874	40.9343
92413	48.5588	40.951
92404	48.5301	40.9676
92399	48.5015	40.9843
92398	48.4728	41.001
92394	48.4442	41.0176
92387	48.4155	41.0343
92382	48.3869	41.0509
92367	48.3582	41.0676
92359	48.3296	41.0843
92352	48.3009	41.1009
92346	48.2723	41.1176
92346	48.2436	41.1343
92342	48.215	41.1509
92341	48.1863	41.1676
92338	48.1577	41.1842
92336	48.129	41.2009
92335	48.1004	41.2176
92334	48.0717	41.2342
92328	48.0431	41.2509
92322	48.0144	41.2676
92317	47.9858	41.2842
92306	47.9571	41.3009
92298	47.9285	41.3176
92293	47.8998	41.3342
92287	47.8712	41.3509
92284	47.8425	41.3675
92281	47.8139	41.3842
92277	47.7852	41.4009
92273	47.7566	41.4175
92268	47.7279	41.4342
92263	47.6993	41.4509
92255	47.6706	41.4675
92253	47.642	41.4842
92250	47.6133	41.5008
92249	47.5847	41.5175
92247	47.556	41.5342
92247	47.5274	41.5508
92244	47.4987	41.5675
92243	47.4701	41.5842
92240	47.4415	41.6008
92238	47.4128	41.6175
92236	47.3842	41.6341
92233	47.3555	41.6508
92231	47.3269	41.6675
92229	47.2982	41.6841
92227	47.2696	41.7008
92224	47.2409	41.7175
92223	47.2123	41.7341
92221	47.1836	41.7508
92217	47.155	41.7674
92217	47.1263	41.7841
92215	47.0977	41.8008
92214	47.069	41.8174
92212	47.0404	41.8341
92211	47.0117	41.8508
92206	46.9831	41.8674
92201	46.9544	41.8841
92199	46.9258	41.9007
92198	46.8971	41.9174
92195	46.8685	41.9341
92193	46.8398	41.9507
92188	46.8112	41.9674
92187	46.7825	41.9841
92182	46.7539	42.0007
92173	46.7252	42.0174
92171	46.6966	42.034
92169	46.6679	42.0507
92166	46.6393	42.0674
92164	46.6106	42.084
92159	46.582	42.1007
92159	46.5533	42.1174
92158	46.5247	42.134
92157	46.496	42.1507
92157	46.4674	42.1673
92156	46.4387	42.184
92154	46.4101	42.2007
92153	46.3814	42.2173
92153	46.3528	42.234
92151	46.3241	42.2507
92150	46.2955	42.2673
92150	46.2668	42.284
92149	46.2382	42.3006
92149	46.2095	42.3173
92148	46.1809	42.334
92146	46.1522	42.3506
92146	46.1236	42.3673
92146	46.0949	42.384
92143	46.0663	42.4006
92139	46.0376	42.4173
92138	46.009	42.4339
92135	45.9803	42.4506
92132	45.9517	42.4673
92132	45.923	42.4839
92130	45.8944	42.5006
92129	45.8657	42.5173
92126	45.8371	42.5339
92125	45.8084	42.5506
92123	45.7798	42.5672
92120	45.7511	42.5839
92118	45.7225	42.6006
92116	45.6939	42.6172
92115	45.6652	42.6339
92114	45.6366	42.6506
92114	45.6079	42.6672
92113	45.5793	42.6839
92112	45.5506	42.7005
92110	45.522	42.7172
92110	45.4933	42.7339
92110	45.4647	42.7505
92109	45.436	42.7672
92108	45.4074	42.7839
92108	45.3787	42.8005
92106	45.3501	42.8172
92106	45.3214	42.8338
92105	45.2928	42.8505
92105	45.2641	42.8672
92104	45.2355	42.8838
92103	45.2068	42.9005
92103	45.1782	42.9172
92103	45.1495	42.9338
92103	45.1209	42.9505
92103	45.0922	42.9671
92102	45.0636	42.9838
92102	45.0349	43.0005
92102	45.0063	43.0171
92102	44.9776	43.0338
92102	44.949	43.0505
92102	44.9203	43.0671
92102	44.8917	43.0838
92102	44.863	43.1004
92102	44.8344	43.1171
92102	44.8057	43.1338
92102	44.7771	43.1504
92102	44.7484	43.1671
92102	44.7198	43.1838
92102	44.6911	43.2004
92102	44.6625	43.2171
92101	44.6338	43.2337
92101	44.6052	43.2504
92101	44.5765	43.2671
92101	44.5479	43.2837
92100	44.5192	43.3004
92100	44.4906	43.3171
92100	44.4619	43.3337
92100	44.4333	43.3504
92099	44.4046	43.3671
92099	44.376	43.3837
92099	44.3473	43.4004
92099	44.3187	43.417
92099	44.29	43.4337
92099	44.2614	43.4504
92099	44.2327	43.467
92097	44.2041	43.4837
92097	44.1754	43.5004
92097	44.1468	43.517
92097	44.1181	43.5337
92097	44.0895	43.5503
92096	44.0608	43.567
92096	44.0322	43.5837
92096	44.0035	43.6003
92096	43.9749	43.617
92096	43.9463	43.6337
92096	43.9176	43.6503
92096	43.889	43.667
92096	43.8603	43.6836
92096	43.8317	43.7003
92096	43.803	43.717
92096	43.7744	43.7336
92096	43.7457	43.7503
92096	43.7171	43.767
92096	43.6884	43.7836
92096	43.6598	43.8003
92096	43.6311	43.8169
92096	43.6025	43.8336
92096	43.5738	43.8503
92096	43.5452	43.8669
92096	43.5165	43.8836
92096	43.4879	43.9003
92096	43.4592	43.9169
92096	43.4306	43.9336
92096	43.4019	43.9502
92096	43.3733	43.9669
92096	43.3446	43.9836
92096	43.316	44.0002
92096	43.2873	44.0169
92096	43.2587	44.0336
92095	43.23	44.0502
92095	43.2014	44.0669
92095	43.1727	44.0835
92095	43.1441	44.1002
92095	43.1154	44.1169
92095	43.0868	44.1335
92095	43.0581	44.1502
92095	43.0295	44.1669
92095	43.0008	44.1835
92095	42.9722	44.2002
92095	42.9435	44.2168
92095	42.9149	44.2335
92095	42.8862	44.2502
92095	42.8576	44.2668
92095	42.8289	44.2835
92095	42.8003	44.3002
92095	42.7716	44.3168
92095	42.743	44.3335
92095	42.7143	44.3501
92095	42.6857	44.3668
92095	42.657	44.3835
92095	42.6284	44.4001
92095	42.5997	44.4168
92095	42.5711	44.4335
92095	42.5424	44.4501
92095	42.5138	44.4668
92095	42.4851	44.4834
92095	42.4565	44.5001
92095	42.4278	44.5168
92095	42.3992	44.5334
92095	42.3705	44.5501
92095	42.3419	44.5668
92095	42.3132	44.5834
92095	42.2846	44.6001
92095	42.2559	44.6167
92095	42.2273	44.6334
92095	42.1987	44.6501
92095	42.17	44.6667
92095	42.1413	44.6834
92095	42.1127	44.7001
92095	42.0841	44.7167
92095	42.0554	44.7334
92095	42.0268	44.75
92095	41.9981	44.7667
92095	41.9695	44.7834
92095	41.9408	44.8
92095	41.9122	44.8167
92095	41.8835	44.8334
92095	41.8549	44.85
92095	41.8262	44.8667
92095	41.7976	44.8833
92095	41.7689	44.9
92095	41.7403	44.9167
92095	41.7116	44.9333
92095	41.683	44.95
92095	41.6543	44.9667
92095	41.6257	44.9833
92095	41.597	45
92094	41.5684	45.0166
92094	41.5397	45.0333
92094	41.5111	45.05
92094	41.4824	45.0666
92094	41.4538	45.0833
92094	41.4251	45.1
92093	41.3965	45.1166
92093	41.3678	45.1333
92093	41.3392	45.1499
92093	41.3105	45.1666
92093	41.2819	45.1833
92093	41.2532	45.1999
92092	41.2246	45.2166
92092	41.1959	45.2333
92092	41.1673	45.2499
92092	41.1386	45.2666
92092	41.11	45.2832
92092	41.0813	45.2999
92092	41.0527	45.3166
92092	41.024	45.3332
92092	40.9954	45.3499
92092	40.9667	45.3666
92092	40.9381	45.3832
92092	40.9094	45.3999
92092	40.8808	45.4165
92092	40.8521	45.4332
92092	40.8235	45.4499
92092	40.7948	45.4665
92092	40.7662	45.4832
92092	40.7375	45.4999
92092	40.7089	45.5165
92092	40.6802	45.5332
92092	40.6516	45.5499
92091	40.6229	45.5665
92091	40.5943	45.5832
92091	40.5656	45.5998
92090	40.537	45.6165
92090	40.5083	45.6332
92090	40.4797	45.6498
92090	40.451	45.6665
92090	40.4224	45.6832
92090	40.3937	45.6998
92090	40.3651	45.7165
92090	40.3365	45.7331
92090	40.3078	45.7498
92090	40.2792	45.7665
92090	40.2505	45.7831
92090	40.2219	45.7998
92090	40.1932	45.8165
92090	40.1646	45.8331
92090	40.1359	45.8498
92090	40.1073	45.8664
92090	40.0786	45.8831
92090	40.05	45.8998
92090	40.0213	45.9164
92090	39.9927	45.9331
92090	39.964	45.9498
92090	39.9354	45.9664
92090	39.9067	45.9831
92090	39.8781	45.9997
92090	39.8494	46.0164
92090	39.8208	46.0331
92090	39.7921	46.0497
92089	39.7635	46.0664
92089	39.7348	46.0831
92089	39.7062	46.0997
92089	39.6775	46.1164
92089	39.6489	46.133
92089	39.6202	46.1497
92089	39.5916	46.1664
92089	39.5629	46.183
92089	39.5343	46.1997
92089	39.5056	46.2164
92088	39.477	46.233
92088	39.4483	46.2497
92088	39.4197	46.2663
92088	39.391	46.283
92088	39.3624	46.2997
92088	39.3337	46.3163
92088	39.3051	46.333
92088	39.2764	46.3497
92088	39.2478	46.3663
92088	39.2191	46.383
92088	39.1905	46.3996
92088	39.1618	46.4163
92088	39.1332	46.433
92088	39.1045	46.4496
92088	39.0759	46.4663
92088	39.0472	46.483
92088	39.0186	46.4996
92088	38.9899	46.5163
92088	38.9613	46.5329
92088	38.9326	46.5496
92088	38.904	46.5663
92088	38.8753	46.5829
92088	38.8467	46.5996
92088	38.818	46.6163
92088	38.7894	46.6329
92088	38.7607	46.6496
92088	38.7321	46.6662
92088	38.7034	46.6829
92088	38.6748	46.6996
92088	38.6461	46.7162
92088	38.6175	46.7329
92088	38.5889	46.7496
92088	38.5602	46.7662
92088	38.5316	46.7829
92088	38.5029	46.7995
92088	38.4743	46.8162
92087	38.4456	46.8329
92087	38.417	46.8495
92087	38.3883	46.8662
92087	38.3597	46.8829
92087	38.331	46.8995
92087	38.3024	46.9162
92087	38.2737	46.9328
92087	38.2451	46.9495
92087	38.2164	46.9662
92087	38.1878	46.9828
92087	38.1591	46.9995
92087	38.1305	47.0162
92087	38.1018	47.0328
92087	38.0732	47.0495
92087	38.0445	47.0661
92087	38.0159	47.0828
92087	37.9872	47.0995
92087	37.9586	47.1161
92087	37.9299	47.1328
92087	37.9013	47.1495
92087	37.8726	47.1661
92087	37.844	47.1828
92087	37.8153	47.1994
92087	37.7867	47.2161
92087	37.758	47.2328
92087	37.7294	47.2494
92087	37.7007	47.2661
92087	37.6721	47.2828
92087	37.6434	47.2994
92087	37.6148	47.3161
92087	37.5861	47.3327
92087	37.5575	47.3494
92087	37.5288	47.3661
92087	37.5002	47.3827
92087	37.4715	47.3994
92087	37.4429	47.4161
92087	37.4142	47.4327
92087	37.3856	47.4494
92087	37.3569	47.466
92087	37.3283	47.4827
92087	37.2996	47.4994
92087	37.271	47.516
92087	37.2423	47.5327
92087	37.2137	47.5494
92087	37.185	47.566
92087	37.1564	47.5827
92087	37.1277	47.5993
92087	37.0991	47.616
92087	37.0704	47.6327
92087	37.0418	47.6493
92087	37.0131	47.666
92087	36.9845	47.6827
92087	36.9558	47.6993
92087	36.9272	47.716
92087	36.8985	47.7327
92087	36.8699	47.7493
92087	36.8413	47.766
92087	36.8126	47.7826
92087	36.784	47.7993
92087	36.7553	47.816
92087	36.7267	47.8326
92087	36.698	47.8493
92087	36.6694	47.866
92087	36.6407	47.8826
92087	36.6121	47.8993
92087	36.5834	47.9159
92087	36.5548	47.9326
92086	36.5261	47.9493
92086	36.4975	47.9659
92086	36.4688	47.9826
92086	36.4402	47.9993
92086	36.4115	48.0159
92086	36.3829	48.0326
92086	36.3542	48.0492
92086	36.3256	48.0659
92086	36.2969	48.0826
92086	36.2683	48.0992
92086	36.2396	48.1159
92086	36.211	48.1326
92086	36.1823	48.1492
92086	36.1537	48.1659
92086	36.125	48.1825
92086	36.0964	48.1992
92086	36.0677	48.2159
92086	36.0391	48.2325
92086	36.0104	48.2492
92086	35.9818	48.2659
92086	35.9531	48.2825
92086	35.9245	48.2992
92086	35.8958	48.3158
92086	35.8672	48.3325
92086	35.8385	48.3492
92086	35.8099	48.3658
92086	35.7812	48.3825
92086	35.7526	48.3992
92086	35.7239	48.4158
92086	35.6953	48.4325
92086	35.6666	48.4491
92086	35.638	48.4658
92085	35.6093	48.4825
92085	35.5807	48.4991
92085	35.552	48.5158
92085	35.5234	48.5325
92085	35.4947	48.5491
92085	35.4661	48.5658
92085	35.4374	48.5824
92085	35.4088	48.5991
92085	35.3801	48.6158
92085	35.3515	48.6324
92085	35.3228	48.6491
92085	35.2942	48.6658
92085	35.2655	48.6824
92085	35.2369	48.6991
92085	35.2082	48.7157
92085	35.1796	48.7324
92085	35.151	48.7491
92085	35.1223	48.7657
92085	35.0937	48.7824
92085	35.065	48.7991
92085	35.0364	48.8157
92085	35.0077	48.8324
92085	34.9791	48.849
92085	34.9504	48.8657
92085	34.9218	48.8824
92085	34.8931	48.899
92084	34.8645	48.9157
92084	34.8358	48.9324
92084	34.8072	48.949
92084	34.7785	48.9657
92084	34.7499	48.9823
92084	34.7212	48.999
92084	34.6926	49.0157
92084	34.6639	49.0323
92084	34.6353	49.049
92084	34.6066	49.0657
92084	34.578	49.0823
92084	34.5493	49.099
92084	34.5207	49.1156
92084	34.492	49.1323
92084	34.4634	49.149
92084	34.4347	49.1656
92084	34.4061	49.1823
92084	34.3774	49.199
92084	34.3488	49.2156
92084	34.3201	49.2323
92084	34.2915	49.2489
92084	34.2628	49.2656
92084	34.2342	49.2823
92084	34.2055	49.2989
92084	34.1769	49.3156
92084	34.1482	49.3323
92084	34.1196	49.3489
92084	34.0909	49.3656
92084	34.0623	49.3822
92084	34.0336	49.3989
92084	34.005	49.4156
92084	33.9763	49.4322
92084	33.9477	49.4489
92084	33.919	49.4656
92084	33.8904	49.4822
92084	33.8617	49.4989
92084	33.8331	49.5155
92084	33.8044	49.5322
92084	33.7758	49.5489
92084	33.7471	49.5655
92084	33.7185	49.5822
92084	33.6898	49.5989
92084	33.6612	49.6155
92084	33.6325	49.6322
92084	33.6039	49.6488
92084	33.5752	49.6655
92084	33.5466	49.6822
92084	33.5179	49.6988
92084	33.4893	49.7155
92084	33.4606	49.7322
92084	33.432	49.7488
92084	33.4034	49.7655
92084	33.3747	49.7822
92084	33.3461	49.7988
92084	33.3174	49.8155
92084	33.2888	49.8321
92084	33.2601	49.8488
92083	33.2315	49.8655
92083	33.2028	49.8821
92083	33.1742	49.8988
92083	33.1455	49.9155
92083	33.1169	49.9321
92083	33.0882	49.9488
92083	33.0596	49.9654
92083	33.0309	49.9821
92083	33.0023	49.9988
92083	32.9736	50.0154
92083	32.945	50.0321
92083	32.9163	50.0488
92083	32.8877	50.0654
92083	32.859	50.0821
92083	32.8304	50.0987
92083	32.8017	50.1154
92083	32.7731	50.1321
92083	32.7444	50.1487
92083	32.7158	50.1654
92083	32.6871	50.1821
92083	32.6585	50.1987
92083	32.6298	50.2154
92083	32.6012	50.232
92083	32.5725	50.2487
92083	32.5439	50.2654
92083	32.5152	50.282
92083	32.4866	50.2987
92083	32.4579	50.3154
92083	32.4293	50.332
92083	32.4006	50.3487
92083	32.372	50.3653
92083	32.3433	50.382
92083	32.3147	50.3987
92082	32.286	50.4153
92082	32.2574	50.432
92082	32.2287	50.4487
92082	32.2001	50.4653
92082	32.1714	50.482
92081	32.1428	50.4986
92081	32.1141	50.5153
92081	32.0855	50.532
92081	32.0568	50.5486
92081	32.0282	50.5653
92081	31.9995	50.582
92081	31.9709	50.5986
92081	31.9422	50.6153
92081	31.9136	50.6319
92081	31.8849	50.6486
92081	31.8563	50.6653
92081	31.8276	50.6819
92081	31.799	50.6986
92081	31.7703	50.7153
92081	31.7417	50.7319
92081	31.713	50.7486
92081	31.6844	50.7652
92081	31.6557	50.7819
92081	31.6271	50.7986
92081	31.5984	50.8152
92081	31.5698	50.8319
92081	31.5412	50.8486
92081	31.5125	50.8652
92081	31.4839	50.8819
92081	31.4552	50.8985
92081	31.4266	50.9152
92081	31.3979	50.9319
92081	31.3693	50.9485
92081	31.3406	50.9652
92081	31.312	50.9819
92081	31.2833	50.9985
92081	31.2547	51.0152
92081	31.226	51.0318
92081	31.1974	51.0485
92081	31.1687	51.0652
92081	31.1401	51.0818
92081	31.1114	51.0985
92081	31.0828	51.1152
92081	31.0541	51.1318
92081	31.0255	51.1485
92081	30.9968	51.1651
92081	30.9682	51.1818
92081	30.9395	51.1985
92081	30.9109	51.2151
92081	30.8822	51.2318
92081	30.8536	51.2485
92081	30.8249	51.2651
92081	30.7963	51.2818
92081	30.7676	51.2984
92081	30.739	51.3151
92081	30.7103	51.3318
92081	30.6817	51.3484
92081	30.653	51.3651
92081	30.6244	51.3818
92081	30.5957	51.3984
92081	30.5671	51.4151
92081	30.5384	51.4317
92081	30.5098	51.4484
92081	30.4811	51.4651
92081	30.4525	51.4817
92081	30.4238	51.4984
92081	30.3952	51.5151
92081	30.3665	51.5317
92081	30.3379	51.5484
92081	30.3092	51.565
92081	30.2806	51.5817
92081	30.2519	51.5984
92081	30.2233	51.615
92081	30.1946	51.6317
92081	30.166	51.6484
92081	30.1373	51.665
92081	30.1087	51.6817
92081	30.08	51.6983
92081	30.0514	51.715
92081	30.0227	51.7317
92081	29.9941	51.7483
92081	29.9654	51.765
92081	29.9368	51.7817
92081	29.9081	51.7983
92081	29.8795	51.815
92081	29.8508	51.8316
92081	29.8222	51.8483
92081	29.7936	51.865
92081	29.7649	51.8816
92081	29.7363	51.8983
92081	29.7076	51.915
92081	29.679	51.9316
92081	29.6503	51.9483
92081	29.6217	51.965
92081	29.593	51.9816
92081	29.5644	51.9983
92081	29.5357	52.015
92081	29.5071	52.0316
92081	29.4784	52.0483
92081	29.4498	52.0649
92081	29.4211	52.0816
92081	29.3925	52.0983
92081	29.3638	52.1149
92081	29.3352	52.1316
92081	29.3065	52.1483
92081	29.2779	52.1649
92081	29.2492	52.1816
92081	29.2206	52.1982
92081	29.1919	52.2149
92081	29.1633	52.2316
92081	29.1346	52.2482
92081	29.106	52.2649
92081	29.0773	52.2816
92081	29.0487	52.2982
92081	29.02	52.3149
92081	28.9914	52.3315
92081	28.9627	52.3482
92081	28.9341	52.3649
92081	28.9054	52.3815
92081	28.8768	52.3982
92081	28.8481	52.4149
92081	28.8195	52.4315
92081	28.7908	52.4482
92081	28.7622	52.4648
92081	28.7335	52.4815
92081	28.7049	52.4982
92081	28.6762	52.5148
92081	28.6476	52.5315
92081	28.6189	52.5482
92081	28.5903	52.5648
92081	28.5616	52.5815
92081	28.533	52.5981
92081	28.5043	52.6148
92081	28.4757	52.6315
92081	28.4471	52.6481
92081	28.4184	52.6648
92081	28.3898	52.6815
92081	28.3611	52.6981
92081	28.3325	52.7148
92081	28.3038	52.7314
92081	28.2752	52.7481
92081	28.2465	52.7648
92081	28.2179	52.7814
92081	28.1892	52.7981
92081	28.1606	52.8148
92081	28.1319	52.8314
92081	28.1033	52.8481
92081	28.0746	52.8647
92081	28.046	52.8814
92081	28.0173	52.8981
92081	27.9887	52.9147
92081	27.96	52.9314
92081	27.9314	52.9481
92081	27.9028	52.9647
92081	27.8741	52.9814
92081	27.8455	52.998
92081	27.8168	53.0147
92081	27.7882	53.0314
92081	27.7595	53.048
92081	27.7309	53.0647
92081	27.7022	53.0814
92081	27.6736	53.098
92081	27.6449	53.1147
92081	27.6163	53.1313
92081	27.5876	53.148
92081	27.559	53.1647
92081	27.5303	53.1813
92081	27.5017	53.198
92081	27.473	53.2147
92081	27.4444	53.2313
92081	27.4157	53.248
92081	27.3871	53.2646
92081	27.3584	53.2813
92081	27.3298	53.298
92081	27.3012	53.3146
92081	27.2725	53.3313
92081	27.2439	53.348
92081	27.2152	53.3646
92081	27.1866	53.3813
92081	27.1579	53.3979
92081	27.1293	53.4146
92081	27.1006	53.4313
92081	27.072	53.4479
92081	27.0433	53.4646
92081	27.0147	53.4813
92081	26.986	53.4979
92081	26.9574	53.5146
92081	26.9287	53.5313
92081	26.9001	53.5479
92081	26.8714	53.5646
92081	26.8428	53.5812
92081	26.8141	53.5979
92081	26.7855	53.6146
92081	26.7569	53.6312
92081	26.7282	53.6479
92081	26.6996	53.6646
92081	26.6709	53.6812
92081	26.6423	53.6979
92081	26.6136	53.7145
92081	26.585	53.7312
92081	26.5563	53.7479
92081	26.5277	53.7645
92081	26.499	53.7812
92081	26.4704	53.7979
92081	26.4417	53.8145
92081	26.4131	53.8312
92081	26.3844	53.8478
92081	26.3558	53.8645
92081	26.3271	53.8812
92081	26.2985	53.8978
92081	26.2698	53.9145
92081	26.2412	53.9312
92081	26.2125	53.9478
92081	26.1839	53.9645
92081	26.1553	53.9811
92081	26.1266	53.9978
92081	26.098	54.0145
92081	26.0693	54.0311
92081	26.0407	54.0478
92081	26.012	54.0645
92081	25.9834	54.0811
92081	25.9547	54.0978
92081	25.9261	54.1144
92081	25.8974	54.1311
92081	25.8688	54.1478
92081	25.8401	54.1644
92081	25.8115	54.1811
92081	25.7828	54.1978
92081	25.7542	54.2144
92081	25.7255	54.2311
92081	25.6969	54.2477
92081	25.6682	54.2644
92081	25.6396	54.2811
92081	25.611	54.2977
92081	25.5823	54.3144
92081	25.5537	54.3311
92081	25.525	54.3477
92081	25.4964	54.3644
92081	25.4677	54.381
92081	25.4391	54.3977
92081	25.4104	54.4144
92081	25.3818	54.431
92081	25.3531	54.4477
92081	25.3245	54.4644
92081	25.2958	54.481
92081	25.2672	54.4977
92081	25.2385	54.5143
92081	25.2099	54.531
92081	25.1812	54.5477
92081	25.1526	54.5643
92081	25.1239	54.581
92081	25.0953	54.5977
92081	25.0667	54.6143
92081	25.038	54.631
92081	25.0094	54.6476
92081	24.9807	54.6643
92081	24.9521	54.681
92081	24.9234	54.6976
92081	24.8948	54.7143
92081	24.8661	54.731
92081	24.8375	54.7476
92081	24.8088	54.7643
92081	24.7802	54.7809
92081	24.7515	54.7976
92081	24.7229	54.8143
92081	24.6942	54.8309
92081	24.6656	54.8476
92081	24.6369	54.8643
92081	24.6083	54.8809
92081	24.5796	54.8976
92081	24.551	54.9142
92081	24.5223	54.9309
92081	24.4937	54.9476
92081	24.4651	54.9642
92081	24.4364	54.9809
92081	24.4078	54.9976
92081	24.3791	55.0142
92081	24.3505	55.0309
92081	24.3218	55.0475
92081	24.2932	55.0642
92081	24.2645	55.0809
92081	24.2359	55.0975
92081	24.2072	55.1142
92081	24.1786	55.1309
92081	24.1499	55.1475
92081	24.1213	55.1642
92081	24.0926	55.1808
92081	24.064	55.1975
92081	24.0353	55.2142
92081	24.0067	55.2308
92081	23.978	55.2475
92081	23.9494	55.2642
92081	23.9208	55.2808
92081	23.8921	55.2975
92081	23.8635	55.3141
92081	23.8348	55.3308
92081	23.8062	55.3475
92081	23.7775	55.3641
92081	23.7489	55.3808
92081	23.7202	55.3975
92081	23.6916	55.4141
92081	23.6629	55.4308
92081	23.6343	55.4474
92081	23.6056	55.4641
92081	23.577	55.4808
92081	23.5483	55.4974
92081	23.5197	55.5141
92081	23.491	55.5308
92081	23.4624	55.5474
92081	23.4337	55.5641
92081	23.4051	55.5807
92081	23.3764	55.5974
92081	23.3478	55.6141
92081	23.3192	55.6307
92081	23.2905	55.6474
92081	23.2619	55.6641
92081	23.2332	55.6807
92081	23.2046	55.6974
92081	23.1759	55.7141
92081	23.1473	55.7307
92081	23.1186	55.7474
92081	23.09	55.764
92081	23.0613	55.7807
92081	23.0327	55.7974
92081	23.004	55.814
92081	22.9754	55.8307
92081	22.9467	55.8474
92081	22.9181	55.864
92081	22.8894	55.8807
92081	22.8608	55.8973
92081	22.8321	55.914
92081	22.8035	55.9307
92081	22.7749	55.9473
92081	22.7462	55.964
92081	22.7176	55.9807
92081	22.6889	55.9973
92081	22.6603	56.014
92081	22.6316	56.0306
92081	22.603	56.0473
92081	22.5743	56.064
92081	22.5457	56.0806
92081	22.517	56.0973
92081	22.4884	56.114
92081	22.4597	56.1306
92081	22.4311	56.1473
92081	22.4024	56.1639
92081	22.3738	56.1806
92081	22.3451	56.1973
92081	22.3165	56.2139
92081	22.2878	56.2306
92081	22.2592	56.2473
92081	22.2305	56.2639
92081	22.2019	56.2806
92081	22.1733	56.2972
92081	22.1446	56.3139
92081	22.116	56.3306
92081	22.0873	56.3472
92081	22.0587	56.3639
92081	22.03	56.3806
92081	22.0014	56.3972
92081	21.9727	56.4139
92081	21.9441	56.4305
92081	21.9154	56.4472
92081	21.8868	56.4639
92081	21.8581	56.4805
92081	21.8295	56.4972
92081	21.8008	56.5139
92081	21.7722	56.5305
92081	21.7435	56.5472
92081	21.7149	56.5638
92081	21.6862	56.5805
92081	21.6576	56.5972
92081	21.629	56.6138
92081	21.6003	56.6305
92081	21.5717	56.6472
92081	21.543	56.6638
92081	21.5144	56.6805
92081	21.4857	56.6971
92081	21.4571	56.7138
92081	21.4284	56.7305
92081	21.3998	56.7471
92081	21.3711	56.7638
92081	21.3425	56.7805
92081	21.3138	56.7971
92081	21.2852	56.8138
92081	21.2565	56.8304
92081	21.2279	56.8471
92081	21.1992	56.8638
92081	21.1706	56.8804
92081	21.1419	56.8971
92081	21.1133	56.9138
92081	21.0847	56.9304
92081	21.056	56.9471
92081	21.0274	56.9637
92081	20.9987	56.9804
92081	20.9701	56.9971
92081	20.9414	57.0137
92081	20.9128	57.0304
92081	20.8841	57.0471
92081	20.8555	57.0637
92081	20.8268	57.0804
92081	20.7982	57.097
92081	20.7695	57.1137
92081	20.7409	57.1304
92081	20.7122	57.147
92081	20.6836	57.1637
92081	20.6549	57.1804
92081	20.6263	57.197
92081	20.5976	57.2137
92081	20.569	57.2303
92081	20.5403	57.247
92081	20.5117	57.2637
92081	20.4831	57.2803
92081	20.4544	57.297
92081	20.4258	57.3137
92081	20.3971	57.3303
92081	20.3685	57.347
92081	20.3398	57.3636
92081	20.3112	57.3803
92081	20.2825	57.397
92081	20.2539	57.4136
92081	20.2252	57.4303
92081	20.1966	57.447
92081	20.1679	57.4636
92081	20.1393	57.4803
92081	20.1106	57.4969
92081	20.082	57.5136
92081	20.0533	57.5303
92081	20.0247	57.5469
92081	19.996	57.5636
92081	19.9674	57.5803
92081	19.9388	57.5969
92081	19.9101	57.6136
92081	19.8815	57.6302
92081	19.8528	57.6469
92081	19.8242	57.6636
92081	19.7955	57.6802
92081	19.7669	57.6969
92081	19.7382	57.7136
92081	19.7096	57.7302
92081	19.6809	57.7469
92081	19.6523	57.7635
92081	19.6236	57.7802
92081	19.595	57.7969
92081	19.5663	57.8135
92081	19.5377	57.8302
92081	19.509	57.8469
92081	19.4804	57.8635
92081	19.4517	57.8802
92081	19.4231	57.8969
92081	19.3944	57.9135
92081	19.3658	57.9302
92081	19.3372	57.9468
92081	19.3085	57.9635
92081	19.2799	57.9802
92081	19.2512	57.9968
92081	19.2226	58.0135
92081	19.1939	58.0302
92081	19.1653	58.0468
92081	19.1366	58.0635
92081	19.108	58.0801
92081	19.0793	58.0968
92081	19.0507	58.1135
92081	19.022	58.1301
92081	18.9934	58.1468
92081	18.9647	58.1635
92081	18.9361	58.1801
92081	18.9074	58.1968
92081	18.8788	58.2134
92081	18.8501	58.2301
92081	18.8215	58.2468
92081	18.7929	58.2634
92081	18.7642	58.2801
92081	18.7356	58.2968
92081	18.7069	58.3134
92081	18.6783	58.3301
92081	18.6496	58.3467
92081	18.621	58.3634
92081	18.5923	58.3801
92081	18.5637	58.3967
92081	18.535	58.4134
92081	18.5064	58.4301
92081	18.4777	58.4467
92081	18.4491	58.4634
92081	18.4204	58.48
92081	18.3918	58.4967
92081	18.3631	58.5134
92081	18.3345	58.53
92081	18.3058	58.5467
92081	18.2772	58.5634
92081	18.2486	58.58
92081	18.2199	58.5967
92081	18.1913	58.6133
92081	18.1626	58.63
92081	18.134	58.6467
92081	18.1053	58.6633
92081	18.0767	58.68
92081	18.048	58.6967
92081	18.0194	58.7133
92081	17.9907	58.73
92081	17.9621	58.7466
92081	17.9334	58.7633
92081	17.9048	58.78
92081	17.8761	58.7966
92081	17.8475	58.8133
92081	17.8188	58.83
92081	17.7902	58.8466
92081	17.7615	58.8633
92081	17.7329	58.8799
92081	17.7042	58.8966
92081	17.6756	58.9133
92081	17.647	58.9299
92081	17.6183	58.9466
92081	17.5897	58.9633
92081	17.561	58.9799
92081	17.5324	58.9966
92081	17.5037	59.0132
92081	17.4751	59.0299
92081	17.4464	59.0466
92081	17.4178	59.0632
92081	17.3891	59.0799
92081	17.3605	59.0966
92081	17.3318	59.1132
92081	17.3032	59.1299
92081	17.2745	59.1465
92081	17.2459	59.1632
92081	17.2172	59.1799
92081	17.1886	59.1965
92081	17.1599	59.2132
92081	17.1313	59.2299
92081	17.1026	59.2465
92081	17.074	59.2632
92081	17.0454	59.2798
92081	17.0167	59.2965
92081	16.9881	59.3132
92081	16.9594	59.3298
92081	16.9308	59.3465
92081	16.9021	59.3632
92081	16.8735	59.3798
92081	16.8448	59.3965
92081	16.8162	59.4131
92081	16.7875	59.4298
92081	16.7589	59.4465
92081	16.7302	59.4631
92081	16.7016	59.4798
92081	16.6729	59.4965
92081	16.6443	59.5131
92081	16.6156	59.5298
92081	16.587	59.5464
92081	16.5583	59.5631
92081	16.5297	59.5798
92081	16.5011	59.5964
92081	16.4724	59.6131
92081	16.4438	59.6298
92081	16.4151	59.6464
92081	16.3865	59.6631
92081	16.3578	59.6797
92081	16.3292	59.6964
92081	16.3005	59.7131
92081	16.2719	59.7297
92081	16.2432	59.7464
92081	16.2146	59.7631
92081	16.1859	59.7797
92081	16.1573	59.7964
92081	16.1286	59.813
92081	16.1	59.8297
92081	16.0713	59.8464
92081	16.0427	59.863
92081	16.014	59.8797
92081	15.9854	59.8964
92081	15.9568	59.913
92081	15.9281	59.9297
92081	15.8995	59.9464
92081	15.8708	59.963
92081	15.8422	59.9797
92081	15.8135	59.9963
92081	15.7849	60.013
92081	15.7562	60.0297
92081	15.7276	60.0463
92081	15.6989	60.063
92081	15.6703	60.0797
92081	15.6416	60.0963
92081	15.613	60.113
92081	15.5843	60.1296
92081	15.5557	60.1463
92081	15.527	60.163
92081	15.4984	60.1796
92081	15.4697	60.1963
92081	15.4411	60.213
92081	15.4124	60.2296
92081	15.3838	60.2463
92081	15.3552	60.2629
92081	15.3265	60.2796
92081	15.2979	60.2963
92081	15.2692	60.3129
92081	15.2406	60.3296
92081	15.2119	60.3463
92081	15.1833	60.3629
92081	15.1546	60.3796
92081	15.126	60.3962
92081	15.0973	60.4129
92081	15.0687	60.4296
92081	15.04	60.4462
92081	15.0114	60.4629
92081	14.9827	60.4796
92081	14.9541	60.4962
92081	14.9254	60.5129
92081	14.8968	60.5295
92081	14.8681	60.5462
92081	14.8395	60.5629
92081	14.8109	60.5795
92081	14.7822	60.5962
92081	14.7536	60.6129
92081	14.7249	60.6295
92081	14.6963	60.6462
92081	14.6676	60.6628
92081	14.639	60.6795
92081	14.6103	60.6962
92081	14.5817	60.7128
92081	14.553	60.7295
92081	14.5244	60.7462
92081	14.4957	60.7628
92081	14.4671	60.7795
92081	14.4384	60.7961
92081	14.4098	60.8128
92081	14.3811	60.8295
92081	14.3525	60.8461
92081	14.3238	60.8628
92081	14.2952	60.8795
92081	14.2666	60.8961
92081	14.2379	60.9128
92081	14.2093	60.9294
92081	14.1806	60.9461
92081	14.152	60.9628
92081	14.1233	60.9794
92081	14.0947	60.9961
92081	14.066	61.0128
92081	14.0374	61.0294
92081	14.0087	61.0461
92081	13.9801	61.0627
92081	13.9514	61.0794
92081	13.9228	61.0961
92081	13.8941	61.1127
92081	13.8655	61.1294
92081	13.8368	61.1461
92081	13.8082	61.1627
92081	13.7795	61.1794
92081	13.7509	61.196
92081	13.7222	61.2127
92081	13.6936	61.2294
92081	13.665	61.246
92081	13.6363	61.2627
92081	13.6077	61.2794
92081	13.579	61.296
92081	13.5504	61.3127
92081	13.5217	61.3293
92081	13.4931	61.346
92081	13.4644	61.3627
92081	13.4358	61.3793
92081	13.4071	61.396
92081	13.3785	61.4127
92081	13.3498	61.4293
92081	13.3212	61.446
92081	13.2925	61.4626
92081	13.2639	61.4793
92081	13.2352	61.496
92081	13.2066	61.5126
92081	13.1779	61.5293
92081	13.1493	61.546
92081	13.1207	61.5626
92081	13.092	61.5793
92081	13.0634	61.5959
92081	13.0347	61.6126
92081	13.0061	61.6293
92081	12.9774	61.6459
92081	12.9488	61.6626
92081	12.9201	61.6793
92081	12.8915	61.6959
92081	12.8628	61.7126
92081	12.8342	61.7292
92081	12.8055	61.7459
92081	12.7769	61.7626
92081	12.7482	61.7792
92081	12.7196	61.7959
92081	12.6909	61.8126
92081	12.6623	61.8292
92081	12.6336	61.8459
92081	12.605	61.8625
92081	12.5763	61.8792
92081	12.5477	61.8959
92081	12.5191	61.9125
92081	12.4904	61.9292
92081	12.4618	61.9459
92081	12.4331	61.9625
92081	12.4045	61.9792
92081	12.3758	61.9958
92081	12.3472	62.0125
92081	12.3185	62.0292
92081	12.2899	62.0458
92081	12.2612	62.0625
92081	12.2326	62.0792
92081	12.2039	62.0958
92081	12.1753	62.1125
92081	12.1466	62.1292
92081	12.118	62.1458
92081	12.0893	62.1625
92081	12.0607	62.1791
92081	12.032	62.1958
92081	12.0034	62.2125
92081	11.9748	62.2291
92081	11.9461	62.2458
92081	11.9175	62.2625
92081	11.8888	62.2791
92081	11.8602	62.2958
92081	11.8315	62.3124
92081	11.8029	62.3291
92081	11.7742	62.3458
92081	11.7456	62.3624
92081	11.7169	62.3791
92081	11.6883	62.3958
92081	11.6596	62.4124
92081	11.631	62.4291
92081	11.6023	62.4457
92081	11.5737	62.4624
92081	11.545	62.4791
92081	11.5164	62.4957
92081	11.4877	62.5124
92081	11.4591	62.5291
92081	11.4304	62.5457
92081	11.4018	62.5624
92081	11.3732	62.579
92081	11.3445	62.5957
92081	11.3159	62.6124
92081	11.2872	62.629
92081	11.2586	62.6457
92081	11.2299	62.6624
92081	11.2013	62.679
92081	11.1726	62.6957
92081	11.144	62.7123
92081	11.1153	62.729
92081	11.0867	62.7457
92081	11.058	62.7623
92081	11.0294	62.779
92081	11.0007	62.7957
92081	10.9721	62.8123
92081	10.9434	62.829
92081	10.9148	62.8456
92081	10.8861	62.8623
92081	10.8575	62.879
92081	10.8289	62.8956
92081	10.8002	62.9123
92081	10.7716	62.929
92081	10.7429	62.9456
92081	10.7143	62.9623
92081	10.6856	62.9789
92081	10.657	62.9956
92081	10.6283	63.0123
92081	10.5997	63.0289
92081	10.571	63.0456
92081	10.5424	63.0623
92081	10.5137	63.0789
92081	10.4851	63.0956
92081	10.4564	63.1122
92081	10.4278	63.1289
92081	10.3991	63.1456
92081	10.3705	63.1622
92081	10.3418	63.1789
92081	10.3132	63.1956
92081	10.2845	63.2122
92081	10.2559	63.2289
92081	10.2273	63.2455
92081	10.1986	63.2622
92081	10.17	63.2789
92081	10.1413	63.2955
92081	10.1127	63.3122
92081	10.084	63.3289
92081	10.0554	63.3455
92081	10.0267	63.3622
92081	9.99808	63.3788
92081	9.96943	63.3955
92081	9.94078	63.4122
92081	9.91213	63.4288
92081	9.88348	63.4455
92081	9.85484	63.4622
92081	9.82619	63.4788
92081	9.79754	63.4955
92081	9.7689	63.5121
92081	9.74025	63.5288
92081	9.7116	63.5455
92081	9.68295	63.5621
92081	9.65431	63.5788
92081	9.62566	63.5955
92081	9.59701	63.6121
92081	9.56836	63.6288
92081	9.53972	63.6454
92081	9.51107	63.6621
92081	9.48242	63.6788
92081	9.45377	63.6954
92081	9.42513	63.7121
92081	9.39648	63.7288
92081	9.36783	63.7454
92081	9.33918	63.7621
92081	9.31054	63.7787
92081	9.28189	63.7954
92081	9.25324	63.8121
92081	9.22459	63.8287
92081	9.19595	63.8454
92081	9.1673	63.8621
92081	9.13865	63.8787
92081	9.11	63.8954
92081	9.08136	63.912
92081	9.05271	63.9287
92081	9.02406	63.9454
92081	8.99541	63.962
92081	8.96677	63.9787
92081	8.93812	63.9954
92081	8.90947	64.012
92081	8.88082	64.0287
92081	8.85218	64.0453
92081	8.82353	64.062
92081	8.79488	64.0787
92081	8.76623	64.0953
92081	8.73759	64.112
92081	8.70894	64.1287
92081	8.68029	64.1453
92081	8.65164	64.162
92081	8.623	64.1786
92081	8.59435	64.1953
92081	8.5657	64.212
92081	8.53705	64.2286
92081	8.50841	64.2453
92081	8.47976	64.262
92081	8.45111	64.2786
92081	8.42246	64.2953
92081	8.39382	64.312
92081	8.36517	64.3286
92081	8.33652	64.3453
92081	8.30787	64.3619
92081	8.27923	64.3786
92081	8.25058	64.3953
92081	8.22193	64.4119
92081	8.19328	64.4286
92081	8.16464	64.4453
92081	8.13599	64.4619
92081	8.10734	64.4786
92081	8.07869	64.4952
92081	8.05005	64.5119
92081	8.0214	64.5286
92081	7.99275	64.5452
92081	7.9641	64.5619
92081	7.93546	64.5786
92081	7.90681	64.5952
92081	7.87816	64.6119
92081	7.84951	64.6285
92081	7.82087	64.6452
92081	7.79222	64.6619
92081	7.76357	64.6785
92081	7.73492	64.6952
92081	7.70628	64.7119
92081	7.67763	64.7285
92081	7.64898	64.7452
92081	7.62033	64.7618
92081	7.59169	64.7785
92081	7.56304	64.7952
92081	7.53439	64.8118
92081	7.50574	64.8285
92081	7.4771	64.8452
92081	7.44845	64.8618
92081	7.4198	64.8785
92081	7.39115	64.8951
92081	7.36251	64.9118
92081	7.33386	64.9285
92081	7.30521	64.9451
92081	7.27656	64.9618
92081	7.24792	64.9785
92081	7.21927	64.9951
92081	7.19062	65.0118
92081	7.16197	65.0284
92081	7.13333	65.0451
92081	7.10468	65.0618
92081	7.07603	65.0784
92081	7.04738	65.0951
92081	7.01873	65.1118
92081	6.99009	65.1284
92081	6.96144	65.1451
92081	6.93279	65.1617
92081	6.90414	65.1784
92081	6.8755	65.1951
92081	6.84685	65.2117
92081	6.8182	65.2284
92081	6.78955	65.2451
92081	6.7609	65.2617
92081	6.73226	65.2784
92081	6.70361	65.295
92081	6.67496	65.3117
92081	6.64631	65.3284
92081	6.61766	65.345
92081	6.58902	65.3617
92081	6.56037	65.3784
92081	6.53172	65.395
92081	6.50307	65.4117
92081	6.47442	65.4283
92081	6.44578	65.445
92081	6.41713	65.4617
92081	6.38848	65.4783
92081	6.35983	65.495
92081	6.33119	65.5117
92081	6.30254	65.5283
92081	6.27389	65.545
92081	6.24524	65.5616
92081	6.21659	65.5783
92081	6.18795	65.595
92081	6.1593	65.6116
92081	6.13065	65.6283
92081	6.102	65.645
92081	6.07335	65.6616
92081	6.04471	65.6783
92081	6.01606	65.6949
92081	5.98741	65.7116
92081	5.95876	65.7283
92081	5.93011	65.7449
92081	5.90147	65.7616
92081	5.87282	65.7783
92081	5.84417	65.7949
92081	5.81552	65.8116
92081	5.78687	65.8282
92081	5.75823	65.8449
92081	5.72958	65.8616
92081	5.70093	65.8782
92081	5.67228	65.8949
92081	5.64364	65.9116
92081	5.61499	65.9282
92081	5.58634	65.9449
92081	5.55769	65.9615
92081	5.52904	65.9782
92081	5.5004	65.9949
92081	5.47175	66.0115
92081	5.4431	66.0282
92081	5.41445	66.0449
92081	5.3858	66.0615
92081	5.35716	66.0782
92081	5.32851	66.0948
92081	5.29986	66.1115
92081	5.27121	66.1282
92081	5.24256	66.1448
92081	5.21392	66.1615
92081	5.18527	66.1782
92081	5.15662	66.1948
92081	5.12797	66.2115
92081	5.09933	66.2281
92081	5.07068	66.2448
92081	5.04203	66.2615
92081	5.01338	66.2781
92081	4.98473	66.2948
92081	4.95609	66.3115
92081	4.92744	66.3281
92081	4.89879	66.3448
92081	4.87014	66.3615
92081	4.84149	66.3781
92081	4.81285	66.3948
92081	4.7842	66.4114
92081	4.75555	66.4281
92081	4.7269	66.4448
92081	4.69825	66.4614
92081	4.66961	66.4781
92081	4.64096	66.4948
92081	4.61231	66.5114
92081	4.58366	66.5281
92081	4.55501	66.5447
92081	4.52637	66.5614
92081	4.49772	66.5781
92081	4.46907	66.5947
92081	4.44042	66.6114
92081	4.41178	66.6281
92081	4.38313	66.6447
92081	4.35448	66.6614
92081	4.32583	66.678
92081	4.29718	66.6947
92081	4.26854	66.7114
92081	4.23989	66.728
92081	4.21124	66.7447
92081	4.18259	66.7614
92081	4.15394	66.778
92081	4.1253	66.7947
92081	4.09665	66.8113
92081	4.068	66.828
92081	4.03935	66.8447
92081	4.0107	66.8613
92081	3.98206	66.878
92081	3.95341	66.8947
92081	3.92476	66.9113
92081	3.89611	66.928
92081	3.86747	66.9446
92081	3.83882	66.9613
92081	3.81017	66.978
92081	3.78152	66.9946
92081	3.75287	67.0113
92081	3.72423	67.028
92081	3.69558	67.0446
92081	3.66693	67.0613
92081	3.63828	67.0779
92081	3.60963	67.0946
92081	3.58099	67.1113
92081	3.55234	67.1279
92081	3.52369	67.1446
92081	3.49504	67.1613
92081	3.46639	67.1779
92081	3.43775	67.1946
92081	3.4091	67.2112
92081	3.38045	67.2279
92081	3.3518	67.2446
92081	3.32315	67.2612
92081	3.29451	67.2779
92081	3.26586	67.2946
92081	3.23721	67.3112
92081	3.20856	67.3279
92081	3.17992	67.3445
92081	3.15127	67.3612
92081	3.12262	67.3779
92081	3.09397	67.3945
92081	3.06532	67.4112
92081	3.03668	67.4279
92081	3.00803	67.4445
92081	2.97938	67.4612
92081	2.95073	67.4778
92081	2.92208	67.4945
92081	2.89344	67.5112
92081	2.86479	67.5278
92081	2.83614	67.5445
92081	2.80749	67.5612
92081	2.77884	67.5778
92081	2.7502	67.5945
92081	2.72155	67.6111
92081	2.6929	67.6278
92081	2.66425	67.6445
92081	2.63561	67.6611
92081	2.60696	67.6778
92081	2.57831	67.6945
92081	2.54966	67.7111
92081	2.52101	67.7278
92081	2.49237	67.7444
92081	2.46372	67.7611
92081	2.43507	67.7778
92081	2.40642	67.7944
92081	2.37777	67.8111
92081	2.34913	67.8278
92081	2.32048	67.8444
92081	2.29183	67.8611
92081	2.26318	67.8777
92081	2.23453	67.8944
92081	2.20589	67.9111
92081	2.17724	67.9277
92081	2.14859	67.9444
92081	2.11994	67.9611
92081	2.09129	67.9777
92081	2.06265	67.9944
92081	2.034	68.011
92081	2.00535	68.0277
92081	1.9767	68.0444
92081	1.94806	68.061
92081	1.91941	68.0777
92081	1.89076	68.0944
92081	1.86211	68.111
92081	1.83346	68.1277
92081	1.80482	68.1443
92081	1.77617	68.161
92081	1.74752	68.1777
92081	1.71887	68.1943
92081	1.69022	68.211
92081	1.66158	68.2277
92081	1.63293	68.2443
92081	1.60428	68.261
92081	1.57563	68.2776
92081	1.54699	68.2943
92081	1.51834	68.311
92081	1.48969	68.3276
92081	1.46104	68.3443
92081	1.43239	68.361
92081	1.40375	68.3776
92081	1.3751	68.3943
92081	1.34645	68.4109
92081	1.3178	68.4276
92081	1.28916	68.4443
92081	1.26051	68.4609
92081	1.23186	68.4776
92081	1.20321	68.4943
92081	1.17456	68.5109
92081	1.14592	68.5276
92081	1.11727	68.5443
92081	1.08862	68.5609
92081	1.05997	68.5776
92081	1.03132	68.5942
92081	1.00268	68.6109
92081	0.974029	68.6276
92081	0.945382	68.6442
92081	0.916734	68.6609
92081	0.888086	68.6776
92081	0.859438	68.6942
92081	0.83079	68.7109
92081	0.802142	68.7275
92081	0.773495	68.7442
92081	0.744847	68.7609
92081	0.716199	68.7775
92081	0.687551	68.7942
92081	0.658903	68.8109
92081	0.630255	68.8275
92081	0.601607	68.8442
92081	0.57296	68.8608
92081	0.544312	68.8775
92081	0.515664	68.8942
92081	0.487016	68.9108
92081	0.458368	68.9275
92081	0.42972	68.9442
92081	0.401072	68.9608
92081	0.372425	68.9775
92081	0.343777	68.9941
92081	0.315129	69.0108
92081	0.286481	69.0275
92081	0.257833	69.0441
92081	0.229185	69.0608
92081	0.200537	69.0775
92081	0.17189	69.0941
92081	0.143242	69.1108
92081	0.114594	69.1274
92081	0.085946	69.1441
92081	0.0572982	69.1608
92081	0.0286503	69.1774
92081	2.46127e-06	69.1941
92081	-0.0286454	69.2108
92081	0	69.2274
92081	0	69.2441
92081	0	69.2607
92081	0	69.2774
92081	0	69.2941
92081	0	69.3107
92081	0	69.3274
92081	0	69.3441
92081	0	69.3607
92081	0	69.3774
92081	0	69.394
92081	0	69.4107
92081	0	69.4274
92081	0	69.444
92081	0	69.4607
92081	0	69.4774
92081	0	69.494
92081	0	69.5107
92081	0	69.5273
92081	0	69.544
92081	0	69.5607
92081	0	69.5773
92081	0	69.594
92081	0	69.6107
92081	0	69.6273
92081	0	69.644
92081	0	69.6606
92081	0	69.6773
92081	0	69.694
92081	0	69.7106
92081	0	69.7273
92081	0	69.744
92081	0	69.7606
92081	0	69.7773
92081	0	69.7939
92081	0	69.8106
92081	0	69.8273
92081	0	69.8439
92081	0	69.8606
92081	0	69.8773
92081	0	69.8939
92081	0	69.9106
92081	0	69.9272
92081	0	69.9439
92081	0	69.9606
92081	0	69.9772
92081	0	69.9939
92081	0	70.0106
92081	0	70.0272
92081	0	70.0439
92081	0	70.0605
92081	0	70.0772
92081	0	70.0939
92081	0	70.1105
92081	0	70.1272
92081	0	70.1439
92081	0	70.1605
92081	0	70.1772
92081	0	70.1938
92081	0	70.2105
92081	0	70.2272
