inside_count	theta (degrees)	time (s)
191950	0.0286479	0.0164032
191950	0.0572957	0.0330658
191950	0.0859435	0.0497284
191950	0.114591	0.066391
191950	0.143239	0.0830536
191950	0.171887	0.0997162
191950	0.200535	0.116379
191950	0.229183	0.133041
191950	0.257831	0.149704
191950	0.286479	0.166367
191950	0.315126	0.183029
191950	0.343774	0.199692
191950	0.372422	0.216354
191950	0.40107	0.233017
191950	0.429718	0.24968
191950	0.458366	0.266342
191950	0.487013	0.283005
191950	0.515661	0.299667
191950	0.544309	0.31633
191950	0.572957	0.332993
191950	0.601605	0.349655
191950	0.630253	0.366318
191950	0.658901	0.38298
191950	0.687548	0.399643
191950	0.716196	0.416306
191950	0.744844	0.432968
191950	0.773492	0.449631
191950	0.80214	0.466293
191950	0.830788	0.482956
191950	0.859436	0.499619
191950	0.888083	0.516281
191950	0.916731	0.532944
191950	0.945379	0.549606
191950	0.974027	0.566269
191950	1.00267	0.582932
191950	1.03132	0.599594
191950	1.05997	0.616257
191950	1.08862	0.632919
191950	1.11727	0.649582
191950	1.14591	0.666245
191950	1.17456	0.682907
191950	1.20321	0.69957
191950	1.23186	0.716232
191950	1.2605	0.732895
191950	1.28915	0.749557
191950	1.3178	0.76622
191950	1.34645	0.782883
191950	1.3751	0.799545
191950	1.40374	0.816208
191950	1.43239	0.83287
191950	1.46104	0.849533
191950	1.48969	0.866196
191950	1.51834	0.882858
191950	1.54698	0.899521
191950	1.57563	0.916183
191950	1.60428	0.932846
191950	1.63293	0.949509
191950	1.66157	0.966171
191950	1.69022	0.982834
191950	1.71887	0.999496
191950	1.74752	1.01616
191950	1.77617	1.03282
191950	1.80481	1.04948
191950	1.83346	1.06615
191950	1.86211	1.08281
191950	1.89076	1.09947
191950	1.9194	1.11613
191950	1.94805	1.1328
191950	1.9767	1.14946
191950	2.00535	1.16612
191950	2.034	1.18279
191950	2.06264	1.19945
191950	2.09129	1.21611
191950	2.11994	1.23277
191950	2.14859	1.24944
191950	2.17724	1.2661
191950	2.20588	1.28276
191950	2.23453	1.29942
191950	2.26318	1.31609
191950	2.29183	1.33275
191950	2.32048	1.34941
191950	2.34912	1.36607
191950	2.37777	1.38274
191950	2.40642	1.3994
191950	2.43507	1.41606
191950	2.46372	1.43272
191950	2.49236	1.44939
191950	2.52101	1.46605
191950	2.54966	1.48271
191950	2.57831	1.49937
191950	2.60695	1.51604
191950	2.6356	1.5327
191950	2.66425	1.54936
191950	2.6929	1.56602
191950	2.72155	1.58269
191950	2.75019	1.59935
191950	2.77884	1.61601
191950	2.80749	1.63268
191950	2.83614	1.64934
191950	2.86479	1.666
191950	2.89343	1.68266
191950	2.92208	1.69933
191950	2.95073	1.71599
191950	2.97938	1.73265
191950	3.00803	1.74931
191950	3.03667	1.76598
191950	3.06532	1.78264
191950	3.09397	1.7993
191950	3.12262	1.81596
191950	3.15126	1.83263
191950	3.17991	1.84929
191950	3.20856	1.86595
191950	3.23721	1.88261
191950	3.26586	1.89928
191950	3.2945	1.91594
191950	3.32315	1.9326
191950	3.3518	1.94926
191950	3.38045	1.96593
191950	3.4091	1.98259
191950	3.43774	1.99925
191950	3.46639	2.01591
191950	3.49504	2.03258
191950	3.52369	2.04924
191950	3.55234	2.0659
191950	3.58098	2.08257
191950	3.60963	2.09923
191950	3.63828	2.11589
191950	3.66693	2.13255
191950	3.69557	2.14922
191950	3.72422	2.16588
191950	3.75287	2.18254
191950	3.78152	2.1992
191950	3.81017	2.21587
191950	3.83881	2.23253
191950	3.86746	2.24919
191950	3.89611	2.26585
191950	3.92476	2.28252
191950	3.95341	2.29918
191950	3.98205	2.31584
191950	4.0107	2.3325
191950	4.03935	2.34917
191950	4.068	2.36583
191950	4.09665	2.38249
191950	4.12529	2.39915
191950	4.15394	2.41582
191950	4.18259	2.43248
191950	4.21124	2.44914
191950	4.23989	2.46581
191950	4.26853	2.48247
191950	4.29718	2.49913
191950	4.32583	2.51579
191950	4.35448	2.53246
191950	4.38312	2.54912
191950	4.41177	2.56578
191950	4.44042	2.58244
191950	4.46907	2.59911
191950	4.49772	2.61577
191950	4.52636	2.63243
191950	4.55501	2.64909
191950	4.58366	2.66576
191950	4.61231	2.68242
191950	4.64096	2.69908
191950	4.6696	2.71574
191950	4.69825	2.73241
191950	4.7269	2.74907
191950	4.75555	2.76573
191950	4.7842	2.78239
191950	4.81284	2.79906
191950	4.84149	2.81572
191950	4.87014	2.83238
191950	4.89879	2.84904
191950	4.92743	2.86571
191950	4.95608	2.88237
191950	4.98473	2.89903
191950	5.01338	2.9157
191950	5.04203	2.93236
191950	5.07067	2.94902
191950	5.09932	2.96568
191950	5.12797	2.98235
191950	5.15662	2.99901
191950	5.18527	3.01567
191950	5.21391	3.03233
191950	5.24256	3.049
191950	5.27121	3.06566
191950	5.29986	3.08232
191950	5.32851	3.09898
191950	5.35715	3.11565
191950	5.3858	3.13231
191950	5.41445	3.14897
191950	5.4431	3.16563
191950	5.47175	3.1823
191950	5.50039	3.19896
191950	5.52904	3.21562
191950	5.55769	3.23228
191950	5.58634	3.24895
191950	5.61498	3.26561
191950	5.64363	3.28227
191950	5.67228	3.29893
191950	5.70093	3.3156
191950	5.72958	3.33226
191950	5.75822	3.34892
191950	5.78687	3.36559
191950	5.81552	3.38225
191950	5.84417	3.39891
191950	5.87282	3.41557
191950	5.90146	3.43224
191950	5.93011	3.4489
191950	5.95876	3.46556
191950	5.98741	3.48222
191950	6.01606	3.49889
191950	6.0447	3.51555
191950	6.07335	3.53221
191950	6.102	3.54887
191950	6.13065	3.56554
191950	6.1593	3.5822
191950	6.18794	3.59886
191950	6.21659	3.61552
191950	6.24524	3.63219
191950	6.27389	3.64885
191950	6.30253	3.66551
191950	6.33118	3.68217
191950	6.35983	3.69884
191950	6.38848	3.7155
191950	6.41713	3.73216
191950	6.44577	3.74883
191949	6.47442	3.76549
191949	6.50307	3.78215
191949	6.53172	3.79881
191949	6.56037	3.81548
191949	6.58901	3.83214
191949	6.61766	3.8488
191949	6.64631	3.86546
191949	6.67496	3.88213
191949	6.70361	3.89879
191949	6.73225	3.91545
191949	6.7609	3.93211
191949	6.78955	3.94878
191949	6.8182	3.96544
191949	6.84685	3.9821
191949	6.87549	3.99876
191949	6.90414	4.01543
191949	6.93279	4.03209
191949	6.96144	4.04875
191949	6.99008	4.06541
191949	7.01873	4.08208
191949	7.04738	4.09874
191949	7.07603	4.1154
191949	7.10468	4.13206
191949	7.13332	4.14873
191949	7.16197	4.16539
191949	7.19062	4.18205
191949	7.21927	4.19872
191949	7.24791	4.21538
191949	7.27656	4.23204
191949	7.30521	4.2487
191949	7.33386	4.26537
191949	7.3625	4.28203
191949	7.39115	4.29869
191949	7.4198	4.31535
191949	7.44845	4.33202
191949	7.47709	4.34868
191949	7.50574	4.36534
191949	7.53439	4.382
191949	7.56304	4.39867
191949	7.59168	4.41533
191949	7.62033	4.43199
191949	7.64898	4.44865
191949	7.67763	4.46532
191949	7.70627	4.48198
191949	7.73492	4.49864
191949	7.76357	4.5153
191949	7.79222	4.53197
191949	7.82086	4.54863
191949	7.84951	4.56529
191949	7.87816	4.58195
191949	7.90681	4.59862
191949	7.93545	4.61528
191949	7.9641	4.63194
191949	7.99275	4.64861
191949	8.0214	4.66527
191949	8.05004	4.68193
191949	8.07869	4.69859
191949	8.10734	4.71526
191949	8.13599	4.73192
191949	8.16463	4.74858
191949	8.19328	4.76524
191949	8.22193	4.78191
191949	8.25058	4.79857
191949	8.27922	4.81523
191949	8.30787	4.83189
191949	8.33652	4.84856
191949	8.36517	4.86522
191949	8.39381	4.88188
191949	8.42246	4.89854
191949	8.45111	4.91521
191948	8.47976	4.93187
191948	8.5084	4.94853
191948	8.53705	4.96519
191947	8.5657	4.98186
191947	8.59435	4.99852
191947	8.62299	5.01518
191947	8.65164	5.03185
191947	8.68029	5.04851
191947	8.70894	5.06517
191947	8.73758	5.08183
191947	8.76623	5.0985
191947	8.79488	5.11516
191947	8.82353	5.13182
191947	8.85217	5.14848
191947	8.88082	5.16515
191947	8.90947	5.18181
191947	8.93812	5.19847
191947	8.96676	5.21513
191947	8.99541	5.2318
191947	9.02406	5.24846
191947	9.05271	5.26512
191947	9.08135	5.28178
191947	9.11	5.29845
191947	9.13865	5.31511
191947	9.1673	5.33177
191947	9.19594	5.34843
191947	9.22459	5.3651
191947	9.25324	5.38176
191947	9.28189	5.39842
191947	9.31053	5.41508
191947	9.33918	5.43175
191947	9.36783	5.44841
191947	9.39648	5.46507
191947	9.42512	5.48174
191947	9.45377	5.4984
191947	9.48242	5.51506
191947	9.51107	5.53172
191947	9.53971	5.54839
191947	9.56836	5.56505
191947	9.59701	5.58171
191947	9.62566	5.59837
191947	9.6543	5.61504
191947	9.68295	5.6317
191947	9.7116	5.64836
191947	9.74024	5.66502
191947	9.76889	5.68169
191947	9.79754	5.69835
191947	9.82619	5.71501
191947	9.85484	5.73167
191947	9.88348	5.74834
191947	9.91213	5.765
191947	9.94078	5.78166
191947	9.96943	5.79832
191947	9.99807	5.81499
191947	10.0267	5.83165
191947	10.0554	5.84831
191947	10.084	5.86497
191947	10.1127	5.88164
191947	10.1413	5.8983
191947	10.17	5.91496
191947	10.1986	5.93163
191947	10.2273	5.94829
191947	10.2559	5.96495
191947	10.2845	5.98161
191947	10.3132	5.99828
191947	10.3418	6.01495
191947	10.3705	6.03162
191947	10.3991	6.04828
191947	10.4278	6.06494
191947	10.4564	6.0816
191947	10.4851	6.09827
191947	10.5137	6.11493
191947	10.5424	6.13159
191947	10.571	6.14825
191947	10.5997	6.16492
191947	10.6283	6.18158
191947	10.657	6.19824
191947	10.6856	6.2149
191947	10.7143	6.23157
191947	10.7429	6.24823
191947	10.7716	6.26489
191947	10.8002	6.28156
191947	10.8288	6.29822
191947	10.8575	6.31488
191947	10.8861	6.33154
191947	10.9148	6.34821
191947	10.9434	6.36487
191947	10.9721	6.38153
191947	11.0007	6.39819
191947	11.0294	6.41486
191947	11.058	6.43152
191947	11.0867	6.44818
191947	11.1153	6.46484
191947	11.144	6.48151
191947	11.1726	6.49817
191947	11.2013	6.51483
191947	11.2299	6.53149
191947	11.2586	6.54816
191947	11.2872	6.56482
191947	11.3159	6.58148
191947	11.3445	6.59814
191947	11.3732	6.61481
191947	11.4018	6.63147
191947	11.4304	6.64813
191947	11.4591	6.66479
191947	11.4877	6.68146
191947	11.5164	6.69812
191946	11.545	6.71478
191946	11.5737	6.73145
191946	11.6023	6.74811
191946	11.631	6.76477
191946	11.6596	6.78143
191946	11.6883	6.7981
191946	11.7169	6.81476
191946	11.7456	6.83142
191946	11.7742	6.84808
191946	11.8029	6.86475
191946	11.8315	6.88141
191946	11.8602	6.89807
191946	11.8888	6.91473
191946	11.9175	6.9314
191946	11.9461	6.94806
191946	11.9747	6.96472
191946	12.0034	6.98138
191946	12.032	6.99805
191946	12.0607	7.01471
191946	12.0893	7.03137
191946	12.118	7.04803
191946	12.1466	7.0647
191946	12.1753	7.08136
191946	12.2039	7.09802
191946	12.2326	7.11469
191946	12.2612	7.13135
191946	12.2899	7.14801
191946	12.3185	7.16467
191946	12.3472	7.18134
191946	12.3758	7.198
191946	12.4045	7.21466
191946	12.4331	7.23132
191946	12.4618	7.24799
191946	12.4904	7.26465
191946	12.5191	7.28131
191946	12.5477	7.29797
191946	12.5763	7.31464
191946	12.605	7.3313
191946	12.6336	7.34796
191946	12.6623	7.36462
191946	12.6909	7.38129
191946	12.7196	7.39795
191946	12.7482	7.41461
191946	12.7769	7.43127
191946	12.8055	7.44794
191946	12.8342	7.4646
191946	12.8628	7.48126
191946	12.8915	7.49792
191946	12.9201	7.51459
191946	12.9488	7.53125
191946	12.9774	7.54791
191946	13.0061	7.56458
191946	13.0347	7.58124
191946	13.0634	7.5979
191946	13.092	7.61456
191946	13.1206	7.63123
191946	13.1493	7.64789
191946	13.1779	7.66455
191946	13.2066	7.68121
191946	13.2352	7.69788
191946	13.2639	7.71454
191946	13.2925	7.7312
191946	13.3212	7.74786
191946	13.3498	7.76453
191946	13.3785	7.78119
191946	13.4071	7.79785
191946	13.4358	7.81451
191945	13.4644	7.83118
191945	13.4931	7.84784
191945	13.5217	7.8645
191945	13.5504	7.88116
191945	13.579	7.89783
191945	13.6077	7.91449
191945	13.6363	7.93115
191945	13.665	7.94781
191945	13.6936	7.96448
191945	13.7222	7.98114
191945	13.7509	7.9978
191945	13.7795	8.01447
191945	13.8082	8.03113
191945	13.8368	8.04779
191945	13.8655	8.06445
191945	13.8941	8.08112
191945	13.9228	8.09778
191945	13.9514	8.11444
191945	13.9801	8.1311
191945	14.0087	8.14777
191945	14.0374	8.16443
191945	14.066	8.18109
191945	14.0947	8.19775
191945	14.1233	8.21442
191945	14.152	8.23108
191945	14.1806	8.24774
191945	14.2093	8.2644
191945	14.2379	8.28107
191945	14.2665	8.29773
191945	14.2952	8.31439
191945	14.3238	8.33105
191945	14.3525	8.34772
191945	14.3811	8.36438
191945	14.4098	8.38104
191945	14.4384	8.39771
191945	14.4671	8.41437
191945	14.4957	8.43103
191945	14.5244	8.44769
191945	14.553	8.46436
191945	14.5817	8.48102
191945	14.6103	8.49768
191945	14.639	8.51434
191945	14.6676	8.53101
191945	14.6963	8.54767
191945	14.7249	8.56433
191945	14.7536	8.58099
191945	14.7822	8.59766
191945	14.8109	8.61432
191945	14.8395	8.63098
191945	14.8681	8.64764
191945	14.8968	8.66431
191945	14.9254	8.68097
191945	14.9541	8.69763
191945	14.9827	8.71429
191945	15.0114	8.73096
191945	15.04	8.74762
191945	15.0687	8.76428
191945	15.0973	8.78094
191945	15.126	8.79761
191945	15.1546	8.81427
191945	15.1833	8.83093
191945	15.2119	8.8476
191945	15.2406	8.86426
191945	15.2692	8.88092
191945	15.2979	8.89758
191945	15.3265	8.91425
191945	15.3552	8.93091
191945	15.3838	8.94757
191945	15.4124	8.96423
191945	15.4411	8.9809
191945	15.4697	8.99756
191945	15.4984	9.01422
191945	15.527	9.03088
191945	15.5557	9.04755
191945	15.5843	9.06421
191945	15.613	9.08087
191945	15.6416	9.09753
191945	15.6703	9.1142
191945	15.6989	9.13086
191945	15.7276	9.14752
191945	15.7562	9.16418
191945	15.7849	9.18085
191945	15.8135	9.19751
191945	15.8422	9.21417
191945	15.8708	9.23083
191945	15.8995	9.2475
191945	15.9281	9.26416
191945	15.9567	9.28082
191945	15.9854	9.29749
191945	16.014	9.31415
191945	16.0427	9.33081
191945	16.0713	9.34747
191945	16.1	9.36414
191945	16.1286	9.3808
191945	16.1573	9.39746
191945	16.1859	9.41412
191945	16.2146	9.43079
191945	16.2432	9.44745
191945	16.2719	9.46411
191945	16.3005	9.48077
191945	16.3292	9.49744
191945	16.3578	9.5141
191945	16.3865	9.53076
191945	16.4151	9.54742
191945	16.4438	9.56409
191945	16.4724	9.58075
191945	16.5011	9.59741
191945	16.5297	9.61407
191945	16.5583	9.63074
191945	16.587	9.6474
191945	16.6156	9.66406
191945	16.6443	9.68073
191945	16.6729	9.69739
191945	16.7016	9.71405
191945	16.7302	9.73071
191945	16.7589	9.74738
191945	16.7875	9.76404
191945	16.8162	9.7807
191945	16.8448	9.79736
191945	16.8735	9.81403
191945	16.9021	9.83069
191945	16.9308	9.84735
191945	16.9594	9.86401
191945	16.9881	9.88068
191945	17.0167	9.89734
191945	17.0454	9.914
191945	17.074	9.93066
191945	17.1026	9.94733
191945	17.1313	9.96399
191945	17.1599	9.98065
191945	17.1886	9.99731
191945	17.2172	10.014
191945	17.2459	10.0306
191945	17.2745	10.0473
191945	17.3032	10.064
191945	17.3318	10.0806
191945	17.3605	10.0973
191945	17.3891	10.114
191945	17.4178	10.1306
191945	17.4464	10.1473
191945	17.4751	10.1639
191945	17.5037	10.1806
191945	17.5324	10.1973
191945	17.561	10.2139
191945	17.5897	10.2306
191945	17.6183	10.2473
191945	17.647	10.2639
191945	17.6756	10.2806
191945	17.7042	10.2972
191945	17.7329	10.3139
191945	17.7615	10.3306
191945	17.7902	10.3472
191945	17.8188	10.3639
191945	17.8475	10.3806
191945	17.8761	10.3972
191945	17.9048	10.4139
191945	17.9334	10.4305
191945	17.9621	10.4472
191945	17.9907	10.4639
191945	18.0194	10.4805
191945	18.048	10.4972
191945	18.0767	10.5139
191945	18.1053	10.5305
191945	18.134	10.5472
191945	18.1626	10.5638
191945	18.1913	10.5805
191945	18.2199	10.5972
191945	18.2485	10.6138
191945	18.2772	10.6305
191945	18.3058	10.6472
191945	18.3345	10.6638
191945	18.3631	10.6805
191945	18.3918	10.6971
191945	18.4204	10.7138
191945	18.4491	10.7305
191945	18.4777	10.7471
191945	18.5064	10.7638
191945	18.535	10.7805
191945	18.5637	10.7971
191945	18.5923	10.8138
191945	18.621	10.8304
191945	18.6496	10.8471
191945	18.6783	10.8638
191945	18.7069	10.8804
191945	18.7356	10.8971
191945	18.7642	10.9138
191945	18.7929	10.9304
191945	18.8215	10.9471
191945	18.8501	10.9637
191945	18.8788	10.9804
191945	18.9074	10.9971
191945	18.9361	11.0137
191945	18.9647	11.0304
191945	18.9934	11.0471
191945	19.022	11.0637
191945	19.0507	11.0804
191945	19.0793	11.097
191945	19.108	11.1137
191945	19.1366	11.1304
191944	19.1653	11.147
191944	19.1939	11.1637
191944	19.2226	11.1804
191944	19.2512	11.197
191944	19.2799	11.2137
191944	19.3085	11.2303
191944	19.3372	11.247
191944	19.3658	11.2637
191944	19.3944	11.2803
191944	19.4231	11.297
191944	19.4517	11.3137
191944	19.4804	11.3303
191944	19.509	11.347
191944	19.5377	11.3636
191944	19.5663	11.3803
191944	19.595	11.397
191944	19.6236	11.4136
191944	19.6523	11.4303
191944	19.6809	11.447
191944	19.7096	11.4636
191944	19.7382	11.4803
191944	19.7669	11.4969
191944	19.7955	11.5136
191944	19.8242	11.5303
191944	19.8528	11.5469
191944	19.8815	11.5636
191944	19.9101	11.5803
191942	19.9387	11.5969
191942	19.9674	11.6136
191942	19.996	11.6302
191942	20.0247	11.6469
191942	20.0533	11.6636
191941	20.082	11.6802
191940	20.1106	11.6969
191940	20.1393	11.7136
191940	20.1679	11.7302
191939	20.1966	11.7469
191938	20.2252	11.7635
191938	20.2539	11.7802
191938	20.2825	11.7969
191938	20.3112	11.8135
191938	20.3398	11.8302
191938	20.3685	11.8469
191938	20.3971	11.8635
191938	20.4258	11.8802
191938	20.4544	11.8969
191938	20.4831	11.9135
191938	20.5117	11.9302
191938	20.5403	11.9468
191938	20.569	11.9635
191938	20.5976	11.9802
191938	20.6263	11.9968
191938	20.6549	12.0135
191938	20.6836	12.0302
191938	20.7122	12.0468
191938	20.7409	12.0635
191938	20.7695	12.0801
191938	20.7982	12.0968
191938	20.8268	12.1135
191938	20.8555	12.1301
191937	20.8841	12.1468
191937	20.9128	12.1635
191937	20.9414	12.1801
191937	20.9701	12.1968
191937	20.9987	12.2134
191937	21.0274	12.2301
191937	21.056	12.2468
191937	21.0846	12.2634
191937	21.1133	12.2801
191937	21.1419	12.2968
191937	21.1706	12.3134
191937	21.1992	12.3301
191937	21.2279	12.3467
191937	21.2565	12.3634
191937	21.2852	12.3801
191937	21.3138	12.3967
191937	21.3425	12.4134
191937	21.3711	12.4301
191937	21.3998	12.4467
191937	21.4284	12.4634
191937	21.4571	12.48
191937	21.4857	12.4967
191937	21.5144	12.5134
191937	21.543	12.53
191937	21.5717	12.5467
191937	21.6003	12.5634
191937	21.629	12.58
191937	21.6576	12.5967
191937	21.6862	12.6133
191937	21.7149	12.63
191937	21.7435	12.6467
191937	21.7722	12.6633
191937	21.8008	12.68
191937	21.8295	12.6967
191937	21.8581	12.7133
191937	21.8868	12.73
191937	21.9154	12.7466
191937	21.9441	12.7633
191937	21.9727	12.78
191937	22.0014	12.7966
191937	22.03	12.8133
191937	22.0587	12.83
191937	22.0873	12.8466
191937	22.116	12.8633
191937	22.1446	12.8799
191937	22.1733	12.8966
191937	22.2019	12.9133
191937	22.2305	12.9299
191937	22.2592	12.9466
191937	22.2878	12.9633
191937	22.3165	12.9799
191937	22.3451	12.9966
191937	22.3738	13.0132
191937	22.4024	13.0299
191937	22.4311	13.0466
191937	22.4597	13.0632
191937	22.4884	13.0799
191937	22.517	13.0966
191937	22.5457	13.1132
191937	22.5743	13.1299
191937	22.603	13.1465
191937	22.6316	13.1632
191937	22.6603	13.1799
191937	22.6889	13.1965
191937	22.7176	13.2132
191937	22.7462	13.2299
191937	22.7749	13.2465
191937	22.8035	13.2632
191937	22.8321	13.2798
191937	22.8608	13.2965
191937	22.8894	13.3132
191937	22.9181	13.3298
191937	22.9467	13.3465
191937	22.9754	13.3632
191937	23.004	13.3798
191937	23.0327	13.3965
191937	23.0613	13.4131
191937	23.09	13.4298
191937	23.1186	13.4465
191937	23.1473	13.4631
191937	23.1759	13.4798
191937	23.2046	13.4965
191937	23.2332	13.5131
191937	23.2619	13.5298
191937	23.2905	13.5464
191937	23.3192	13.5631
191937	23.3478	13.5798
191937	23.3764	13.5964
191937	23.4051	13.6131
191937	23.4337	13.6298
191937	23.4624	13.6464
191937	23.491	13.6631
191937	23.5197	13.6797
191937	23.5483	13.6964
191937	23.577	13.7131
191937	23.6056	13.7297
191937	23.6343	13.7464
191937	23.6629	13.7631
191937	23.6916	13.7797
191937	23.7202	13.7964
191937	23.7489	13.813
191937	23.7775	13.8297
191937	23.8062	13.8464
191937	23.8348	13.863
191937	23.8635	13.8797
191937	23.8921	13.8964
191937	23.9207	13.913
191937	23.9494	13.9297
191937	23.978	13.9464
191937	24.0067	13.963
191937	24.0353	13.9797
191937	24.064	13.9963
191937	24.0926	14.013
191937	24.1213	14.0297
191937	24.1499	14.0463
191936	24.1786	14.063
191936	24.2072	14.0797
191936	24.2359	14.0963
191936	24.2645	14.113
191936	24.2932	14.1296
191936	24.3218	14.1463
191936	24.3505	14.163
191936	24.3791	14.1796
191936	24.4078	14.1963
191936	24.4364	14.213
191936	24.4651	14.2296
191936	24.4937	14.2463
191936	24.5223	14.2629
191936	24.551	14.2796
191936	24.5796	14.2963
191936	24.6083	14.3129
191936	24.6369	14.3296
191936	24.6656	14.3463
191936	24.6942	14.3629
191936	24.7229	14.3796
191936	24.7515	14.3962
191936	24.7802	14.4129
191936	24.8088	14.4296
191936	24.8375	14.4462
191936	24.8661	14.4629
191936	24.8948	14.4796
191936	24.9234	14.4962
191936	24.9521	14.5129
191936	24.9807	14.5295
191936	25.0094	14.5462
191936	25.038	14.5629
191936	25.0666	14.5795
191936	25.0953	14.5962
191936	25.1239	14.6129
191936	25.1526	14.6295
191936	25.1812	14.6462
191936	25.2099	14.6628
191936	25.2385	14.6795
191936	25.2672	14.6962
191936	25.2958	14.7128
191936	25.3245	14.7295
191936	25.3531	14.7462
191936	25.3818	14.7628
191936	25.4104	14.7795
191936	25.4391	14.7961
191936	25.4677	14.8128
191936	25.4964	14.8295
191936	25.525	14.8461
191936	25.5537	14.8628
191936	25.5823	14.8795
191936	25.611	14.8961
191936	25.6396	14.9128
191936	25.6682	14.9294
191936	25.6969	14.9461
191936	25.7255	14.9628
191936	25.7542	14.9794
191936	25.7828	14.9961
191936	25.8115	15.0128
191936	25.8401	15.0294
191936	25.8688	15.0461
191936	25.8974	15.0627
191936	25.9261	15.0794
191936	25.9547	15.0961
191936	25.9834	15.1127
191936	26.012	15.1294
191936	26.0407	15.1461
191936	26.0693	15.1627
191936	26.098	15.1794
191935	26.1266	15.196
191935	26.1553	15.2127
191935	26.1839	15.2294
191935	26.2125	15.246
191935	26.2412	15.2627
191935	26.2698	15.2794
191935	26.2985	15.296
191935	26.3271	15.3127
191935	26.3558	15.3293
191935	26.3844	15.346
191935	26.4131	15.3627
191935	26.4417	15.3793
191935	26.4704	15.396
191935	26.499	15.4127
191935	26.5277	15.4293
191935	26.5563	15.446
191935	26.585	15.4626
191935	26.6136	15.4793
191935	26.6423	15.496
191935	26.6709	15.5126
191935	26.6996	15.5293
191935	26.7282	15.546
191935	26.7568	15.5626
191935	26.7855	15.5793
191935	26.8141	15.5959
191935	26.8428	15.6126
191935	26.8714	15.6293
191935	26.9001	15.6459
191935	26.9287	15.6626
191934	26.9574	15.6793
191934	26.986	15.6959
191934	27.0147	15.7126
191934	27.0433	15.7292
191934	27.072	15.7459
191934	27.1006	15.7626
191934	27.1293	15.7792
191934	27.1579	15.7959
191934	27.1866	15.8126
191934	27.2152	15.8292
191934	27.2439	15.8459
191934	27.2725	15.8625
191934	27.3012	15.8792
191934	27.3298	15.8959
191934	27.3584	15.9125
191934	27.3871	15.9292
191934	27.4157	15.9459
191934	27.4444	15.9625
191934	27.473	15.9792
191934	27.5017	15.9958
191934	27.5303	16.0125
191934	27.559	16.0292
191934	27.5876	16.0458
191934	27.6163	16.0625
191934	27.6449	16.0792
191934	27.6736	16.0958
191934	27.7022	16.1125
191934	27.7309	16.1292
191934	27.7595	16.1458
191934	27.7882	16.1625
191934	27.8168	16.1791
191934	27.8455	16.1958
191934	27.8741	16.2125
191934	27.9028	16.2291
191934	27.9314	16.2458
191934	27.96	16.2625
191934	27.9887	16.2791
191934	28.0173	16.2958
191934	28.046	16.3124
191934	28.0746	16.3291
191934	28.1033	16.3458
191934	28.1319	16.3624
191934	28.1606	16.3791
191934	28.1892	16.3958
191934	28.2179	16.4124
191934	28.2465	16.4291
191934	28.2752	16.4457
191934	28.3038	16.4624
191934	28.3325	16.4791
191934	28.3611	16.4957
191934	28.3898	16.5124
191934	28.4184	16.5291
191934	28.4471	16.5457
191934	28.4757	16.5624
191934	28.5043	16.579
191934	28.533	16.5957
191934	28.5616	16.6124
191934	28.5903	16.629
191934	28.6189	16.6457
191934	28.6476	16.6624
191934	28.6762	16.679
191934	28.7049	16.6957
191934	28.7335	16.7123
191934	28.7622	16.729
191934	28.7908	16.7457
191934	28.8195	16.7623
191934	28.8481	16.779
191934	28.8768	16.7957
191934	28.9054	16.8123
191934	28.9341	16.829
191934	28.9627	16.8456
191934	28.9914	16.8623
191934	29.02	16.879
191934	29.0487	16.8956
191934	29.0773	16.9123
191934	29.106	16.929
191934	29.1346	16.9456
191934	29.1633	16.9623
191934	29.1919	16.9789
191934	29.2206	16.9956
191934	29.2492	17.0123
191934	29.2779	17.0289
191934	29.3065	17.0456
191934	29.3352	17.0623
191934	29.3638	17.0789
191934	29.3925	17.0956
191934	29.4211	17.1122
191934	29.4498	17.1289
191934	29.4784	17.1456
191934	29.5071	17.1622
191934	29.5357	17.1789
191934	29.5644	17.1956
191934	29.593	17.2122
191934	29.6217	17.2289
191934	29.6503	17.2455
191934	29.679	17.2622
191934	29.7076	17.2789
191934	29.7363	17.2955
191934	29.7649	17.3122
191934	29.7936	17.3289
191934	29.8222	17.3455
191934	29.8508	17.3622
191934	29.8795	17.3788
191934	29.9081	17.3955
191934	29.9368	17.4122
191934	29.9654	17.4288
191934	29.9941	17.4455
191934	30.0227	17.4622
191934	30.0514	17.4788
191934	30.08	17.4955
191934	30.1087	17.5121
191934	30.1373	17.5288
191934	30.166	17.5455
191934	30.1946	17.5621
191934	30.2233	17.5788
191934	30.2519	17.5955
191934	30.2806	17.6121
191934	30.3092	17.6288
191934	30.3379	17.6454
191934	30.3665	17.6621
191934	30.3952	17.6788
191934	30.4238	17.6954
191934	30.4525	17.7121
191934	30.4811	17.7288
191933	30.5098	17.7454
191933	30.5384	17.7621
191933	30.5671	17.7787
191933	30.5957	17.7954
191933	30.6244	17.8121
191933	30.653	17.8287
191933	30.6817	17.8454
191931	30.7103	17.8621
191917	30.739	17.8787
191913	30.7676	17.8954
191913	30.7963	17.912
191913	30.8249	17.9287
191913	30.8536	17.9454
191913	30.8822	17.962
191913	30.9109	17.9787
191913	30.9395	17.9954
191913	30.9682	18.012
191913	30.9968	18.0287
191888	31.0255	18.0453
191881	31.0541	18.062
191881	31.0828	18.0787
191881	31.1114	18.0953
191881	31.1401	18.112
191881	31.1687	18.1287
191881	31.1974	18.1453
191881	31.226	18.162
191880	31.2547	18.1786
191880	31.2833	18.1953
191880	31.312	18.212
191876	31.3406	18.2286
191863	31.3693	18.2453
191863	31.3979	18.262
191862	31.4266	18.2786
191852	31.4552	18.2953
191850	31.4839	18.312
191845	31.5125	18.3286
191845	31.5412	18.3453
191845	31.5698	18.3619
191845	31.5984	18.3786
191845	31.6271	18.3953
191844	31.6557	18.4119
191834	31.6844	18.4286
191834	31.713	18.4453
191834	31.7417	18.4619
191833	31.7703	18.4786
191827	31.799	18.4952
191817	31.8276	18.5119
191804	31.8563	18.5286
191792	31.8849	18.5452
191792	31.9136	18.5619
191792	31.9422	18.5786
191788	31.9709	18.5952
191776	31.9995	18.6119
191773	32.0282	18.6285
191773	32.0568	18.6452
191769	32.0855	18.6619
191769	32.1141	18.6785
191764	32.1428	18.6952
191745	32.1714	18.7119
191735	32.2001	18.7285
191724	32.2287	18.7452
191724	32.2574	18.7618
191724	32.286	18.7785
191716	32.3147	18.7952
191716	32.3433	18.8118
191711	32.372	18.8285
191703	32.4006	18.8452
191689	32.4293	18.8618
191681	32.4579	18.8785
191664	32.4866	18.8951
191657	32.5152	18.9118
191649	32.5439	18.9285
191633	32.5725	18.9451
191621	32.6012	18.9618
191604	32.6298	18.9785
191598	32.6585	18.9951
191592	32.6871	19.0118
191586	32.7158	19.0284
191580	32.7444	19.0451
191555	32.7731	19.0618
191542	32.8017	19.0784
191538	32.8304	19.0951
191537	32.859	19.1118
191536	32.8877	19.1284
191528	32.9163	19.1451
191513	32.945	19.1617
191489	32.9736	19.1784
191472	33.0023	19.1951
191458	33.0309	19.2117
191448	33.0596	19.2284
191429	33.0882	19.2451
191416	33.1169	19.2617
191389	33.1455	19.2784
191380	33.1742	19.295
191377	33.2028	19.3117
191376	33.2315	19.3284
191374	33.2601	19.345
191360	33.2888	19.3617
191340	33.3174	19.3784
191325	33.3461	19.395
191304	33.3747	19.4117
191288	33.4034	19.4283
191278	33.432	19.445
191264	33.4606	19.4617
191247	33.4893	19.4783
191233	33.5179	19.495
191212	33.5466	19.5117
191198	33.5752	19.5283
191177	33.6039	19.545
191161	33.6325	19.5616
191143	33.6612	19.5783
191126	33.6898	19.595
191114	33.7185	19.6116
191098	33.7471	19.6283
191081	33.7758	19.645
191060	33.8044	19.6616
191042	33.8331	19.6783
191019	33.8617	19.6949
191002	33.8904	19.7116
190988	33.919	19.7283
190974	33.9477	19.7449
190951	33.9763	19.7616
190937	34.005	19.7783
190919	34.0336	19.7949
190895	34.0623	19.8116
190885	34.0909	19.8282
190862	34.1196	19.8449
190833	34.1482	19.8616
190817	34.1769	19.8782
190795	34.2055	19.8949
190767	34.2342	19.9116
190755	34.2628	19.9282
190737	34.2915	19.9449
190711	34.3201	19.9615
190694	34.3488	19.9782
190671	34.3774	19.9949
190652	34.4061	20.0115
190628	34.4347	20.0282
190607	34.4634	20.0449
190585	34.492	20.0615
190565	34.5207	20.0782
190542	34.5493	20.0948
190522	34.578	20.1115
190494	34.6066	20.1282
190480	34.6353	20.1448
190456	34.6639	20.1615
190427	34.6926	20.1782
190407	34.7212	20.1948
190382	34.7499	20.2115
190364	34.7785	20.2281
190334	34.8072	20.2448
190324	34.8358	20.2615
190288	34.8645	20.2781
190266	34.8931	20.2948
190241	34.9218	20.3115
190224	34.9504	20.3281
190185	34.9791	20.3448
190164	35.0077	20.3615
190146	35.0364	20.3781
190113	35.065	20.3948
190088	35.0937	20.4114
190069	35.1223	20.4281
190042	35.151	20.4448
190004	35.1796	20.4614
189986	35.2082	20.4781
189961	35.2369	20.4948
189927	35.2655	20.5114
189903	35.2942	20.5281
189879	35.3228	20.5447
189844	35.3515	20.5614
189831	35.3801	20.5781
189796	35.4088	20.5947
189759	35.4374	20.6114
189725	35.4661	20.6281
189698	35.4947	20.6447
189675	35.5234	20.6614
189638	35.552	20.678
189607	35.5807	20.6947
189575	35.6093	20.7114
189550	35.638	20.728
189517	35.6666	20.7447
189486	35.6953	20.7614
189451	35.7239	20.778
189426	35.7526	20.7947
189397	35.7812	20.8113
189363	35.8099	20.828
189334	35.8385	20.8447
189294	35.8672	20.8613
189269	35.8958	20.878
189236	35.9245	20.8947
189197	35.9531	20.9113
189166	35.9818	20.928
189133	36.0104	20.9446
189103	36.0391	20.9613
189063	36.0677	20.978
189034	36.0964	20.9946
189003	36.125	21.0113
188960	36.1537	21.028
188932	36.1823	21.0446
188896	36.211	21.0613
188857	36.2396	21.0779
188815	36.2683	21.0946
188788	36.2969	21.1113
188755	36.3256	21.1279
188710	36.3542	21.1446
188677	36.3829	21.1613
188637	36.4115	21.1779
188596	36.4402	21.1946
188584	36.4688	21.2112
188554	36.4975	21.2279
188515	36.5261	21.2446
188476	36.5548	21.2612
188433	36.5834	21.2779
188401	36.6121	21.2946
188359	36.6407	21.3112
188316	36.6694	21.3279
188284	36.698	21.3445
188239	36.7267	21.3612
188207	36.7553	21.3779
188157	36.784	21.3945
188120	36.8126	21.4112
188092	36.8413	21.4279
188036	36.8699	21.4445
187999	36.8985	21.4612
187961	36.9272	21.4778
187930	36.9558	21.4945
187875	36.9845	21.5112
187830	37.0131	21.5278
187787	37.0418	21.5445
187753	37.0704	21.5612
187700	37.0991	21.5778
187662	37.1277	21.5945
187624	37.1564	21.6111
187578	37.185	21.6278
187531	37.2137	21.6445
187492	37.2423	21.6611
187452	37.271	21.6778
187412	37.2996	21.6945
187345	37.3283	21.7111
187313	37.3569	21.7278
187291	37.3856	21.7444
187213	37.4142	21.7611
187175	37.4429	21.7778
187141	37.4715	21.7944
187093	37.5002	21.8111
187034	37.5288	21.8278
186995	37.5575	21.8444
186956	37.5861	21.8611
186900	37.6148	21.8777
186846	37.6434	21.8944
186797	37.6721	21.9111
186765	37.7007	21.9277
186718	37.7294	21.9444
186660	37.758	21.9611
186613	37.7867	21.9777
186569	37.8153	21.9944
186524	37.844	22.011
186479	37.8726	22.0277
186436	37.9013	22.0444
186366	37.9299	22.061
186332	37.9586	22.0777
186279	37.9872	22.0944
186230	38.0159	22.111
186194	38.0445	22.1277
186149	38.0732	22.1443
186071	38.1018	22.161
186028	38.1305	22.1777
185981	38.1591	22.1943
185940	38.1878	22.211
185868	38.2164	22.2277
185817	38.2451	22.2443
185767	38.2737	22.261
185715	38.3024	22.2776
185661	38.331	22.2943
185606	38.3597	22.311
185560	38.3883	22.3276
185506	38.417	22.3443
185450	38.4456	22.361
185403	38.4743	22.3776
185347	38.5029	22.3943
185268	38.5316	22.4109
185224	38.5602	22.4276
185183	38.5889	22.4443
185129	38.6175	22.4609
185050	38.6461	22.4776
184989	38.6748	22.4943
184953	38.7034	22.5109
184897	38.7321	22.5276
184824	38.7607	22.5443
184778	38.7894	22.5609
184712	38.818	22.5776
184646	38.8467	22.5942
184593	38.8753	22.6109
184520	38.904	22.6276
184462	38.9326	22.6442
184429	38.9613	22.6609
184349	38.9899	22.6776
184295	39.0186	22.6942
184239	39.0472	22.7109
184175	39.0759	22.7275
184121	39.1045	22.7442
184060	39.1332	22.7609
184000	39.1618	22.7775
183920	39.1905	22.7942
183862	39.2191	22.8109
183805	39.2478	22.8275
183735	39.2764	22.8442
183670	39.3051	22.8608
183605	39.3337	22.8775
183550	39.3624	22.8942
183477	39.391	22.9108
183406	39.4197	22.9275
183346	39.4483	22.9442
183283	39.477	22.9608
183220	39.5056	22.9775
183146	39.5343	22.9941
183076	39.5629	23.0108
183006	39.5916	23.0275
182937	39.6202	23.0441
182875	39.6489	23.0608
182804	39.6775	23.0775
182735	39.7062	23.0941
182670	39.7348	23.1108
182607	39.7635	23.1274
182531	39.7921	23.1441
182471	39.8208	23.1608
182392	39.8494	23.1774
182331	39.8781	23.1941
182257	39.9067	23.2108
182183	39.9354	23.2274
182118	39.964	23.2441
182045	39.9927	23.2607
181963	40.0213	23.2774
181896	40.05	23.2941
181830	40.0786	23.3107
181759	40.1073	23.3274
181695	40.1359	23.3441
181626	40.1646	23.3607
181560	40.1932	23.3774
181489	40.2219	23.394
181418	40.2505	23.4107
181338	40.2792	23.4274
181272	40.3078	23.444
181191	40.3365	23.4607
181116	40.3651	23.4774
181040	40.3937	23.494
180963	40.4224	23.5107
180901	40.451	23.5273
180818	40.4797	23.544
180749	40.5083	23.5607
180671	40.537	23.5773
180591	40.5656	23.594
180522	40.5943	23.6107
180447	40.6229	23.6273
180361	40.6516	23.644
180281	40.6802	23.6606
180207	40.7089	23.6773
180132	40.7375	23.694
180068	40.7662	23.7106
180005	40.7948	23.7273
179922	40.8235	23.744
179824	40.8521	23.7606
179743	40.8808	23.7773
179659	40.9094	23.7939
179579	40.9381	23.8106
179502	40.9667	23.8273
179423	40.9954	23.8439
179345	41.024	23.8606
179268	41.0527	23.8773
179187	41.0813	23.8939
179105	41.11	23.9106
179041	41.1386	23.9272
178961	41.1673	23.9439
178881	41.1959	23.9606
178816	41.2246	23.9772
178727	41.2532	23.9939
178640	41.2819	24.0106
178568	41.3105	24.0272
178487	41.3392	24.0439
178412	41.3678	24.0605
178308	41.3965	24.0772
178212	41.4251	24.0939
178123	41.4538	24.1105
178053	41.4824	24.1272
177978	41.5111	24.1439
177895	41.5397	24.1605
177805	41.5684	24.1772
177722	41.597	24.1938
177637	41.6257	24.2105
177546	41.6543	24.2272
177461	41.683	24.2438
177390	41.7116	24.2605
177295	41.7403	24.2772
177214	41.7689	24.2938
177139	41.7976	24.3105
177048	41.8262	24.3271
176972	41.8549	24.3438
176894	41.8835	24.3605
176798	41.9122	24.3771
176714	41.9408	24.3938
176634	41.9695	24.4105
176550	41.9981	24.4271
176460	42.0268	24.4438
176366	42.0554	24.4604
176274	42.0841	24.4771
176186	42.1127	24.4938
176094	42.1413	24.5104
176006	42.17	24.5271
175921	42.1987	24.5438
175842	42.2273	24.5604
175762	42.2559	24.5771
175684	42.2846	24.5938
175605	42.3132	24.6104
175517	42.3419	24.6271
175441	42.3705	24.6437
175354	42.3992	24.6604
175270	42.4278	24.6771
175168	42.4565	24.6937
175079	42.4851	24.7104
174985	42.5138	24.7271
174877	42.5424	24.7437
174786	42.5711	24.7604
174692	42.5997	24.777
174597	42.6284	24.7937
174510	42.657	24.8104
174426	42.6857	24.827
174360	42.7143	24.8437
174279	42.743	24.8604
174188	42.7716	24.877
174106	42.8003	24.8937
174027	42.8289	24.9103
173932	42.8576	24.927
173845	42.8862	24.9437
173745	42.9149	24.9603
173648	42.9435	24.977
173548	42.9722	24.9937
173464	43.0008	25.0103
173389	43.0295	25.027
173282	43.0581	25.0436
173176	43.0868	25.0603
173086	43.1154	25.077
173010	43.1441	25.0936
172926	43.1727	25.1103
172829	43.2014	25.127
172730	43.23	25.1436
172647	43.2587	25.1603
172546	43.2873	25.1769
172455	43.316	25.1936
172366	43.3446	25.2103
172288	43.3733	25.2269
172183	43.4019	25.2436
172101	43.4306	25.2603
172021	43.4592	25.2769
171942	43.4879	25.2936
171834	43.5165	25.3102
171767	43.5452	25.3269
171665	43.5738	25.3436
171578	43.6025	25.3602
171488	43.6311	25.3769
171392	43.6598	25.3936
171303	43.6884	25.4102
171214	43.7171	25.4269
171102	43.7457	25.4435
171009	43.7744	25.4602
170925	43.803	25.4769
170840	43.8317	25.4935
170750	43.8603	25.5102
170673	43.889	25.5269
170569	43.9176	25.5435
170483	43.9463	25.5602
170395	43.9749	25.5768
170307	44.0035	25.5935
170211	44.0322	25.6102
170133	44.0608	25.6268
170055	44.0895	25.6435
169977	44.1181	25.6602
169887	44.1468	25.6768
169798	44.1754	25.6935
169706	44.2041	25.7101
169625	44.2327	25.7268
169545	44.2614	25.7435
169454	44.29	25.7601
169364	44.3187	25.7768
169267	44.3473	25.7935
169180	44.376	25.8101
169103	44.4046	25.8268
169009	44.4333	25.8434
168921	44.4619	25.8601
168821	44.4906	25.8768
168726	44.5192	25.8934
168641	44.5479	25.9101
168560	44.5765	25.9268
168474	44.6052	25.9434
168396	44.6338	25.9601
168313	44.6625	25.9767
168235	44.6911	25.9934
168153	44.7198	26.0101
168051	44.7484	26.0267
167936	44.7771	26.0434
167842	44.8057	26.0601
167739	44.8344	26.0767
167667	44.863	26.0934
167593	44.8917	26.11
167510	44.9203	26.1267
167425	44.949	26.1434
167361	44.9776	26.16
167275	45.0063	26.1767
167185	45.0349	26.1934
167094	45.0636	26.21
166996	45.0922	26.2267
166889	45.1209	26.2433
166770	45.1495	26.26
166653	45.1782	26.2767
166584	45.2068	26.2933
166490	45.2355	26.31
166397	45.2641	26.3267
166316	45.2928	26.3433
166214	45.3214	26.36
166119	45.3501	26.3766
166001	45.3787	26.3933
165925	45.4074	26.41
165853	45.436	26.4266
165773	45.4647	26.4433
165678	45.4933	26.46
165559	45.522	26.4766
165449	45.5506	26.4933
165326	45.5793	26.5099
165253	45.6079	26.5266
165165	45.6366	26.5433
165054	45.6652	26.5599
164959	45.6939	26.5766
164866	45.7225	26.5933
164784	45.7511	26.6099
164691	45.7798	26.6266
164571	45.8084	26.6432
164477	45.8371	26.6599
164393	45.8657	26.6766
164311	45.8944	26.6932
164214	45.923	26.7099
164117	45.9517	26.7266
164016	45.9517	26.7432
163930	45.9517	26.7599
163845	45.9517	26.7766
163751	45.9517	26.7932
163640	45.9517	26.8099
163515	45.9517	26.8265
163419	45.9517	26.8432
163329	45.9517	26.8599
163237	45.9517	26.8765
163130	45.9517	26.8932
163027	45.9517	26.9099
162934	45.9517	26.9265
162838	45.9517	26.9432
162743	45.9517	26.9598
162650	45.9517	26.9765
162550	45.9517	26.9932
162457	45.9517	27.0098
162368	45.9517	27.0265
162269	45.9517	27.0432
162192	45.9517	27.0598
162090	45.9517	27.0765
162017	45.9517	27.0931
161930	45.9517	27.1098
161832	45.9517	27.1265
161739	45.9517	27.1431
161649	45.9517	27.1598
161541	45.9517	27.1765
161431	45.9517	27.1931
161335	45.9517	27.2098
161234	45.9517	27.2264
161121	45.9517	27.2431
161024	45.9517	27.2598
160939	45.9517	27.2764
160849	45.9517	27.2931
160749	45.9517	27.3098
160667	45.9517	27.3264
160576	45.9517	27.3431
160495	45.9517	27.3597
160396	45.9517	27.3764
160306	45.9517	27.3931
160225	45.9517	27.4097
160107	45.9517	27.4264
159984	45.9517	27.4431
159895	45.9517	27.4597
159803	45.9517	27.4764
159701	45.9517	27.493
159597	45.9517	27.5097
159508	45.9517	27.5264
159415	45.9517	27.543
159320	45.9517	27.5597
159215	45.9517	27.5764
159119	45.9517	27.593
159019	45.9517	27.6097
158907	45.9517	27.6263
158803	45.9517	27.643
158677	45.9517	27.6597
158590	45.9517	27.6763
158509	45.9517	27.693
158404	45.9517	27.7097
158291	45.9517	27.7263
158194	45.9517	27.743
158097	45.9517	27.7596
157993	45.9517	27.7763
157887	45.9517	27.793
157791	45.9517	27.8096
157699	45.9517	27.8263
157593	45.9517	27.843
157500	45.9517	27.8596
157394	45.9517	27.8763
157292	45.9517	27.8929
157195	45.9517	27.9096
157090	45.9517	27.9263
156998	45.9517	27.9429
156911	45.9517	27.9596
156817	45.9517	27.9763
156737	45.9517	27.9929
156654	45.9517	28.0096
156563	45.9517	28.0262
156471	45.9517	28.0429
156377	45.9517	28.0596
156274	45.9517	28.0762
156172	45.9517	28.0929
156055	45.9517	28.1096
155946	45.9517	28.1262
155864	45.9517	28.1429
155783	45.9517	28.1595
155686	45.9517	28.1762
155581	45.9517	28.1929
155483	45.9517	28.2095
155375	45.9517	28.2262
155277	45.9517	28.2429
155173	45.9517	28.2595
155078	45.9517	28.2762
154995	45.9517	28.2928
154911	45.9517	28.3095
154818	45.9517	28.3262
154729	45.9517	28.3428
154620	45.9517	28.3595
154522	45.9517	28.3762
154425	45.9517	28.3928
154329	45.9517	28.4095
154244	45.9517	28.4261
154153	45.9517	28.4428
154044	45.9517	28.4595
153962	45.9517	28.4761
153887	45.9517	28.4928
153809	45.9517	28.5095
153713	45.9517	28.5261
153610	45.9517	28.5428
153516	45.923	28.5594
153397	45.8944	28.5761
153276	45.8657	28.5928
153161	45.8371	28.6094
153067	45.8084	28.6261
152976	45.7798	28.6428
152910	45.7511	28.6594
152821	45.7225	28.6761
152745	45.6939	28.6927
152651	45.6652	28.7094
152546	45.6366	28.7261
152445	45.6079	28.7427
152344	45.5793	28.7594
152242	45.5506	28.7761
152143	45.522	28.7927
152030	45.4933	28.8094
151938	45.4647	28.826
151847	45.436	28.8427
151755	45.4074	28.8594
151659	45.3787	28.876
151584	45.3501	28.8927
151502	45.3214	28.9094
151412	45.2928	28.926
151339	45.2641	28.9427
151249	45.2355	28.9594
151161	45.2068	28.976
151077	45.1782	28.9927
150981	45.1495	29.0093
150880	45.1209	29.026
150792	45.0922	29.0427
150702	45.0636	29.0593
150616	45.0349	29.076
150543	45.0063	29.0927
150455	44.9776	29.1093
150343	44.949	29.126
150241	44.9203	29.1426
150166	44.8917	29.1593
150070	44.863	29.176
149980	44.8344	29.1926
149884	44.8057	29.2093
149773	44.7771	29.226
149686	44.7484	29.2426
149610	44.7198	29.2593
149521	44.6911	29.2759
149434	44.6625	29.2926
149359	44.6338	29.3093
149294	44.6052	29.3259
149199	44.5765	29.3426
149119	44.5479	29.3593
149032	44.5192	29.3759
148943	44.4906	29.3926
148871	44.4619	29.4092
148782	44.4333	29.4259
148712	44.4046	29.4426
148635	44.376	29.4592
148555	44.3473	29.4759
148475	44.3187	29.4926
148387	44.29	29.5092
148300	44.2614	29.5259
148224	44.2327	29.5425
148150	44.2041	29.5592
148068	44.1754	29.5759
147994	44.1468	29.5925
147906	44.1181	29.6092
147829	44.0895	29.6259
147766	44.0608	29.6425
147701	44.0322	29.6592
147630	44.0035	29.6758
147552	43.9749	29.6925
147463	43.9463	29.7092
147371	43.9176	29.7258
147288	43.889	29.7425
147210	43.8603	29.7592
147133	43.8317	29.7758
147055	43.803	29.7925
146985	43.7744	29.8091
146911	43.7457	29.8258
146834	43.7171	29.8425
146741	43.6884	29.8591
146669	43.6598	29.8758
146590	43.6311	29.8925
146526	43.6025	29.9091
146439	43.5738	29.9258
146374	43.5452	29.9424
146312	43.5165	29.9591
146259	43.4879	29.9758
146194	43.4592	29.9924
146133	43.4306	30.0091
146062	43.4019	30.0258
145990	43.3733	30.0424
145918	43.3446	30.0591
145830	43.316	30.0757
145763	43.2873	30.0924
145690	43.2587	30.1091
145626	43.23	30.1257
145571	43.2014	30.1424
145499	43.1727	30.1591
145428	43.1441	30.1757
145368	43.1154	30.1924
145297	43.0868	30.209
145228	43.0581	30.2257
145169	43.0295	30.2424
145105	43.0008	30.259
145038	42.9722	30.2757
144968	42.9435	30.2924
144913	42.9149	30.309
144848	42.8862	30.3257
144785	42.8576	30.3423
144728	42.8289	30.359
144671	42.8003	30.3757
144601	42.7716	30.3923
144545	42.743	30.409
144477	42.7143	30.4257
144417	42.6857	30.4423
144338	42.657	30.459
144271	42.6284	30.4756
144215	42.5997	30.4923
144164	42.5711	30.509
144112	42.5424	30.5256
144065	42.5138	30.5423
144006	42.4851	30.559
143949	42.4565	30.5756
143895	42.4278	30.5923
143825	42.3992	30.6089
143774	42.3705	30.6256
143702	42.3419	30.6423
143646	42.3132	30.6589
143581	42.2846	30.6756
143535	42.2559	30.6923
143488	42.2273	30.7089
143428	42.1987	30.7256
143369	42.17	30.7422
143324	42.1413	30.7589
143261	42.1127	30.7756
143204	42.0841	30.7922
143144	42.0554	30.8089
143095	42.0268	30.8256
143044	41.9981	30.8422
142998	41.9695	30.8589
142954	41.9408	30.8755
142897	41.9122	30.8922
142836	41.8835	30.9089
142785	41.8549	30.9255
142739	41.8262	30.9422
142693	41.7976	30.9589
142640	41.7689	30.9755
142600	41.7403	30.9922
142560	41.7116	31.0089
142515	41.683	31.0255
142460	41.6543	31.0422
142405	41.6257	31.0588
142370	41.597	31.0755
142337	41.5684	31.0922
142283	41.5397	31.1088
142245	41.5111	31.1255
142198	41.4824	31.1422
142148	41.4538	31.1588
142106	41.4251	31.1755
142054	41.3965	31.1921
142008	41.3678	31.2088
141969	41.3392	31.2255
141920	41.3105	31.2421
141878	41.2819	31.2588
141842	41.2532	31.2755
141815	41.2246	31.2921
141777	41.1959	31.3088
141726	41.1673	31.3254
141690	41.1386	31.3421
141649	41.11	31.3588
141617	41.0813	31.3754
141582	41.0527	31.3921
141539	41.024	31.4088
141507	40.9954	31.4254
141472	40.9667	31.4421
141445	40.9381	31.4587
141420	40.9094	31.4754
141393	40.8808	31.4921
141361	40.8521	31.5087
141323	40.8235	31.5254
141280	40.7948	31.5421
141235	40.7662	31.5587
141197	40.7375	31.5754
141145	40.7089	31.592
141093	40.6802	31.6087
141057	40.6516	31.6254
141017	40.6229	31.642
140983	40.5943	31.6587
140958	40.5656	31.6754
140943	40.537	31.692
140924	40.5083	31.7087
140888	40.4797	31.7253
140842	40.451	31.742
140800	40.4224	31.7587
140759	40.3937	31.7753
140722	40.3651	31.792
140676	40.3365	31.8087
140633	40.3078	31.8253
140588	40.2792	31.842
140557	40.2505	31.8586
140520	40.2219	31.8753
140490	40.1932	31.892
140455	40.1646	31.9086
140412	40.1359	31.9253
140382	40.1073	31.942
140352	40.0786	31.9586
140326	40.05	31.9753
140297	40.0213	31.9919
140272	39.9927	32.0086
140243	39.964	32.0253
140217	39.9354	32.0419
140189	39.9067	32.0586
140159	39.8781	32.0753
140132	39.8494	32.0919
140098	39.8208	32.1086
140065	39.7921	32.1252
140035	39.7635	32.1419
140007	39.7348	32.1586
139974	39.7062	32.1752
139936	39.6775	32.1919
139899	39.6489	32.2086
139866	39.6202	32.2252
139847	39.5916	32.2419
139809	39.5629	32.2585
139780	39.5343	32.2752
139755	39.5056	32.2919
139735	39.477	32.3085
139720	39.4483	32.3252
139701	39.4197	32.3419
139673	39.391	32.3585
139644	39.3624	32.3752
139616	39.3337	32.3918
139593	39.3051	32.4085
139566	39.2764	32.4252
139538	39.2478	32.4418
139514	39.2191	32.4585
139497	39.1905	32.4752
139475	39.1618	32.4918
139448	39.1332	32.5085
139422	39.1045	32.5251
139391	39.0759	32.5418
139368	39.0472	32.5585
139348	39.0186	32.5751
139330	38.9899	32.5918
139305	38.9613	32.6085
139279	38.9326	32.6251
139264	38.904	32.6418
139246	38.8753	32.6584
139230	38.8467	32.6751
139209	38.818	32.6918
139186	38.7894	32.7084
139167	38.7607	32.7251
139149	38.7321	32.7418
139128	38.7034	32.7584
139113	38.6748	32.7751
139092	38.6461	32.7917
139077	38.6175	32.8084
139061	38.5889	32.8251
139042	38.5602	32.8417
139022	38.5316	32.8584
139007	38.5029	32.8751
138996	38.4743	32.8917
138979	38.4456	32.9084
138956	38.417	32.925
138937	38.3883	32.9417
138918	38.3597	32.9584
138896	38.331	32.975
138872	38.3024	32.9917
138853	38.2737	33.0084
138836	38.2451	33.025
138825	38.2164	33.0417
138806	38.1878	33.0583
138787	38.1591	33.075
138774	38.1305	33.0917
138756	38.1018	33.1083
138742	38.0732	33.125
138725	38.0445	33.1417
138710	38.0159	33.1583
138700	37.9872	33.175
138679	37.9586	33.1917
138668	37.9299	33.2083
138655	37.9013	33.225
138646	37.8726	33.2416
138637	37.844	33.2583
138619	37.8153	33.275
138611	37.7867	33.2916
138595	37.758	33.3083
138581	37.7294	33.325
138565	37.7007	33.3416
138548	37.6721	33.3583
138532	37.6434	33.3749
138525	37.6148	33.3916
138516	37.5861	33.4083
138500	37.5575	33.4249
138486	37.5288	33.4416
138475	37.5002	33.4583
138460	37.4715	33.4749
138446	37.4429	33.4916
138433	37.4142	33.5082
138423	37.3856	33.5249
138409	37.3569	33.5416
138397	37.3283	33.5582
138379	37.2996	33.5749
138366	37.271	33.5916
138360	37.2423	33.6082
138356	37.2137	33.6249
138348	37.185	33.6415
138339	37.1564	33.6582
138325	37.1277	33.6749
138310	37.0991	33.6915
138293	37.0704	33.7082
138290	37.0418	33.7249
138284	37.0131	33.7415
138270	36.9845	33.7582
138261	36.9558	33.7748
138240	36.9272	33.7915
138236	36.8985	33.8082
138229	36.8699	33.8248
138226	36.8413	33.8415
138220	36.8126	33.8582
138217	36.784	33.8748
138211	36.7553	33.8915
138197	36.7267	33.9081
138190	36.698	33.9248
138178	36.6694	33.9415
138172	36.6407	33.9581
138163	36.6121	33.9748
138156	36.5834	33.9915
138151	36.5548	34.0081
138145	36.5261	34.0248
138143	36.4975	34.0414
138137	36.4688	34.0581
138132	36.4402	34.0748
138125	36.4115	34.0914
138124	36.3829	34.1081
138121	36.3542	34.1248
138118	36.3256	34.1414
138109	36.2969	34.1581
138105	36.2683	34.1747
138098	36.2396	34.1914
138089	36.211	34.2081
138083	36.1823	34.2247
138082	36.1537	34.2414
138074	36.125	34.2581
138068	36.0964	34.2747
138060	36.0677	34.2914
138048	36.0391	34.308
138045	36.0104	34.3247
138040	35.9818	34.3414
138037	35.9531	34.358
138030	35.9245	34.3747
138024	35.8958	34.3914
138022	35.8672	34.408
138019	35.8385	34.4247
138007	35.8099	34.4413
138005	35.7812	34.458
138001	35.7526	34.4747
137996	35.7239	34.4913
137993	35.6953	34.508
137985	35.6666	34.5247
137969	35.638	34.5413
137965	35.6093	34.558
137961	35.5807	34.5746
137960	35.552	34.5913
137957	35.5234	34.608
137954	35.4947	34.6246
137938	35.4661	34.6413
137932	35.4374	34.658
137931	35.4088	34.6746
137930	35.3801	34.6913
137929	35.3515	34.7079
137929	35.3228	34.7246
137929	35.2942	34.7413
137929	35.2655	34.7579
137926	35.2369	34.7746
137918	35.2082	34.7913
137914	35.1796	34.8079
137909	35.151	34.8246
137907	35.1223	34.8412
137895	35.0937	34.8579
137886	35.065	34.8746
137886	35.0364	34.8912
137886	35.0077	34.9079
137885	34.9791	34.9246
137883	34.9504	34.9412
137883	34.9218	34.9579
137883	34.8931	34.9745
137881	34.8645	34.9912
137878	34.8358	35.0079
137868	34.8072	35.0245
137861	34.7785	35.0412
137860	34.7499	35.0579
137844	34.7212	35.0745
137843	34.6926	35.0912
137842	34.6639	35.1078
137839	34.6353	35.1245
137838	34.6066	35.1412
137837	34.578	35.1578
137835	34.5493	35.1745
137833	34.5207	35.1912
137832	34.492	35.2078
137832	34.4634	35.2245
137832	34.4347	35.2411
137830	34.4061	35.2578
137823	34.3774	35.2745
137816	34.3488	35.2911
137812	34.3201	35.3078
137812	34.2915	35.3245
137810	34.2628	35.3411
137810	34.2342	35.3578
137809	34.2055	35.3745
137808	34.1769	35.3911
137807	34.1482	35.4078
137807	34.1196	35.4244
137807	34.0909	35.4411
137807	34.0623	35.4578
137806	34.0336	35.4744
137803	34.005	35.4911
137803	33.9763	35.5078
137794	33.9477	35.5244
137794	33.919	35.5411
137794	33.8904	35.5577
137794	33.8617	35.5744
137794	33.8331	35.5911
137794	33.8044	35.6077
137794	33.7758	35.6244
137794	33.7471	35.6411
137794	33.7185	35.6577
137794	33.6898	35.6744
137794	33.6612	35.691
137794	33.6325	35.7077
137794	33.6039	35.7244
137794	33.5752	35.741
137794	33.5466	35.7577
137794	33.5179	35.7744
137794	33.4893	35.791
137794	33.4606	35.8077
137793	33.432	35.8243
137793	33.4034	35.841
137793	33.3747	35.8577
137793	33.3461	35.8743
137793	33.3174	35.891
137793	33.2888	35.9077
137793	33.2601	35.9243
137793	33.2315	35.941
137793	33.2028	35.9576
137793	33.1742	35.9743
137793	33.1455	35.991
137793	33.1169	36.0076
137793	33.0882	36.0243
137793	33.0596	36.041
137793	33.0309	36.0576
137793	33.0023	36.0743
137793	32.9736	36.0909
137793	32.945	36.1076
137793	32.9163	36.1243
137792	32.8877	36.1409
137792	32.859	36.1576
137792	32.8304	36.1743
137792	32.8017	36.1909
137792	32.7731	36.2076
137792	32.7444	36.2242
137792	32.7158	36.2409
137792	32.6871	36.2576
137792	32.6585	36.2742
137792	32.6298	36.2909
137792	32.6012	36.3076
137792	32.5725	36.3242
137792	32.5439	36.3409
137792	32.5152	36.3575
137792	32.4866	36.3742
137792	32.4579	36.3909
137792	32.4293	36.4075
137792	32.4006	36.4242
137792	32.372	36.4409
137792	32.3433	36.4575
137792	32.3147	36.4742
137792	32.286	36.4908
137792	32.2574	36.5075
137792	32.2287	36.5242
137792	32.2001	36.5408
137792	32.1714	36.5575
137792	32.1428	36.5742
137792	32.1141	36.5908
137792	32.0855	36.6075
137792	32.0568	36.6241
137791	32.0282	36.6408
137790	31.9995	36.6575
137790	31.9709	36.6741
137790	31.9422	36.6908
137790	31.9136	36.7075
137790	31.8849	36.7241
137790	31.8563	36.7408
137790	31.8276	36.7574
137790	31.799	36.7741
137790	31.7703	36.7908
137790	31.7417	36.8074
137790	31.713	36.8241
137790	31.6844	36.8408
137790	31.6557	36.8574
137790	31.6271	36.8741
137790	31.5984	36.8907
137790	31.5698	36.9074
137790	31.5412	36.9241
137790	31.5125	36.9407
137790	31.4839	36.9574
137790	31.4552	36.9741
137790	31.4266	36.9907
137790	31.3979	37.0074
137790	31.3693	37.024
137790	31.3406	37.0407
137790	31.312	37.0574
137790	31.2833	37.074
137790	31.2547	37.0907
137790	31.226	37.1074
137790	31.1974	37.124
137790	31.1687	37.1407
137790	31.1401	37.1573
137790	31.1114	37.174
137790	31.0828	37.1907
137790	31.0541	37.2073
137790	31.0255	37.224
137790	30.9968	37.2407
137790	30.9682	37.2573
137790	30.9395	37.274
137790	30.9109	37.2906
137790	30.8822	37.3073
137790	30.8536	37.324
137790	30.8249	37.3406
137790	30.7963	37.3573
137790	30.7676	37.374
137790	30.739	37.3906
137790	30.7103	37.4073
137790	30.6817	37.424
137790	30.653	37.4406
137790	30.6244	37.4573
137790	30.5957	37.4739
137790	30.5671	37.4906
137790	30.5384	37.5073
137790	30.5098	37.5239
137790	30.4811	37.5406
137790	30.4525	37.5573
137790	30.4238	37.5739
137790	30.3952	37.5906
137790	30.3665	37.6072
137790	30.3379	37.6239
137790	30.3092	37.6406
137790	30.2806	37.6572
137790	30.2519	37.6739
137790	30.2233	37.6906
137790	30.1946	37.7072
137790	30.166	37.7239
137790	30.1373	37.7405
137790	30.1087	37.7572
137790	30.08	37.7739
137790	30.0514	37.7905
137790	30.0227	37.8072
137790	29.9941	37.8239
137790	29.9654	37.8405
137790	29.9368	37.8572
137790	29.9081	37.8738
137790	29.8795	37.8905
137790	29.8508	37.9072
137790	29.8222	37.9238
137790	29.7936	37.9405
137790	29.7649	37.9572
137790	29.7363	37.9738
137790	29.7076	37.9905
137790	29.679	38.0071
137790	29.6503	38.0238
137790	29.6217	38.0405
137790	29.593	38.0571
137790	29.5644	38.0738
137790	29.5357	38.0905
137790	29.5071	38.1071
137790	29.4784	38.1238
137790	29.4498	38.1404
137790	29.4211	38.1571
137790	29.3925	38.1738
137790	29.3638	38.1904
137790	29.3352	38.2071
137790	29.3065	38.2238
137790	29.2779	38.2404
137790	29.2492	38.2571
137790	29.2206	38.2737
137790	29.1919	38.2904
137790	29.1633	38.3071
137790	29.1346	38.3237
137790	29.106	38.3404
137790	29.0773	38.3571
137790	29.0487	38.3737
137790	29.02	38.3904
137790	28.9914	38.407
137790	28.9627	38.4237
137790	28.9341	38.4404
137790	28.9054	38.457
137790	28.8768	38.4737
137790	28.8481	38.4904
137790	28.8195	38.507
137790	28.7908	38.5237
137790	28.7622	38.5403
137790	28.7335	38.557
137790	28.7049	38.5737
137790	28.6762	38.5903
137790	28.6476	38.607
137790	28.6189	38.6237
137790	28.5903	38.6403
137790	28.5616	38.657
137790	28.533	38.6736
137790	28.5043	38.6903
137790	28.4757	38.707
137790	28.4471	38.7236
137790	28.4184	38.7403
137790	28.3898	38.757
137790	28.3611	38.7736
137790	28.3325	38.7903
137790	28.3038	38.8069
137790	28.2752	38.8236
137790	28.2465	38.8403
137790	28.2179	38.8569
137790	28.1892	38.8736
137790	28.1606	38.8903
137790	28.1319	38.9069
137790	28.1033	38.9236
137790	28.0746	38.9402
137790	28.046	38.9569
137790	28.0173	38.9736
137790	27.9887	38.9902
137790	27.96	39.0069
137790	27.9314	39.0236
137790	27.9028	39.0402
137790	27.8741	39.0569
137790	27.8455	39.0735
137790	27.8168	39.0902
137790	27.7882	39.1069
137790	27.7595	39.1235
137790	27.7309	39.1402
137790	27.7022	39.1569
137790	27.6736	39.1735
137790	27.6449	39.1902
137790	27.6163	39.2068
137790	27.5876	39.2235
137790	27.559	39.2402
137790	27.5303	39.2568
137790	27.5017	39.2735
137790	27.473	39.2902
137790	27.4444	39.3068
137790	27.4157	39.3235
137790	27.3871	39.3401
137790	27.3584	39.3568
137790	27.3298	39.3735
137790	27.3012	39.3901
137790	27.2725	39.4068
137790	27.2439	39.4235
137790	27.2152	39.4401
137790	27.1866	39.4568
137790	27.1579	39.4734
137790	27.1293	39.4901
137790	27.1006	39.5068
137790	27.072	39.5234
137790	27.0433	39.5401
137790	27.0147	39.5568
137790	26.986	39.5734
137790	26.9574	39.5901
137790	26.9287	39.6068
137790	26.9001	39.6234
137790	26.8714	39.6401
137790	26.8428	39.6567
137790	26.8141	39.6734
137790	26.7855	39.6901
137790	26.7569	39.7067
137790	26.7282	39.7234
137790	26.6996	39.7401
137790	26.6709	39.7567
137790	26.6423	39.7734
137790	26.6136	39.79
137790	26.585	39.8067
137790	26.5563	39.8234
137790	26.5277	39.84
137790	26.499	39.8567
137790	26.4704	39.8734
137790	26.4417	39.89
137790	26.4131	39.9067
137790	26.3844	39.9233
137790	26.3558	39.94
137790	26.3271	39.9567
137790	26.2985	39.9733
137790	26.2698	39.99
137790	26.2412	40.0067
137790	26.2125	40.0233
137790	26.1839	40.04
137790	26.1553	40.0566
137790	26.1266	40.0733
137790	26.098	40.09
137790	26.0693	40.1066
137790	26.0407	40.1233
137790	26.012	40.14
137790	25.9834	40.1566
137790	25.9547	40.1733
137790	25.9261	40.1899
137790	25.8974	40.2066
137790	25.8688	40.2233
137790	25.8401	40.2399
137790	25.8115	40.2566
137790	25.7828	40.2733
137790	25.7542	40.2899
137790	25.7255	40.3066
137790	25.6969	40.3232
137790	25.6682	40.3399
137790	25.6396	40.3566
137790	25.611	40.3732
137790	25.5823	40.3899
137790	25.5537	40.4066
137790	25.525	40.4232
137790	25.4964	40.4399
137790	25.4677	40.4565
137790	25.4391	40.4732
137790	25.4104	40.4899
137790	25.3818	40.5065
137790	25.3531	40.5232
137790	25.3245	40.5399
137790	25.2958	40.5565
137790	25.2672	40.5732
137790	25.2385	40.5898
137790	25.2099	40.6065
137790	25.1812	40.6232
137790	25.1526	40.6398
137790	25.1239	40.6565
137790	25.0953	40.6732
137790	25.0667	40.6898
137790	25.038	40.7065
137790	25.0094	40.7231
137790	24.9807	40.7398
137790	24.9521	40.7565
137790	24.9234	40.7731
137790	24.8948	40.7898
137790	24.8661	40.8065
137790	24.8375	40.8231
137790	24.8088	40.8398
137790	24.7802	40.8564
137790	24.7515	40.8731
137790	24.7229	40.8898
137790	24.6942	40.9064
137790	24.6656	40.9231
137790	24.6369	40.9398
137790	24.6083	40.9564
137790	24.5796	40.9731
137790	24.551	40.9897
137790	24.5223	41.0064
137790	24.4937	41.0231
137790	24.4651	41.0397
137790	24.4364	41.0564
137790	24.4078	41.0731
137790	24.3791	41.0897
137790	24.3505	41.1064
137790	24.3218	41.123
137790	24.2932	41.1397
137790	24.2645	41.1564
137790	24.2359	41.173
137790	24.2072	41.1897
137790	24.1786	41.2064
137790	24.1499	41.223
137790	24.1213	41.2397
137790	24.0926	41.2563
137790	24.064	41.273
137790	24.0353	41.2897
137790	24.0067	41.3063
137790	23.978	41.323
137790	23.9494	41.3397
137790	23.9208	41.3563
137790	23.8921	41.373
137790	23.8635	41.3896
137790	23.8348	41.4063
137790	23.8062	41.423
137790	23.7775	41.4396
137790	23.7489	41.4563
137790	23.7202	41.473
137790	23.6916	41.4896
137790	23.6629	41.5063
137790	23.6343	41.5229
137790	23.6056	41.5396
137790	23.577	41.5563
137790	23.5483	41.5729
137790	23.5197	41.5896
137790	23.491	41.6063
137790	23.4624	41.6229
137790	23.4337	41.6396
137790	23.4051	41.6563
137790	23.3764	41.6729
137790	23.3478	41.6896
137790	23.3192	41.7062
137790	23.2905	41.7229
137790	23.2619	41.7396
137790	23.2332	41.7562
137790	23.2046	41.7729
137790	23.1759	41.7896
137790	23.1473	41.8062
137790	23.1186	41.8229
137790	23.09	41.8395
137790	23.0613	41.8562
137790	23.0327	41.8729
137790	23.004	41.8895
137790	22.9754	41.9062
137790	22.9467	41.9229
137790	22.9181	41.9395
137790	22.8894	41.9562
137790	22.8608	41.9728
137790	22.8321	41.9895
137790	22.8035	42.0062
137790	22.7749	42.0228
137790	22.7462	42.0395
137790	22.7176	42.0562
137790	22.6889	42.0728
137790	22.6603	42.0895
137790	22.6316	42.1061
137790	22.603	42.1228
137790	22.5743	42.1395
137790	22.5457	42.1561
137790	22.517	42.1728
137790	22.4884	42.1895
137790	22.4597	42.2061
137790	22.4311	42.2228
137790	22.4024	42.2394
137790	22.3738	42.2561
137790	22.3451	42.2728
137790	22.3165	42.2894
137790	22.2878	42.3061
137790	22.2592	42.3228
137790	22.2305	42.3394
137790	22.2019	42.3561
137790	22.1733	42.3727
137790	22.1446	42.3894
137790	22.116	42.4061
137790	22.0873	42.4227
137790	22.0587	42.4394
137790	22.03	42.4561
137790	22.0014	42.4727
137790	21.9727	42.4894
137790	21.9441	42.506
137790	21.9154	42.5227
137790	21.8868	42.5394
137790	21.8581	42.556
137790	21.8295	42.5727
137790	21.8008	42.5894
137790	21.7722	42.606
137790	21.7435	42.6227
137790	21.7149	42.6393
137790	21.6862	42.656
137790	21.6576	42.6727
137790	21.629	42.6893
137790	21.6003	42.706
137790	21.5717	42.7227
137790	21.543	42.7393
137790	21.5144	42.756
137790	21.4857	42.7726
137790	21.4571	42.7893
137790	21.4284	42.806
137790	21.3998	42.8226
137790	21.3711	42.8393
137790	21.3425	42.856
137790	21.3138	42.8726
137790	21.2852	42.8893
137790	21.2565	42.9059
137790	21.2279	42.9226
137790	21.1992	42.9393
137790	21.1706	42.9559
137790	21.1419	42.9726
137790	21.1133	42.9893
137790	21.0847	43.0059
137790	21.056	43.0226
137790	21.0274	43.0392
137790	20.9987	43.0559
137789	20.9701	43.0726
137789	20.9414	43.0892
137789	20.9128	43.1059
137789	20.8841	43.1226
137789	20.8555	43.1392
137789	20.8268	43.1559
137789	20.7982	43.1725
137789	20.7695	43.1892
137789	20.7409	43.2059
137789	20.7122	43.2225
137789	20.6836	43.2392
137789	20.6549	43.2559
137789	20.6263	43.2725
137789	20.5976	43.2892
137789	20.569	43.3058
137789	20.5403	43.3225
137789	20.5117	43.3392
137789	20.4831	43.3558
137789	20.4544	43.3725
137789	20.4258	43.3892
137789	20.3971	43.4058
137789	20.3685	43.4225
137789	20.3398	43.4391
137789	20.3112	43.4558
137789	20.2825	43.4725
137789	20.2539	43.4891
137789	20.2252	43.5058
137789	20.1966	43.5225
137789	20.1679	43.5391
137789	20.1393	43.5558
137789	20.1106	43.5724
137789	20.082	43.5891
137789	20.0533	43.6058
137789	20.0247	43.6224
137789	19.996	43.6391
137789	19.9674	43.6558
137789	19.9388	43.6724
137789	19.9101	43.6891
137789	19.8815	43.7057
137789	19.8528	43.7224
137789	19.8242	43.7391
137789	19.7955	43.7557
137789	19.7669	43.7724
137789	19.7382	43.7891
137789	19.7096	43.8057
137789	19.6809	43.8224
137789	19.6523	43.8391
137789	19.6236	43.8557
137789	19.595	43.8724
137789	19.5663	43.889
137789	19.5377	43.9057
137789	19.509	43.9224
137789	19.4804	43.939
137789	19.4517	43.9557
137789	19.4231	43.9724
137789	19.3944	43.989
137789	19.3658	44.0057
137789	19.3372	44.0223
137789	19.3085	44.039
137789	19.2799	44.0557
137789	19.2512	44.0723
137789	19.2226	44.089
137789	19.1939	44.1057
137789	19.1653	44.1223
137789	19.1366	44.139
137789	19.108	44.1556
137789	19.0793	44.1723
137789	19.0507	44.189
137789	19.022	44.2056
137789	18.9934	44.2223
137789	18.9647	44.239
137789	18.9361	44.2556
137789	18.9074	44.2723
137789	18.8788	44.2889
137789	18.8501	44.3056
137789	18.8215	44.3223
137789	18.7929	44.3389
137789	18.7642	44.3556
137789	18.7356	44.3723
137789	18.7069	44.3889
137789	18.6783	44.4056
137789	18.6496	44.4222
137789	18.621	44.4389
137789	18.5923	44.4556
137789	18.5637	44.4722
137789	18.535	44.4889
137789	18.5064	44.5056
137789	18.4777	44.5222
137789	18.4491	44.5389
137789	18.4204	44.5555
137789	18.3918	44.5722
137789	18.3631	44.5889
137789	18.3345	44.6055
137789	18.3058	44.6222
137789	18.2772	44.6389
137789	18.2486	44.6555
137789	18.2199	44.6722
137789	18.1913	44.6888
137789	18.1626	44.7055
137789	18.134	44.7222
137789	18.1053	44.7388
137789	18.0767	44.7555
137789	18.048	44.7722
137789	18.0194	44.7888
137789	17.9907	44.8055
137789	17.9621	44.8221
137789	17.9334	44.8388
137789	17.9048	44.8555
137789	17.8761	44.8721
137789	17.8475	44.8888
137789	17.8188	44.9055
137789	17.7902	44.9221
137789	17.7615	44.9388
137789	17.7329	44.9554
137789	17.7042	44.9721
137789	17.6756	44.9888
137789	17.647	45.0054
137789	17.6183	45.0221
137789	17.5897	45.0388
137789	17.561	45.0554
137789	17.5324	45.0721
137789	17.5037	45.0887
137789	17.4751	45.1054
137789	17.4464	45.1221
137789	17.4178	45.1387
137789	17.3891	45.1554
137789	17.3605	45.1721
137789	17.3318	45.1887
137789	17.3032	45.2054
137789	17.2745	45.222
137789	17.2459	45.2387
137789	17.2172	45.2554
137789	17.1886	45.272
137789	17.1599	45.2887
137789	17.1313	45.3054
137789	17.1026	45.322
137789	17.074	45.3387
137789	17.0454	45.3553
137789	17.0167	45.372
137789	16.9881	45.3887
137789	16.9594	45.4053
137789	16.9308	45.422
137789	16.9021	45.4387
137789	16.8735	45.4553
137789	16.8448	45.472
137789	16.8162	45.4886
137789	16.7875	45.5053
137789	16.7589	45.522
137789	16.7302	45.5386
137789	16.7016	45.5553
137789	16.6729	45.572
137789	16.6443	45.5886
137789	16.6156	45.6053
137789	16.587	45.6219
137789	16.5583	45.6386
137789	16.5297	45.6553
137789	16.5011	45.6719
137789	16.4724	45.6886
137789	16.4438	45.7053
137789	16.4151	45.7219
137789	16.3865	45.7386
137789	16.3578	45.7552
137789	16.3292	45.7719
137789	16.3005	45.7886
137789	16.2719	45.8052
137789	16.2432	45.8219
137789	16.2146	45.8386
137789	16.1859	45.8552
137789	16.1573	45.8719
137789	16.1286	45.8885
137789	16.1	45.9052
137789	16.0713	45.9219
137789	16.0427	45.9385
137789	16.014	45.9552
137789	15.9854	45.9719
137789	15.9568	45.9885
137789	15.9281	46.0052
137789	15.8995	46.0219
137789	15.8708	46.0385
137789	15.8422	46.0552
137789	15.8135	46.0718
137789	15.7849	46.0885
137789	15.7562	46.1052
137789	15.7276	46.1218
137789	15.6989	46.1385
137789	15.6703	46.1552
137789	15.6416	46.1718
137789	15.613	46.1885
137789	15.5843	46.2051
137789	15.5557	46.2218
137789	15.527	46.2385
137789	15.4984	46.2551
137789	15.4697	46.2718
137789	15.4411	46.2885
137789	15.4124	46.3051
137789	15.3838	46.3218
137789	15.3552	46.3384
137789	15.3265	46.3551
137789	15.2979	46.3718
137789	15.2692	46.3884
137789	15.2406	46.4051
137789	15.2119	46.4218
137789	15.1833	46.4384
137789	15.1546	46.4551
137789	15.126	46.4717
137789	15.0973	46.4884
137789	15.0687	46.5051
137789	15.04	46.5217
137789	15.0114	46.5384
137789	14.9827	46.5551
137789	14.9541	46.5717
137789	14.9254	46.5884
137789	14.8968	46.605
137789	14.8681	46.6217
137789	14.8395	46.6384
137789	14.8109	46.655
137789	14.7822	46.6717
137789	14.7536	46.6884
137789	14.7249	46.705
137789	14.6963	46.7217
137789	14.6676	46.7383
137789	14.639	46.755
137789	14.6103	46.7717
137789	14.5817	46.7883
137789	14.553	46.805
137789	14.5244	46.8217
137789	14.4957	46.8383
137789	14.4671	46.855
137789	14.4384	46.8716
137789	14.4098	46.8883
137789	14.3811	46.905
137789	14.3525	46.9216
137789	14.3238	46.9383
137789	14.2952	46.955
137789	14.2666	46.9716
137789	14.2379	46.9883
137789	14.2093	47.0049
137789	14.1806	47.0216
137789	14.152	47.0383
137789	14.1233	47.0549
137789	14.0947	47.0716
137789	14.066	47.0883
137789	14.0374	47.1049
137789	14.0087	47.1216
137789	13.9801	47.1382
137789	13.9514	47.1549
137789	13.9228	47.1716
137789	13.8941	47.1882
137789	13.8655	47.2049
137789	13.8368	47.2216
137789	13.8082	47.2382
137789	13.7795	47.2549
137789	13.7509	47.2715
137789	13.7222	47.2882
137789	13.6936	47.3049
137789	13.665	47.3215
137789	13.6363	47.3382
137789	13.6077	47.3549
137789	13.579	47.3715
137789	13.5504	47.3882
137789	13.5217	47.4048
137789	13.4931	47.4215
137789	13.4644	47.4382
137789	13.4358	47.4548
137789	13.4071	47.4715
137789	13.3785	47.4882
137789	13.3498	47.5048
137789	13.3212	47.5215
137789	13.2925	47.5381
137789	13.2639	47.5548
137789	13.2352	47.5715
137789	13.2066	47.5881
137789	13.1779	47.6048
137789	13.1493	47.6215
137789	13.1207	47.6381
137789	13.092	47.6548
137789	13.0634	47.6714
137789	13.0347	47.6881
137789	13.0061	47.7048
137789	12.9774	47.7214
137789	12.9488	47.7381
137789	12.9201	47.7548
137789	12.8915	47.7714
137789	12.8628	47.7881
137789	12.8342	47.8047
137789	12.8055	47.8214
137789	12.7769	47.8381
137789	12.7482	47.8547
137789	12.7196	47.8714
137789	12.6909	47.8881
137789	12.6623	47.9047
137789	12.6336	47.9214
137789	12.605	47.938
137789	12.5763	47.9547
137789	12.5477	47.9714
137789	12.5191	47.988
137789	12.4904	48.0047
137789	12.4618	48.0214
137789	12.4331	48.038
137789	12.4045	48.0547
137789	12.3758	48.0714
137789	12.3472	48.088
137789	12.3185	48.1047
137789	12.2899	48.1213
137789	12.2612	48.138
137789	12.2326	48.1547
137789	12.2039	48.1713
137789	12.1753	48.188
137789	12.1466	48.2047
137789	12.118	48.2213
137789	12.0893	48.238
137789	12.0607	48.2546
137789	12.032	48.2713
137789	12.0034	48.288
137789	11.9748	48.3046
137789	11.9461	48.3213
137789	11.9175	48.338
137789	11.8888	48.3546
137789	11.8602	48.3713
137789	11.8315	48.3879
137789	11.8029	48.4046
137789	11.7742	48.4213
137789	11.7456	48.4379
137789	11.7169	48.4546
137789	11.6883	48.4713
137789	11.6596	48.4879
137789	11.631	48.5046
137789	11.6023	48.5212
137789	11.5737	48.5379
137789	11.545	48.5546
137789	11.5164	48.5712
137789	11.4877	48.5879
137789	11.4591	48.6046
137789	11.4304	48.6212
137789	11.4018	48.6379
137789	11.3732	48.6545
137789	11.3445	48.6712
137789	11.3159	48.6879
137789	11.2872	48.7045
137789	11.2586	48.7212
137789	11.2299	48.7379
137789	11.2013	48.7545
137789	11.1726	48.7712
137789	11.144	48.7878
137789	11.1153	48.8045
137789	11.0867	48.8212
137789	11.058	48.8378
137789	11.0294	48.8545
137789	11.0007	48.8712
137789	10.9721	48.8878
137789	10.9434	48.9045
137789	10.9148	48.9211
137789	10.8861	48.9378
137789	10.8575	48.9545
137789	10.8289	48.9711
137789	10.8002	48.9878
137789	10.7716	49.0045
137789	10.7429	49.0211
137789	10.7143	49.0378
137789	10.6856	49.0544
137789	10.657	49.0711
137789	10.6283	49.0878
137789	10.5997	49.1044
137789	10.571	49.1211
137789	10.5424	49.1378
137789	10.5137	49.1544
137789	10.4851	49.1711
137789	10.4564	49.1877
137789	10.4278	49.2044
137789	10.3991	49.2211
137789	10.3705	49.2377
137789	10.3418	49.2544
137789	10.3132	49.2711
137789	10.2845	49.2877
137789	10.2559	49.3044
137789	10.2273	49.321
137789	10.1986	49.3377
137789	10.17	49.3544
137789	10.1413	49.371
137789	10.1127	49.3877
137789	10.084	49.4044
137789	10.0554	49.421
137789	10.0267	49.4377
137789	9.99808	49.4543
137789	9.96943	49.471
137789	9.94078	49.4877
137789	9.91213	49.5043
137789	9.88348	49.521
137789	9.85484	49.5377
137789	9.82619	49.5543
137789	9.79754	49.571
137789	9.7689	49.5876
137789	9.74025	49.6043
137789	9.7116	49.621
137789	9.68295	49.6376
137789	9.65431	49.6543
137789	9.62566	49.671
137789	9.59701	49.6876
137789	9.56836	49.7043
137789	9.53972	49.7209
137789	9.51107	49.7376
137789	9.48242	49.7543
137789	9.45377	49.7709
137789	9.42513	49.7876
137789	9.39648	49.8043
137789	9.36783	49.8209
137789	9.33918	49.8376
137789	9.31054	49.8542
137789	9.28189	49.8709
137789	9.25324	49.8876
137789	9.22459	49.9042
137789	9.19595	49.9209
137789	9.1673	49.9376
137789	9.13865	49.9542
137789	9.11	49.9709
137789	9.08136	49.9875
137789	9.05271	50.0042
137789	9.02406	50.0209
137789	8.99541	50.0375
137789	8.96677	50.0542
137789	8.93812	50.0709
137789	8.90947	50.0875
137789	8.88082	50.1042
137789	8.85218	50.1208
137789	8.82353	50.1375
137789	8.79488	50.1542
137789	8.76623	50.1708
137789	8.73759	50.1875
137789	8.70894	50.2042
137789	8.68029	50.2208
137789	8.65164	50.2375
137789	8.623	50.2542
137789	8.59435	50.2708
137789	8.5657	50.2875
137789	8.53705	50.3041
137789	8.50841	50.3208
137789	8.47976	50.3375
137789	8.45111	50.3541
137789	8.42246	50.3708
137789	8.39382	50.3875
137789	8.36517	50.4041
137789	8.33652	50.4208
137789	8.30787	50.4374
137789	8.27923	50.4541
137789	8.25058	50.4708
137789	8.22193	50.4874
137789	8.19328	50.5041
137789	8.16464	50.5208
137789	8.13599	50.5374
137789	8.10734	50.5541
137789	8.07869	50.5707
137789	8.05005	50.5874
137789	8.0214	50.6041
137789	7.99275	50.6207
137789	7.9641	50.6374
137789	7.93546	50.6541
137789	7.90681	50.6707
137789	7.87816	50.6874
137789	7.84951	50.704
137789	7.82087	50.7207
137789	7.79222	50.7374
137789	7.76357	50.754
137789	7.73492	50.7707
137789	7.70628	50.7874
137789	7.67763	50.804
137789	7.64898	50.8207
137789	7.62033	50.8373
137789	7.59169	50.854
137789	7.56304	50.8707
137789	7.53439	50.8873
137789	7.50574	50.904
137789	7.4771	50.9207
137789	7.44845	50.9373
137789	7.4198	50.954
137789	7.39115	50.9706
137789	7.36251	50.9873
137789	7.33386	51.004
137789	7.30521	51.0206
137789	7.27656	51.0373
137789	7.24792	51.054
137789	7.21927	51.0706
137789	7.19062	51.0873
137789	7.16197	51.1039
137789	7.13333	51.1206
137789	7.10468	51.1373
137789	7.07603	51.1539
137789	7.04738	51.1706
137789	7.01873	51.1873
137789	6.99009	51.2039
137789	6.96144	51.2206
137789	6.93279	51.2372
137789	6.90414	51.2539
137789	6.8755	51.2706
137789	6.84685	51.2872
137789	6.8182	51.3039
137789	6.78955	51.3206
137789	6.7609	51.3372
137789	6.73226	51.3539
137789	6.70361	51.3705
137789	6.67496	51.3872
137789	6.64631	51.4039
137789	6.61766	51.4205
137789	6.58902	51.4372
137789	6.56037	51.4539
137789	6.53172	51.4705
137789	6.50307	51.4872
137789	6.47442	51.5038
137789	6.44578	51.5205
137789	6.41713	51.5372
137789	6.38848	51.5538
137789	6.35983	51.5705
137789	6.33119	51.5872
137789	6.30254	51.6038
137789	6.27389	51.6205
137789	6.24524	51.6371
137789	6.21659	51.6538
137789	6.18795	51.6705
137789	6.1593	51.6871
137789	6.13065	51.7038
137789	6.102	51.7205
137789	6.07335	51.7371
137789	6.04471	51.7538
137789	6.01606	51.7704
137789	5.98741	51.7871
137789	5.95876	51.8038
137789	5.93011	51.8204
137789	5.90147	51.8371
137789	5.87282	51.8538
137789	5.84417	51.8704
137789	5.81552	51.8871
137789	5.78687	51.9037
137789	5.75823	51.9204
137789	5.72958	51.9371
137789	5.70093	51.9537
137789	5.67228	51.9704
137789	5.64364	51.9871
137789	5.61499	52.0037
137789	5.58634	52.0204
137789	5.55769	52.037
137789	5.52904	52.0537
137789	5.5004	52.0704
137789	5.47175	52.087
137789	5.4431	52.1037
137789	5.41445	52.1204
137789	5.3858	52.137
137789	5.35716	52.1537
137789	5.32851	52.1703
137789	5.29986	52.187
137789	5.27121	52.2037
137789	5.24256	52.2203
137789	5.21392	52.237
137789	5.18527	52.2537
137789	5.15662	52.2703
137789	5.12797	52.287
137789	5.09933	52.3036
137789	5.07068	52.3203
137789	5.04203	52.337
137789	5.01338	52.3536
137789	4.98473	52.3703
137789	4.95609	52.387
137789	4.92744	52.4036
137789	4.89879	52.4203
137789	4.87014	52.437
137789	4.84149	52.4536
137789	4.81285	52.4703
137789	4.7842	52.4869
137789	4.75555	52.5036
137789	4.7269	52.5203
137789	4.69825	52.5369
137789	4.66961	52.5536
137789	4.64096	52.5703
137789	4.61231	52.5869
137789	4.58366	52.6036
137789	4.55501	52.6202
137789	4.52637	52.6369
137789	4.49772	52.6536
137789	4.46907	52.6702
137789	4.44042	52.6869
137789	4.41178	52.7036
137789	4.38313	52.7202
137789	4.35448	52.7369
137789	4.32583	52.7535
137789	4.29718	52.7702
137789	4.26854	52.7869
137789	4.23989	52.8035
137789	4.21124	52.8202
137789	4.18259	52.8369
137789	4.15394	52.8535
137789	4.1253	52.8702
137789	4.09665	52.8868
137789	4.068	52.9035
137789	4.03935	52.9202
137789	4.0107	52.9368
137789	3.98206	52.9535
137789	3.95341	52.9702
137789	3.92476	52.9868
137789	3.89611	53.0035
137789	3.86747	53.0201
137789	3.83882	53.0368
137789	3.81017	53.0535
137789	3.78152	53.0701
137789	3.75287	53.0868
137789	3.72423	53.1035
137789	3.69558	53.1201
137789	3.66693	53.1368
137789	3.63828	53.1534
137789	3.60963	53.1701
137789	3.58099	53.1868
137789	3.55234	53.2034
137789	3.52369	53.2201
137789	3.49504	53.2368
137789	3.46639	53.2534
137789	3.43775	53.2701
137789	3.4091	53.2867
137789	3.38045	53.3034
137789	3.3518	53.3201
137789	3.32315	53.3367
137789	3.29451	53.3534
137789	3.26586	53.3701
137789	3.23721	53.3867
137789	3.20856	53.4034
137789	3.17992	53.42
137789	3.15127	53.4367
137789	3.12262	53.4534
137789	3.09397	53.47
137789	3.06532	53.4867
137789	3.03668	53.5034
137789	3.00803	53.52
137789	2.97938	53.5367
137789	2.95073	53.5533
137789	2.92208	53.57
137789	2.89344	53.5867
137789	2.86479	53.6033
137789	2.83614	53.62
137789	2.80749	53.6367
137789	2.77884	53.6533
137789	2.7502	53.67
137789	2.72155	53.6866
137789	2.6929	53.7033
137789	2.66425	53.72
137789	2.63561	53.7366
137789	2.60696	53.7533
137789	2.57831	53.77
137789	2.54966	53.7866
137789	2.52101	53.8033
137789	2.49237	53.8199
137789	2.46372	53.8366
137789	2.43507	53.8533
137789	2.40642	53.8699
137789	2.37777	53.8866
137789	2.34913	53.9033
137789	2.32048	53.9199
137789	2.29183	53.9366
137789	2.26318	53.9532
137789	2.23453	53.9699
137789	2.20589	53.9866
137789	2.17724	54.0032
137789	2.14859	54.0199
137789	2.11994	54.0366
137789	2.09129	54.0532
137789	2.06265	54.0699
137789	2.034	54.0865
137789	2.00535	54.1032
137789	1.9767	54.1199
137789	1.94806	54.1365
137789	1.91941	54.1532
137789	1.89076	54.1699
137789	1.86211	54.1865
137789	1.83346	54.2032
137789	1.80482	54.2198
137789	1.77617	54.2365
137789	1.74752	54.2532
137789	1.71887	54.2698
137789	1.69022	54.2865
137789	1.66158	54.3032
137789	1.63293	54.3198
137789	1.60428	54.3365
137789	1.57563	54.3531
137789	1.54699	54.3698
137789	1.51834	54.3865
137789	1.48969	54.4031
137789	1.46104	54.4198
137789	1.43239	54.4365
137789	1.40375	54.4531
137789	1.3751	54.4698
137789	1.34645	54.4865
137789	1.3178	54.5031
137789	1.28916	54.5198
137789	1.26051	54.5364
137789	1.23186	54.5531
137789	1.20321	54.5698
137789	1.17456	54.5864
137789	1.14592	54.6031
137789	1.11727	54.6198
137789	1.08862	54.6364
137789	1.05997	54.6531
137789	1.03132	54.6697
137789	1.00268	54.6864
137789	0.974029	54.7031
137789	0.945382	54.7197
137789	0.916734	54.7364
137789	0.888086	54.7531
137789	0.859438	54.7697
137789	0.83079	54.7864
137789	0.802142	54.803
137789	0.773495	54.8197
137789	0.744847	54.8364
137789	0.716199	54.853
137789	0.687551	54.8697
137789	0.658903	54.8864
137789	0.630255	54.903
137789	0.601607	54.9197
137789	0.57296	54.9363
137789	0.544312	54.953
137789	0.515664	54.9697
137789	0.487016	54.9863
137789	0.458368	55.003
137789	0.42972	55.0197
137789	0.401072	55.0363
137789	0.372425	55.053
137789	0.343777	55.0696
137789	0.315129	55.0863
137789	0.286481	55.103
137789	0.257833	55.1196
137789	0.229185	55.1363
137789	0.200537	55.153
137789	0.17189	55.1696
137789	0.143242	55.1863
137789	0.114594	55.2029
137789	0.085946	55.2196
137789	0.0572982	55.2363
137789	0.0286503	55.2529
137789	2.46127e-06	55.2696
137789	-0.0286454	55.2863
137789	0	55.3029
137789	0	55.3196
137789	0	55.3362
137789	0	55.3529
137789	0	55.3696
137789	0	55.3862
137789	0	55.4029
137789	0	55.4196
137789	0	55.4362
137789	0	55.4529
137789	0	55.4695
137789	0	55.4862
137789	0	55.5029
137789	0	55.5195
137789	0	55.5362
137789	0	55.5529
137789	0	55.5695
137789	0	55.5862
137789	0	55.6028
137789	0	55.6195
137789	0	55.6362
137789	0	55.6528
137789	0	55.6695
137789	0	55.6862
137789	0	55.7028
137789	0	55.7195
137789	0	55.7361
137789	0	55.7528
137789	0	55.7695
137789	0	55.7861
137789	0	55.8028
137789	0	55.8195
137789	0	55.8361
137789	0	55.8528
137789	0	55.8694
137789	0	55.8861
137789	0	55.9028
137789	0	55.9194
137789	0	55.9361
137789	0	55.9528
137789	0	55.9694
137789	0	55.9861
137789	0	56.0027
137789	0	56.0194
137789	0	56.0361
137789	0	56.0527
137789	0	56.0694
137789	0	56.0861
137789	0	56.1027
137789	0	56.1194
137789	0	56.136
137789	0	56.1527
137789	0	56.1694
137789	0	56.186
137789	0	56.2027
137789	0	56.2194
137789	0	56.236
137789	0	56.2527
137789	0	56.2693
137789	0	56.286
137789	0	56.3027
