inside_count	theta (degrees)	time (s)
91967	0.0286479	0.00968933
91967	0.0572957	0.0263519
91967	0.0859435	0.0430145
91967	0.114591	0.0596771
91967	0.143239	0.0763397
91967	0.171887	0.0930023
91967	0.200535	0.109665
91967	0.229183	0.126328
91967	0.257831	0.14299
91967	0.286479	0.159653
91967	0.315126	0.176315
91967	0.343774	0.192978
91967	0.372422	0.209641
91967	0.40107	0.226303
91967	0.429718	0.242966
91967	0.458366	0.259628
91967	0.487013	0.276291
91967	0.515661	0.292953
91967	0.544309	0.309616
91967	0.572957	0.326279
91967	0.601605	0.342941
91967	0.630253	0.359604
91967	0.658901	0.376266
91967	0.687548	0.392929
91967	0.716196	0.409592
91967	0.744844	0.426254
91967	0.773492	0.442917
91967	0.80214	0.459579
91967	0.830788	0.476242
91967	0.859436	0.492905
91967	0.888083	0.509567
91967	0.916731	0.52623
91967	0.945379	0.542892
91967	0.974027	0.559555
91967	1.00267	0.576218
91967	1.03132	0.59288
91967	1.05997	0.609543
91967	1.08862	0.626205
91967	1.11727	0.642868
91967	1.14591	0.659531
91967	1.17456	0.676193
91967	1.20321	0.692856
91967	1.23186	0.709518
91967	1.2605	0.726181
91967	1.28915	0.742844
91967	1.3178	0.759506
91967	1.34645	0.776169
91967	1.3751	0.792831
91967	1.40374	0.809494
91967	1.43239	0.826157
91967	1.46104	0.842819
91967	1.48969	0.859482
91967	1.51834	0.876144
91967	1.54698	0.892807
91967	1.57563	0.90947
91967	1.60428	0.926132
91967	1.63293	0.942795
91967	1.66157	0.959457
91967	1.69022	0.97612
91967	1.71887	0.992783
91967	1.74752	1.00945
91967	1.77617	1.02611
91967	1.80481	1.04277
91967	1.83346	1.05943
91967	1.86211	1.0761
91967	1.89076	1.09276
91967	1.9194	1.10942
91967	1.94805	1.12608
91967	1.9767	1.14275
91967	2.00535	1.15941
91967	2.034	1.17607
91967	2.06264	1.19273
91967	2.09129	1.2094
91967	2.11994	1.22606
91967	2.14859	1.24272
91967	2.17724	1.25938
91967	2.20588	1.27605
91967	2.23453	1.29271
91967	2.26318	1.30937
91967	2.29183	1.32603
91967	2.32048	1.3427
91967	2.34912	1.35936
91967	2.37777	1.37602
91967	2.40642	1.39268
91967	2.43507	1.40935
91967	2.46372	1.42601
91967	2.49236	1.44267
91967	2.52101	1.45934
91967	2.54966	1.476
91967	2.57831	1.49266
91967	2.60695	1.50932
91967	2.6356	1.52599
91967	2.66425	1.54265
91967	2.6929	1.55931
91967	2.72155	1.57597
91967	2.75019	1.59264
91967	2.77884	1.6093
91967	2.80749	1.62596
91967	2.83614	1.64262
91967	2.86479	1.65929
91967	2.89343	1.67595
91967	2.92208	1.69261
91967	2.95073	1.70927
91967	2.97938	1.72594
91967	3.00803	1.7426
91967	3.03667	1.75926
91967	3.06532	1.77592
91967	3.09397	1.79259
91967	3.12262	1.80925
91967	3.15126	1.82591
91967	3.17991	1.84258
91967	3.20856	1.85924
91967	3.23721	1.8759
91967	3.26586	1.89256
91967	3.2945	1.90923
91967	3.32315	1.92589
91967	3.3518	1.94255
91967	3.38045	1.95921
91967	3.4091	1.97588
91967	3.43774	1.99254
91967	3.46639	2.0092
91967	3.49504	2.02586
91967	3.52369	2.04253
91967	3.55234	2.05919
91967	3.58098	2.07585
91967	3.60963	2.09251
91967	3.63828	2.10918
91967	3.66693	2.12584
91967	3.69557	2.1425
91967	3.72422	2.15916
91967	3.75287	2.17583
91967	3.78152	2.19249
91967	3.81017	2.20915
91967	3.83881	2.22581
91967	3.86746	2.24248
91967	3.89611	2.25914
91967	3.92476	2.2758
91967	3.95341	2.29247
91967	3.98205	2.30913
91967	4.0107	2.32579
91967	4.03935	2.34245
91967	4.068	2.35912
91967	4.09665	2.37578
91967	4.12529	2.39244
91967	4.15394	2.4091
91967	4.18259	2.42577
91967	4.21124	2.44243
91967	4.23989	2.45909
91967	4.26853	2.47575
91967	4.29718	2.49242
91967	4.32583	2.50908
91967	4.35448	2.52574
91967	4.38312	2.5424
91967	4.41177	2.55907
91967	4.44042	2.57573
91967	4.46907	2.59239
91967	4.49772	2.60905
91967	4.52636	2.62572
91967	4.55501	2.64238
91967	4.58366	2.65904
91967	4.61231	2.6757
91967	4.64096	2.69237
91967	4.6696	2.70903
91967	4.69825	2.72569
91967	4.7269	2.74236
91967	4.75555	2.75902
91967	4.7842	2.77568
91967	4.81284	2.79234
91967	4.84149	2.80901
91967	4.87014	2.82567
91967	4.89879	2.84233
91967	4.92743	2.85899
91967	4.95608	2.87566
91967	4.98473	2.89232
91967	5.01338	2.90898
91967	5.04203	2.92564
91967	5.07067	2.94231
91967	5.09932	2.95897
91967	5.12797	2.97563
91967	5.15662	2.99229
91967	5.18527	3.00896
91967	5.21391	3.02562
91967	5.24256	3.04228
91967	5.27121	3.05894
91967	5.29986	3.07561
91967	5.32851	3.09227
91967	5.35715	3.10893
91967	5.3858	3.1256
91967	5.41445	3.14226
91967	5.4431	3.15892
91967	5.47175	3.17558
91967	5.50039	3.19225
91967	5.52904	3.20891
91967	5.55769	3.22557
91967	5.58634	3.24223
91967	5.61498	3.2589
91967	5.64363	3.27556
91967	5.67228	3.29222
91967	5.70093	3.30888
91967	5.72958	3.32555
91967	5.75822	3.34221
91967	5.78687	3.35887
91967	5.81552	3.37553
91967	5.84417	3.3922
91967	5.87282	3.40886
91967	5.90146	3.42552
91967	5.93011	3.44218
91967	5.95876	3.45885
91967	5.98741	3.47551
91967	6.01606	3.49217
91967	6.0447	3.50883
91967	6.07335	3.5255
91967	6.102	3.54216
91967	6.13065	3.55882
91967	6.1593	3.57549
91967	6.18794	3.59215
91967	6.21659	3.60881
91967	6.24524	3.62547
91967	6.27389	3.64214
91967	6.30253	3.6588
91967	6.33118	3.67546
91967	6.35983	3.69212
91967	6.38848	3.70879
91967	6.41713	3.72545
91967	6.44577	3.74211
91967	6.47442	3.75877
91967	6.50307	3.77544
91967	6.53172	3.7921
91967	6.56037	3.80876
91967	6.58901	3.82542
91967	6.61766	3.84209
91967	6.64631	3.85875
91967	6.67496	3.87541
91967	6.70361	3.89207
91967	6.73225	3.90874
91967	6.7609	3.9254
91967	6.78955	3.94206
91967	6.8182	3.95872
91967	6.84685	3.97539
91967	6.87549	3.99205
91967	6.90414	4.00871
91967	6.93279	4.02538
91967	6.96144	4.04204
91967	6.99008	4.0587
91967	7.01873	4.07536
91967	7.04738	4.09203
91967	7.07603	4.10869
91967	7.10468	4.12535
91967	7.13332	4.14201
91967	7.16197	4.15868
91967	7.19062	4.17534
91967	7.21927	4.192
91967	7.24791	4.20866
91967	7.27656	4.22533
91967	7.30521	4.24199
91967	7.33386	4.25865
91967	7.3625	4.27531
91967	7.39115	4.29198
91967	7.4198	4.30864
91967	7.44845	4.3253
91967	7.47709	4.34196
91967	7.50574	4.35863
91967	7.53439	4.37529
91967	7.56304	4.39195
91967	7.59168	4.40862
91967	7.62033	4.42528
91967	7.64898	4.44194
91967	7.67763	4.4586
91967	7.70627	4.47527
91967	7.73492	4.49193
91967	7.76357	4.50859
91967	7.79222	4.52525
91967	7.82086	4.54192
91967	7.84951	4.55858
91967	7.87816	4.57524
91967	7.90681	4.5919
91967	7.93545	4.60857
91967	7.9641	4.62523
91967	7.99275	4.64189
91967	8.0214	4.65855
91967	8.05004	4.67522
91967	8.07869	4.69188
91967	8.10734	4.70854
91967	8.13599	4.7252
91967	8.16463	4.74187
91967	8.19328	4.75853
91967	8.22193	4.77519
91967	8.25058	4.79185
91967	8.27922	4.80852
91967	8.30787	4.82518
91967	8.33652	4.84184
91967	8.36517	4.85851
91967	8.39381	4.87517
91967	8.42246	4.89183
91967	8.45111	4.90849
91967	8.47976	4.92516
91967	8.5084	4.94182
91967	8.53705	4.95848
91967	8.5657	4.97514
91967	8.59435	4.99181
91967	8.62299	5.00847
91967	8.65164	5.02513
91967	8.68029	5.04179
91967	8.70894	5.05846
91967	8.73758	5.07512
91967	8.76623	5.09178
91967	8.79488	5.10844
91967	8.82353	5.12511
91967	8.85217	5.14177
91967	8.88082	5.15843
91967	8.90947	5.17509
91967	8.93812	5.19176
91967	8.96676	5.20842
91967	8.99541	5.22508
91967	9.02406	5.24174
91967	9.05271	5.25841
91967	9.08135	5.27507
91967	9.11	5.29173
91967	9.13865	5.3084
91967	9.1673	5.32506
91967	9.19594	5.34172
91967	9.22459	5.35838
91967	9.25324	5.37505
91967	9.28189	5.39171
91967	9.31053	5.40837
91967	9.33918	5.42503
91967	9.36783	5.4417
91967	9.39648	5.45836
91967	9.42512	5.47502
91967	9.45377	5.49168
91967	9.48242	5.50835
91967	9.51107	5.52501
91967	9.53971	5.54167
91967	9.56836	5.55833
91967	9.59701	5.575
91967	9.62566	5.59166
91967	9.6543	5.60832
91967	9.68295	5.62498
91967	9.7116	5.64165
91967	9.74024	5.65831
91967	9.76889	5.67497
91967	9.79754	5.69164
91967	9.82619	5.7083
91967	9.85484	5.72496
91967	9.88348	5.74162
91967	9.91213	5.75829
91967	9.94078	5.77495
91967	9.96943	5.79161
91967	9.99807	5.80827
91967	10.0267	5.82494
91967	10.0554	5.8416
91967	10.084	5.85826
91967	10.1127	5.87492
91967	10.1413	5.89159
91967	10.17	5.90825
91967	10.1986	5.92491
91967	10.2273	5.94157
91967	10.2559	5.95824
91967	10.2845	5.9749
91967	10.3132	5.99156
91967	10.3418	6.00822
91967	10.3705	6.02489
91967	10.3991	6.04155
91967	10.4278	6.05821
91967	10.4564	6.07487
91967	10.4851	6.09154
91967	10.5137	6.1082
91967	10.5424	6.12486
91967	10.571	6.14153
91967	10.5997	6.15819
91967	10.6283	6.17485
91967	10.657	6.19151
91967	10.6856	6.20818
91967	10.7143	6.22484
91967	10.7429	6.2415
91967	10.7716	6.25816
91967	10.8002	6.27483
91967	10.8288	6.29149
91967	10.8575	6.30815
91967	10.8861	6.32481
91967	10.9148	6.34148
91967	10.9434	6.35814
91967	10.9721	6.3748
91967	11.0007	6.39146
91967	11.0294	6.40813
91967	11.058	6.42479
91967	11.0867	6.44145
91967	11.1153	6.45811
91967	11.144	6.47478
91967	11.1726	6.49144
91967	11.2013	6.5081
91967	11.2299	6.52477
91967	11.2586	6.54143
91967	11.2872	6.55809
91967	11.3159	6.57475
91967	11.3445	6.59142
91967	11.3732	6.60808
91967	11.4018	6.62474
91967	11.4304	6.6414
91967	11.4591	6.65807
91967	11.4877	6.67473
91967	11.5164	6.69139
91967	11.545	6.70805
91967	11.5737	6.72472
91967	11.6023	6.74138
91967	11.631	6.75804
91967	11.6596	6.7747
91967	11.6883	6.79137
91967	11.7169	6.80803
91967	11.7456	6.82469
91967	11.7742	6.84135
91967	11.8029	6.85802
91967	11.8315	6.87468
91967	11.8602	6.89134
91967	11.8888	6.908
91967	11.9175	6.92467
91967	11.9461	6.94133
91967	11.9747	6.95799
91967	12.0034	6.97466
91967	12.032	6.99132
91967	12.0607	7.00798
91967	12.0893	7.02464
91967	12.118	7.04131
91967	12.1466	7.05797
91967	12.1753	7.07463
91967	12.2039	7.09129
91967	12.2326	7.10796
91967	12.2612	7.12462
91967	12.2899	7.14128
91967	12.3185	7.15794
91967	12.3472	7.17461
91967	12.3758	7.19127
91967	12.4045	7.20793
91967	12.4331	7.22459
91967	12.4618	7.24126
91967	12.4904	7.25792
91967	12.5191	7.27458
91967	12.5477	7.29124
91967	12.5763	7.30791
91967	12.605	7.32457
91967	12.6336	7.34123
91967	12.6623	7.35789
91967	12.6909	7.37456
91967	12.7196	7.39122
91967	12.7482	7.40788
91967	12.7769	7.42455
91967	12.8055	7.44121
91967	12.8342	7.45787
91967	12.8628	7.47453
91967	12.8915	7.4912
91967	12.9201	7.50786
91967	12.9488	7.52452
91967	12.9774	7.54118
91967	13.0061	7.55785
91967	13.0347	7.57451
91967	13.0634	7.59117
91967	13.092	7.60783
91967	13.1206	7.6245
91967	13.1493	7.64116
91967	13.1779	7.65782
91967	13.2066	7.67448
91967	13.2352	7.69115
91967	13.2639	7.70781
91967	13.2925	7.72447
91967	13.3212	7.74113
91967	13.3498	7.7578
91967	13.3785	7.77446
91967	13.4071	7.79112
91967	13.4358	7.80779
91967	13.4644	7.82445
91967	13.4931	7.84111
91967	13.5217	7.85777
91967	13.5504	7.87444
91967	13.579	7.8911
91967	13.6077	7.90776
91967	13.6363	7.92442
91967	13.665	7.94109
91967	13.6936	7.95775
91967	13.7222	7.97441
91967	13.7509	7.99107
91967	13.7795	8.00774
91967	13.8082	8.0244
91967	13.8368	8.04106
91967	13.8655	8.05772
91967	13.8941	8.07439
91967	13.9228	8.09105
91967	13.9514	8.10771
91967	13.9801	8.12437
91967	14.0087	8.14104
91967	14.0374	8.1577
91967	14.066	8.17436
91967	14.0947	8.19102
91967	14.1233	8.20769
91967	14.152	8.22435
91967	14.1806	8.24101
91967	14.2093	8.25768
91967	14.2379	8.27434
91967	14.2665	8.291
91967	14.2952	8.30766
91967	14.3238	8.32433
91967	14.3525	8.34099
91967	14.3811	8.35765
91967	14.4098	8.37431
91967	14.4384	8.39098
91967	14.4671	8.40764
91967	14.4957	8.4243
91967	14.5244	8.44096
91967	14.553	8.45763
91967	14.5817	8.47429
91967	14.6103	8.49095
91967	14.639	8.50761
91967	14.6676	8.52428
91967	14.6963	8.54094
91967	14.7249	8.5576
91967	14.7536	8.57426
91967	14.7822	8.59093
91967	14.8109	8.60759
91967	14.8395	8.62425
91967	14.8681	8.64091
91967	14.8968	8.65758
91967	14.9254	8.67424
91967	14.9541	8.6909
91967	14.9827	8.70757
91967	15.0114	8.72423
91967	15.04	8.74089
91967	15.0687	8.75755
91967	15.0973	8.77422
91967	15.126	8.79088
91967	15.1546	8.80754
91967	15.1833	8.8242
91967	15.2119	8.84087
91967	15.2406	8.85753
91967	15.2692	8.87419
91967	15.2979	8.89085
91967	15.3265	8.90752
91967	15.3552	8.92418
91967	15.3838	8.94084
91967	15.4124	8.9575
91967	15.4411	8.97417
91967	15.4697	8.99083
91967	15.4984	9.00749
91967	15.527	9.02415
91967	15.5557	9.04082
91967	15.5843	9.05748
91967	15.613	9.07414
91967	15.6416	9.09081
91967	15.6703	9.10747
91967	15.6989	9.12413
91967	15.7276	9.14079
91967	15.7562	9.15746
91967	15.7849	9.17412
91967	15.8135	9.19078
91967	15.8422	9.20744
91967	15.8708	9.22411
91967	15.8995	9.24077
91967	15.9281	9.25743
91967	15.9567	9.27409
91967	15.9854	9.29076
91967	16.014	9.30742
91967	16.0427	9.32408
91967	16.0713	9.34074
91967	16.1	9.35741
91967	16.1286	9.37407
91967	16.1573	9.39073
91967	16.1859	9.40739
91967	16.2146	9.42406
91967	16.2432	9.44072
91967	16.2719	9.45738
91967	16.3005	9.47404
91967	16.3292	9.49071
91967	16.3578	9.50737
91967	16.3865	9.52403
91967	16.4151	9.5407
91967	16.4438	9.55736
91967	16.4724	9.57402
91967	16.5011	9.59068
91967	16.5297	9.60735
91967	16.5583	9.62401
91967	16.587	9.64067
91967	16.6156	9.65733
91967	16.6443	9.674
91967	16.6729	9.69066
91967	16.7016	9.70732
91967	16.7302	9.72398
91967	16.7589	9.74065
91967	16.7875	9.75731
91967	16.8162	9.77397
91967	16.8448	9.79063
91967	16.8735	9.8073
91967	16.9021	9.82396
91967	16.9308	9.84062
91967	16.9594	9.85728
91967	16.9881	9.87395
91967	17.0167	9.89061
91967	17.0454	9.90727
91967	17.074	9.92393
91967	17.1026	9.9406
91967	17.1313	9.95726
91967	17.1599	9.97392
91967	17.1886	9.99059
91967	17.2172	10.0072
91967	17.2459	10.0239
91967	17.2745	10.0406
91967	17.3032	10.0572
91967	17.3318	10.0739
91967	17.3605	10.0906
91967	17.3891	10.1072
91967	17.4178	10.1239
91967	17.4464	10.1405
91967	17.4751	10.1572
91967	17.5037	10.1739
91967	17.5324	10.1905
91967	17.561	10.2072
91967	17.5897	10.2239
91967	17.6183	10.2405
91967	17.647	10.2572
91967	17.6756	10.2738
91967	17.7042	10.2905
91967	17.7329	10.3072
91967	17.7615	10.3238
91967	17.7902	10.3405
91967	17.8188	10.3572
91967	17.8475	10.3738
91967	17.8761	10.3905
91967	17.9048	10.4072
91967	17.9334	10.4238
91967	17.9621	10.4405
91967	17.9907	10.4571
91967	18.0194	10.4738
91967	18.048	10.4905
91967	18.0767	10.5071
91967	18.1053	10.5238
91967	18.134	10.5405
91967	18.1626	10.5571
91967	18.1913	10.5738
91967	18.2199	10.5904
91967	18.2485	10.6071
91967	18.2772	10.6238
91967	18.3058	10.6404
91967	18.3345	10.6571
91967	18.3631	10.6738
91967	18.3918	10.6904
91967	18.4204	10.7071
91967	18.4491	10.7237
91967	18.4777	10.7404
91967	18.5064	10.7571
91967	18.535	10.7737
91967	18.5637	10.7904
91967	18.5923	10.8071
91967	18.621	10.8237
91967	18.6496	10.8404
91967	18.6783	10.857
91967	18.7069	10.8737
91967	18.7356	10.8904
91967	18.7642	10.907
91967	18.7929	10.9237
91967	18.8215	10.9404
91967	18.8501	10.957
91967	18.8788	10.9737
91967	18.9074	10.9903
91967	18.9361	11.007
91967	18.9647	11.0237
91967	18.9934	11.0403
91967	19.022	11.057
91967	19.0507	11.0737
91967	19.0793	11.0903
91967	19.108	11.107
91967	19.1366	11.1236
91967	19.1653	11.1403
91967	19.1939	11.157
91967	19.2226	11.1736
91967	19.2512	11.1903
91967	19.2799	11.207
91967	19.3085	11.2236
91967	19.3372	11.2403
91967	19.3658	11.2569
91967	19.3944	11.2736
91967	19.4231	11.2903
91967	19.4517	11.3069
91967	19.4804	11.3236
91967	19.509	11.3403
91967	19.5377	11.3569
91967	19.5663	11.3736
91967	19.595	11.3902
91967	19.6236	11.4069
91967	19.6523	11.4236
91967	19.6809	11.4402
91967	19.7096	11.4569
91967	19.7382	11.4736
91967	19.7669	11.4902
91967	19.7955	11.5069
91967	19.8242	11.5235
91967	19.8528	11.5402
91967	19.8815	11.5569
91967	19.9101	11.5735
91967	19.9387	11.5902
91967	19.9674	11.6069
91967	19.996	11.6235
91967	20.0247	11.6402
91967	20.0533	11.6568
91967	20.082	11.6735
91967	20.1106	11.6902
91967	20.1393	11.7068
91967	20.1679	11.7235
91967	20.1966	11.7402
91967	20.2252	11.7568
91967	20.2539	11.7735
91967	20.2825	11.7901
91967	20.3112	11.8068
91967	20.3398	11.8235
91967	20.3685	11.8401
91967	20.3971	11.8568
91967	20.4258	11.8735
91967	20.4544	11.8901
91967	20.4831	11.9068
91967	20.5117	11.9234
91967	20.5403	11.9401
91967	20.569	11.9568
91967	20.5976	11.9734
91967	20.6263	11.9901
91967	20.6549	12.0068
91967	20.6836	12.0234
91967	20.7122	12.0401
91967	20.7409	12.0567
91967	20.7695	12.0734
91967	20.7982	12.0901
91967	20.8268	12.1067
91967	20.8555	12.1234
91967	20.8841	12.1401
91967	20.9128	12.1567
91967	20.9414	12.1734
91967	20.9701	12.19
91967	20.9987	12.2067
91967	21.0274	12.2234
91967	21.056	12.24
91967	21.0846	12.2567
91967	21.1133	12.2734
91967	21.1419	12.29
91967	21.1706	12.3067
91967	21.1992	12.3233
91967	21.2279	12.34
91967	21.2565	12.3567
91967	21.2852	12.3733
91967	21.3138	12.39
91967	21.3425	12.4067
91967	21.3711	12.4233
91967	21.3998	12.44
91967	21.4284	12.4566
91967	21.4571	12.4733
91967	21.4857	12.49
91967	21.5144	12.5066
91967	21.543	12.5233
91967	21.5717	12.54
91967	21.6003	12.5566
91967	21.629	12.5733
91967	21.6576	12.59
91967	21.6862	12.6066
91967	21.7149	12.6233
91967	21.7435	12.6399
91967	21.7722	12.6566
91967	21.8008	12.6733
91967	21.8295	12.6899
91967	21.8581	12.7066
91967	21.8868	12.7233
91967	21.9154	12.7399
91967	21.9441	12.7566
91967	21.9727	12.7732
91967	22.0014	12.7899
91967	22.03	12.8066
91967	22.0587	12.8232
91967	22.0873	12.8399
91967	22.116	12.8566
91967	22.1446	12.8732
91967	22.1733	12.8899
91967	22.2019	12.9065
91967	22.2305	12.9232
91967	22.2592	12.9399
91967	22.2878	12.9565
91967	22.3165	12.9732
91967	22.3451	12.9899
91967	22.3738	13.0065
91967	22.4024	13.0232
91967	22.4311	13.0398
91967	22.4597	13.0565
91967	22.4884	13.0732
91967	22.517	13.0898
91967	22.5457	13.1065
91967	22.5743	13.1232
91967	22.603	13.1398
91967	22.6316	13.1565
91967	22.6603	13.1731
91967	22.6889	13.1898
91967	22.7176	13.2065
91967	22.7462	13.2231
91967	22.7749	13.2398
91967	22.8035	13.2565
91967	22.8321	13.2731
91967	22.8608	13.2898
91967	22.8894	13.3064
91967	22.9181	13.3231
91967	22.9467	13.3398
91967	22.9754	13.3564
91967	23.004	13.3731
91967	23.0327	13.3898
91967	23.0613	13.4064
91967	23.09	13.4231
91967	23.1186	13.4397
91967	23.1473	13.4564
91967	23.1759	13.4731
91967	23.2046	13.4897
91967	23.2332	13.5064
91967	23.2619	13.5231
91967	23.2905	13.5397
91967	23.3192	13.5564
91967	23.3478	13.573
91967	23.3764	13.5897
91967	23.4051	13.6064
91967	23.4337	13.623
91967	23.4624	13.6397
91967	23.491	13.6564
91967	23.5197	13.673
91967	23.5483	13.6897
91967	23.577	13.7063
91967	23.6056	13.723
91967	23.6343	13.7397
91967	23.6629	13.7563
91967	23.6916	13.773
91967	23.7202	13.7897
91967	23.7489	13.8063
91967	23.7775	13.823
91967	23.8062	13.8396
91967	23.8348	13.8563
91967	23.8635	13.873
91967	23.8921	13.8896
91967	23.9207	13.9063
91967	23.9494	13.923
91967	23.978	13.9396
91967	24.0067	13.9563
91967	24.0353	13.9729
91967	24.064	13.9896
91967	24.0926	14.0063
91967	24.1213	14.0229
91967	24.1499	14.0396
91967	24.1786	14.0563
91967	24.2072	14.0729
91967	24.2359	14.0896
91967	24.2645	14.1062
91967	24.2932	14.1229
91967	24.3218	14.1396
91967	24.3505	14.1562
91967	24.3791	14.1729
91967	24.4078	14.1896
91967	24.4364	14.2062
91967	24.4651	14.2229
91967	24.4937	14.2395
91967	24.5223	14.2562
91967	24.551	14.2729
91967	24.5796	14.2895
91967	24.6083	14.3062
91967	24.6369	14.3229
91967	24.6656	14.3395
91967	24.6942	14.3562
91967	24.7229	14.3728
91967	24.7515	14.3895
91967	24.7802	14.4062
91967	24.8088	14.4228
91967	24.8375	14.4395
91967	24.8661	14.4562
91967	24.8948	14.4728
91967	24.9234	14.4895
91967	24.9521	14.5061
91967	24.9807	14.5228
91967	25.0094	14.5395
91967	25.038	14.5561
91967	25.0666	14.5728
91967	25.0953	14.5895
91967	25.1239	14.6061
91967	25.1526	14.6228
91967	25.1812	14.6395
91967	25.2099	14.6561
91967	25.2385	14.6728
91967	25.2672	14.6894
91967	25.2958	14.7061
91967	25.3245	14.7228
91967	25.3531	14.7394
91967	25.3818	14.7561
91967	25.4104	14.7728
91967	25.4391	14.7894
91967	25.4677	14.8061
91967	25.4964	14.8227
91967	25.525	14.8394
91967	25.5537	14.8561
91967	25.5823	14.8727
91967	25.611	14.8894
91967	25.6396	14.9061
91967	25.6682	14.9227
91967	25.6969	14.9394
91967	25.7255	14.956
91967	25.7542	14.9727
91967	25.7828	14.9894
91967	25.8115	15.006
91967	25.8401	15.0227
91967	25.8688	15.0394
91967	25.8974	15.056
91967	25.9261	15.0727
91967	25.9547	15.0893
91967	25.9834	15.106
91967	26.012	15.1227
91967	26.0407	15.1393
91967	26.0693	15.156
91967	26.098	15.1727
91967	26.1266	15.1893
91967	26.1553	15.206
91967	26.1839	15.2226
91967	26.2125	15.2393
91967	26.2412	15.256
91967	26.2698	15.2726
91967	26.2985	15.2893
91967	26.3271	15.306
91967	26.3558	15.3226
91967	26.3844	15.3393
91967	26.4131	15.3559
91967	26.4417	15.3726
91967	26.4704	15.3893
91967	26.499	15.4059
91967	26.5277	15.4226
91967	26.5563	15.4393
91967	26.585	15.4559
91967	26.6136	15.4726
91967	26.6423	15.4892
91967	26.6709	15.5059
91967	26.6996	15.5226
91967	26.7282	15.5392
91967	26.7568	15.5559
91967	26.7855	15.5726
91967	26.8141	15.5892
91967	26.8428	15.6059
91967	26.8714	15.6225
91967	26.9001	15.6392
91967	26.9287	15.6559
91967	26.9574	15.6725
91967	26.986	15.6892
91967	27.0147	15.7059
91967	27.0433	15.7225
91967	27.072	15.7392
91967	27.1006	15.7558
91967	27.1293	15.7725
91967	27.1579	15.7892
91967	27.1866	15.8058
91967	27.2152	15.8225
91967	27.2439	15.8392
91967	27.2725	15.8558
91967	27.3012	15.8725
91967	27.3298	15.8891
91967	27.3584	15.9058
91967	27.3871	15.9225
91967	27.4157	15.9391
91967	27.4444	15.9558
91967	27.473	15.9725
91967	27.5017	15.9891
91967	27.5303	16.0058
91967	27.559	16.0224
91967	27.5876	16.0391
91967	27.6163	16.0558
91967	27.6449	16.0724
91967	27.6736	16.0891
91967	27.7022	16.1058
91967	27.7309	16.1224
91967	27.7595	16.1391
91967	27.7882	16.1557
91967	27.8168	16.1724
91967	27.8455	16.1891
91967	27.8741	16.2057
91967	27.9028	16.2224
91967	27.9314	16.2391
91967	27.96	16.2557
91967	27.9887	16.2724
91967	28.0173	16.289
91967	28.046	16.3057
91967	28.0746	16.3224
91967	28.1033	16.339
91967	28.1319	16.3557
91967	28.1606	16.3724
91967	28.1892	16.389
91967	28.2179	16.4057
91967	28.2465	16.4223
91967	28.2752	16.439
91967	28.3038	16.4557
91967	28.3325	16.4723
91967	28.3611	16.489
91967	28.3898	16.5057
91967	28.4184	16.5223
91967	28.4471	16.539
91967	28.4757	16.5556
91967	28.5043	16.5723
91967	28.533	16.589
91967	28.5616	16.6056
91967	28.5903	16.6223
91967	28.6189	16.639
91967	28.6476	16.6556
91967	28.6762	16.6723
91967	28.7049	16.6889
91967	28.7335	16.7056
91967	28.7622	16.7223
91967	28.7908	16.7389
91967	28.8195	16.7556
91967	28.8481	16.7723
91967	28.8768	16.7889
91967	28.9054	16.8056
91967	28.9341	16.8223
91967	28.9627	16.8389
91967	28.9914	16.8556
91967	29.02	16.8722
91967	29.0487	16.8889
91967	29.0773	16.9056
91967	29.106	16.9222
91967	29.1346	16.9389
91967	29.1633	16.9556
91967	29.1919	16.9722
91967	29.2206	16.9889
91967	29.2492	17.0055
91967	29.2779	17.0222
91967	29.3065	17.0389
91967	29.3352	17.0555
91967	29.3638	17.0722
91967	29.3925	17.0889
91967	29.4211	17.1055
91967	29.4498	17.1222
91967	29.4784	17.1388
91967	29.5071	17.1555
91967	29.5357	17.1722
91967	29.5644	17.1888
91967	29.593	17.2055
91967	29.6217	17.2222
91967	29.6503	17.2388
91967	29.679	17.2555
91967	29.7076	17.2721
91967	29.7363	17.2888
91967	29.7649	17.3055
91967	29.7936	17.3221
91967	29.8222	17.3388
91967	29.8508	17.3555
91967	29.8795	17.3721
91967	29.9081	17.3888
91967	29.9368	17.4054
91967	29.9654	17.4221
91967	29.9941	17.4388
91967	30.0227	17.4554
91967	30.0514	17.4721
91967	30.08	17.4888
91967	30.1087	17.5054
91967	30.1373	17.5221
91967	30.166	17.5387
91967	30.1946	17.5554
91967	30.2233	17.5721
91967	30.2519	17.5887
91967	30.2806	17.6054
91967	30.3092	17.6221
91967	30.3379	17.6387
91967	30.3665	17.6554
91967	30.3952	17.672
91967	30.4238	17.6887
91967	30.4525	17.7054
91967	30.4811	17.722
91967	30.5098	17.7387
91967	30.5384	17.7554
91967	30.5671	17.772
91967	30.5957	17.7887
91967	30.6244	17.8053
91967	30.653	17.822
91967	30.6817	17.8387
91967	30.7103	17.8553
91967	30.739	17.872
91967	30.7676	17.8887
91967	30.7963	17.9053
91967	30.8249	17.922
91967	30.8536	17.9386
91967	30.8822	17.9553
91967	30.9109	17.972
91967	30.9395	17.9886
91967	30.9682	18.0053
91967	30.9968	18.022
91967	31.0255	18.0386
91967	31.0541	18.0553
91967	31.0828	18.0719
91967	31.1114	18.0886
91967	31.1401	18.1053
91967	31.1687	18.1219
91967	31.1974	18.1386
91967	31.226	18.1553
91967	31.2547	18.1719
91967	31.2833	18.1886
91967	31.312	18.2052
91967	31.3406	18.2219
91967	31.3693	18.2386
91967	31.3979	18.2552
91967	31.4266	18.2719
91967	31.4552	18.2886
91967	31.4839	18.3052
91967	31.5125	18.3219
91967	31.5412	18.3385
91967	31.5698	18.3552
91967	31.5984	18.3719
91967	31.6271	18.3885
91967	31.6557	18.4052
91967	31.6844	18.4219
91967	31.713	18.4385
91967	31.7417	18.4552
91967	31.7703	18.4718
91967	31.799	18.4885
91967	31.8276	18.5052
91967	31.8563	18.5218
91967	31.8849	18.5385
91967	31.9136	18.5552
91967	31.9422	18.5718
91967	31.9709	18.5885
91967	31.9995	18.6051
91967	32.0282	18.6218
91967	32.0568	18.6385
91967	32.0855	18.6551
91967	32.1141	18.6718
91967	32.1428	18.6885
91967	32.1714	18.7051
91967	32.2001	18.7218
91967	32.2287	18.7384
91967	32.2574	18.7551
91967	32.286	18.7718
91967	32.3147	18.7884
91967	32.3433	18.8051
91967	32.372	18.8218
91967	32.4006	18.8384
91967	32.4293	18.8551
91967	32.4579	18.8717
91967	32.4866	18.8884
91967	32.5152	18.9051
91967	32.5439	18.9217
91967	32.5725	18.9384
91967	32.6012	18.9551
91967	32.6298	18.9717
91967	32.6585	18.9884
91967	32.6871	19.0051
91967	32.7158	19.0217
91967	32.7444	19.0384
91967	32.7731	19.055
91967	32.8017	19.0717
91967	32.8304	19.0884
91967	32.859	19.105
91967	32.8877	19.1217
91967	32.9163	19.1384
91967	32.945	19.155
91967	32.9736	19.1717
91967	33.0023	19.1883
91967	33.0309	19.205
91967	33.0596	19.2217
91967	33.0882	19.2383
91967	33.1169	19.255
91967	33.1455	19.2717
91967	33.1742	19.2883
91967	33.2028	19.305
91967	33.2315	19.3216
91967	33.2601	19.3383
91967	33.2888	19.355
91967	33.3174	19.3716
91967	33.3461	19.3883
91967	33.3747	19.405
91967	33.4034	19.4216
91967	33.432	19.4383
91967	33.4606	19.4549
91967	33.4893	19.4716
91967	33.5179	19.4883
91967	33.5466	19.5049
91967	33.5752	19.5216
91967	33.6039	19.5383
91967	33.6325	19.5549
91967	33.6612	19.5716
91967	33.6898	19.5882
91967	33.7185	19.6049
91967	33.7471	19.6216
91967	33.7758	19.6382
91967	33.8044	19.6549
91967	33.8331	19.6716
91967	33.8617	19.6882
91967	33.8904	19.7049
91967	33.919	19.7215
91967	33.9477	19.7382
91967	33.9763	19.7549
91967	34.005	19.7715
91967	34.0336	19.7882
91967	34.0623	19.8049
91967	34.0909	19.8215
91967	34.1196	19.8382
91967	34.1482	19.8548
91967	34.1769	19.8715
91967	34.2055	19.8882
91967	34.2342	19.9048
91967	34.2628	19.9215
91967	34.2915	19.9382
91967	34.3201	19.9548
91967	34.3488	19.9715
91967	34.3774	19.9881
91967	34.4061	20.0048
91967	34.4347	20.0215
91967	34.4634	20.0381
91967	34.492	20.0548
91967	34.5207	20.0715
91967	34.5493	20.0881
91967	34.578	20.1048
91967	34.6066	20.1214
91967	34.6353	20.1381
91967	34.6639	20.1548
91967	34.6926	20.1714
91967	34.7212	20.1881
91967	34.7499	20.2048
91967	34.7785	20.2214
91967	34.8072	20.2381
91967	34.8358	20.2547
91967	34.8645	20.2714
91967	34.8931	20.2881
91967	34.9218	20.3047
91967	34.9504	20.3214
91967	34.9791	20.3381
91967	35.0077	20.3547
91967	35.0364	20.3714
91967	35.065	20.388
91967	35.0937	20.4047
91967	35.1223	20.4214
91967	35.151	20.438
91967	35.1796	20.4547
91967	35.2082	20.4714
91967	35.2369	20.488
91967	35.2655	20.5047
91967	35.2942	20.5213
91967	35.3228	20.538
91967	35.3515	20.5547
91967	35.3801	20.5713
91967	35.4088	20.588
91967	35.4374	20.6047
91967	35.4661	20.6213
91967	35.4947	20.638
91967	35.5234	20.6546
91967	35.552	20.6713
91967	35.5807	20.688
91967	35.6093	20.7046
91967	35.638	20.7213
91967	35.6666	20.738
91967	35.6953	20.7546
91967	35.7239	20.7713
91967	35.7526	20.7879
91967	35.7812	20.8046
91967	35.8099	20.8213
91967	35.8385	20.8379
91967	35.8672	20.8546
91967	35.8958	20.8713
91967	35.9245	20.8879
91967	35.9531	20.9046
91967	35.9818	20.9212
91967	36.0104	20.9379
91967	36.0391	20.9546
91967	36.0677	20.9712
91967	36.0964	20.9879
91967	36.125	21.0046
91967	36.1537	21.0212
91967	36.1823	21.0379
91967	36.211	21.0546
91967	36.2396	21.0712
91967	36.2683	21.0879
91967	36.2969	21.1045
91967	36.3256	21.1212
91967	36.3542	21.1379
91967	36.3829	21.1545
91967	36.4115	21.1712
91967	36.4402	21.1879
91967	36.4688	21.2045
91967	36.4975	21.2212
91967	36.5261	21.2378
91967	36.5548	21.2545
91967	36.5834	21.2712
91967	36.6121	21.2878
91967	36.6407	21.3045
91967	36.6694	21.3212
91967	36.698	21.3378
91967	36.7267	21.3545
91967	36.7553	21.3711
91967	36.784	21.3878
91967	36.8126	21.4045
91967	36.8413	21.4211
91967	36.8699	21.4378
91967	36.8985	21.4545
91967	36.9272	21.4711
91967	36.9558	21.4878
91967	36.9845	21.5044
91967	37.0131	21.5211
91967	37.0418	21.5378
91967	37.0704	21.5544
91967	37.0991	21.5711
91967	37.1277	21.5878
91967	37.1564	21.6044
91967	37.185	21.6211
91967	37.2137	21.6377
91967	37.2423	21.6544
91967	37.271	21.6711
91967	37.2996	21.6877
91967	37.3283	21.7044
91967	37.3569	21.7211
91967	37.3856	21.7377
91967	37.4142	21.7544
91967	37.4429	21.771
91967	37.4715	21.7877
91967	37.5002	21.8044
91967	37.5288	21.821
91967	37.5575	21.8377
91967	37.5861	21.8544
91967	37.6148	21.871
91967	37.6434	21.8877
91967	37.6721	21.9043
91967	37.7007	21.921
91967	37.7294	21.9377
91967	37.758	21.9543
91967	37.7867	21.971
91967	37.8153	21.9877
91967	37.844	22.0043
91967	37.8726	22.021
91967	37.9013	22.0376
91967	37.9299	22.0543
91967	37.9586	22.071
91967	37.9872	22.0876
91967	38.0159	22.1043
91967	38.0445	22.121
91967	38.0732	22.1376
91967	38.1018	22.1543
91967	38.1305	22.1709
91967	38.1591	22.1876
91967	38.1878	22.2043
91967	38.2164	22.2209
91967	38.2451	22.2376
91967	38.2737	22.2543
91967	38.3024	22.2709
91967	38.331	22.2876
91967	38.3597	22.3042
91967	38.3883	22.3209
91967	38.417	22.3376
91967	38.4456	22.3542
91967	38.4743	22.3709
91967	38.5029	22.3876
91967	38.5316	22.4042
91967	38.5602	22.4209
91967	38.5889	22.4375
91967	38.6175	22.4542
91967	38.6461	22.4709
91967	38.6748	22.4875
91967	38.7034	22.5042
91967	38.7321	22.5209
91967	38.7607	22.5375
91967	38.7894	22.5542
91967	38.818	22.5708
91967	38.8467	22.5875
91967	38.8753	22.6042
91967	38.904	22.6208
91967	38.9326	22.6375
91967	38.9613	22.6542
91967	38.9899	22.6708
91967	39.0186	22.6875
91967	39.0472	22.7041
91967	39.0759	22.7208
91967	39.1045	22.7375
91967	39.1332	22.7541
91967	39.1618	22.7708
91967	39.1905	22.7875
91967	39.2191	22.8041
91967	39.2478	22.8208
91967	39.2764	22.8374
91967	39.3051	22.8541
91967	39.3337	22.8708
91967	39.3624	22.8874
91967	39.391	22.9041
91967	39.4197	22.9208
91967	39.4483	22.9374
91967	39.477	22.9541
91967	39.5056	22.9707
91967	39.5343	22.9874
91967	39.5629	23.0041
91967	39.5916	23.0207
91967	39.6202	23.0374
91967	39.6489	23.0541
91967	39.6775	23.0707
91967	39.7062	23.0874
91967	39.7348	23.104
91967	39.7635	23.1207
91967	39.7921	23.1374
91967	39.8208	23.154
91967	39.8494	23.1707
91967	39.8781	23.1874
91967	39.9067	23.204
91967	39.9354	23.2207
91967	39.964	23.2374
91967	39.9927	23.254
91967	40.0213	23.2707
91967	40.05	23.2873
91967	40.0786	23.304
91967	40.1073	23.3207
91967	40.1359	23.3373
91967	40.1646	23.354
91967	40.1932	23.3707
91967	40.2219	23.3873
91967	40.2505	23.404
91967	40.2792	23.4206
91966	40.3078	23.4373
91966	40.3365	23.454
91966	40.3651	23.4706
91966	40.3937	23.4873
91966	40.4224	23.504
91966	40.451	23.5206
91966	40.4797	23.5373
91966	40.5083	23.5539
91966	40.537	23.5706
91966	40.5656	23.5873
91966	40.5943	23.6039
91966	40.6229	23.6206
91966	40.6516	23.6373
91966	40.6802	23.6539
91966	40.7089	23.6706
91966	40.7375	23.6872
91966	40.7662	23.7039
91966	40.7948	23.7206
91966	40.8235	23.7372
91966	40.8521	23.7539
91966	40.8808	23.7706
91966	40.9094	23.7872
91966	40.9381	23.8039
91966	40.9667	23.8205
91966	40.9954	23.8372
91966	41.024	23.8539
91966	41.0527	23.8705
91966	41.0813	23.8872
91966	41.11	23.9039
91965	41.1386	23.9205
91965	41.1673	23.9372
91965	41.1959	23.9538
91965	41.2246	23.9705
91965	41.2532	23.9872
91965	41.2819	24.0038
91965	41.3105	24.0205
91965	41.3392	24.0372
91965	41.3678	24.0538
91965	41.3965	24.0705
91965	41.4251	24.0871
91965	41.4538	24.1038
91965	41.4824	24.1205
91965	41.5111	24.1371
91965	41.5397	24.1538
91965	41.5684	24.1705
91965	41.597	24.1871
91965	41.6257	24.2038
91965	41.6543	24.2204
91965	41.683	24.2371
91965	41.7116	24.2538
91965	41.7403	24.2704
91965	41.7689	24.2871
91965	41.7976	24.3038
91965	41.8262	24.3204
91965	41.8549	24.3371
91965	41.8835	24.3537
91965	41.9122	24.3704
91965	41.9408	24.3871
91965	41.9408	24.4037
91965	41.9408	24.4204
91965	41.9408	24.4371
91965	41.9408	24.4537
91965	41.9408	24.4704
91965	41.9408	24.487
91965	41.9408	24.5037
91965	41.9408	24.5204
91965	41.9408	24.537
91965	41.9408	24.5537
91965	41.9408	24.5704
91965	41.9408	24.587
91965	41.9408	24.6037
91965	41.9408	24.6203
91965	41.9408	24.637
91965	41.9408	24.6537
91965	41.9408	24.6703
91965	41.9408	24.687
91965	41.9408	24.7037
91965	41.9408	24.7203
91965	41.9408	24.737
91965	41.9408	24.7536
91965	41.9408	24.7703
91965	41.9408	24.787
91965	41.9408	24.8036
91965	41.9408	24.8203
91965	41.9408	24.837
91965	41.9408	24.8536
91965	41.9408	24.8703
91965	41.9408	24.8869
91965	41.9408	24.9036
91965	41.9408	24.9203
91965	41.9408	24.9369
91965	41.9408	24.9536
91965	41.9408	24.9703
91965	41.9408	24.9869
91965	41.9408	25.0036
91965	41.9122	25.0202
91965	41.8835	25.0369
91965	41.8549	25.0536
91965	41.8262	25.0702
91965	41.7976	25.0869
91965	41.7689	25.1036
91965	41.7403	25.1202
91965	41.7116	25.1369
91965	41.683	25.1535
91965	41.6543	25.1702
91965	41.6257	25.1869
91965	41.597	25.2035
91965	41.5684	25.2202
91965	41.5397	25.2369
91965	41.5111	25.2535
91965	41.4824	25.2702
91965	41.4538	25.2868
91965	41.4251	25.3035
91965	41.3965	25.3202
91965	41.3678	25.3368
91965	41.3392	25.3535
91965	41.3105	25.3702
91965	41.2819	25.3868
91965	41.2532	25.4035
91965	41.2246	25.4202
91965	41.1959	25.4368
91965	41.1673	25.4535
91965	41.1386	25.4701
91965	41.11	25.4868
91965	41.0813	25.5035
91965	41.0527	25.5201
91965	41.024	25.5368
91965	40.9954	25.5535
91965	40.9667	25.5701
91965	40.9381	25.5868
91965	40.9094	25.6034
91965	40.8808	25.6201
91965	40.8521	25.6368
91965	40.8235	25.6534
91965	40.7948	25.6701
91965	40.7662	25.6868
91965	40.7375	25.7034
91965	40.7089	25.7201
91965	40.6802	25.7367
91965	40.6516	25.7534
91965	40.6229	25.7701
91965	40.5943	25.7867
91965	40.5656	25.8034
91965	40.537	25.8201
91965	40.5083	25.8367
91965	40.4797	25.8534
91965	40.451	25.87
91965	40.4224	25.8867
91965	40.3937	25.9034
91965	40.3651	25.92
91965	40.3365	25.9367
91965	40.3078	25.9534
91965	40.2792	25.97
91965	40.2505	25.9867
91965	40.2219	26.0033
91965	40.1932	26.02
91965	40.1646	26.0367
91965	40.1359	26.0533
91965	40.1073	26.07
91965	40.0786	26.0867
91965	40.05	26.1033
91965	40.0213	26.12
91965	39.9927	26.1366
91965	39.964	26.1533
91965	39.9354	26.17
91965	39.9067	26.1866
91965	39.8781	26.2033
91965	39.8494	26.22
91965	39.8208	26.2366
91965	39.7921	26.2533
91965	39.7635	26.2699
91965	39.7348	26.2866
91965	39.7062	26.3033
91965	39.6775	26.3199
91965	39.6489	26.3366
91965	39.6202	26.3533
91965	39.5916	26.3699
91965	39.5629	26.3866
91965	39.5343	26.4032
91965	39.5056	26.4199
91965	39.477	26.4366
91965	39.4483	26.4532
91965	39.4197	26.4699
91965	39.391	26.4866
91965	39.3624	26.5032
91965	39.3337	26.5199
91965	39.3051	26.5365
91965	39.2764	26.5532
91965	39.2478	26.5699
91965	39.2191	26.5865
91965	39.1905	26.6032
91965	39.1618	26.6199
91965	39.1332	26.6365
91965	39.1045	26.6532
91965	39.0759	26.6698
91965	39.0472	26.6865
91965	39.0186	26.7032
91965	38.9899	26.7198
91965	38.9613	26.7365
91965	38.9326	26.7532
91965	38.904	26.7698
91965	38.8753	26.7865
91965	38.8467	26.8031
91965	38.818	26.8198
91965	38.7894	26.8365
91965	38.7607	26.8531
91965	38.7321	26.8698
91965	38.7034	26.8865
91965	38.6748	26.9031
91965	38.6461	26.9198
91965	38.6175	26.9364
91965	38.5889	26.9531
91965	38.5602	26.9698
91965	38.5316	26.9864
91964	38.5029	27.0031
91964	38.4743	27.0198
91964	38.4456	27.0364
91964	38.417	27.0531
91964	38.3883	27.0697
91964	38.3597	27.0864
91964	38.331	27.1031
91964	38.3024	27.1197
91964	38.2737	27.1364
91964	38.2451	27.1531
91964	38.2164	27.1697
91964	38.1878	27.1864
91964	38.1591	27.203
91964	38.1305	27.2197
91964	38.1018	27.2364
91964	38.0732	27.253
91964	38.0445	27.2697
91964	38.0159	27.2864
91964	37.9872	27.303
91964	37.9586	27.3197
91964	37.9299	27.3363
91964	37.9013	27.353
91964	37.8726	27.3697
91964	37.844	27.3863
91964	37.8153	27.403
91964	37.7867	27.4197
91964	37.758	27.4363
91964	37.7294	27.453
91964	37.7007	27.4697
91964	37.6721	27.4863
91964	37.6434	27.503
91964	37.6148	27.5196
91964	37.5861	27.5363
91964	37.5575	27.553
91964	37.5288	27.5696
91964	37.5002	27.5863
91964	37.4715	27.603
91964	37.4429	27.6196
91964	37.4142	27.6363
91964	37.3856	27.6529
91964	37.3569	27.6696
91964	37.3283	27.6863
91964	37.2996	27.7029
91964	37.271	27.7196
91964	37.2423	27.7363
91964	37.2137	27.7529
91964	37.185	27.7696
91964	37.1564	27.7862
91964	37.1277	27.8029
91964	37.0991	27.8196
91964	37.0704	27.8362
91964	37.0418	27.8529
91964	37.0131	27.8696
91964	36.9845	27.8862
91964	36.9558	27.9029
91964	36.9272	27.9195
91964	36.8985	27.9362
91964	36.8699	27.9529
91964	36.8413	27.9695
91964	36.8126	27.9862
91964	36.784	28.0029
91964	36.7553	28.0195
91964	36.7267	28.0362
91964	36.698	28.0528
91964	36.6694	28.0695
91964	36.6407	28.0862
91964	36.6121	28.1028
91964	36.5834	28.1195
91964	36.5548	28.1362
91964	36.5261	28.1528
91964	36.4975	28.1695
91964	36.4688	28.1861
91964	36.4402	28.2028
91964	36.4115	28.2195
91964	36.3829	28.2361
91964	36.3542	28.2528
91964	36.3256	28.2695
91964	36.2969	28.2861
91964	36.2683	28.3028
91964	36.2396	28.3194
91964	36.211	28.3361
91964	36.1823	28.3528
91964	36.1537	28.3694
91964	36.125	28.3861
91964	36.0964	28.4028
91964	36.0677	28.4194
91964	36.0391	28.4361
91964	36.0104	28.4527
91964	35.9818	28.4694
91964	35.9531	28.4861
91964	35.9245	28.5027
91964	35.8958	28.5194
91964	35.8672	28.5361
91964	35.8385	28.5527
91964	35.8099	28.5694
91964	35.7812	28.586
91964	35.7526	28.6027
91964	35.7239	28.6194
91964	35.6953	28.636
91964	35.6666	28.6527
91964	35.638	28.6694
91964	35.6093	28.686
91963	35.5807	28.7027
91963	35.552	28.7193
91963	35.5234	28.736
91963	35.4947	28.7527
91963	35.4661	28.7693
91963	35.4374	28.786
91963	35.4088	28.8027
91963	35.3801	28.8193
91963	35.3515	28.836
91963	35.3228	28.8526
91963	35.2942	28.8693
91963	35.2655	28.886
91963	35.2369	28.9026
91963	35.2082	28.9193
91963	35.1796	28.936
91963	35.151	28.9526
91963	35.1223	28.9693
91963	35.0937	28.9859
91963	35.065	29.0026
91963	35.0364	29.0193
91963	35.0077	29.0359
91963	34.9791	29.0526
91963	34.9504	29.0693
91963	34.9218	29.0859
91963	34.8931	29.1026
91963	34.8645	29.1192
91963	34.8358	29.1359
91963	34.8072	29.1526
91963	34.7785	29.1692
91963	34.7499	29.1859
91963	34.7212	29.2026
91963	34.6926	29.2192
91963	34.6639	29.2359
91963	34.6353	29.2525
91963	34.6066	29.2692
91963	34.578	29.2859
91963	34.5493	29.3025
91963	34.5207	29.3192
91963	34.492	29.3359
91963	34.4634	29.3525
91963	34.4347	29.3692
91963	34.4061	29.3858
91962	34.3774	29.4025
91962	34.3488	29.4192
91962	34.3201	29.4358
91962	34.2915	29.4525
91962	34.2628	29.4692
91962	34.2342	29.4858
91962	34.2055	29.5025
91962	34.1769	29.5191
91962	34.1482	29.5358
91962	34.1196	29.5525
91962	34.0909	29.5691
91962	34.0623	29.5858
91962	34.0336	29.6025
91962	34.005	29.6191
91962	33.9763	29.6358
91962	33.9477	29.6525
91962	33.919	29.6691
91962	33.8904	29.6858
91962	33.8617	29.7024
91962	33.8331	29.7191
91962	33.8044	29.7358
91962	33.7758	29.7524
91962	33.7471	29.7691
91962	33.7185	29.7858
91962	33.6898	29.8024
91962	33.6612	29.8191
91962	33.6325	29.8357
91962	33.6039	29.8524
91962	33.5752	29.8691
91962	33.5466	29.8857
91962	33.5179	29.9024
91962	33.4893	29.9191
91962	33.4606	29.9357
91962	33.432	29.9524
91962	33.4034	29.969
91962	33.3747	29.9857
91962	33.3461	30.0024
91962	33.3174	30.019
91962	33.2888	30.0357
91962	33.2601	30.0524
91962	33.2315	30.069
91962	33.2028	30.0857
91962	33.1742	30.1023
91962	33.1455	30.119
91962	33.1169	30.1357
91962	33.0882	30.1523
91962	33.0596	30.169
91962	33.0309	30.1857
91962	33.0023	30.2023
91962	32.9736	30.219
91962	32.945	30.2356
91962	32.9163	30.2523
91962	32.8877	30.269
91962	32.859	30.2856
91962	32.8304	30.3023
91962	32.8017	30.319
91962	32.7731	30.3356
91962	32.7444	30.3523
91962	32.7158	30.3689
91962	32.6871	30.3856
91962	32.6585	30.4023
91962	32.6298	30.4189
91962	32.6012	30.4356
91962	32.5725	30.4523
91962	32.5439	30.4689
91962	32.5152	30.4856
91962	32.4866	30.5022
91962	32.4579	30.5189
91962	32.4293	30.5356
91962	32.4006	30.5522
91962	32.372	30.5689
91962	32.3433	30.5856
91962	32.3147	30.6022
91962	32.286	30.6189
91962	32.2574	30.6355
91962	32.2287	30.6522
91962	32.2001	30.6689
91962	32.1714	30.6855
91962	32.1428	30.7022
91962	32.1141	30.7189
91962	32.0855	30.7355
91962	32.0568	30.7522
91962	32.0282	30.7688
91962	31.9995	30.7855
91962	31.9709	30.8022
91962	31.9422	30.8188
91962	31.9136	30.8355
91962	31.8849	30.8522
91962	31.8563	30.8688
91962	31.8276	30.8855
91962	31.799	30.9021
91962	31.7703	30.9188
91962	31.7417	30.9355
91962	31.713	30.9521
91962	31.6844	30.9688
91962	31.6557	30.9855
91962	31.6271	31.0021
91962	31.5984	31.0188
91962	31.5698	31.0354
91962	31.5412	31.0521
91962	31.5125	31.0688
91962	31.4839	31.0854
91962	31.4552	31.1021
91962	31.4266	31.1188
91962	31.3979	31.1354
91962	31.3693	31.1521
91962	31.3406	31.1687
91962	31.312	31.1854
91962	31.2833	31.2021
91962	31.2547	31.2187
91962	31.226	31.2354
91962	31.1974	31.2521
91962	31.1687	31.2687
91962	31.1401	31.2854
91962	31.1114	31.302
91962	31.0828	31.3187
91962	31.0541	31.3354
91962	31.0255	31.352
91962	30.9968	31.3687
91962	30.9682	31.3854
91962	30.9395	31.402
91962	30.9109	31.4187
91962	30.8822	31.4353
91962	30.8536	31.452
91962	30.8249	31.4687
91962	30.7963	31.4853
91962	30.7676	31.502
91962	30.739	31.5187
91962	30.7103	31.5353
91962	30.6817	31.552
91962	30.653	31.5686
91962	30.6244	31.5853
91962	30.5957	31.602
91962	30.5671	31.6186
91962	30.5384	31.6353
91962	30.5098	31.652
91962	30.4811	31.6686
91962	30.4525	31.6853
91962	30.4238	31.702
91961	30.3952	31.7186
91960	30.3665	31.7353
91960	30.3379	31.7519
91960	30.3092	31.7686
91960	30.2806	31.7853
91960	30.2519	31.8019
91960	30.2233	31.8186
91960	30.1946	31.8353
91960	30.166	31.8519
91960	30.1373	31.8686
91960	30.1087	31.8852
91960	30.08	31.9019
91960	30.0514	31.9186
91960	30.0227	31.9352
91960	29.9941	31.9519
91960	29.9654	31.9686
91960	29.9368	31.9852
91960	29.9081	32.0019
91960	29.8795	32.0185
91960	29.8508	32.0352
91960	29.8222	32.0519
91960	29.7936	32.0685
91960	29.7649	32.0852
91960	29.7363	32.1019
91960	29.7076	32.1185
91960	29.679	32.1352
91960	29.6503	32.1518
91960	29.6217	32.1685
91960	29.593	32.1852
91960	29.5644	32.2018
91960	29.5357	32.2185
91960	29.5071	32.2352
91960	29.4784	32.2518
91960	29.4498	32.2685
91960	29.4211	32.2851
91960	29.3925	32.3018
91960	29.3638	32.3185
91960	29.3352	32.3351
91960	29.3065	32.3518
91960	29.2779	32.3685
91960	29.2492	32.3851
91960	29.2206	32.4018
91960	29.1919	32.4184
91960	29.1633	32.4351
91960	29.1346	32.4518
91960	29.106	32.4684
91960	29.0773	32.4851
91960	29.0487	32.5018
91960	29.02	32.5184
91960	28.9914	32.5351
91960	28.9627	32.5517
91960	28.9341	32.5684
91960	28.9054	32.5851
91960	28.8768	32.6017
91960	28.8481	32.6184
91960	28.8195	32.6351
91960	28.7908	32.6517
91960	28.7622	32.6684
91960	28.7335	32.685
91960	28.7049	32.7017
91960	28.6762	32.7184
91960	28.6476	32.735
91960	28.6189	32.7517
91960	28.5903	32.7684
91960	28.5616	32.785
91960	28.533	32.8017
91960	28.5043	32.8183
91960	28.4757	32.835
91960	28.4471	32.8517
91960	28.4184	32.8683
91960	28.3898	32.885
91960	28.3611	32.9017
91960	28.3325	32.9183
91960	28.3038	32.935
91960	28.2752	32.9516
91960	28.2465	32.9683
91960	28.2179	32.985
91960	28.1892	33.0016
91960	28.1606	33.0183
91960	28.1319	33.035
91960	28.1033	33.0516
91960	28.0746	33.0683
91960	28.046	33.0849
91960	28.0173	33.1016
91960	27.9887	33.1183
91960	27.96	33.1349
91960	27.9314	33.1516
91960	27.9028	33.1683
91960	27.8741	33.1849
91960	27.8455	33.2016
91960	27.8168	33.2182
91960	27.7882	33.2349
91960	27.7595	33.2516
91960	27.7309	33.2682
91960	27.7022	33.2849
91960	27.6736	33.3016
91960	27.6449	33.3182
91960	27.6163	33.3349
91960	27.5876	33.3515
91960	27.559	33.3682
91960	27.5303	33.3849
91960	27.5017	33.4015
91960	27.473	33.4182
91960	27.4444	33.4349
91960	27.4157	33.4515
91960	27.3871	33.4682
91960	27.3584	33.4848
91960	27.3298	33.5015
91960	27.3012	33.5182
91960	27.2725	33.5348
91960	27.2439	33.5515
91960	27.2152	33.5682
91960	27.1866	33.5848
91960	27.1579	33.6015
91960	27.1293	33.6181
91960	27.1006	33.6348
91960	27.072	33.6515
91960	27.0433	33.6681
91960	27.0147	33.6848
91960	26.986	33.7015
91960	26.9574	33.7181
91960	26.9287	33.7348
91960	26.9001	33.7514
91960	26.8714	33.7681
91960	26.8428	33.7848
91960	26.8141	33.8014
91960	26.7855	33.8181
91960	26.7569	33.8348
91960	26.7282	33.8514
91960	26.6996	33.8681
91960	26.6709	33.8848
91960	26.6423	33.9014
91960	26.6136	33.9181
91960	26.585	33.9347
91960	26.5563	33.9514
91960	26.5277	33.9681
91960	26.499	33.9847
91960	26.4704	34.0014
91960	26.4417	34.0181
91960	26.4131	34.0347
91960	26.3844	34.0514
91960	26.3558	34.068
91960	26.3271	34.0847
91960	26.2985	34.1014
91960	26.2698	34.118
91960	26.2412	34.1347
91960	26.2125	34.1514
91960	26.1839	34.168
91960	26.1553	34.1847
91960	26.1266	34.2013
91960	26.098	34.218
91960	26.0693	34.2347
91960	26.0407	34.2513
91960	26.012	34.268
91960	25.9834	34.2847
91960	25.9547	34.3013
91960	25.9261	34.318
91960	25.8974	34.3346
91960	25.8688	34.3513
91959	25.8401	34.368
91959	25.8115	34.3846
91959	25.7828	34.4013
91959	25.7542	34.418
91959	25.7255	34.4346
91959	25.6969	34.4513
91959	25.6682	34.4679
91959	25.6396	34.4846
91959	25.611	34.5013
91959	25.5823	34.5179
91959	25.5537	34.5346
91959	25.525	34.5513
91959	25.4964	34.5679
91959	25.4677	34.5846
91959	25.4391	34.6012
91959	25.4104	34.6179
91959	25.3818	34.6346
91959	25.3531	34.6512
91959	25.3245	34.6679
91959	25.2958	34.6846
91959	25.2672	34.7012
91959	25.2385	34.7179
91959	25.2099	34.7345
91959	25.1812	34.7512
91959	25.1526	34.7679
91959	25.1239	34.7845
91959	25.0953	34.8012
91959	25.0667	34.8179
91959	25.038	34.8345
91959	25.0094	34.8512
91959	24.9807	34.8678
91959	24.9521	34.8845
91959	24.9234	34.9012
91959	24.8948	34.9178
91959	24.8661	34.9345
91959	24.8375	34.9512
91959	24.8088	34.9678
91959	24.7802	34.9845
91959	24.7515	35.0011
91959	24.7229	35.0178
91959	24.6942	35.0345
91959	24.6656	35.0511
91959	24.6369	35.0678
91959	24.6083	35.0845
91959	24.5796	35.1011
91959	24.551	35.1178
91959	24.5223	35.1344
91959	24.4937	35.1511
91959	24.4651	35.1678
91959	24.4364	35.1844
91959	24.4078	35.2011
91959	24.3791	35.2178
91959	24.3505	35.2344
91959	24.3218	35.2511
91959	24.2932	35.2677
91959	24.2645	35.2844
91959	24.2359	35.3011
91959	24.2072	35.3177
91959	24.1786	35.3344
91959	24.1499	35.3511
91959	24.1213	35.3677
91959	24.0926	35.3844
91959	24.064	35.401
91959	24.0353	35.4177
91959	24.0067	35.4344
91959	23.978	35.451
91959	23.9494	35.4677
91959	23.9208	35.4844
91959	23.8921	35.501
91959	23.8635	35.5177
91959	23.8348	35.5343
91959	23.8062	35.551
91959	23.7775	35.5677
91959	23.7489	35.5843
91959	23.7202	35.601
91959	23.6916	35.6177
91959	23.6629	35.6343
91959	23.6343	35.651
91959	23.6056	35.6676
91959	23.577	35.6843
91959	23.5483	35.701
91959	23.5197	35.7176
91959	23.491	35.7343
91959	23.4624	35.751
91959	23.4337	35.7676
91959	23.4051	35.7843
91959	23.3764	35.8009
91959	23.3478	35.8176
91959	23.3192	35.8343
91959	23.2905	35.8509
91959	23.2619	35.8676
91959	23.2332	35.8843
91959	23.2046	35.9009
91959	23.1759	35.9176
91959	23.1473	35.9342
91959	23.1186	35.9509
91959	23.09	35.9676
91959	23.0613	35.9842
91959	23.0327	36.0009
91959	23.004	36.0176
91959	22.9754	36.0342
91959	22.9467	36.0509
91959	22.9181	36.0676
91959	22.8894	36.0842
91959	22.8608	36.1009
91959	22.8321	36.1175
91959	22.8035	36.1342
91959	22.7749	36.1509
91959	22.7462	36.1675
91959	22.7176	36.1842
91959	22.6889	36.2009
91959	22.6603	36.2175
91959	22.6316	36.2342
91959	22.603	36.2508
91959	22.5743	36.2675
91959	22.5457	36.2842
91959	22.517	36.3008
91959	22.4884	36.3175
91959	22.4597	36.3342
91959	22.4311	36.3508
91959	22.4024	36.3675
91959	22.3738	36.3841
91959	22.3451	36.4008
91959	22.3165	36.4175
91959	22.2878	36.4341
91959	22.2592	36.4508
91959	22.2305	36.4675
91959	22.2019	36.4841
91959	22.1733	36.5008
91959	22.1446	36.5174
91959	22.116	36.5341
91959	22.0873	36.5508
91959	22.0587	36.5674
91959	22.03	36.5841
91959	22.0014	36.6008
91959	21.9727	36.6174
91959	21.9441	36.6341
91959	21.9154	36.6507
91959	21.8868	36.6674
91959	21.8581	36.6841
91959	21.8295	36.7007
91959	21.8008	36.7174
91959	21.7722	36.7341
91959	21.7435	36.7507
91959	21.7149	36.7674
91959	21.6862	36.784
91959	21.6576	36.8007
91959	21.629	36.8174
91959	21.6003	36.834
91959	21.5717	36.8507
91959	21.543	36.8674
91959	21.5144	36.884
91959	21.4857	36.9007
91959	21.4571	36.9173
91959	21.4284	36.934
91959	21.3998	36.9507
91959	21.3711	36.9673
91959	21.3425	36.984
91959	21.3138	37.0007
91959	21.2852	37.0173
91959	21.2565	37.034
91959	21.2279	37.0506
91959	21.1992	37.0673
91959	21.1706	37.084
91959	21.1419	37.1006
91959	21.1133	37.1173
91959	21.0847	37.134
91959	21.056	37.1506
91959	21.0274	37.1673
91959	20.9987	37.1839
91959	20.9701	37.2006
91959	20.9414	37.2173
91959	20.9128	37.2339
91959	20.8841	37.2506
91959	20.8555	37.2673
91959	20.8268	37.2839
91959	20.7982	37.3006
91959	20.7695	37.3172
91959	20.7409	37.3339
91959	20.7122	37.3506
91959	20.6836	37.3672
91959	20.6549	37.3839
91959	20.6263	37.4006
91959	20.5976	37.4172
91959	20.569	37.4339
91959	20.5403	37.4505
91959	20.5117	37.4672
91959	20.4831	37.4839
91959	20.4544	37.5005
91959	20.4258	37.5172
91959	20.3971	37.5339
91959	20.3685	37.5505
91959	20.3398	37.5672
91959	20.3112	37.5838
91959	20.2825	37.6005
91959	20.2539	37.6172
91959	20.2252	37.6338
91959	20.1966	37.6505
91959	20.1679	37.6672
91959	20.1393	37.6838
91959	20.1106	37.7005
91959	20.082	37.7171
91959	20.0533	37.7338
91959	20.0247	37.7505
91959	19.996	37.7671
91959	19.9674	37.7838
91959	19.9388	37.8005
91959	19.9101	37.8171
91959	19.8815	37.8338
91959	19.8528	37.8504
91959	19.8242	37.8671
91959	19.7955	37.8838
91959	19.7669	37.9004
91959	19.7382	37.9171
91959	19.7096	37.9338
91959	19.6809	37.9504
91959	19.6523	37.9671
91959	19.6236	37.9837
91959	19.595	38.0004
91959	19.5663	38.0171
91959	19.5377	38.0337
91959	19.509	38.0504
91959	19.4804	38.0671
91959	19.4517	38.0837
91959	19.4231	38.1004
91959	19.3944	38.1171
91959	19.3658	38.1337
91959	19.3372	38.1504
91959	19.3085	38.167
91959	19.2799	38.1837
91959	19.2512	38.2004
91959	19.2226	38.217
91959	19.1939	38.2337
91959	19.1653	38.2504
91959	19.1366	38.267
91959	19.108	38.2837
91959	19.0793	38.3003
91959	19.0507	38.317
91959	19.022	38.3337
91959	18.9934	38.3503
91959	18.9647	38.367
91959	18.9361	38.3837
91959	18.9074	38.4003
91959	18.8788	38.417
91959	18.8501	38.4336
91959	18.8215	38.4503
91959	18.7929	38.467
91959	18.7642	38.4836
91959	18.7356	38.5003
91959	18.7069	38.517
91959	18.6783	38.5336
91959	18.6496	38.5503
91959	18.621	38.5669
91959	18.5923	38.5836
91959	18.5637	38.6003
91959	18.535	38.6169
91959	18.5064	38.6336
91959	18.4777	38.6503
91959	18.4491	38.6669
91959	18.4204	38.6836
91959	18.3918	38.7002
91959	18.3631	38.7169
91959	18.3345	38.7336
91959	18.3058	38.7502
91959	18.2772	38.7669
91959	18.2486	38.7836
91959	18.2199	38.8002
91959	18.1913	38.8169
91959	18.1626	38.8335
91959	18.134	38.8502
91959	18.1053	38.8669
91959	18.0767	38.8835
91959	18.048	38.9002
91959	18.0194	38.9169
91959	17.9907	38.9335
91959	17.9621	38.9502
91959	17.9334	38.9668
91959	17.9048	38.9835
91959	17.8761	39.0002
91959	17.8475	39.0168
91959	17.8188	39.0335
91959	17.7902	39.0502
91959	17.7615	39.0668
91959	17.7329	39.0835
91959	17.7042	39.1001
91959	17.6756	39.1168
91959	17.647	39.1335
91959	17.6183	39.1501
91959	17.5897	39.1668
91959	17.561	39.1835
91959	17.5324	39.2001
91959	17.5037	39.2168
91959	17.4751	39.2334
91959	17.4464	39.2501
91959	17.4178	39.2668
91959	17.3891	39.2834
91959	17.3605	39.3001
91959	17.3318	39.3168
91959	17.3032	39.3334
91959	17.2745	39.3501
91959	17.2459	39.3667
91959	17.2172	39.3834
91959	17.1886	39.4001
91959	17.1599	39.4167
91959	17.1313	39.4334
91959	17.1026	39.4501
91959	17.074	39.4667
91959	17.0454	39.4834
91959	17.0167	39.5
91959	16.9881	39.5167
91959	16.9594	39.5334
91959	16.9308	39.55
91959	16.9021	39.5667
91959	16.8735	39.5834
91959	16.8448	39.6
91959	16.8162	39.6167
91959	16.7875	39.6333
91959	16.7589	39.65
91959	16.7302	39.6667
91959	16.7016	39.6833
91959	16.6729	39.7
91959	16.6443	39.7167
91959	16.6156	39.7333
91959	16.587	39.75
91959	16.5583	39.7666
91959	16.5297	39.7833
91959	16.5011	39.8
91959	16.4724	39.8166
91959	16.4438	39.8333
91959	16.4151	39.85
91959	16.3865	39.8666
91959	16.3578	39.8833
91959	16.3292	39.8999
91959	16.3005	39.9166
91959	16.2719	39.9333
91959	16.2432	39.9499
91959	16.2146	39.9666
91959	16.1859	39.9833
91959	16.1573	39.9999
91959	16.1286	40.0166
91959	16.1	40.0332
91959	16.0713	40.0499
91959	16.0427	40.0666
91959	16.014	40.0832
91959	15.9854	40.0999
91959	15.9568	40.1166
91959	15.9281	40.1332
91959	15.8995	40.1499
91959	15.8708	40.1665
91959	15.8422	40.1832
91959	15.8135	40.1999
91959	15.7849	40.2165
91959	15.7562	40.2332
91959	15.7276	40.2499
91959	15.6989	40.2665
91959	15.6703	40.2832
91959	15.6416	40.2999
91959	15.613	40.3165
91959	15.5843	40.3332
91959	15.5557	40.3498
91959	15.527	40.3665
91959	15.4984	40.3832
91959	15.4697	40.3998
91959	15.4411	40.4165
91959	15.4124	40.4332
91959	15.3838	40.4498
91959	15.3552	40.4665
91959	15.3265	40.4831
91959	15.2979	40.4998
91959	15.2692	40.5165
91959	15.2406	40.5331
91959	15.2119	40.5498
91959	15.1833	40.5665
91959	15.1546	40.5831
91959	15.126	40.5998
91959	15.0973	40.6164
91959	15.0687	40.6331
91959	15.04	40.6498
91959	15.0114	40.6664
91959	14.9827	40.6831
91959	14.9541	40.6998
91959	14.9254	40.7164
91959	14.8968	40.7331
91959	14.8681	40.7497
91959	14.8395	40.7664
91959	14.8109	40.7831
91959	14.7822	40.7997
91959	14.7536	40.8164
91959	14.7249	40.8331
91959	14.6963	40.8497
91959	14.6676	40.8664
91959	14.639	40.883
91959	14.6103	40.8997
91959	14.5817	40.9164
91959	14.553	40.933
91959	14.5244	40.9497
91959	14.4957	40.9664
91959	14.4671	40.983
91959	14.4384	40.9997
91959	14.4098	41.0163
91959	14.3811	41.033
91959	14.3525	41.0497
91959	14.3238	41.0663
91959	14.2952	41.083
91959	14.2666	41.0997
91959	14.2379	41.1163
91959	14.2093	41.133
91959	14.1806	41.1496
91959	14.152	41.1663
91959	14.1233	41.183
91959	14.0947	41.1996
91959	14.066	41.2163
91959	14.0374	41.233
91959	14.0087	41.2496
91959	13.9801	41.2663
91959	13.9514	41.2829
91959	13.9228	41.2996
91959	13.8941	41.3163
91959	13.8655	41.3329
91959	13.8368	41.3496
91959	13.8082	41.3663
91959	13.7795	41.3829
91959	13.7509	41.3996
91959	13.7222	41.4162
91959	13.6936	41.4329
91959	13.665	41.4496
91959	13.6363	41.4662
91959	13.6077	41.4829
91959	13.579	41.4996
91959	13.5504	41.5162
91959	13.5217	41.5329
91959	13.4931	41.5495
91959	13.4644	41.5662
91959	13.4358	41.5829
91959	13.4071	41.5995
91959	13.3785	41.6162
91959	13.3498	41.6329
91959	13.3212	41.6495
91959	13.2925	41.6662
91959	13.2639	41.6828
91959	13.2352	41.6995
91959	13.2066	41.7162
91959	13.1779	41.7328
91959	13.1493	41.7495
91959	13.1207	41.7662
91959	13.092	41.7828
91959	13.0634	41.7995
91959	13.0347	41.8161
91959	13.0061	41.8328
91959	12.9774	41.8495
91959	12.9488	41.8661
91959	12.9201	41.8828
91959	12.8915	41.8995
91959	12.8628	41.9161
91959	12.8342	41.9328
91959	12.8055	41.9494
91959	12.7769	41.9661
91959	12.7482	41.9828
91959	12.7196	41.9994
91959	12.6909	42.0161
91959	12.6623	42.0328
91959	12.6336	42.0494
91959	12.605	42.0661
91959	12.5763	42.0827
91959	12.5477	42.0994
91959	12.5191	42.1161
91959	12.4904	42.1327
91959	12.4618	42.1494
91959	12.4331	42.1661
91959	12.4045	42.1827
91959	12.3758	42.1994
91959	12.3472	42.216
91959	12.3185	42.2327
91959	12.2899	42.2494
91959	12.2612	42.266
91959	12.2326	42.2827
91959	12.2039	42.2994
91959	12.1753	42.316
91959	12.1466	42.3327
91959	12.118	42.3493
91959	12.0893	42.366
91959	12.0607	42.3827
91959	12.032	42.3993
91959	12.0034	42.416
91959	11.9748	42.4327
91959	11.9461	42.4493
91959	11.9175	42.466
91959	11.8888	42.4827
91959	11.8602	42.4993
91959	11.8315	42.516
91959	11.8029	42.5326
91959	11.7742	42.5493
91959	11.7456	42.566
91959	11.7169	42.5826
91959	11.6883	42.5993
91959	11.6596	42.616
91959	11.631	42.6326
91959	11.6023	42.6493
91959	11.5737	42.6659
91959	11.545	42.6826
91959	11.5164	42.6993
91959	11.4877	42.7159
91959	11.4591	42.7326
91959	11.4304	42.7493
91959	11.4018	42.7659
91959	11.3732	42.7826
91959	11.3445	42.7992
91959	11.3159	42.8159
91959	11.2872	42.8326
91959	11.2586	42.8492
91959	11.2299	42.8659
91959	11.2013	42.8826
91959	11.1726	42.8992
91959	11.144	42.9159
91959	11.1153	42.9325
91959	11.0867	42.9492
91959	11.058	42.9659
91959	11.0294	42.9825
91959	11.0007	42.9992
91959	10.9721	43.0159
91959	10.9434	43.0325
91959	10.9148	43.0492
91959	10.8861	43.0658
91959	10.8575	43.0825
91959	10.8289	43.0992
91959	10.8002	43.1158
91959	10.7716	43.1325
91959	10.7429	43.1492
91959	10.7143	43.1658
91959	10.6856	43.1825
91959	10.657	43.1991
91959	10.6283	43.2158
91959	10.5997	43.2325
91959	10.571	43.2491
91959	10.5424	43.2658
91959	10.5137	43.2825
91959	10.4851	43.2991
91959	10.4564	43.3158
91959	10.4278	43.3324
91959	10.3991	43.3491
91959	10.3705	43.3658
91959	10.3418	43.3824
91959	10.3132	43.3991
91959	10.2845	43.4158
91959	10.2559	43.4324
91959	10.2273	43.4491
91959	10.1986	43.4657
91959	10.17	43.4824
91959	10.1413	43.4991
91959	10.1127	43.5157
91959	10.084	43.5324
91959	10.0554	43.5491
91959	10.0267	43.5657
91959	9.99808	43.5824
91959	9.96943	43.599
91959	9.94078	43.6157
91959	9.91213	43.6324
91959	9.88348	43.649
91959	9.85484	43.6657
91959	9.82619	43.6824
91959	9.79754	43.699
91959	9.7689	43.7157
91959	9.74025	43.7323
91959	9.7116	43.749
91959	9.68295	43.7657
91959	9.65431	43.7823
91959	9.62566	43.799
91959	9.59701	43.8157
91959	9.56836	43.8323
91959	9.53972	43.849
91959	9.51107	43.8656
91959	9.48242	43.8823
91959	9.45377	43.899
91959	9.42513	43.9156
91959	9.39648	43.9323
91959	9.36783	43.949
91959	9.33918	43.9656
91959	9.31054	43.9823
91959	9.28189	43.9989
91959	9.25324	44.0156
91959	9.22459	44.0323
91959	9.19595	44.0489
91959	9.1673	44.0656
91959	9.13865	44.0823
91959	9.11	44.0989
91959	9.08136	44.1156
91959	9.05271	44.1322
91959	9.02406	44.1489
91959	8.99541	44.1656
91959	8.96677	44.1822
91959	8.93812	44.1989
91959	8.90947	44.2156
91959	8.88082	44.2322
91959	8.85218	44.2489
91959	8.82353	44.2655
91959	8.79488	44.2822
91959	8.76623	44.2989
91959	8.73759	44.3155
91959	8.70894	44.3322
91959	8.68029	44.3489
91959	8.65164	44.3655
91959	8.623	44.3822
91959	8.59435	44.3988
91959	8.5657	44.4155
91959	8.53705	44.4322
91959	8.50841	44.4488
91959	8.47976	44.4655
91959	8.45111	44.4822
91959	8.42246	44.4988
91959	8.39382	44.5155
91959	8.36517	44.5322
91959	8.33652	44.5488
91959	8.30787	44.5655
91959	8.27923	44.5821
91959	8.25058	44.5988
91959	8.22193	44.6155
91959	8.19328	44.6321
91959	8.16464	44.6488
91959	8.13599	44.6655
91959	8.10734	44.6821
91959	8.07869	44.6988
91959	8.05005	44.7154
91959	8.0214	44.7321
91959	7.99275	44.7488
91959	7.9641	44.7654
91959	7.93546	44.7821
91959	7.90681	44.7988
91959	7.87816	44.8154
91959	7.84951	44.8321
91959	7.82087	44.8487
91959	7.79222	44.8654
91959	7.76357	44.8821
91959	7.73492	44.8987
91959	7.70628	44.9154
91959	7.67763	44.9321
91959	7.64898	44.9487
91959	7.62033	44.9654
91959	7.59169	44.982
91959	7.56304	44.9987
91959	7.53439	45.0154
91959	7.50574	45.032
91959	7.4771	45.0487
91959	7.44845	45.0654
91959	7.4198	45.082
91959	7.39115	45.0987
91959	7.36251	45.1153
91959	7.33386	45.132
91959	7.30521	45.1487
91959	7.27656	45.1653
91959	7.24792	45.182
91959	7.21927	45.1987
91959	7.19062	45.2153
91959	7.16197	45.232
91959	7.13333	45.2486
91959	7.10468	45.2653
91959	7.07603	45.282
91959	7.04738	45.2986
91959	7.01873	45.3153
91959	6.99009	45.332
91959	6.96144	45.3486
91959	6.93279	45.3653
91959	6.90414	45.3819
91959	6.8755	45.3986
91959	6.84685	45.4153
91959	6.8182	45.4319
91959	6.78955	45.4486
91959	6.7609	45.4653
91959	6.73226	45.4819
91959	6.70361	45.4986
91959	6.67496	45.5152
91959	6.64631	45.5319
91959	6.61766	45.5486
91959	6.58902	45.5652
91959	6.56037	45.5819
91959	6.53172	45.5986
91959	6.50307	45.6152
91959	6.47442	45.6319
91959	6.44578	45.6485
91959	6.41713	45.6652
91959	6.38848	45.6819
91959	6.35983	45.6985
91959	6.33119	45.7152
91959	6.30254	45.7319
91959	6.27389	45.7485
91959	6.24524	45.7652
91959	6.21659	45.7818
91959	6.18795	45.7985
91959	6.1593	45.8152
91959	6.13065	45.8318
91959	6.102	45.8485
91959	6.07335	45.8652
91959	6.04471	45.8818
91959	6.01606	45.8985
91959	5.98741	45.9151
91959	5.95876	45.9318
91959	5.93011	45.9485
91959	5.90147	45.9651
91959	5.87282	45.9818
91959	5.84417	45.9985
91959	5.81552	46.0151
91959	5.78687	46.0318
91959	5.75823	46.0484
91959	5.72958	46.0651
91959	5.70093	46.0818
91959	5.67228	46.0984
91959	5.64364	46.1151
91959	5.61499	46.1318
91959	5.58634	46.1484
91959	5.55769	46.1651
91959	5.52904	46.1817
91959	5.5004	46.1984
91959	5.47175	46.2151
91959	5.4431	46.2317
91959	5.41445	46.2484
91959	5.3858	46.2651
91959	5.35716	46.2817
91959	5.32851	46.2984
91959	5.29986	46.315
91959	5.27121	46.3317
91959	5.24256	46.3484
91959	5.21392	46.365
91959	5.18527	46.3817
91959	5.15662	46.3984
91959	5.12797	46.415
91959	5.09933	46.4317
91959	5.07068	46.4483
91959	5.04203	46.465
91959	5.01338	46.4817
91959	4.98473	46.4983
91959	4.95609	46.515
91959	4.92744	46.5317
91959	4.89879	46.5483
91959	4.87014	46.565
91959	4.84149	46.5816
91959	4.81285	46.5983
91959	4.7842	46.615
91959	4.75555	46.6316
91959	4.7269	46.6483
91959	4.69825	46.665
91959	4.66961	46.6816
91959	4.64096	46.6983
91959	4.61231	46.715
91959	4.58366	46.7316
91959	4.55501	46.7483
91959	4.52637	46.7649
91959	4.49772	46.7816
91959	4.46907	46.7983
91959	4.44042	46.8149
91959	4.41178	46.8316
91959	4.38313	46.8483
91959	4.35448	46.8649
91959	4.32583	46.8816
91959	4.29718	46.8982
91959	4.26854	46.9149
91959	4.23989	46.9316
91959	4.21124	46.9482
91959	4.18259	46.9649
91959	4.15394	46.9816
91959	4.1253	46.9982
91959	4.09665	47.0149
91959	4.068	47.0315
91959	4.03935	47.0482
91959	4.0107	47.0649
91959	3.98206	47.0815
91959	3.95341	47.0982
91959	3.92476	47.1149
91959	3.89611	47.1315
91959	3.86747	47.1482
91959	3.83882	47.1648
91959	3.81017	47.1815
91959	3.78152	47.1982
91959	3.75287	47.2148
91959	3.72423	47.2315
91959	3.69558	47.2482
91959	3.66693	47.2648
91959	3.63828	47.2815
91959	3.60963	47.2981
91959	3.58099	47.3148
91959	3.55234	47.3315
91959	3.52369	47.3481
91959	3.49504	47.3648
91959	3.46639	47.3815
91959	3.43775	47.3981
91959	3.4091	47.4148
91959	3.38045	47.4314
91959	3.3518	47.4481
91959	3.32315	47.4648
91959	3.29451	47.4814
91959	3.26586	47.4981
91959	3.23721	47.5148
91959	3.20856	47.5314
91959	3.17992	47.5481
91959	3.15127	47.5647
91959	3.12262	47.5814
91959	3.09397	47.5981
91959	3.06532	47.6147
91959	3.03668	47.6314
91959	3.00803	47.6481
91959	2.97938	47.6647
91959	2.95073	47.6814
91959	2.92208	47.698
91959	2.89344	47.7147
91959	2.86479	47.7314
91959	2.83614	47.748
91959	2.80749	47.7647
91959	2.77884	47.7814
91959	2.7502	47.798
91959	2.72155	47.8147
91959	2.6929	47.8313
91959	2.66425	47.848
91959	2.63561	47.8647
91959	2.60696	47.8813
91959	2.57831	47.898
91959	2.54966	47.9147
91959	2.52101	47.9313
91959	2.49237	47.948
91959	2.46372	47.9646
91959	2.43507	47.9813
91959	2.40642	47.998
91959	2.37777	48.0146
91959	2.34913	48.0313
91959	2.32048	48.048
91959	2.29183	48.0646
91959	2.26318	48.0813
91959	2.23453	48.0979
91959	2.20589	48.1146
91959	2.17724	48.1313
91959	2.14859	48.1479
91959	2.11994	48.1646
91959	2.09129	48.1813
91959	2.06265	48.1979
91959	2.034	48.2146
91959	2.00535	48.2312
91959	1.9767	48.2479
91959	1.94806	48.2646
91959	1.91941	48.2812
91959	1.89076	48.2979
91959	1.86211	48.3146
91959	1.83346	48.3312
91959	1.80482	48.3479
91959	1.77617	48.3645
91959	1.74752	48.3812
91959	1.71887	48.3979
91959	1.69022	48.4145
91959	1.66158	48.4312
91959	1.63293	48.4479
91959	1.60428	48.4645
91959	1.57563	48.4812
91959	1.54699	48.4978
91959	1.51834	48.5145
91959	1.48969	48.5312
91959	1.46104	48.5478
91959	1.43239	48.5645
91959	1.40375	48.5812
91959	1.3751	48.5978
91959	1.34645	48.6145
91959	1.3178	48.6311
91959	1.28916	48.6478
91959	1.26051	48.6645
91959	1.23186	48.6811
91959	1.20321	48.6978
91959	1.17456	48.7145
91959	1.14592	48.7311
91959	1.11727	48.7478
91959	1.08862	48.7645
91959	1.05997	48.7811
91959	1.03132	48.7978
91959	1.00268	48.8144
91959	0.974029	48.8311
91959	0.945382	48.8478
91959	0.916734	48.8644
91959	0.888086	48.8811
91959	0.859438	48.8978
91959	0.83079	48.9144
91959	0.802142	48.9311
91959	0.773495	48.9477
91959	0.744847	48.9644
91959	0.716199	48.9811
91959	0.687551	48.9977
91959	0.658903	49.0144
91959	0.630255	49.0311
91959	0.601607	49.0477
91959	0.57296	49.0644
91959	0.544312	49.081
91959	0.515664	49.0977
91959	0.487016	49.1144
91959	0.458368	49.131
91959	0.42972	49.1477
91959	0.401072	49.1644
91959	0.372425	49.181
91959	0.343777	49.1977
91959	0.315129	49.2143
91959	0.286481	49.231
91959	0.257833	49.2477
91959	0.229185	49.2643
91959	0.200537	49.281
91959	0.17189	49.2977
91959	0.143242	49.3143
91959	0.114594	49.331
91959	0.085946	49.3476
91959	0.0572982	49.3643
91959	0.0286503	49.381
91959	2.46127e-06	49.3976
91959	-0.0286454	49.4143
91959	0	49.431
91959	0	49.4476
91959	0	49.4643
91959	0	49.4809
91959	0	49.4976
91959	0	49.5143
91959	0	49.5309
91959	0	49.5476
91959	0	49.5643
91959	0	49.5809
91959	0	49.5976
91959	0	49.6142
91959	0	49.6309
91959	0	49.6476
91959	0	49.6642
91959	0	49.6809
91959	0	49.6976
91959	0	49.7142
91959	0	49.7309
91959	0	49.7475
91959	0	49.7642
91959	0	49.7809
91959	0	49.7975
91959	0	49.8142
91959	0	49.8309
91959	0	49.8475
91959	0	49.8642
91959	0	49.8808
91959	0	49.8975
91959	0	49.9142
91959	0	49.9308
91959	0	49.9475
91959	0	49.9642
91959	0	49.9808
91959	0	49.9975
91959	0	50.0141
91959	0	50.0308
91959	0	50.0475
91959	0	50.0641
91959	0	50.0808
91959	0	50.0975
91959	0	50.1141
91959	0	50.1308
91959	0	50.1474
91959	0	50.1641
91959	0	50.1808
91959	0	50.1974
91959	0	50.2141
91959	0	50.2308
91959	0	50.2474
91959	0	50.2641
91959	0	50.2807
91959	0	50.2974
91959	0	50.3141
91959	0	50.3307
91959	0	50.3474
91959	0	50.3641
91959	0	50.3807
91959	0	50.3974
91959	0	50.414
91959	0	50.4307
