inside_count	theta (degrees)	time (s)
21246	0.0286479	0.0164719
21246	0.0572957	0.0331383
21245	0.0859435	0.0498047
21245	0.114591	0.0664711
21245	0.143239	0.0831375
21245	0.171887	0.0998039
21245	0.200535	0.11647
21245	0.229183	0.133137
21245	0.257831	0.149803
21243	0.286479	0.16647
21243	0.315126	0.183136
21243	0.343774	0.199802
21242	0.372422	0.216469
21242	0.40107	0.233135
21242	0.429718	0.249802
21241	0.458366	0.266468
21241	0.487013	0.283134
21239	0.515661	0.299801
21238	0.544309	0.316467
21238	0.572957	0.333134
21238	0.601605	0.3498
21238	0.630253	0.366467
21237	0.658901	0.383133
21236	0.687548	0.399799
21235	0.716196	0.416466
21235	0.744844	0.433132
21234	0.773492	0.449799
21234	0.80214	0.466465
21234	0.830788	0.483131
21234	0.859436	0.499798
21234	0.888083	0.516464
21234	0.916731	0.533131
21233	0.945379	0.549797
21233	0.974027	0.566463
21233	1.00267	0.58313
21233	1.03132	0.599796
21233	1.05997	0.616463
21233	1.08862	0.633129
21232	1.11727	0.649796
21232	1.14591	0.666462
21232	1.17456	0.683128
21232	1.20321	0.699795
21232	1.23186	0.716461
21232	1.2605	0.733128
21232	1.28915	0.749794
21231	1.3178	0.76646
21231	1.34645	0.783127
21231	1.3751	0.799793
21231	1.40374	0.81646
21231	1.43239	0.833126
21231	1.46104	0.849792
21231	1.48969	0.866459
21231	1.51834	0.883125
21231	1.54698	0.899792
21229	1.57563	0.916458
21229	1.60428	0.933125
21229	1.63293	0.949791
21228	1.66157	0.966457
21225	1.69022	0.983124
21225	1.71887	0.99979
21225	1.74752	1.01646
21225	1.77617	1.03312
21225	1.80481	1.04979
21225	1.83346	1.06646
21225	1.86211	1.08312
21225	1.89076	1.09979
21224	1.9194	1.11646
21224	1.94805	1.13312
21224	1.9767	1.14979
21223	2.00535	1.16645
21223	2.034	1.18312
21223	2.06264	1.19979
21223	2.09129	1.21645
21223	2.11994	1.23312
21223	2.14859	1.24979
21222	2.17724	1.26645
21221	2.20588	1.28312
21221	2.23453	1.29979
21219	2.26318	1.31645
21219	2.29183	1.33312
21219	2.32048	1.34978
21219	2.34912	1.36645
21219	2.37777	1.38312
21219	2.40642	1.39978
21219	2.43507	1.41645
21219	2.46372	1.43312
21219	2.49236	1.44978
21219	2.52101	1.46645
21219	2.54966	1.48312
21219	2.57831	1.49978
21219	2.60695	1.51645
21219	2.6356	1.53312
21219	2.66425	1.54978
21219	2.6929	1.56645
21219	2.72155	1.58311
21219	2.75019	1.59978
21219	2.77884	1.61645
21217	2.80749	1.63311
21217	2.83614	1.64978
21217	2.86479	1.66645
21217	2.89343	1.68311
21217	2.92208	1.69978
21217	2.95073	1.71645
21217	2.97938	1.73311
21217	3.00803	1.74978
21217	3.03667	1.76645
21216	3.06532	1.78311
21216	3.09397	1.79978
21216	3.12262	1.81644
21216	3.15126	1.83311
21216	3.17991	1.84978
21216	3.20856	1.86644
21216	3.23721	1.88311
21216	3.26586	1.89978
21216	3.2945	1.91644
21216	3.32315	1.93311
21215	3.3518	1.94978
21215	3.38045	1.96644
21215	3.4091	1.98311
21215	3.43774	1.99977
21215	3.46639	2.01644
21215	3.49504	2.03311
21215	3.52369	2.04977
21215	3.55234	2.06644
21214	3.58098	2.08311
21214	3.60963	2.09977
21214	3.63828	2.11644
21214	3.66693	2.13311
21214	3.69557	2.14977
21213	3.72422	2.16644
21213	3.75287	2.18311
21213	3.78152	2.19977
21213	3.81017	2.21644
21213	3.83881	2.2331
21213	3.86746	2.24977
21213	3.89611	2.26644
21213	3.92476	2.2831
21213	3.95341	2.29977
21213	3.98205	2.31644
21213	4.0107	2.3331
21213	4.03935	2.34977
21213	4.068	2.36644
21213	4.09665	2.3831
21213	4.12529	2.39977
21213	4.15394	2.41644
21213	4.18259	2.4331
21213	4.21124	2.44977
21213	4.23989	2.46643
21213	4.26853	2.4831
21212	4.29718	2.49977
21212	4.32583	2.51643
21212	4.35448	2.5331
21212	4.38312	2.54977
21212	4.41177	2.56643
21211	4.44042	2.5831
21211	4.46907	2.59977
21211	4.49772	2.61643
21211	4.52636	2.6331
21211	4.55501	2.64977
21211	4.58366	2.66643
21211	4.61231	2.6831
21211	4.64096	2.69976
21211	4.6696	2.71643
21211	4.69825	2.7331
21211	4.7269	2.74976
21211	4.75555	2.76643
21211	4.7842	2.7831
21211	4.81284	2.79976
21211	4.84149	2.81643
21211	4.87014	2.8331
21211	4.89879	2.84976
21211	4.92743	2.86643
21211	4.95608	2.88309
21211	4.98473	2.89976
21211	5.01338	2.91643
21211	5.04203	2.93309
21211	5.07067	2.94976
21211	5.09932	2.96643
21211	5.12797	2.98309
21211	5.15662	2.99976
21211	5.18527	3.01643
21211	5.21391	3.03309
21211	5.24256	3.04976
21211	5.27121	3.06643
21211	5.29986	3.08309
21211	5.32851	3.09976
21211	5.35715	3.11642
21211	5.3858	3.13309
21211	5.41445	3.14976
21211	5.4431	3.16642
21211	5.47175	3.18309
21211	5.50039	3.19976
21211	5.52904	3.21642
21211	5.55769	3.23309
21211	5.58634	3.24976
21211	5.61498	3.26642
21211	5.64363	3.28309
21211	5.67228	3.29976
21211	5.70093	3.31642
21211	5.72958	3.33309
21211	5.75822	3.34975
21211	5.78687	3.36642
21211	5.81552	3.38309
21211	5.84417	3.39975
21211	5.87282	3.41642
21211	5.90146	3.43309
21211	5.93011	3.44975
21211	5.95876	3.46642
21211	5.98741	3.48309
21211	6.01606	3.49975
21211	6.0447	3.51642
21211	6.07335	3.53308
21211	6.102	3.54975
21211	6.13065	3.56642
21211	6.1593	3.58308
21211	6.18794	3.59975
21211	6.21659	3.61642
21211	6.24524	3.63308
21211	6.27389	3.64975
21211	6.30253	3.66642
21211	6.33118	3.68308
21211	6.35983	3.69975
21211	6.38848	3.71642
21211	6.41713	3.73308
21211	6.44577	3.74975
21211	6.47442	3.76641
21211	6.50307	3.78308
21211	6.53172	3.79975
21211	6.56037	3.81641
21211	6.58901	3.83308
21211	6.61766	3.84975
21211	6.64631	3.86641
21211	6.67496	3.88308
21211	6.70361	3.89975
21211	6.73225	3.91641
21211	6.7609	3.93308
21211	6.78955	3.94975
21211	6.8182	3.96641
21211	6.84685	3.98308
21211	6.87549	3.99974
21211	6.90414	4.01641
21211	6.93279	4.03308
21211	6.96144	4.04974
21211	6.99008	4.06641
21211	7.01873	4.08308
21211	7.04738	4.09974
21211	7.07603	4.11641
21211	7.10468	4.13308
21211	7.13332	4.14974
21211	7.16197	4.16641
21211	7.19062	4.18307
21211	7.21927	4.19974
21211	7.24791	4.21641
21211	7.27656	4.23307
21211	7.30521	4.24974
21211	7.33386	4.26641
21211	7.3625	4.28307
21211	7.39115	4.29974
21211	7.4198	4.31641
21211	7.44845	4.33307
21211	7.47709	4.34974
21211	7.50574	4.36641
21211	7.53439	4.38307
21211	7.56304	4.39974
21211	7.59168	4.4164
21211	7.62033	4.43307
21211	7.64898	4.44974
21211	7.67763	4.4664
21211	7.70627	4.48307
21211	7.73492	4.49974
21211	7.76357	4.5164
21211	7.79222	4.53307
21211	7.82086	4.54974
21211	7.84951	4.5664
21211	7.87816	4.58307
21211	7.90681	4.59974
21211	7.93545	4.6164
21211	7.9641	4.63307
21211	7.99275	4.64973
21211	8.0214	4.6664
21211	8.05004	4.68307
21211	8.07869	4.69973
21211	8.10734	4.7164
21211	8.13599	4.73307
21211	8.16463	4.74973
21211	8.19328	4.7664
21210	8.22193	4.78307
21210	8.25058	4.79973
21210	8.27922	4.8164
21210	8.30787	4.83307
21210	8.33652	4.84973
21210	8.36517	4.8664
21210	8.39381	4.88306
21210	8.42246	4.89973
21210	8.45111	4.9164
21210	8.47976	4.93306
21210	8.5084	4.94973
21210	8.53705	4.9664
21210	8.5657	4.98306
21210	8.59435	4.99973
21210	8.62299	5.0164
21210	8.65164	5.03306
21210	8.68029	5.04973
21210	8.70894	5.06639
21210	8.73758	5.08306
21210	8.76623	5.09973
21210	8.79488	5.11639
21210	8.82353	5.13306
21210	8.85217	5.14973
21210	8.88082	5.16639
21210	8.90947	5.18306
21210	8.93812	5.19973
21210	8.96676	5.21639
21210	8.99541	5.23306
21210	9.02406	5.24973
21210	9.05271	5.26639
21210	9.08135	5.28306
21210	9.11	5.29972
21210	9.13865	5.31639
21210	9.1673	5.33306
21210	9.19594	5.34972
21210	9.22459	5.36639
21210	9.25324	5.38306
21210	9.28189	5.39972
21210	9.31053	5.41639
21210	9.33918	5.43306
21210	9.36783	5.44972
21210	9.39648	5.46639
21210	9.42512	5.48306
21210	9.45377	5.49972
21210	9.48242	5.51639
21210	9.51107	5.53305
21210	9.53971	5.54972
21209	9.56836	5.56639
21209	9.59701	5.58305
21209	9.62566	5.59972
21209	9.6543	5.61639
21209	9.68295	5.63305
21209	9.7116	5.64972
21209	9.74024	5.66639
21209	9.76889	5.68305
21209	9.79754	5.69972
21209	9.82619	5.71638
21209	9.85484	5.73305
21209	9.88348	5.74972
21209	9.91213	5.76638
21209	9.94078	5.78305
21209	9.96943	5.79972
21209	9.99807	5.81638
21208	10.0267	5.83305
21208	10.0554	5.84972
21208	10.084	5.86638
21208	10.1127	5.88305
21208	10.1413	5.89972
21208	10.17	5.91638
21208	10.1986	5.93305
21208	10.2273	5.94971
21200	10.2559	5.96638
21192	10.2845	5.98305
21190	10.3132	5.99971
21190	10.3418	6.01638
21190	10.3705	6.03305
21183	10.3991	6.04971
21172	10.4278	6.06638
21172	10.4564	6.08305
21172	10.4851	6.09971
21172	10.5137	6.11638
21172	10.5424	6.13305
21172	10.571	6.14971
21165	10.5997	6.16638
21156	10.6283	6.18304
21156	10.657	6.19971
21156	10.6856	6.21638
21153	10.7143	6.23304
21145	10.7429	6.24971
21137	10.7716	6.26638
21137	10.8002	6.28304
21137	10.8288	6.29971
21121	10.8575	6.31638
21120	10.8861	6.33304
21120	10.9148	6.34971
21120	10.9434	6.36637
21120	10.9721	6.38304
21120	11.0007	6.39971
21111	11.0294	6.41637
21102	11.058	6.43304
21098	11.0867	6.44971
21095	11.1153	6.46637
21084	11.144	6.48304
21083	11.1726	6.49971
21083	11.2013	6.51637
21082	11.2299	6.53304
21078	11.2586	6.54971
21073	11.2872	6.56637
21065	11.3159	6.58304
21061	11.3445	6.5997
21059	11.3732	6.61637
21051	11.4018	6.63304
21046	11.4304	6.6497
21039	11.4591	6.66637
21033	11.4877	6.68304
21025	11.5164	6.6997
21018	11.545	6.71637
21012	11.5737	6.73304
21006	11.6023	6.7497
20998	11.631	6.76637
20988	11.6596	6.78304
20981	11.6883	6.7997
20969	11.7169	6.81637
20960	11.7456	6.83303
20952	11.7742	6.8497
20948	11.8029	6.86637
20939	11.8315	6.88303
20932	11.8602	6.8997
20929	11.8888	6.91637
20923	11.9175	6.93303
20912	11.9461	6.9497
20901	11.9747	6.96637
20894	12.0034	6.98303
20887	12.032	6.9997
20880	12.0607	7.01637
20873	12.0893	7.03303
20863	12.118	7.0497
20854	12.1466	7.06636
20847	12.1753	7.08303
20836	12.2039	7.0997
20826	12.2326	7.11636
20819	12.2612	7.13303
20814	12.2899	7.1497
20806	12.3185	7.16636
20798	12.3472	7.18303
20789	12.3758	7.1997
20777	12.4045	7.21636
20766	12.4331	7.23303
20758	12.4618	7.24969
20750	12.4904	7.26636
20741	12.5191	7.28303
20732	12.5477	7.29969
20723	12.5763	7.31636
20711	12.605	7.33303
20705	12.6336	7.34969
20696	12.6623	7.36636
20688	12.6909	7.38303
20681	12.7196	7.39969
20675	12.7482	7.41636
20667	12.7769	7.43303
20659	12.8055	7.44969
20649	12.8342	7.46636
20636	12.8628	7.48302
20626	12.8915	7.49969
20615	12.9201	7.51636
20608	12.9488	7.53302
20596	12.9774	7.54969
20585	13.0061	7.56636
20572	13.0347	7.58302
20564	13.0634	7.59969
20555	13.092	7.61636
20546	13.1206	7.63302
20536	13.1493	7.64969
20524	13.1779	7.66636
20513	13.2066	7.68302
20500	13.2352	7.69969
20492	13.2639	7.71635
20482	13.2925	7.73302
20473	13.3212	7.74969
20462	13.3498	7.76635
20451	13.3785	7.78302
20440	13.4071	7.79969
20433	13.4358	7.81635
20423	13.4644	7.83302
20411	13.4931	7.84969
20398	13.5217	7.86635
20393	13.5504	7.88302
20380	13.579	7.89968
20366	13.6077	7.91635
20355	13.6363	7.93302
20343	13.665	7.94968
20333	13.6936	7.96635
20326	13.7222	7.98302
20318	13.7509	7.99968
20311	13.7795	8.01635
20298	13.8082	8.03302
20286	13.8368	8.04968
20277	13.8655	8.06635
20265	13.8941	8.08302
20254	13.9228	8.09968
20244	13.9514	8.11635
20232	13.9801	8.13301
20224	14.0087	8.14968
20215	14.0374	8.16635
20205	14.066	8.18301
20197	14.0947	8.19968
20187	14.1233	8.21635
20178	14.152	8.23301
20169	14.1806	8.24968
20163	14.2093	8.26635
20156	14.2379	8.28301
20148	14.2665	8.29968
20138	14.2952	8.31635
20130	14.3238	8.33301
20117	14.3525	8.34968
20110	14.3811	8.36634
20099	14.4098	8.38301
20090	14.4384	8.39968
20084	14.4671	8.41634
20076	14.4957	8.43301
20068	14.5244	8.44968
20061	14.553	8.46634
20053	14.5817	8.48301
20044	14.6103	8.49968
20038	14.639	8.51634
20027	14.6676	8.53301
20017	14.6963	8.54967
20009	14.7249	8.56634
20000	14.7536	8.58301
19992	14.7822	8.59967
19984	14.8109	8.61634
19979	14.8395	8.63301
19972	14.8681	8.64967
19964	14.8968	8.66634
19957	14.9254	8.68301
19949	14.9541	8.69967
19941	14.9827	8.71634
19934	15.0114	8.73301
19921	15.04	8.74967
19912	15.0687	8.76634
19902	15.0973	8.783
19890	15.126	8.79967
19883	15.1546	8.81634
19874	15.1833	8.833
19866	15.2119	8.84967
19858	15.2406	8.86634
19851	15.2692	8.883
19842	15.2979	8.89967
19834	15.3265	8.91634
19825	15.3552	8.933
19812	15.3838	8.94967
19803	15.4124	8.96634
19794	15.4411	8.983
19784	15.4697	8.99967
19773	15.4984	9.01633
19760	15.527	9.033
19748	15.5557	9.04967
19737	15.5843	9.06633
19725	15.613	9.083
19714	15.6416	9.09967
19704	15.6703	9.11633
19692	15.6989	9.133
19676	15.7276	9.14967
19660	15.7562	9.16633
19649	15.7849	9.183
19636	15.8135	9.19967
19623	15.8422	9.21633
19608	15.8708	9.233
19597	15.8995	9.24966
19587	15.9281	9.26633
19575	15.9567	9.283
19561	15.9854	9.29966
19547	16.014	9.31633
19532	16.0427	9.333
19520	16.0713	9.34966
19505	16.1	9.36633
19492	16.1286	9.383
19477	16.1573	9.39966
19465	16.1859	9.41633
19452	16.2146	9.43299
19439	16.2432	9.44966
19423	16.2719	9.46633
19409	16.3005	9.48299
19390	16.3292	9.49966
19373	16.3578	9.51633
19359	16.3865	9.53299
19342	16.4151	9.54966
19325	16.4438	9.56633
19310	16.4724	9.58299
19296	16.5011	9.59966
19279	16.5297	9.61633
19261	16.5583	9.63299
19244	16.587	9.64966
19222	16.6156	9.66632
19204	16.6443	9.68299
19185	16.6729	9.69966
19164	16.7016	9.71632
19146	16.7302	9.73299
19129	16.7589	9.74966
19106	16.7875	9.76632
19084	16.8162	9.78299
19067	16.8448	9.79966
19047	16.8735	9.81632
19028	16.9021	9.83299
19010	16.9308	9.84966
18984	16.9594	9.86632
18967	16.9881	9.88299
18942	17.0167	9.89965
18923	17.0454	9.91632
18900	17.074	9.93299
18879	17.1026	9.94965
18859	17.1313	9.96632
18836	17.1599	9.98299
18816	17.1886	9.99965
18794	17.2172	10.0163
18770	17.2459	10.033
18749	17.2745	10.0497
18725	17.3032	10.0663
18702	17.3318	10.083
18681	17.3605	10.0997
18656	17.3891	10.1163
18633	17.4178	10.133
18610	17.4464	10.1497
18588	17.4751	10.1663
18565	17.5037	10.183
18543	17.5324	10.1996
18518	17.561	10.2163
18496	17.5897	10.233
18475	17.6183	10.2496
18454	17.647	10.2663
18429	17.6756	10.283
18406	17.7042	10.2996
18387	17.7329	10.3163
18365	17.7615	10.333
18342	17.7902	10.3496
18323	17.8188	10.3663
18301	17.8475	10.383
18280	17.8761	10.3996
18260	17.9048	10.4163
18237	17.9334	10.433
18215	17.9621	10.4496
18196	17.9907	10.4663
18171	18.0194	10.483
18149	18.048	10.4996
18130	18.0767	10.5163
18112	18.1053	10.533
18092	18.134	10.5496
18072	18.1626	10.5663
18049	18.1913	10.583
18027	18.2199	10.5996
18006	18.2485	10.6163
17982	18.2772	10.633
17963	18.3058	10.6496
17942	18.3345	10.6663
17920	18.3631	10.683
17894	18.3918	10.6996
17874	18.4204	10.7163
17855	18.4491	10.733
17833	18.4777	10.7496
17813	18.5064	10.7663
17793	18.535	10.783
17769	18.5637	10.7996
17749	18.5923	10.8163
17727	18.621	10.833
17702	18.6496	10.8496
17679	18.6783	10.8663
17655	18.7069	10.883
17629	18.7356	10.8996
17607	18.7642	10.9163
17583	18.7929	10.933
17560	18.8215	10.9496
17536	18.8501	10.9663
17514	18.8788	10.983
17488	18.9074	10.9996
17462	18.9361	11.0163
17441	18.9647	11.033
17418	18.9934	11.0496
17384	19.022	11.0663
17358	19.0507	11.083
17331	19.0793	11.0996
17305	19.108	11.1163
17283	19.1366	11.133
17260	19.1653	11.1496
17232	19.1939	11.1663
17201	19.2226	11.183
17178	19.2512	11.1996
17149	19.2799	11.2163
17124	19.3085	11.233
17092	19.3372	11.2496
17066	19.3658	11.2663
17039	19.3944	11.283
17018	19.4231	11.2996
16988	19.4517	11.3163
16961	19.4804	11.333
16935	19.509	11.3496
16908	19.5377	11.3663
16882	19.5663	11.383
16861	19.595	11.3996
16828	19.6236	11.4163
16796	19.6523	11.433
16772	19.6809	11.4496
16744	19.7096	11.4663
16716	19.7382	11.483
16687	19.7669	11.4996
16662	19.7955	11.5163
16639	19.8242	11.533
16609	19.8528	11.5496
16587	19.8815	11.5663
16560	19.9101	11.583
16531	19.9387	11.5996
16507	19.9674	11.6163
16475	19.996	11.633
16440	20.0247	11.6496
16411	20.0533	11.6663
16385	20.082	11.683
16362	20.1106	11.6996
16337	20.1393	11.7163
16312	20.1679	11.733
16284	20.1966	11.7496
16261	20.2252	11.7663
16233	20.2539	11.783
16211	20.2825	11.7996
16185	20.3112	11.8163
16163	20.3398	11.833
16130	20.3685	11.8496
16103	20.3971	11.8663
16084	20.4258	11.883
16056	20.4544	11.8996
16029	20.4831	11.9163
16007	20.5117	11.933
15980	20.5403	11.9496
15953	20.569	11.9663
15928	20.5976	11.983
15902	20.6263	11.9996
15877	20.6549	12.0163
15855	20.6836	12.033
15830	20.7122	12.0496
15804	20.7409	12.0663
15781	20.7695	12.083
15760	20.7982	12.0996
15733	20.8268	12.1163
15710	20.8555	12.133
15681	20.8841	12.1496
15655	20.9128	12.1663
15629	20.9414	12.183
15601	20.9701	12.1996
15574	20.9987	12.2163
15549	21.0274	12.233
15520	21.056	12.2496
15499	21.0846	12.2663
15471	21.1133	12.283
15451	21.1419	12.2996
15421	21.1706	12.3163
15395	21.1992	12.333
15376	21.2279	12.3496
15344	21.2565	12.3663
15325	21.2852	12.3829
15296	21.3138	12.3996
15268	21.3425	12.4163
15244	21.3711	12.4329
15216	21.3998	12.4496
15187	21.4284	12.4663
15159	21.4571	12.4829
15139	21.4857	12.4996
15114	21.5144	12.5163
15090	21.543	12.5329
15067	21.5717	12.5496
15044	21.6003	12.5663
15008	21.629	12.5829
14981	21.6576	12.5996
14954	21.6862	12.6163
14925	21.7149	12.6329
14900	21.7435	12.6496
14877	21.7722	12.6663
14853	21.8008	12.6829
14827	21.8295	12.6996
14798	21.8581	12.7163
14765	21.8868	12.7329
14731	21.9154	12.7496
14703	21.9441	12.7663
14684	21.9727	12.7829
14661	22.0014	12.7996
14633	22.03	12.8163
14609	22.0587	12.8329
14585	22.0873	12.8496
14554	22.116	12.8663
14528	22.1446	12.8829
14502	22.1733	12.8996
14478	22.2019	12.9163
14454	22.2305	12.9329
14432	22.2592	12.9496
14409	22.2878	12.9663
14379	22.3165	12.9829
14350	22.3451	12.9996
14325	22.3738	13.0163
14301	22.4024	13.0329
14273	22.4311	13.0496
14248	22.4597	13.0663
14221	22.4884	13.0829
14200	22.517	13.0996
14173	22.5457	13.1163
14148	22.5743	13.1329
14119	22.603	13.1496
14087	22.6316	13.1663
14063	22.6603	13.1829
14038	22.6889	13.1996
14013	22.7176	13.2163
13986	22.7462	13.2329
13961	22.7749	13.2496
13933	22.8035	13.2663
13899	22.8321	13.2829
13879	22.8608	13.2996
13852	22.8894	13.3163
13825	22.9181	13.3329
13796	22.9467	13.3496
13771	22.9754	13.3663
13739	23.004	13.3829
13713	23.0327	13.3996
13682	23.0613	13.4163
13657	23.09	13.4329
13630	23.1186	13.4496
13606	23.1473	13.4663
13577	23.1759	13.4829
13548	23.2046	13.4996
13514	23.2332	13.5163
13489	23.2619	13.5329
13463	23.2905	13.5496
13428	23.3192	13.5663
13395	23.3478	13.5829
13374	23.3764	13.5996
13348	23.4051	13.6163
13322	23.4337	13.6329
13293	23.4624	13.6496
13265	23.491	13.6663
13235	23.5197	13.6829
13213	23.5483	13.6996
13181	23.577	13.7163
13150	23.6056	13.7329
13118	23.6343	13.7496
13093	23.6629	13.7663
13066	23.6916	13.7829
13035	23.7202	13.7996
13006	23.7489	13.8163
12974	23.7775	13.8329
12946	23.8062	13.8496
12915	23.8348	13.8663
12889	23.8635	13.8829
12862	23.8921	13.8996
12826	23.9207	13.9163
12803	23.9494	13.9329
12779	23.978	13.9496
12746	24.0067	13.9663
12714	24.0353	13.9829
12684	24.064	13.9996
12658	24.0926	14.0163
12623	24.1213	14.0329
12590	24.1499	14.0496
12562	24.1786	14.0663
12522	24.2072	14.0829
12492	24.2359	14.0996
12463	24.2645	14.1163
12432	24.2932	14.1329
12407	24.3218	14.1496
12374	24.3505	14.1663
12353	24.3791	14.1829
12313	24.4078	14.1996
12288	24.4364	14.2163
12261	24.4651	14.2329
12236	24.4937	14.2496
12204	24.5223	14.2663
12172	24.551	14.2829
12146	24.5796	14.2996
12120	24.6083	14.3163
12091	24.6369	14.3329
12061	24.6656	14.3496
12029	24.6942	14.3663
11996	24.7229	14.3829
11962	24.7515	14.3996
11929	24.7802	14.4163
11903	24.8088	14.4329
11874	24.8375	14.4496
11846	24.8661	14.4663
11822	24.8948	14.4829
11790	24.9234	14.4996
11757	24.9521	14.5163
11729	24.9807	14.5329
11698	25.0094	14.5496
11670	25.038	14.5662
11640	25.0666	14.5829
11613	25.0953	14.5996
11586	25.1239	14.6162
11559	25.1526	14.6329
11524	25.1812	14.6496
11493	25.2099	14.6662
11463	25.2385	14.6829
11434	25.2672	14.6996
11412	25.2958	14.7162
11379	25.3245	14.7329
11354	25.3531	14.7496
11332	25.3818	14.7662
11302	25.4104	14.7829
11275	25.4391	14.7996
11244	25.4677	14.8162
11213	25.4964	14.8329
11180	25.525	14.8496
11155	25.5537	14.8662
11132	25.5823	14.8829
11105	25.611	14.8996
11065	25.6396	14.9162
11039	25.6682	14.9329
11014	25.6969	14.9496
10986	25.7255	14.9662
10952	25.7542	14.9829
10929	25.7828	14.9996
10897	25.8115	15.0162
10873	25.8401	15.0329
10846	25.8688	15.0496
10817	25.8974	15.0662
10784	25.9261	15.0829
10756	25.9547	15.0996
10731	25.9834	15.1162
10706	26.012	15.1329
10678	26.0407	15.1496
10650	26.0693	15.1662
10618	26.098	15.1829
10595	26.1266	15.1996
10571	26.1553	15.2162
10543	26.1839	15.2329
10516	26.2125	15.2496
10488	26.2412	15.2662
10461	26.2698	15.2829
10437	26.2985	15.2996
10415	26.3271	15.3162
10389	26.3558	15.3329
10363	26.3844	15.3496
10333	26.4131	15.3662
10309	26.4417	15.3829
10285	26.4704	15.3996
10260	26.499	15.4162
10229	26.5277	15.4329
10205	26.5563	15.4496
10172	26.585	15.4662
10145	26.6136	15.4829
10117	26.6423	15.4996
10094	26.6709	15.5162
10065	26.6996	15.5329
10039	26.7282	15.5496
10013	26.7568	15.5662
9989	26.7855	15.5829
9955	26.8141	15.5996
9928	26.8428	15.6162
9899	26.8714	15.6329
9875	26.9001	15.6496
9845	26.9287	15.6662
9816	26.9574	15.6829
9791	26.986	15.6996
9765	27.0147	15.7162
9738	27.0433	15.7329
9715	27.072	15.7496
9692	27.1006	15.7662
9662	27.1293	15.7829
9636	27.1579	15.7996
9602	27.1866	15.8162
9572	27.2152	15.8329
9553	27.2439	15.8496
9524	27.2725	15.8662
9496	27.3012	15.8829
9466	27.3298	15.8996
9443	27.3584	15.9162
9409	27.3871	15.9329
9382	27.4157	15.9496
9355	27.4444	15.9662
9328	27.473	15.9829
9304	27.5017	15.9996
9279	27.5303	16.0162
9248	27.559	16.0329
9222	27.5876	16.0496
9196	27.6163	16.0662
9168	27.6449	16.0829
9140	27.6736	16.0996
9102	27.7022	16.1162
9076	27.7309	16.1329
9050	27.7595	16.1496
9024	27.7882	16.1662
8997	27.8168	16.1829
8969	27.8455	16.1996
8947	27.8741	16.2162
8923	27.9028	16.2329
8897	27.9314	16.2496
8872	27.96	16.2662
8841	27.9887	16.2829
8815	28.0173	16.2996
8787	28.046	16.3162
8761	28.0746	16.3329
8731	28.1033	16.3496
8704	28.1319	16.3662
8673	28.1606	16.3829
8645	28.1892	16.3996
8622	28.2179	16.4162
8592	28.2465	16.4329
8560	28.2752	16.4496
8535	28.3038	16.4662
8504	28.3325	16.4829
8478	28.3611	16.4996
8458	28.3898	16.5162
8427	28.4184	16.5329
8402	28.4471	16.5496
8374	28.4757	16.5662
8345	28.5043	16.5829
8313	28.533	16.5996
8290	28.5616	16.6162
8262	28.5903	16.6329
8236	28.6189	16.6496
8208	28.6476	16.6662
8187	28.6762	16.6829
8161	28.7049	16.6996
8135	28.7335	16.7162
8117	28.7622	16.7329
8091	28.7908	16.7495
8067	28.8195	16.7662
8037	28.8481	16.7829
8014	28.8768	16.7995
7990	28.9054	16.8162
7963	28.9341	16.8329
7945	28.9627	16.8495
7919	28.9914	16.8662
7894	29.02	16.8829
7867	29.0487	16.8995
7846	29.0773	16.9162
7820	29.106	16.9329
7796	29.1346	16.9495
7774	29.1633	16.9662
7741	29.1919	16.9829
7720	29.2206	16.9995
7697	29.2492	17.0162
7677	29.2779	17.0329
7647	29.3065	17.0495
7624	29.3352	17.0662
7599	29.3638	17.0829
7576	29.3925	17.0995
7549	29.4211	17.1162
7531	29.4498	17.1329
7506	29.4784	17.1495
7482	29.5071	17.1662
7459	29.5357	17.1829
7442	29.5644	17.1995
7415	29.593	17.2162
7388	29.6217	17.2329
7372	29.6503	17.2495
7349	29.679	17.2662
7331	29.7076	17.2829
7304	29.7363	17.2995
7275	29.7649	17.3162
7262	29.7936	17.3329
7238	29.8222	17.3495
7214	29.8508	17.3662
7192	29.8795	17.3829
7166	29.9081	17.3995
7141	29.9368	17.4162
7120	29.9654	17.4329
7100	29.9941	17.4495
7075	30.0227	17.4662
7050	30.0514	17.4829
7021	30.08	17.4995
7004	30.1087	17.5162
6983	30.1373	17.5329
6955	30.166	17.5495
6929	30.1946	17.5662
6908	30.2233	17.5829
6886	30.2519	17.5995
6863	30.2806	17.6162
6842	30.3092	17.6329
6809	30.3379	17.6495
6782	30.3665	17.6662
6760	30.3952	17.6829
6743	30.4238	17.6995
6716	30.4525	17.7162
6691	30.4811	17.7329
6670	30.5098	17.7495
6649	30.5384	17.7662
6625	30.5671	17.7829
6598	30.5957	17.7995
6572	30.6244	17.8162
6551	30.653	17.8329
6526	30.6817	17.8495
6500	30.7103	17.8662
6480	30.739	17.8829
6459	30.7676	17.8995
6440	30.7963	17.9162
6417	30.8249	17.9329
6391	30.8536	17.9495
6366	30.8822	17.9662
6345	30.9109	17.9829
6322	30.9395	17.9995
6297	30.9682	18.0162
6279	30.9968	18.0329
6259	31.0255	18.0495
6229	31.0541	18.0662
6207	31.0828	18.0829
6182	31.1114	18.0995
6155	31.1401	18.1162
6137	31.1687	18.1329
6113	31.1974	18.1495
6091	31.226	18.1662
6071	31.2547	18.1829
6048	31.2833	18.1995
6026	31.312	18.2162
6003	31.3406	18.2329
5988	31.3693	18.2495
5966	31.3979	18.2662
5945	31.4266	18.2829
5927	31.4552	18.2995
5904	31.4839	18.3162
5879	31.5125	18.3329
5864	31.5412	18.3495
5839	31.5698	18.3662
5818	31.5984	18.3829
5798	31.6271	18.3995
5775	31.6557	18.4162
5754	31.6844	18.4329
5730	31.713	18.4495
5714	31.7417	18.4662
5696	31.7703	18.4829
5680	31.799	18.4995
5655	31.8276	18.5162
5637	31.8563	18.5329
5619	31.8849	18.5495
5593	31.9136	18.5662
5578	31.9422	18.5829
5556	31.9709	18.5995
5527	31.9995	18.6162
5502	32.0282	18.6329
5485	32.0568	18.6495
5467	32.0855	18.6662
5445	32.1141	18.6829
5428	32.1428	18.6995
5410	32.1714	18.7162
5388	32.2001	18.7329
5369	32.2287	18.7495
5351	32.2574	18.7662
5334	32.286	18.7829
5312	32.3147	18.7995
5288	32.3433	18.8162
5274	32.372	18.8329
5256	32.4006	18.8495
5234	32.4293	18.8662
5215	32.4579	18.8829
5200	32.4866	18.8995
5187	32.5152	18.9162
5165	32.5439	18.9328
5144	32.5725	18.9495
5126	32.6012	18.9662
5104	32.6298	18.9828
5089	32.6585	18.9995
5075	32.6871	19.0162
5051	32.7158	19.0328
5035	32.7444	19.0495
5021	32.7731	19.0662
5000	32.8017	19.0828
4983	32.8304	19.0995
4962	32.859	19.1162
4940	32.8877	19.1328
4918	32.9163	19.1495
4902	32.945	19.1662
4883	32.9736	19.1828
4868	33.0023	19.1995
4847	33.0309	19.2162
4828	33.0596	19.2328
4810	33.0882	19.2495
4790	33.1169	19.2662
4771	33.1455	19.2828
4749	33.1742	19.2995
4729	33.2028	19.3162
4709	33.2315	19.3328
4690	33.2601	19.3495
4674	33.2888	19.3662
4658	33.3174	19.3828
4635	33.3461	19.3995
4621	33.3747	19.4162
4605	33.4034	19.4328
4582	33.432	19.4495
4566	33.4606	19.4662
4546	33.4893	19.4828
4529	33.5179	19.4995
4514	33.5466	19.5162
4492	33.5752	19.5328
4472	33.6039	19.5495
4461	33.6325	19.5662
4442	33.6612	19.5828
4425	33.6898	19.5995
4408	33.7185	19.6162
4387	33.7471	19.6328
4373	33.7758	19.6495
4357	33.8044	19.6662
4338	33.8331	19.6828
4322	33.8617	19.6995
4306	33.8904	19.7162
4283	33.919	19.7328
4273	33.9477	19.7495
4252	33.9763	19.7662
4234	34.005	19.7828
4219	34.0336	19.7995
4199	34.0623	19.8162
4188	34.0909	19.8328
4169	34.1196	19.8495
4153	34.1482	19.8662
4146	34.1769	19.8828
4132	34.2055	19.8995
4114	34.2342	19.9162
4096	34.2628	19.9328
4079	34.2915	19.9495
4064	34.3201	19.9662
4045	34.3488	19.9828
4028	34.3774	19.9995
4016	34.4061	20.0162
3998	34.4347	20.0328
3986	34.4634	20.0495
3967	34.492	20.0662
3954	34.5207	20.0828
3936	34.5493	20.0995
3922	34.578	20.1162
3907	34.6066	20.1328
3889	34.6353	20.1495
3873	34.6639	20.1662
3855	34.6926	20.1828
3843	34.7212	20.1995
3827	34.7499	20.2162
3816	34.7785	20.2328
3800	34.8072	20.2495
3779	34.8358	20.2662
3767	34.8645	20.2828
3752	34.8931	20.2995
3742	34.9218	20.3162
3726	34.9504	20.3328
3711	34.9791	20.3495
3689	35.0077	20.3662
3678	35.0364	20.3828
3667	35.065	20.3995
3649	35.0937	20.4162
3633	35.1223	20.4328
3617	35.151	20.4495
3605	35.1796	20.4662
3587	35.2082	20.4828
3574	35.2369	20.4995
3560	35.2655	20.5162
3545	35.2942	20.5328
3533	35.3228	20.5495
3517	35.3515	20.5662
3505	35.3801	20.5828
3490	35.4088	20.5995
3471	35.4374	20.6162
3461	35.4661	20.6328
3445	35.4947	20.6495
3432	35.5234	20.6662
3420	35.552	20.6828
3405	35.5807	20.6995
3395	35.6093	20.7162
3377	35.638	20.7328
3364	35.6666	20.7495
3347	35.6953	20.7662
3337	35.7239	20.7828
3321	35.7526	20.7995
3312	35.7812	20.8162
3297	35.8099	20.8328
3282	35.8385	20.8495
3274	35.8672	20.8662
3253	35.8958	20.8828
3238	35.9245	20.8995
3225	35.9531	20.9162
3213	35.9818	20.9328
3200	36.0104	20.9495
3189	36.0391	20.9662
3172	36.0677	20.9828
3158	36.0964	20.9995
3144	36.125	21.0162
3131	36.1537	21.0328
3117	36.1823	21.0495
3105	36.211	21.0662
3093	36.2396	21.0828
3082	36.2683	21.0995
3067	36.2969	21.1161
3055	36.3256	21.1328
3040	36.3542	21.1495
3028	36.3829	21.1661
3014	36.4115	21.1828
3008	36.4402	21.1995
2991	36.4688	21.2161
2977	36.4975	21.2328
2965	36.5261	21.2495
2951	36.5548	21.2661
2936	36.5834	21.2828
2924	36.6121	21.2995
2912	36.6407	21.3161
2901	36.6694	21.3328
2883	36.698	21.3495
2873	36.7267	21.3661
2862	36.7553	21.3828
2851	36.784	21.3995
2835	36.8126	21.4161
2826	36.8413	21.4328
2816	36.8699	21.4495
2804	36.8985	21.4661
2790	36.9272	21.4828
2779	36.9558	21.4995
2767	36.9845	21.5161
2755	37.0131	21.5328
2743	37.0418	21.5495
2731	37.0704	21.5661
2720	37.0991	21.5828
2709	37.1277	21.5995
2697	37.1564	21.6161
2686	37.185	21.6328
2676	37.2137	21.6495
2666	37.2423	21.6661
2653	37.271	21.6828
2639	37.2996	21.6995
2631	37.3283	21.7161
2619	37.3569	21.7328
2611	37.3856	21.7495
2598	37.4142	21.7661
2586	37.4429	21.7828
2574	37.4715	21.7995
2561	37.5002	21.8161
2553	37.5288	21.8328
2540	37.5575	21.8495
2525	37.5861	21.8661
2517	37.6148	21.8828
2505	37.6434	21.8995
2500	37.6721	21.9161
2486	37.7007	21.9328
2478	37.7294	21.9495
2471	37.758	21.9661
2458	37.7867	21.9828
2448	37.8153	21.9995
2442	37.844	22.0161
2431	37.8726	22.0328
2420	37.9013	22.0495
2412	37.9299	22.0661
2403	37.9586	22.0828
2390	37.9872	22.0995
2380	38.0159	22.1161
2370	38.0445	22.1328
2360	38.0732	22.1495
2351	38.1018	22.1661
2340	38.1305	22.1828
2332	38.1591	22.1995
2323	38.1878	22.2161
2316	38.2164	22.2328
2308	38.2451	22.2495
2297	38.2737	22.2661
2283	38.3024	22.2828
2272	38.331	22.2995
2266	38.3597	22.3161
2255	38.3883	22.3328
2239	38.417	22.3495
2232	38.4456	22.3661
2225	38.4743	22.3828
2215	38.5029	22.3995
2207	38.5316	22.4161
2198	38.5602	22.4328
2188	38.5889	22.4495
2182	38.6175	22.4661
2171	38.6461	22.4828
2163	38.6748	22.4995
2152	38.7034	22.5161
2145	38.7321	22.5328
2135	38.7607	22.5495
2125	38.7894	22.5661
2118	38.818	22.5828
2108	38.8467	22.5995
2100	38.8753	22.6161
2090	38.904	22.6328
2079	38.9326	22.6495
2072	38.9613	22.6661
2066	38.9899	22.6828
2051	39.0186	22.6995
2045	39.0472	22.7161
2037	39.0759	22.7328
2030	39.1045	22.7495
2019	39.1332	22.7661
2010	39.1618	22.7828
2005	39.1905	22.7995
1993	39.2191	22.8161
1989	39.2478	22.8328
1980	39.2764	22.8495
1969	39.3051	22.8661
1960	39.3337	22.8828
1951	39.3624	22.8995
1942	39.391	22.9161
1933	39.4197	22.9328
1925	39.4483	22.9495
1917	39.477	22.9661
1909	39.5056	22.9828
1899	39.5343	22.9995
1895	39.5629	23.0161
1885	39.5916	23.0328
1877	39.6202	23.0495
1869	39.6489	23.0661
1860	39.6775	23.0828
1854	39.7062	23.0995
1842	39.7348	23.1161
1835	39.7635	23.1328
1830	39.7921	23.1495
1823	39.8208	23.1661
1814	39.8494	23.1828
1805	39.8781	23.1995
1799	39.9067	23.2161
1792	39.9354	23.2328
1784	39.964	23.2495
1777	39.9927	23.2661
1768	40.0213	23.2828
1758	40.05	23.2994
1754	40.0786	23.3161
1742	40.1073	23.3328
1736	40.1359	23.3494
1726	40.1646	23.3661
1721	40.1932	23.3828
1713	40.2219	23.3994
1709	40.2505	23.4161
1701	40.2792	23.4328
1695	40.3078	23.4494
1689	40.3365	23.4661
1679	40.3651	23.4828
1673	40.3937	23.4994
1665	40.4224	23.5161
1659	40.451	23.5328
1652	40.4797	23.5494
1644	40.5083	23.5661
1637	40.537	23.5828
1631	40.5656	23.5994
1623	40.5943	23.6161
1619	40.6229	23.6328
1613	40.6516	23.6494
1604	40.6802	23.6661
1597	40.7089	23.6828
1591	40.7375	23.6994
1584	40.7662	23.7161
1581	40.7948	23.7328
1574	40.8235	23.7494
1569	40.8521	23.7661
1564	40.8808	23.7828
1555	40.9094	23.7994
1548	40.9381	23.8161
1542	40.9667	23.8328
1534	40.9954	23.8494
1525	41.024	23.8661
1519	41.0527	23.8828
1514	41.0813	23.8994
1508	41.11	23.9161
1503	41.1386	23.9328
1498	41.1673	23.9494
1491	41.1959	23.9661
1488	41.2246	23.9828
1482	41.2532	23.9994
1473	41.2819	24.0161
1468	41.3105	24.0328
1462	41.3392	24.0494
1456	41.3678	24.0661
1447	41.3965	24.0828
1441	41.4251	24.0994
1435	41.4538	24.1161
1427	41.4824	24.1328
1422	41.5111	24.1494
1417	41.5397	24.1661
1412	41.5684	24.1828
1405	41.597	24.1994
1397	41.6257	24.2161
1393	41.6543	24.2328
1384	41.683	24.2494
1381	41.7116	24.2661
1375	41.7403	24.2828
1371	41.7689	24.2994
1365	41.7976	24.3161
1358	41.8262	24.3328
1354	41.8549	24.3494
1349	41.8835	24.3661
1340	41.9122	24.3828
1337	41.9408	24.3994
1329	41.9695	24.4161
1322	41.9981	24.4328
1317	42.0268	24.4494
1312	42.0554	24.4661
1306	42.0841	24.4828
1301	42.1127	24.4994
1296	42.1413	24.5161
1290	42.17	24.5328
1285	42.1987	24.5494
1278	42.2273	24.5661
1276	42.2559	24.5828
1271	42.2846	24.5994
1265	42.3132	24.6161
1261	42.3419	24.6328
1254	42.3705	24.6494
1250	42.3992	24.6661
1245	42.4278	24.6828
1238	42.4565	24.6994
1234	42.4851	24.7161
1227	42.5138	24.7328
1220	42.5424	24.7494
1214	42.5711	24.7661
1207	42.5997	24.7828
1203	42.6284	24.7994
1197	42.657	24.8161
1197	42.6857	24.8328
1193	42.7143	24.8494
1189	42.743	24.8661
1186	42.7716	24.8828
1181	42.8003	24.8994
1175	42.8289	24.9161
1168	42.8576	24.9328
1165	42.8862	24.9494
1159	42.9149	24.9661
1154	42.9435	24.9828
1147	42.9722	24.9994
1144	43.0008	25.0161
1142	43.0295	25.0328
1137	43.0581	25.0494
1131	43.0868	25.0661
1127	43.1154	25.0828
1121	43.1441	25.0994
1117	43.1727	25.1161
1113	43.2014	25.1328
1110	43.23	25.1494
1106	43.2587	25.1661
1101	43.2873	25.1828
1097	43.316	25.1994
1092	43.3446	25.2161
1088	43.3733	25.2328
1082	43.4019	25.2494
1077	43.4306	25.2661
1072	43.4592	25.2828
1067	43.4879	25.2994
1064	43.5165	25.3161
1064	43.5452	25.3328
1062	43.5738	25.3494
1056	43.6025	25.3661
1048	43.6311	25.3828
1045	43.6598	25.3994
1039	43.6884	25.4161
1038	43.7171	25.4328
1037	43.7457	25.4494
1033	43.7744	25.4661
1025	43.803	25.4827
1020	43.8317	25.4994
1015	43.8603	25.5161
1007	43.889	25.5327
1005	43.9176	25.5494
1005	43.9463	25.5661
1002	43.9463	25.5827
997	43.9463	25.5994
992	43.9463	25.6161
992	43.9463	25.6327
989	43.9463	25.6494
984	43.9463	25.6661
976	43.9463	25.6827
970	43.9463	25.6994
964	43.9463	25.7161
962	43.9463	25.7327
962	43.9463	25.7494
962	43.9463	25.7661
961	43.9463	25.7827
961	43.9463	25.7994
953	43.9463	25.8161
947	43.9463	25.8327
943	43.9463	25.8494
940	43.9463	25.8661
934	43.9463	25.8827
930	43.9463	25.8994
924	43.9463	25.9161
922	43.9463	25.9327
921	43.9463	25.9494
915	43.9463	25.9661
908	43.9463	25.9827
902	43.9463	25.9994
900	43.9463	26.0161
900	43.9463	26.0327
900	43.9463	26.0494
900	43.9463	26.0661
892	43.9463	26.0827
883	43.9463	26.0994
883	43.9463	26.1161
882	43.9463	26.1327
881	43.9463	26.1494
875	43.9463	26.1661
870	43.9463	26.1827
861	43.9176	26.1994
861	43.889	26.2161
860	43.8603	26.2327
854	43.8317	26.2494
851	43.803	26.2661
851	43.7744	26.2827
851	43.7457	26.2994
849	43.7171	26.3161
843	43.6884	26.3327
842	43.6598	26.3494
837	43.6311	26.3661
829	43.6025	26.3827
822	43.5738	26.3994
822	43.5452	26.4161
822	43.5165	26.4327
822	43.4879	26.4494
819	43.4592	26.4661
812	43.4306	26.4827
806	43.4019	26.4994
804	43.3733	26.5161
804	43.3446	26.5327
804	43.316	26.5494
802	43.2873	26.5661
799	43.2587	26.5827
792	43.23	26.5994
786	43.2014	26.6161
784	43.1727	26.6327
783	43.1441	26.6494
780	43.1154	26.6661
775	43.0868	26.6827
773	43.0581	26.6994
773	43.0295	26.7161
773	43.0008	26.7327
767	42.9722	26.7494
761	42.9435	26.7661
760	42.9149	26.7827
757	42.8862	26.7994
752	42.8576	26.8161
750	42.8289	26.8327
750	42.8003	26.8494
745	42.7716	26.8661
739	42.743	26.8827
739	42.7143	26.8994
739	42.6857	26.9161
739	42.657	26.9327
739	42.6284	26.9494
734	42.5997	26.9661
731	42.5711	26.9827
731	42.5424	26.9994
731	42.5138	27.0161
727	42.4851	27.0327
720	42.4565	27.0494
717	42.4278	27.0661
713	42.3992	27.0827
709	42.3705	27.0994
709	42.3419	27.1161
709	42.3132	27.1327
709	42.2846	27.1494
709	42.2559	27.1661
705	42.2273	27.1827
698	42.1987	27.1994
697	42.17	27.2161
697	42.1413	27.2327
696	42.1127	27.2494
695	42.0841	27.2661
690	42.0554	27.2827
684	42.0268	27.2994
679	41.9981	27.3161
679	41.9695	27.3327
679	41.9408	27.3494
679	41.9122	27.3661
676	41.8835	27.3827
671	41.8549	27.3994
668	41.8262	27.4161
668	41.7976	27.4327
668	41.7689	27.4494
668	41.7403	27.4661
664	41.7116	27.4827
660	41.683	27.4994
659	41.6543	27.5161
659	41.6257	27.5327
659	41.597	27.5494
659	41.5684	27.5661
659	41.5397	27.5827
658	41.5111	27.5994
653	41.4824	27.6161
651	41.4538	27.6327
649	41.4251	27.6494
646	41.3965	27.666
641	41.3678	27.6827
639	41.3392	27.6994
639	41.3105	27.716
639	41.2819	27.7327
637	41.2532	27.7494
634	41.2246	27.766
633	41.1959	27.7827
632	41.1673	27.7994
632	41.1386	27.816
632	41.11	27.8327
632	41.0813	27.8494
632	41.0527	27.866
627	41.024	27.8827
621	40.9954	27.8994
615	40.9667	27.916
611	40.9381	27.9327
611	40.9094	27.9494
611	40.8808	27.966
611	40.8521	27.9827
611	40.8235	27.9994
611	40.7948	28.016
611	40.7662	28.0327
611	40.7375	28.0494
611	40.7089	28.066
611	40.6802	28.0827
611	40.6516	28.0994
611	40.6229	28.116
611	40.5943	28.1327
611	40.5656	28.1494
610	40.537	28.166
610	40.5083	28.1827
610	40.4797	28.1994
610	40.451	28.216
610	40.4224	28.2327
610	40.3937	28.2494
610	40.3651	28.266
607	40.3365	28.2827
601	40.3078	28.2994
598	40.2792	28.316
598	40.2505	28.3327
598	40.2219	28.3494
598	40.1932	28.366
598	40.1646	28.3827
598	40.1359	28.3994
598	40.1073	28.416
598	40.0786	28.4327
598	40.05	28.4494
598	40.0213	28.466
598	39.9927	28.4827
598	39.964	28.4994
598	39.9354	28.516
598	39.9067	28.5327
598	39.8781	28.5494
595	39.8494	28.566
592	39.8208	28.5827
592	39.7921	28.5994
592	39.7635	28.616
592	39.7348	28.6327
592	39.7062	28.6494
592	39.6775	28.666
592	39.6489	28.6827
592	39.6202	28.6994
592	39.5916	28.716
592	39.5629	28.7327
592	39.5343	28.7494
592	39.5056	28.766
592	39.477	28.7827
592	39.4483	28.7994
592	39.4197	28.816
592	39.391	28.8327
592	39.3624	28.8494
592	39.3337	28.866
592	39.3051	28.8827
592	39.2764	28.8994
592	39.2478	28.916
588	39.2191	28.9327
582	39.1905	28.9494
581	39.1618	28.966
581	39.1332	28.9827
581	39.1045	28.9994
581	39.0759	29.016
580	39.0472	29.0327
580	39.0186	29.0494
580	38.9899	29.066
580	38.9613	29.0827
580	38.9326	29.0994
580	38.904	29.116
580	38.8753	29.1327
580	38.8467	29.1494
580	38.818	29.166
580	38.7894	29.1827
580	38.7607	29.1994
580	38.7321	29.216
580	38.7034	29.2327
580	38.6748	29.2494
580	38.6461	29.266
580	38.6175	29.2827
580	38.5889	29.2994
580	38.5602	29.316
580	38.5316	29.3327
580	38.5029	29.3494
580	38.4743	29.366
580	38.4456	29.3827
580	38.417	29.3994
577	38.3883	29.416
576	38.3597	29.4327
576	38.331	29.4494
576	38.3024	29.466
576	38.2737	29.4827
576	38.2451	29.4994
576	38.2164	29.516
576	38.1878	29.5327
576	38.1591	29.5494
576	38.1305	29.566
576	38.1018	29.5827
576	38.0732	29.5994
576	38.0445	29.616
576	38.0159	29.6327
576	37.9872	29.6494
576	37.9586	29.666
576	37.9299	29.6827
576	37.9013	29.6994
576	37.8726	29.716
576	37.844	29.7327
576	37.8153	29.7494
576	37.7867	29.766
576	37.758	29.7827
576	37.7294	29.7994
576	37.7007	29.816
576	37.6721	29.8327
576	37.6434	29.8493
576	37.6148	29.866
576	37.5861	29.8827
576	37.5575	29.8993
576	37.5288	29.916
576	37.5002	29.9327
576	37.4715	29.9493
576	37.4429	29.966
576	37.4142	29.9827
576	37.3856	29.9993
576	37.3569	30.016
576	37.3283	30.0327
572	37.2996	30.0493
569	37.271	30.066
569	37.2423	30.0827
569	37.2137	30.0993
569	37.185	30.116
569	37.1564	30.1327
569	37.1277	30.1493
569	37.0991	30.166
569	37.0704	30.1827
569	37.0418	30.1993
569	37.0131	30.216
569	36.9845	30.2327
569	36.9558	30.2493
569	36.9272	30.266
569	36.8985	30.2827
569	36.8699	30.2993
569	36.8413	30.316
569	36.8126	30.3327
569	36.784	30.3493
569	36.7553	30.366
569	36.7267	30.3827
569	36.698	30.3993
569	36.6694	30.416
569	36.6407	30.4327
569	36.6121	30.4493
569	36.5834	30.466
569	36.5548	30.4827
569	36.5261	30.4993
569	36.4975	30.516
569	36.4688	30.5327
569	36.4402	30.5493
569	36.4115	30.566
569	36.3829	30.5827
569	36.3542	30.5993
569	36.3256	30.616
569	36.2969	30.6327
569	36.2683	30.6493
569	36.2396	30.666
569	36.211	30.6827
569	36.1823	30.6993
569	36.1537	30.716
569	36.125	30.7327
569	36.0964	30.7493
569	36.0677	30.766
569	36.0391	30.7827
569	36.0104	30.7993
569	35.9818	30.816
569	35.9531	30.8327
569	35.9245	30.8493
569	35.8958	30.866
569	35.8672	30.8827
569	35.8385	30.8993
569	35.8099	30.916
569	35.7812	30.9327
569	35.7526	30.9493
569	35.7239	30.966
569	35.6953	30.9827
569	35.6666	30.9993
569	35.638	31.016
569	35.6093	31.0327
569	35.5807	31.0493
569	35.552	31.066
569	35.5234	31.0827
569	35.4947	31.0993
569	35.4661	31.116
569	35.4374	31.1327
569	35.4088	31.1493
569	35.3801	31.166
569	35.3515	31.1827
569	35.3228	31.1993
569	35.2942	31.216
569	35.2655	31.2327
569	35.2369	31.2493
569	35.2082	31.266
569	35.1796	31.2827
569	35.151	31.2993
569	35.1223	31.316
569	35.0937	31.3327
569	35.065	31.3493
569	35.0364	31.366
569	35.0077	31.3827
569	34.9791	31.3993
569	34.9504	31.416
569	34.9218	31.4327
569	34.8931	31.4493
569	34.8645	31.466
569	34.8358	31.4827
569	34.8072	31.4993
569	34.7785	31.516
569	34.7499	31.5327
569	34.7212	31.5493
569	34.6926	31.566
569	34.6639	31.5827
569	34.6353	31.5993
569	34.6066	31.616
569	34.578	31.6327
569	34.5493	31.6493
569	34.5207	31.666
569	34.492	31.6827
569	34.4634	31.6993
569	34.4347	31.716
569	34.4061	31.7327
569	34.3774	31.7493
569	34.3488	31.766
569	34.3201	31.7827
569	34.2915	31.7993
569	34.2628	31.816
569	34.2342	31.8327
569	34.2055	31.8493
569	34.1769	31.866
569	34.1482	31.8827
568	34.1196	31.8993
568	34.0909	31.916
568	34.0623	31.9327
568	34.0336	31.9493
568	34.005	31.966
568	33.9763	31.9827
568	33.9477	31.9993
568	33.919	32.016
568	33.8904	32.0326
568	33.8617	32.0493
568	33.8331	32.066
568	33.8044	32.0826
568	33.7758	32.0993
568	33.7471	32.116
568	33.7185	32.1326
568	33.6898	32.1493
568	33.6612	32.166
568	33.6325	32.1826
568	33.6039	32.1993
568	33.5752	32.216
568	33.5466	32.2326
568	33.5179	32.2493
568	33.4893	32.266
568	33.4606	32.2826
568	33.432	32.2993
568	33.4034	32.316
568	33.3747	32.3326
568	33.3461	32.3493
568	33.3174	32.366
568	33.2888	32.3826
568	33.2601	32.3993
568	33.2315	32.416
568	33.2028	32.4326
567	33.1742	32.4493
567	33.1455	32.466
567	33.1169	32.4826
567	33.0882	32.4993
567	33.0596	32.516
567	33.0309	32.5326
567	33.0023	32.5493
567	32.9736	32.566
567	32.945	32.5826
567	32.9163	32.5993
567	32.8877	32.616
567	32.859	32.6326
567	32.8304	32.6493
567	32.8017	32.666
567	32.7731	32.6826
567	32.7444	32.6993
567	32.7158	32.716
567	32.6871	32.7326
567	32.6585	32.7493
567	32.6298	32.766
567	32.6012	32.7826
567	32.5725	32.7993
567	32.5439	32.816
567	32.5152	32.8326
567	32.4866	32.8493
567	32.4579	32.866
567	32.4293	32.8826
567	32.4006	32.8993
567	32.372	32.916
567	32.3433	32.9326
567	32.3147	32.9493
567	32.286	32.966
567	32.2574	32.9826
567	32.2287	32.9993
567	32.2001	33.016
567	32.1714	33.0326
567	32.1428	33.0493
567	32.1141	33.066
567	32.0855	33.0826
567	32.0568	33.0993
567	32.0282	33.116
567	31.9995	33.1326
567	31.9709	33.1493
567	31.9422	33.166
567	31.9136	33.1826
567	31.8849	33.1993
567	31.8563	33.216
567	31.8276	33.2326
567	31.799	33.2493
567	31.7703	33.266
567	31.7417	33.2826
567	31.713	33.2993
567	31.6844	33.316
567	31.6557	33.3326
567	31.6271	33.3493
567	31.5984	33.366
567	31.5698	33.3826
567	31.5412	33.3993
567	31.5125	33.416
567	31.4839	33.4326
567	31.4552	33.4493
567	31.4266	33.466
567	31.3979	33.4826
567	31.3693	33.4993
567	31.3406	33.516
567	31.312	33.5326
567	31.2833	33.5493
567	31.2547	33.566
567	31.226	33.5826
567	31.1974	33.5993
567	31.1687	33.616
567	31.1401	33.6326
567	31.1114	33.6493
567	31.0828	33.666
566	31.0541	33.6826
566	31.0255	33.6993
566	30.9968	33.716
566	30.9682	33.7326
566	30.9395	33.7493
566	30.9109	33.766
566	30.8822	33.7826
566	30.8536	33.7993
566	30.8249	33.816
566	30.7963	33.8326
566	30.7676	33.8493
566	30.739	33.866
565	30.7103	33.8826
565	30.6817	33.8993
565	30.653	33.916
565	30.6244	33.9326
565	30.5957	33.9493
565	30.5671	33.966
565	30.5384	33.9826
565	30.5098	33.9993
565	30.4811	34.016
565	30.4525	34.0326
565	30.4238	34.0493
565	30.3952	34.066
565	30.3665	34.0826
565	30.3379	34.0993
565	30.3092	34.116
565	30.2806	34.1326
565	30.2519	34.1493
565	30.2233	34.166
565	30.1946	34.1826
565	30.166	34.1993
565	30.1373	34.216
565	30.1087	34.2326
564	30.08	34.2493
564	30.0514	34.2659
564	30.0227	34.2826
564	29.9941	34.2993
564	29.9654	34.3159
564	29.9368	34.3326
564	29.9081	34.3493
564	29.8795	34.3659
564	29.8508	34.3826
564	29.8222	34.3993
564	29.7936	34.4159
564	29.7649	34.4326
564	29.7363	34.4493
564	29.7076	34.4659
564	29.679	34.4826
564	29.6503	34.4993
564	29.6217	34.5159
564	29.593	34.5326
564	29.5644	34.5493
564	29.5357	34.5659
564	29.5071	34.5826
564	29.4784	34.5993
564	29.4498	34.6159
564	29.4211	34.6326
564	29.3925	34.6493
564	29.3638	34.6659
564	29.3352	34.6826
564	29.3065	34.6993
564	29.2779	34.7159
564	29.2492	34.7326
564	29.2206	34.7493
564	29.1919	34.7659
564	29.1633	34.7826
564	29.1346	34.7993
564	29.106	34.8159
564	29.0773	34.8326
564	29.0487	34.8493
564	29.02	34.8659
564	28.9914	34.8826
564	28.9627	34.8993
564	28.9341	34.9159
564	28.9054	34.9326
564	28.8768	34.9493
564	28.8481	34.9659
564	28.8195	34.9826
564	28.7908	34.9993
564	28.7622	35.0159
564	28.7335	35.0326
564	28.7049	35.0493
564	28.6762	35.0659
564	28.6476	35.0826
564	28.6189	35.0993
564	28.5903	35.1159
564	28.5616	35.1326
564	28.533	35.1493
564	28.5043	35.1659
564	28.4757	35.1826
564	28.4471	35.1993
564	28.4184	35.2159
564	28.3898	35.2326
564	28.3611	35.2493
564	28.3325	35.2659
564	28.3038	35.2826
564	28.2752	35.2993
564	28.2465	35.3159
564	28.2179	35.3326
564	28.1892	35.3493
564	28.1606	35.3659
564	28.1319	35.3826
564	28.1033	35.3993
564	28.0746	35.4159
564	28.046	35.4326
564	28.0173	35.4493
564	27.9887	35.4659
564	27.96	35.4826
564	27.9314	35.4993
564	27.9028	35.5159
564	27.8741	35.5326
564	27.8455	35.5493
564	27.8168	35.5659
564	27.7882	35.5826
564	27.7595	35.5993
564	27.7309	35.6159
564	27.7022	35.6326
564	27.6736	35.6493
564	27.6449	35.6659
564	27.6163	35.6826
564	27.5876	35.6993
564	27.559	35.7159
564	27.5303	35.7326
564	27.5017	35.7493
564	27.473	35.7659
564	27.4444	35.7826
564	27.4157	35.7993
564	27.3871	35.8159
564	27.3584	35.8326
564	27.3298	35.8493
564	27.3012	35.8659
564	27.2725	35.8826
564	27.2439	35.8993
564	27.2152	35.9159
564	27.1866	35.9326
564	27.1579	35.9493
564	27.1293	35.9659
564	27.1006	35.9826
564	27.072	35.9993
564	27.0433	36.0159
564	27.0147	36.0326
564	26.986	36.0493
564	26.9574	36.0659
564	26.9287	36.0826
564	26.9001	36.0993
564	26.8714	36.1159
564	26.8428	36.1326
564	26.8141	36.1493
564	26.7855	36.1659
564	26.7569	36.1826
564	26.7282	36.1993
564	26.6996	36.2159
564	26.6709	36.2326
564	26.6423	36.2493
564	26.6136	36.2659
564	26.585	36.2826
564	26.5563	36.2993
564	26.5277	36.3159
564	26.499	36.3326
564	26.4704	36.3493
564	26.4417	36.3659
564	26.4131	36.3826
564	26.3844	36.3993
564	26.3558	36.4159
564	26.3271	36.4326
564	26.2985	36.4492
564	26.2698	36.4659
564	26.2412	36.4826
564	26.2125	36.4992
564	26.1839	36.5159
564	26.1553	36.5326
564	26.1266	36.5492
564	26.098	36.5659
564	26.0693	36.5826
564	26.0407	36.5992
564	26.012	36.6159
564	25.9834	36.6326
564	25.9547	36.6492
564	25.9261	36.6659
564	25.8974	36.6826
564	25.8688	36.6992
564	25.8401	36.7159
564	25.8115	36.7326
564	25.7828	36.7492
564	25.7542	36.7659
564	25.7255	36.7826
564	25.6969	36.7992
564	25.6682	36.8159
564	25.6396	36.8326
564	25.611	36.8492
564	25.5823	36.8659
564	25.5537	36.8826
564	25.525	36.8992
564	25.4964	36.9159
564	25.4677	36.9326
564	25.4391	36.9492
564	25.4104	36.9659
564	25.3818	36.9826
564	25.3531	36.9992
564	25.3245	37.0159
564	25.2958	37.0326
564	25.2672	37.0492
564	25.2385	37.0659
564	25.2099	37.0826
564	25.1812	37.0992
564	25.1526	37.1159
564	25.1239	37.1326
564	25.0953	37.1492
564	25.0667	37.1659
564	25.038	37.1826
564	25.0094	37.1992
564	24.9807	37.2159
564	24.9521	37.2326
564	24.9234	37.2492
564	24.8948	37.2659
564	24.8661	37.2826
564	24.8375	37.2992
564	24.8088	37.3159
564	24.7802	37.3326
564	24.7515	37.3492
564	24.7229	37.3659
564	24.6942	37.3826
564	24.6656	37.3992
564	24.6369	37.4159
564	24.6083	37.4326
564	24.5796	37.4492
564	24.551	37.4659
564	24.5223	37.4826
564	24.4937	37.4992
564	24.4651	37.5159
564	24.4364	37.5326
564	24.4078	37.5492
564	24.3791	37.5659
564	24.3505	37.5826
564	24.3218	37.5992
564	24.2932	37.6159
564	24.2645	37.6326
564	24.2359	37.6492
564	24.2072	37.6659
564	24.1786	37.6826
564	24.1499	37.6992
564	24.1213	37.7159
564	24.0926	37.7326
564	24.064	37.7492
564	24.0353	37.7659
564	24.0067	37.7826
564	23.978	37.7992
564	23.9494	37.8159
564	23.9208	37.8326
564	23.8921	37.8492
564	23.8635	37.8659
564	23.8348	37.8826
564	23.8062	37.8992
564	23.7775	37.9159
564	23.7489	37.9326
564	23.7202	37.9492
564	23.6916	37.9659
564	23.6629	37.9826
564	23.6343	37.9992
564	23.6056	38.0159
564	23.577	38.0326
564	23.5483	38.0492
564	23.5197	38.0659
564	23.491	38.0826
564	23.4624	38.0992
564	23.4337	38.1159
564	23.4051	38.1326
564	23.3764	38.1492
564	23.3478	38.1659
564	23.3192	38.1826
564	23.2905	38.1992
564	23.2619	38.2159
564	23.2332	38.2326
564	23.2046	38.2492
564	23.1759	38.2659
564	23.1473	38.2826
564	23.1186	38.2992
564	23.09	38.3159
564	23.0613	38.3326
564	23.0327	38.3492
564	23.004	38.3659
564	22.9754	38.3826
564	22.9467	38.3992
564	22.9181	38.4159
564	22.8894	38.4326
564	22.8608	38.4492
564	22.8321	38.4659
564	22.8035	38.4826
564	22.7749	38.4992
564	22.7462	38.5159
564	22.7176	38.5326
564	22.6889	38.5492
564	22.6603	38.5659
564	22.6316	38.5826
564	22.603	38.5992
564	22.5743	38.6159
564	22.5457	38.6325
564	22.517	38.6492
564	22.4884	38.6659
564	22.4597	38.6825
564	22.4311	38.6992
564	22.4024	38.7159
564	22.3738	38.7325
564	22.3451	38.7492
564	22.3165	38.7659
564	22.2878	38.7825
564	22.2592	38.7992
564	22.2305	38.8159
564	22.2019	38.8325
564	22.1733	38.8492
564	22.1446	38.8659
564	22.116	38.8825
564	22.0873	38.8992
564	22.0587	38.9159
564	22.03	38.9325
564	22.0014	38.9492
564	21.9727	38.9659
564	21.9441	38.9825
564	21.9154	38.9992
564	21.8868	39.0159
564	21.8581	39.0325
564	21.8295	39.0492
564	21.8008	39.0659
564	21.7722	39.0825
564	21.7435	39.0992
564	21.7149	39.1159
564	21.6862	39.1325
564	21.6576	39.1492
564	21.629	39.1659
564	21.6003	39.1825
564	21.5717	39.1992
564	21.543	39.2159
564	21.5144	39.2325
564	21.4857	39.2492
564	21.4571	39.2659
564	21.4284	39.2825
564	21.3998	39.2992
564	21.3711	39.3159
564	21.3425	39.3325
564	21.3138	39.3492
564	21.2852	39.3659
564	21.2565	39.3825
564	21.2279	39.3992
564	21.1992	39.4159
564	21.1706	39.4325
564	21.1419	39.4492
564	21.1133	39.4659
564	21.0847	39.4825
564	21.056	39.4992
564	21.0274	39.5159
564	20.9987	39.5325
564	20.9701	39.5492
564	20.9414	39.5659
564	20.9128	39.5825
564	20.8841	39.5992
564	20.8555	39.6159
564	20.8268	39.6325
564	20.7982	39.6492
564	20.7695	39.6659
564	20.7409	39.6825
564	20.7122	39.6992
564	20.6836	39.7159
564	20.6549	39.7325
564	20.6263	39.7492
564	20.5976	39.7659
564	20.569	39.7825
564	20.5403	39.7992
564	20.5117	39.8159
564	20.4831	39.8325
564	20.4544	39.8492
564	20.4258	39.8659
564	20.3971	39.8825
564	20.3685	39.8992
564	20.3398	39.9159
564	20.3112	39.9325
564	20.2825	39.9492
564	20.2539	39.9659
564	20.2252	39.9825
564	20.1966	39.9992
564	20.1679	40.0159
564	20.1393	40.0325
564	20.1106	40.0492
564	20.082	40.0659
564	20.0533	40.0825
564	20.0247	40.0992
564	19.996	40.1159
564	19.9674	40.1326
564	19.9388	40.1492
564	19.9101	40.1659
564	19.8815	40.1826
564	19.8528	40.1992
564	19.8242	40.2159
564	19.7955	40.2326
564	19.7669	40.2492
564	19.7382	40.2659
564	19.7096	40.2826
564	19.6809	40.2993
564	19.6523	40.3159
564	19.6236	40.3326
564	19.595	40.3493
564	19.5663	40.3659
564	19.5377	40.3826
564	19.509	40.3993
564	19.4804	40.4159
564	19.4517	40.4326
564	19.4231	40.4493
564	19.3944	40.466
564	19.3658	40.4826
564	19.3372	40.4993
564	19.3085	40.516
564	19.2799	40.5326
564	19.2512	40.5493
564	19.2226	40.566
564	19.1939	40.5826
564	19.1653	40.5993
564	19.1366	40.616
564	19.108	40.6327
564	19.0793	40.6493
564	19.0507	40.666
564	19.022	40.6827
564	18.9934	40.6993
564	18.9647	40.716
564	18.9361	40.7327
564	18.9074	40.7494
564	18.8788	40.766
564	18.8501	40.7827
564	18.8215	40.7994
564	18.7929	40.816
564	18.7642	40.8327
564	18.7356	40.8494
564	18.7069	40.866
564	18.6783	40.8827
564	18.6496	40.8994
564	18.621	40.9161
564	18.5923	40.9327
564	18.5637	40.9494
564	18.535	40.9661
564	18.5064	40.9827
564	18.4777	40.9994
564	18.4491	41.0161
564	18.4204	41.0327
564	18.3918	41.0494
564	18.3631	41.0661
564	18.3345	41.0828
564	18.3058	41.0994
564	18.2772	41.1161
564	18.2486	41.1328
564	18.2199	41.1494
564	18.1913	41.1661
564	18.1626	41.1828
564	18.134	41.1994
564	18.1053	41.2161
564	18.0767	41.2328
564	18.048	41.2495
564	18.0194	41.2661
564	17.9907	41.2828
564	17.9621	41.2995
564	17.9334	41.3161
564	17.9048	41.3328
564	17.8761	41.3495
564	17.8475	41.3661
564	17.8188	41.3828
564	17.7902	41.3995
564	17.7615	41.4162
564	17.7329	41.4328
564	17.7042	41.4495
564	17.6756	41.4662
564	17.647	41.4828
564	17.6183	41.4995
564	17.5897	41.5162
564	17.561	41.5329
564	17.5324	41.5495
564	17.5037	41.5662
564	17.4751	41.5829
564	17.4464	41.5995
564	17.4178	41.6162
564	17.3891	41.6329
564	17.3605	41.6495
564	17.3318	41.6662
564	17.3032	41.6829
564	17.2745	41.6996
564	17.2459	41.7162
564	17.2172	41.7329
564	17.1886	41.7496
564	17.1599	41.7662
564	17.1313	41.7829
564	17.1026	41.7996
564	17.074	41.8162
564	17.0454	41.8329
564	17.0167	41.8496
564	16.9881	41.8663
564	16.9594	41.8829
564	16.9308	41.8996
564	16.9021	41.9163
564	16.8735	41.9329
564	16.8448	41.9496
564	16.8162	41.9663
564	16.7875	41.9829
564	16.7589	41.9996
564	16.7302	42.0163
564	16.7016	42.033
564	16.6729	42.0496
564	16.6443	42.0663
564	16.6156	42.083
564	16.587	42.0996
564	16.5583	42.1163
564	16.5297	42.133
564	16.5011	42.1497
564	16.4724	42.1663
564	16.4438	42.183
564	16.4151	42.1997
564	16.3865	42.2163
564	16.3578	42.233
564	16.3292	42.2497
564	16.3005	42.2663
564	16.2719	42.283
564	16.2432	42.2997
564	16.2146	42.3164
564	16.1859	42.333
564	16.1573	42.3497
564	16.1286	42.3664
564	16.1	42.383
564	16.0713	42.3997
564	16.0427	42.4164
564	16.014	42.433
564	15.9854	42.4497
564	15.9568	42.4664
564	15.9281	42.4831
564	15.8995	42.4997
564	15.8708	42.5164
564	15.8422	42.5331
564	15.8135	42.5497
564	15.7849	42.5664
564	15.7562	42.5831
564	15.7276	42.5997
564	15.6989	42.6164
564	15.6703	42.6331
564	15.6416	42.6498
564	15.613	42.6664
564	15.5843	42.6831
564	15.5557	42.6998
564	15.527	42.7164
564	15.4984	42.7331
564	15.4697	42.7498
564	15.4411	42.7664
564	15.4124	42.7831
564	15.3838	42.7998
564	15.3552	42.8165
564	15.3265	42.8331
564	15.2979	42.8498
564	15.2692	42.8665
564	15.2406	42.8831
564	15.2119	42.8998
564	15.1833	42.9165
564	15.1546	42.9332
564	15.126	42.9498
564	15.0973	42.9665
564	15.0687	42.9832
564	15.04	42.9998
564	15.0114	43.0165
564	14.9827	43.0332
564	14.9541	43.0498
564	14.9254	43.0665
564	14.8968	43.0832
564	14.8681	43.0999
564	14.8395	43.1165
564	14.8109	43.1332
564	14.7822	43.1499
564	14.7536	43.1665
564	14.7249	43.1832
564	14.6963	43.1999
564	14.6676	43.2165
564	14.639	43.2332
564	14.6103	43.2499
564	14.5817	43.2666
564	14.553	43.2832
564	14.5244	43.2999
564	14.4957	43.3166
564	14.4671	43.3332
564	14.4384	43.3499
564	14.4098	43.3666
564	14.3811	43.3832
564	14.3525	43.3999
564	14.3238	43.4166
564	14.2952	43.4333
564	14.2666	43.4499
564	14.2379	43.4666
564	14.2093	43.4833
564	14.1806	43.4999
564	14.152	43.5166
564	14.1233	43.5333
564	14.0947	43.5499
564	14.066	43.5666
564	14.0374	43.5833
564	14.0087	43.6
564	13.9801	43.6166
564	13.9514	43.6333
564	13.9228	43.65
564	13.8941	43.6666
564	13.8655	43.6833
564	13.8368	43.7
564	13.8082	43.7167
564	13.7795	43.7333
564	13.7509	43.75
564	13.7222	43.7667
564	13.6936	43.7833
564	13.665	43.8
564	13.6363	43.8167
564	13.6077	43.8333
564	13.579	43.85
564	13.5504	43.8667
564	13.5217	43.8834
564	13.4931	43.9
564	13.4644	43.9167
564	13.4358	43.9334
564	13.4071	43.95
564	13.3785	43.9667
564	13.3498	43.9834
564	13.3212	44
564	13.2925	44.0167
564	13.2639	44.0334
564	13.2352	44.0501
564	13.2066	44.0667
564	13.1779	44.0834
564	13.1493	44.1001
564	13.1207	44.1167
564	13.092	44.1334
564	13.0634	44.1501
564	13.0347	44.1667
564	13.0061	44.1834
564	12.9774	44.2001
564	12.9488	44.2168
564	12.9201	44.2334
564	12.8915	44.2501
564	12.8628	44.2668
564	12.8342	44.2834
564	12.8055	44.3001
564	12.7769	44.3168
564	12.7482	44.3335
564	12.7196	44.3501
564	12.6909	44.3668
564	12.6623	44.3835
564	12.6336	44.4001
564	12.605	44.4168
564	12.5763	44.4335
564	12.5477	44.4501
564	12.5191	44.4668
564	12.4904	44.4835
564	12.4618	44.5002
564	12.4331	44.5168
564	12.4045	44.5335
564	12.3758	44.5502
564	12.3472	44.5668
564	12.3185	44.5835
564	12.2899	44.6002
564	12.2612	44.6168
564	12.2326	44.6335
564	12.2039	44.6502
564	12.1753	44.6669
564	12.1466	44.6835
564	12.118	44.7002
564	12.0893	44.7169
564	12.0607	44.7335
564	12.032	44.7502
564	12.0034	44.7669
564	11.9748	44.7835
564	11.9461	44.8002
564	11.9175	44.8169
564	11.8888	44.8336
564	11.8602	44.8502
564	11.8315	44.8669
564	11.8029	44.8836
564	11.7742	44.9002
564	11.7456	44.9169
564	11.7169	44.9336
564	11.6883	44.9502
564	11.6596	44.9669
564	11.631	44.9836
564	11.6023	45.0003
564	11.5737	45.0169
564	11.545	45.0336
564	11.5164	45.0503
564	11.4877	45.0669
564	11.4591	45.0836
564	11.4304	45.1003
564	11.4018	45.117
564	11.3732	45.1336
564	11.3445	45.1503
564	11.3159	45.167
564	11.2872	45.1836
564	11.2586	45.2003
564	11.2299	45.217
564	11.2013	45.2336
564	11.1726	45.2503
564	11.144	45.267
564	11.1153	45.2837
564	11.0867	45.3003
564	11.058	45.317
564	11.0294	45.3337
564	11.0007	45.3503
564	10.9721	45.367
564	10.9434	45.3837
564	10.9148	45.4003
564	10.8861	45.417
564	10.8575	45.4337
564	10.8289	45.4504
564	10.8002	45.467
564	10.7716	45.4837
564	10.7429	45.5004
564	10.7143	45.517
564	10.6856	45.5337
564	10.657	45.5504
564	10.6283	45.567
564	10.5997	45.5837
564	10.571	45.6004
564	10.5424	45.6171
564	10.5137	45.6337
564	10.4851	45.6504
564	10.4564	45.6671
564	10.4278	45.6837
564	10.3991	45.7004
564	10.3705	45.7171
564	10.3418	45.7337
564	10.3132	45.7504
564	10.2845	45.7671
564	10.2559	45.7838
564	10.2273	45.8004
564	10.1986	45.8171
564	10.17	45.8338
564	10.1413	45.8504
564	10.1127	45.8671
564	10.084	45.8838
564	10.0554	45.9005
564	10.0267	45.9171
564	9.99808	45.9338
564	9.96943	45.9505
564	9.94078	45.9671
564	9.91213	45.9838
564	9.88348	46.0005
564	9.85484	46.0171
564	9.82619	46.0338
564	9.79754	46.0505
564	9.7689	46.0672
564	9.74025	46.0838
564	9.7116	46.1005
564	9.68295	46.1172
564	9.65431	46.1338
564	9.62566	46.1505
564	9.59701	46.1672
564	9.56836	46.1838
564	9.53972	46.2005
564	9.51107	46.2172
564	9.48242	46.2339
564	9.45377	46.2505
564	9.42513	46.2672
564	9.39648	46.2839
564	9.36783	46.3005
564	9.33918	46.3172
564	9.31054	46.3339
564	9.28189	46.3505
564	9.25324	46.3672
564	9.22459	46.3839
564	9.19595	46.4006
564	9.1673	46.4172
564	9.13865	46.4339
564	9.11	46.4506
564	9.08136	46.4672
564	9.05271	46.4839
564	9.02406	46.5006
564	8.99541	46.5173
564	8.96677	46.5339
564	8.93812	46.5506
564	8.90947	46.5673
564	8.88082	46.5839
564	8.85218	46.6006
564	8.82353	46.6173
564	8.79488	46.6339
564	8.76623	46.6506
564	8.73759	46.6673
564	8.70894	46.684
564	8.68029	46.7006
564	8.65164	46.7173
564	8.623	46.734
564	8.59435	46.7506
564	8.5657	46.7673
564	8.53705	46.784
564	8.50841	46.8006
564	8.47976	46.8173
564	8.45111	46.834
564	8.42246	46.8507
564	8.39382	46.8673
564	8.36517	46.884
564	8.33652	46.9007
564	8.30787	46.9173
564	8.27923	46.934
564	8.25058	46.9507
564	8.22193	46.9673
564	8.19328	46.984
564	8.16464	47.0007
564	8.13599	47.0174
564	8.10734	47.034
564	8.07869	47.0507
564	8.05005	47.0674
564	8.0214	47.084
564	7.99275	47.1007
564	7.9641	47.1174
564	7.93546	47.134
564	7.90681	47.1507
564	7.87816	47.1674
564	7.84951	47.1841
564	7.82087	47.2007
564	7.79222	47.2174
564	7.76357	47.2341
564	7.73492	47.2507
564	7.70628	47.2674
564	7.67763	47.2841
564	7.64898	47.3008
564	7.62033	47.3174
564	7.59169	47.3341
564	7.56304	47.3508
564	7.53439	47.3674
564	7.50574	47.3841
564	7.4771	47.4008
564	7.44845	47.4174
564	7.4198	47.4341
564	7.39115	47.4508
564	7.36251	47.4675
564	7.33386	47.4841
564	7.30521	47.5008
564	7.27656	47.5175
564	7.24792	47.5341
564	7.21927	47.5508
564	7.19062	47.5675
564	7.16197	47.5841
564	7.13333	47.6008
564	7.10468	47.6175
564	7.07603	47.6342
564	7.04738	47.6508
564	7.01873	47.6675
564	6.99009	47.6842
564	6.96144	47.7008
564	6.93279	47.7175
564	6.90414	47.7342
564	6.8755	47.7508
564	6.84685	47.7675
564	6.8182	47.7842
564	6.78955	47.8009
564	6.7609	47.8175
564	6.73226	47.8342
564	6.70361	47.8509
564	6.67496	47.8675
564	6.64631	47.8842
564	6.61766	47.9009
564	6.58902	47.9175
564	6.56037	47.9342
564	6.53172	47.9509
564	6.50307	47.9676
564	6.47442	47.9842
564	6.44578	48.0009
564	6.41713	48.0176
564	6.38848	48.0342
564	6.35983	48.0509
564	6.33119	48.0676
564	6.30254	48.0843
564	6.27389	48.1009
564	6.24524	48.1176
564	6.21659	48.1343
564	6.18795	48.1509
564	6.1593	48.1676
564	6.13065	48.1843
564	6.102	48.2009
564	6.07335	48.2176
564	6.04471	48.2343
564	6.01606	48.251
564	5.98741	48.2676
564	5.95876	48.2843
564	5.93011	48.301
564	5.90147	48.3176
564	5.87282	48.3343
564	5.84417	48.351
564	5.81552	48.3676
564	5.78687	48.3843
564	5.75823	48.401
564	5.72958	48.4177
564	5.70093	48.4343
564	5.67228	48.451
564	5.64364	48.4677
564	5.61499	48.4843
564	5.58634	48.501
564	5.55769	48.5177
564	5.52904	48.5343
564	5.5004	48.551
564	5.47175	48.5677
564	5.4431	48.5844
564	5.41445	48.601
564	5.3858	48.6177
564	5.35716	48.6344
564	5.32851	48.651
564	5.29986	48.6677
564	5.27121	48.6844
564	5.24256	48.701
564	5.21392	48.7177
564	5.18527	48.7344
564	5.15662	48.7511
564	5.12797	48.7677
564	5.09933	48.7844
564	5.07068	48.8011
564	5.04203	48.8177
564	5.01338	48.8344
564	4.98473	48.8511
564	4.95609	48.8678
564	4.92744	48.8844
564	4.89879	48.9011
564	4.87014	48.9178
564	4.84149	48.9344
564	4.81285	48.9511
564	4.7842	48.9678
564	4.75555	48.9844
564	4.7269	49.0011
564	4.69825	49.0178
564	4.66961	49.0345
564	4.64096	49.0511
564	4.61231	49.0678
564	4.58366	49.0845
564	4.55501	49.1011
564	4.52637	49.1178
564	4.49772	49.1345
564	4.46907	49.1511
564	4.44042	49.1678
564	4.41178	49.1845
564	4.38313	49.2012
564	4.35448	49.2178
564	4.32583	49.2345
564	4.29718	49.2512
564	4.26854	49.2678
564	4.23989	49.2845
564	4.21124	49.3012
564	4.18259	49.3178
564	4.15394	49.3345
564	4.1253	49.3512
564	4.09665	49.3679
564	4.068	49.3845
564	4.03935	49.4012
564	4.0107	49.4179
564	3.98206	49.4345
564	3.95341	49.4512
564	3.92476	49.4679
564	3.89611	49.4846
564	3.86747	49.5012
564	3.83882	49.5179
564	3.81017	49.5346
564	3.78152	49.5512
564	3.75287	49.5679
564	3.72423	49.5846
564	3.69558	49.6012
564	3.66693	49.6179
564	3.63828	49.6346
564	3.60963	49.6513
564	3.58099	49.6679
564	3.55234	49.6846
564	3.52369	49.7013
564	3.49504	49.7179
564	3.46639	49.7346
564	3.43775	49.7513
564	3.4091	49.7679
564	3.38045	49.7846
564	3.3518	49.8013
564	3.32315	49.818
564	3.29451	49.8346
564	3.26586	49.8513
564	3.23721	49.868
564	3.20856	49.8846
564	3.17992	49.9013
564	3.15127	49.918
564	3.12262	49.9346
564	3.09397	49.9513
564	3.06532	49.968
564	3.03668	49.9847
564	3.00803	50.0013
564	2.97938	50.018
564	2.95073	50.0347
564	2.92208	50.0513
564	2.89344	50.068
564	2.86479	50.0847
564	2.83614	50.1013
564	2.80749	50.118
564	2.77884	50.1347
564	2.7502	50.1514
564	2.72155	50.168
564	2.6929	50.1847
564	2.66425	50.2014
564	2.63561	50.218
564	2.60696	50.2347
564	2.57831	50.2514
564	2.54966	50.2681
564	2.52101	50.2847
564	2.49237	50.3014
564	2.46372	50.3181
564	2.43507	50.3347
564	2.40642	50.3514
564	2.37777	50.3681
564	2.34913	50.3847
564	2.32048	50.4014
564	2.29183	50.4181
564	2.26318	50.4348
564	2.23453	50.4514
564	2.20589	50.4681
564	2.17724	50.4848
564	2.14859	50.5014
564	2.11994	50.5181
564	2.09129	50.5348
564	2.06265	50.5514
564	2.034	50.5681
564	2.00535	50.5848
564	1.9767	50.6015
564	1.94806	50.6181
564	1.91941	50.6348
564	1.89076	50.6515
564	1.86211	50.6681
564	1.83346	50.6848
564	1.80482	50.7015
564	1.77617	50.7181
564	1.74752	50.7348
564	1.71887	50.7515
564	1.69022	50.7682
564	1.66158	50.7848
564	1.63293	50.8015
564	1.60428	50.8182
564	1.57563	50.8348
564	1.54699	50.8515
564	1.51834	50.8682
564	1.48969	50.8848
564	1.46104	50.9015
564	1.43239	50.9182
564	1.40375	50.9349
564	1.3751	50.9515
564	1.34645	50.9682
564	1.3178	50.9849
564	1.28916	51.0015
564	1.26051	51.0182
564	1.23186	51.0349
564	1.20321	51.0516
564	1.17456	51.0682
564	1.14592	51.0849
564	1.11727	51.1016
564	1.08862	51.1182
564	1.05997	51.1349
564	1.03132	51.1516
564	1.00268	51.1682
564	0.974029	51.1849
564	0.945382	51.2016
564	0.916734	51.2183
564	0.888086	51.2349
564	0.859438	51.2516
564	0.83079	51.2683
564	0.802142	51.2849
564	0.773495	51.3016
564	0.744847	51.3183
564	0.716199	51.3349
564	0.687551	51.3516
564	0.658903	51.3683
564	0.630255	51.385
564	0.601607	51.4016
564	0.57296	51.4183
564	0.544312	51.435
564	0.515664	51.4516
564	0.487016	51.4683
564	0.458368	51.485
564	0.42972	51.5016
564	0.401072	51.5183
564	0.372425	51.535
564	0.343777	51.5517
564	0.315129	51.5683
564	0.286481	51.585
564	0.257833	51.6017
564	0.229185	51.6183
564	0.200537	51.635
564	0.17189	51.6517
564	0.143242	51.6684
564	0.114594	51.685
564	0.085946	51.7017
564	0.0572982	51.7184
564	0.0286503	51.735
564	2.46127e-06	51.7517
564	-0.0286454	51.7684
564	0	51.785
564	0	51.8017
564	0	51.8184
564	0	51.8351
564	0	51.8517
564	0	51.8684
564	0	51.8851
564	0	51.9017
564	0	51.9184
564	0	51.9351
564	0	51.9517
564	0	51.9684
564	0	51.9851
564	0	52.0018
564	0	52.0184
564	0	52.0351
564	0	52.0518
564	0	52.0684
564	0	52.0851
564	0	52.1018
564	0	52.1184
564	0	52.1351
564	0	52.1518
564	0	52.1685
564	0	52.1851
564	0	52.2018
564	0	52.2185
564	0	52.2351
564	0	52.2518
564	0	52.2685
564	0	52.2851
564	0	52.3018
564	0	52.3185
564	0	52.3352
564	0	52.3518
564	0	52.3685
564	0	52.3852
564	0	52.4018
564	0	52.4185
564	0	52.4352
564	0	52.4519
564	0	52.4685
564	0	52.4852
564	0	52.5019
564	0	52.5185
564	0	52.5352
564	0	52.5519
564	0	52.5685
564	0	52.5852
564	0	52.6019
564	0	52.6186
564	0	52.6352
564	0	52.6519
564	0	52.6686
564	0	52.6852
564	0	52.7019
564	0	52.7186
564	0	52.7352
564	0	52.7519
564	0	52.7686
