inside_count	theta (degrees)	time (s)
99971	0.0286479	0.00700378
99971	0.0572957	0.0236664
99971	0.0859435	0.040329
99971	0.114591	0.0569916
99971	0.143239	0.0736542
99971	0.171887	0.0903168
99971	0.200535	0.106979
99971	0.229183	0.123642
99971	0.257831	0.140305
99971	0.286479	0.156967
99971	0.315126	0.17363
99971	0.343774	0.190292
99971	0.372422	0.206955
99971	0.40107	0.223618
99971	0.429718	0.24028
99971	0.458366	0.256943
99971	0.487013	0.273605
99971	0.515661	0.290268
99971	0.544309	0.306931
99971	0.572957	0.323593
99971	0.601605	0.340256
99971	0.630253	0.356918
99971	0.658901	0.373581
99971	0.687548	0.390244
99971	0.716196	0.406906
99971	0.744844	0.423569
99971	0.773492	0.440231
99971	0.80214	0.456894
99971	0.830788	0.473557
99971	0.859436	0.490219
99971	0.888083	0.506882
99971	0.916731	0.523544
99971	0.945379	0.540207
99971	0.974027	0.55687
99971	1.00267	0.573532
99971	1.03132	0.590195
99971	1.05997	0.606857
99971	1.08862	0.62352
99971	1.11727	0.640182
99971	1.14591	0.656845
99971	1.17456	0.673508
99971	1.20321	0.69017
99971	1.23186	0.706833
99971	1.2605	0.723495
99971	1.28915	0.740158
99971	1.3178	0.756821
99971	1.34645	0.773483
99971	1.3751	0.790146
99971	1.40374	0.806808
99971	1.43239	0.823471
99971	1.46104	0.840134
99971	1.48969	0.856796
99971	1.51834	0.873459
99971	1.54698	0.890121
99971	1.57563	0.906784
99971	1.60428	0.923447
99971	1.63293	0.940109
99971	1.66157	0.956772
99971	1.69022	0.973434
99971	1.71887	0.990097
99971	1.74752	1.00676
99971	1.77617	1.02342
99971	1.80481	1.04008
99971	1.83346	1.05675
99971	1.86211	1.07341
99971	1.89076	1.09007
99971	1.9194	1.10674
99971	1.94805	1.1234
99971	1.9767	1.14006
99971	2.00535	1.15672
99971	2.034	1.17339
99971	2.06264	1.19005
99971	2.09129	1.20671
99971	2.11994	1.22337
99971	2.14859	1.24004
99971	2.17724	1.2567
99971	2.20588	1.27336
99971	2.23453	1.29002
99971	2.26318	1.30669
99971	2.29183	1.32335
99971	2.32048	1.34001
99971	2.34912	1.35667
99971	2.37777	1.37334
99971	2.40642	1.39
99971	2.43507	1.40666
99971	2.46372	1.42332
99971	2.49236	1.43999
99971	2.52101	1.45665
99971	2.54966	1.47331
99971	2.57831	1.48997
99971	2.60695	1.50664
99971	2.6356	1.5233
99971	2.66425	1.53996
99971	2.6929	1.55663
99971	2.72155	1.57329
99971	2.75019	1.58995
99971	2.77884	1.60661
99971	2.80749	1.62328
99971	2.83614	1.63994
99971	2.86479	1.6566
99971	2.89343	1.67326
99971	2.92208	1.68993
99971	2.95073	1.70659
99971	2.97938	1.72325
99971	3.00803	1.73991
99971	3.03667	1.75658
99971	3.06532	1.77324
99971	3.09397	1.7899
99971	3.12262	1.80656
99971	3.15126	1.82323
99971	3.17991	1.83989
99971	3.20856	1.85655
99971	3.23721	1.87321
99971	3.26586	1.88988
99971	3.2945	1.90654
99971	3.32315	1.9232
99971	3.3518	1.93987
99971	3.38045	1.95653
99971	3.4091	1.97319
99971	3.43774	1.98985
99971	3.46639	2.00652
99971	3.49504	2.02318
99971	3.52369	2.03984
99971	3.55234	2.0565
99971	3.58098	2.07317
99971	3.60963	2.08983
99971	3.63828	2.10649
99971	3.66693	2.12315
99971	3.69557	2.13982
99971	3.72422	2.15648
99971	3.75287	2.17314
99971	3.78152	2.1898
99971	3.81017	2.20647
99971	3.83881	2.22313
99971	3.86746	2.23979
99971	3.89611	2.25645
99971	3.92476	2.27312
99971	3.95341	2.28978
99971	3.98205	2.30644
99971	4.0107	2.3231
99971	4.03935	2.33977
99971	4.068	2.35643
99971	4.09665	2.37309
99971	4.12529	2.38976
99971	4.15394	2.40642
99971	4.18259	2.42308
99971	4.21124	2.43974
99971	4.23989	2.45641
99971	4.26853	2.47307
99971	4.29718	2.48973
99971	4.32583	2.50639
99971	4.35448	2.52306
99971	4.38312	2.53972
99971	4.41177	2.55638
99971	4.44042	2.57304
99971	4.46907	2.58971
99971	4.49772	2.60637
99971	4.52636	2.62303
99971	4.55501	2.63969
99971	4.58366	2.65636
99971	4.61231	2.67302
99971	4.64096	2.68968
99971	4.6696	2.70634
99971	4.69825	2.72301
99971	4.7269	2.73967
99971	4.75555	2.75633
99971	4.7842	2.77299
99971	4.81284	2.78966
99971	4.84149	2.80632
99971	4.87014	2.82298
99971	4.89879	2.83965
99971	4.92743	2.85631
99971	4.95608	2.87297
99971	4.98473	2.88963
99971	5.01338	2.9063
99971	5.04203	2.92296
99971	5.07067	2.93962
99971	5.09932	2.95628
99971	5.12797	2.97295
99971	5.15662	2.98961
99971	5.18527	3.00627
99971	5.21391	3.02293
99971	5.24256	3.0396
99971	5.27121	3.05626
99971	5.29986	3.07292
99971	5.32851	3.08958
99971	5.35715	3.10625
99971	5.3858	3.12291
99971	5.41445	3.13957
99971	5.4431	3.15623
99971	5.47175	3.1729
99971	5.50039	3.18956
99971	5.52904	3.20622
99971	5.55769	3.22289
99971	5.58634	3.23955
99971	5.61498	3.25621
99971	5.64363	3.27287
99971	5.67228	3.28954
99971	5.70093	3.3062
99971	5.72958	3.32286
99971	5.75822	3.33952
99971	5.78687	3.35619
99971	5.81552	3.37285
99971	5.84417	3.38951
99971	5.87282	3.40617
99971	5.90146	3.42284
99971	5.93011	3.4395
99971	5.95876	3.45616
99971	5.98741	3.47282
99971	6.01606	3.48949
99971	6.0447	3.50615
99971	6.07335	3.52281
99971	6.102	3.53947
99971	6.13065	3.55614
99971	6.1593	3.5728
99971	6.18794	3.58946
99971	6.21659	3.60612
99971	6.24524	3.62279
99971	6.27389	3.63945
99971	6.30253	3.65611
99971	6.33118	3.67278
99971	6.35983	3.68944
99971	6.38848	3.7061
99971	6.41713	3.72276
99971	6.44577	3.73943
99971	6.47442	3.75609
99971	6.50307	3.77275
99971	6.53172	3.78941
99971	6.56037	3.80608
99971	6.58901	3.82274
99971	6.61766	3.8394
99971	6.64631	3.85606
99971	6.67496	3.87273
99971	6.70361	3.88939
99971	6.73225	3.90605
99971	6.7609	3.92271
99971	6.78955	3.93938
99971	6.8182	3.95604
99971	6.84685	3.9727
99971	6.87549	3.98936
99971	6.90414	4.00603
99971	6.93279	4.02269
99971	6.96144	4.03935
99971	6.99008	4.05602
99971	7.01873	4.07268
99971	7.04738	4.08934
99971	7.07603	4.106
99971	7.10468	4.12267
99971	7.13332	4.13933
99971	7.16197	4.15599
99971	7.19062	4.17265
99971	7.21927	4.18932
99971	7.24791	4.20598
99971	7.27656	4.22264
99971	7.30521	4.2393
99971	7.33386	4.25597
99971	7.3625	4.27263
99971	7.39115	4.28929
99971	7.4198	4.30595
99971	7.44845	4.32262
99971	7.47709	4.33928
99971	7.50574	4.35594
99971	7.53439	4.3726
99971	7.56304	4.38927
99971	7.59168	4.40593
99971	7.62033	4.42259
99971	7.64898	4.43925
99971	7.67763	4.45592
99971	7.70627	4.47258
99971	7.73492	4.48924
99971	7.76357	4.50591
99971	7.79222	4.52257
99971	7.82086	4.53923
99971	7.84951	4.55589
99971	7.87816	4.57256
99971	7.90681	4.58922
99971	7.93545	4.60588
99971	7.9641	4.62254
99971	7.99275	4.63921
99971	8.0214	4.65587
99971	8.05004	4.67253
99971	8.07869	4.68919
99971	8.10734	4.70586
99971	8.13599	4.72252
99971	8.16463	4.73918
99971	8.19328	4.75584
99971	8.22193	4.77251
99971	8.25058	4.78917
99971	8.27922	4.80583
99971	8.30787	4.82249
99971	8.33652	4.83916
99971	8.36517	4.85582
99971	8.39381	4.87248
99971	8.42246	4.88914
99971	8.45111	4.90581
99971	8.47976	4.92247
99971	8.5084	4.93913
99971	8.53705	4.9558
99971	8.5657	4.97246
99971	8.59435	4.98912
99971	8.62299	5.00578
99971	8.65164	5.02245
99971	8.68029	5.03911
99971	8.70894	5.05577
99971	8.73758	5.07243
99971	8.76623	5.0891
99971	8.79488	5.10576
99971	8.82353	5.12242
99971	8.85217	5.13908
99971	8.88082	5.15575
99971	8.90947	5.17241
99971	8.93812	5.18907
99971	8.96676	5.20573
99971	8.99541	5.2224
99971	9.02406	5.23906
99971	9.05271	5.25572
99971	9.08135	5.27238
99971	9.11	5.28905
99971	9.13865	5.30571
99971	9.1673	5.32237
99971	9.19594	5.33904
99971	9.22459	5.3557
99971	9.25324	5.37236
99971	9.28189	5.38902
99971	9.31053	5.40569
99971	9.33918	5.42235
99971	9.36783	5.43901
99971	9.39648	5.45567
99971	9.42512	5.47234
99971	9.45377	5.489
99971	9.48242	5.50566
99971	9.51107	5.52232
99971	9.53971	5.53899
99971	9.56836	5.55565
99971	9.59701	5.57231
99971	9.62566	5.58897
99971	9.6543	5.60564
99971	9.68295	5.6223
99971	9.7116	5.63896
99971	9.74024	5.65562
99971	9.76889	5.67229
99971	9.79754	5.68895
99971	9.82619	5.70561
99971	9.85484	5.72227
99971	9.88348	5.73894
99971	9.91213	5.7556
99971	9.94078	5.77226
99971	9.96943	5.78893
99971	9.99807	5.80559
99971	10.0267	5.82225
99971	10.0554	5.83891
99971	10.084	5.85558
99971	10.1127	5.87224
99971	10.1413	5.8889
99971	10.17	5.90556
99971	10.1986	5.92223
99971	10.2273	5.93889
99971	10.2559	5.95555
99971	10.2845	5.97221
99971	10.3132	5.98888
99971	10.3418	6.00554
99971	10.3705	6.0222
99971	10.3991	6.03886
99971	10.4278	6.05553
99971	10.4564	6.07219
99971	10.4851	6.08885
99971	10.5137	6.10551
99971	10.5424	6.12218
99971	10.571	6.13884
99971	10.5997	6.1555
99971	10.6283	6.17216
99971	10.657	6.18883
99971	10.6856	6.20549
99971	10.7143	6.22215
99971	10.7429	6.23882
99971	10.7716	6.25548
99971	10.8002	6.27214
99971	10.8288	6.2888
99971	10.8575	6.30547
99971	10.8861	6.32213
99971	10.9148	6.33879
99971	10.9434	6.35545
99971	10.9721	6.37212
99971	11.0007	6.38878
99971	11.0294	6.40544
99971	11.058	6.4221
99971	11.0867	6.43877
99971	11.1153	6.45543
99971	11.144	6.47209
99971	11.1726	6.48875
99971	11.2013	6.50542
99971	11.2299	6.52208
99971	11.2586	6.53874
99971	11.2872	6.5554
99971	11.3159	6.57207
99971	11.3445	6.58873
99971	11.3732	6.60539
99971	11.4018	6.62206
99971	11.4304	6.63872
99971	11.4591	6.65538
99971	11.4877	6.67204
99971	11.5164	6.68871
99971	11.545	6.70537
99971	11.5737	6.72203
99971	11.6023	6.73869
99971	11.631	6.75536
99971	11.6596	6.77202
99971	11.6883	6.78868
99971	11.7169	6.80534
99971	11.7456	6.82201
99971	11.7742	6.83867
99971	11.8029	6.85533
99971	11.8315	6.87199
99971	11.8602	6.88866
99971	11.8888	6.90532
99971	11.9175	6.92198
99971	11.9461	6.93864
99971	11.9747	6.95531
99971	12.0034	6.97197
99971	12.032	6.98863
99971	12.0607	7.00529
99971	12.0893	7.02196
99971	12.118	7.03862
99971	12.1466	7.05528
99971	12.1753	7.07195
99971	12.2039	7.08861
99971	12.2326	7.10527
99971	12.2612	7.12193
99971	12.2899	7.1386
99971	12.3185	7.15526
99971	12.3472	7.17192
99971	12.3758	7.18858
99971	12.4045	7.20525
99971	12.4331	7.22191
99971	12.4618	7.23857
99971	12.4904	7.25523
99971	12.5191	7.2719
99971	12.5477	7.28856
99971	12.5763	7.30522
99971	12.605	7.32188
99971	12.6336	7.33855
99971	12.6623	7.35521
99971	12.6909	7.37187
99971	12.7196	7.38853
99971	12.7482	7.4052
99971	12.7769	7.42186
99971	12.8055	7.43852
99971	12.8342	7.45518
99971	12.8628	7.47185
99971	12.8915	7.48851
99971	12.9201	7.50517
99971	12.9488	7.52184
99971	12.9774	7.5385
99971	13.0061	7.55516
99971	13.0347	7.57182
99971	13.0634	7.58849
99971	13.092	7.60515
99971	13.1206	7.62181
99971	13.1493	7.63847
99971	13.1779	7.65514
99971	13.2066	7.6718
99971	13.2352	7.68846
99971	13.2639	7.70512
99971	13.2925	7.72179
99971	13.3212	7.73845
99971	13.3498	7.75511
99971	13.3785	7.77177
99971	13.4071	7.78844
99971	13.4358	7.8051
99971	13.4644	7.82176
99971	13.4931	7.83842
99971	13.5217	7.85509
99971	13.5504	7.87175
99971	13.579	7.88841
99971	13.6077	7.90508
99971	13.6363	7.92174
99971	13.665	7.9384
99971	13.6936	7.95506
99971	13.7222	7.97173
99971	13.7509	7.98839
99971	13.7795	8.00505
99971	13.8082	8.02171
99971	13.8368	8.03838
99971	13.8655	8.05504
99971	13.8941	8.0717
99971	13.9228	8.08836
99971	13.9514	8.10503
99971	13.9801	8.12169
99971	14.0087	8.13835
99971	14.0374	8.15501
99971	14.066	8.17168
99971	14.0947	8.18834
99971	14.1233	8.205
99971	14.152	8.22166
99971	14.1806	8.23833
99971	14.2093	8.25499
99971	14.2379	8.27165
99971	14.2665	8.28831
99971	14.2952	8.30498
99971	14.3238	8.32164
99971	14.3525	8.3383
99971	14.3811	8.35497
99971	14.4098	8.37163
99971	14.4384	8.38829
99971	14.4671	8.40495
99971	14.4957	8.42162
99971	14.5244	8.43828
99971	14.553	8.45494
99971	14.5817	8.4716
99971	14.6103	8.48827
99971	14.639	8.50493
99971	14.6676	8.52159
99971	14.6963	8.53825
99971	14.7249	8.55492
99971	14.7536	8.57158
99971	14.7822	8.58824
99971	14.8109	8.6049
99971	14.8395	8.62157
99971	14.8681	8.63823
99971	14.8968	8.65489
99971	14.9254	8.67155
99971	14.9541	8.68822
99971	14.9827	8.70488
99971	15.0114	8.72154
99971	15.04	8.7382
99971	15.0687	8.75487
99971	15.0973	8.77153
99971	15.126	8.78819
99971	15.1546	8.80486
99971	15.1833	8.82152
99971	15.2119	8.83818
99971	15.2406	8.85484
99971	15.2692	8.87151
99970	15.2979	8.88817
99970	15.3265	8.90483
99970	15.3552	8.92149
99970	15.3838	8.93816
99970	15.4124	8.95482
99970	15.4411	8.97148
99970	15.4697	8.98814
99970	15.4984	9.00481
99970	15.527	9.02147
99970	15.5557	9.03813
99970	15.5843	9.05479
99970	15.613	9.07146
99970	15.6416	9.08812
99970	15.6703	9.10478
99970	15.6989	9.12144
99970	15.7276	9.13811
99970	15.7562	9.15477
99970	15.7849	9.17143
99970	15.8135	9.1881
99970	15.8422	9.20476
99970	15.8708	9.22142
99970	15.8995	9.23808
99970	15.9281	9.25475
99970	15.9567	9.27141
99970	15.9854	9.28807
99970	16.014	9.30473
99970	16.0427	9.3214
99970	16.0713	9.33806
99970	16.1	9.35472
99970	16.1286	9.37138
99970	16.1573	9.38805
99970	16.1859	9.40471
99970	16.2146	9.42137
99970	16.2432	9.43803
99970	16.2719	9.4547
99970	16.3005	9.47136
99970	16.3292	9.48802
99970	16.3578	9.50468
99970	16.3865	9.52135
99970	16.4151	9.53801
99970	16.4438	9.55467
99970	16.4724	9.57133
99970	16.5011	9.588
99970	16.5297	9.60466
99970	16.5583	9.62132
99970	16.587	9.63799
99970	16.6156	9.65465
99970	16.6443	9.67131
99970	16.6729	9.68797
99970	16.7016	9.70464
99970	16.7302	9.7213
99970	16.7589	9.73796
99970	16.7875	9.75462
99970	16.8162	9.77129
99970	16.8448	9.78795
99970	16.8735	9.80461
99970	16.9021	9.82127
99970	16.9308	9.83794
99970	16.9594	9.8546
99970	16.9881	9.87126
99970	17.0167	9.88792
99970	17.0454	9.90459
99970	17.074	9.92125
99970	17.1026	9.93791
99970	17.1313	9.95457
99970	17.1599	9.97124
99970	17.1886	9.9879
99970	17.2172	10.0046
99970	17.2459	10.0212
99970	17.2745	10.0379
99970	17.3032	10.0546
99970	17.3318	10.0712
99970	17.3605	10.0879
99970	17.3891	10.1045
99970	17.4178	10.1212
99970	17.4464	10.1379
99970	17.4751	10.1545
99970	17.5037	10.1712
99970	17.5324	10.1879
99970	17.561	10.2045
99970	17.5897	10.2212
99970	17.6183	10.2378
99970	17.647	10.2545
99970	17.6756	10.2712
99970	17.7042	10.2878
99970	17.7329	10.3045
99970	17.7615	10.3212
99970	17.7902	10.3378
99970	17.8188	10.3545
99970	17.8475	10.3711
99970	17.8761	10.3878
99970	17.9048	10.4045
99970	17.9334	10.4211
99970	17.9621	10.4378
99970	17.9907	10.4545
99970	18.0194	10.4711
99970	18.048	10.4878
99970	18.0767	10.5044
99969	18.1053	10.5211
99969	18.134	10.5378
99969	18.1626	10.5544
99969	18.1913	10.5711
99969	18.2199	10.5878
99969	18.2485	10.6044
99969	18.2772	10.6211
99969	18.3058	10.6377
99969	18.3345	10.6544
99969	18.3631	10.6711
99969	18.3918	10.6877
99969	18.4204	10.7044
99969	18.4491	10.7211
99969	18.4777	10.7377
99969	18.5064	10.7544
99969	18.535	10.771
99969	18.5637	10.7877
99969	18.5923	10.8044
99969	18.621	10.821
99969	18.6496	10.8377
99969	18.6783	10.8544
99969	18.7069	10.871
99969	18.7356	10.8877
99969	18.7642	10.9043
99969	18.7929	10.921
99969	18.8215	10.9377
99969	18.8501	10.9543
99969	18.8788	10.971
99969	18.9074	10.9877
99969	18.9361	11.0043
99969	18.9647	11.021
99969	18.9934	11.0376
99969	19.022	11.0543
99969	19.0507	11.071
99969	19.0793	11.0876
99969	19.108	11.1043
99969	19.1366	11.121
99969	19.1653	11.1376
99969	19.1939	11.1543
99969	19.2226	11.1709
99969	19.2512	11.1876
99969	19.2799	11.2043
99969	19.3085	11.2209
99969	19.3372	11.2376
99969	19.3658	11.2543
99969	19.3944	11.2709
99969	19.4231	11.2876
99969	19.4517	11.3042
99969	19.4804	11.3209
99969	19.509	11.3376
99969	19.5377	11.3542
99969	19.5663	11.3709
99969	19.595	11.3876
99969	19.6236	11.4042
99969	19.6523	11.4209
99969	19.6809	11.4375
99969	19.7096	11.4542
99969	19.7382	11.4709
99969	19.7669	11.4875
99969	19.7955	11.5042
99969	19.8242	11.5209
99969	19.8528	11.5375
99969	19.8815	11.5542
99969	19.9101	11.5708
99969	19.9387	11.5875
99969	19.9674	11.6042
99969	19.996	11.6208
99969	20.0247	11.6375
99969	20.0533	11.6542
99969	20.082	11.6708
99969	20.1106	11.6875
99969	20.1393	11.7041
99969	20.1679	11.7208
99969	20.1966	11.7375
99969	20.2252	11.7541
99969	20.2539	11.7708
99969	20.2825	11.7875
99969	20.3112	11.8041
99969	20.3398	11.8208
99969	20.3685	11.8374
99969	20.3971	11.8541
99969	20.4258	11.8708
99969	20.4544	11.8874
99969	20.4831	11.9041
99969	20.5117	11.9208
99969	20.5403	11.9374
99969	20.569	11.9541
99969	20.5976	11.9707
99969	20.6263	11.9874
99969	20.6549	12.0041
99969	20.6836	12.0207
99969	20.7122	12.0374
99969	20.7409	12.0541
99969	20.7695	12.0707
99969	20.7982	12.0874
99969	20.8268	12.104
99969	20.8555	12.1207
99969	20.8841	12.1374
99969	20.9128	12.154
99969	20.9414	12.1707
99969	20.9701	12.1874
99969	20.9987	12.204
99969	21.0274	12.2207
99969	21.056	12.2374
99969	21.0846	12.254
99969	21.1133	12.2707
99969	21.1419	12.2873
99969	21.1706	12.304
99969	21.1992	12.3207
99969	21.2279	12.3373
99969	21.2565	12.354
99969	21.2852	12.3707
99969	21.3138	12.3873
99969	21.3425	12.404
99969	21.3711	12.4206
99969	21.3998	12.4373
99969	21.4284	12.454
99969	21.4571	12.4706
99969	21.4857	12.4873
99969	21.5144	12.504
99969	21.543	12.5206
99969	21.5717	12.5373
99969	21.6003	12.5539
99969	21.629	12.5706
99969	21.6576	12.5873
99969	21.6862	12.6039
99969	21.7149	12.6206
99969	21.7435	12.6373
99969	21.7722	12.6539
99969	21.8008	12.6706
99969	21.8295	12.6872
99969	21.8581	12.7039
99969	21.8868	12.7206
99969	21.9154	12.7372
99969	21.9441	12.7539
99969	21.9727	12.7706
99969	22.0014	12.7872
99969	22.03	12.8039
99969	22.0587	12.8205
99969	22.0873	12.8372
99969	22.116	12.8539
99969	22.1446	12.8705
99969	22.1733	12.8872
99969	22.2019	12.9039
99969	22.2305	12.9205
99969	22.2592	12.9372
99969	22.2878	12.9538
99969	22.3165	12.9705
99969	22.3451	12.9872
99969	22.3738	13.0038
99969	22.4024	13.0205
99969	22.4311	13.0372
99969	22.4597	13.0538
99969	22.4884	13.0705
99969	22.517	13.0871
99969	22.5457	13.1038
99969	22.5743	13.1205
99969	22.603	13.1371
99969	22.6316	13.1538
99969	22.6603	13.1705
99969	22.6889	13.1871
99969	22.7176	13.2038
99969	22.7462	13.2204
99969	22.7749	13.2371
99969	22.8035	13.2538
99969	22.8321	13.2704
99969	22.8608	13.2871
99969	22.8894	13.3038
99969	22.9181	13.3204
99969	22.9467	13.3371
99969	22.9754	13.3537
99969	23.004	13.3704
99969	23.0327	13.3871
99969	23.0613	13.4037
99969	23.09	13.4204
99969	23.1186	13.4371
99969	23.1473	13.4537
99969	23.1759	13.4704
99969	23.2046	13.487
99969	23.2332	13.5037
99969	23.2619	13.5204
99969	23.2905	13.537
99969	23.3192	13.5537
99969	23.3478	13.5704
99969	23.3764	13.587
99969	23.4051	13.6037
99969	23.4337	13.6203
99969	23.4624	13.637
99969	23.491	13.6537
99969	23.5197	13.6703
99969	23.5483	13.687
99969	23.577	13.7037
99969	23.6056	13.7203
99969	23.6343	13.737
99969	23.6629	13.7536
99969	23.6916	13.7703
99969	23.7202	13.787
99969	23.7489	13.8036
99969	23.7775	13.8203
99969	23.8062	13.837
99969	23.8348	13.8536
99969	23.8635	13.8703
99969	23.8921	13.8869
99969	23.9207	13.9036
99969	23.9494	13.9203
99969	23.978	13.9369
99969	24.0067	13.9536
99969	24.0353	13.9703
99969	24.064	13.9869
99969	24.0926	14.0036
99969	24.1213	14.0202
99969	24.1499	14.0369
99969	24.1786	14.0536
99969	24.2072	14.0702
99969	24.2359	14.0869
99969	24.2645	14.1036
99969	24.2932	14.1202
99969	24.3218	14.1369
99969	24.3505	14.1535
99969	24.3791	14.1702
99969	24.4078	14.1869
99969	24.4364	14.2035
99969	24.4651	14.2202
99969	24.4937	14.2369
99969	24.5223	14.2535
99969	24.551	14.2702
99969	24.5796	14.2868
99969	24.6083	14.3035
99969	24.6369	14.3202
99969	24.6656	14.3368
99969	24.6942	14.3535
99969	24.7229	14.3702
99969	24.7515	14.3868
99969	24.7802	14.4035
99969	24.8088	14.4202
99969	24.8375	14.4368
99969	24.8661	14.4535
99969	24.8948	14.4701
99969	24.9234	14.4868
99969	24.9521	14.5035
99969	24.9807	14.5201
99969	25.0094	14.5368
99969	25.038	14.5535
99969	25.0666	14.5701
99969	25.0953	14.5868
99969	25.1239	14.6034
99969	25.1526	14.6201
99969	25.1812	14.6368
99969	25.2099	14.6534
99969	25.2385	14.6701
99969	25.2672	14.6868
99969	25.2958	14.7034
99969	25.3245	14.7201
99969	25.3531	14.7367
99969	25.3818	14.7534
99969	25.4104	14.7701
99969	25.4391	14.7867
99969	25.4677	14.8034
99969	25.4964	14.8201
99969	25.525	14.8367
99969	25.5537	14.8534
99969	25.5823	14.87
99969	25.611	14.8867
99969	25.6396	14.9034
99969	25.6682	14.92
99969	25.6969	14.9367
99969	25.7255	14.9534
99969	25.7542	14.97
99969	25.7828	14.9867
99969	25.8115	15.0033
99969	25.8401	15.02
99969	25.8688	15.0367
99969	25.8974	15.0533
99969	25.9261	15.07
99969	25.9547	15.0867
99969	25.9834	15.1033
99969	26.012	15.12
99969	26.0407	15.1366
99969	26.0693	15.1533
99969	26.098	15.17
99969	26.1266	15.1866
99969	26.1553	15.2033
99969	26.1839	15.22
99969	26.2125	15.2366
99969	26.2412	15.2533
99969	26.2698	15.2699
99969	26.2985	15.2866
99969	26.3271	15.3033
99969	26.3558	15.3199
99969	26.3844	15.3366
99969	26.4131	15.3533
99969	26.4417	15.3699
99969	26.4704	15.3866
99969	26.499	15.4032
99969	26.5277	15.4199
99969	26.5563	15.4366
99969	26.585	15.4532
99969	26.6136	15.4699
99969	26.6423	15.4866
99969	26.6709	15.5032
99969	26.6996	15.5199
99969	26.7282	15.5365
99969	26.7568	15.5532
99969	26.7855	15.5699
99969	26.8141	15.5865
99969	26.8428	15.6032
99969	26.8714	15.6199
99969	26.9001	15.6365
99969	26.9287	15.6532
99969	26.9574	15.6698
99969	26.986	15.6865
99969	27.0147	15.7032
99969	27.0433	15.7198
99969	27.072	15.7365
99969	27.1006	15.7532
99969	27.1293	15.7698
99969	27.1579	15.7865
99969	27.1866	15.8031
99969	27.2152	15.8198
99969	27.2439	15.8365
99969	27.2725	15.8531
99969	27.3012	15.8698
99969	27.3298	15.8865
99969	27.3584	15.9031
99969	27.3871	15.9198
99969	27.4157	15.9364
99969	27.4444	15.9531
99969	27.473	15.9698
99969	27.5017	15.9864
99969	27.5303	16.0031
99969	27.559	16.0198
99969	27.5876	16.0364
99969	27.6163	16.0531
99969	27.6449	16.0697
99969	27.6736	16.0864
99969	27.7022	16.1031
99969	27.7309	16.1197
99969	27.7595	16.1364
99969	27.7882	16.1531
99969	27.8168	16.1697
99969	27.8455	16.1864
99969	27.8741	16.203
99969	27.9028	16.2197
99969	27.9314	16.2364
99969	27.96	16.253
99969	27.9887	16.2697
99969	28.0173	16.2864
99969	28.046	16.303
99969	28.0746	16.3197
99969	28.1033	16.3363
99969	28.1319	16.353
99969	28.1606	16.3697
99969	28.1892	16.3863
99969	28.2179	16.403
99969	28.2465	16.4197
99969	28.2752	16.4363
99969	28.3038	16.453
99969	28.3325	16.4697
99969	28.3611	16.4863
99969	28.3898	16.503
99969	28.4184	16.5196
99969	28.4471	16.5363
99969	28.4757	16.553
99969	28.5043	16.5696
99969	28.533	16.5863
99969	28.5616	16.603
99969	28.5903	16.6196
99969	28.6189	16.6363
99969	28.6476	16.6529
99969	28.6762	16.6696
99969	28.7049	16.6863
99969	28.7335	16.7029
99969	28.7622	16.7196
99969	28.7908	16.7363
99969	28.8195	16.7529
99969	28.8481	16.7696
99969	28.8768	16.7862
99969	28.9054	16.8029
99969	28.9341	16.8196
99969	28.9627	16.8362
99969	28.9914	16.8529
99969	29.02	16.8696
99969	29.0487	16.8862
99969	29.0773	16.9029
99969	29.106	16.9195
99969	29.1346	16.9362
99969	29.1633	16.9529
99969	29.1919	16.9695
99969	29.2206	16.9862
99969	29.2492	17.0029
99969	29.2779	17.0195
99969	29.3065	17.0362
99969	29.3352	17.0528
99969	29.3638	17.0695
99969	29.3925	17.0862
99969	29.4211	17.1028
99969	29.4498	17.1195
99969	29.4784	17.1362
99969	29.5071	17.1528
99969	29.5357	17.1695
99969	29.5644	17.1861
99969	29.593	17.2028
99969	29.6217	17.2195
99969	29.6503	17.2361
99969	29.679	17.2528
99969	29.7076	17.2695
99969	29.7363	17.2861
99969	29.7649	17.3028
99969	29.7936	17.3194
99969	29.8222	17.3361
99969	29.8508	17.3528
99969	29.8795	17.3694
99969	29.9081	17.3861
99969	29.9368	17.4028
99969	29.9654	17.4194
99969	29.9941	17.4361
99969	30.0227	17.4527
99969	30.0514	17.4694
99969	30.08	17.4861
99969	30.1087	17.5027
99969	30.1373	17.5194
99969	30.166	17.5361
99969	30.1946	17.5527
99969	30.2233	17.5694
99969	30.2519	17.586
99969	30.2806	17.6027
99969	30.3092	17.6194
99969	30.3379	17.636
99969	30.3665	17.6527
99969	30.3952	17.6694
99969	30.4238	17.686
99969	30.4525	17.7027
99969	30.4811	17.7193
99969	30.5098	17.736
99969	30.5384	17.7527
99969	30.5671	17.7693
99969	30.5957	17.786
99969	30.6244	17.8027
99969	30.653	17.8193
99969	30.6817	17.836
99969	30.7103	17.8526
99969	30.739	17.8693
99969	30.7676	17.886
99969	30.7963	17.9026
99969	30.8249	17.9193
99969	30.8536	17.936
99969	30.8822	17.9526
99969	30.9109	17.9693
99969	30.9395	17.9859
99969	30.9682	18.0026
99969	30.9968	18.0193
99969	31.0255	18.0359
99969	31.0541	18.0526
99969	31.0828	18.0693
99969	31.1114	18.0859
99969	31.1401	18.1026
99969	31.1687	18.1192
99969	31.1974	18.1359
99969	31.226	18.1526
99969	31.2547	18.1692
99969	31.2833	18.1859
99969	31.312	18.2026
99969	31.3406	18.2192
99969	31.3693	18.2359
99969	31.3979	18.2525
99969	31.4266	18.2692
99969	31.4552	18.2859
99969	31.4839	18.3025
99969	31.5125	18.3192
99969	31.5412	18.3359
99969	31.5698	18.3525
99969	31.5984	18.3692
99969	31.6271	18.3858
99969	31.6557	18.4025
99969	31.6844	18.4192
99969	31.713	18.4358
99969	31.7417	18.4525
99969	31.7703	18.4692
99969	31.799	18.4858
99969	31.8276	18.5025
99969	31.8563	18.5191
99969	31.8849	18.5358
99969	31.9136	18.5525
99969	31.9422	18.5691
99969	31.9709	18.5858
99969	31.9995	18.6025
99969	32.0282	18.6191
99969	32.0568	18.6358
99969	32.0855	18.6525
99969	32.1141	18.6691
99969	32.1428	18.6858
99969	32.1714	18.7024
99969	32.2001	18.7191
99969	32.2287	18.7358
99969	32.2574	18.7524
99969	32.286	18.7691
99969	32.3147	18.7858
99969	32.3433	18.8024
99969	32.372	18.8191
99969	32.4006	18.8357
99969	32.4293	18.8524
99969	32.4579	18.8691
99969	32.4866	18.8857
99969	32.5152	18.9024
99969	32.5439	18.9191
99969	32.5725	18.9357
99969	32.6012	18.9524
99969	32.6298	18.969
99969	32.6585	18.9857
99969	32.6871	19.0024
99969	32.7158	19.019
99969	32.7444	19.0357
99969	32.7731	19.0524
99969	32.8017	19.069
99969	32.8304	19.0857
99969	32.859	19.1023
99969	32.8877	19.119
99969	32.9163	19.1357
99969	32.945	19.1523
99969	32.9736	19.169
99969	33.0023	19.1857
99969	33.0309	19.2023
99969	33.0596	19.219
99969	33.0882	19.2356
99969	33.1169	19.2523
99969	33.1455	19.269
99969	33.1742	19.2856
99969	33.2028	19.3023
99969	33.2315	19.319
99969	33.2601	19.3356
99969	33.2888	19.3523
99969	33.3174	19.3689
99969	33.3461	19.3856
99969	33.3747	19.4023
99969	33.4034	19.4189
99969	33.432	19.4356
99969	33.4606	19.4523
99969	33.4893	19.4689
99969	33.5179	19.4856
99969	33.5466	19.5022
99969	33.5752	19.5189
99969	33.6039	19.5356
99969	33.6325	19.5522
99969	33.6612	19.5689
99969	33.6898	19.5856
99969	33.7185	19.6022
99969	33.7471	19.6189
99969	33.7758	19.6355
99969	33.8044	19.6522
99969	33.8331	19.6689
99969	33.8617	19.6855
99969	33.8904	19.7022
99969	33.919	19.7189
99969	33.9477	19.7355
99969	33.9763	19.7522
99969	34.005	19.7688
99969	34.0336	19.7855
99969	34.0623	19.8022
99969	34.0909	19.8188
99969	34.1196	19.8355
99969	34.1482	19.8522
99969	34.1769	19.8688
99969	34.2055	19.8855
99969	34.2342	19.9021
99969	34.2628	19.9188
99969	34.2915	19.9355
99969	34.3201	19.9521
99969	34.3488	19.9688
99969	34.3774	19.9855
99969	34.4061	20.0021
99969	34.4347	20.0188
99969	34.4634	20.0354
99969	34.492	20.0521
99969	34.5207	20.0688
99969	34.5493	20.0854
99969	34.578	20.1021
99969	34.6066	20.1188
99969	34.6353	20.1354
99969	34.6639	20.1521
99969	34.6926	20.1687
99969	34.7212	20.1854
99969	34.7499	20.2021
99969	34.7785	20.2187
99969	34.8072	20.2354
99969	34.8358	20.2521
99969	34.8645	20.2687
99969	34.8931	20.2854
99969	34.9218	20.302
99969	34.9504	20.3187
99969	34.9791	20.3354
99969	35.0077	20.352
99969	35.0364	20.3687
99969	35.065	20.3854
99969	35.0937	20.402
99969	35.1223	20.4187
99969	35.151	20.4353
99969	35.1796	20.452
99969	35.2082	20.4687
99969	35.2369	20.4853
99969	35.2655	20.502
99969	35.2942	20.5187
99969	35.3228	20.5353
99969	35.3515	20.552
99969	35.3801	20.5686
99969	35.4088	20.5853
99969	35.4374	20.602
99969	35.4661	20.6186
99969	35.4947	20.6353
99969	35.5234	20.652
99969	35.552	20.6686
99969	35.5807	20.6853
99969	35.6093	20.702
99969	35.638	20.7186
99968	35.6666	20.7353
99968	35.6953	20.7519
99968	35.7239	20.7686
99968	35.7526	20.7853
99968	35.7812	20.8019
99968	35.8099	20.8186
99968	35.8385	20.8353
99968	35.8672	20.8519
99968	35.8958	20.8686
99968	35.9245	20.8852
99968	35.9531	20.9019
99968	35.9818	20.9186
99968	36.0104	20.9352
99968	36.0391	20.9519
99968	36.0677	20.9686
99968	36.0964	20.9852
99968	36.125	21.0019
99968	36.1537	21.0185
99968	36.1823	21.0352
99968	36.211	21.0519
99968	36.2396	21.0685
99968	36.2683	21.0852
99968	36.2969	21.1019
99968	36.3256	21.1185
99968	36.3542	21.1352
99968	36.3829	21.1518
99968	36.4115	21.1685
99968	36.4402	21.1852
99968	36.4688	21.2018
99968	36.4975	21.2185
99968	36.5261	21.2352
99968	36.5548	21.2518
99968	36.5834	21.2685
99968	36.6121	21.2851
99968	36.6407	21.3018
99968	36.6694	21.3185
99968	36.698	21.3351
99968	36.7267	21.3518
99968	36.7553	21.3685
99968	36.784	21.3851
99968	36.8126	21.4018
99968	36.8413	21.4184
99968	36.8699	21.4351
99968	36.8985	21.4518
99968	36.9272	21.4684
99968	36.9558	21.4851
99968	36.9845	21.5018
99968	37.0131	21.5184
99968	37.0418	21.5351
99968	37.0704	21.5517
99968	37.0991	21.5684
99968	37.1277	21.5851
99968	37.1564	21.6017
99968	37.185	21.6184
99968	37.2137	21.6351
99968	37.2423	21.6517
99968	37.271	21.6684
99968	37.2996	21.685
99968	37.3283	21.7017
99968	37.3569	21.7184
99968	37.3856	21.735
99968	37.4142	21.7517
99968	37.4429	21.7684
99968	37.4715	21.785
99968	37.5002	21.8017
99968	37.5288	21.8183
99968	37.5575	21.835
99968	37.5861	21.8517
99968	37.6148	21.8683
99968	37.6434	21.885
99968	37.6721	21.9017
99968	37.7007	21.9183
99968	37.7294	21.935
99968	37.758	21.9516
99968	37.7867	21.9683
99968	37.8153	21.985
99968	37.844	22.0016
99968	37.8726	22.0183
99968	37.9013	22.035
99968	37.9299	22.0516
99968	37.9586	22.0683
99968	37.9872	22.0849
99968	38.0159	22.1016
99968	38.0445	22.1183
99968	38.0732	22.1349
99968	38.1018	22.1516
99968	38.1305	22.1683
99968	38.1591	22.1849
99968	38.1878	22.2016
99968	38.2164	22.2182
99968	38.2451	22.2349
99968	38.2737	22.2516
99968	38.3024	22.2682
99968	38.331	22.2849
99968	38.3597	22.3016
99968	38.3883	22.3182
99968	38.417	22.3349
99968	38.4456	22.3515
99968	38.4743	22.3682
99968	38.5029	22.3849
99968	38.5316	22.4015
99968	38.5602	22.4182
99968	38.5889	22.4349
99968	38.6175	22.4515
99968	38.6461	22.4682
99968	38.6748	22.4848
99968	38.7034	22.5015
99968	38.7321	22.5182
99968	38.7607	22.5348
99968	38.7894	22.5515
99968	38.818	22.5682
99968	38.8467	22.5848
99968	38.8753	22.6015
99968	38.904	22.6181
99968	38.9326	22.6348
99968	38.9613	22.6515
99968	38.9899	22.6681
99968	39.0186	22.6848
99968	39.0472	22.7015
99968	39.0759	22.7181
99968	39.1045	22.7348
99968	39.1332	22.7514
99968	39.1618	22.7681
99968	39.1905	22.7848
99968	39.2191	22.8014
99968	39.2478	22.8181
99968	39.2764	22.8348
99968	39.3051	22.8514
99968	39.3337	22.8681
99968	39.3624	22.8848
99968	39.391	22.9014
99968	39.4197	22.9181
99968	39.4483	22.9347
99968	39.477	22.9514
99968	39.5056	22.9681
99968	39.5343	22.9847
99968	39.5629	23.0014
99968	39.5916	23.0181
99968	39.6202	23.0347
99968	39.6489	23.0514
99968	39.6775	23.068
99968	39.7062	23.0847
99968	39.7348	23.1014
99968	39.7635	23.118
99968	39.7921	23.1347
99968	39.8208	23.1514
99968	39.8494	23.168
99968	39.8781	23.1847
99968	39.9067	23.2013
99968	39.9354	23.218
99968	39.964	23.2347
99968	39.9927	23.2513
99968	40.0213	23.268
99968	40.05	23.2847
99968	40.0786	23.3013
99968	40.1073	23.318
99968	40.1359	23.3346
99968	40.1646	23.3513
99968	40.1932	23.368
99968	40.2219	23.3846
99968	40.2505	23.4013
99968	40.2792	23.418
99968	40.3078	23.4346
99968	40.3365	23.4513
99968	40.3651	23.4679
99968	40.3937	23.4846
99968	40.4224	23.5013
99968	40.451	23.5179
99968	40.4797	23.5346
99968	40.5083	23.5513
99968	40.537	23.5679
99968	40.5656	23.5846
99968	40.5943	23.6012
99968	40.6229	23.6179
99968	40.6516	23.6346
99968	40.6802	23.6512
99968	40.7089	23.6679
99968	40.7375	23.6846
99968	40.7662	23.7012
99967	40.7948	23.7179
99967	40.8235	23.7345
99967	40.8521	23.7512
99967	40.8808	23.7679
99967	40.9094	23.7845
99967	40.9381	23.8012
99967	40.9667	23.8179
99967	40.9954	23.8345
99967	41.024	23.8512
99967	41.0527	23.8678
99967	41.0813	23.8845
99967	41.11	23.9012
99967	41.1386	23.9178
99967	41.1673	23.9345
99967	41.1959	23.9512
99967	41.2246	23.9678
99967	41.2532	23.9845
99967	41.2819	24.0011
99967	41.3105	24.0178
99967	41.3392	24.0345
99967	41.3678	24.0511
99967	41.3965	24.0678
99967	41.4251	24.0845
99967	41.4538	24.1011
99967	41.4824	24.1178
99967	41.5111	24.1344
99967	41.5397	24.1511
99967	41.5684	24.1678
99967	41.597	24.1844
99967	41.6257	24.2011
99967	41.6543	24.2178
99967	41.683	24.2344
99967	41.7116	24.2511
99967	41.7403	24.2677
99967	41.7689	24.2844
99967	41.7976	24.3011
99967	41.8262	24.3177
99967	41.8549	24.3344
99967	41.8835	24.3511
99967	41.9122	24.3677
99967	41.9408	24.3844
99967	41.9695	24.401
99967	41.9981	24.4177
99967	42.0268	24.4344
99967	42.0554	24.451
99967	42.0841	24.4677
99967	42.1127	24.4844
99967	42.1413	24.501
99967	42.17	24.5177
99967	42.1987	24.5343
99967	42.2273	24.551
99967	42.2559	24.5677
99967	42.2846	24.5843
99967	42.3132	24.601
99967	42.3419	24.6177
99967	42.3705	24.6343
99967	42.3992	24.651
99967	42.4278	24.6676
99967	42.4565	24.6843
99967	42.4851	24.701
99967	42.5138	24.7176
99967	42.5424	24.7343
99967	42.5711	24.751
99967	42.5997	24.7676
99967	42.6284	24.7843
99967	42.657	24.8009
99967	42.6857	24.8176
99967	42.7143	24.8343
99967	42.743	24.8509
99967	42.7716	24.8676
99967	42.8003	24.8843
99967	42.8289	24.9009
99967	42.8576	24.9176
99967	42.8862	24.9342
99967	42.9149	24.9509
99967	42.9435	24.9676
99967	42.9722	24.9842
99967	43.0008	25.0009
99967	43.0295	25.0176
99967	43.0581	25.0342
99967	43.0868	25.0509
99967	43.1154	25.0676
99967	43.1441	25.0842
99967	43.1727	25.1009
99967	43.2014	25.1175
99967	43.23	25.1342
99967	43.2587	25.1509
99967	43.2873	25.1675
99967	43.316	25.1842
99967	43.3446	25.2009
99967	43.3733	25.2175
99967	43.4019	25.2342
99967	43.4306	25.2508
99967	43.4592	25.2675
99967	43.4879	25.2842
99967	43.5165	25.3008
99967	43.5452	25.3175
99967	43.5738	25.3342
99967	43.6025	25.3508
99967	43.6311	25.3675
99967	43.6598	25.3841
99967	43.6884	25.4008
99967	43.7171	25.4175
99967	43.7457	25.4341
99967	43.7744	25.4508
99967	43.803	25.4675
99967	43.8317	25.4841
99967	43.8603	25.5008
99967	43.889	25.5174
99967	43.9176	25.5341
99967	43.9463	25.5508
99967	43.9749	25.5674
99967	44.0035	25.5841
99967	44.0322	25.6008
99966	44.0608	25.6174
99966	44.0895	25.6341
99966	44.1181	25.6507
99966	44.1468	25.6674
99966	44.1754	25.6841
99966	44.2041	25.7007
99966	44.2327	25.7174
99966	44.2614	25.7341
99966	44.29	25.7507
99966	44.3187	25.7674
99966	44.3473	25.784
99966	44.376	25.8007
99966	44.4046	25.8174
99966	44.4333	25.834
99966	44.4619	25.8507
99966	44.4906	25.8674
99966	44.5192	25.884
99966	44.5479	25.9007
99966	44.5765	25.9173
99966	44.6052	25.934
99966	44.6338	25.9507
99966	44.6625	25.9673
99966	44.6911	25.984
99966	44.7198	26.0007
99966	44.7484	26.0173
99966	44.7771	26.034
99966	44.8057	26.0506
99966	44.8344	26.0673
99966	44.863	26.084
99966	44.8917	26.1006
99966	44.9203	26.1173
99966	44.949	26.134
99966	44.9776	26.1506
99966	45.0063	26.1673
99966	45.0349	26.1839
99966	45.0636	26.2006
99966	45.0922	26.2173
99966	45.1209	26.2339
99966	45.1495	26.2506
99966	45.1782	26.2673
99966	45.2068	26.2839
99966	45.2355	26.3006
99966	45.2641	26.3172
99966	45.2928	26.3339
99966	45.3214	26.3506
99966	45.3501	26.3672
99966	45.3787	26.3839
99966	45.4074	26.4006
99966	45.436	26.4172
99966	45.4647	26.4339
99966	45.4933	26.4505
99966	45.522	26.4672
99966	45.5506	26.4839
99966	45.5793	26.5005
99966	45.6079	26.5172
99966	45.6366	26.5339
99966	45.6652	26.5505
99966	45.6939	26.5672
99966	45.7225	26.5838
99966	45.7511	26.6005
99966	45.7798	26.6172
99966	45.8084	26.6338
99966	45.8371	26.6505
99966	45.8657	26.6672
99966	45.8944	26.6838
99966	45.923	26.7005
99966	45.9517	26.7171
99966	45.9803	26.7338
99966	46.009	26.7505
99966	46.0376	26.7671
99966	46.0663	26.7838
99966	46.0949	26.8005
99966	46.1236	26.8171
99966	46.1522	26.8338
99966	46.1809	26.8504
99966	46.2095	26.8671
99966	46.2382	26.8838
99966	46.2668	26.9004
99966	46.2955	26.9171
99966	46.3241	26.9338
99966	46.3528	26.9504
99966	46.3814	26.9671
99966	46.4101	26.9837
99966	46.4387	27.0004
99966	46.4674	27.0171
99966	46.496	27.0337
99966	46.5247	27.0504
99966	46.5533	27.0671
99966	46.582	27.0837
99966	46.6106	27.1004
99966	46.6393	27.1171
99966	46.6679	27.1337
99966	46.6966	27.1504
99966	46.7252	27.167
99966	46.7539	27.1837
99966	46.7825	27.2004
99966	46.8112	27.217
99966	46.8398	27.2337
99966	46.8685	27.2504
99966	46.8971	27.267
99966	46.9258	27.2837
99966	46.9544	27.3003
99966	46.9831	27.317
99966	47.0117	27.3337
99966	47.0404	27.3503
99966	47.069	27.367
99966	47.0977	27.3837
99966	47.1263	27.4003
99966	47.155	27.417
99966	47.1836	27.4336
99966	47.2123	27.4503
99966	47.2409	27.467
99966	47.2696	27.4836
99966	47.2982	27.5003
99966	47.3269	27.517
99966	47.3555	27.5336
99966	47.3842	27.5503
99966	47.4128	27.5669
99966	47.4415	27.5836
99966	47.4701	27.6003
99966	47.4987	27.6169
99966	47.5274	27.6336
99966	47.556	27.6503
99966	47.5847	27.6669
99966	47.6133	27.6836
99966	47.642	27.7002
99966	47.6706	27.7169
99966	47.6993	27.7336
99966	47.7279	27.7502
99966	47.7566	27.7669
99966	47.7852	27.7836
99966	47.8139	27.8002
99966	47.8425	27.8169
99966	47.8712	27.8335
99966	47.8998	27.8502
99966	47.9285	27.8669
99965	47.9571	27.8835
99965	47.9858	27.9002
99965	48.0144	27.9169
99965	48.0431	27.9335
99965	48.0717	27.9502
99965	48.1004	27.9668
99965	48.129	27.9835
99965	48.1577	28.0002
99965	48.1863	28.0168
99965	48.215	28.0335
99965	48.2436	28.0502
99965	48.2723	28.0668
99965	48.3009	28.0835
99965	48.3296	28.1001
99965	48.3582	28.1168
99965	48.3869	28.1335
99965	48.4155	28.1501
99965	48.4442	28.1668
99965	48.4728	28.1835
99965	48.5015	28.2001
99965	48.5301	28.2168
99965	48.5588	28.2334
99965	48.5874	28.2501
99965	48.6161	28.2668
99965	48.6447	28.2834
99965	48.6734	28.3001
99965	48.702	28.3168
99965	48.7307	28.3334
99965	48.7593	28.3501
99965	48.788	28.3667
99965	48.8166	28.3834
99965	48.8453	28.4001
99965	48.8739	28.4167
99965	48.9026	28.4334
99965	48.9312	28.4501
99965	48.9599	28.4667
99965	48.9885	28.4834
99965	49.0172	28.5
99965	49.0458	28.5167
99965	49.0745	28.5334
99965	49.1031	28.55
99965	49.1318	28.5667
99965	49.1604	28.5834
99965	49.1891	28.6
99965	49.2177	28.6167
99965	49.2463	28.6333
99965	49.275	28.65
99965	49.3036	28.6667
99965	49.3323	28.6833
99965	49.3609	28.7
99965	49.3896	28.7167
99965	49.4182	28.7333
99965	49.4469	28.75
99965	49.4755	28.7666
99965	49.5042	28.7833
99965	49.5328	28.8
99965	49.5615	28.8166
99965	49.5901	28.8333
99965	49.6188	28.85
99965	49.6474	28.8666
99965	49.6761	28.8833
99965	49.7047	28.8999
99965	49.7334	28.9166
99965	49.762	28.9333
99965	49.7907	28.9499
99965	49.8193	28.9666
99965	49.848	28.9833
99965	49.8766	28.9999
99965	49.9053	29.0166
99965	49.9339	29.0332
99965	49.9626	29.0499
99965	49.9912	29.0666
99965	50.0199	29.0832
99965	50.0485	29.0999
99965	50.0772	29.1166
99965	50.1058	29.1332
99965	50.1345	29.1499
99965	50.1631	29.1665
99965	50.1918	29.1832
99965	50.2204	29.1999
99965	50.2491	29.2165
99965	50.2777	29.2332
99965	50.3064	29.2499
99965	50.335	29.2665
99965	50.3637	29.2832
99965	50.3923	29.2999
99965	50.421	29.3165
99965	50.4496	29.3332
99965	50.4783	29.3498
99965	50.5069	29.3665
99965	50.5356	29.3832
99965	50.5642	29.3998
99965	50.5929	29.4165
99965	50.6215	29.4332
99965	50.6502	29.4498
99965	50.6788	29.4665
99965	50.7075	29.4831
99965	50.7361	29.4998
99965	50.7648	29.5165
99965	50.7934	29.5331
99965	50.8221	29.5498
99965	50.8507	29.5665
99965	50.8794	29.5831
99965	50.908	29.5998
99965	50.9367	29.6164
99965	50.9653	29.6331
99965	50.9939	29.6498
99965	51.0226	29.6664
99965	51.0513	29.6831
99965	51.0799	29.6998
99965	51.1085	29.7164
99965	51.1372	29.7331
99965	51.1658	29.7497
99960	51.1945	29.7664
99947	51.2231	29.7831
99937	51.2518	29.7997
99932	51.2804	29.8164
99932	51.3091	29.8331
99932	51.3377	29.8497
99932	51.3664	29.8664
99932	51.395	29.883
99932	51.4237	29.8997
99926	51.4523	29.9164
99918	51.481	29.933
99913	51.5096	29.9497
99912	51.5383	29.9664
99895	51.5669	29.983
99893	51.5956	29.9997
99893	51.6242	30.0163
99893	51.6529	30.033
99893	51.6815	30.0497
99893	51.7102	30.0663
99886	51.7388	30.083
99870	51.7675	30.0997
99867	51.7961	30.1163
99867	51.8248	30.133
99867	51.8534	30.1496
99867	51.8821	30.1663
99865	51.9107	30.183
99862	51.9394	30.1996
99854	51.968	30.2163
99840	51.9967	30.233
99838	52.0253	30.2496
99831	52.054	30.2663
99828	52.0826	30.2829
99828	52.1113	30.2996
99826	52.1399	30.3163
99825	52.1686	30.3329
99809	52.1972	30.3496
99805	52.2259	30.3663
99804	52.2545	30.3829
99803	52.2832	30.3996
99803	52.3118	30.4162
99797	52.3405	30.4329
99786	52.3691	30.4496
99780	52.3978	30.4662
99774	52.4264	30.4829
99767	52.4551	30.4996
99763	52.4837	30.5162
99763	52.5124	30.5329
99760	52.541	30.5495
99757	52.5697	30.5662
99745	52.5983	30.5829
99740	52.627	30.5995
99735	52.6556	30.6162
99724	52.6843	30.6329
99718	52.7129	30.6495
99717	52.7416	30.6662
99708	52.7702	30.6828
99697	52.7989	30.6995
99687	52.8275	30.7162
99679	52.8561	30.7328
99678	52.8848	30.7495
99678	52.9134	30.7662
99673	52.9421	30.7828
99663	52.9707	30.7995
99663	52.9994	30.8161
99648	53.028	30.8328
99643	53.0567	30.8495
99643	53.0853	30.8661
99627	53.114	30.8828
99617	53.1426	30.8995
99607	53.1713	30.9161
99602	53.1999	30.9328
99596	53.2286	30.9494
99590	53.2572	30.9661
99578	53.2859	30.9828
99573	53.3145	30.9994
99568	53.3432	31.0161
99567	53.3718	31.0328
99545	53.4005	31.0494
99541	53.4291	31.0661
99535	53.4578	31.0827
99518	53.4864	31.0994
99512	53.5151	31.1161
99502	53.5437	31.1327
99488	53.5724	31.1494
99485	53.601	31.1661
99482	53.6297	31.1827
99470	53.6583	31.1994
99456	53.687	31.216
99436	53.7156	31.2327
99433	53.7443	31.2494
99428	53.7729	31.266
99411	53.8016	31.2827
99402	53.8302	31.2994
99399	53.8589	31.316
99389	53.8875	31.3327
99373	53.9162	31.3493
99366	53.9448	31.366
99351	53.9735	31.3827
99343	54.0021	31.3993
99339	54.0308	31.416
99318	54.0594	31.4327
99309	54.0881	31.4493
99299	54.1167	31.466
99289	54.1454	31.4827
99279	54.174	31.4993
99264	54.2027	31.516
99234	54.2313	31.5326
99231	54.26	31.5493
99227	54.2886	31.566
99217	54.3173	31.5826
99198	54.3459	31.5993
99186	54.3746	31.616
99181	54.4032	31.6326
99162	54.4319	31.6493
99145	54.4605	31.6659
99130	54.4892	31.6826
99121	54.5178	31.6993
99108	54.5465	31.7159
99100	54.5751	31.7326
99083	54.6037	31.7493
99068	54.6324	31.7659
99053	54.661	31.7826
99041	54.6897	31.7992
99024	54.7183	31.8159
99014	54.747	31.8326
99004	54.7756	31.8492
98989	54.8043	31.8659
98977	54.8329	31.8826
98951	54.8616	31.8992
98941	54.8902	31.9159
98921	54.9189	31.9325
98915	54.9475	31.9492
98904	54.9762	31.9659
98886	55.0048	31.9825
98873	55.0335	31.9992
98853	55.0621	32.0159
98839	55.0908	32.0325
98826	55.1194	32.0492
98805	55.1481	32.0658
98795	55.1767	32.0825
98776	55.2054	32.0992
98754	55.234	32.1158
98743	55.2627	32.1325
98732	55.2913	32.1492
98712	55.32	32.1658
98692	55.3486	32.1825
98683	55.3773	32.1991
98661	55.4059	32.2158
98648	55.4346	32.2325
98623	55.4632	32.2491
98605	55.4919	32.2658
98590	55.5205	32.2825
98569	55.5492	32.2991
98560	55.5778	32.3158
98540	55.6065	32.3324
98519	55.6351	32.3491
98498	55.6638	32.3658
98481	55.6924	32.3824
98458	55.7211	32.3991
98438	55.7497	32.4158
98430	55.7784	32.4324
98415	55.807	32.4491
98396	55.8357	32.4657
98378	55.8643	32.4824
98363	55.893	32.4991
98340	55.9216	32.5157
98324	55.9503	32.5324
98299	55.9789	32.5491
98285	56.0076	32.5657
98263	56.0362	32.5824
98237	56.0649	32.599
98215	56.0935	32.6157
98195	56.1222	32.6324
98175	56.1508	32.649
98160	56.1795	32.6657
98138	56.2081	32.6824
98120	56.2368	32.699
98101	56.2654	32.7157
98083	56.2941	32.7323
98066	56.3227	32.749
98039	56.3513	32.7657
98012	56.38	32.7823
97994	56.4086	32.799
97971	56.4373	32.8157
97954	56.4659	32.8323
97930	56.4946	32.849
97902	56.5232	32.8656
97887	56.5519	32.8823
97857	56.5805	32.899
97839	56.6092	32.9156
97822	56.6378	32.9323
97796	56.6665	32.949
97775	56.6951	32.9656
97747	56.7238	32.9823
97725	56.7524	32.9989
97709	56.7811	33.0156
97682	56.8097	33.0323
97652	56.8384	33.0489
97630	56.867	33.0656
97604	56.8957	33.0823
97582	56.9243	33.0989
97551	56.953	33.1156
97531	56.9816	33.1322
97505	57.0103	33.1489
97484	57.0389	33.1656
97462	57.0676	33.1822
97432	57.0962	33.1989
97394	57.1249	33.2156
97375	57.1535	33.2322
97345	57.1822	33.2489
97323	57.2108	33.2655
97312	57.2395	33.2822
97289	57.2681	33.2989
97264	57.2968	33.3155
97227	57.3254	33.3322
97202	57.3541	33.3489
97179	57.3827	33.3655
97151	57.4114	33.3822
97128	57.44	33.3988
97102	57.4686	33.4155
97075	57.4973	33.4322
97056	57.5259	33.4488
97026	57.5546	33.4655
96999	57.5832	33.4822
96973	57.6119	33.4988
96940	57.6405	33.5155
96919	57.6692	33.5322
96881	57.6978	33.5488
96852	57.7265	33.5655
96835	57.7551	33.5821
96798	57.7838	33.5988
96771	57.8124	33.6155
96743	57.841	33.6321
96710	57.8697	33.6488
96681	57.8983	33.6655
96650	57.927	33.6821
96625	57.927	33.6988
96602	57.927	33.7154
96567	57.927	33.7321
96536	57.927	33.7488
96515	57.927	33.7654
96489	57.927	33.7821
96451	57.927	33.7988
96422	57.927	33.8154
96392	57.927	33.8321
96358	57.927	33.8487
96333	57.927	33.8654
96297	57.927	33.8821
96263	57.927	33.8987
96225	57.927	33.9154
96198	57.927	33.9321
96170	57.927	33.9487
96135	57.927	33.9654
96108	57.927	33.982
96087	57.927	33.9987
96051	57.927	34.0154
96023	57.927	34.032
95985	57.927	34.0487
95950	57.927	34.0654
95912	57.927	34.082
95882	57.927	34.0987
95856	57.927	34.1153
95821	57.927	34.132
95790	57.927	34.1487
95759	57.927	34.1653
95731	57.927	34.182
95701	57.927	34.1987
95661	57.927	34.2153
95627	57.927	34.232
95592	57.927	34.2486
95551	57.927	34.2653
95511	57.927	34.282
95482	57.927	34.2986
95452	57.927	34.3153
95424	57.927	34.332
95385	57.927	34.3486
95347	57.927	34.3653
95309	57.927	34.3819
95271	57.927	34.3986
95242	57.927	34.4153
95201	57.927	34.4319
95169	57.927	34.4486
95139	57.927	34.4653
95103	57.927	34.4819
95067	57.927	34.4986
95030	57.927	34.5152
94989	57.927	34.5319
94957	57.927	34.5486
94911	57.927	34.5652
94871	57.927	34.5819
94829	57.927	34.5986
94796	57.927	34.6152
94767	57.927	34.6319
94727	57.927	34.6485
94689	57.927	34.6652
94643	57.927	34.6819
94615	57.927	34.6985
94574	57.8983	34.7152
94533	57.8697	34.7319
94498	57.841	34.7485
94460	57.8124	34.7652
94415	57.7838	34.7818
94385	57.7551	34.7985
94342	57.7265	34.8152
94304	57.6978	34.8318
94268	57.6692	34.8485
94223	57.6405	34.8652
94188	57.6119	34.8818
94151	57.5832	34.8985
94111	57.5546	34.9151
94071	57.5259	34.9318
94025	57.4973	34.9485
93989	57.4686	34.9651
93945	57.44	34.9818
93903	57.4114	34.9985
93861	57.3827	35.0151
93831	57.3541	35.0318
93783	57.3254	35.0484
93745	57.2968	35.0651
93710	57.2681	35.0818
93674	57.2395	35.0984
93638	57.2108	35.1151
93600	57.1822	35.1318
93560	57.1535	35.1484
93524	57.1249	35.1651
93487	57.0962	35.1817
93449	57.0676	35.1984
93392	57.0389	35.2151
93351	57.0103	35.2317
93310	56.9816	35.2484
93266	56.953	35.2651
93225	56.9243	35.2817
93192	56.8957	35.2984
93147	56.867	35.315
93112	56.8384	35.3317
93068	56.8097	35.3484
93032	56.7811	35.365
92991	56.7524	35.3817
92942	56.7238	35.3984
92908	56.6951	35.415
92863	56.6665	35.4317
92818	56.6378	35.4483
92778	56.6092	35.465
92732	56.5805	35.4817
92697	56.5519	35.4983
92667	56.5232	35.515
92621	56.4946	35.5317
92579	56.4659	35.5483
92545	56.4373	35.565
92493	56.4086	35.5816
92457	56.38	35.5983
92407	56.3513	35.615
92367	56.3227	35.6316
92330	56.2941	35.6483
92291	56.2654	35.665
92255	56.2368	35.6816
92221	56.2081	35.6983
92183	56.1795	35.715
92140	56.1508	35.7316
92094	56.1222	35.7483
92053	56.0935	35.7649
92020	56.0649	35.7816
91978	56.0362	35.7983
91939	56.0076	35.8149
91896	55.9789	35.8316
91863	55.9503	35.8483
91826	55.9216	35.8649
91796	55.893	35.8816
91753	55.8643	35.8982
91708	55.8357	35.9149
91677	55.807	35.9316
91641	55.7784	35.9482
91603	55.7497	35.9649
91569	55.7211	35.9816
91530	55.6924	35.9982
91487	55.6638	36.0149
91461	55.6351	36.0315
91412	55.6065	36.0482
91378	55.5778	36.0649
91351	55.5492	36.0815
91311	55.5205	36.0982
91273	55.4919	36.1149
91234	55.4632	36.1315
91206	55.4346	36.1482
91172	55.4059	36.1648
91134	55.3773	36.1815
91104	55.3486	36.1982
91066	55.32	36.2148
91028	55.2913	36.2315
90988	55.2627	36.2482
90956	55.234	36.2648
90926	55.2054	36.2815
90896	55.1767	36.2981
90855	55.1481	36.3148
90829	55.1194	36.3315
90807	55.0908	36.3481
90765	55.0621	36.3648
90733	55.0335	36.3815
90697	55.0048	36.3981
90666	54.9762	36.4148
90630	54.9475	36.4314
90598	54.9189	36.4481
90562	54.8902	36.4648
90527	54.8616	36.4814
90499	54.8329	36.4981
90475	54.8043	36.5148
90452	54.7756	36.5314
90417	54.747	36.5481
90389	54.7183	36.5647
90356	54.6897	36.5814
90329	54.661	36.5981
90304	54.6324	36.6147
90258	54.6037	36.6314
90227	54.5751	36.6481
90198	54.5465	36.6647
90176	54.5178	36.6814
90151	54.4892	36.698
90134	54.4605	36.7147
90104	54.4319	36.7314
90079	54.4032	36.748
90039	54.3746	36.7647
90007	54.3459	36.7814
89989	54.3173	36.798
89951	54.2886	36.8147
89929	54.26	36.8313
89903	54.2313	36.848
89884	54.2027	36.8647
89856	54.174	36.8813
89832	54.1454	36.898
89802	54.1167	36.9147
89774	54.0881	36.9313
89755	54.0594	36.948
89725	54.0308	36.9646
89694	54.0021	36.9813
89669	53.9735	36.998
89644	53.9448	37.0146
89621	53.9162	37.0313
89593	53.8875	37.048
89582	53.8589	37.0646
89555	53.8302	37.0813
89521	53.8016	37.0979
89506	53.7729	37.1146
89487	53.7443	37.1313
89462	53.7156	37.1479
89431	53.687	37.1646
89411	53.6583	37.1813
89389	53.6297	37.1979
89371	53.601	37.2146
89354	53.5724	37.2312
89332	53.5437	37.2479
89309	53.5151	37.2646
89294	53.4864	37.2812
89266	53.4578	37.2979
89246	53.4291	37.3146
89235	53.4005	37.3312
89218	53.3718	37.3479
89198	53.3432	37.3645
89173	53.3145	37.3812
89157	53.2859	37.3979
89136	53.2572	37.4145
89109	53.2286	37.4312
89083	53.1999	37.4479
89066	53.1713	37.4645
89054	53.1426	37.4812
89044	53.114	37.4978
89022	53.0853	37.5145
89000	53.0567	37.5312
88982	53.028	37.5478
88967	52.9994	37.5645
88957	52.9707	37.5812
88945	52.9421	37.5978
88918	52.9134	37.6145
88898	52.8848	37.6311
88885	52.8561	37.6478
88881	52.8275	37.6645
88860	52.7989	37.6811
88836	52.7702	37.6978
88821	52.7416	37.7145
88802	52.7129	37.7311
88783	52.6843	37.7478
88768	52.6556	37.7645
88758	52.627	37.7811
88748	52.5983	37.7978
88730	52.5697	37.8144
88716	52.541	37.8311
88703	52.5124	37.8478
88685	52.4837	37.8644
88672	52.4551	37.8811
88664	52.4264	37.8978
88651	52.3978	37.9144
88629	52.3691	37.9311
88625	52.3405	37.9477
88611	52.3118	37.9644
88595	52.2832	37.9811
88584	52.2545	37.9977
88575	52.2259	38.0144
88554	52.1972	38.0311
88527	52.1686	38.0477
88521	52.1399	38.0644
88514	52.1113	38.081
88497	52.0826	38.0977
88491	52.054	38.1144
88482	52.0253	38.131
88464	51.9967	38.1477
88448	51.968	38.1644
88444	51.9394	38.181
88434	51.9107	38.1977
88424	51.8821	38.2143
88403	51.8534	38.231
88394	51.8248	38.2477
88383	51.7961	38.2643
88378	51.7675	38.281
88367	51.7388	38.2977
88355	51.7102	38.3143
88342	51.6815	38.331
88338	51.6529	38.3476
88328	51.6242	38.3643
88312	51.5956	38.381
88306	51.5669	38.3976
88291	51.5383	38.4143
88272	51.5096	38.431
88272	51.481	38.4476
88268	51.4523	38.4643
88248	51.4237	38.4809
88242	51.395	38.4976
88229	51.3664	38.5143
88221	51.3377	38.5309
88213	51.3091	38.5476
88211	51.2804	38.5643
88195	51.2518	38.5809
88192	51.2231	38.5976
88191	51.1945	38.6142
88176	51.1658	38.6309
88171	51.1372	38.6476
88164	51.1085	38.6642
88154	51.0799	38.6809
88148	51.0513	38.6976
88133	51.0226	38.7142
88127	50.9939	38.7309
88121	50.9653	38.7475
88111	50.9367	38.7642
88102	50.908	38.7809
88100	50.8794	38.7975
88097	50.8507	38.8142
88092	50.8221	38.8309
88080	50.7934	38.8475
88069	50.7648	38.8642
88065	50.7361	38.8808
88052	50.7075	38.8975
88044	50.6788	38.9142
88040	50.6502	38.9308
88036	50.6215	38.9475
88030	50.5929	38.9642
88024	50.5642	38.9808
88015	50.5356	38.9975
88010	50.5069	39.0141
87999	50.4783	39.0308
87993	50.4496	39.0475
87987	50.421	39.0641
87983	50.3923	39.0808
87969	50.3637	39.0975
87962	50.335	39.1141
87954	50.3064	39.1308
87951	50.2777	39.1474
87946	50.2491	39.1641
87937	50.2204	39.1808
87933	50.1918	39.1974
87928	50.1631	39.2141
87919	50.1345	39.2308
87915	50.1058	39.2474
87912	50.0772	39.2641
87909	50.0485	39.2807
87898	50.0199	39.2974
87886	49.9912	39.3141
87878	49.9626	39.3307
87874	49.9339	39.3474
87873	49.9053	39.3641
87871	49.8766	39.3807
87871	49.848	39.3974
87868	49.8193	39.414
87867	49.7907	39.4307
87858	49.762	39.4474
87851	49.7334	39.464
87842	49.7047	39.4807
87829	49.6761	39.4974
87827	49.6474	39.514
87826	49.6188	39.5307
87826	49.5901	39.5473
87814	49.5615	39.564
87809	49.5328	39.5807
87803	49.5042	39.5973
87796	49.4755	39.614
87796	49.4469	39.6307
87788	49.4182	39.6473
87782	49.3896	39.664
87781	49.3609	39.6806
87781	49.3323	39.6973
87781	49.3036	39.714
87772	49.275	39.7306
87763	49.2463	39.7473
87762	49.2177	39.764
87762	49.1891	39.7806
87762	49.1604	39.7973
87753	49.1318	39.8139
87749	49.1031	39.8306
87748	49.0745	39.8473
87748	49.0458	39.8639
87748	49.0172	39.8806
87745	48.9885	39.8973
87735	48.9599	39.9139
87731	48.9312	39.9306
87730	48.9026	39.9473
87729	48.8739	39.9639
87729	48.8453	39.9806
87728	48.8166	39.9972
87720	48.788	40.0139
87718	48.7593	40.0306
87714	48.7307	40.0472
87714	48.702	40.0639
87710	48.6734	40.0806
87703	48.6447	40.0972
87700	48.6161	40.1139
87697	48.5874	40.1305
87696	48.5588	40.1472
87696	48.5301	40.1639
87696	48.5015	40.1805
87696	48.4728	40.1972
87690	48.4442	40.2139
87687	48.4155	40.2305
87687	48.3869	40.2472
87686	48.3582	40.2638
87686	48.3296	40.2805
87686	48.3009	40.2972
87679	48.2723	40.3138
87677	48.2436	40.3305
87673	48.215	40.3472
87673	48.1863	40.3638
87673	48.1577	40.3805
87673	48.129	40.3971
87673	48.1004	40.4138
87673	48.0717	40.4305
87673	48.0431	40.4471
87672	48.0144	40.4638
87665	47.9858	40.4805
87663	47.9571	40.4971
87661	47.9285	40.5138
87654	47.8998	40.5304
87654	47.8712	40.5471
87653	47.8425	40.5638
87653	47.8139	40.5804
87653	47.7852	40.5971
87653	47.7566	40.6138
87653	47.7279	40.6304
87653	47.6993	40.6471
87653	47.6706	40.6637
87653	47.642	40.6804
87653	47.6133	40.6971
87653	47.5847	40.7137
87653	47.556	40.7304
87653	47.5274	40.7471
87653	47.4987	40.7637
87653	47.4701	40.7804
87653	47.4415	40.797
87653	47.4128	40.8137
87650	47.3842	40.8304
87648	47.3555	40.847
87642	47.3269	40.8637
87636	47.2982	40.8804
87632	47.2696	40.897
87632	47.2409	40.9137
87632	47.2123	40.9303
87632	47.1836	40.947
87631	47.155	40.9637
87631	47.1263	40.9803
87631	47.0977	40.997
87631	47.069	41.0137
87631	47.0404	41.0303
87631	47.0117	41.047
87631	46.9831	41.0636
87631	46.9544	41.0803
87629	46.9258	41.097
87624	46.8971	41.1136
87622	46.8685	41.1303
87621	46.8398	41.147
87619	46.8112	41.1636
87619	46.7825	41.1803
87619	46.7539	41.1969
87619	46.7252	41.2136
87619	46.6966	41.2303
87619	46.6679	41.2469
87618	46.6393	41.2636
87618	46.6106	41.2803
87618	46.582	41.2969
87618	46.5533	41.3136
87618	46.5247	41.3302
87618	46.496	41.3469
87618	46.4674	41.3636
87618	46.4387	41.3802
87618	46.4101	41.3969
87618	46.3814	41.4136
87618	46.3528	41.4302
87618	46.3241	41.4469
87618	46.2955	41.4635
87618	46.2668	41.4802
87618	46.2382	41.4969
87618	46.2095	41.5135
87618	46.1809	41.5302
87618	46.1522	41.5469
87618	46.1236	41.5635
87618	46.0949	41.5802
87618	46.0663	41.5968
87618	46.0376	41.6135
87618	46.009	41.6302
87618	45.9803	41.6468
87618	45.9517	41.6635
87618	45.923	41.6802
87618	45.8944	41.6968
87618	45.8657	41.7135
87618	45.8371	41.7301
87618	45.8084	41.7468
87618	45.7798	41.7635
87618	45.7511	41.7801
87618	45.7225	41.7968
87618	45.6939	41.8135
87618	45.6652	41.8301
87618	45.6366	41.8468
87618	45.6079	41.8634
87618	45.5793	41.8801
87618	45.5506	41.8968
87618	45.522	41.9134
87618	45.4933	41.9301
87618	45.4647	41.9468
87618	45.436	41.9634
87618	45.4074	41.9801
87618	45.3787	41.9967
87618	45.3501	42.0134
87618	45.3214	42.0301
87618	45.2928	42.0467
87618	45.2641	42.0634
87618	45.2355	42.0801
87618	45.2068	42.0967
87618	45.1782	42.1134
87618	45.1495	42.1301
87618	45.1209	42.1467
87618	45.0922	42.1634
87618	45.0636	42.18
87618	45.0349	42.1967
87618	45.0063	42.2134
87618	44.9776	42.23
87618	44.949	42.2467
87618	44.9203	42.2634
87618	44.8917	42.28
87618	44.863	42.2967
87618	44.8344	42.3133
87618	44.8057	42.33
87618	44.7771	42.3467
87618	44.7484	42.3633
87618	44.7198	42.38
87618	44.6911	42.3967
87618	44.6625	42.4133
87618	44.6338	42.43
87618	44.6052	42.4466
87618	44.5765	42.4633
87618	44.5479	42.48
87618	44.5192	42.4966
87618	44.4906	42.5133
87618	44.4619	42.53
87618	44.4333	42.5466
87618	44.4046	42.5633
87618	44.376	42.5799
87618	44.3473	42.5966
87618	44.3187	42.6133
87618	44.29	42.6299
87618	44.2614	42.6466
87618	44.2327	42.6633
87618	44.2041	42.6799
87618	44.1754	42.6966
87618	44.1468	42.7132
87618	44.1181	42.7299
87618	44.0895	42.7466
87618	44.0608	42.7632
87618	44.0322	42.7799
87618	44.0035	42.7966
87618	43.9749	42.8132
87618	43.9463	42.8299
87618	43.9176	42.8465
87618	43.889	42.8632
87618	43.8603	42.8799
87618	43.8317	42.8965
87618	43.803	42.9132
87618	43.7744	42.9299
87618	43.7457	42.9465
87618	43.7171	42.9632
87618	43.6884	42.9798
87618	43.6598	42.9965
87618	43.6311	43.0132
87618	43.6025	43.0298
87618	43.5738	43.0465
87618	43.5452	43.0632
87618	43.5165	43.0798
87618	43.4879	43.0965
87618	43.4592	43.1131
87618	43.4306	43.1298
87618	43.4019	43.1465
87618	43.3733	43.1631
87618	43.3446	43.1798
87618	43.316	43.1965
87618	43.2873	43.2131
87618	43.2587	43.2298
87618	43.23	43.2464
87618	43.2014	43.2631
87618	43.1727	43.2798
87618	43.1441	43.2964
87618	43.1154	43.3131
87618	43.0868	43.3298
87618	43.0581	43.3464
87618	43.0295	43.3631
87618	43.0008	43.3797
87618	42.9722	43.3964
87618	42.9435	43.4131
87618	42.9149	43.4297
87618	42.8862	43.4464
87618	42.8576	43.4631
87618	42.8289	43.4797
87618	42.8003	43.4964
87618	42.7716	43.513
87618	42.743	43.5297
87618	42.7143	43.5464
87618	42.6857	43.563
87618	42.657	43.5797
87618	42.6284	43.5964
87618	42.5997	43.613
87618	42.5711	43.6297
87618	42.5424	43.6463
87618	42.5138	43.663
87618	42.4851	43.6797
87618	42.4565	43.6963
87618	42.4278	43.713
87618	42.3992	43.7297
87618	42.3705	43.7463
87618	42.3419	43.763
87618	42.3132	43.7796
87618	42.2846	43.7963
87618	42.2559	43.813
87618	42.2273	43.8296
87618	42.1987	43.8463
87618	42.17	43.863
87618	42.1413	43.8796
87618	42.1127	43.8963
87618	42.0841	43.9129
87618	42.0554	43.9296
87618	42.0268	43.9463
87618	41.9981	43.9629
87618	41.9695	43.9796
87618	41.9408	43.9963
87618	41.9122	44.0129
87618	41.8835	44.0296
87618	41.8549	44.0462
87618	41.8262	44.0629
87618	41.7976	44.0796
87618	41.7689	44.0962
87618	41.7403	44.1129
87618	41.7116	44.1296
87618	41.683	44.1462
87618	41.6543	44.1629
87618	41.6257	44.1796
87618	41.597	44.1962
87618	41.5684	44.2129
87618	41.5397	44.2295
87618	41.5111	44.2462
87618	41.4824	44.2629
87618	41.4538	44.2795
87618	41.4251	44.2962
87618	41.3965	44.3129
87618	41.3678	44.3295
87618	41.3392	44.3462
87618	41.3105	44.3628
87618	41.2819	44.3795
87618	41.2532	44.3962
87618	41.2246	44.4128
87618	41.1959	44.4295
87618	41.1673	44.4462
87618	41.1386	44.4628
87618	41.11	44.4795
87618	41.0813	44.4961
87618	41.0527	44.5128
87618	41.024	44.5295
87618	40.9954	44.5461
87618	40.9667	44.5628
87618	40.9381	44.5795
87618	40.9094	44.5961
87618	40.8808	44.6128
87618	40.8521	44.6294
87618	40.8235	44.6461
87618	40.7948	44.6628
87618	40.7662	44.6794
87618	40.7375	44.6961
87618	40.7089	44.7128
87618	40.6802	44.7294
87618	40.6516	44.7461
87618	40.6229	44.7627
87618	40.5943	44.7794
87618	40.5656	44.7961
87618	40.537	44.8127
87618	40.5083	44.8294
87618	40.4797	44.8461
87618	40.451	44.8627
87618	40.4224	44.8794
87618	40.3937	44.896
87618	40.3651	44.9127
87618	40.3365	44.9294
87618	40.3078	44.946
87618	40.2792	44.9627
87618	40.2505	44.9794
87618	40.2219	44.996
87618	40.1932	45.0127
87618	40.1646	45.0293
87618	40.1359	45.046
87618	40.1073	45.0627
87618	40.0786	45.0793
87618	40.05	45.096
87618	40.0213	45.1127
87618	39.9927	45.1293
87618	39.964	45.146
87618	39.9354	45.1626
87618	39.9067	45.1793
87618	39.8781	45.196
87618	39.8494	45.2126
87618	39.8208	45.2293
87618	39.7921	45.246
87618	39.7635	45.2626
87618	39.7348	45.2793
87618	39.7062	45.2959
87618	39.6775	45.3126
87618	39.6489	45.3293
87618	39.6202	45.3459
87618	39.5916	45.3626
87618	39.5629	45.3793
87618	39.5343	45.3959
87618	39.5056	45.4126
87618	39.477	45.4292
87618	39.4483	45.4459
87618	39.4197	45.4626
87618	39.391	45.4792
87618	39.3624	45.4959
87618	39.3337	45.5126
87618	39.3051	45.5292
87618	39.2764	45.5459
87618	39.2478	45.5625
87618	39.2191	45.5792
87618	39.1905	45.5959
87618	39.1618	45.6125
87618	39.1332	45.6292
87618	39.1045	45.6459
87618	39.0759	45.6625
87618	39.0472	45.6792
87618	39.0186	45.6958
87618	38.9899	45.7125
87618	38.9613	45.7292
87618	38.9326	45.7458
87618	38.904	45.7625
87618	38.8753	45.7792
87617	38.8467	45.7958
87617	38.818	45.8125
87617	38.7894	45.8291
87617	38.7607	45.8458
87617	38.7321	45.8625
87617	38.7034	45.8791
87617	38.6748	45.8958
87617	38.6461	45.9125
87617	38.6175	45.9291
87617	38.5889	45.9458
87617	38.5602	45.9624
87617	38.5316	45.9791
87617	38.5029	45.9958
87617	38.4743	46.0124
87617	38.4456	46.0291
87617	38.417	46.0458
87617	38.3883	46.0624
87617	38.3597	46.0791
87617	38.331	46.0957
87617	38.3024	46.1124
87617	38.2737	46.1291
87617	38.2451	46.1457
87617	38.2164	46.1624
87616	38.1878	46.1791
87616	38.1591	46.1957
87616	38.1305	46.2124
87616	38.1018	46.229
87616	38.0732	46.2457
87616	38.0445	46.2624
87616	38.0159	46.279
87616	37.9872	46.2957
87616	37.9586	46.3124
87616	37.9299	46.329
87616	37.9013	46.3457
87616	37.8726	46.3624
87616	37.844	46.379
87616	37.8153	46.3957
87616	37.7867	46.4123
87616	37.758	46.429
87616	37.7294	46.4457
87616	37.7007	46.4623
87616	37.6721	46.479
87616	37.6434	46.4957
87616	37.6148	46.5123
87616	37.5861	46.529
87616	37.5575	46.5456
87616	37.5288	46.5623
87616	37.5002	46.579
87616	37.4715	46.5956
87616	37.4429	46.6123
87616	37.4142	46.629
87616	37.3856	46.6456
87616	37.3569	46.6623
87616	37.3283	46.6789
87616	37.2996	46.6956
87616	37.271	46.7123
87616	37.2423	46.7289
87616	37.2137	46.7456
87616	37.185	46.7623
87616	37.1564	46.7789
87616	37.1277	46.7956
87616	37.0991	46.8122
87616	37.0704	46.8289
87616	37.0418	46.8456
87616	37.0131	46.8622
87616	36.9845	46.8789
87616	36.9558	46.8956
87616	36.9272	46.9122
87616	36.8985	46.9289
87615	36.8699	46.9455
87615	36.8413	46.9622
87615	36.8126	46.9789
87615	36.784	46.9955
87615	36.7553	47.0122
87615	36.7267	47.0289
87615	36.698	47.0455
87615	36.6694	47.0622
87615	36.6407	47.0788
87615	36.6121	47.0955
87615	36.5834	47.1122
87615	36.5548	47.1288
87615	36.5261	47.1455
87615	36.4975	47.1622
87615	36.4688	47.1788
87614	36.4402	47.1955
87614	36.4115	47.2121
87614	36.3829	47.2288
87614	36.3542	47.2455
87614	36.3256	47.2621
87614	36.2969	47.2788
87614	36.2683	47.2955
87614	36.2396	47.3121
87614	36.211	47.3288
87614	36.1823	47.3454
87614	36.1537	47.3621
87614	36.125	47.3788
87614	36.0964	47.3954
87614	36.0677	47.4121
87614	36.0391	47.4288
87614	36.0104	47.4454
87614	35.9818	47.4621
87614	35.9531	47.4787
87614	35.9245	47.4954
87614	35.8958	47.5121
87614	35.8672	47.5287
87614	35.8385	47.5454
87614	35.8099	47.5621
87614	35.7812	47.5787
87614	35.7526	47.5954
87614	35.7239	47.612
87614	35.6953	47.6287
87614	35.6666	47.6454
87614	35.638	47.662
87614	35.6093	47.6787
87614	35.5807	47.6954
87614	35.552	47.712
87614	35.5234	47.7287
87614	35.4947	47.7453
87614	35.4661	47.762
87614	35.4374	47.7787
87614	35.4088	47.7953
87614	35.3801	47.812
87614	35.3515	47.8287
87614	35.3228	47.8453
87614	35.2942	47.862
87614	35.2655	47.8786
87614	35.2369	47.8953
87614	35.2082	47.912
87614	35.1796	47.9286
87614	35.151	47.9453
87614	35.1223	47.962
87614	35.0937	47.9786
87614	35.065	47.9953
87614	35.0364	48.0119
87614	35.0077	48.0286
87614	34.9791	48.0453
87614	34.9504	48.0619
87614	34.9218	48.0786
87614	34.8931	48.0953
87614	34.8645	48.1119
87614	34.8358	48.1286
87614	34.8072	48.1452
87614	34.7785	48.1619
87614	34.7499	48.1786
87614	34.7212	48.1952
87614	34.6926	48.2119
87614	34.6639	48.2286
87614	34.6353	48.2452
87614	34.6066	48.2619
87614	34.578	48.2785
87614	34.5493	48.2952
87614	34.5207	48.3119
87614	34.492	48.3285
87614	34.4634	48.3452
87614	34.4347	48.3619
87614	34.4061	48.3785
87614	34.3774	48.3952
87614	34.3488	48.4118
87614	34.3201	48.4285
87614	34.2915	48.4452
87614	34.2628	48.4618
87614	34.2342	48.4785
87614	34.2055	48.4952
87614	34.1769	48.5118
87614	34.1482	48.5285
87614	34.1196	48.5452
87614	34.0909	48.5618
87614	34.0623	48.5785
87614	34.0336	48.5951
87614	34.005	48.6118
87614	33.9763	48.6285
87614	33.9477	48.6451
87614	33.919	48.6618
87614	33.8904	48.6785
87614	33.8617	48.6951
87614	33.8331	48.7118
87614	33.8044	48.7284
87614	33.7758	48.7451
87614	33.7471	48.7618
87614	33.7185	48.7784
87614	33.6898	48.7951
87614	33.6612	48.8118
87614	33.6325	48.8284
87614	33.6039	48.8451
87614	33.5752	48.8617
87614	33.5466	48.8784
87614	33.5179	48.8951
87614	33.4893	48.9117
87614	33.4606	48.9284
87614	33.432	48.9451
87614	33.4034	48.9617
87614	33.3747	48.9784
87614	33.3461	48.995
87614	33.3174	49.0117
87614	33.2888	49.0284
87614	33.2601	49.045
87614	33.2315	49.0617
87614	33.2028	49.0784
87614	33.1742	49.095
87614	33.1455	49.1117
87614	33.1169	49.1283
87614	33.0882	49.145
87614	33.0596	49.1617
87614	33.0309	49.1783
87614	33.0023	49.195
87614	32.9736	49.2117
87614	32.945	49.2283
87614	32.9163	49.245
87614	32.8877	49.2616
87614	32.859	49.2783
87614	32.8304	49.295
87614	32.8017	49.3116
87614	32.7731	49.3283
87614	32.7444	49.345
87614	32.7158	49.3616
87614	32.6871	49.3783
87614	32.6585	49.3949
87614	32.6298	49.4116
87614	32.6012	49.4283
87614	32.5725	49.4449
87614	32.5439	49.4616
87614	32.5152	49.4783
87614	32.4866	49.4949
87614	32.4579	49.5116
87614	32.4293	49.5282
87614	32.4006	49.5449
87614	32.372	49.5616
87614	32.3433	49.5782
87614	32.3147	49.5949
87614	32.286	49.6116
87614	32.2574	49.6282
87614	32.2287	49.6449
87614	32.2001	49.6615
87614	32.1714	49.6782
87614	32.1428	49.6949
87614	32.1141	49.7115
87614	32.0855	49.7282
87614	32.0568	49.7449
87614	32.0282	49.7615
87614	31.9995	49.7782
87614	31.9709	49.7948
87614	31.9422	49.8115
87614	31.9136	49.8282
87614	31.8849	49.8448
87614	31.8563	49.8615
87614	31.8276	49.8782
87614	31.799	49.8948
87614	31.7703	49.9115
87614	31.7417	49.9281
87614	31.713	49.9448
87614	31.6844	49.9615
87614	31.6557	49.9781
87614	31.6271	49.9948
87614	31.5984	50.0115
87614	31.5698	50.0281
87614	31.5412	50.0448
87614	31.5125	50.0614
87614	31.4839	50.0781
87614	31.4552	50.0948
87614	31.4266	50.1114
87614	31.3979	50.1281
87614	31.3693	50.1448
87614	31.3406	50.1614
87614	31.312	50.1781
87614	31.2833	50.1947
87614	31.2547	50.2114
87614	31.226	50.2281
87614	31.1974	50.2447
87614	31.1687	50.2614
87614	31.1401	50.2781
87614	31.1114	50.2947
87614	31.0828	50.3114
87614	31.0541	50.328
87614	31.0255	50.3447
87614	30.9968	50.3614
87614	30.9682	50.378
87614	30.9395	50.3947
87614	30.9109	50.4114
87614	30.8822	50.428
87614	30.8536	50.4447
87614	30.8249	50.4613
87614	30.7963	50.478
87614	30.7676	50.4947
87614	30.739	50.5113
87614	30.7103	50.528
87614	30.6817	50.5447
87614	30.653	50.5613
87614	30.6244	50.578
87614	30.5957	50.5947
87614	30.5671	50.6113
87614	30.5384	50.628
87614	30.5098	50.6446
87614	30.4811	50.6613
87614	30.4525	50.678
87614	30.4238	50.6946
87614	30.3952	50.7113
87614	30.3665	50.728
87614	30.3379	50.7446
87614	30.3092	50.7613
87614	30.2806	50.7779
87614	30.2519	50.7946
87614	30.2233	50.8113
87614	30.1946	50.8279
87614	30.166	50.8446
87614	30.1373	50.8613
87614	30.1087	50.8779
87614	30.08	50.8946
87614	30.0514	50.9112
87614	30.0227	50.9279
87614	29.9941	50.9446
87614	29.9654	50.9612
87614	29.9368	50.9779
87614	29.9081	50.9946
87614	29.8795	51.0112
87614	29.8508	51.0279
87614	29.8222	51.0445
87614	29.7936	51.0612
87614	29.7649	51.0779
87614	29.7363	51.0945
87614	29.7076	51.1112
87614	29.679	51.1279
87614	29.6503	51.1445
87614	29.6217	51.1612
87614	29.593	51.1778
87614	29.5644	51.1945
87614	29.5357	51.2112
87614	29.5071	51.2278
87614	29.4784	51.2445
87614	29.4498	51.2612
87614	29.4211	51.2778
87614	29.3925	51.2945
87614	29.3638	51.3111
87614	29.3352	51.3278
87614	29.3065	51.3445
87614	29.2779	51.3611
87614	29.2492	51.3778
87614	29.2206	51.3945
87614	29.1919	51.4111
87614	29.1633	51.4278
87614	29.1346	51.4444
87614	29.106	51.4611
87614	29.0773	51.4778
87614	29.0487	51.4944
87614	29.02	51.5111
87614	28.9914	51.5278
87614	28.9627	51.5444
87614	28.9341	51.5611
87614	28.9054	51.5777
87614	28.8768	51.5944
87614	28.8481	51.6111
87614	28.8195	51.6277
87614	28.7908	51.6444
87614	28.7622	51.6611
87614	28.7335	51.6777
87614	28.7049	51.6944
87614	28.6762	51.711
87614	28.6476	51.7277
87614	28.6189	51.7444
87614	28.5903	51.761
87614	28.5616	51.7777
87614	28.533	51.7944
87614	28.5043	51.811
87614	28.4757	51.8277
87614	28.4471	51.8443
87614	28.4184	51.861
87614	28.3898	51.8777
87614	28.3611	51.8943
87614	28.3325	51.911
87614	28.3038	51.9277
87614	28.2752	51.9443
87614	28.2465	51.961
87614	28.2179	51.9776
87614	28.1892	51.9943
87614	28.1606	52.011
87614	28.1319	52.0276
87614	28.1033	52.0443
87614	28.0746	52.061
87614	28.046	52.0776
87614	28.0173	52.0943
87614	27.9887	52.1109
87614	27.96	52.1276
87614	27.9314	52.1443
87614	27.9028	52.1609
87614	27.8741	52.1776
87614	27.8455	52.1943
87614	27.8168	52.2109
87614	27.7882	52.2276
87614	27.7595	52.2442
87614	27.7309	52.2609
87614	27.7022	52.2776
87614	27.6736	52.2942
87614	27.6449	52.3109
87614	27.6163	52.3276
87614	27.5876	52.3442
87614	27.559	52.3609
87614	27.5303	52.3775
87614	27.5017	52.3942
87614	27.473	52.4109
87614	27.4444	52.4275
87614	27.4157	52.4442
87614	27.3871	52.4609
87614	27.3584	52.4775
87614	27.3298	52.4942
87614	27.3012	52.5108
87614	27.2725	52.5275
87614	27.2439	52.5442
87614	27.2152	52.5608
87614	27.1866	52.5775
87614	27.1579	52.5942
87614	27.1293	52.6108
87614	27.1006	52.6275
87614	27.072	52.6441
87614	27.0433	52.6608
87614	27.0147	52.6775
87614	26.986	52.6941
87614	26.9574	52.7108
87614	26.9287	52.7275
87614	26.9001	52.7441
87614	26.8714	52.7608
87614	26.8428	52.7775
87614	26.8141	52.7941
87614	26.7855	52.8108
87614	26.7569	52.8274
87614	26.7282	52.8441
87614	26.6996	52.8608
87614	26.6709	52.8774
87614	26.6423	52.8941
87614	26.6136	52.9108
87614	26.585	52.9274
87614	26.5563	52.9441
87614	26.5277	52.9607
87614	26.499	52.9774
87614	26.4704	52.9941
87614	26.4417	53.0107
87614	26.4131	53.0274
87614	26.3844	53.0441
87614	26.3558	53.0607
87614	26.3271	53.0774
87614	26.2985	53.094
87614	26.2698	53.1107
87614	26.2412	53.1274
87614	26.2125	53.144
87614	26.1839	53.1607
87614	26.1553	53.1774
87614	26.1266	53.194
87614	26.098	53.2107
87614	26.0693	53.2273
87614	26.0407	53.244
87614	26.012	53.2607
87614	25.9834	53.2773
87614	25.9547	53.294
87614	25.9261	53.3107
87614	25.8974	53.3273
87614	25.8688	53.344
87614	25.8401	53.3606
87614	25.8115	53.3773
87614	25.7828	53.394
87614	25.7542	53.4106
87614	25.7255	53.4273
87614	25.6969	53.444
87614	25.6682	53.4606
87614	25.6396	53.4773
87614	25.611	53.4939
87614	25.5823	53.5106
87614	25.5537	53.5273
87614	25.525	53.5439
87614	25.4964	53.5606
87614	25.4677	53.5773
87614	25.4391	53.5939
87614	25.4104	53.6106
87614	25.3818	53.6272
87614	25.3531	53.6439
87614	25.3245	53.6606
87614	25.2958	53.6772
87614	25.2672	53.6939
87614	25.2385	53.7106
87614	25.2099	53.7272
87614	25.1812	53.7439
87614	25.1526	53.7605
87614	25.1239	53.7772
87614	25.0953	53.7939
87614	25.0667	53.8105
87614	25.038	53.8272
87614	25.0094	53.8439
87614	24.9807	53.8605
87614	24.9521	53.8772
87614	24.9234	53.8938
87614	24.8948	53.9105
87614	24.8661	53.9272
87614	24.8375	53.9438
87614	24.8088	53.9605
87614	24.7802	53.9772
87614	24.7515	53.9938
87614	24.7229	54.0105
87614	24.6942	54.0271
87614	24.6656	54.0438
87614	24.6369	54.0605
87614	24.6083	54.0771
87614	24.5796	54.0938
87614	24.551	54.1105
87614	24.5223	54.1271
87614	24.4937	54.1438
87614	24.4651	54.1604
87614	24.4364	54.1771
87614	24.4078	54.1938
87614	24.3791	54.2104
87614	24.3505	54.2271
87614	24.3218	54.2438
87614	24.2932	54.2604
87614	24.2645	54.2771
87614	24.2359	54.2937
87614	24.2072	54.3104
87614	24.1786	54.3271
87614	24.1499	54.3437
87614	24.1213	54.3604
87614	24.0926	54.3771
87614	24.064	54.3937
87614	24.0353	54.4104
87614	24.0067	54.427
87614	23.978	54.4437
87614	23.9494	54.4604
87614	23.9208	54.477
87614	23.8921	54.4937
87614	23.8635	54.5104
87614	23.8348	54.527
87614	23.8062	54.5437
87614	23.7775	54.5603
87614	23.7489	54.577
87614	23.7202	54.5937
87614	23.6916	54.6103
87614	23.6629	54.627
87614	23.6343	54.6437
87614	23.6056	54.6603
87614	23.577	54.677
87614	23.5483	54.6936
87614	23.5197	54.7103
87614	23.491	54.727
87614	23.4624	54.7436
87614	23.4337	54.7603
87614	23.4051	54.777
87614	23.3764	54.7936
87614	23.3478	54.8103
87614	23.3192	54.827
87614	23.2905	54.8436
87614	23.2619	54.8603
87614	23.2332	54.8769
87614	23.2046	54.8936
87614	23.1759	54.9103
87614	23.1473	54.9269
87614	23.1186	54.9436
87614	23.09	54.9603
87614	23.0613	54.9769
87614	23.0327	54.9936
87614	23.004	55.0102
87614	22.9754	55.0269
87614	22.9467	55.0436
87614	22.9181	55.0602
87614	22.8894	55.0769
87614	22.8608	55.0936
87614	22.8321	55.1102
87614	22.8035	55.1269
87614	22.7749	55.1435
87614	22.7462	55.1602
87614	22.7176	55.1769
87614	22.6889	55.1935
87614	22.6603	55.2102
87614	22.6316	55.2269
87614	22.603	55.2435
87614	22.5743	55.2602
87614	22.5457	55.2768
87614	22.517	55.2935
87614	22.4884	55.3102
87614	22.4597	55.3268
87614	22.4311	55.3435
87614	22.4024	55.3602
87614	22.3738	55.3768
87614	22.3451	55.3935
87614	22.3165	55.4101
87614	22.2878	55.4268
87614	22.2592	55.4435
87614	22.2305	55.4601
87614	22.2019	55.4768
87614	22.1733	55.4935
87614	22.1446	55.5101
87614	22.116	55.5268
87614	22.0873	55.5434
87614	22.0587	55.5601
87614	22.03	55.5768
87614	22.0014	55.5934
87614	21.9727	55.6101
87614	21.9441	55.6268
87614	21.9154	55.6434
87614	21.8868	55.6601
87614	21.8581	55.6767
87614	21.8295	55.6934
87614	21.8008	55.7101
87614	21.7722	55.7267
87614	21.7435	55.7434
87614	21.7149	55.7601
87614	21.6862	55.7767
87614	21.6576	55.7934
87614	21.629	55.81
87614	21.6003	55.8267
87614	21.5717	55.8434
87614	21.543	55.86
87614	21.5144	55.8767
87614	21.4857	55.8934
87614	21.4571	55.91
87614	21.4284	55.9267
87614	21.3998	55.9433
87614	21.3711	55.96
87614	21.3425	55.9767
87614	21.3138	55.9933
87614	21.2852	56.01
87614	21.2565	56.0267
87614	21.2279	56.0433
87614	21.1992	56.06
87614	21.1706	56.0766
87614	21.1419	56.0933
87614	21.1133	56.11
87614	21.0847	56.1266
87614	21.056	56.1433
87614	21.0274	56.16
87614	20.9987	56.1766
87614	20.9701	56.1933
87614	20.9414	56.2099
87614	20.9128	56.2266
87614	20.8841	56.2433
87614	20.8555	56.2599
87614	20.8268	56.2766
87614	20.7982	56.2933
87614	20.7695	56.3099
87614	20.7409	56.3266
87614	20.7122	56.3432
87614	20.6836	56.3599
87614	20.6549	56.3766
87614	20.6263	56.3932
87614	20.5976	56.4099
87614	20.569	56.4266
87614	20.5403	56.4432
87614	20.5117	56.4599
87614	20.4831	56.4765
87614	20.4544	56.4932
87614	20.4258	56.5099
87614	20.3971	56.5265
87614	20.3685	56.5432
87614	20.3398	56.5599
87614	20.3112	56.5765
87614	20.2825	56.5932
87614	20.2539	56.6098
87614	20.2252	56.6265
87614	20.1966	56.6432
87614	20.1679	56.6598
87614	20.1393	56.6765
87614	20.1106	56.6932
87614	20.082	56.7098
87614	20.0533	56.7265
87614	20.0247	56.7431
87614	19.996	56.7598
87614	19.9674	56.7765
87614	19.9388	56.7931
87614	19.9101	56.8098
87614	19.8815	56.8265
87614	19.8528	56.8431
87614	19.8242	56.8598
87614	19.7955	56.8764
87614	19.7669	56.8931
87614	19.7382	56.9098
87614	19.7096	56.9264
87614	19.6809	56.9431
87614	19.6523	56.9598
87614	19.6236	56.9764
87614	19.595	56.9931
87614	19.5663	57.0098
87614	19.5377	57.0264
87614	19.509	57.0431
87614	19.4804	57.0597
87614	19.4517	57.0764
87614	19.4231	57.0931
87614	19.3944	57.1097
87614	19.3658	57.1264
87614	19.3372	57.1431
87614	19.3085	57.1597
87614	19.2799	57.1764
87614	19.2512	57.193
87614	19.2226	57.2097
87614	19.1939	57.2264
87614	19.1653	57.243
87614	19.1366	57.2597
87614	19.108	57.2764
87614	19.0793	57.293
87614	19.0507	57.3097
87614	19.022	57.3263
87614	18.9934	57.343
87614	18.9647	57.3597
87614	18.9361	57.3763
87614	18.9074	57.393
87614	18.8788	57.4097
87614	18.8501	57.4263
87614	18.8215	57.443
87614	18.7929	57.4596
87614	18.7642	57.4763
87614	18.7356	57.493
87614	18.7069	57.5096
87614	18.6783	57.5263
87614	18.6496	57.543
87614	18.621	57.5596
87614	18.5923	57.5763
87614	18.5637	57.5929
87614	18.535	57.6096
87614	18.5064	57.6263
87614	18.4777	57.6429
87614	18.4491	57.6596
87614	18.4204	57.6763
87614	18.3918	57.6929
87614	18.3631	57.7096
87614	18.3345	57.7262
87614	18.3058	57.7429
87614	18.2772	57.7596
87614	18.2486	57.7762
87614	18.2199	57.7929
87614	18.1913	57.8096
87614	18.1626	57.8262
87614	18.134	57.8429
87614	18.1053	57.8595
87614	18.0767	57.8762
87614	18.048	57.8929
87614	18.0194	57.9095
87614	17.9907	57.9262
87614	17.9621	57.9429
87614	17.9334	57.9595
87614	17.9048	57.9762
87614	17.8761	57.9928
87614	17.8475	58.0095
87614	17.8188	58.0262
87614	17.7902	58.0428
87614	17.7615	58.0595
87614	17.7329	58.0762
87614	17.7042	58.0928
87614	17.6756	58.1095
87614	17.647	58.1261
87614	17.6183	58.1428
87614	17.5897	58.1595
87614	17.561	58.1761
87614	17.5324	58.1928
87614	17.5037	58.2095
87614	17.4751	58.2261
87614	17.4464	58.2428
87614	17.4178	58.2594
87614	17.3891	58.2761
87614	17.3605	58.2928
87614	17.3318	58.3094
87614	17.3032	58.3261
87614	17.2745	58.3428
87614	17.2459	58.3594
87614	17.2172	58.3761
87614	17.1886	58.3927
87614	17.1599	58.4094
87614	17.1313	58.4261
87614	17.1026	58.4427
87614	17.074	58.4594
87614	17.0454	58.4761
87614	17.0167	58.4927
87614	16.9881	58.5094
87614	16.9594	58.526
87614	16.9308	58.5427
87614	16.9021	58.5594
87614	16.8735	58.576
87614	16.8448	58.5927
87614	16.8162	58.6094
87614	16.7875	58.626
87614	16.7589	58.6427
87614	16.7302	58.6593
87614	16.7016	58.676
87614	16.6729	58.6927
87614	16.6443	58.7093
87614	16.6156	58.726
87614	16.587	58.7427
87614	16.5583	58.7593
87614	16.5297	58.776
87614	16.5011	58.7926
87614	16.4724	58.8093
87614	16.4438	58.826
87614	16.4151	58.8426
87614	16.3865	58.8593
87614	16.3578	58.876
87614	16.3292	58.8926
87614	16.3005	58.9093
87614	16.2719	58.9259
87614	16.2432	58.9426
87614	16.2146	58.9593
87614	16.1859	58.9759
87614	16.1573	58.9926
87614	16.1286	59.0093
87614	16.1	59.0259
87614	16.0713	59.0426
87614	16.0427	59.0592
87614	16.014	59.0759
87614	15.9854	59.0926
87614	15.9568	59.1092
87614	15.9281	59.1259
87614	15.8995	59.1426
87614	15.8708	59.1592
87614	15.8422	59.1759
87614	15.8135	59.1926
87614	15.7849	59.2092
87614	15.7562	59.2259
87614	15.7276	59.2425
87614	15.6989	59.2592
87614	15.6703	59.2759
87614	15.6416	59.2925
87614	15.613	59.3092
87614	15.5843	59.3259
87614	15.5557	59.3425
87614	15.527	59.3592
87614	15.4984	59.3758
87614	15.4697	59.3925
87614	15.4411	59.4092
87614	15.4124	59.4258
87614	15.3838	59.4425
87614	15.3552	59.4592
87614	15.3265	59.4758
87614	15.2979	59.4925
87614	15.2692	59.5091
87614	15.2406	59.5258
87614	15.2119	59.5425
87614	15.1833	59.5591
87614	15.1546	59.5758
87614	15.126	59.5925
87614	15.0973	59.6091
87614	15.0687	59.6258
87614	15.04	59.6424
87614	15.0114	59.6591
87614	14.9827	59.6758
87614	14.9541	59.6924
87614	14.9254	59.7091
87614	14.8968	59.7258
87614	14.8681	59.7424
87614	14.8395	59.7591
87614	14.8109	59.7757
87614	14.7822	59.7924
87614	14.7536	59.8091
87614	14.7249	59.8257
87614	14.6963	59.8424
87614	14.6676	59.8591
87614	14.639	59.8757
87614	14.6103	59.8924
87614	14.5817	59.909
87614	14.553	59.9257
87614	14.5244	59.9424
87614	14.4957	59.959
87614	14.4671	59.9757
87614	14.4384	59.9924
87614	14.4098	60.009
87614	14.3811	60.0257
87614	14.3525	60.0423
87614	14.3238	60.059
87614	14.2952	60.0757
87614	14.2666	60.0923
87614	14.2379	60.109
87614	14.2093	60.1257
87614	14.1806	60.1423
87614	14.152	60.159
87614	14.1233	60.1756
87614	14.0947	60.1923
87614	14.066	60.209
87614	14.0374	60.2256
87614	14.0087	60.2423
87614	13.9801	60.259
87614	13.9514	60.2756
87614	13.9228	60.2923
87614	13.8941	60.3089
87614	13.8655	60.3256
87614	13.8368	60.3423
87614	13.8082	60.3589
87614	13.7795	60.3756
87614	13.7509	60.3923
87614	13.7222	60.4089
87614	13.6936	60.4256
87614	13.665	60.4422
87614	13.6363	60.4589
87614	13.6077	60.4756
87614	13.579	60.4922
87614	13.5504	60.5089
87614	13.5217	60.5256
87614	13.4931	60.5422
87614	13.4644	60.5589
87614	13.4358	60.5755
87614	13.4071	60.5922
87614	13.3785	60.6089
87614	13.3498	60.6255
87614	13.3212	60.6422
87614	13.2925	60.6589
87614	13.2639	60.6755
87614	13.2352	60.6922
87614	13.2066	60.7088
87614	13.1779	60.7255
87614	13.1493	60.7422
87614	13.1207	60.7588
87614	13.092	60.7755
87614	13.0634	60.7922
87614	13.0347	60.8088
87614	13.0061	60.8255
87614	12.9774	60.8421
87614	12.9488	60.8588
87614	12.9201	60.8755
87614	12.8915	60.8921
87614	12.8628	60.9088
87614	12.8342	60.9255
87614	12.8055	60.9421
87614	12.7769	60.9588
87614	12.7482	60.9754
87614	12.7196	60.9921
87614	12.6909	61.0088
87614	12.6623	61.0254
87614	12.6336	61.0421
87614	12.605	61.0588
87614	12.5763	61.0754
87614	12.5477	61.0921
87614	12.5191	61.1087
87614	12.4904	61.1254
87614	12.4618	61.1421
87614	12.4331	61.1587
87614	12.4045	61.1754
87614	12.3758	61.1921
87614	12.3472	61.2087
87614	12.3185	61.2254
87614	12.2899	61.2421
87614	12.2612	61.2587
87614	12.2326	61.2754
87614	12.2039	61.292
87614	12.1753	61.3087
87614	12.1466	61.3254
87614	12.118	61.342
87614	12.0893	61.3587
87614	12.0607	61.3754
87614	12.032	61.392
87614	12.0034	61.4087
87614	11.9748	61.4253
87614	11.9461	61.442
87614	11.9175	61.4587
87614	11.8888	61.4753
87614	11.8602	61.492
87614	11.8315	61.5087
87614	11.8029	61.5253
87614	11.7742	61.542
87614	11.7456	61.5586
87614	11.7169	61.5753
87614	11.6883	61.592
87614	11.6596	61.6086
87614	11.631	61.6253
87614	11.6023	61.642
87614	11.5737	61.6586
87614	11.545	61.6753
87614	11.5164	61.6919
87614	11.4877	61.7086
87614	11.4591	61.7253
87614	11.4304	61.7419
87614	11.4018	61.7586
87614	11.3732	61.7753
87614	11.3445	61.7919
87614	11.3159	61.8086
87614	11.2872	61.8252
87614	11.2586	61.8419
87614	11.2299	61.8586
87614	11.2013	61.8752
87614	11.1726	61.8919
87614	11.144	61.9086
87614	11.1153	61.9252
87614	11.0867	61.9419
87614	11.058	61.9585
87614	11.0294	61.9752
87614	11.0007	61.9919
87614	10.9721	62.0085
87614	10.9434	62.0252
87614	10.9148	62.0419
87614	10.8861	62.0585
87614	10.8575	62.0752
87614	10.8289	62.0918
87614	10.8002	62.1085
87614	10.7716	62.1252
87614	10.7429	62.1418
87614	10.7143	62.1585
87614	10.6856	62.1752
87614	10.657	62.1918
87614	10.6283	62.2085
87614	10.5997	62.2251
87614	10.571	62.2418
87614	10.5424	62.2585
87614	10.5137	62.2751
87614	10.4851	62.2918
87614	10.4564	62.3085
87614	10.4278	62.3251
87614	10.3991	62.3418
87614	10.3705	62.3584
87614	10.3418	62.3751
87614	10.3132	62.3918
87614	10.2845	62.4084
87614	10.2559	62.4251
87614	10.2273	62.4418
87614	10.1986	62.4584
87614	10.17	62.4751
87614	10.1413	62.4917
87614	10.1127	62.5084
87614	10.084	62.5251
87614	10.0554	62.5417
87614	10.0267	62.5584
87614	9.99808	62.5751
87614	9.96943	62.5917
87614	9.94078	62.6084
87614	9.91213	62.625
87614	9.88348	62.6417
87614	9.85484	62.6584
87614	9.82619	62.675
87614	9.79754	62.6917
87614	9.7689	62.7084
87614	9.74025	62.725
87614	9.7116	62.7417
87614	9.68295	62.7583
87614	9.65431	62.775
87614	9.62566	62.7917
87614	9.59701	62.8083
87614	9.56836	62.825
87614	9.53972	62.8417
87614	9.51107	62.8583
87614	9.48242	62.875
87614	9.45377	62.8916
87614	9.42513	62.9083
87614	9.39648	62.925
87614	9.36783	62.9416
87614	9.33918	62.9583
87614	9.31054	62.975
87614	9.28189	62.9916
87614	9.25324	63.0083
87614	9.22459	63.0249
87614	9.19595	63.0416
87614	9.1673	63.0583
87614	9.13865	63.0749
87614	9.11	63.0916
87614	9.08136	63.1083
87614	9.05271	63.1249
87614	9.02406	63.1416
87614	8.99541	63.1582
87614	8.96677	63.1749
87614	8.93812	63.1916
87614	8.90947	63.2082
87614	8.88082	63.2249
87614	8.85218	63.2416
87614	8.82353	63.2582
87614	8.79488	63.2749
87614	8.76623	63.2915
87614	8.73759	63.3082
87614	8.70894	63.3249
87614	8.68029	63.3415
87614	8.65164	63.3582
87614	8.623	63.3749
87614	8.59435	63.3915
87614	8.5657	63.4082
87614	8.53705	63.4249
87614	8.50841	63.4415
87614	8.47976	63.4582
87614	8.45111	63.4748
87614	8.42246	63.4915
87614	8.39382	63.5082
87614	8.36517	63.5248
87614	8.33652	63.5415
87614	8.30787	63.5582
87614	8.27923	63.5748
87614	8.25058	63.5915
87614	8.22193	63.6081
87614	8.19328	63.6248
87614	8.16464	63.6415
87614	8.13599	63.6581
87614	8.10734	63.6748
87614	8.07869	63.6915
87614	8.05005	63.7081
87614	8.0214	63.7248
87614	7.99275	63.7414
87614	7.9641	63.7581
87614	7.93546	63.7748
87614	7.90681	63.7914
87614	7.87816	63.8081
87614	7.84951	63.8248
87614	7.82087	63.8414
87614	7.79222	63.8581
87614	7.76357	63.8747
87614	7.73492	63.8914
87614	7.70628	63.9081
87614	7.67763	63.9247
87614	7.64898	63.9414
87614	7.62033	63.9581
87614	7.59169	63.9747
87614	7.56304	63.9914
87614	7.53439	64.008
87614	7.50574	64.0247
87614	7.4771	64.0414
87614	7.44845	64.058
87614	7.4198	64.0747
87614	7.39115	64.0914
87614	7.36251	64.108
87614	7.33386	64.1247
87614	7.30521	64.1413
87614	7.27656	64.158
87614	7.24792	64.1747
87614	7.21927	64.1913
87614	7.19062	64.208
87614	7.16197	64.2247
87614	7.13333	64.2413
87614	7.10468	64.258
87614	7.07603	64.2746
87614	7.04738	64.2913
87614	7.01873	64.308
87614	6.99009	64.3246
87614	6.96144	64.3413
87614	6.93279	64.358
87614	6.90414	64.3746
87614	6.8755	64.3913
87614	6.84685	64.4079
87614	6.8182	64.4246
87614	6.78955	64.4413
87614	6.7609	64.4579
87614	6.73226	64.4746
87614	6.70361	64.4913
87614	6.67496	64.5079
87614	6.64631	64.5246
87614	6.61766	64.5412
87614	6.58902	64.5579
87614	6.56037	64.5746
87614	6.53172	64.5912
87614	6.50307	64.6079
87614	6.47442	64.6246
87614	6.44578	64.6412
87614	6.41713	64.6579
87614	6.38848	64.6745
87614	6.35983	64.6912
87614	6.33119	64.7079
87614	6.30254	64.7245
87614	6.27389	64.7412
87614	6.24524	64.7579
87614	6.21659	64.7745
87614	6.18795	64.7912
87614	6.1593	64.8078
87614	6.13065	64.8245
87614	6.102	64.8412
87614	6.07335	64.8578
87614	6.04471	64.8745
87614	6.01606	64.8912
87614	5.98741	64.9078
87614	5.95876	64.9245
87614	5.93011	64.9411
87614	5.90147	64.9578
87614	5.87282	64.9745
87614	5.84417	64.9911
87614	5.81552	65.0078
87614	5.78687	65.0245
87614	5.75823	65.0411
87614	5.72958	65.0578
87614	5.70093	65.0744
87614	5.67228	65.0911
87614	5.64364	65.1078
87614	5.61499	65.1244
87614	5.58634	65.1411
87614	5.55769	65.1578
87614	5.52904	65.1744
87614	5.5004	65.1911
87614	5.47175	65.2077
87614	5.4431	65.2244
87614	5.41445	65.2411
87614	5.3858	65.2577
87614	5.35716	65.2744
87614	5.32851	65.2911
87614	5.29986	65.3077
87614	5.27121	65.3244
87614	5.24256	65.341
87614	5.21392	65.3577
87614	5.18527	65.3744
87614	5.15662	65.391
87614	5.12797	65.4077
87614	5.09933	65.4244
87614	5.07068	65.441
87614	5.04203	65.4577
87614	5.01338	65.4743
87614	4.98473	65.491
87614	4.95609	65.5077
87614	4.92744	65.5243
87614	4.89879	65.541
87614	4.87014	65.5577
87614	4.84149	65.5743
87614	4.81285	65.591
87614	4.7842	65.6077
87614	4.75555	65.6243
87614	4.7269	65.641
87614	4.69825	65.6576
87614	4.66961	65.6743
87614	4.64096	65.691
87614	4.61231	65.7076
87614	4.58366	65.7243
87614	4.55501	65.741
87614	4.52637	65.7576
87614	4.49772	65.7743
87614	4.46907	65.7909
87614	4.44042	65.8076
87614	4.41178	65.8243
87614	4.38313	65.8409
87614	4.35448	65.8576
87614	4.32583	65.8743
87614	4.29718	65.8909
87614	4.26854	65.9076
87614	4.23989	65.9242
87614	4.21124	65.9409
87614	4.18259	65.9576
87614	4.15394	65.9742
87614	4.1253	65.9909
87614	4.09665	66.0076
87614	4.068	66.0242
87614	4.03935	66.0409
87614	4.0107	66.0575
87614	3.98206	66.0742
87614	3.95341	66.0909
87614	3.92476	66.1075
87614	3.89611	66.1242
87614	3.86747	66.1409
87614	3.83882	66.1575
87614	3.81017	66.1742
87614	3.78152	66.1908
87614	3.75287	66.2075
87614	3.72423	66.2242
87614	3.69558	66.2408
87614	3.66693	66.2575
87614	3.63828	66.2742
87614	3.60963	66.2908
87614	3.58099	66.3075
87614	3.55234	66.3241
87614	3.52369	66.3408
87614	3.49504	66.3575
87614	3.46639	66.3741
87614	3.43775	66.3908
87614	3.4091	66.4075
87614	3.38045	66.4241
87614	3.3518	66.4408
87614	3.32315	66.4574
87614	3.29451	66.4741
87614	3.26586	66.4908
87614	3.23721	66.5074
87614	3.20856	66.5241
87614	3.17992	66.5408
87614	3.15127	66.5574
87614	3.12262	66.5741
87614	3.09397	66.5907
87614	3.06532	66.6074
87614	3.03668	66.6241
87614	3.00803	66.6407
87614	2.97938	66.6574
87614	2.95073	66.6741
87614	2.92208	66.6907
87614	2.89344	66.7074
87614	2.86479	66.724
87614	2.83614	66.7407
87614	2.80749	66.7574
87614	2.77884	66.774
87614	2.7502	66.7907
87614	2.72155	66.8074
87614	2.6929	66.824
87614	2.66425	66.8407
87614	2.63561	66.8573
87614	2.60696	66.874
87614	2.57831	66.8907
87614	2.54966	66.9073
87614	2.52101	66.924
87614	2.49237	66.9407
87614	2.46372	66.9573
87614	2.43507	66.974
87614	2.40642	66.9906
87614	2.37777	67.0073
87614	2.34913	67.024
87614	2.32048	67.0406
87614	2.29183	67.0573
87614	2.26318	67.074
87614	2.23453	67.0906
87614	2.20589	67.1073
87614	2.17724	67.1239
87614	2.14859	67.1406
87614	2.11994	67.1573
87614	2.09129	67.1739
87614	2.06265	67.1906
87614	2.034	67.2073
87614	2.00535	67.2239
87614	1.9767	67.2406
87614	1.94806	67.2572
87614	1.91941	67.2739
87614	1.89076	67.2906
87614	1.86211	67.3072
87614	1.83346	67.3239
87614	1.80482	67.3406
87614	1.77617	67.3572
87614	1.74752	67.3739
87614	1.71887	67.3905
87614	1.69022	67.4072
87614	1.66158	67.4239
87614	1.63293	67.4405
87614	1.60428	67.4572
87614	1.57563	67.4739
87614	1.54699	67.4905
87614	1.51834	67.5072
87614	1.48969	67.5238
87614	1.46104	67.5405
87614	1.43239	67.5572
87614	1.40375	67.5738
87614	1.3751	67.5905
87614	1.34645	67.6072
87614	1.3178	67.6238
87614	1.28916	67.6405
87614	1.26051	67.6572
87614	1.23186	67.6738
87614	1.20321	67.6905
87614	1.17456	67.7071
87614	1.14592	67.7238
87614	1.11727	67.7405
87614	1.08862	67.7571
87614	1.05997	67.7738
87614	1.03132	67.7905
87614	1.00268	67.8071
87614	0.974029	67.8238
87614	0.945382	67.8404
87614	0.916734	67.8571
87614	0.888086	67.8738
87614	0.859438	67.8904
87614	0.83079	67.9071
87614	0.802142	67.9238
87614	0.773495	67.9404
87614	0.744847	67.9571
87614	0.716199	67.9737
87614	0.687551	67.9904
87614	0.658903	68.0071
87614	0.630255	68.0237
87614	0.601607	68.0404
87614	0.57296	68.0571
87614	0.544312	68.0737
87614	0.515664	68.0904
87614	0.487016	68.107
87614	0.458368	68.1237
87614	0.42972	68.1404
87614	0.401072	68.157
87614	0.372425	68.1737
87614	0.343777	68.1904
87614	0.315129	68.207
87614	0.286481	68.2237
87614	0.257833	68.2403
87614	0.229185	68.257
87614	0.200537	68.2737
87614	0.17189	68.2903
87614	0.143242	68.307
87614	0.114594	68.3237
87614	0.085946	68.3403
87614	0.0572982	68.357
87614	0.0286503	68.3736
87614	2.46127e-06	68.3903
87614	-0.0286454	68.407
87614	0	68.4236
87614	0	68.4403
87614	0	68.457
87614	0	68.4736
87614	0	68.4903
87614	0	68.5069
87614	0	68.5236
87614	0	68.5403
87614	0	68.5569
87614	0	68.5736
87614	0	68.5903
87614	0	68.6069
87614	0	68.6236
87614	0	68.6402
87614	0	68.6569
87614	0	68.6736
87614	0	68.6902
87614	0	68.7069
87614	0	68.7236
87614	0	68.7402
87614	0	68.7569
87614	0	68.7735
87614	0	68.7902
87614	0	68.8069
87614	0	68.8235
87614	0	68.8402
87614	0	68.8569
87614	0	68.8735
87614	0	68.8902
87614	0	68.9068
87614	0	68.9235
87614	0	68.9402
87614	0	68.9568
87614	0	68.9735
87614	0	68.9902
87614	0	69.0068
87614	0	69.0235
87614	0	69.0401
87614	0	69.0568
87614	0	69.0735
87614	0	69.0901
87613	0	69.1068
87613	0	69.1235
87613	0	69.1401
87613	0	69.1568
87613	0	69.1734
87613	0	69.1901
87613	0	69.2068
87613	0	69.2234
87613	0	69.2401
87613	0	69.2568
87613	0	69.2734
87613	0	69.2901
87613	0	69.3067
87613	0	69.3234
87613	0	69.3401
87613	0	69.3567
87613	0	69.3734
87613	0	69.3901
87613	0	69.4067
87613	0	69.4234
