inside_count	theta (degrees)	time (s)
50304	0.0286479	0.0161667
50304	0.0572957	0.0328331
50303	0.0859435	0.0494995
50303	0.114591	0.0661659
50303	0.143239	0.0828323
50303	0.171887	0.0994987
50303	0.200535	0.116165
50302	0.229183	0.132832
50302	0.257831	0.149498
50302	0.286479	0.166164
50302	0.315126	0.182831
50302	0.343774	0.199497
50302	0.372422	0.216164
50302	0.40107	0.23283
50302	0.429718	0.249496
50302	0.458366	0.266163
50302	0.487013	0.282829
50302	0.515661	0.299496
50301	0.544309	0.316162
50300	0.572957	0.332829
50299	0.601605	0.349495
50299	0.630253	0.366161
50299	0.658901	0.382828
50299	0.687548	0.399494
50299	0.716196	0.416161
50299	0.744844	0.432827
50299	0.773492	0.449493
50299	0.80214	0.46616
50299	0.830788	0.482826
50299	0.859436	0.499493
50298	0.888083	0.516159
50298	0.916731	0.532825
50298	0.945379	0.549492
50298	0.974027	0.566158
50298	1.00267	0.582825
50298	1.03132	0.599491
50298	1.05997	0.616158
50298	1.08862	0.632824
50298	1.11727	0.64949
50298	1.14591	0.666157
50298	1.17456	0.682823
50298	1.20321	0.69949
50298	1.23186	0.716156
50298	1.2605	0.732822
50297	1.28915	0.749489
50296	1.3178	0.766155
50296	1.34645	0.782822
50295	1.3751	0.799488
50294	1.40374	0.816154
50292	1.43239	0.832821
50292	1.46104	0.849487
50292	1.48969	0.866154
50292	1.51834	0.88282
50292	1.54698	0.899487
50292	1.57563	0.916153
50292	1.60428	0.932819
50292	1.63293	0.949486
50292	1.66157	0.966152
50292	1.69022	0.982819
50290	1.71887	0.999485
50289	1.74752	1.01615
50289	1.77617	1.03282
50289	1.80481	1.04948
50289	1.83346	1.06615
50289	1.86211	1.08282
50289	1.89076	1.09948
50289	1.9194	1.11615
50289	1.94805	1.13282
50289	1.9767	1.14948
50289	2.00535	1.16615
50289	2.034	1.18282
50288	2.06264	1.19948
50288	2.09129	1.21615
50288	2.11994	1.23281
50288	2.14859	1.24948
50288	2.17724	1.26615
50288	2.20588	1.28281
50287	2.23453	1.29948
50285	2.26318	1.31615
50285	2.29183	1.33281
50285	2.32048	1.34948
50285	2.34912	1.36615
50285	2.37777	1.38281
50285	2.40642	1.39948
50285	2.43507	1.41615
50285	2.46372	1.43281
50285	2.49236	1.44948
50285	2.52101	1.46614
50284	2.54966	1.48281
50284	2.57831	1.49948
50283	2.60695	1.51614
50283	2.6356	1.53281
50283	2.66425	1.54948
50283	2.6929	1.56614
50282	2.72155	1.58281
50282	2.75019	1.59948
50282	2.77884	1.61614
50281	2.80749	1.63281
50281	2.83614	1.64948
50281	2.86479	1.66614
50281	2.89343	1.68281
50281	2.92208	1.69947
50281	2.95073	1.71614
50281	2.97938	1.73281
50281	3.00803	1.74947
50281	3.03667	1.76614
50281	3.06532	1.78281
50281	3.09397	1.79947
50281	3.12262	1.81614
50281	3.15126	1.83281
50281	3.17991	1.84947
50280	3.20856	1.86614
50279	3.23721	1.8828
50279	3.26586	1.89947
50279	3.2945	1.91614
50279	3.32315	1.9328
50278	3.3518	1.94947
50277	3.38045	1.96614
50277	3.4091	1.9828
50277	3.43774	1.99947
50277	3.46639	2.01614
50277	3.49504	2.0328
50277	3.52369	2.04947
50275	3.55234	2.06614
50275	3.58098	2.0828
50274	3.60963	2.09947
50274	3.63828	2.11613
50274	3.66693	2.1328
50274	3.69557	2.14947
50274	3.72422	2.16613
50273	3.75287	2.1828
50273	3.78152	2.19947
50273	3.81017	2.21613
50273	3.83881	2.2328
50273	3.86746	2.24947
50273	3.89611	2.26613
50271	3.92476	2.2828
50271	3.95341	2.29947
50271	3.98205	2.31613
50270	4.0107	2.3328
50270	4.03935	2.34946
50270	4.068	2.36613
50270	4.09665	2.3828
50269	4.12529	2.39946
50268	4.15394	2.41613
50268	4.18259	2.4328
50268	4.21124	2.44946
50267	4.23989	2.46613
50267	4.26853	2.4828
50267	4.29718	2.49946
50267	4.32583	2.51613
50267	4.35448	2.53279
50266	4.38312	2.54946
50266	4.41177	2.56613
50265	4.44042	2.58279
50264	4.46907	2.59946
50264	4.49772	2.61613
50264	4.52636	2.63279
50263	4.55501	2.64946
50263	4.58366	2.66613
50263	4.61231	2.68279
50263	4.64096	2.69946
50263	4.6696	2.71613
50263	4.69825	2.73279
50263	4.7269	2.74946
50263	4.75555	2.76612
50263	4.7842	2.78279
50261	4.81284	2.79946
50261	4.84149	2.81612
50261	4.87014	2.83279
50261	4.89879	2.84946
50261	4.92743	2.86612
50261	4.95608	2.88279
50261	4.98473	2.89946
50261	5.01338	2.91612
50261	5.04203	2.93279
50261	5.07067	2.94946
50261	5.09932	2.96612
50261	5.12797	2.98279
50261	5.15662	2.99945
50261	5.18527	3.01612
50260	5.21391	3.03279
50260	5.24256	3.04945
50260	5.27121	3.06612
50259	5.29986	3.08279
50258	5.32851	3.09945
50258	5.35715	3.11612
50258	5.3858	3.13279
50258	5.41445	3.14945
50257	5.4431	3.16612
50257	5.47175	3.18279
50257	5.50039	3.19945
50257	5.52904	3.21612
50257	5.55769	3.23278
50257	5.58634	3.24945
50257	5.61498	3.26612
50257	5.64363	3.28278
50257	5.67228	3.29945
50257	5.70093	3.31612
50257	5.72958	3.33278
50257	5.75822	3.34945
50257	5.78687	3.36612
50257	5.81552	3.38278
50257	5.84417	3.39945
50257	5.87282	3.41611
50257	5.90146	3.43278
50257	5.93011	3.44945
50257	5.95876	3.46611
50257	5.98741	3.48278
50257	6.01606	3.49945
50257	6.0447	3.51611
50257	6.07335	3.53278
50257	6.102	3.54945
50257	6.13065	3.56611
50257	6.1593	3.58278
50257	6.18794	3.59945
50257	6.21659	3.61611
50257	6.24524	3.63278
50257	6.27389	3.64944
50257	6.30253	3.66611
50257	6.33118	3.68278
50257	6.35983	3.69944
50257	6.38848	3.71611
50257	6.41713	3.73278
50257	6.44577	3.74944
50257	6.47442	3.76611
50257	6.50307	3.78278
50257	6.53172	3.79944
50257	6.56037	3.81611
50257	6.58901	3.83278
50257	6.61766	3.84944
50257	6.64631	3.86611
50257	6.67496	3.88277
50257	6.70361	3.89944
50257	6.73225	3.91611
50257	6.7609	3.93277
50257	6.78955	3.94944
50257	6.8182	3.96611
50257	6.84685	3.98277
50257	6.87549	3.99944
50257	6.90414	4.01611
50257	6.93279	4.03277
50257	6.96144	4.04944
50257	6.99008	4.0661
50257	7.01873	4.08277
50257	7.04738	4.09944
50257	7.07603	4.1161
50257	7.10468	4.13277
50257	7.13332	4.14944
50257	7.16197	4.1661
50257	7.19062	4.18277
50257	7.21927	4.19944
50257	7.24791	4.2161
50257	7.27656	4.23277
50257	7.30521	4.24944
50257	7.33386	4.2661
50257	7.3625	4.28277
50257	7.39115	4.29943
50257	7.4198	4.3161
50257	7.44845	4.33277
50257	7.47709	4.34943
50257	7.50574	4.3661
50257	7.53439	4.38277
50257	7.56304	4.39943
50257	7.59168	4.4161
50257	7.62033	4.43277
50257	7.64898	4.44943
50257	7.67763	4.4661
50257	7.70627	4.48277
50257	7.73492	4.49943
50257	7.76357	4.5161
50257	7.79222	4.53276
50257	7.82086	4.54943
50257	7.84951	4.5661
50257	7.87816	4.58276
50257	7.90681	4.59943
50254	7.93545	4.6161
50241	7.9641	4.63276
50238	7.99275	4.64943
50238	8.0214	4.6661
50234	8.05004	4.68276
50226	8.07869	4.69943
50220	8.10734	4.71609
50214	8.13599	4.73276
50209	8.16463	4.74943
50201	8.19328	4.76609
50200	8.22193	4.78276
50194	8.25058	4.79943
50185	8.27922	4.81609
50178	8.30787	4.83276
50173	8.33652	4.84943
50165	8.36517	4.86609
50160	8.39381	4.88276
50151	8.42246	4.89943
50143	8.45111	4.91609
50137	8.47976	4.93276
50127	8.5084	4.94942
50117	8.53705	4.96609
50106	8.5657	4.98276
50096	8.59435	4.99942
50087	8.62299	5.01609
50079	8.65164	5.03276
50066	8.68029	5.04942
50052	8.70894	5.06609
50040	8.73758	5.08276
50029	8.76623	5.09942
50016	8.79488	5.11609
50005	8.82353	5.13276
49992	8.85217	5.14942
49984	8.88082	5.16609
49969	8.90947	5.18275
49952	8.93812	5.19942
49933	8.96676	5.21609
49916	8.99541	5.23275
49901	9.02406	5.24942
49886	9.05271	5.26609
49870	9.08135	5.28275
49856	9.11	5.29942
49834	9.13865	5.31609
49817	9.1673	5.33275
49797	9.19594	5.34942
49778	9.22459	5.36609
49759	9.25324	5.38275
49741	9.28189	5.39942
49723	9.31053	5.41608
49707	9.33918	5.43275
49687	9.36783	5.44942
49666	9.39648	5.46608
49640	9.42512	5.48275
49620	9.45377	5.49942
49598	9.48242	5.51608
49576	9.51107	5.53275
49557	9.53971	5.54942
49531	9.56836	5.56608
49506	9.59701	5.58275
49483	9.62566	5.59941
49458	9.6543	5.61608
49440	9.68295	5.63275
49414	9.7116	5.64941
49395	9.74024	5.66608
49368	9.76889	5.68275
49349	9.79754	5.69941
49320	9.82619	5.71608
49291	9.85484	5.73275
49264	9.88348	5.74941
49237	9.91213	5.76608
49211	9.94078	5.78275
49185	9.96943	5.79941
49159	9.99807	5.81608
49132	10.0267	5.83274
49103	10.0554	5.84941
49072	10.084	5.86608
49042	10.1127	5.88274
49013	10.1413	5.89941
48982	10.17	5.91608
48952	10.1986	5.93274
48926	10.2273	5.94941
48897	10.2559	5.96608
48867	10.2845	5.98274
48843	10.3132	5.99941
48809	10.3418	6.01608
48779	10.3705	6.03274
48745	10.3991	6.04941
48713	10.4278	6.06607
48683	10.4564	6.08274
48656	10.4851	6.09941
48622	10.5137	6.11607
48592	10.5424	6.13274
48560	10.571	6.14941
48526	10.5997	6.16607
48495	10.6283	6.18274
48468	10.657	6.19941
48437	10.6856	6.21607
48405	10.7143	6.23274
48375	10.7429	6.2494
48341	10.7716	6.26607
48306	10.8002	6.28274
48274	10.8288	6.2994
48238	10.8575	6.31607
48210	10.8861	6.33274
48176	10.9148	6.3494
48140	10.9434	6.36607
48106	10.9721	6.38274
48073	11.0007	6.3994
48031	11.0294	6.41607
47997	11.058	6.43274
47958	11.0867	6.4494
47924	11.1153	6.46607
47885	11.144	6.48273
47846	11.1726	6.4994
47810	11.2013	6.51607
47778	11.2299	6.53273
47744	11.2586	6.5494
47703	11.2872	6.56607
47663	11.3159	6.58273
47624	11.3445	6.5994
47581	11.3732	6.61607
47542	11.4018	6.63273
47501	11.4304	6.6494
47458	11.4591	6.66607
47425	11.4877	6.68273
47383	11.5164	6.6994
47342	11.545	6.71606
47298	11.5737	6.73273
47259	11.6023	6.7494
47219	11.631	6.76606
47181	11.6596	6.78273
47133	11.6883	6.7994
47097	11.7169	6.81606
47053	11.7456	6.83273
47011	11.7742	6.8494
46970	11.8029	6.86606
46924	11.8315	6.88273
46881	11.8602	6.89939
46839	11.8888	6.91606
46792	11.9175	6.93273
46748	11.9461	6.94939
46697	11.9747	6.96606
46657	12.0034	6.98273
46617	12.032	6.99939
46565	12.0607	7.01606
46525	12.0893	7.03273
46480	12.118	7.04939
46434	12.1466	7.06606
46385	12.1753	7.08273
46342	12.2039	7.09939
46293	12.2326	7.11606
46245	12.2612	7.13272
46204	12.2899	7.14939
46155	12.3185	7.16606
46112	12.3472	7.18272
46068	12.3758	7.19939
46020	12.4045	7.21606
45976	12.4331	7.23272
45929	12.4618	7.24939
45882	12.4904	7.26606
45832	12.5191	7.28272
45786	12.5477	7.29939
45744	12.5763	7.31606
45696	12.605	7.33272
45645	12.6336	7.34939
45597	12.6623	7.36605
45554	12.6909	7.38272
45504	12.7196	7.39939
45461	12.7482	7.41605
45414	12.7769	7.43272
45372	12.8055	7.44939
45328	12.8342	7.46605
45279	12.8628	7.48272
45232	12.8915	7.49939
45188	12.9201	7.51605
45143	12.9488	7.53272
45099	12.9774	7.54939
45050	13.0061	7.56605
45007	13.0347	7.58272
44964	13.0634	7.59938
44916	13.092	7.61605
44864	13.1206	7.63272
44824	13.1493	7.64938
44780	13.1779	7.66605
44736	13.2066	7.68272
44684	13.2352	7.69938
44643	13.2639	7.71605
44596	13.2925	7.73272
44546	13.3212	7.74938
44499	13.3498	7.76605
44451	13.3785	7.78271
44407	13.4071	7.79938
44355	13.4358	7.81605
44312	13.4644	7.83271
44269	13.4931	7.84938
44220	13.5217	7.86605
44175	13.5504	7.88271
44131	13.579	7.89938
44080	13.6077	7.91605
44040	13.6363	7.93271
43992	13.665	7.94938
43950	13.6936	7.96605
43902	13.7222	7.98271
43858	13.7509	7.99938
43815	13.7795	8.01604
43770	13.8082	8.03271
43722	13.8368	8.04938
43676	13.8655	8.06604
43633	13.8941	8.08271
43581	13.9228	8.09938
43540	13.9514	8.11604
43491	13.9801	8.13271
43445	14.0087	8.14938
43399	14.0374	8.16604
43359	14.066	8.18271
43311	14.0947	8.19938
43262	14.1233	8.21604
43217	14.152	8.23271
43164	14.1806	8.24937
43115	14.2093	8.26604
43075	14.2379	8.28271
43025	14.2665	8.29937
42976	14.2952	8.31604
42931	14.3238	8.33271
42891	14.3525	8.34937
42836	14.3811	8.36604
42787	14.4098	8.38271
42747	14.4384	8.39937
42706	14.4671	8.41604
42653	14.4957	8.4327
42607	14.5244	8.44937
42560	14.553	8.46604
42513	14.5817	8.4827
42466	14.6103	8.49937
42420	14.639	8.51604
42371	14.6676	8.5327
42324	14.6963	8.54937
42276	14.7249	8.56604
42236	14.7536	8.5827
42189	14.7822	8.59937
42135	14.8109	8.61604
42094	14.8395	8.6327
42044	14.8681	8.64937
41996	14.8968	8.66603
41941	14.9254	8.6827
41892	14.9541	8.69937
41846	14.9827	8.71603
41794	15.0114	8.7327
41747	15.04	8.74937
41700	15.0687	8.76603
41656	15.0973	8.7827
41604	15.126	8.79937
41555	15.1546	8.81603
41506	15.1833	8.8327
41454	15.2119	8.84937
41407	15.2406	8.86603
41346	15.2692	8.8827
41302	15.2979	8.89936
41245	15.3265	8.91603
41196	15.3552	8.9327
41147	15.3838	8.94936
41097	15.4124	8.96603
41036	15.4411	8.9827
40987	15.4697	8.99936
40933	15.4984	9.01603
40884	15.527	9.0327
40826	15.5557	9.04936
40779	15.5843	9.06603
40721	15.613	9.0827
40669	15.6416	9.09936
40613	15.6703	9.11603
40556	15.6989	9.13269
40499	15.7276	9.14936
40446	15.7562	9.16603
40385	15.7849	9.18269
40329	15.8135	9.19936
40270	15.8422	9.21603
40212	15.8708	9.23269
40159	15.8995	9.24936
40096	15.9281	9.26603
40044	15.9567	9.28269
39987	15.9854	9.29936
39928	16.014	9.31602
39867	16.0427	9.33269
39808	16.0713	9.34936
39750	16.1	9.36602
39698	16.1286	9.38269
39636	16.1573	9.39936
39578	16.1859	9.41602
39512	16.2146	9.43269
39449	16.2432	9.44936
39395	16.2719	9.46602
39335	16.3005	9.48269
39275	16.3292	9.49936
39219	16.3578	9.51602
39158	16.3865	9.53269
39097	16.4151	9.54935
39038	16.4438	9.56602
38973	16.4724	9.58269
38908	16.5011	9.59935
38851	16.5297	9.61602
38792	16.5583	9.63269
38730	16.587	9.64935
38662	16.6156	9.66602
38602	16.6443	9.68269
38534	16.6729	9.69935
38472	16.7016	9.71602
38413	16.7302	9.73269
38351	16.7589	9.74935
38283	16.7875	9.76602
38220	16.8162	9.78268
38163	16.8448	9.79935
38097	16.8735	9.81602
38029	16.9021	9.83268
37968	16.9308	9.84935
37903	16.9594	9.86602
37842	16.9881	9.88268
37777	17.0167	9.89935
37711	17.0454	9.91602
37646	17.074	9.93268
37587	17.1026	9.94935
37526	17.1313	9.96601
37465	17.1599	9.98268
37403	17.1886	9.99935
37336	17.2172	10.016
37271	17.2459	10.0327
37211	17.2745	10.0493
37148	17.3032	10.066
37086	17.3318	10.0827
37008	17.3605	10.0993
36945	17.3891	10.116
36858	17.4178	10.1327
36793	17.4464	10.1493
36723	17.4751	10.166
36664	17.5037	10.1827
36597	17.5324	10.1993
36525	17.561	10.216
36456	17.5897	10.2327
36393	17.6183	10.2493
36321	17.647	10.266
36250	17.6756	10.2827
36187	17.7042	10.2993
36114	17.7329	10.316
36038	17.7615	10.3327
35959	17.7902	10.3493
35882	17.8188	10.366
35811	17.8475	10.3827
35747	17.8761	10.3993
35684	17.9048	10.416
35620	17.9334	10.4327
35553	17.9621	10.4493
35489	17.9907	10.466
35412	18.0194	10.4827
35349	18.048	10.4993
35269	18.0767	10.516
35191	18.1053	10.5327
35131	18.134	10.5493
35042	18.1626	10.566
34959	18.1913	10.5827
34888	18.2199	10.5993
34828	18.2485	10.616
34767	18.2772	10.6327
34699	18.3058	10.6493
34632	18.3345	10.666
34545	18.3631	10.6827
34462	18.3918	10.6993
34389	18.4204	10.716
34318	18.4491	10.7327
34247	18.4777	10.7493
34185	18.5064	10.766
34120	18.535	10.7827
34053	18.5637	10.7993
33973	18.5923	10.816
33891	18.621	10.8327
33810	18.6496	10.8493
33737	18.6783	10.866
33659	18.7069	10.8827
33596	18.7356	10.8993
33527	18.7642	10.916
33453	18.7929	10.9327
33381	18.8215	10.9493
33322	18.8501	10.966
33244	18.8788	10.9827
33169	18.9074	10.9993
33067	18.9361	11.016
32991	18.9647	11.0327
32927	18.9934	11.0493
32863	19.022	11.066
32798	19.0507	11.0827
32731	19.0793	11.0993
32658	19.108	11.116
32560	19.1366	11.1327
32493	19.1653	11.1493
32436	19.1939	11.166
32368	19.2226	11.1827
32298	19.2512	11.1993
32231	19.2799	11.216
32158	19.3085	11.2327
32069	19.3372	11.2493
31998	19.3658	11.266
31928	19.3944	11.2827
31867	19.4231	11.2993
31798	19.4517	11.316
31732	19.4804	11.3327
31660	19.509	11.3493
31584	19.5377	11.366
31510	19.5663	11.3827
31440	19.595	11.3993
31378	19.6236	11.416
31309	19.6523	11.4327
31246	19.6809	11.4493
31173	19.7096	11.466
31091	19.7382	11.4827
31025	19.7669	11.4993
30959	19.7955	11.516
30891	19.8242	11.5327
30818	19.8528	11.5493
30743	19.8815	11.566
30672	19.9101	11.5827
30597	19.9387	11.5993
30533	19.9674	11.616
30469	19.996	11.6327
30394	20.0247	11.6493
30325	20.0533	11.666
30245	20.082	11.6827
30167	20.1106	11.6993
30090	20.1393	11.716
30014	20.1679	11.7327
29949	20.1966	11.7493
29872	20.2252	11.766
29805	20.2539	11.7827
29733	20.2825	11.7993
29672	20.3112	11.816
29613	20.3398	11.8327
29551	20.3685	11.8493
29485	20.3971	11.866
29403	20.4258	11.8827
29329	20.4544	11.8993
29259	20.4831	11.916
29180	20.5117	11.9327
29109	20.5403	11.9493
29044	20.569	11.966
28982	20.5976	11.9827
28915	20.6263	11.9993
28850	20.6549	12.016
28790	20.6836	12.0326
28717	20.7122	12.0493
28631	20.7409	12.066
28549	20.7695	12.0826
28485	20.7982	12.0993
28421	20.8268	12.116
28368	20.8555	12.1326
28303	20.8841	12.1493
28236	20.9128	12.166
28158	20.9414	12.1826
28090	20.9701	12.1993
28011	20.9987	12.216
27937	21.0274	12.2326
27867	21.056	12.2493
27802	21.0846	12.266
27737	21.1133	12.2826
27666	21.1419	12.2993
27605	21.1706	12.316
27545	21.1992	12.3326
27471	21.2279	12.3493
27405	21.2565	12.366
27335	21.2852	12.3826
27251	21.3138	12.3993
27181	21.3425	12.416
27117	21.3711	12.4326
27062	21.3998	12.4493
26994	21.4284	12.466
26925	21.4571	12.4826
26849	21.4857	12.4993
26773	21.5144	12.516
26701	21.543	12.5326
26628	21.5717	12.5493
26558	21.6003	12.566
26485	21.629	12.5826
26415	21.6576	12.5993
26356	21.6862	12.616
26296	21.7149	12.6326
26233	21.7435	12.6493
26163	21.7722	12.666
26086	21.8008	12.6826
26009	21.8295	12.6993
25936	21.8581	12.716
25873	21.8868	12.7326
25790	21.9154	12.7493
25718	21.9441	12.766
25657	21.9727	12.7826
25599	22.0014	12.7993
25521	22.03	12.816
25437	22.0587	12.8326
25378	22.0873	12.8493
25299	22.116	12.866
25225	22.1446	12.8826
25145	22.1733	12.8993
25088	22.2019	12.916
25019	22.2305	12.9326
24947	22.2592	12.9493
24886	22.2878	12.966
24815	22.3165	12.9826
24748	22.3451	12.9993
24684	22.3738	13.016
24601	22.4024	13.0326
24542	22.4311	13.0493
24474	22.4597	13.066
24409	22.4884	13.0826
24329	22.517	13.0993
24259	22.5457	13.116
24184	22.5743	13.1326
24113	22.603	13.1493
24049	22.6316	13.166
23988	22.6603	13.1826
23919	22.6889	13.1993
23846	22.7176	13.216
23776	22.7462	13.2326
23711	22.7749	13.2493
23653	22.8035	13.266
23589	22.8321	13.2826
23520	22.8608	13.2993
23452	22.8894	13.316
23386	22.9181	13.3326
23327	22.9467	13.3493
23250	22.9754	13.366
23183	23.004	13.3826
23111	23.0327	13.3993
23043	23.0613	13.416
22972	23.09	13.4326
22901	23.1186	13.4493
22832	23.1473	13.466
22763	23.1759	13.4826
22696	23.2046	13.4993
22642	23.2332	13.516
22575	23.2619	13.5326
22499	23.2905	13.5493
22439	23.3192	13.566
22370	23.3478	13.5826
22302	23.3764	13.5993
22239	23.4051	13.616
22180	23.4337	13.6326
22111	23.4624	13.6493
22038	23.491	13.666
21966	23.5197	13.6826
21904	23.5483	13.6993
21835	23.577	13.716
21774	23.6056	13.7326
21720	23.6343	13.7493
21656	23.6629	13.766
21581	23.6916	13.7826
21518	23.7202	13.7993
21448	23.7489	13.816
21392	23.7775	13.8326
21326	23.8062	13.8493
21254	23.8348	13.866
21197	23.8635	13.8826
21135	23.8921	13.8993
21068	23.9207	13.916
20998	23.9494	13.9326
20931	23.978	13.9493
20871	24.0067	13.966
20816	24.0353	13.9826
20754	24.064	13.9993
20694	24.0926	14.016
20631	24.1213	14.0326
20564	24.1499	14.0493
20504	24.1786	14.066
20447	24.2072	14.0826
20385	24.2359	14.0993
20306	24.2645	14.116
20237	24.2932	14.1326
20181	24.3218	14.1493
20125	24.3505	14.166
20061	24.3791	14.1826
19994	24.4078	14.1993
19937	24.4364	14.216
19877	24.4651	14.2326
19829	24.4937	14.2493
19775	24.5223	14.2659
19715	24.551	14.2826
19652	24.5796	14.2993
19599	24.6083	14.3159
19535	24.6369	14.3326
19477	24.6656	14.3493
19420	24.6942	14.3659
19346	24.7229	14.3826
19287	24.7515	14.3993
19232	24.7802	14.4159
19166	24.8088	14.4326
19107	24.8375	14.4493
19041	24.8661	14.4659
18983	24.8948	14.4826
18930	24.9234	14.4993
18865	24.9521	14.5159
18811	24.9807	14.5326
18756	25.0094	14.5493
18706	25.038	14.5659
18656	25.0666	14.5826
18594	25.0953	14.5993
18520	25.1239	14.6159
18464	25.1526	14.6326
18400	25.1812	14.6493
18341	25.2099	14.6659
18287	25.2385	14.6826
18238	25.2672	14.6993
18187	25.2958	14.7159
18118	25.3245	14.7326
18047	25.3531	14.7493
17988	25.3818	14.7659
17933	25.4104	14.7826
17879	25.4391	14.7993
17825	25.4677	14.8159
17759	25.4964	14.8326
17706	25.525	14.8493
17646	25.5537	14.8659
17595	25.5823	14.8826
17545	25.611	14.8993
17483	25.6396	14.9159
17432	25.6682	14.9326
17381	25.6969	14.9493
17329	25.7255	14.9659
17271	25.7542	14.9826
17210	25.7828	14.9993
17165	25.8115	15.0159
17117	25.8401	15.0326
17059	25.8688	15.0493
16999	25.8974	15.0659
16947	25.9261	15.0826
16884	25.9547	15.0993
16820	25.9834	15.1159
16760	26.012	15.1326
16708	26.0407	15.1493
16659	26.0693	15.1659
16605	26.098	15.1826
16551	26.1266	15.1993
16485	26.1553	15.2159
16432	26.1839	15.2326
16378	26.2125	15.2493
16322	26.2412	15.2659
16272	26.2698	15.2826
16220	26.2985	15.2993
16166	26.3271	15.3159
16117	26.3558	15.3326
16064	26.3844	15.3493
16013	26.4131	15.3659
15955	26.4417	15.3826
15910	26.4704	15.3993
15855	26.499	15.4159
15805	26.5277	15.4326
15760	26.5563	15.4493
15712	26.585	15.4659
15658	26.6136	15.4826
15601	26.6423	15.4993
15535	26.6709	15.5159
15482	26.6996	15.5326
15434	26.7282	15.5493
15388	26.7568	15.5659
15336	26.7855	15.5826
15284	26.8141	15.5993
15226	26.8428	15.6159
15172	26.8714	15.6326
15119	26.9001	15.6493
15067	26.9287	15.6659
15013	26.9574	15.6826
14969	26.986	15.6993
14915	27.0147	15.7159
14868	27.0433	15.7326
14816	27.072	15.7493
14759	27.1006	15.7659
14704	27.1293	15.7826
14664	27.1579	15.7993
14614	27.1866	15.8159
14561	27.2152	15.8326
14517	27.2439	15.8493
14460	27.2725	15.8659
14413	27.3012	15.8826
14373	27.3298	15.8993
14324	27.3584	15.9159
14277	27.3871	15.9326
14231	27.4157	15.9493
14180	27.4444	15.9659
14135	27.473	15.9826
14085	27.5017	15.9993
14035	27.5303	16.0159
13986	27.559	16.0326
13933	27.5876	16.0493
13890	27.6163	16.0659
13848	27.6449	16.0826
13790	27.6736	16.0993
13741	27.7022	16.1159
13698	27.7309	16.1326
13654	27.7595	16.1493
13596	27.7882	16.1659
13545	27.8168	16.1826
13496	27.8455	16.1993
13458	27.8741	16.2159
13402	27.9028	16.2326
13356	27.9314	16.2493
13309	27.96	16.2659
13265	27.9887	16.2826
13218	28.0173	16.2993
13169	28.046	16.3159
13122	28.0746	16.3326
13078	28.1033	16.3493
13028	28.1319	16.3659
12981	28.1606	16.3826
12936	28.1892	16.3993
12891	28.2179	16.4159
12850	28.2465	16.4326
12807	28.2752	16.4492
12755	28.3038	16.4659
12709	28.3325	16.4826
12664	28.3611	16.4992
12620	28.3898	16.5159
12569	28.4184	16.5326
12526	28.4471	16.5492
12485	28.4757	16.5659
12427	28.5043	16.5826
12383	28.533	16.5992
12334	28.5616	16.6159
12284	28.5903	16.6326
12249	28.6189	16.6492
12211	28.6476	16.6659
12172	28.6762	16.6826
12124	28.7049	16.6992
12067	28.7335	16.7159
12025	28.7622	16.7326
11984	28.7908	16.7492
11938	28.8195	16.7659
11895	28.8481	16.7826
11850	28.8768	16.7992
11806	28.9054	16.8159
11760	28.9341	16.8326
11715	28.9627	16.8492
11678	28.9914	16.8659
11636	29.02	16.8826
11586	29.0487	16.8992
11535	29.0773	16.9159
11489	29.106	16.9326
11448	29.1346	16.9492
11406	29.1633	16.9659
11360	29.1919	16.9826
11320	29.2206	16.9992
11279	29.2492	17.0159
11233	29.2779	17.0326
11197	29.3065	17.0492
11157	29.3352	17.0659
11117	29.3638	17.0826
11075	29.3925	17.0992
11029	29.4211	17.1159
10989	29.4498	17.1326
10949	29.4784	17.1492
10906	29.5071	17.1659
10869	29.5357	17.1826
10823	29.5644	17.1992
10778	29.593	17.2159
10744	29.6217	17.2326
10698	29.6503	17.2492
10656	29.679	17.2659
10618	29.7076	17.2826
10582	29.7363	17.2992
10545	29.7649	17.3159
10503	29.7936	17.3326
10465	29.8222	17.3492
10419	29.8508	17.3659
10381	29.8795	17.3826
10341	29.9081	17.3992
10301	29.9368	17.4159
10265	29.9654	17.4326
10225	29.9941	17.4492
10192	30.0227	17.4659
10156	30.0514	17.4826
10119	30.08	17.4992
10082	30.1087	17.5159
10036	30.1373	17.5326
10002	30.166	17.5492
9961	30.1946	17.5659
9928	30.2233	17.5826
9895	30.2519	17.5992
9855	30.2806	17.6159
9806	30.3092	17.6326
9763	30.3379	17.6492
9724	30.3665	17.6659
9687	30.3952	17.6826
9650	30.4238	17.6992
9616	30.4525	17.7159
9580	30.4811	17.7326
9537	30.5098	17.7492
9494	30.5384	17.7659
9453	30.5671	17.7826
9406	30.5957	17.7992
9368	30.6244	17.8159
9340	30.653	17.8326
9300	30.6817	17.8492
9261	30.7103	17.8659
9228	30.739	17.8826
9185	30.7676	17.8992
9150	30.7963	17.9159
9113	30.8249	17.9326
9071	30.8536	17.9492
9030	30.8822	17.9659
9002	30.9109	17.9826
8966	30.9395	17.9992
8936	30.9682	18.0159
8901	30.9968	18.0326
8857	31.0255	18.0492
8823	31.0541	18.0659
8788	31.0828	18.0826
8750	31.1114	18.0992
8723	31.1401	18.1159
8687	31.1687	18.1326
8656	31.1974	18.1492
8623	31.226	18.1659
8585	31.2547	18.1826
8548	31.2833	18.1992
8511	31.312	18.2159
8473	31.3406	18.2326
8437	31.3693	18.2492
8400	31.3979	18.2659
8367	31.4266	18.2826
8326	31.4552	18.2992
8287	31.4839	18.3159
8254	31.5125	18.3326
8223	31.5412	18.3492
8191	31.5698	18.3659
8154	31.5984	18.3826
8119	31.6271	18.3992
8087	31.6557	18.4159
8055	31.6844	18.4326
8024	31.713	18.4492
7994	31.7417	18.4659
7967	31.7703	18.4826
7929	31.799	18.4992
7882	31.8276	18.5159
7853	31.8563	18.5326
7822	31.8849	18.5492
7785	31.9136	18.5659
7749	31.9422	18.5826
7716	31.9709	18.5992
7692	31.9995	18.6159
7654	32.0282	18.6325
7622	32.0568	18.6492
7591	32.0855	18.6659
7565	32.1141	18.6825
7520	32.1428	18.6992
7493	32.1714	18.7159
7467	32.2001	18.7325
7430	32.2287	18.7492
7396	32.2574	18.7659
7366	32.286	18.7825
7336	32.3147	18.7992
7303	32.3433	18.8159
7274	32.372	18.8325
7239	32.4006	18.8492
7213	32.4293	18.8659
7181	32.4579	18.8825
7149	32.4866	18.8992
7119	32.5152	18.9159
7097	32.5439	18.9325
7061	32.5725	18.9492
7032	32.6012	18.9659
7009	32.6298	18.9825
6976	32.6585	18.9992
6937	32.6871	19.0159
6908	32.7158	19.0325
6883	32.7444	19.0492
6845	32.7731	19.0659
6811	32.8017	19.0825
6790	32.8304	19.0992
6762	32.859	19.1159
6734	32.8877	19.1325
6704	32.9163	19.1492
6673	32.945	19.1659
6647	32.9736	19.1825
6615	33.0023	19.1992
6584	33.0309	19.2159
6557	33.0596	19.2325
6526	33.0882	19.2492
6498	33.1169	19.2659
6465	33.1455	19.2825
6436	33.1742	19.2992
6406	33.2028	19.3159
6378	33.2315	19.3325
6353	33.2601	19.3492
6335	33.2888	19.3659
6298	33.3174	19.3825
6266	33.3461	19.3992
6240	33.3747	19.4159
6212	33.4034	19.4325
6182	33.432	19.4492
6152	33.4606	19.4659
6113	33.4893	19.4825
6085	33.5179	19.4992
6061	33.5466	19.5159
6036	33.5752	19.5325
6006	33.6039	19.5492
5977	33.6325	19.5659
5955	33.6612	19.5825
5925	33.6898	19.5992
5903	33.7185	19.6159
5875	33.7471	19.6325
5850	33.7758	19.6492
5825	33.8044	19.6659
5802	33.8331	19.6825
5775	33.8617	19.6992
5743	33.8904	19.7159
5715	33.919	19.7325
5692	33.9477	19.7492
5669	33.9763	19.7659
5643	34.005	19.7825
5620	34.0336	19.7992
5594	34.0623	19.8159
5568	34.0909	19.8325
5536	34.1196	19.8492
5510	34.1482	19.8659
5480	34.1769	19.8825
5453	34.2055	19.8992
5428	34.2342	19.9159
5406	34.2628	19.9325
5380	34.2915	19.9492
5361	34.3201	19.9659
5332	34.3488	19.9825
5310	34.3774	19.9992
5287	34.4061	20.0159
5261	34.4347	20.0325
5235	34.4634	20.0492
5218	34.492	20.0659
5189	34.5207	20.0825
5166	34.5493	20.0992
5149	34.578	20.1159
5124	34.6066	20.1326
5098	34.6353	20.1492
5070	34.6639	20.1659
5049	34.6926	20.1826
5018	34.7212	20.1992
5001	34.7499	20.2159
4981	34.7785	20.2326
4954	34.8072	20.2492
4937	34.8358	20.2659
4911	34.8645	20.2826
4886	34.8931	20.2993
4868	34.9218	20.3159
4853	34.9504	20.3326
4824	34.9791	20.3493
4792	35.0077	20.3659
4769	35.0364	20.3826
4749	35.065	20.3993
4725	35.0937	20.4159
4705	35.1223	20.4326
4682	35.151	20.4493
4656	35.1796	20.466
4636	35.2082	20.4826
4618	35.2369	20.4993
4591	35.2655	20.516
4567	35.2942	20.5326
4546	35.3228	20.5493
4522	35.3515	20.566
4501	35.3801	20.5826
4478	35.4088	20.5993
4462	35.4374	20.616
4438	35.4661	20.6327
4418	35.4947	20.6493
4393	35.5234	20.666
4376	35.552	20.6827
4356	35.5807	20.6993
4331	35.6093	20.716
4308	35.638	20.7327
4292	35.6666	20.7494
4273	35.6953	20.766
4252	35.7239	20.7827
4235	35.7526	20.7994
4215	35.7812	20.816
4194	35.8099	20.8327
4169	35.8385	20.8494
4151	35.8672	20.866
4137	35.8958	20.8827
4115	35.9245	20.8994
4101	35.9531	20.9161
4082	35.9818	20.9327
4066	36.0104	20.9494
4045	36.0391	20.9661
4021	36.0677	20.9827
4006	36.0964	20.9994
3984	36.125	21.0161
3972	36.1537	21.0327
3951	36.1823	21.0494
3930	36.211	21.0661
3911	36.2396	21.0828
3890	36.2683	21.0994
3875	36.2969	21.1161
3859	36.3256	21.1328
3839	36.3542	21.1494
3819	36.3829	21.1661
3798	36.4115	21.1828
3778	36.4402	21.1994
3760	36.4688	21.2161
3738	36.4975	21.2328
3727	36.5261	21.2495
3713	36.5548	21.2661
3693	36.5834	21.2828
3675	36.6121	21.2995
3661	36.6407	21.3161
3646	36.6694	21.3328
3629	36.698	21.3495
3612	36.7267	21.3661
3602	36.7553	21.3828
3585	36.784	21.3995
3567	36.8126	21.4162
3550	36.8413	21.4328
3532	36.8699	21.4495
3518	36.8985	21.4662
3504	36.9272	21.4828
3486	36.9558	21.4995
3471	36.9845	21.5162
3453	37.0131	21.5329
3438	37.0418	21.5495
3425	37.0704	21.5662
3406	37.0991	21.5829
3385	37.1277	21.5995
3374	37.1564	21.6162
3357	37.185	21.6329
3346	37.2137	21.6495
3329	37.2423	21.6662
3314	37.271	21.6829
3298	37.2996	21.6996
3276	37.3283	21.7162
3261	37.3569	21.7329
3245	37.3856	21.7496
3233	37.4142	21.7662
3215	37.4429	21.7829
3197	37.4715	21.7996
3180	37.5002	21.8162
3169	37.5288	21.8329
3154	37.5575	21.8496
3137	37.5861	21.8663
3126	37.6148	21.8829
3111	37.6434	21.8996
3095	37.6721	21.9163
3075	37.7007	21.9329
3064	37.7294	21.9496
3050	37.758	21.9663
3034	37.7867	21.9829
3026	37.8153	21.9996
3014	37.844	22.0163
2998	37.8726	22.033
2983	37.9013	22.0496
2967	37.9299	22.0663
2952	37.9586	22.083
2937	37.9872	22.0996
2927	38.0159	22.1163
2914	38.0445	22.133
2903	38.0732	22.1497
2884	38.1018	22.1663
2874	38.1305	22.183
2862	38.1591	22.1997
2851	38.1878	22.2163
2838	38.2164	22.233
2826	38.2451	22.2497
2813	38.2737	22.2663
2801	38.3024	22.283
2783	38.331	22.2997
2774	38.3597	22.3164
2762	38.3883	22.333
2748	38.417	22.3497
2736	38.4456	22.3664
2724	38.4743	22.383
2712	38.5029	22.3997
2697	38.5316	22.4164
2686	38.5602	22.433
2671	38.5889	22.4497
2658	38.6175	22.4664
2647	38.6461	22.4831
2632	38.6748	22.4997
2618	38.7034	22.5164
2609	38.7321	22.5331
2593	38.7607	22.5497
2585	38.7894	22.5664
2573	38.818	22.5831
2557	38.8467	22.5997
2547	38.8753	22.6164
2533	38.904	22.6331
2522	38.9326	22.6498
2505	38.9613	22.6664
2497	38.9899	22.6831
2486	39.0186	22.6998
2473	39.0472	22.7164
2460	39.0759	22.7331
2451	39.1045	22.7498
2443	39.1332	22.7664
2433	39.1618	22.7831
2423	39.1905	22.7998
2416	39.2191	22.8165
2400	39.2478	22.8331
2390	39.2764	22.8498
2378	39.3051	22.8665
2369	39.3337	22.8831
2354	39.3624	22.8998
2344	39.391	22.9165
2333	39.4197	22.9332
2321	39.4483	22.9498
2312	39.477	22.9665
2302	39.5056	22.9832
2284	39.5343	22.9998
2278	39.5629	23.0165
2266	39.5916	23.0332
2256	39.6202	23.0498
2247	39.6489	23.0665
2235	39.6775	23.0832
2227	39.7062	23.0999
2217	39.7348	23.1165
2208	39.7635	23.1332
2197	39.7921	23.1499
2187	39.8208	23.1665
2179	39.8494	23.1832
2167	39.8781	23.1999
2155	39.9067	23.2165
2145	39.9354	23.2332
2136	39.964	23.2499
2123	39.9927	23.2666
2115	40.0213	23.2832
2104	40.05	23.2999
2093	40.0786	23.3166
2082	40.1073	23.3332
2069	40.1359	23.3499
2062	40.1646	23.3666
2055	40.1932	23.3832
2044	40.2219	23.3999
2038	40.2505	23.4166
2027	40.2792	23.4333
2014	40.3078	23.4499
2004	40.3365	23.4666
1994	40.3651	23.4833
1986	40.3937	23.4999
1973	40.4224	23.5166
1965	40.451	23.5333
1959	40.4797	23.5499
1947	40.5083	23.5666
1940	40.537	23.5833
1928	40.5656	23.6
1921	40.5943	23.6166
1912	40.6229	23.6333
1903	40.6516	23.65
1890	40.6802	23.6666
1885	40.7089	23.6833
1874	40.7375	23.7
1865	40.7662	23.7167
1857	40.7948	23.7333
1847	40.8235	23.75
1839	40.8521	23.7667
1831	40.8808	23.7833
1824	40.9094	23.8
1813	40.9381	23.8167
1805	40.9667	23.8333
1794	40.9954	23.85
1786	41.024	23.8667
1778	41.0527	23.8834
1769	41.0813	23.9
1765	41.11	23.9167
1754	41.1386	23.9334
1746	41.1673	23.95
1738	41.1959	23.9667
1728	41.2246	23.9834
1720	41.2532	24
1712	41.2819	24.0167
1706	41.3105	24.0334
1694	41.3392	24.0501
1686	41.3678	24.0667
1679	41.3965	24.0834
1670	41.4251	24.1001
1662	41.4538	24.1167
1654	41.4824	24.1334
1645	41.5111	24.1501
1637	41.5397	24.1667
1628	41.5684	24.1834
1619	41.597	24.2001
1613	41.6257	24.2168
1605	41.6543	24.2334
1599	41.683	24.2501
1591	41.7116	24.2668
1584	41.7403	24.2834
1577	41.7689	24.3001
1571	41.7976	24.3168
1565	41.8262	24.3335
1555	41.8549	24.3501
1546	41.8835	24.3668
1540	41.9122	24.3835
1531	41.9408	24.4001
1526	41.9408	24.4168
1516	41.9408	24.4335
1505	41.9408	24.4501
1501	41.9408	24.4668
1493	41.9408	24.4835
1486	41.9408	24.5002
1479	41.9408	24.5168
1470	41.9408	24.5335
1465	41.9408	24.5502
1460	41.9408	24.5668
1451	41.9408	24.5835
1445	41.9408	24.6002
1440	41.9408	24.6168
1436	41.9408	24.6335
1426	41.9408	24.6502
1419	41.9408	24.6669
1413	41.9408	24.6835
1406	41.9408	24.7002
1400	41.9408	24.7169
1395	41.9408	24.7335
1388	41.9408	24.7502
1380	41.9408	24.7669
1374	41.9408	24.7835
1366	41.9408	24.8002
1360	41.9408	24.8169
1354	41.9408	24.8336
1347	41.9408	24.8502
1342	41.9408	24.8669
1337	41.9408	24.8836
1328	41.9408	24.9002
1321	41.9408	24.9169
1314	41.9408	24.9336
1307	41.9408	24.9502
1301	41.9408	24.9669
1295	41.9408	24.9836
1288	41.9408	25.0003
1285	41.9408	25.0169
1275	41.9408	25.0336
1271	41.9408	25.0503
1266	41.9408	25.0669
1259	41.9408	25.0836
1254	41.9408	25.1003
1252	41.9408	25.117
1248	41.9408	25.1336
1238	41.9408	25.1503
1234	41.9408	25.167
1227	41.9408	25.1836
1220	41.9408	25.2003
1217	41.9408	25.217
1213	41.9408	25.2336
1210	41.9408	25.2503
1202	41.9408	25.267
1198	41.9408	25.2837
1191	41.9408	25.3003
1187	41.9408	25.317
1183	41.9408	25.3337
1177	41.9408	25.3503
1169	41.9408	25.367
1166	41.9408	25.3837
1160	41.9408	25.4003
1152	41.9408	25.417
1149	41.9408	25.4337
1144	41.9408	25.4504
1135	41.9408	25.467
1131	41.9408	25.4837
1128	41.9408	25.5004
1122	41.9408	25.517
1117	41.9408	25.5337
1114	41.9408	25.5504
1107	41.9408	25.567
1102	41.9408	25.5837
1097	41.9408	25.6004
1092	41.9408	25.6171
1087	41.9408	25.6337
1082	41.9408	25.6504
1076	41.9408	25.6671
1074	41.9408	25.6837
1067	41.9408	25.7004
1062	41.9408	25.7171
1059	41.9408	25.7337
1053	41.9408	25.7504
1048	41.9408	25.7671
1044	41.9408	25.7838
1044	41.9408	25.8004
1043	41.9122	25.8171
1037	41.8835	25.8338
1029	41.8549	25.8504
1027	41.8262	25.8671
1022	41.7976	25.8838
1018	41.7689	25.9005
1014	41.7403	25.9171
1009	41.7116	25.9338
1003	41.683	25.9505
1002	41.6543	25.9671
1002	41.6257	25.9838
1001	41.597	26.0005
994	41.5684	26.0171
989	41.5397	26.0338
986	41.5111	26.0505
983	41.4824	26.0672
977	41.4538	26.0838
972	41.4251	26.1005
965	41.3965	26.1172
961	41.3678	26.1338
960	41.3392	26.1505
960	41.3105	26.1672
960	41.2819	26.1838
958	41.2532	26.2005
951	41.2246	26.2172
948	41.1959	26.2339
943	41.1673	26.2505
940	41.1386	26.2672
940	41.11	26.2839
940	41.0813	26.3005
940	41.0527	26.3172
939	41.024	26.3339
932	40.9954	26.3505
927	40.9667	26.3672
923	40.9381	26.3839
918	40.9094	26.4006
913	40.8808	26.4172
906	40.8521	26.4339
904	40.8235	26.4506
904	40.7948	26.4672
904	40.7662	26.4839
904	40.7375	26.5006
904	40.7089	26.5173
904	40.6802	26.5339
900	40.6516	26.5506
894	40.6229	26.5673
894	40.5943	26.5839
892	40.5656	26.6006
889	40.537	26.6173
888	40.5083	26.6339
884	40.4797	26.6506
876	40.451	26.6673
876	40.4224	26.684
876	40.3937	26.7006
876	40.3651	26.7173
876	40.3365	26.734
876	40.3078	26.7506
872	40.2792	26.7673
865	40.2505	26.784
864	40.2219	26.8006
863	40.1932	26.8173
859	40.1646	26.834
858	40.1359	26.8507
855	40.1073	26.8673
849	40.0786	26.884
848	40.05	26.9007
848	40.0213	26.9173
848	39.9927	26.934
843	39.964	26.9507
834	39.9354	26.9673
832	39.9067	26.984
831	39.8781	27.0007
831	39.8494	27.0174
827	39.8208	27.034
826	39.7921	27.0507
826	39.7635	27.0674
826	39.7348	27.084
824	39.7062	27.1007
819	39.6775	27.1174
819	39.6489	27.134
819	39.6202	27.1507
819	39.5916	27.1674
819	39.5629	27.1841
819	39.5343	27.2007
812	39.5056	27.2174
806	39.477	27.2341
800	39.4483	27.2507
800	39.4197	27.2674
800	39.391	27.2841
800	39.3624	27.3008
796	39.3337	27.3174
787	39.3051	27.3341
787	39.2764	27.3508
787	39.2478	27.3674
787	39.2191	27.3841
787	39.1905	27.4008
787	39.1618	27.4174
787	39.1332	27.4341
787	39.1045	27.4508
787	39.0759	27.4675
787	39.0472	27.4841
783	39.0186	27.5008
776	38.9899	27.5175
769	38.9613	27.5341
769	38.9326	27.5508
769	38.904	27.5675
769	38.8753	27.5841
769	38.8467	27.6008
769	38.818	27.6175
769	38.7894	27.6342
769	38.7607	27.6508
769	38.7321	27.6675
769	38.7034	27.6842
764	38.6748	27.7008
760	38.6461	27.7175
758	38.6175	27.7342
758	38.5889	27.7508
758	38.5602	27.7675
758	38.5316	27.7842
758	38.5029	27.8009
755	38.4743	27.8175
749	38.4456	27.8342
747	38.417	27.8509
747	38.3883	27.8675
747	38.3597	27.8842
747	38.331	27.9009
747	38.3024	27.9175
747	38.2737	27.9342
747	38.2451	27.9509
747	38.2164	27.9676
747	38.1878	27.9842
747	38.1591	28.0009
747	38.1305	28.0176
747	38.1018	28.0342
747	38.0732	28.0509
744	38.0445	28.0676
740	38.0159	28.0843
734	37.9872	28.1009
733	37.9586	28.1176
733	37.9299	28.1343
733	37.9013	28.1509
733	37.8726	28.1676
733	37.844	28.1843
733	37.8153	28.2009
733	37.7867	28.2176
733	37.758	28.2343
733	37.7294	28.251
733	37.7007	28.2676
733	37.6721	28.2843
733	37.6434	28.301
733	37.6148	28.3176
733	37.5861	28.3343
733	37.5575	28.351
733	37.5288	28.3676
733	37.5002	28.3843
733	37.4715	28.401
733	37.4429	28.4177
733	37.4142	28.4343
733	37.3856	28.451
733	37.3569	28.4677
733	37.3283	28.4843
733	37.2996	28.501
733	37.271	28.5177
733	37.2423	28.5343
733	37.2137	28.551
733	37.185	28.5677
733	37.1564	28.5844
733	37.1277	28.601
732	37.0991	28.6177
727	37.0704	28.6344
719	37.0418	28.651
717	37.0131	28.6677
716	36.9845	28.6844
716	36.9558	28.701
716	36.9272	28.7177
716	36.8985	28.7344
716	36.8699	28.7511
716	36.8413	28.7677
716	36.8126	28.7844
716	36.784	28.8011
716	36.7553	28.8177
716	36.7267	28.8344
716	36.698	28.8511
716	36.6694	28.8678
716	36.6407	28.8844
716	36.6121	28.9011
716	36.5834	28.9178
716	36.5548	28.9344
716	36.5261	28.9511
716	36.4975	28.9678
716	36.4688	28.9844
716	36.4402	29.0011
716	36.4115	29.0178
716	36.3829	29.0345
716	36.3542	29.0511
716	36.3256	29.0678
716	36.2969	29.0845
716	36.2683	29.1011
716	36.2396	29.1178
716	36.211	29.1345
716	36.1823	29.1511
716	36.1537	29.1678
716	36.125	29.1845
716	36.0964	29.2012
716	36.0677	29.2178
716	36.0391	29.2345
716	36.0104	29.2512
716	35.9818	29.2678
716	35.9531	29.2845
716	35.9245	29.3012
716	35.8958	29.3178
716	35.8672	29.3345
716	35.8385	29.3512
716	35.8099	29.3679
716	35.7812	29.3845
716	35.7526	29.4012
716	35.7239	29.4179
716	35.6953	29.4345
716	35.6666	29.4512
716	35.638	29.4679
716	35.6093	29.4846
716	35.5807	29.5012
716	35.552	29.5179
715	35.5234	29.5346
715	35.4947	29.5512
712	35.4661	29.5679
706	35.4374	29.5846
704	35.4088	29.6012
704	35.3801	29.6179
704	35.3515	29.6346
704	35.3228	29.6513
704	35.2942	29.6679
704	35.2655	29.6846
704	35.2369	29.7013
704	35.2082	29.7179
704	35.1796	29.7346
704	35.151	29.7513
704	35.1223	29.7679
704	35.0937	29.7846
704	35.065	29.8013
704	35.0364	29.818
704	35.0077	29.8346
704	34.9791	29.8513
704	34.9504	29.868
704	34.9218	29.8846
704	34.8931	29.9013
704	34.8645	29.918
704	34.8358	29.9346
704	34.8072	29.9513
704	34.7785	29.968
704	34.7499	29.9847
704	34.7212	30.0013
704	34.6926	30.018
704	34.6639	30.0347
704	34.6353	30.0513
704	34.6066	30.068
704	34.578	30.0847
704	34.5493	30.1013
704	34.5207	30.118
704	34.492	30.1347
704	34.4634	30.1514
704	34.4347	30.168
704	34.4061	30.1847
704	34.3774	30.2014
704	34.3488	30.218
704	34.3201	30.2347
704	34.2915	30.2514
704	34.2628	30.2681
704	34.2342	30.2847
704	34.2055	30.3014
704	34.1769	30.3181
704	34.1482	30.3347
704	34.1196	30.3514
704	34.0909	30.3681
704	34.0623	30.3847
704	34.0336	30.4014
704	34.005	30.4181
703	33.9763	30.4348
703	33.9477	30.4514
703	33.919	30.4681
703	33.8904	30.4848
703	33.8617	30.5014
703	33.8331	30.5181
703	33.8044	30.5348
703	33.7758	30.5514
703	33.7471	30.5681
703	33.7185	30.5848
703	33.6898	30.6015
703	33.6612	30.6181
702	33.6325	30.6348
702	33.6039	30.6515
702	33.5752	30.6681
702	33.5466	30.6848
702	33.5179	30.7015
702	33.4893	30.7181
702	33.4606	30.7348
702	33.432	30.7515
702	33.4034	30.7682
702	33.3747	30.7848
702	33.3461	30.8015
702	33.3174	30.8182
702	33.2888	30.8348
702	33.2601	30.8515
702	33.2315	30.8682
701	33.2028	30.8848
701	33.1742	30.9015
701	33.1455	30.9182
701	33.1169	30.9349
701	33.0882	30.9515
701	33.0596	30.9682
701	33.0309	30.9849
701	33.0023	31.0015
701	32.9736	31.0182
701	32.945	31.0349
701	32.9163	31.0516
701	32.8877	31.0682
701	32.859	31.0849
701	32.8304	31.1016
701	32.8017	31.1182
701	32.7731	31.1349
701	32.7444	31.1516
701	32.7158	31.1682
701	32.6871	31.1849
701	32.6585	31.2016
701	32.6298	31.2183
701	32.6012	31.2349
701	32.5725	31.2516
701	32.5439	31.2683
701	32.5152	31.2849
701	32.4866	31.3016
701	32.4579	31.3183
701	32.4293	31.3349
701	32.4006	31.3516
701	32.372	31.3683
701	32.3433	31.385
701	32.3147	31.4016
701	32.286	31.4183
701	32.2574	31.435
701	32.2287	31.4516
700	32.2001	31.4683
700	32.1714	31.485
700	32.1428	31.5016
700	32.1141	31.5183
700	32.0855	31.535
700	32.0568	31.5517
700	32.0282	31.5683
700	31.9995	31.585
700	31.9709	31.6017
700	31.9422	31.6183
700	31.9136	31.635
700	31.8849	31.6517
700	31.8563	31.6684
700	31.8276	31.685
700	31.799	31.7017
700	31.7703	31.7184
700	31.7417	31.735
700	31.713	31.7517
700	31.6844	31.7684
700	31.6557	31.785
700	31.6271	31.8017
700	31.5984	31.8184
700	31.5698	31.8351
700	31.5412	31.8517
700	31.5125	31.8684
700	31.4839	31.8851
700	31.4552	31.9017
700	31.4266	31.9184
700	31.3979	31.9351
700	31.3693	31.9517
700	31.3406	31.9684
700	31.312	31.9851
700	31.2833	32.0018
700	31.2547	32.0184
700	31.226	32.0351
700	31.1974	32.0518
700	31.1687	32.0684
700	31.1401	32.0851
700	31.1114	32.1018
700	31.0828	32.1184
700	31.0541	32.1351
700	31.0255	32.1518
700	30.9968	32.1685
700	30.9682	32.1851
700	30.9395	32.2018
700	30.9109	32.2185
700	30.8822	32.2351
700	30.8536	32.2518
700	30.8249	32.2685
700	30.7963	32.2851
700	30.7676	32.3018
700	30.739	32.3185
700	30.7103	32.3352
700	30.6817	32.3518
700	30.653	32.3685
700	30.6244	32.3852
700	30.5957	32.4018
700	30.5671	32.4185
700	30.5384	32.4352
699	30.5098	32.4519
699	30.4811	32.4685
699	30.4525	32.4852
699	30.4238	32.5019
699	30.3952	32.5185
699	30.3665	32.5352
699	30.3379	32.5519
699	30.3092	32.5685
699	30.2806	32.5852
699	30.2519	32.6019
699	30.2233	32.6186
699	30.1946	32.6352
699	30.166	32.6519
699	30.1373	32.6686
699	30.1087	32.6852
695	30.08	32.7019
690	30.0514	32.7186
690	30.0227	32.7352
690	29.9941	32.7519
690	29.9654	32.7686
690	29.9368	32.7853
690	29.9081	32.8019
690	29.8795	32.8186
690	29.8508	32.8353
690	29.8222	32.8519
689	29.7936	32.8686
689	29.7649	32.8853
689	29.7363	32.9019
689	29.7076	32.9186
689	29.679	32.9353
689	29.6503	32.952
689	29.6217	32.9686
689	29.593	32.9853
689	29.5644	33.002
689	29.5357	33.0186
689	29.5071	33.0353
689	29.4784	33.052
689	29.4498	33.0686
689	29.4211	33.0853
689	29.3925	33.102
689	29.3638	33.1187
689	29.3352	33.1353
689	29.3065	33.152
689	29.2779	33.1687
689	29.2492	33.1853
689	29.2206	33.202
689	29.1919	33.2187
689	29.1633	33.2354
689	29.1346	33.252
689	29.106	33.2687
689	29.0773	33.2854
689	29.0487	33.302
689	29.02	33.3187
689	28.9914	33.3354
689	28.9627	33.352
689	28.9341	33.3687
689	28.9054	33.3854
689	28.8768	33.4021
689	28.8481	33.4187
689	28.8195	33.4354
689	28.7908	33.4521
689	28.7622	33.4687
689	28.7335	33.4854
689	28.7049	33.5021
689	28.6762	33.5187
689	28.6476	33.5354
689	28.6189	33.5521
689	28.5903	33.5688
689	28.5616	33.5854
689	28.533	33.6021
689	28.5043	33.6188
689	28.4757	33.6354
689	28.4471	33.6521
689	28.4184	33.6688
689	28.3898	33.6854
689	28.3611	33.7021
689	28.3325	33.7188
689	28.3038	33.7355
689	28.2752	33.7521
689	28.2465	33.7688
689	28.2179	33.7855
689	28.1892	33.8021
689	28.1606	33.8188
689	28.1319	33.8355
689	28.1033	33.8521
689	28.0746	33.8688
689	28.046	33.8855
689	28.0173	33.9022
689	27.9887	33.9188
689	27.96	33.9355
689	27.9314	33.9522
689	27.9028	33.9688
689	27.8741	33.9855
689	27.8455	34.0022
689	27.8168	34.0189
689	27.7882	34.0355
689	27.7595	34.0522
689	27.7309	34.0689
689	27.7022	34.0855
689	27.6736	34.1022
689	27.6449	34.1189
689	27.6163	34.1355
689	27.5876	34.1522
689	27.559	34.1689
689	27.5303	34.1856
689	27.5017	34.2022
689	27.473	34.2189
689	27.4444	34.2356
689	27.4157	34.2522
689	27.3871	34.2689
689	27.3584	34.2856
689	27.3298	34.3022
689	27.3012	34.3189
689	27.2725	34.3356
689	27.2439	34.3523
689	27.2152	34.3689
689	27.1866	34.3856
689	27.1579	34.4023
689	27.1293	34.4189
689	27.1006	34.4356
689	27.072	34.4523
689	27.0433	34.4689
689	27.0147	34.4856
689	26.986	34.5023
689	26.9574	34.519
689	26.9287	34.5356
688	26.9001	34.5523
688	26.8714	34.569
688	26.8428	34.5856
688	26.8141	34.6023
688	26.7855	34.619
688	26.7569	34.6357
688	26.7282	34.6523
688	26.6996	34.669
688	26.6709	34.6857
688	26.6423	34.7023
688	26.6136	34.719
688	26.585	34.7357
688	26.5563	34.7523
688	26.5277	34.769
688	26.499	34.7857
688	26.4704	34.8024
688	26.4417	34.819
688	26.4131	34.8357
688	26.3844	34.8524
688	26.3558	34.869
688	26.3271	34.8857
688	26.2985	34.9024
688	26.2698	34.919
688	26.2412	34.9357
688	26.2125	34.9524
688	26.1839	34.9691
688	26.1553	34.9857
688	26.1266	35.0024
688	26.098	35.0191
688	26.0693	35.0357
688	26.0407	35.0524
688	26.012	35.0691
688	25.9834	35.0857
688	25.9547	35.1024
688	25.9261	35.1191
688	25.8974	35.1358
688	25.8688	35.1524
688	25.8401	35.1691
688	25.8115	35.1858
688	25.7828	35.2024
688	25.7542	35.2191
688	25.7255	35.2358
688	25.6969	35.2524
688	25.6682	35.2691
688	25.6396	35.2858
688	25.611	35.3025
688	25.5823	35.3191
688	25.5537	35.3358
688	25.525	35.3525
688	25.4964	35.3691
688	25.4677	35.3858
688	25.4391	35.4025
688	25.4104	35.4192
688	25.3818	35.4358
688	25.3531	35.4525
688	25.3245	35.4692
688	25.2958	35.4858
688	25.2672	35.5025
688	25.2385	35.5192
688	25.2099	35.5358
688	25.1812	35.5525
688	25.1526	35.5692
688	25.1239	35.5859
688	25.0953	35.6025
688	25.0667	35.6192
688	25.038	35.6359
688	25.0094	35.6525
688	24.9807	35.6692
688	24.9521	35.6859
688	24.9234	35.7025
688	24.8948	35.7192
688	24.8661	35.7359
688	24.8375	35.7526
688	24.8088	35.7692
688	24.7802	35.7859
688	24.7515	35.8026
688	24.7229	35.8192
688	24.6942	35.8359
688	24.6656	35.8526
688	24.6369	35.8692
688	24.6083	35.8859
688	24.5796	35.9026
688	24.551	35.9193
688	24.5223	35.9359
688	24.4937	35.9526
688	24.4651	35.9693
688	24.4364	35.9859
688	24.4078	36.0026
688	24.3791	36.0193
688	24.3505	36.0359
688	24.3218	36.0526
688	24.2932	36.0693
688	24.2645	36.086
688	24.2359	36.1026
688	24.2072	36.1193
688	24.1786	36.136
688	24.1499	36.1526
688	24.1213	36.1693
688	24.0926	36.186
688	24.064	36.2027
688	24.0353	36.2193
688	24.0067	36.236
688	23.978	36.2527
688	23.9494	36.2693
688	23.9208	36.286
688	23.8921	36.3027
688	23.8635	36.3193
688	23.8348	36.336
688	23.8062	36.3527
688	23.7775	36.3694
688	23.7489	36.386
688	23.7202	36.4027
688	23.6916	36.4194
688	23.6629	36.436
688	23.6343	36.4527
688	23.6056	36.4694
688	23.577	36.486
688	23.5483	36.5027
688	23.5197	36.5194
688	23.491	36.5361
688	23.4624	36.5527
688	23.4337	36.5694
688	23.4051	36.5861
688	23.3764	36.6027
688	23.3478	36.6194
688	23.3192	36.6361
688	23.2905	36.6527
688	23.2619	36.6694
688	23.2332	36.6861
688	23.2046	36.7028
688	23.1759	36.7194
688	23.1473	36.7361
688	23.1186	36.7528
688	23.09	36.7694
688	23.0613	36.7861
688	23.0327	36.8028
688	23.004	36.8195
688	22.9754	36.8361
688	22.9467	36.8528
688	22.9181	36.8695
688	22.8894	36.8861
688	22.8608	36.9028
688	22.8321	36.9195
688	22.8035	36.9361
688	22.7749	36.9528
688	22.7462	36.9695
688	22.7176	36.9862
688	22.6889	37.0028
688	22.6603	37.0195
688	22.6316	37.0362
688	22.603	37.0528
688	22.5743	37.0695
688	22.5457	37.0862
688	22.517	37.1028
688	22.4884	37.1195
688	22.4597	37.1362
688	22.4311	37.1529
688	22.4024	37.1695
688	22.3738	37.1862
688	22.3451	37.2029
688	22.3165	37.2195
688	22.2878	37.2362
688	22.2592	37.2529
688	22.2305	37.2695
688	22.2019	37.2862
688	22.1733	37.3029
688	22.1446	37.3196
688	22.116	37.3362
688	22.0873	37.3529
688	22.0587	37.3696
688	22.03	37.3862
688	22.0014	37.4029
688	21.9727	37.4196
688	21.9441	37.4362
688	21.9154	37.4529
688	21.8868	37.4696
688	21.8581	37.4863
688	21.8295	37.5029
688	21.8008	37.5196
688	21.7722	37.5363
688	21.7435	37.5529
688	21.7149	37.5696
688	21.6862	37.5863
688	21.6576	37.603
688	21.629	37.6196
688	21.6003	37.6363
688	21.5717	37.653
688	21.543	37.6696
688	21.5144	37.6863
688	21.4857	37.703
688	21.4571	37.7196
688	21.4284	37.7363
688	21.3998	37.753
688	21.3711	37.7697
688	21.3425	37.7863
688	21.3138	37.803
688	21.2852	37.8197
688	21.2565	37.8363
688	21.2279	37.853
688	21.1992	37.8697
688	21.1706	37.8863
688	21.1419	37.903
688	21.1133	37.9197
688	21.0847	37.9364
688	21.056	37.953
688	21.0274	37.9697
688	20.9987	37.9864
688	20.9701	38.003
688	20.9414	38.0197
688	20.9128	38.0364
688	20.8841	38.053
688	20.8555	38.0697
688	20.8268	38.0864
688	20.7982	38.1031
688	20.7695	38.1197
688	20.7409	38.1364
688	20.7122	38.1531
688	20.6836	38.1697
688	20.6549	38.1864
688	20.6263	38.2031
688	20.5976	38.2197
688	20.569	38.2364
688	20.5403	38.2531
688	20.5117	38.2698
688	20.4831	38.2864
688	20.4544	38.3031
688	20.4258	38.3198
688	20.3971	38.3364
688	20.3685	38.3531
688	20.3398	38.3698
688	20.3112	38.3865
688	20.2825	38.4031
688	20.2539	38.4198
688	20.2252	38.4365
688	20.1966	38.4531
688	20.1679	38.4698
688	20.1393	38.4865
688	20.1106	38.5031
688	20.082	38.5198
688	20.0533	38.5365
688	20.0247	38.5532
688	19.996	38.5698
688	19.9674	38.5865
688	19.9388	38.6032
688	19.9101	38.6198
688	19.8815	38.6365
688	19.8528	38.6532
688	19.8242	38.6698
688	19.7955	38.6865
688	19.7669	38.7032
688	19.7382	38.7199
688	19.7096	38.7365
688	19.6809	38.7532
688	19.6523	38.7699
688	19.6236	38.7865
688	19.595	38.8032
688	19.5663	38.8199
688	19.5377	38.8365
688	19.509	38.8532
688	19.4804	38.8699
688	19.4517	38.8866
688	19.4231	38.9032
688	19.3944	38.9199
688	19.3658	38.9366
688	19.3372	38.9532
688	19.3085	38.9699
688	19.2799	38.9866
688	19.2512	39.0033
688	19.2226	39.0199
688	19.1939	39.0366
688	19.1653	39.0533
688	19.1366	39.0699
688	19.108	39.0866
688	19.0793	39.1033
688	19.0507	39.1199
688	19.022	39.1366
688	18.9934	39.1533
688	18.9647	39.17
688	18.9361	39.1866
688	18.9074	39.2033
688	18.8788	39.22
688	18.8501	39.2366
688	18.8215	39.2533
688	18.7929	39.27
688	18.7642	39.2866
688	18.7356	39.3033
688	18.7069	39.32
688	18.6783	39.3367
688	18.6496	39.3533
688	18.621	39.37
688	18.5923	39.3867
688	18.5637	39.4033
688	18.535	39.42
688	18.5064	39.4367
688	18.4777	39.4533
688	18.4491	39.47
688	18.4204	39.4867
688	18.3918	39.5034
688	18.3631	39.52
688	18.3345	39.5367
688	18.3058	39.5534
688	18.2772	39.57
688	18.2486	39.5867
688	18.2199	39.6034
688	18.1913	39.62
688	18.1626	39.6367
688	18.134	39.6534
688	18.1053	39.6701
688	18.0767	39.6867
688	18.048	39.7034
688	18.0194	39.7201
688	17.9907	39.7367
688	17.9621	39.7534
688	17.9334	39.7701
688	17.9048	39.7868
688	17.8761	39.8034
688	17.8475	39.8201
688	17.8188	39.8368
688	17.7902	39.8534
688	17.7615	39.8701
688	17.7329	39.8868
688	17.7042	39.9034
688	17.6756	39.9201
688	17.647	39.9368
688	17.6183	39.9535
688	17.5897	39.9701
688	17.561	39.9868
688	17.5324	40.0035
688	17.5037	40.0201
688	17.4751	40.0368
688	17.4464	40.0535
688	17.4178	40.0701
688	17.3891	40.0868
688	17.3605	40.1035
688	17.3318	40.1202
688	17.3032	40.1368
688	17.2745	40.1535
688	17.2459	40.1702
688	17.2172	40.1868
688	17.1886	40.2035
688	17.1599	40.2202
688	17.1313	40.2368
688	17.1026	40.2535
688	17.074	40.2702
688	17.0454	40.2869
688	17.0167	40.3035
688	16.9881	40.3202
688	16.9594	40.3369
688	16.9308	40.3535
688	16.9021	40.3702
688	16.8735	40.3869
688	16.8448	40.4035
688	16.8162	40.4202
688	16.7875	40.4369
688	16.7589	40.4536
688	16.7302	40.4702
688	16.7016	40.4869
688	16.6729	40.5036
688	16.6443	40.5202
688	16.6156	40.5369
688	16.587	40.5536
688	16.5583	40.5703
688	16.5297	40.5869
688	16.5011	40.6036
688	16.4724	40.6203
688	16.4438	40.6369
688	16.4151	40.6536
688	16.3865	40.6703
688	16.3578	40.6869
688	16.3292	40.7036
688	16.3005	40.7203
688	16.2719	40.737
688	16.2432	40.7536
688	16.2146	40.7703
688	16.1859	40.787
688	16.1573	40.8036
688	16.1286	40.8203
688	16.1	40.837
688	16.0713	40.8536
688	16.0427	40.8703
688	16.014	40.887
688	15.9854	40.9037
688	15.9568	40.9203
688	15.9281	40.937
688	15.8995	40.9537
688	15.8708	40.9703
688	15.8422	40.987
688	15.8135	41.0037
688	15.7849	41.0203
688	15.7562	41.037
688	15.7276	41.0537
688	15.6989	41.0704
688	15.6703	41.087
688	15.6416	41.1037
688	15.613	41.1204
688	15.5843	41.137
688	15.5557	41.1537
688	15.527	41.1704
688	15.4984	41.187
688	15.4697	41.2037
688	15.4411	41.2204
688	15.4124	41.2371
688	15.3838	41.2537
688	15.3552	41.2704
688	15.3265	41.2871
688	15.2979	41.3037
688	15.2692	41.3204
688	15.2406	41.3371
688	15.2119	41.3538
688	15.1833	41.3704
688	15.1546	41.3871
688	15.126	41.4038
688	15.0973	41.4204
688	15.0687	41.4371
688	15.04	41.4538
688	15.0114	41.4704
688	14.9827	41.4871
688	14.9541	41.5038
688	14.9254	41.5205
688	14.8968	41.5371
688	14.8681	41.5538
688	14.8395	41.5705
688	14.8109	41.5871
688	14.7822	41.6038
688	14.7536	41.6205
688	14.7249	41.6371
688	14.6963	41.6538
688	14.6676	41.6705
688	14.639	41.6872
688	14.6103	41.7038
688	14.5817	41.7205
688	14.553	41.7372
688	14.5244	41.7538
688	14.4957	41.7705
688	14.4671	41.7872
688	14.4384	41.8038
688	14.4098	41.8205
688	14.3811	41.8372
688	14.3525	41.8539
688	14.3238	41.8705
688	14.2952	41.8872
688	14.2666	41.9039
688	14.2379	41.9205
688	14.2093	41.9372
688	14.1806	41.9539
688	14.152	41.9706
688	14.1233	41.9872
688	14.0947	42.0039
688	14.066	42.0206
688	14.0374	42.0372
688	14.0087	42.0539
688	13.9801	42.0706
688	13.9514	42.0872
688	13.9228	42.1039
688	13.8941	42.1206
688	13.8655	42.1373
688	13.8368	42.1539
688	13.8082	42.1706
688	13.7795	42.1873
688	13.7509	42.2039
688	13.7222	42.2206
688	13.6936	42.2373
688	13.665	42.2539
688	13.6363	42.2706
688	13.6077	42.2873
688	13.579	42.304
688	13.5504	42.3206
688	13.5217	42.3373
688	13.4931	42.354
688	13.4644	42.3706
688	13.4358	42.3873
688	13.4071	42.404
688	13.3785	42.4206
688	13.3498	42.4373
688	13.3212	42.454
688	13.2925	42.4707
688	13.2639	42.4873
688	13.2352	42.504
688	13.2066	42.5207
688	13.1779	42.5373
688	13.1493	42.554
688	13.1207	42.5707
688	13.092	42.5873
688	13.0634	42.604
688	13.0347	42.6207
688	13.0061	42.6374
688	12.9774	42.654
688	12.9488	42.6707
688	12.9201	42.6874
688	12.8915	42.704
688	12.8628	42.7207
688	12.8342	42.7374
688	12.8055	42.7541
688	12.7769	42.7707
688	12.7482	42.7874
688	12.7196	42.8041
688	12.6909	42.8207
688	12.6623	42.8374
688	12.6336	42.8541
688	12.605	42.8707
688	12.5763	42.8874
688	12.5477	42.9041
688	12.5191	42.9208
688	12.4904	42.9374
688	12.4618	42.9541
688	12.4331	42.9708
688	12.4045	42.9874
688	12.3758	43.0041
688	12.3472	43.0208
688	12.3185	43.0374
688	12.2899	43.0541
688	12.2612	43.0708
688	12.2326	43.0875
688	12.2039	43.1041
688	12.1753	43.1208
688	12.1466	43.1375
688	12.118	43.1541
688	12.0893	43.1708
688	12.0607	43.1875
688	12.032	43.2041
688	12.0034	43.2208
688	11.9748	43.2375
688	11.9461	43.2542
688	11.9175	43.2708
688	11.8888	43.2875
688	11.8602	43.3042
688	11.8315	43.3208
688	11.8029	43.3375
688	11.7742	43.3542
688	11.7456	43.3708
688	11.7169	43.3875
688	11.6883	43.4042
688	11.6596	43.4209
688	11.631	43.4375
688	11.6023	43.4542
688	11.5737	43.4709
688	11.545	43.4875
688	11.5164	43.5042
688	11.4877	43.5209
688	11.4591	43.5376
688	11.4304	43.5542
688	11.4018	43.5709
688	11.3732	43.5876
688	11.3445	43.6042
688	11.3159	43.6209
688	11.2872	43.6376
688	11.2586	43.6542
688	11.2299	43.6709
688	11.2013	43.6876
688	11.1726	43.7043
688	11.144	43.7209
688	11.1153	43.7376
688	11.0867	43.7543
688	11.058	43.7709
688	11.0294	43.7876
688	11.0007	43.8043
688	10.9721	43.8209
688	10.9434	43.8376
688	10.9148	43.8543
688	10.8861	43.871
688	10.8575	43.8876
688	10.8289	43.9043
688	10.8002	43.921
688	10.7716	43.9376
688	10.7429	43.9543
688	10.7143	43.971
688	10.6856	43.9876
688	10.657	44.0043
688	10.6283	44.021
688	10.5997	44.0377
688	10.571	44.0543
688	10.5424	44.071
688	10.5137	44.0877
688	10.4851	44.1043
688	10.4564	44.121
688	10.4278	44.1377
688	10.3991	44.1544
688	10.3705	44.171
688	10.3418	44.1877
688	10.3132	44.2044
688	10.2845	44.221
688	10.2559	44.2377
688	10.2273	44.2544
688	10.1986	44.271
688	10.17	44.2877
688	10.1413	44.3044
688	10.1127	44.3211
688	10.084	44.3377
688	10.0554	44.3544
688	10.0267	44.3711
688	9.99808	44.3877
688	9.96943	44.4044
688	9.94078	44.4211
688	9.91213	44.4377
688	9.88348	44.4544
688	9.85484	44.4711
688	9.82619	44.4878
688	9.79754	44.5044
688	9.7689	44.5211
688	9.74025	44.5378
688	9.7116	44.5544
688	9.68295	44.5711
688	9.65431	44.5878
688	9.62566	44.6044
688	9.59701	44.6211
688	9.56836	44.6378
688	9.53972	44.6545
688	9.51107	44.6711
688	9.48242	44.6878
688	9.45377	44.7045
688	9.42513	44.7211
688	9.39648	44.7378
688	9.36783	44.7545
688	9.33918	44.7711
688	9.31054	44.7878
688	9.28189	44.8045
688	9.25324	44.8212
688	9.22459	44.8378
688	9.19595	44.8545
688	9.1673	44.8712
688	9.13865	44.8878
688	9.11	44.9045
688	9.08136	44.9212
688	9.05271	44.9379
688	9.02406	44.9545
688	8.99541	44.9712
688	8.96677	44.9879
688	8.93812	45.0045
688	8.90947	45.0212
688	8.88082	45.0379
688	8.85218	45.0545
688	8.82353	45.0712
688	8.79488	45.0879
688	8.76623	45.1046
688	8.73759	45.1212
688	8.70894	45.1379
688	8.68029	45.1546
688	8.65164	45.1712
688	8.623	45.1879
688	8.59435	45.2046
688	8.5657	45.2212
688	8.53705	45.2379
688	8.50841	45.2546
688	8.47976	45.2713
688	8.45111	45.2879
688	8.42246	45.3046
688	8.39382	45.3213
688	8.36517	45.3379
688	8.33652	45.3546
688	8.30787	45.3713
688	8.27923	45.3879
688	8.25058	45.4046
688	8.22193	45.4213
688	8.19328	45.438
688	8.16464	45.4546
688	8.13599	45.4713
688	8.10734	45.488
688	8.07869	45.5046
688	8.05005	45.5213
688	8.0214	45.538
688	7.99275	45.5546
688	7.9641	45.5713
688	7.93546	45.588
688	7.90681	45.6047
688	7.87816	45.6213
688	7.84951	45.638
688	7.82087	45.6547
688	7.79222	45.6713
688	7.76357	45.688
688	7.73492	45.7047
688	7.70628	45.7214
688	7.67763	45.738
688	7.64898	45.7547
688	7.62033	45.7714
688	7.59169	45.788
688	7.56304	45.8047
688	7.53439	45.8214
688	7.50574	45.838
688	7.4771	45.8547
688	7.44845	45.8714
688	7.4198	45.8881
688	7.39115	45.9047
688	7.36251	45.9214
688	7.33386	45.9381
688	7.30521	45.9547
688	7.27656	45.9714
688	7.24792	45.9881
688	7.21927	46.0047
688	7.19062	46.0214
688	7.16197	46.0381
688	7.13333	46.0548
688	7.10468	46.0714
688	7.07603	46.0881
688	7.04738	46.1048
688	7.01873	46.1214
688	6.99009	46.1381
688	6.96144	46.1548
688	6.93279	46.1714
688	6.90414	46.1881
688	6.8755	46.2048
688	6.84685	46.2215
688	6.8182	46.2381
688	6.78955	46.2548
688	6.7609	46.2715
688	6.73226	46.2881
688	6.70361	46.3048
688	6.67496	46.3215
688	6.64631	46.3382
688	6.61766	46.3548
688	6.58902	46.3715
688	6.56037	46.3882
688	6.53172	46.4048
688	6.50307	46.4215
688	6.47442	46.4382
688	6.44578	46.4548
688	6.41713	46.4715
688	6.38848	46.4882
688	6.35983	46.5049
688	6.33119	46.5215
688	6.30254	46.5382
688	6.27389	46.5549
688	6.24524	46.5715
688	6.21659	46.5882
688	6.18795	46.6049
688	6.1593	46.6215
688	6.13065	46.6382
688	6.102	46.6549
688	6.07335	46.6716
688	6.04471	46.6882
688	6.01606	46.7049
688	5.98741	46.7216
688	5.95876	46.7382
688	5.93011	46.7549
688	5.90147	46.7716
688	5.87282	46.7882
688	5.84417	46.8049
688	5.81552	46.8216
688	5.78687	46.8383
688	5.75823	46.8549
688	5.72958	46.8716
688	5.70093	46.8883
688	5.67228	46.9049
688	5.64364	46.9216
688	5.61499	46.9383
688	5.58634	46.9549
688	5.55769	46.9716
688	5.52904	46.9883
688	5.5004	47.005
688	5.47175	47.0216
688	5.4431	47.0383
688	5.41445	47.055
688	5.3858	47.0716
688	5.35716	47.0883
688	5.32851	47.105
688	5.29986	47.1217
688	5.27121	47.1383
688	5.24256	47.155
688	5.21392	47.1717
688	5.18527	47.1883
688	5.15662	47.205
688	5.12797	47.2217
688	5.09933	47.2383
688	5.07068	47.255
688	5.04203	47.2717
688	5.01338	47.2884
688	4.98473	47.305
688	4.95609	47.3217
688	4.92744	47.3384
688	4.89879	47.355
688	4.87014	47.3717
688	4.84149	47.3884
688	4.81285	47.405
688	4.7842	47.4217
688	4.75555	47.4384
688	4.7269	47.4551
688	4.69825	47.4717
688	4.66961	47.4884
688	4.64096	47.5051
688	4.61231	47.5217
688	4.58366	47.5384
688	4.55501	47.5551
688	4.52637	47.5717
688	4.49772	47.5884
688	4.46907	47.6051
688	4.44042	47.6218
688	4.41178	47.6384
688	4.38313	47.6551
688	4.35448	47.6718
688	4.32583	47.6884
688	4.29718	47.7051
688	4.26854	47.7218
688	4.23989	47.7384
688	4.21124	47.7551
688	4.18259	47.7718
688	4.15394	47.7885
688	4.1253	47.8051
688	4.09665	47.8218
688	4.068	47.8385
688	4.03935	47.8551
688	4.0107	47.8718
688	3.98206	47.8885
688	3.95341	47.9052
688	3.92476	47.9218
688	3.89611	47.9385
688	3.86747	47.9552
688	3.83882	47.9718
688	3.81017	47.9885
688	3.78152	48.0052
688	3.75287	48.0218
688	3.72423	48.0385
688	3.69558	48.0552
688	3.66693	48.0719
688	3.63828	48.0885
688	3.60963	48.1052
688	3.58099	48.1219
688	3.55234	48.1385
688	3.52369	48.1552
688	3.49504	48.1719
688	3.46639	48.1885
688	3.43775	48.2052
688	3.4091	48.2219
688	3.38045	48.2386
688	3.3518	48.2552
688	3.32315	48.2719
688	3.29451	48.2886
688	3.26586	48.3052
688	3.23721	48.3219
688	3.20856	48.3386
688	3.17992	48.3552
688	3.15127	48.3719
688	3.12262	48.3886
688	3.09397	48.4053
688	3.06532	48.4219
688	3.03668	48.4386
688	3.00803	48.4553
688	2.97938	48.4719
688	2.95073	48.4886
688	2.92208	48.5053
688	2.89344	48.5219
688	2.86479	48.5386
688	2.83614	48.5553
688	2.80749	48.572
688	2.77884	48.5886
688	2.7502	48.6053
688	2.72155	48.622
688	2.6929	48.6386
688	2.66425	48.6553
688	2.63561	48.672
688	2.60696	48.6887
688	2.57831	48.7053
688	2.54966	48.722
688	2.52101	48.7387
688	2.49237	48.7553
688	2.46372	48.772
688	2.43507	48.7887
688	2.40642	48.8053
688	2.37777	48.822
688	2.34913	48.8387
688	2.32048	48.8554
688	2.29183	48.872
688	2.26318	48.8887
688	2.23453	48.9054
688	2.20589	48.922
688	2.17724	48.9387
688	2.14859	48.9554
688	2.11994	48.972
688	2.09129	48.9887
688	2.06265	49.0054
688	2.034	49.0221
688	2.00535	49.0387
688	1.9767	49.0554
688	1.94806	49.0721
688	1.91941	49.0887
688	1.89076	49.1054
688	1.86211	49.1221
688	1.83346	49.1387
688	1.80482	49.1554
688	1.77617	49.1721
688	1.74752	49.1888
688	1.71887	49.2054
688	1.69022	49.2221
688	1.66158	49.2388
688	1.63293	49.2554
688	1.60428	49.2721
688	1.57563	49.2888
688	1.54699	49.3055
688	1.51834	49.3221
688	1.48969	49.3388
688	1.46104	49.3555
688	1.43239	49.3721
688	1.40375	49.3888
688	1.3751	49.4055
688	1.34645	49.4221
688	1.3178	49.4388
688	1.28916	49.4555
688	1.26051	49.4722
688	1.23186	49.4888
688	1.20321	49.5055
688	1.17456	49.5222
688	1.14592	49.5388
688	1.11727	49.5555
688	1.08862	49.5722
688	1.05997	49.5888
688	1.03132	49.6055
688	1.00268	49.6222
688	0.974029	49.6389
688	0.945382	49.6555
688	0.916734	49.6722
688	0.888086	49.6889
688	0.859438	49.7055
688	0.83079	49.7222
688	0.802142	49.7389
688	0.773495	49.7555
688	0.744847	49.7722
688	0.716199	49.7889
688	0.687551	49.8056
688	0.658903	49.8222
688	0.630255	49.8389
688	0.601607	49.8556
688	0.57296	49.8722
688	0.544312	49.8889
688	0.515664	49.9056
688	0.487016	49.9222
688	0.458368	49.9389
688	0.42972	49.9556
688	0.401072	49.9723
688	0.372425	49.9889
688	0.343777	50.0056
688	0.315129	50.0223
688	0.286481	50.0389
688	0.257833	50.0556
688	0.229185	50.0723
688	0.200537	50.089
688	0.17189	50.1056
688	0.143242	50.1223
688	0.114594	50.139
688	0.085946	50.1556
688	0.0572982	50.1723
688	0.0286503	50.189
688	2.46127e-06	50.2056
688	-0.0286454	50.2223
688	0	50.239
688	0	50.2557
688	0	50.2723
688	0	50.289
688	0	50.3057
688	0	50.3223
688	0	50.339
688	0	50.3557
688	0	50.3723
688	0	50.389
688	0	50.4057
688	0	50.4224
688	0	50.439
688	0	50.4557
688	0	50.4724
688	0	50.489
688	0	50.5057
688	0	50.5224
688	0	50.539
688	0	50.5557
688	0	50.5724
688	0	50.5891
688	0	50.6057
688	0	50.6224
688	0	50.6391
688	0	50.6557
688	0	50.6724
688	0	50.6891
688	0	50.7057
688	0	50.7224
688	0	50.7391
688	0	50.7558
688	0	50.7724
688	0	50.7891
688	0	50.8058
688	0	50.8224
688	0	50.8391
688	0	50.8558
688	0	50.8725
688	0	50.8891
688	0	50.9058
688	0	50.9225
688	0	50.9391
688	0	50.9558
688	0	50.9725
688	0	50.9891
688	0	51.0058
688	0	51.0225
688	0	51.0392
688	0	51.0558
688	0	51.0725
688	0	51.0892
688	0	51.1058
688	0	51.1225
688	0	51.1392
688	0	51.1558
688	0	51.1725
688	0	51.1892
688	0	51.2059
688	0	51.2225
