inside_count	theta (degrees)	time (s)
135952	0.0286479	0.0109711
135952	0.0572957	0.0276337
135952	0.0859435	0.0442963
135952	0.114591	0.0609589
135952	0.143239	0.0776215
135952	0.171887	0.0942841
135952	0.200535	0.110947
135952	0.229183	0.127609
135952	0.257831	0.144272
135952	0.286479	0.160934
135952	0.315126	0.177597
135952	0.343774	0.19426
135952	0.372422	0.210922
135952	0.40107	0.227585
135952	0.429718	0.244247
135952	0.458366	0.26091
135952	0.487013	0.277573
135952	0.515661	0.294235
135952	0.544309	0.310898
135952	0.572957	0.32756
135952	0.601605	0.344223
135952	0.630253	0.360886
135952	0.658901	0.377548
135952	0.687548	0.394211
135952	0.716196	0.410873
135952	0.744844	0.427536
135952	0.773492	0.444199
135952	0.80214	0.460861
135952	0.830788	0.477524
135952	0.859436	0.494186
135952	0.888083	0.510849
135952	0.916731	0.527512
135952	0.945379	0.544174
135952	0.974027	0.560837
135952	1.00267	0.577499
135952	1.03132	0.594162
135952	1.05997	0.610825
135952	1.08862	0.627487
135952	1.11727	0.64415
135952	1.14591	0.660812
135952	1.17456	0.677475
135952	1.20321	0.694138
135952	1.23186	0.7108
135952	1.2605	0.727463
135952	1.28915	0.744125
135952	1.3178	0.760788
135952	1.34645	0.777451
135952	1.3751	0.794113
135952	1.40374	0.810776
135952	1.43239	0.827438
135952	1.46104	0.844101
135952	1.48969	0.860764
135952	1.51834	0.877426
135952	1.54698	0.894089
135952	1.57563	0.910751
135952	1.60428	0.927414
135952	1.63293	0.944077
135952	1.66157	0.960739
135952	1.69022	0.977402
135952	1.71887	0.994064
135952	1.74752	1.01073
135952	1.77617	1.02739
135952	1.80481	1.04405
135952	1.83346	1.06071
135952	1.86211	1.07738
135952	1.89076	1.09404
135952	1.9194	1.1107
135952	1.94805	1.12737
135952	1.9767	1.14403
135952	2.00535	1.16069
135952	2.034	1.17735
135952	2.06264	1.19402
135952	2.09129	1.21068
135952	2.11994	1.22734
135952	2.14859	1.244
135952	2.17724	1.26067
135952	2.20588	1.27733
135952	2.23453	1.29399
135952	2.26318	1.31065
135952	2.29183	1.32732
135952	2.32048	1.34398
135952	2.34912	1.36064
135952	2.37777	1.3773
135952	2.40642	1.39397
135952	2.43507	1.41063
135952	2.46372	1.42729
135952	2.49236	1.44395
135952	2.52101	1.46062
135952	2.54966	1.47728
135952	2.57831	1.49394
135952	2.60695	1.5106
135952	2.6356	1.52727
135952	2.66425	1.54393
135952	2.6929	1.56059
135952	2.72155	1.57726
135952	2.75019	1.59392
135952	2.77884	1.61058
135952	2.80749	1.62724
135952	2.83614	1.64391
135952	2.86479	1.66057
135952	2.89343	1.67723
135952	2.92208	1.69389
135952	2.95073	1.71056
135952	2.97938	1.72722
135952	3.00803	1.74388
135952	3.03667	1.76054
135952	3.06532	1.77721
135952	3.09397	1.79387
135952	3.12262	1.81053
135952	3.15126	1.82719
135952	3.17991	1.84386
135952	3.20856	1.86052
135952	3.23721	1.87718
135952	3.26586	1.89384
135952	3.2945	1.91051
135952	3.32315	1.92717
135952	3.3518	1.94383
135952	3.38045	1.96049
135952	3.4091	1.97716
135952	3.43774	1.99382
135952	3.46639	2.01048
135952	3.49504	2.02715
135952	3.52369	2.04381
135952	3.55234	2.06047
135952	3.58098	2.07713
135952	3.60963	2.0938
135952	3.63828	2.11046
135952	3.66693	2.12712
135952	3.69557	2.14378
135952	3.72422	2.16045
135952	3.75287	2.17711
135952	3.78152	2.19377
135952	3.81017	2.21043
135952	3.83881	2.2271
135952	3.86746	2.24376
135952	3.89611	2.26042
135952	3.92476	2.27708
135952	3.95341	2.29375
135952	3.98205	2.31041
135952	4.0107	2.32707
135952	4.03935	2.34373
135952	4.068	2.3604
135952	4.09665	2.37706
135952	4.12529	2.39372
135952	4.15394	2.41039
135952	4.18259	2.42705
135952	4.21124	2.44371
135952	4.23989	2.46037
135952	4.26853	2.47704
135952	4.29718	2.4937
135952	4.32583	2.51036
135952	4.35448	2.52702
135952	4.38312	2.54369
135952	4.41177	2.56035
135952	4.44042	2.57701
135952	4.46907	2.59367
135952	4.49772	2.61034
135952	4.52636	2.627
135952	4.55501	2.64366
135952	4.58366	2.66032
135952	4.61231	2.67699
135952	4.64096	2.69365
135952	4.6696	2.71031
135952	4.69825	2.72697
135952	4.7269	2.74364
135952	4.75555	2.7603
135952	4.7842	2.77696
135952	4.81284	2.79362
135952	4.84149	2.81029
135952	4.87014	2.82695
135952	4.89879	2.84361
135952	4.92743	2.86028
135952	4.95608	2.87694
135952	4.98473	2.8936
135952	5.01338	2.91026
135952	5.04203	2.92693
135952	5.07067	2.94359
135952	5.09932	2.96025
135952	5.12797	2.97691
135952	5.15662	2.99358
135952	5.18527	3.01024
135952	5.21391	3.0269
135952	5.24256	3.04356
135952	5.27121	3.06023
135952	5.29986	3.07689
135952	5.32851	3.09355
135952	5.35715	3.11021
135952	5.3858	3.12688
135952	5.41445	3.14354
135952	5.4431	3.1602
135952	5.47175	3.17686
135952	5.50039	3.19353
135952	5.52904	3.21019
135952	5.55769	3.22685
135952	5.58634	3.24352
135952	5.61498	3.26018
135952	5.64363	3.27684
135952	5.67228	3.2935
135952	5.70093	3.31017
135952	5.72958	3.32683
135952	5.75822	3.34349
135952	5.78687	3.36015
135952	5.81552	3.37682
135952	5.84417	3.39348
135952	5.87282	3.41014
135952	5.90146	3.4268
135952	5.93011	3.44347
135952	5.95876	3.46013
135952	5.98741	3.47679
135952	6.01606	3.49345
135952	6.0447	3.51012
135952	6.07335	3.52678
135952	6.102	3.54344
135952	6.13065	3.5601
135952	6.1593	3.57677
135952	6.18794	3.59343
135952	6.21659	3.61009
135952	6.24524	3.62675
135952	6.27389	3.64342
135952	6.30253	3.66008
135952	6.33118	3.67674
135952	6.35983	3.69341
135952	6.38848	3.71007
135952	6.41713	3.72673
135952	6.44577	3.74339
135952	6.47442	3.76006
135952	6.50307	3.77672
135952	6.53172	3.79338
135952	6.56037	3.81004
135952	6.58901	3.82671
135952	6.61766	3.84337
135952	6.64631	3.86003
135952	6.67496	3.87669
135952	6.70361	3.89336
135952	6.73225	3.91002
135952	6.7609	3.92668
135952	6.78955	3.94334
135952	6.8182	3.96001
135952	6.84685	3.97667
135952	6.87549	3.99333
135952	6.90414	4.00999
135952	6.93279	4.02666
135952	6.96144	4.04332
135952	6.99008	4.05998
135952	7.01873	4.07664
135952	7.04738	4.09331
135952	7.07603	4.10997
135952	7.10468	4.12663
135952	7.13332	4.1433
135952	7.16197	4.15996
135952	7.19062	4.17662
135952	7.21927	4.19328
135952	7.24791	4.20995
135952	7.27656	4.22661
135952	7.30521	4.24327
135952	7.33386	4.25993
135952	7.3625	4.2766
135952	7.39115	4.29326
135952	7.4198	4.30992
135952	7.44845	4.32658
135952	7.47709	4.34325
135952	7.50574	4.35991
135952	7.53439	4.37657
135952	7.56304	4.39323
135952	7.59168	4.4099
135952	7.62033	4.42656
135952	7.64898	4.44322
135952	7.67763	4.45988
135952	7.70627	4.47655
135952	7.73492	4.49321
135952	7.76357	4.50987
135952	7.79222	4.52654
135952	7.82086	4.5432
135952	7.84951	4.55986
135952	7.87816	4.57652
135952	7.90681	4.59319
135952	7.93545	4.60985
135952	7.9641	4.62651
135952	7.99275	4.64317
135952	8.0214	4.65984
135952	8.05004	4.6765
135952	8.07869	4.69316
135952	8.10734	4.70982
135952	8.13599	4.72649
135952	8.16463	4.74315
135952	8.19328	4.75981
135952	8.22193	4.77647
135952	8.25058	4.79314
135952	8.27922	4.8098
135952	8.30787	4.82646
135952	8.33652	4.84312
135952	8.36517	4.85979
135952	8.39381	4.87645
135952	8.42246	4.89311
135952	8.45111	4.90977
135952	8.47976	4.92644
135952	8.5084	4.9431
135952	8.53705	4.95976
135952	8.5657	4.97643
135952	8.59435	4.99309
135952	8.62299	5.00975
135952	8.65164	5.02641
135952	8.68029	5.04308
135952	8.70894	5.05974
135952	8.73758	5.0764
135952	8.76623	5.09306
135952	8.79488	5.10973
135952	8.82353	5.12639
135952	8.85217	5.14305
135952	8.88082	5.15971
135952	8.90947	5.17638
135952	8.93812	5.19304
135952	8.96676	5.2097
135952	8.99541	5.22636
135952	9.02406	5.24303
135952	9.05271	5.25969
135952	9.08135	5.27635
135952	9.11	5.29301
135952	9.13865	5.30968
135952	9.1673	5.32634
135952	9.19594	5.343
135952	9.22459	5.35966
135952	9.25324	5.37633
135952	9.28189	5.39299
135952	9.31053	5.40965
135952	9.33918	5.42632
135952	9.36783	5.44298
135952	9.39648	5.45964
135952	9.42512	5.4763
135952	9.45377	5.49297
135952	9.48242	5.50963
135952	9.51107	5.52629
135952	9.53971	5.54295
135952	9.56836	5.55962
135952	9.59701	5.57628
135952	9.62566	5.59294
135952	9.6543	5.6096
135952	9.68295	5.62627
135952	9.7116	5.64293
135952	9.74024	5.65959
135952	9.76889	5.67625
135952	9.79754	5.69292
135952	9.82619	5.70958
135952	9.85484	5.72624
135952	9.88348	5.7429
135952	9.91213	5.75957
135952	9.94078	5.77623
135952	9.96943	5.79289
135952	9.99807	5.80956
135952	10.0267	5.82622
135952	10.0554	5.84288
135952	10.084	5.85954
135952	10.1127	5.87621
135952	10.1413	5.89287
135952	10.17	5.90953
135952	10.1986	5.92619
135952	10.2273	5.94286
135952	10.2559	5.95952
135952	10.2845	5.97618
135952	10.3132	5.99284
135952	10.3418	6.00951
135952	10.3705	6.02617
135952	10.3991	6.04283
135952	10.4278	6.05949
135952	10.4564	6.07616
135952	10.4851	6.09282
135952	10.5137	6.10948
135952	10.5424	6.12614
135952	10.571	6.14281
135952	10.5997	6.15947
135952	10.6283	6.17613
135952	10.657	6.19279
135952	10.6856	6.20946
135952	10.7143	6.22612
135952	10.7429	6.24278
135952	10.7716	6.25945
135952	10.8002	6.27611
135952	10.8288	6.29277
135952	10.8575	6.30943
135952	10.8861	6.3261
135952	10.9148	6.34276
135952	10.9434	6.35942
135952	10.9721	6.37608
135952	11.0007	6.39275
135952	11.0294	6.40941
135952	11.058	6.42607
135952	11.0867	6.44273
135952	11.1153	6.4594
135952	11.144	6.47606
135952	11.1726	6.49272
135952	11.2013	6.50938
135952	11.2299	6.52605
135952	11.2586	6.54271
135952	11.2872	6.55937
135952	11.3159	6.57603
135952	11.3445	6.5927
135952	11.3732	6.60936
135952	11.4018	6.62602
135952	11.4304	6.64268
135952	11.4591	6.65935
135952	11.4877	6.67601
135952	11.5164	6.69267
135952	11.545	6.70934
135952	11.5737	6.726
135952	11.6023	6.74266
135952	11.631	6.75932
135952	11.6596	6.77599
135952	11.6883	6.79265
135952	11.7169	6.80931
135952	11.7456	6.82597
135952	11.7742	6.84264
135952	11.8029	6.8593
135952	11.8315	6.87596
135952	11.8602	6.89262
135952	11.8888	6.90929
135952	11.9175	6.92595
135952	11.9461	6.94261
135952	11.9747	6.95927
135952	12.0034	6.97594
135952	12.032	6.9926
135952	12.0607	7.00926
135952	12.0893	7.02592
135952	12.118	7.04259
135952	12.1466	7.05925
135952	12.1753	7.07591
135952	12.2039	7.09258
135952	12.2326	7.10924
135952	12.2612	7.1259
135952	12.2899	7.14256
135952	12.3185	7.15923
135952	12.3472	7.17589
135952	12.3758	7.19255
135952	12.4045	7.20921
135952	12.4331	7.22588
135952	12.4618	7.24254
135952	12.4904	7.2592
135952	12.5191	7.27586
135952	12.5477	7.29253
135952	12.5763	7.30919
135952	12.605	7.32585
135952	12.6336	7.34251
135952	12.6623	7.35918
135952	12.6909	7.37584
135952	12.7196	7.3925
135952	12.7482	7.40916
135952	12.7769	7.42583
135952	12.8055	7.44249
135952	12.8342	7.45915
135952	12.8628	7.47581
135952	12.8915	7.49248
135952	12.9201	7.50914
135952	12.9488	7.5258
135952	12.9774	7.54247
135952	13.0061	7.55913
135952	13.0347	7.57579
135952	13.0634	7.59245
135952	13.092	7.60912
135952	13.1206	7.62578
135952	13.1493	7.64244
135952	13.1779	7.6591
135952	13.2066	7.67577
135952	13.2352	7.69243
135952	13.2639	7.70909
135952	13.2925	7.72575
135952	13.3212	7.74242
135952	13.3498	7.75908
135952	13.3785	7.77574
135952	13.4071	7.7924
135952	13.4358	7.80907
135952	13.4644	7.82573
135952	13.4931	7.84239
135952	13.5217	7.85905
135952	13.5504	7.87572
135952	13.579	7.89238
135952	13.6077	7.90904
135952	13.6363	7.9257
135952	13.665	7.94237
135952	13.6936	7.95903
135952	13.7222	7.97569
135952	13.7509	7.99236
135952	13.7795	8.00902
135952	13.8082	8.02568
135952	13.8368	8.04234
135952	13.8655	8.05901
135952	13.8941	8.07567
135952	13.9228	8.09233
135952	13.9514	8.10899
135952	13.9801	8.12566
135952	14.0087	8.14232
135952	14.0374	8.15898
135952	14.066	8.17564
135952	14.0947	8.19231
135952	14.1233	8.20897
135952	14.152	8.22563
135952	14.1806	8.24229
135952	14.2093	8.25896
135952	14.2379	8.27562
135952	14.2665	8.29228
135952	14.2952	8.30894
135952	14.3238	8.32561
135952	14.3525	8.34227
135952	14.3811	8.35893
135952	14.4098	8.3756
135952	14.4384	8.39226
135952	14.4671	8.40892
135952	14.4957	8.42558
135952	14.5244	8.44225
135952	14.553	8.45891
135952	14.5817	8.47557
135952	14.6103	8.49223
135952	14.639	8.5089
135952	14.6676	8.52556
135952	14.6963	8.54222
135952	14.7249	8.55888
135952	14.7536	8.57555
135952	14.7822	8.59221
135952	14.8109	8.60887
135952	14.8395	8.62553
135952	14.8681	8.6422
135952	14.8968	8.65886
135952	14.9254	8.67552
135952	14.9541	8.69218
135952	14.9827	8.70885
135952	15.0114	8.72551
135952	15.04	8.74217
135952	15.0687	8.75883
135952	15.0973	8.7755
135952	15.126	8.79216
135952	15.1546	8.80882
135952	15.1833	8.82549
135952	15.2119	8.84215
135952	15.2406	8.85881
135952	15.2692	8.87547
135952	15.2979	8.89214
135952	15.3265	8.9088
135952	15.3552	8.92546
135952	15.3838	8.94212
135952	15.4124	8.95879
135952	15.4411	8.97545
135952	15.4697	8.99211
135952	15.4984	9.00877
135952	15.527	9.02544
135952	15.5557	9.0421
135952	15.5843	9.05876
135952	15.613	9.07542
135952	15.6416	9.09209
135952	15.6703	9.10875
135952	15.6989	9.12541
135952	15.7276	9.14207
135952	15.7562	9.15874
135952	15.7849	9.1754
135952	15.8135	9.19206
135952	15.8422	9.20872
135952	15.8708	9.22539
135952	15.8995	9.24205
135952	15.9281	9.25871
135952	15.9567	9.27538
135952	15.9854	9.29204
135952	16.014	9.3087
135952	16.0427	9.32536
135952	16.0713	9.34203
135952	16.1	9.35869
135952	16.1286	9.37535
135952	16.1573	9.39201
135952	16.1859	9.40868
135952	16.2146	9.42534
135952	16.2432	9.442
135952	16.2719	9.45866
135952	16.3005	9.47533
135952	16.3292	9.49199
135952	16.3578	9.50865
135952	16.3865	9.52531
135952	16.4151	9.54198
135952	16.4438	9.55864
135952	16.4724	9.5753
135952	16.5011	9.59196
135952	16.5297	9.60863
135952	16.5583	9.62529
135952	16.587	9.64195
135952	16.6156	9.65862
135952	16.6443	9.67528
135952	16.6729	9.69194
135952	16.7016	9.7086
135952	16.7302	9.72527
135952	16.7589	9.74193
135952	16.7875	9.75859
135952	16.8162	9.77525
135952	16.8448	9.79192
135952	16.8735	9.80858
135952	16.9021	9.82524
135952	16.9308	9.8419
135952	16.9594	9.85857
135952	16.9881	9.87523
135952	17.0167	9.89189
135952	17.0454	9.90855
135952	17.074	9.92522
135952	17.1026	9.94188
135952	17.1313	9.95854
135952	17.1599	9.9752
135952	17.1886	9.99187
135952	17.2172	10.0085
135952	17.2459	10.0252
135952	17.2745	10.0419
135952	17.3032	10.0585
135952	17.3318	10.0752
135952	17.3605	10.0918
135952	17.3891	10.1085
135952	17.4178	10.1252
135952	17.4464	10.1418
135952	17.4751	10.1585
135952	17.5037	10.1752
135952	17.5324	10.1918
135952	17.561	10.2085
135952	17.5897	10.2251
135952	17.6183	10.2418
135952	17.647	10.2585
135952	17.6756	10.2751
135952	17.7042	10.2918
135952	17.7329	10.3085
135952	17.7615	10.3251
135952	17.7902	10.3418
135952	17.8188	10.3584
135952	17.8475	10.3751
135952	17.8761	10.3918
135952	17.9048	10.4084
135952	17.9334	10.4251
135952	17.9621	10.4418
135952	17.9907	10.4584
135952	18.0194	10.4751
135952	18.048	10.4917
135952	18.0767	10.5084
135952	18.1053	10.5251
135952	18.134	10.5417
135952	18.1626	10.5584
135952	18.1913	10.5751
135952	18.2199	10.5917
135952	18.2485	10.6084
135952	18.2772	10.625
135952	18.3058	10.6417
135952	18.3345	10.6584
135952	18.3631	10.675
135952	18.3918	10.6917
135952	18.4204	10.7084
135952	18.4491	10.725
135952	18.4777	10.7417
135952	18.5064	10.7583
135952	18.535	10.775
135952	18.5637	10.7917
135952	18.5923	10.8083
135952	18.621	10.825
135952	18.6496	10.8417
135952	18.6783	10.8583
135952	18.7069	10.875
135952	18.7356	10.8916
135952	18.7642	10.9083
135952	18.7929	10.925
135952	18.8215	10.9416
135952	18.8501	10.9583
135952	18.8788	10.975
135952	18.9074	10.9916
135952	18.9361	11.0083
135952	18.9647	11.0249
135952	18.9934	11.0416
135952	19.022	11.0583
135952	19.0507	11.0749
135952	19.0793	11.0916
135952	19.108	11.1083
135952	19.1366	11.1249
135952	19.1653	11.1416
135952	19.1939	11.1582
135952	19.2226	11.1749
135952	19.2512	11.1916
135952	19.2799	11.2082
135952	19.3085	11.2249
135952	19.3372	11.2416
135952	19.3658	11.2582
135952	19.3944	11.2749
135952	19.4231	11.2915
135952	19.4517	11.3082
135952	19.4804	11.3249
135952	19.509	11.3415
135952	19.5377	11.3582
135952	19.5663	11.3749
135952	19.595	11.3915
135952	19.6236	11.4082
135952	19.6523	11.4249
135952	19.6809	11.4415
135952	19.7096	11.4582
135952	19.7382	11.4748
135952	19.7669	11.4915
135952	19.7955	11.5082
135952	19.8242	11.5248
135952	19.8528	11.5415
135952	19.8815	11.5582
135952	19.9101	11.5748
135952	19.9387	11.5915
135952	19.9674	11.6081
135952	19.996	11.6248
135952	20.0247	11.6415
135952	20.0533	11.6581
135952	20.082	11.6748
135952	20.1106	11.6915
135952	20.1393	11.7081
135952	20.1679	11.7248
135952	20.1966	11.7414
135952	20.2252	11.7581
135952	20.2539	11.7748
135952	20.2825	11.7914
135952	20.3112	11.8081
135952	20.3398	11.8248
135952	20.3685	11.8414
135952	20.3971	11.8581
135952	20.4258	11.8747
135952	20.4544	11.8914
135952	20.4831	11.9081
135952	20.5117	11.9247
135952	20.5403	11.9414
135952	20.569	11.9581
135952	20.5976	11.9747
135952	20.6263	11.9914
135952	20.6549	12.008
135952	20.6836	12.0247
135952	20.7122	12.0414
135952	20.7409	12.058
135952	20.7695	12.0747
135952	20.7982	12.0914
135952	20.8268	12.108
135952	20.8555	12.1247
135952	20.8841	12.1413
135952	20.9128	12.158
135952	20.9414	12.1747
135952	20.9701	12.1913
135952	20.9987	12.208
135952	21.0274	12.2247
135952	21.056	12.2413
135952	21.0846	12.258
135952	21.1133	12.2746
135952	21.1419	12.2913
135952	21.1706	12.308
135952	21.1992	12.3246
135952	21.2279	12.3413
135952	21.2565	12.358
135952	21.2852	12.3746
135952	21.3138	12.3913
135952	21.3425	12.4079
135952	21.3711	12.4246
135952	21.3998	12.4413
135952	21.4284	12.4579
135952	21.4571	12.4746
135952	21.4857	12.4913
135952	21.5144	12.5079
135952	21.543	12.5246
135952	21.5717	12.5412
135952	21.6003	12.5579
135952	21.629	12.5746
135952	21.6576	12.5912
135952	21.6862	12.6079
135952	21.7149	12.6246
135952	21.7435	12.6412
135952	21.7722	12.6579
135952	21.8008	12.6745
135952	21.8295	12.6912
135952	21.8581	12.7079
135952	21.8868	12.7245
135952	21.9154	12.7412
135952	21.9441	12.7579
135952	21.9727	12.7745
135952	22.0014	12.7912
135952	22.03	12.8078
135952	22.0587	12.8245
135952	22.0873	12.8412
135952	22.116	12.8578
135952	22.1446	12.8745
135952	22.1733	12.8912
135952	22.2019	12.9078
135952	22.2305	12.9245
135952	22.2592	12.9411
135952	22.2878	12.9578
135952	22.3165	12.9745
135952	22.3451	12.9911
135952	22.3738	13.0078
135952	22.4024	13.0245
135952	22.4311	13.0411
135952	22.4597	13.0578
135952	22.4884	13.0744
135952	22.517	13.0911
135952	22.5457	13.1078
135952	22.5743	13.1244
135952	22.603	13.1411
135952	22.6316	13.1578
135952	22.6603	13.1744
135952	22.6889	13.1911
135952	22.7176	13.2077
135952	22.7462	13.2244
135952	22.7749	13.2411
135952	22.8035	13.2577
135952	22.8321	13.2744
135952	22.8608	13.2911
135952	22.8894	13.3077
135952	22.9181	13.3244
135952	22.9467	13.341
135952	22.9754	13.3577
135952	23.004	13.3744
135952	23.0327	13.391
135952	23.0613	13.4077
135952	23.09	13.4244
135952	23.1186	13.441
135952	23.1473	13.4577
135952	23.1759	13.4743
135952	23.2046	13.491
135952	23.2332	13.5077
135952	23.2619	13.5243
135952	23.2905	13.541
135952	23.3192	13.5577
135952	23.3478	13.5743
135952	23.3764	13.591
135952	23.4051	13.6077
135952	23.4337	13.6243
135952	23.4624	13.641
135952	23.491	13.6576
135952	23.5197	13.6743
135952	23.5483	13.691
135952	23.577	13.7076
135952	23.6056	13.7243
135952	23.6343	13.741
135952	23.6629	13.7576
135952	23.6916	13.7743
135952	23.7202	13.7909
135952	23.7489	13.8076
135952	23.7775	13.8243
135952	23.8062	13.8409
135952	23.8348	13.8576
135952	23.8635	13.8743
135952	23.8921	13.8909
135952	23.9207	13.9076
135952	23.9494	13.9242
135952	23.978	13.9409
135952	24.0067	13.9576
135952	24.0353	13.9742
135952	24.064	13.9909
135952	24.0926	14.0076
135952	24.1213	14.0242
135952	24.1499	14.0409
135952	24.1786	14.0575
135952	24.2072	14.0742
135952	24.2359	14.0909
135952	24.2645	14.1075
135952	24.2932	14.1242
135952	24.3218	14.1409
135952	24.3505	14.1575
135952	24.3791	14.1742
135952	24.4078	14.1908
135952	24.4364	14.2075
135952	24.4651	14.2242
135952	24.4937	14.2408
135952	24.5223	14.2575
135952	24.551	14.2742
135952	24.5796	14.2908
135952	24.6083	14.3075
135952	24.6369	14.3241
135952	24.6656	14.3408
135952	24.6942	14.3575
135952	24.7229	14.3741
135952	24.7515	14.3908
135952	24.7802	14.4075
135952	24.8088	14.4241
135952	24.8375	14.4408
135952	24.8661	14.4574
135952	24.8948	14.4741
135952	24.9234	14.4908
135952	24.9521	14.5074
135952	24.9807	14.5241
135952	25.0094	14.5408
135952	25.038	14.5574
135952	25.0666	14.5741
135952	25.0953	14.5907
135952	25.1239	14.6074
135952	25.1526	14.6241
135952	25.1812	14.6407
135952	25.2099	14.6574
135952	25.2385	14.6741
135952	25.2672	14.6907
135952	25.2958	14.7074
135952	25.3245	14.724
135952	25.3531	14.7407
135952	25.3818	14.7574
135952	25.4104	14.774
135952	25.4391	14.7907
135952	25.4677	14.8074
135952	25.4964	14.824
135952	25.525	14.8407
135952	25.5537	14.8573
135952	25.5823	14.874
135952	25.611	14.8907
135952	25.6396	14.9073
135952	25.6682	14.924
135952	25.6969	14.9407
135952	25.7255	14.9573
135952	25.7542	14.974
135952	25.7828	14.9906
135952	25.8115	15.0073
135952	25.8401	15.024
135952	25.8688	15.0406
135952	25.8974	15.0573
135952	25.9261	15.074
135952	25.9547	15.0906
135952	25.9834	15.1073
135952	26.012	15.1239
135952	26.0407	15.1406
135952	26.0693	15.1573
135952	26.098	15.1739
135952	26.1266	15.1906
135952	26.1553	15.2073
135952	26.1839	15.2239
135952	26.2125	15.2406
135952	26.2412	15.2572
135952	26.2698	15.2739
135952	26.2985	15.2906
135952	26.3271	15.3072
135952	26.3558	15.3239
135952	26.3844	15.3406
135952	26.4131	15.3572
135952	26.4417	15.3739
135952	26.4704	15.3905
135952	26.499	15.4072
135952	26.5277	15.4239
135952	26.5563	15.4405
135952	26.585	15.4572
135952	26.6136	15.4739
135952	26.6423	15.4905
135952	26.6709	15.5072
135952	26.6996	15.5238
135952	26.7282	15.5405
135952	26.7568	15.5572
135952	26.7855	15.5738
135952	26.8141	15.5905
135952	26.8428	15.6072
135952	26.8714	15.6238
135952	26.9001	15.6405
135952	26.9287	15.6572
135951	26.9574	15.6738
135951	26.986	15.6905
135951	27.0147	15.7071
135951	27.0433	15.7238
135951	27.072	15.7405
135951	27.1006	15.7571
135951	27.1293	15.7738
135951	27.1579	15.7905
135950	27.1866	15.8071
135950	27.2152	15.8238
135950	27.2439	15.8404
135950	27.2725	15.8571
135950	27.3012	15.8738
135950	27.3298	15.8904
135950	27.3584	15.9071
135950	27.3871	15.9238
135950	27.4157	15.9404
135950	27.4444	15.9571
135950	27.473	15.9737
135950	27.5017	15.9904
135950	27.5303	16.0071
135950	27.559	16.0237
135950	27.5876	16.0404
135950	27.6163	16.0571
135950	27.6449	16.0737
135950	27.6736	16.0904
135950	27.7022	16.107
135950	27.7309	16.1237
135950	27.7595	16.1404
135950	27.7882	16.157
135950	27.8168	16.1737
135950	27.8455	16.1904
135950	27.8741	16.207
135950	27.9028	16.2237
135950	27.9314	16.2403
135950	27.96	16.257
135950	27.9887	16.2737
135950	28.0173	16.2903
135950	28.046	16.307
135950	28.0746	16.3237
135950	28.1033	16.3403
135950	28.1319	16.357
135950	28.1606	16.3736
135950	28.1892	16.3903
135950	28.2179	16.407
135950	28.2465	16.4236
135950	28.2752	16.4403
135950	28.3038	16.457
135950	28.3325	16.4736
135950	28.3611	16.4903
135950	28.3898	16.5069
135950	28.4184	16.5236
135950	28.4471	16.5403
135950	28.4757	16.5569
135950	28.5043	16.5736
135950	28.533	16.5903
135950	28.5616	16.6069
135950	28.5903	16.6236
135950	28.6189	16.6402
135950	28.6476	16.6569
135950	28.6762	16.6736
135950	28.7049	16.6902
135950	28.7335	16.7069
135950	28.7622	16.7236
135950	28.7908	16.7402
135950	28.8195	16.7569
135950	28.8481	16.7735
135950	28.8768	16.7902
135950	28.9054	16.8069
135950	28.9341	16.8235
135950	28.9627	16.8402
135950	28.9914	16.8569
135950	29.02	16.8735
135950	29.0487	16.8902
135950	29.0773	16.9068
135950	29.106	16.9235
135950	29.1346	16.9402
135950	29.1633	16.9568
135950	29.1919	16.9735
135950	29.2206	16.9902
135950	29.2492	17.0068
135950	29.2779	17.0235
135950	29.3065	17.0401
135950	29.3352	17.0568
135950	29.3638	17.0735
135950	29.3925	17.0901
135950	29.4211	17.1068
135950	29.4498	17.1235
135950	29.4784	17.1401
135950	29.5071	17.1568
135950	29.5357	17.1734
135950	29.5644	17.1901
135950	29.593	17.2068
135950	29.6217	17.2234
135950	29.6503	17.2401
135950	29.679	17.2568
135950	29.7076	17.2734
135950	29.7363	17.2901
135950	29.7649	17.3067
135950	29.7936	17.3234
135950	29.8222	17.3401
135950	29.8508	17.3567
135950	29.8795	17.3734
135950	29.9081	17.3901
135950	29.9368	17.4067
135950	29.9654	17.4234
135950	29.9941	17.44
135950	30.0227	17.4567
135950	30.0514	17.4734
135950	30.08	17.49
135950	30.1087	17.5067
135950	30.1373	17.5234
135950	30.166	17.54
135950	30.1946	17.5567
135950	30.2233	17.5733
135950	30.2519	17.59
135950	30.2806	17.6067
135950	30.3092	17.6233
135950	30.3379	17.64
135950	30.3665	17.6567
135950	30.3952	17.6733
135950	30.4238	17.69
135950	30.4525	17.7066
135950	30.4811	17.7233
135950	30.5098	17.74
135950	30.5384	17.7566
135950	30.5671	17.7733
135950	30.5957	17.79
135950	30.6244	17.8066
135950	30.653	17.8233
135950	30.6817	17.84
135950	30.7103	17.8566
135950	30.739	17.8733
135950	30.7676	17.8899
135950	30.7963	17.9066
135949	30.8249	17.9233
135949	30.8536	17.9399
135949	30.8822	17.9566
135949	30.9109	17.9733
135949	30.9395	17.9899
135949	30.9682	18.0066
135949	30.9968	18.0232
135949	31.0255	18.0399
135949	31.0541	18.0566
135949	31.0828	18.0732
135949	31.1114	18.0899
135949	31.1401	18.1066
135949	31.1687	18.1232
135949	31.1974	18.1399
135949	31.226	18.1565
135949	31.2547	18.1732
135949	31.2833	18.1899
135949	31.312	18.2065
135949	31.3406	18.2232
135949	31.3693	18.2399
135949	31.3979	18.2565
135949	31.4266	18.2732
135949	31.4552	18.2898
135949	31.4839	18.3065
135949	31.5125	18.3232
135949	31.5412	18.3398
135949	31.5698	18.3565
135949	31.5984	18.3732
135949	31.6271	18.3898
135949	31.6557	18.4065
135949	31.6844	18.4231
135949	31.713	18.4398
135949	31.7417	18.4565
135949	31.7703	18.4731
135949	31.799	18.4898
135949	31.8276	18.5065
135949	31.8563	18.5231
135948	31.8849	18.5398
135948	31.9136	18.5564
135948	31.9422	18.5731
135948	31.9709	18.5898
135948	31.9995	18.6064
135948	32.0282	18.6231
135948	32.0568	18.6398
135948	32.0855	18.6564
135948	32.1141	18.6731
135948	32.1428	18.6897
135948	32.1714	18.7064
135948	32.2001	18.7231
135948	32.2287	18.7397
135948	32.2574	18.7564
135948	32.286	18.7731
135948	32.3147	18.7897
135948	32.3433	18.8064
135948	32.372	18.823
135948	32.4006	18.8397
135948	32.4293	18.8564
135948	32.4579	18.873
135948	32.4866	18.8897
135948	32.5152	18.9064
135948	32.5439	18.923
135948	32.5725	18.9397
135948	32.6012	18.9563
135948	32.6298	18.973
135948	32.6585	18.9897
135948	32.6871	19.0063
135948	32.7158	19.023
135948	32.7444	19.0397
135948	32.7731	19.0563
135948	32.8017	19.073
135948	32.8304	19.0896
135948	32.859	19.1063
135948	32.8877	19.123
135948	32.9163	19.1396
135948	32.945	19.1563
135948	32.9736	19.173
135948	33.0023	19.1896
135948	33.0309	19.2063
135948	33.0596	19.2229
135948	33.0882	19.2396
135948	33.1169	19.2563
135948	33.1455	19.2729
135948	33.1742	19.2896
135948	33.2028	19.3063
135948	33.2315	19.3229
135948	33.2601	19.3396
135948	33.2888	19.3562
135948	33.3174	19.3729
135948	33.3461	19.3896
135948	33.3747	19.4062
135948	33.4034	19.4229
135948	33.432	19.4396
135948	33.4606	19.4562
135948	33.4893	19.4729
135948	33.5179	19.4895
135948	33.5466	19.5062
135948	33.5752	19.5229
135948	33.6039	19.5395
135948	33.6325	19.5562
135948	33.6612	19.5729
135948	33.6898	19.5895
135948	33.7185	19.6062
135948	33.7471	19.6228
135948	33.7758	19.6395
135948	33.8044	19.6562
135948	33.8331	19.6728
135948	33.8617	19.6895
135948	33.8904	19.7062
135948	33.919	19.7228
135948	33.9477	19.7395
135948	33.9763	19.7561
135948	34.005	19.7728
135948	34.0336	19.7895
135948	34.0623	19.8061
135948	34.0909	19.8228
135948	34.1196	19.8395
135948	34.1482	19.8561
135948	34.1769	19.8728
135948	34.2055	19.8895
135948	34.2342	19.9061
135948	34.2628	19.9228
135948	34.2915	19.9394
135948	34.3201	19.9561
135948	34.3488	19.9728
135948	34.3774	19.9894
135948	34.4061	20.0061
135948	34.4347	20.0228
135948	34.4634	20.0394
135948	34.492	20.0561
135948	34.5207	20.0727
135948	34.5493	20.0894
135948	34.578	20.1061
135948	34.6066	20.1227
135948	34.6353	20.1394
135948	34.6639	20.1561
135948	34.6926	20.1727
135948	34.7212	20.1894
135948	34.7499	20.206
135948	34.7785	20.2227
135948	34.8072	20.2394
135948	34.8358	20.256
135948	34.8645	20.2727
135948	34.8931	20.2894
135948	34.9218	20.306
135948	34.9504	20.3227
135948	34.9791	20.3393
135948	35.0077	20.356
135948	35.0364	20.3727
135948	35.065	20.3893
135948	35.0937	20.406
135948	35.1223	20.4227
135948	35.151	20.4393
135948	35.1796	20.456
135948	35.2082	20.4726
135948	35.2369	20.4893
135948	35.2655	20.506
135948	35.2942	20.5226
135948	35.3228	20.5393
135948	35.3515	20.556
135948	35.3801	20.5726
135948	35.4088	20.5893
135948	35.4374	20.6059
135948	35.4661	20.6226
135948	35.4947	20.6393
135948	35.5234	20.6559
135948	35.552	20.6726
135948	35.5807	20.6893
135948	35.6093	20.7059
135948	35.638	20.7226
135948	35.6666	20.7392
135948	35.6953	20.7559
135948	35.7239	20.7726
135948	35.7526	20.7892
135948	35.7812	20.8059
135948	35.8099	20.8226
135948	35.8385	20.8392
135948	35.8672	20.8559
135948	35.8958	20.8725
135948	35.9245	20.8892
135948	35.9531	20.9059
135948	35.9818	20.9225
135948	36.0104	20.9392
135948	36.0391	20.9559
135948	36.0677	20.9725
135948	36.0964	20.9892
135948	36.125	21.0058
135948	36.1537	21.0225
135948	36.1823	21.0392
135948	36.211	21.0558
135948	36.2396	21.0725
135948	36.2683	21.0892
135948	36.2969	21.1058
135948	36.3256	21.1225
135948	36.3542	21.1391
135948	36.3829	21.1558
135948	36.4115	21.1725
135948	36.4402	21.1891
135948	36.4688	21.2058
135948	36.4975	21.2225
135948	36.5261	21.2391
135948	36.5548	21.2558
135948	36.5834	21.2724
135948	36.6121	21.2891
135948	36.6407	21.3058
135948	36.6694	21.3224
135948	36.698	21.3391
135948	36.7267	21.3558
135948	36.7553	21.3724
135948	36.784	21.3891
135948	36.8126	21.4057
135948	36.8413	21.4224
135948	36.8699	21.4391
135948	36.8985	21.4557
135948	36.9272	21.4724
135948	36.9558	21.4891
135948	36.9845	21.5057
135948	37.0131	21.5224
135948	37.0418	21.539
135948	37.0704	21.5557
135948	37.0991	21.5724
135948	37.1277	21.589
135948	37.1564	21.6057
135948	37.185	21.6224
135948	37.2137	21.639
135948	37.2423	21.6557
135948	37.271	21.6723
135948	37.2996	21.689
135948	37.3283	21.7057
135948	37.3569	21.7223
135948	37.3856	21.739
135948	37.4142	21.7557
135948	37.4429	21.7723
135948	37.4715	21.789
135948	37.5002	21.8056
135948	37.5288	21.8223
135948	37.5575	21.839
135948	37.5861	21.8556
135948	37.6148	21.8723
135948	37.6434	21.889
135948	37.6721	21.9056
135948	37.7007	21.9223
135948	37.7294	21.9389
135948	37.758	21.9556
135948	37.7867	21.9723
135948	37.8153	21.9889
135948	37.844	22.0056
135948	37.8726	22.0223
135948	37.9013	22.0389
135948	37.9299	22.0556
135948	37.9586	22.0723
135948	37.9872	22.0889
135948	38.0159	22.1056
135948	38.0445	22.1222
135948	38.0732	22.1389
135948	38.1018	22.1556
135948	38.1305	22.1722
135948	38.1591	22.1889
135948	38.1878	22.2056
135948	38.2164	22.2222
135948	38.2451	22.2389
135948	38.2737	22.2555
135948	38.3024	22.2722
135948	38.331	22.2889
135948	38.3597	22.3055
135948	38.3883	22.3222
135948	38.417	22.3389
135948	38.4456	22.3555
135948	38.4743	22.3722
135948	38.5029	22.3888
135948	38.5316	22.4055
135948	38.5602	22.4222
135948	38.5889	22.4388
135948	38.6175	22.4555
135948	38.6461	22.4722
135948	38.6748	22.4888
135948	38.7034	22.5055
135948	38.7321	22.5221
135948	38.7607	22.5388
135948	38.7894	22.5555
135948	38.818	22.5721
135948	38.8467	22.5888
135948	38.8753	22.6055
135948	38.904	22.6221
135948	38.9326	22.6388
135948	38.9613	22.6554
135948	38.9899	22.6721
135948	39.0186	22.6888
135948	39.0472	22.7054
135948	39.0759	22.7221
135948	39.1045	22.7388
135948	39.1332	22.7554
135948	39.1618	22.7721
135948	39.1905	22.7887
135948	39.2191	22.8054
135948	39.2478	22.8221
135948	39.2764	22.8387
135948	39.3051	22.8554
135948	39.3337	22.8721
135948	39.3624	22.8887
135947	39.391	22.9054
135947	39.4197	22.922
135947	39.4483	22.9387
135947	39.477	22.9554
135947	39.5056	22.972
135947	39.5343	22.9887
135947	39.5629	23.0054
135947	39.5916	23.022
135947	39.6202	23.0387
135947	39.6489	23.0553
135947	39.6775	23.072
135947	39.7062	23.0887
135947	39.7348	23.1053
135947	39.7635	23.122
135947	39.7921	23.1387
135947	39.8208	23.1553
135947	39.8494	23.172
135947	39.8781	23.1886
135947	39.9067	23.2053
135947	39.9354	23.222
135947	39.964	23.2386
135947	39.9927	23.2553
135947	40.0213	23.272
135947	40.05	23.2886
135947	40.0786	23.3053
135947	40.1073	23.3219
135947	40.1359	23.3386
135947	40.1646	23.3553
135947	40.1932	23.3719
135947	40.2219	23.3886
135947	40.2505	23.4053
135947	40.2792	23.4219
135947	40.3078	23.4386
135947	40.3365	23.4552
135947	40.3651	23.4719
135946	40.3937	23.4886
135946	40.4224	23.5052
135946	40.451	23.5219
135946	40.4797	23.5386
135946	40.5083	23.5552
135946	40.537	23.5719
135946	40.5656	23.5885
135946	40.5943	23.6052
135946	40.6229	23.6219
135946	40.6516	23.6385
135946	40.6802	23.6552
135946	40.7089	23.6719
135946	40.7375	23.6885
135946	40.7662	23.7052
135946	40.7948	23.7218
135946	40.8235	23.7385
135946	40.8521	23.7552
135946	40.8808	23.7718
135946	40.9094	23.7885
135946	40.9381	23.8052
135946	40.9667	23.8218
135946	40.9954	23.8385
135946	41.024	23.8551
135946	41.0527	23.8718
135946	41.0813	23.8885
135946	41.11	23.9051
135946	41.1386	23.9218
135946	41.1673	23.9385
135946	41.1959	23.9551
135946	41.2246	23.9718
135946	41.2532	23.9884
135946	41.2819	24.0051
135946	41.3105	24.0218
135946	41.3392	24.0384
135946	41.3678	24.0551
135946	41.3965	24.0718
135946	41.4251	24.0884
135946	41.4538	24.1051
135946	41.4824	24.1217
135946	41.5111	24.1384
135946	41.5397	24.1551
135946	41.5684	24.1717
135946	41.597	24.1884
135946	41.6257	24.2051
135946	41.6543	24.2217
135945	41.683	24.2384
135945	41.7116	24.2551
135945	41.7403	24.2717
135945	41.7689	24.2884
135945	41.7976	24.305
135945	41.8262	24.3217
135945	41.8549	24.3384
135945	41.8835	24.355
135945	41.9122	24.3717
135945	41.9408	24.3884
135945	41.9695	24.405
135945	41.9981	24.4217
135945	42.0268	24.4383
135945	42.0554	24.455
135945	42.0841	24.4717
135945	42.1127	24.4883
135945	42.1413	24.505
135945	42.17	24.5217
135945	42.1987	24.5383
135942	42.2273	24.555
135936	42.2559	24.5716
135936	42.2846	24.5883
135936	42.3132	24.605
135933	42.3419	24.6216
135929	42.3705	24.6383
135929	42.3992	24.655
135929	42.4278	24.6716
135929	42.4565	24.6883
135929	42.4851	24.7049
135928	42.5138	24.7216
135924	42.5424	24.7383
135909	42.5711	24.7549
135896	42.5997	24.7716
135892	42.6284	24.7883
135892	42.657	24.8049
135892	42.6857	24.8216
135892	42.7143	24.8382
135892	42.743	24.8549
135887	42.7716	24.8716
135876	42.8003	24.8882
135868	42.8289	24.9049
135864	42.8576	24.9216
135854	42.8862	24.9382
135843	42.9149	24.9549
135839	42.9435	24.9715
135827	42.9722	24.9882
135815	43.0008	25.0049
135805	43.0295	25.0215
135796	43.0581	25.0382
135791	43.0868	25.0549
135780	43.1154	25.0715
135773	43.1441	25.0882
135772	43.1727	25.1048
135765	43.2014	25.1215
135749	43.23	25.1382
135739	43.2587	25.1548
135731	43.2873	25.1715
135724	43.316	25.1882
135713	43.3446	25.2048
135702	43.3733	25.2215
135695	43.4019	25.2381
135683	43.4306	25.2548
135674	43.4592	25.2715
135667	43.4879	25.2881
135666	43.5165	25.3048
135659	43.5452	25.3215
135648	43.5738	25.3381
135635	43.6025	25.3548
135625	43.6311	25.3714
135613	43.6598	25.3881
135603	43.6884	25.4048
135593	43.7171	25.4214
135583	43.7457	25.4381
135578	43.7744	25.4548
135564	43.803	25.4714
135556	43.8317	25.4881
135545	43.8603	25.5047
135539	43.889	25.5214
135518	43.9176	25.5381
135509	43.9463	25.5547
135493	43.9749	25.5714
135487	44.0035	25.5881
135476	44.0322	25.6047
135467	44.0608	25.6214
135450	44.0895	25.638
135438	44.1181	25.6547
135429	44.1468	25.6714
135416	44.1754	25.688
135403	44.2041	25.7047
135391	44.2327	25.7214
135373	44.2614	25.738
135366	44.29	25.7547
135351	44.3187	25.7713
135337	44.3473	25.788
135322	44.376	25.8047
135312	44.4046	25.8213
135293	44.4333	25.838
135284	44.4619	25.8547
135265	44.4906	25.8713
135256	44.5192	25.888
135237	44.5479	25.9046
135228	44.5765	25.9213
135214	44.6052	25.938
135195	44.6338	25.9546
135179	44.6625	25.9713
135163	44.6911	25.988
135145	44.7198	26.0046
135129	44.7484	26.0213
135112	44.7771	26.0379
135100	44.8057	26.0546
135080	44.8344	26.0713
135062	44.863	26.0879
135046	44.8917	26.1046
135031	44.9203	26.1213
135015	44.949	26.1379
134989	44.9776	26.1546
134970	45.0063	26.1712
134956	45.0349	26.1879
134947	45.0636	26.2046
134921	45.0922	26.2212
134908	45.1209	26.2379
134889	45.1495	26.2546
134864	45.1782	26.2712
134842	45.2068	26.2879
134835	45.2355	26.3046
134806	45.2641	26.3212
134790	45.2928	26.3379
134766	45.3214	26.3545
134749	45.3501	26.3712
134716	45.3787	26.3879
134699	45.4074	26.4045
134686	45.436	26.4212
134665	45.4647	26.4379
134640	45.4933	26.4545
134621	45.522	26.4712
134603	45.5506	26.4878
134580	45.5793	26.5045
134563	45.6079	26.5212
134539	45.6366	26.5378
134513	45.6652	26.5545
134483	45.6939	26.5712
134462	45.7225	26.5878
134449	45.7511	26.6045
134425	45.7798	26.6211
134398	45.8084	26.6378
134377	45.8371	26.6545
134362	45.8657	26.6711
134337	45.8944	26.6878
134309	45.923	26.7045
134286	45.9517	26.7211
134276	45.9517	26.7378
134239	45.9517	26.7544
134227	45.9517	26.7711
134195	45.9517	26.7878
134169	45.9517	26.8044
134150	45.9517	26.8211
134122	45.9517	26.8378
134098	45.9517	26.8544
134076	45.9517	26.8711
134056	45.9517	26.8877
134026	45.9517	26.9044
134009	45.9517	26.9211
133988	45.9517	26.9377
133969	45.923	26.9544
133924	45.8944	26.9711
133907	45.8657	26.9877
133883	45.8371	27.0044
133863	45.8084	27.021
133842	45.7798	27.0377
133818	45.7511	27.0544
133783	45.7225	27.071
133766	45.6939	27.0877
133734	45.6652	27.1044
133712	45.6366	27.121
133693	45.6079	27.1377
133666	45.5793	27.1543
133641	45.5506	27.171
133607	45.522	27.1877
133584	45.4933	27.2043
133567	45.4647	27.221
133545	45.436	27.2377
133494	45.4074	27.2543
133477	45.3787	27.271
133450	45.3501	27.2876
133424	45.3214	27.3043
133395	45.2928	27.321
133355	45.2641	27.3376
133318	45.2355	27.3543
133305	45.2068	27.371
133281	45.1782	27.3876
133245	45.1495	27.4043
133221	45.1209	27.4209
133186	45.0922	27.4376
133164	45.0636	27.4543
133130	45.0349	27.4709
133100	45.0063	27.4876
133068	44.9776	27.5043
133049	44.949	27.5209
133015	44.9203	27.5376
132983	44.8917	27.5542
132951	44.863	27.5709
132918	44.8344	27.5876
132890	44.8057	27.6042
132852	44.7771	27.6209
132819	44.7484	27.6376
132779	44.7198	27.6542
132747	44.6911	27.6709
132712	44.6625	27.6875
132678	44.6338	27.7042
132650	44.6052	27.7209
132626	44.5765	27.7375
132607	44.5479	27.7542
132558	44.5192	27.7709
132530	44.4906	27.7875
132492	44.4619	27.8042
132471	44.4333	27.8208
132440	44.4046	27.8375
132399	44.376	27.8542
132371	44.3473	27.8708
132340	44.3187	27.8875
132298	44.29	27.9042
132268	44.2614	27.9208
132238	44.2327	27.9375
132200	44.2041	27.9541
132169	44.1754	27.9708
132144	44.1468	27.9875
132112	44.1181	28.0041
132070	44.0895	28.0208
132036	44.0608	28.0375
131995	44.0322	28.0541
131965	44.0035	28.0708
131934	43.9749	28.0874
131900	43.9463	28.1041
131871	43.9176	28.1208
131840	43.889	28.1374
131786	43.8603	28.1541
131763	43.8317	28.1708
131724	43.803	28.1874
131695	43.7744	28.2041
131654	43.7457	28.2207
131620	43.7171	28.2374
131583	43.6884	28.2541
131551	43.6598	28.2707
131511	43.6311	28.2874
131475	43.6025	28.3041
131446	43.5738	28.3207
131406	43.5452	28.3374
131376	43.5165	28.354
131335	43.4879	28.3707
131311	43.4592	28.3874
131273	43.4306	28.404
131240	43.4019	28.4207
131212	43.3733	28.4374
131167	43.3446	28.454
131135	43.316	28.4707
131108	43.2873	28.4874
131069	43.2587	28.504
131039	43.23	28.5207
130995	43.2014	28.5373
130957	43.1727	28.554
130926	43.1441	28.5707
130900	43.1154	28.5873
130866	43.0868	28.604
130834	43.0581	28.6207
130804	43.0295	28.6373
130764	43.0008	28.654
130724	42.9722	28.6706
130696	42.9435	28.6873
130668	42.9149	28.704
130637	42.8862	28.7206
130603	42.8576	28.7373
130572	42.8289	28.754
130551	42.8003	28.7706
130511	42.7716	28.7873
130475	42.743	28.8039
130449	42.7143	28.8206
130409	42.6857	28.8373
130376	42.657	28.8539
130350	42.6284	28.8706
130324	42.5997	28.8873
130288	42.5711	28.9039
130264	42.5424	28.9206
130229	42.5138	28.9372
130195	42.4851	28.9539
130166	42.4565	28.9706
130146	42.4278	28.9872
130107	42.3992	29.0039
130083	42.3705	29.0206
130058	42.3419	29.0372
130027	42.3132	29.0539
129995	42.2846	29.0705
129973	42.2559	29.0872
129933	42.2273	29.1039
129913	42.1987	29.1205
129880	42.17	29.1372
129861	42.1413	29.1539
129821	42.1127	29.1705
129796	42.0841	29.1872
129773	42.0554	29.2038
129755	42.0268	29.2205
129721	41.9981	29.2372
129694	41.9695	29.2538
129660	41.9408	29.2705
129639	41.9122	29.2872
129621	41.8835	29.3038
129592	41.8549	29.3205
129567	41.8262	29.3371
129543	41.7976	29.3538
129514	41.7689	29.3705
129492	41.7403	29.3871
129463	41.7116	29.4038
129440	41.683	29.4205
129408	41.6543	29.4371
129397	41.6257	29.4538
129365	41.597	29.4704
129344	41.5684	29.4871
129327	41.5397	29.5038
129296	41.5111	29.5204
129274	41.4824	29.5371
129254	41.4538	29.5538
129233	41.4251	29.5704
129212	41.3965	29.5871
129195	41.3678	29.6037
129158	41.3392	29.6204
129142	41.3105	29.6371
129122	41.2819	29.6537
129101	41.2532	29.6704
129075	41.2246	29.6871
129060	41.1959	29.7037
129048	41.1673	29.7204
129017	41.1386	29.737
129005	41.11	29.7537
128982	41.0813	29.7704
128966	41.0527	29.787
128945	41.024	29.8037
128923	40.9954	29.8204
128897	40.9667	29.837
128887	40.9381	29.8537
128863	40.9094	29.8703
128850	40.8808	29.887
128827	40.8521	29.9037
128808	40.8235	29.9203
128799	40.7948	29.937
128785	40.7662	29.9537
128766	40.7375	29.9703
128743	40.7089	29.987
128731	40.6802	30.0036
128711	40.6516	30.0203
128704	40.6229	30.037
128671	40.5943	30.0536
128667	40.5656	30.0703
128655	40.537	30.087
128637	40.5083	30.1036
128618	40.4797	30.1203
128608	40.451	30.1369
128585	40.4224	30.1536
128575	40.3937	30.1703
128558	40.3651	30.1869
128543	40.3365	30.2036
128525	40.3078	30.2203
128516	40.2792	30.2369
128492	40.2505	30.2536
128489	40.2219	30.2702
128474	40.1932	30.2869
128457	40.1646	30.3036
128449	40.1359	30.3202
128437	40.1073	30.3369
128425	40.0786	30.3536
128409	40.05	30.3702
128398	40.0213	30.3869
128382	39.9927	30.4035
128369	39.964	30.4202
128352	39.9354	30.4369
128346	39.9067	30.4535
128330	39.8781	30.4702
128319	39.8494	30.4869
128309	39.8208	30.5035
128299	39.7921	30.5202
128287	39.7635	30.5368
128274	39.7348	30.5535
128260	39.7062	30.5702
128250	39.6775	30.5868
128240	39.6489	30.6035
128227	39.6202	30.6202
128216	39.5916	30.6368
128204	39.5629	30.6535
128194	39.5343	30.6702
128182	39.5056	30.6868
128172	39.477	30.7035
128158	39.4483	30.7201
128152	39.4197	30.7368
128144	39.391	30.7535
128135	39.3624	30.7701
128123	39.3337	30.7868
128115	39.3051	30.8035
128104	39.2764	30.8201
128094	39.2478	30.8368
128084	39.2191	30.8534
128074	39.1905	30.8701
128070	39.1618	30.8868
128060	39.1332	30.9034
128053	39.1045	30.9201
128047	39.0759	30.9368
128035	39.0472	30.9534
128022	39.0186	30.9701
128015	38.9899	30.9867
128015	38.9613	31.0034
128011	38.9326	31.0201
127999	38.904	31.0367
127987	38.8753	31.0534
127986	38.8467	31.0701
127979	38.818	31.0867
127969	38.7894	31.1034
127961	38.7607	31.12
127946	38.7321	31.1367
127938	38.7034	31.1534
127930	38.6748	31.17
127924	38.6461	31.1867
127924	38.6175	31.2034
127923	38.5889	31.22
127911	38.5602	31.2367
127900	38.5316	31.2533
127884	38.5029	31.27
127880	38.4743	31.2867
127880	38.4456	31.3033
127880	38.417	31.32
127876	38.3883	31.3367
127860	38.3597	31.3533
127843	38.331	31.37
127832	38.3024	31.3866
127831	38.2737	31.4033
127831	38.2451	31.42
127827	38.2164	31.4366
127819	38.1878	31.4533
127811	38.1591	31.47
127810	38.1305	31.4866
127810	38.1018	31.5033
127810	38.0732	31.5199
127810	38.0445	31.5366
127810	38.0159	31.5533
127805	37.9872	31.5699
127802	37.9586	31.5866
127792	37.9299	31.6033
127789	37.9013	31.6199
127786	37.8726	31.6366
127778	37.844	31.6532
127772	37.8153	31.6699
127768	37.7867	31.6866
127768	37.758	31.7032
127768	37.7294	31.7199
127766	37.7007	31.7366
127763	37.6721	31.7532
127759	37.6434	31.7699
127747	37.6148	31.7865
127734	37.5861	31.8032
127730	37.5575	31.8199
127728	37.5288	31.8365
127728	37.5002	31.8532
127723	37.4715	31.8699
127717	37.4429	31.8865
127716	37.4142	31.9032
127709	37.3856	31.9198
127707	37.3569	31.9365
127700	37.3283	31.9532
127699	37.2996	31.9698
127699	37.271	31.9865
127699	37.2423	32.0032
127696	37.2137	32.0198
127687	37.185	32.0365
127676	37.1564	32.0531
127672	37.1277	32.0698
127670	37.0991	32.0865
127670	37.0704	32.1031
127670	37.0418	32.1198
127665	37.0131	32.1365
127659	36.9845	32.1531
127649	36.9558	32.1698
127637	36.9272	32.1864
127635	36.8985	32.2031
127635	36.8699	32.2198
127635	36.8413	32.2364
127635	36.8126	32.2531
127635	36.784	32.2698
127635	36.7553	32.2864
127635	36.7267	32.3031
127634	36.698	32.3197
127634	36.6694	32.3364
127623	36.6407	32.3531
127623	36.6121	32.3697
127610	36.5834	32.3864
127607	36.5548	32.4031
127607	36.5261	32.4197
127607	36.4975	32.4364
127605	36.4688	32.453
127595	36.4402	32.4697
127595	36.4115	32.4864
127595	36.3829	32.503
127595	36.3542	32.5197
127595	36.3256	32.5364
127593	36.2969	32.553
127593	36.2683	32.5697
127590	36.2396	32.5863
127590	36.211	32.603
127590	36.1823	32.6197
127590	36.1537	32.6363
127590	36.125	32.653
127588	36.0964	32.6697
127573	36.0677	32.6863
127572	36.0391	32.703
127572	36.0104	32.7197
127571	35.9818	32.7363
127571	35.9531	32.753
127571	35.9245	32.7696
127571	35.8958	32.7863
127570	35.8672	32.803
127569	35.8385	32.8196
127569	35.8099	32.8363
127569	35.7812	32.853
127569	35.7526	32.8696
127562	35.7239	32.8863
127562	35.6953	32.9029
127562	35.6666	32.9196
127562	35.638	32.9363
127562	35.6093	32.9529
127562	35.5807	32.9696
127562	35.552	32.9863
127562	35.5234	33.0029
127562	35.4947	33.0196
127562	35.4661	33.0362
127562	35.4374	33.0529
127562	35.4088	33.0696
127562	35.3801	33.0862
127562	35.3515	33.1029
127562	35.3228	33.1196
127562	35.2942	33.1362
127562	35.2655	33.1529
127562	35.2369	33.1695
127561	35.2082	33.1862
127561	35.1796	33.2029
127561	35.151	33.2195
127561	35.1223	33.2362
127561	35.0937	33.2529
127561	35.065	33.2695
127561	35.0364	33.2862
127561	35.0077	33.3028
127561	34.9791	33.3195
127561	34.9504	33.3362
127561	34.9218	33.3528
127561	34.8931	33.3695
127561	34.8645	33.3862
127561	34.8358	33.4028
127561	34.8072	33.4195
127561	34.7785	33.4361
127561	34.7499	33.4528
127561	34.7212	33.4695
127561	34.6926	33.4861
127561	34.6639	33.5028
127561	34.6353	33.5195
127561	34.6066	33.5361
127561	34.578	33.5528
127561	34.5493	33.5694
127561	34.5207	33.5861
127561	34.492	33.6028
127561	34.4634	33.6194
127561	34.4347	33.6361
127561	34.4061	33.6528
127561	34.3774	33.6694
127561	34.3488	33.6861
127561	34.3201	33.7027
127561	34.2915	33.7194
127561	34.2628	33.7361
127561	34.2342	33.7527
127561	34.2055	33.7694
127561	34.1769	33.7861
127561	34.1482	33.8027
127561	34.1196	33.8194
127561	34.0909	33.836
127561	34.0623	33.8527
127561	34.0336	33.8694
127561	34.005	33.886
127561	33.9763	33.9027
127561	33.9477	33.9194
127561	33.919	33.936
127561	33.8904	33.9527
127561	33.8617	33.9693
127561	33.8331	33.986
127561	33.8044	34.0027
127561	33.7758	34.0193
127561	33.7471	34.036
127561	33.7185	34.0527
127561	33.6898	34.0693
127561	33.6612	34.086
127561	33.6325	34.1026
127561	33.6039	34.1193
127561	33.5752	34.136
127561	33.5466	34.1526
127561	33.5179	34.1693
127561	33.4893	34.186
127561	33.4606	34.2026
127561	33.432	34.2193
127561	33.4034	34.2359
127561	33.3747	34.2526
127561	33.3461	34.2693
127561	33.3174	34.2859
127561	33.2888	34.3026
127561	33.2601	34.3193
127561	33.2315	34.3359
127561	33.2028	34.3526
127561	33.1742	34.3692
127561	33.1455	34.3859
127561	33.1169	34.4026
127561	33.0882	34.4192
127561	33.0596	34.4359
127561	33.0309	34.4526
127561	33.0023	34.4692
127561	32.9736	34.4859
127561	32.945	34.5025
127561	32.9163	34.5192
127561	32.8877	34.5359
127561	32.859	34.5525
127561	32.8304	34.5692
127561	32.8017	34.5859
127561	32.7731	34.6025
127561	32.7444	34.6192
127561	32.7158	34.6358
127561	32.6871	34.6525
127561	32.6585	34.6692
127561	32.6298	34.6858
127561	32.6012	34.7025
127561	32.5725	34.7192
127561	32.5439	34.7358
127561	32.5152	34.7525
127561	32.4866	34.7691
127561	32.4579	34.7858
127561	32.4293	34.8025
127561	32.4006	34.8191
127561	32.372	34.8358
127561	32.3433	34.8525
127561	32.3147	34.8691
127561	32.286	34.8858
127561	32.2574	34.9025
127561	32.2287	34.9191
127561	32.2001	34.9358
127561	32.1714	34.9524
127561	32.1428	34.9691
127561	32.1141	34.9858
127561	32.0855	35.0024
127561	32.0568	35.0191
127561	32.0282	35.0358
127561	31.9995	35.0524
127561	31.9709	35.0691
127561	31.9422	35.0857
127561	31.9136	35.1024
127561	31.8849	35.1191
127561	31.8563	35.1357
127561	31.8276	35.1524
127561	31.799	35.1691
127561	31.7703	35.1857
127561	31.7417	35.2024
127561	31.713	35.219
127561	31.6844	35.2357
127561	31.6557	35.2524
127561	31.6271	35.269
127561	31.5984	35.2857
127561	31.5698	35.3024
127561	31.5412	35.319
127561	31.5125	35.3357
127561	31.4839	35.3523
127561	31.4552	35.369
127561	31.4266	35.3857
127561	31.3979	35.4023
127561	31.3693	35.419
127561	31.3406	35.4357
127561	31.312	35.4523
127561	31.2833	35.469
127561	31.2547	35.4856
127561	31.226	35.5023
127561	31.1974	35.519
127561	31.1687	35.5356
127561	31.1401	35.5523
127561	31.1114	35.569
127561	31.0828	35.5856
127561	31.0541	35.6023
127561	31.0255	35.6189
127561	30.9968	35.6356
127561	30.9682	35.6523
127561	30.9395	35.6689
127561	30.9109	35.6856
127561	30.8822	35.7023
127561	30.8536	35.7189
127561	30.8249	35.7356
127561	30.7963	35.7522
127561	30.7676	35.7689
127561	30.739	35.7856
127561	30.7103	35.8022
127561	30.6817	35.8189
127561	30.653	35.8356
127561	30.6244	35.8522
127561	30.5957	35.8689
127561	30.5671	35.8855
127561	30.5384	35.9022
127561	30.5098	35.9189
127561	30.4811	35.9355
127561	30.4525	35.9522
127561	30.4238	35.9689
127561	30.3952	35.9855
127561	30.3665	36.0022
127561	30.3379	36.0188
127561	30.3092	36.0355
127561	30.2806	36.0522
127561	30.2519	36.0688
127561	30.2233	36.0855
127561	30.1946	36.1022
127561	30.166	36.1188
127561	30.1373	36.1355
127561	30.1087	36.1521
127561	30.08	36.1688
127561	30.0514	36.1855
127561	30.0227	36.2021
127561	29.9941	36.2188
127561	29.9654	36.2355
127561	29.9368	36.2521
127561	29.9081	36.2688
127561	29.8795	36.2854
127561	29.8508	36.3021
127561	29.8222	36.3188
127561	29.7936	36.3354
127561	29.7649	36.3521
127561	29.7363	36.3688
127561	29.7076	36.3854
127561	29.679	36.4021
127561	29.6503	36.4187
127561	29.6217	36.4354
127561	29.593	36.4521
127561	29.5644	36.4687
127561	29.5357	36.4854
127561	29.5071	36.5021
127561	29.4784	36.5187
127561	29.4498	36.5354
127561	29.4211	36.552
127561	29.3925	36.5687
127561	29.3638	36.5854
127561	29.3352	36.602
127561	29.3065	36.6187
127561	29.2779	36.6354
127561	29.2492	36.652
127561	29.2206	36.6687
127561	29.1919	36.6853
127561	29.1633	36.702
127561	29.1346	36.7187
127561	29.106	36.7353
127561	29.0773	36.752
127561	29.0487	36.7687
127561	29.02	36.7853
127561	28.9914	36.802
127561	28.9627	36.8186
127561	28.9341	36.8353
127561	28.9054	36.852
127561	28.8768	36.8686
127561	28.8481	36.8853
127561	28.8195	36.902
127561	28.7908	36.9186
127561	28.7622	36.9353
127561	28.7335	36.952
127561	28.7049	36.9686
127561	28.6762	36.9853
127561	28.6476	37.0019
127561	28.6189	37.0186
127561	28.5903	37.0353
127561	28.5616	37.0519
127561	28.533	37.0686
127561	28.5043	37.0853
127561	28.4757	37.1019
127561	28.4471	37.1186
127561	28.4184	37.1352
127561	28.3898	37.1519
127561	28.3611	37.1686
127561	28.3325	37.1852
127561	28.3038	37.2019
127561	28.2752	37.2186
127561	28.2465	37.2352
127561	28.2179	37.2519
127561	28.1892	37.2685
127561	28.1606	37.2852
127561	28.1319	37.3019
127561	28.1033	37.3185
127561	28.0746	37.3352
127561	28.046	37.3519
127561	28.0173	37.3685
127561	27.9887	37.3852
127561	27.96	37.4018
127561	27.9314	37.4185
127561	27.9028	37.4352
127561	27.8741	37.4518
127561	27.8455	37.4685
127561	27.8168	37.4852
127561	27.7882	37.5018
127561	27.7595	37.5185
127561	27.7309	37.5351
127561	27.7022	37.5518
127561	27.6736	37.5685
127561	27.6449	37.5851
127561	27.6163	37.6018
127561	27.5876	37.6185
127561	27.559	37.6351
127561	27.5303	37.6518
127561	27.5017	37.6684
127561	27.473	37.6851
127561	27.4444	37.7018
127561	27.4157	37.7184
127561	27.3871	37.7351
127561	27.3584	37.7518
127561	27.3298	37.7684
127561	27.3012	37.7851
127561	27.2725	37.8017
127561	27.2439	37.8184
127561	27.2152	37.8351
127561	27.1866	37.8517
127561	27.1579	37.8684
127561	27.1293	37.8851
127561	27.1006	37.9017
127561	27.072	37.9184
127561	27.0433	37.935
127561	27.0147	37.9517
127561	26.986	37.9684
127561	26.9574	37.985
127561	26.9287	38.0017
127561	26.9001	38.0184
127561	26.8714	38.035
127561	26.8428	38.0517
127561	26.8141	38.0683
127561	26.7855	38.085
127561	26.7569	38.1017
127561	26.7282	38.1183
127561	26.6996	38.135
127561	26.6709	38.1517
127561	26.6423	38.1683
127561	26.6136	38.185
127561	26.585	38.2016
127561	26.5563	38.2183
127561	26.5277	38.235
127561	26.499	38.2516
127561	26.4704	38.2683
127561	26.4417	38.285
127561	26.4131	38.3016
127561	26.3844	38.3183
127561	26.3558	38.3349
127561	26.3271	38.3516
127561	26.2985	38.3683
127561	26.2698	38.3849
127561	26.2412	38.4016
127561	26.2125	38.4183
127561	26.1839	38.4349
127561	26.1553	38.4516
127561	26.1266	38.4682
127561	26.098	38.4849
127561	26.0693	38.5016
127561	26.0407	38.5182
127561	26.012	38.5349
127561	25.9834	38.5516
127561	25.9547	38.5682
127561	25.9261	38.5849
127561	25.8974	38.6015
127561	25.8688	38.6182
127560	25.8401	38.6349
127560	25.8115	38.6515
127560	25.7828	38.6682
127560	25.7542	38.6849
127560	25.7255	38.7015
127560	25.6969	38.7182
127560	25.6682	38.7348
127560	25.6396	38.7515
127560	25.611	38.7682
127560	25.5823	38.7848
127560	25.5537	38.8015
127560	25.525	38.8182
127560	25.4964	38.8348
127560	25.4677	38.8515
127560	25.4391	38.8681
127560	25.4104	38.8848
127560	25.3818	38.9015
127560	25.3531	38.9181
127560	25.3245	38.9348
127560	25.2958	38.9515
127560	25.2672	38.9681
127560	25.2385	38.9848
127560	25.2099	39.0014
127560	25.1812	39.0181
127560	25.1526	39.0348
127560	25.1239	39.0514
127560	25.0953	39.0681
127560	25.0667	39.0848
127560	25.038	39.1014
127560	25.0094	39.1181
127560	24.9807	39.1348
127560	24.9521	39.1514
127559	24.9234	39.1681
127559	24.8948	39.1847
127559	24.8661	39.2014
127559	24.8375	39.2181
127559	24.8088	39.2347
127559	24.7802	39.2514
127559	24.7515	39.2681
127559	24.7229	39.2847
127559	24.6942	39.3014
127559	24.6656	39.318
127559	24.6369	39.3347
127559	24.6083	39.3514
127559	24.5796	39.368
127559	24.551	39.3847
127559	24.5223	39.4014
127559	24.4937	39.418
127559	24.4651	39.4347
127559	24.4364	39.4513
127559	24.4078	39.468
127559	24.3791	39.4847
127559	24.3505	39.5013
127559	24.3218	39.518
127559	24.2932	39.5347
127559	24.2645	39.5513
127559	24.2359	39.568
127559	24.2072	39.5846
127559	24.1786	39.6013
127559	24.1499	39.618
127559	24.1213	39.6346
127559	24.0926	39.6513
127559	24.064	39.668
127559	24.0353	39.6846
127559	24.0067	39.7013
127559	23.978	39.7179
127559	23.9494	39.7346
127559	23.9208	39.7513
127559	23.8921	39.7679
127559	23.8635	39.7846
127559	23.8348	39.8013
127559	23.8062	39.8179
127559	23.7775	39.8346
127559	23.7489	39.8512
127559	23.7202	39.8679
127559	23.6916	39.8846
127559	23.6629	39.9012
127559	23.6343	39.9179
127559	23.6056	39.9346
127559	23.577	39.9512
127559	23.5483	39.9679
127559	23.5197	39.9845
127559	23.491	40.0012
127559	23.4624	40.0179
127559	23.4337	40.0345
127559	23.4051	40.0512
127559	23.3764	40.0679
127559	23.3478	40.0845
127559	23.3192	40.1012
127559	23.2905	40.1178
127559	23.2619	40.1345
127559	23.2332	40.1512
127559	23.2046	40.1678
127559	23.1759	40.1845
127559	23.1473	40.2012
127559	23.1186	40.2178
127559	23.09	40.2345
127559	23.0613	40.2511
127559	23.0327	40.2678
127559	23.004	40.2845
127559	22.9754	40.3011
127559	22.9467	40.3178
127559	22.9181	40.3345
127559	22.8894	40.3511
127559	22.8608	40.3678
127559	22.8321	40.3844
127559	22.8035	40.4011
127559	22.7749	40.4178
127559	22.7462	40.4344
127559	22.7176	40.4511
127559	22.6889	40.4678
127559	22.6603	40.4844
127559	22.6316	40.5011
127559	22.603	40.5177
127559	22.5743	40.5344
127559	22.5457	40.5511
127559	22.517	40.5677
127559	22.4884	40.5844
127559	22.4597	40.6011
127559	22.4311	40.6177
127559	22.4024	40.6344
127559	22.3738	40.651
127559	22.3451	40.6677
127559	22.3165	40.6844
127559	22.2878	40.701
127558	22.2592	40.7177
127558	22.2305	40.7344
127558	22.2019	40.751
127558	22.1733	40.7677
127558	22.1446	40.7843
127558	22.116	40.801
127558	22.0873	40.8177
127558	22.0587	40.8343
127558	22.03	40.851
127558	22.0014	40.8677
127558	21.9727	40.8843
127558	21.9441	40.901
127558	21.9154	40.9176
127558	21.8868	40.9343
127558	21.8581	40.951
127558	21.8295	40.9676
127558	21.8008	40.9843
127558	21.7722	41.001
127558	21.7435	41.0176
127558	21.7149	41.0343
127558	21.6862	41.0509
127558	21.6576	41.0676
127558	21.629	41.0843
127558	21.6003	41.1009
127557	21.5717	41.1176
127557	21.543	41.1343
127557	21.5144	41.1509
127557	21.4857	41.1676
127557	21.4571	41.1842
127557	21.4284	41.2009
127557	21.3998	41.2176
127557	21.3711	41.2342
127557	21.3425	41.2509
127557	21.3138	41.2676
127557	21.2852	41.2842
127557	21.2565	41.3009
127557	21.2279	41.3176
127557	21.1992	41.3342
127557	21.1706	41.3509
127557	21.1419	41.3675
127557	21.1133	41.3842
127557	21.0847	41.4009
127557	21.056	41.4175
127557	21.0274	41.4342
127557	20.9987	41.4509
127557	20.9701	41.4675
127557	20.9414	41.4842
127557	20.9128	41.5008
127557	20.8841	41.5175
127557	20.8555	41.5342
127557	20.8268	41.5508
127557	20.7982	41.5675
127557	20.7695	41.5842
127557	20.7409	41.6008
127557	20.7122	41.6175
127557	20.6836	41.6341
127557	20.6549	41.6508
127557	20.6263	41.6675
127557	20.5976	41.6841
127557	20.569	41.7008
127557	20.5403	41.7175
127557	20.5117	41.7341
127557	20.4831	41.7508
127557	20.4544	41.7674
127557	20.4258	41.7841
127557	20.3971	41.8008
127557	20.3685	41.8174
127557	20.3398	41.8341
127557	20.3112	41.8508
127557	20.2825	41.8674
127557	20.2539	41.8841
127557	20.2252	41.9007
127557	20.1966	41.9174
127557	20.1679	41.9341
127557	20.1393	41.9507
127557	20.1106	41.9674
127557	20.082	41.9841
127557	20.0533	42.0007
127557	20.0247	42.0174
127557	19.996	42.034
127557	19.9674	42.0507
127557	19.9388	42.0674
127557	19.9101	42.084
127557	19.8815	42.1007
127557	19.8528	42.1174
127557	19.8242	42.134
127557	19.7955	42.1507
127557	19.7669	42.1673
127557	19.7382	42.184
127557	19.7096	42.2007
127557	19.6809	42.2173
127557	19.6523	42.234
127557	19.6236	42.2507
127557	19.595	42.2673
127557	19.5663	42.284
127557	19.5377	42.3006
127557	19.509	42.3173
127557	19.4804	42.334
127557	19.4517	42.3506
127557	19.4231	42.3673
127557	19.3944	42.384
127557	19.3658	42.4006
127557	19.3372	42.4173
127557	19.3085	42.4339
127557	19.2799	42.4506
127557	19.2512	42.4673
127557	19.2226	42.4839
127557	19.1939	42.5006
127557	19.1653	42.5173
127557	19.1366	42.5339
127557	19.108	42.5506
127557	19.0793	42.5672
127557	19.0507	42.5839
127557	19.022	42.6006
127557	18.9934	42.6172
127557	18.9647	42.6339
127557	18.9361	42.6506
127557	18.9074	42.6672
127557	18.8788	42.6839
127557	18.8501	42.7005
127557	18.8215	42.7172
127557	18.7929	42.7339
127557	18.7642	42.7505
127557	18.7356	42.7672
127557	18.7069	42.7839
127557	18.6783	42.8005
127557	18.6496	42.8172
127557	18.621	42.8338
127557	18.5923	42.8505
127557	18.5637	42.8672
127557	18.535	42.8838
127557	18.5064	42.9005
127557	18.4777	42.9172
127557	18.4491	42.9338
127557	18.4204	42.9505
127557	18.3918	42.9671
127557	18.3631	42.9838
127557	18.3345	43.0005
127557	18.3058	43.0171
127557	18.2772	43.0338
127557	18.2486	43.0505
127557	18.2199	43.0671
127557	18.1913	43.0838
127557	18.1626	43.1004
127557	18.134	43.1171
127557	18.1053	43.1338
127557	18.0767	43.1504
127557	18.048	43.1671
127557	18.0194	43.1838
127557	17.9907	43.2004
127557	17.9621	43.2171
127557	17.9334	43.2337
127557	17.9048	43.2504
127557	17.8761	43.2671
127557	17.8475	43.2837
127557	17.8188	43.3004
127557	17.7902	43.3171
127557	17.7615	43.3337
127557	17.7329	43.3504
127557	17.7042	43.3671
127557	17.6756	43.3837
127557	17.647	43.4004
127557	17.6183	43.417
127557	17.5897	43.4337
127557	17.561	43.4504
127557	17.5324	43.467
127557	17.5037	43.4837
127557	17.4751	43.5004
127557	17.4464	43.517
127557	17.4178	43.5337
127557	17.3891	43.5503
127557	17.3605	43.567
127557	17.3318	43.5837
127557	17.3032	43.6003
127557	17.2745	43.617
127557	17.2459	43.6337
127557	17.2172	43.6503
127557	17.1886	43.667
127557	17.1599	43.6836
127557	17.1313	43.7003
127557	17.1026	43.717
127557	17.074	43.7336
127557	17.0454	43.7503
127557	17.0167	43.767
127557	16.9881	43.7836
127557	16.9594	43.8003
127557	16.9308	43.8169
127557	16.9021	43.8336
127557	16.8735	43.8503
127557	16.8448	43.8669
127557	16.8162	43.8836
127557	16.7875	43.9003
127557	16.7589	43.9169
127557	16.7302	43.9336
127557	16.7016	43.9502
127557	16.6729	43.9669
127557	16.6443	43.9836
127557	16.6156	44.0002
127557	16.587	44.0169
127557	16.5583	44.0336
127557	16.5297	44.0502
127557	16.5011	44.0669
127557	16.4724	44.0835
127557	16.4438	44.1002
127557	16.4151	44.1169
127557	16.3865	44.1335
127557	16.3578	44.1502
127557	16.3292	44.1669
127557	16.3005	44.1835
127557	16.2719	44.2002
127557	16.2432	44.2168
127557	16.2146	44.2335
127557	16.1859	44.2502
127557	16.1573	44.2668
127557	16.1286	44.2835
127557	16.1	44.3002
127557	16.0713	44.3168
127557	16.0427	44.3335
127557	16.014	44.3501
127557	15.9854	44.3668
127557	15.9568	44.3835
127557	15.9281	44.4001
127557	15.8995	44.4168
127557	15.8708	44.4335
127557	15.8422	44.4501
127557	15.8135	44.4668
127557	15.7849	44.4834
127557	15.7562	44.5001
127557	15.7276	44.5168
127557	15.6989	44.5334
127557	15.6703	44.5501
127557	15.6416	44.5668
127557	15.613	44.5834
127557	15.5843	44.6001
127557	15.5557	44.6167
127557	15.527	44.6334
127557	15.4984	44.6501
127557	15.4697	44.6667
127557	15.4411	44.6834
127557	15.4124	44.7001
127557	15.3838	44.7167
127557	15.3552	44.7334
127557	15.3265	44.75
127557	15.2979	44.7667
127557	15.2692	44.7834
127557	15.2406	44.8
127557	15.2119	44.8167
127557	15.1833	44.8334
127557	15.1546	44.85
127557	15.126	44.8667
127557	15.0973	44.8833
127557	15.0687	44.9
127557	15.04	44.9167
127557	15.0114	44.9333
127557	14.9827	44.95
127557	14.9541	44.9667
127557	14.9254	44.9833
127557	14.8968	45
127557	14.8681	45.0166
127557	14.8395	45.0333
127557	14.8109	45.05
127557	14.7822	45.0666
127557	14.7536	45.0833
127557	14.7249	45.1
127557	14.6963	45.1166
127556	14.6676	45.1333
127556	14.639	45.1499
127556	14.6103	45.1666
127556	14.5817	45.1833
127556	14.553	45.1999
127556	14.5244	45.2166
127556	14.4957	45.2333
127556	14.4671	45.2499
127556	14.4384	45.2666
127556	14.4098	45.2832
127556	14.3811	45.2999
127556	14.3525	45.3166
127556	14.3238	45.3332
127556	14.2952	45.3499
127556	14.2666	45.3666
127556	14.2379	45.3832
127556	14.2093	45.3999
127556	14.1806	45.4165
127556	14.152	45.4332
127556	14.1233	45.4499
127556	14.0947	45.4665
127556	14.066	45.4832
127556	14.0374	45.4999
127556	14.0087	45.5165
127556	13.9801	45.5332
127556	13.9514	45.5499
127556	13.9228	45.5665
127556	13.8941	45.5832
127556	13.8655	45.5998
127556	13.8368	45.6165
127556	13.8082	45.6332
127556	13.7795	45.6498
127556	13.7509	45.6665
127556	13.7222	45.6832
127556	13.6936	45.6998
127556	13.665	45.7165
127556	13.6363	45.7331
127556	13.6077	45.7498
127556	13.579	45.7665
127556	13.5504	45.7831
127556	13.5217	45.7998
127556	13.4931	45.8165
127556	13.4644	45.8331
127556	13.4358	45.8498
127556	13.4071	45.8664
127556	13.3785	45.8831
127556	13.3498	45.8998
127556	13.3212	45.9164
127556	13.2925	45.9331
127556	13.2639	45.9498
127556	13.2352	45.9664
127556	13.2066	45.9831
127556	13.1779	45.9997
127556	13.1493	46.0164
127556	13.1207	46.0331
127556	13.092	46.0497
127556	13.0634	46.0664
127556	13.0347	46.0831
127556	13.0061	46.0997
127556	12.9774	46.1164
127556	12.9488	46.133
127556	12.9201	46.1497
127556	12.8915	46.1664
127556	12.8628	46.183
127556	12.8342	46.1997
127556	12.8055	46.2164
127556	12.7769	46.233
127556	12.7482	46.2497
127556	12.7196	46.2663
127556	12.6909	46.283
127556	12.6623	46.2997
127556	12.6336	46.3163
127556	12.605	46.333
127556	12.5763	46.3497
127556	12.5477	46.3663
127556	12.5191	46.383
127556	12.4904	46.3996
127556	12.4618	46.4163
127556	12.4331	46.433
127556	12.4045	46.4496
127556	12.3758	46.4663
127556	12.3472	46.483
127556	12.3185	46.4996
127556	12.2899	46.5163
127556	12.2612	46.5329
127556	12.2326	46.5496
127556	12.2039	46.5663
127556	12.1753	46.5829
127556	12.1466	46.5996
127556	12.118	46.6163
127556	12.0893	46.6329
127556	12.0607	46.6496
127556	12.032	46.6662
127556	12.0034	46.6829
127556	11.9748	46.6996
127556	11.9461	46.7162
127556	11.9175	46.7329
127556	11.8888	46.7496
127556	11.8602	46.7662
127556	11.8315	46.7829
127556	11.8029	46.7995
127556	11.7742	46.8162
127556	11.7456	46.8329
127556	11.7169	46.8495
127556	11.6883	46.8662
127556	11.6596	46.8829
127556	11.631	46.8995
127556	11.6023	46.9162
127556	11.5737	46.9328
127556	11.545	46.9495
127556	11.5164	46.9662
127556	11.4877	46.9828
127556	11.4591	46.9995
127556	11.4304	47.0162
127556	11.4018	47.0328
127556	11.3732	47.0495
127556	11.3445	47.0661
127556	11.3159	47.0828
127556	11.2872	47.0995
127556	11.2586	47.1161
127556	11.2299	47.1328
127556	11.2013	47.1495
127556	11.1726	47.1661
127556	11.144	47.1828
127556	11.1153	47.1994
127556	11.0867	47.2161
127556	11.058	47.2328
127556	11.0294	47.2494
127556	11.0007	47.2661
127556	10.9721	47.2828
127556	10.9434	47.2994
127556	10.9148	47.3161
127556	10.8861	47.3327
127556	10.8575	47.3494
127556	10.8289	47.3661
127556	10.8002	47.3827
127556	10.7716	47.3994
127556	10.7429	47.4161
127556	10.7143	47.4327
127556	10.6856	47.4494
127556	10.657	47.466
127556	10.6283	47.4827
127556	10.5997	47.4994
127556	10.571	47.516
127556	10.5424	47.5327
127556	10.5137	47.5494
127556	10.4851	47.566
127556	10.4564	47.5827
127556	10.4278	47.5993
127556	10.3991	47.616
127556	10.3705	47.6327
127556	10.3418	47.6493
127556	10.3132	47.666
127556	10.2845	47.6827
127556	10.2559	47.6993
127556	10.2273	47.716
127556	10.1986	47.7327
127556	10.17	47.7493
127556	10.1413	47.766
127556	10.1127	47.7826
127556	10.084	47.7993
127556	10.0554	47.816
127556	10.0267	47.8326
127556	9.99808	47.8493
127556	9.96943	47.866
127556	9.94078	47.8826
127556	9.91213	47.8993
127556	9.88348	47.9159
127556	9.85484	47.9326
127556	9.82619	47.9493
127556	9.79754	47.9659
127556	9.7689	47.9826
127556	9.74025	47.9993
127556	9.7116	48.0159
127556	9.68295	48.0326
127556	9.65431	48.0492
127556	9.62566	48.0659
127556	9.59701	48.0826
127556	9.56836	48.0992
127556	9.53972	48.1159
127556	9.51107	48.1326
127556	9.48242	48.1492
127556	9.45377	48.1659
127556	9.42513	48.1825
127556	9.39648	48.1992
127556	9.36783	48.2159
127556	9.33918	48.2325
127556	9.31054	48.2492
127556	9.28189	48.2659
127556	9.25324	48.2825
127556	9.22459	48.2992
127556	9.19595	48.3158
127556	9.1673	48.3325
127556	9.13865	48.3492
127556	9.11	48.3658
127556	9.08136	48.3825
127556	9.05271	48.3992
127556	9.02406	48.4158
127556	8.99541	48.4325
127556	8.96677	48.4491
127556	8.93812	48.4658
127556	8.90947	48.4825
127556	8.88082	48.4991
127556	8.85218	48.5158
127556	8.82353	48.5325
127556	8.79488	48.5491
127556	8.76623	48.5658
127556	8.73759	48.5824
127556	8.70894	48.5991
127556	8.68029	48.6158
127556	8.65164	48.6324
127556	8.623	48.6491
127556	8.59435	48.6658
127556	8.5657	48.6824
127556	8.53705	48.6991
127556	8.50841	48.7157
127556	8.47976	48.7324
127556	8.45111	48.7491
127556	8.42246	48.7657
127556	8.39382	48.7824
127556	8.36517	48.7991
127556	8.33652	48.8157
127556	8.30787	48.8324
127556	8.27923	48.849
127556	8.25058	48.8657
127556	8.22193	48.8824
127556	8.19328	48.899
127556	8.16464	48.9157
127556	8.13599	48.9324
127556	8.10734	48.949
127556	8.07869	48.9657
127556	8.05005	48.9823
127556	8.0214	48.999
127556	7.99275	49.0157
127556	7.9641	49.0323
127556	7.93546	49.049
127556	7.90681	49.0657
127556	7.87816	49.0823
127556	7.84951	49.099
127556	7.82087	49.1156
127556	7.79222	49.1323
127556	7.76357	49.149
127556	7.73492	49.1656
127556	7.70628	49.1823
127556	7.67763	49.199
127556	7.64898	49.2156
127556	7.62033	49.2323
127556	7.59169	49.2489
127556	7.56304	49.2656
127556	7.53439	49.2823
127556	7.50574	49.2989
127556	7.4771	49.3156
127556	7.44845	49.3323
127556	7.4198	49.3489
127556	7.39115	49.3656
127556	7.36251	49.3822
127556	7.33386	49.3989
127556	7.30521	49.4156
127556	7.27656	49.4322
127556	7.24792	49.4489
127556	7.21927	49.4656
127556	7.19062	49.4822
127556	7.16197	49.4989
127556	7.13333	49.5155
127556	7.10468	49.5322
127556	7.07603	49.5489
127556	7.04738	49.5655
127556	7.01873	49.5822
127556	6.99009	49.5989
127556	6.96144	49.6155
127556	6.93279	49.6322
127556	6.90414	49.6488
127556	6.8755	49.6655
127556	6.84685	49.6822
127556	6.8182	49.6988
127556	6.78955	49.7155
127556	6.7609	49.7322
127556	6.73226	49.7488
127556	6.70361	49.7655
127556	6.67496	49.7822
127556	6.64631	49.7988
127556	6.61766	49.8155
127556	6.58902	49.8321
127556	6.56037	49.8488
127556	6.53172	49.8655
127556	6.50307	49.8821
127556	6.47442	49.8988
127556	6.44578	49.9155
127556	6.41713	49.9321
127556	6.38848	49.9488
127556	6.35983	49.9654
127556	6.33119	49.9821
127556	6.30254	49.9988
127556	6.27389	50.0154
127556	6.24524	50.0321
127556	6.21659	50.0488
127556	6.18795	50.0654
127556	6.1593	50.0821
127556	6.13065	50.0987
127556	6.102	50.1154
127556	6.07335	50.1321
127556	6.04471	50.1487
127556	6.01606	50.1654
127556	5.98741	50.1821
127556	5.95876	50.1987
127556	5.93011	50.2154
127556	5.90147	50.232
127556	5.87282	50.2487
127556	5.84417	50.2654
127556	5.81552	50.282
127556	5.78687	50.2987
127556	5.75823	50.3154
127556	5.72958	50.332
127556	5.70093	50.3487
127556	5.67228	50.3653
127556	5.64364	50.382
127556	5.61499	50.3987
127556	5.58634	50.4153
127556	5.55769	50.432
127556	5.52904	50.4487
127556	5.5004	50.4653
127556	5.47175	50.482
127556	5.4431	50.4986
127556	5.41445	50.5153
127556	5.3858	50.532
127556	5.35716	50.5486
127556	5.32851	50.5653
127556	5.29986	50.582
127556	5.27121	50.5986
127556	5.24256	50.6153
127556	5.21392	50.6319
127556	5.18527	50.6486
127556	5.15662	50.6653
127556	5.12797	50.6819
127556	5.09933	50.6986
127556	5.07068	50.7153
127556	5.04203	50.7319
127556	5.01338	50.7486
127556	4.98473	50.7652
127556	4.95609	50.7819
127556	4.92744	50.7986
127556	4.89879	50.8152
127556	4.87014	50.8319
127556	4.84149	50.8486
127556	4.81285	50.8652
127556	4.7842	50.8819
127556	4.75555	50.8985
127556	4.7269	50.9152
127556	4.69825	50.9319
127556	4.66961	50.9485
127556	4.64096	50.9652
127556	4.61231	50.9819
127556	4.58366	50.9985
127556	4.55501	51.0152
127556	4.52637	51.0318
127556	4.49772	51.0485
127556	4.46907	51.0652
127556	4.44042	51.0818
127556	4.41178	51.0985
127556	4.38313	51.1152
127556	4.35448	51.1318
127556	4.32583	51.1485
127556	4.29718	51.1651
127556	4.26854	51.1818
127556	4.23989	51.1985
127556	4.21124	51.2151
127556	4.18259	51.2318
127556	4.15394	51.2485
127556	4.1253	51.2651
127556	4.09665	51.2818
127556	4.068	51.2984
127556	4.03935	51.3151
127556	4.0107	51.3318
127556	3.98206	51.3484
127556	3.95341	51.3651
127556	3.92476	51.3818
127556	3.89611	51.3984
127556	3.86747	51.4151
127556	3.83882	51.4317
127556	3.81017	51.4484
127556	3.78152	51.4651
127556	3.75287	51.4817
127556	3.72423	51.4984
127556	3.69558	51.5151
127556	3.66693	51.5317
127556	3.63828	51.5484
127556	3.60963	51.565
127556	3.58099	51.5817
127556	3.55234	51.5984
127556	3.52369	51.615
127556	3.49504	51.6317
127556	3.46639	51.6484
127556	3.43775	51.665
127556	3.4091	51.6817
127556	3.38045	51.6983
127556	3.3518	51.715
127556	3.32315	51.7317
127556	3.29451	51.7483
127556	3.26586	51.765
127556	3.23721	51.7817
127556	3.20856	51.7983
127556	3.17992	51.815
127556	3.15127	51.8316
127556	3.12262	51.8483
127556	3.09397	51.865
127556	3.06532	51.8816
127556	3.03668	51.8983
127556	3.00803	51.915
127556	2.97938	51.9316
127556	2.95073	51.9483
127556	2.92208	51.965
127556	2.89344	51.9816
127556	2.86479	51.9983
127556	2.83614	52.015
127556	2.80749	52.0316
127556	2.77884	52.0483
127556	2.7502	52.0649
127556	2.72155	52.0816
127556	2.6929	52.0983
127556	2.66425	52.1149
127556	2.63561	52.1316
127556	2.60696	52.1483
127556	2.57831	52.1649
127556	2.54966	52.1816
127556	2.52101	52.1982
127556	2.49237	52.2149
127556	2.46372	52.2316
127556	2.43507	52.2482
127556	2.40642	52.2649
127556	2.37777	52.2816
127556	2.34913	52.2982
127556	2.32048	52.3149
127556	2.29183	52.3315
127556	2.26318	52.3482
127556	2.23453	52.3649
127556	2.20589	52.3815
127556	2.17724	52.3982
127556	2.14859	52.4149
127556	2.11994	52.4315
127556	2.09129	52.4482
127556	2.06265	52.4648
127556	2.034	52.4815
127556	2.00535	52.4982
127556	1.9767	52.5148
127556	1.94806	52.5315
127556	1.91941	52.5482
127556	1.89076	52.5648
127556	1.86211	52.5815
127556	1.83346	52.5981
127556	1.80482	52.6148
127556	1.77617	52.6315
127556	1.74752	52.6481
127556	1.71887	52.6648
127556	1.69022	52.6815
127556	1.66158	52.6981
127556	1.63293	52.7148
127556	1.60428	52.7314
127556	1.57563	52.7481
127556	1.54699	52.7648
127556	1.51834	52.7814
127556	1.48969	52.7981
127556	1.46104	52.8148
127556	1.43239	52.8314
127556	1.40375	52.8481
127556	1.3751	52.8647
127556	1.34645	52.8814
127556	1.3178	52.8981
127556	1.28916	52.9147
127556	1.26051	52.9314
127556	1.23186	52.9481
127556	1.20321	52.9647
127556	1.17456	52.9814
127556	1.14592	52.998
127556	1.11727	53.0147
127556	1.08862	53.0314
127556	1.05997	53.048
127556	1.03132	53.0647
127556	1.00268	53.0814
127556	0.974029	53.098
127556	0.945382	53.1147
127556	0.916734	53.1313
127556	0.888086	53.148
127556	0.859438	53.1647
127556	0.83079	53.1813
127556	0.802142	53.198
127556	0.773495	53.2147
127556	0.744847	53.2313
127556	0.716199	53.248
127556	0.687551	53.2646
127556	0.658903	53.2813
127556	0.630255	53.298
127556	0.601607	53.3146
127556	0.57296	53.3313
127556	0.544312	53.348
127556	0.515664	53.3646
127556	0.487016	53.3813
127556	0.458368	53.3979
127556	0.42972	53.4146
127556	0.401072	53.4313
127556	0.372425	53.4479
127556	0.343777	53.4646
127556	0.315129	53.4813
127556	0.286481	53.4979
127556	0.257833	53.5146
127556	0.229185	53.5313
127556	0.200537	53.5479
127556	0.17189	53.5646
127556	0.143242	53.5812
127556	0.114594	53.5979
127556	0.085946	53.6146
127556	0.0572982	53.6312
127556	0.0286503	53.6479
127556	2.46127e-06	53.6646
127556	-0.0286454	53.6812
127556	0	53.6979
127556	0	53.7145
127556	0	53.7312
127556	0	53.7479
127556	0	53.7645
127556	0	53.7812
127556	0	53.7979
127556	0	53.8145
127556	0	53.8312
127556	0	53.8478
127556	0	53.8645
127556	0	53.8812
127556	0	53.8978
127556	0	53.9145
127556	0	53.9312
127556	0	53.9478
127556	0	53.9645
127556	0	53.9811
127556	0	53.9978
127556	0	54.0145
127556	0	54.0311
127556	0	54.0478
127556	0	54.0645
127556	0	54.0811
127556	0	54.0978
127556	0	54.1144
127556	0	54.1311
127556	0	54.1478
127556	0	54.1644
127556	0	54.1811
127556	0	54.1978
127556	0	54.2144
127556	0	54.2311
127556	0	54.2477
127556	0	54.2644
127556	0	54.2811
127556	0	54.2977
127556	0	54.3144
127556	0	54.3311
127556	0	54.3477
127556	0	54.3644
127556	0	54.381
127556	0	54.3977
127556	0	54.4144
127556	0	54.431
127556	0	54.4477
127556	0	54.4644
127556	0	54.481
127556	0	54.4977
127556	0	54.5143
127556	0	54.531
127556	0	54.5477
127556	0	54.5643
127556	0	54.581
127556	0	54.5977
127556	0	54.6143
127556	0	54.631
127556	0	54.6476
127556	0	54.6643
127556	0	54.681
127556	0	54.6976
