inside_count	theta (degrees)	time (s)
7827	0.0286479	0.0166092
7827	0.0572957	0.0332756
7826	0.0859435	0.049942
7822	0.114591	0.0666084
7822	0.143239	0.0832748
7822	0.171887	0.0999413
7822	0.200535	0.116608
7822	0.229183	0.133274
7822	0.257831	0.14994
7822	0.286479	0.166607
7822	0.315126	0.183273
7822	0.343774	0.19994
7822	0.372422	0.216606
7822	0.40107	0.233273
7822	0.429718	0.249939
7822	0.458366	0.266605
7822	0.487013	0.283272
7822	0.515661	0.299938
7822	0.544309	0.316605
7822	0.572957	0.333271
7822	0.601605	0.349937
7822	0.630253	0.366604
7822	0.658901	0.38327
7822	0.687548	0.399937
7822	0.716196	0.416603
7822	0.744844	0.43327
7822	0.773492	0.449936
7820	0.80214	0.466602
7820	0.830788	0.483269
7820	0.859436	0.499935
7820	0.888083	0.516602
7820	0.916731	0.533268
7820	0.945379	0.549934
7820	0.974027	0.566601
7820	1.00267	0.583267
7820	1.03132	0.599934
7820	1.05997	0.6166
7820	1.08862	0.633266
7820	1.11727	0.649933
7820	1.14591	0.666599
7820	1.17456	0.683266
7820	1.20321	0.699932
7820	1.23186	0.716599
7820	1.2605	0.733265
7820	1.28915	0.749931
7820	1.3178	0.766598
7820	1.34645	0.783264
7820	1.3751	0.799931
7820	1.40374	0.816597
7820	1.43239	0.833263
7820	1.46104	0.84993
7820	1.48969	0.866596
7820	1.51834	0.883263
7820	1.54698	0.899929
7820	1.57563	0.916595
7820	1.60428	0.933262
7820	1.63293	0.949928
7820	1.66157	0.966595
7820	1.69022	0.983261
7820	1.71887	0.999928
7820	1.74752	1.01659
7820	1.77617	1.03326
7820	1.80481	1.04993
7820	1.83346	1.06659
7820	1.86211	1.08326
7820	1.89076	1.09993
7820	1.9194	1.11659
7820	1.94805	1.13326
7820	1.9767	1.14993
7820	2.00535	1.16659
7820	2.034	1.18326
7820	2.06264	1.19992
7820	2.09129	1.21659
7820	2.11994	1.23326
7820	2.14859	1.24992
7820	2.17724	1.26659
7820	2.20588	1.28326
7820	2.23453	1.29992
7820	2.26318	1.31659
7820	2.29183	1.33326
7820	2.32048	1.34992
7820	2.34912	1.36659
7820	2.37777	1.38326
7820	2.40642	1.39992
7820	2.43507	1.41659
7820	2.46372	1.43325
7820	2.49236	1.44992
7820	2.52101	1.46659
7820	2.54966	1.48325
7820	2.57831	1.49992
7820	2.60695	1.51659
7820	2.6356	1.53325
7820	2.66425	1.54992
7820	2.6929	1.56659
7820	2.72155	1.58325
7820	2.75019	1.59992
7820	2.77884	1.61658
7820	2.80749	1.63325
7820	2.83614	1.64992
7820	2.86479	1.66658
7820	2.89343	1.68325
7820	2.92208	1.69992
7820	2.95073	1.71658
7820	2.97938	1.73325
7820	3.00803	1.74992
7820	3.03667	1.76658
7820	3.06532	1.78325
7820	3.09397	1.79992
7820	3.12262	1.81658
7820	3.15126	1.83325
7820	3.17991	1.84991
7820	3.20856	1.86658
7820	3.23721	1.88325
7820	3.26586	1.89991
7820	3.2945	1.91658
7820	3.32315	1.93325
7820	3.3518	1.94991
7820	3.38045	1.96658
7820	3.4091	1.98325
7820	3.43774	1.99991
7820	3.46639	2.01658
7820	3.49504	2.03325
7820	3.52369	2.04991
7820	3.55234	2.06658
7820	3.58098	2.08324
7820	3.60963	2.09991
7820	3.63828	2.11658
7820	3.66693	2.13324
7820	3.69557	2.14991
7820	3.72422	2.16658
7820	3.75287	2.18324
7820	3.78152	2.19991
7820	3.81017	2.21658
7820	3.83881	2.23324
7820	3.86746	2.24991
7820	3.89611	2.26657
7820	3.92476	2.28324
7820	3.95341	2.29991
7820	3.98205	2.31657
7820	4.0107	2.33324
7820	4.03935	2.34991
7820	4.068	2.36657
7820	4.09665	2.38324
7820	4.12529	2.39991
7820	4.15394	2.41657
7820	4.18259	2.43324
7820	4.21124	2.44991
7820	4.23989	2.46657
7820	4.26853	2.48324
7820	4.29718	2.4999
7820	4.32583	2.51657
7820	4.35448	2.53324
7820	4.38312	2.5499
7820	4.41177	2.56657
7820	4.44042	2.58324
7820	4.46907	2.5999
7820	4.49772	2.61657
7820	4.52636	2.63324
7820	4.55501	2.6499
7820	4.58366	2.66657
7820	4.61231	2.68324
7820	4.64096	2.6999
7820	4.6696	2.71657
7820	4.69825	2.73323
7820	4.7269	2.7499
7820	4.75555	2.76657
7820	4.7842	2.78323
7820	4.81284	2.7999
7820	4.84149	2.81657
7820	4.87014	2.83323
7820	4.89879	2.8499
7820	4.92743	2.86657
7820	4.95608	2.88323
7820	4.98473	2.8999
7820	5.01338	2.91656
7820	5.04203	2.93323
7820	5.07067	2.9499
7820	5.09932	2.96656
7820	5.12797	2.98323
7820	5.15662	2.9999
7820	5.18527	3.01656
7820	5.21391	3.03323
7820	5.24256	3.0499
7820	5.27121	3.06656
7820	5.29986	3.08323
7820	5.32851	3.0999
7820	5.35715	3.11656
7820	5.3858	3.13323
7820	5.41445	3.14989
7820	5.4431	3.16656
7820	5.47175	3.18323
7820	5.50039	3.19989
7820	5.52904	3.21656
7820	5.55769	3.23323
7820	5.58634	3.24989
7820	5.61498	3.26656
7820	5.64363	3.28323
7820	5.67228	3.29989
7820	5.70093	3.31656
7820	5.72958	3.33323
7820	5.75822	3.34989
7820	5.78687	3.36656
7820	5.81552	3.38322
7820	5.84417	3.39989
7820	5.87282	3.41656
7820	5.90146	3.43322
7820	5.93011	3.44989
7820	5.95876	3.46656
7820	5.98741	3.48322
7820	6.01606	3.49989
7820	6.0447	3.51656
7820	6.07335	3.53322
7820	6.102	3.54989
7820	6.13065	3.56656
7820	6.1593	3.58322
7820	6.18794	3.59989
7819	6.21659	3.61655
7819	6.24524	3.63322
7819	6.27389	3.64989
7819	6.30253	3.66655
7819	6.33118	3.68322
7817	6.35983	3.69989
7817	6.38848	3.71655
7817	6.41713	3.73322
7817	6.44577	3.74989
7817	6.47442	3.76655
7817	6.50307	3.78322
7817	6.53172	3.79988
7817	6.56037	3.81655
7817	6.58901	3.83322
7817	6.61766	3.84988
7817	6.64631	3.86655
7817	6.67496	3.88322
7817	6.70361	3.89988
7817	6.73225	3.91655
7817	6.7609	3.93322
7817	6.78955	3.94988
7817	6.8182	3.96655
7817	6.84685	3.98322
7817	6.87549	3.99988
7817	6.90414	4.01655
7817	6.93279	4.03321
7817	6.96144	4.04988
7815	6.99008	4.06655
7815	7.01873	4.08321
7815	7.04738	4.09988
7815	7.07603	4.11655
7815	7.10468	4.13321
7815	7.13332	4.14988
7815	7.16197	4.16655
7815	7.19062	4.18321
7815	7.21927	4.19988
7815	7.24791	4.21655
7815	7.27656	4.23321
7815	7.30521	4.24988
7815	7.33386	4.26654
7815	7.3625	4.28321
7815	7.39115	4.29988
7815	7.4198	4.31654
7815	7.44845	4.33321
7815	7.47709	4.34988
7815	7.50574	4.36654
7815	7.53439	4.38321
7815	7.56304	4.39988
7815	7.59168	4.41654
7815	7.62033	4.43321
7815	7.64898	4.44987
7815	7.67763	4.46654
7815	7.70627	4.48321
7815	7.73492	4.49987
7815	7.76357	4.51654
7815	7.79222	4.53321
7815	7.82086	4.54987
7815	7.84951	4.56654
7813	7.87816	4.58321
7811	7.90681	4.59987
7811	7.93545	4.61654
7811	7.9641	4.63321
7811	7.99275	4.64987
7811	8.0214	4.66654
7811	8.05004	4.6832
7806	8.07869	4.69987
7806	8.10734	4.71654
7806	8.13599	4.7332
7806	8.16463	4.74987
7806	8.19328	4.76654
7806	8.22193	4.7832
7806	8.25058	4.79987
7806	8.27922	4.81654
7806	8.30787	4.8332
7806	8.33652	4.84987
7805	8.36517	4.86654
7805	8.39381	4.8832
7805	8.42246	4.89987
7805	8.45111	4.91653
7805	8.47976	4.9332
7805	8.5084	4.94987
7805	8.53705	4.96653
7805	8.5657	4.9832
7805	8.59435	4.99987
7805	8.62299	5.01653
7805	8.65164	5.0332
7805	8.68029	5.04987
7805	8.70894	5.06653
7805	8.73758	5.0832
7805	8.76623	5.09986
7805	8.79488	5.11653
7805	8.82353	5.1332
7805	8.85217	5.14986
7805	8.88082	5.16653
7805	8.90947	5.1832
7805	8.93812	5.19986
7805	8.96676	5.21653
7805	8.99541	5.2332
7805	9.02406	5.24986
7805	9.05271	5.26653
7805	9.08135	5.2832
7805	9.11	5.29986
7805	9.13865	5.31653
7805	9.1673	5.33319
7805	9.19594	5.34986
7805	9.22459	5.36653
7805	9.25324	5.38319
7805	9.28189	5.39986
7805	9.31053	5.41653
7805	9.33918	5.43319
7805	9.36783	5.44986
7805	9.39648	5.46653
7805	9.42512	5.48319
7805	9.45377	5.49986
7805	9.48242	5.51653
7805	9.51107	5.53319
7805	9.53971	5.54986
7805	9.56836	5.56652
7805	9.59701	5.58319
7805	9.62566	5.59986
7805	9.6543	5.61652
7805	9.68295	5.63319
7805	9.7116	5.64986
7805	9.74024	5.66652
7805	9.76889	5.68319
7804	9.79754	5.69986
7804	9.82619	5.71652
7804	9.85484	5.73319
7804	9.88348	5.74986
7804	9.91213	5.76652
7804	9.94078	5.78319
7804	9.96943	5.79985
7804	9.96943	5.81652
7804	9.96943	5.83319
7804	9.96943	5.84985
7804	9.96943	5.86652
7803	9.96943	5.88319
7803	9.96943	5.89985
7803	9.96943	5.91652
7803	9.96943	5.93319
7803	9.96943	5.94985
7803	9.96943	5.96652
7803	9.96943	5.98318
7803	9.96943	5.99985
7802	9.96943	6.01652
7802	9.94078	6.03318
7802	9.91213	6.04985
7802	9.88348	6.06652
7802	9.85484	6.08318
7802	9.82619	6.09985
7802	9.79754	6.11652
7802	9.76889	6.13318
7802	9.74024	6.14985
7802	9.7116	6.16652
7802	9.68295	6.18318
7802	9.6543	6.19985
7802	9.62566	6.21651
7802	9.59701	6.23318
7802	9.56836	6.24985
7801	9.53971	6.26651
7801	9.51107	6.28318
7801	9.48242	6.29985
7801	9.45377	6.31651
7801	9.42512	6.33318
7801	9.39648	6.34985
7801	9.36783	6.36651
7801	9.33918	6.38318
7801	9.31053	6.39985
7801	9.28189	6.41651
7801	9.25324	6.43318
7801	9.22459	6.44984
7801	9.19594	6.46651
7801	9.1673	6.48318
7801	9.13865	6.49984
7801	9.11	6.51651
7801	9.08135	6.53318
7801	9.05271	6.54984
7801	9.02406	6.56651
7801	8.99541	6.58318
7801	8.96676	6.59984
7801	8.93812	6.61651
7801	8.90947	6.63317
7801	8.88082	6.64984
7801	8.85217	6.66651
7801	8.82353	6.68317
7801	8.79488	6.69984
7801	8.76623	6.71651
7801	8.73758	6.73317
7801	8.70894	6.74984
7801	8.68029	6.76651
7801	8.65164	6.78317
7801	8.62299	6.79984
7801	8.59435	6.81651
7801	8.5657	6.83317
7801	8.53705	6.84984
7801	8.5084	6.8665
7799	8.47976	6.88317
7799	8.45111	6.89984
7799	8.42246	6.9165
7799	8.39381	6.93317
7799	8.36517	6.94984
7799	8.33652	6.9665
7799	8.30787	6.98317
7799	8.27922	6.99984
7799	8.25058	7.0165
7799	8.22193	7.03317
7799	8.19328	7.04984
7799	8.16463	7.0665
7799	8.13599	7.08317
7799	8.10734	7.09983
7799	8.07869	7.1165
7799	8.05004	7.13317
7799	8.0214	7.14983
7799	7.99275	7.1665
7796	7.9641	7.18317
7792	7.93545	7.19983
7792	7.90681	7.2165
7791	7.87816	7.23317
7791	7.84951	7.24983
7791	7.82086	7.2665
7791	7.79222	7.28316
7791	7.76357	7.29983
7791	7.73492	7.3165
7791	7.70627	7.33316
7791	7.67763	7.34983
7791	7.64898	7.3665
7791	7.62033	7.38316
7791	7.59168	7.39983
7791	7.56304	7.4165
7791	7.53439	7.43316
7791	7.50574	7.44983
7791	7.47709	7.4665
7791	7.44845	7.48316
7791	7.4198	7.49983
7789	7.39115	7.51649
7789	7.3625	7.53316
7789	7.33386	7.54983
7789	7.30521	7.56649
7789	7.27656	7.58316
7789	7.24791	7.59983
7789	7.21927	7.61649
7789	7.19062	7.63316
7789	7.16197	7.64983
7789	7.13332	7.66649
7789	7.10468	7.68316
7789	7.07603	7.69983
7789	7.04738	7.71649
7789	7.01873	7.73316
7789	6.99008	7.74982
7789	6.96144	7.76649
7789	6.93279	7.78316
7789	6.90414	7.79982
7789	6.87549	7.81649
7789	6.84685	7.83316
7789	6.8182	7.84982
7789	6.78955	7.86649
7789	6.7609	7.88316
7789	6.73225	7.89982
7789	6.70361	7.91649
7789	6.67496	7.93316
7789	6.64631	7.94982
7789	6.61766	7.96649
7789	6.58901	7.98315
7789	6.56037	7.99982
7789	6.53172	8.01649
7789	6.50307	8.03315
7789	6.47442	8.04982
7789	6.44577	8.06649
7789	6.41713	8.08315
7789	6.38848	8.09982
7789	6.35983	8.11649
7789	6.33118	8.13315
7789	6.30253	8.14982
7789	6.27389	8.16648
7789	6.24524	8.18315
7789	6.21659	8.19982
7789	6.18794	8.21648
7789	6.1593	8.23315
7789	6.13065	8.24982
7789	6.102	8.26648
7789	6.07335	8.28315
7789	6.0447	8.29982
7789	6.01606	8.31648
7789	5.98741	8.33315
7789	5.95876	8.34982
7789	5.93011	8.36648
7789	5.90146	8.38315
7789	5.87282	8.39981
7789	5.84417	8.41648
7789	5.81552	8.43315
7789	5.78687	8.44981
7789	5.75822	8.46648
7789	5.72958	8.48315
7789	5.70093	8.49981
7789	5.67228	8.51648
7789	5.64363	8.53315
7789	5.61498	8.54981
7789	5.58634	8.56648
7789	5.55769	8.58315
7789	5.52904	8.59981
7789	5.50039	8.61648
7789	5.47175	8.63314
7789	5.4431	8.64981
7789	5.41445	8.66648
7789	5.3858	8.68314
7789	5.35715	8.69981
7789	5.32851	8.71648
7789	5.29986	8.73314
7789	5.27121	8.74981
7789	5.24256	8.76648
7789	5.21391	8.78314
7789	5.18527	8.79981
7789	5.15662	8.81647
7789	5.12797	8.83314
7789	5.09932	8.84981
7789	5.07067	8.86647
7789	5.04203	8.88314
7789	5.01338	8.89981
7789	4.98473	8.91647
7789	4.95608	8.93314
7789	4.92743	8.94981
7789	4.89879	8.96647
7789	4.87014	8.98314
7789	4.84149	8.99981
7789	4.81284	9.01647
7789	4.7842	9.03314
7789	4.75555	9.0498
7789	4.7269	9.06647
7789	4.69825	9.08314
7789	4.6696	9.0998
7789	4.64096	9.11647
7789	4.61231	9.13314
7789	4.58366	9.1498
7789	4.55501	9.16647
7789	4.52636	9.18314
7789	4.49772	9.1998
7789	4.46907	9.21647
7789	4.44042	9.23314
7789	4.41177	9.2498
7789	4.38312	9.26647
7789	4.35448	9.28313
7789	4.32583	9.2998
7789	4.29718	9.31647
7789	4.26853	9.33313
7789	4.23989	9.3498
7789	4.21124	9.36647
7789	4.18259	9.38313
7789	4.15394	9.3998
7789	4.12529	9.41647
7789	4.09665	9.43313
7789	4.068	9.4498
7789	4.03935	9.46646
7789	4.0107	9.48313
7789	3.98205	9.4998
7789	3.95341	9.51646
7789	3.92476	9.53313
7789	3.89611	9.5498
7789	3.86746	9.56646
7789	3.83881	9.58313
7789	3.81017	9.5998
7789	3.78152	9.61646
7789	3.75287	9.63313
7789	3.72422	9.6498
7789	3.69557	9.66646
7789	3.66693	9.68313
7789	3.63828	9.69979
7789	3.60963	9.71646
7789	3.58098	9.73313
7789	3.55234	9.74979
7789	3.52369	9.76646
7789	3.49504	9.78313
7789	3.46639	9.79979
7789	3.43774	9.81646
7789	3.4091	9.83313
7789	3.38045	9.84979
7789	3.3518	9.86646
7789	3.32315	9.88313
7789	3.2945	9.89979
7789	3.26586	9.91646
7789	3.23721	9.93312
7789	3.20856	9.94979
7789	3.17991	9.96646
7789	3.15126	9.98312
7789	3.12262	9.99979
7789	3.09397	10.0165
7789	3.06532	10.0331
7789	3.03667	10.0498
7789	3.00803	10.0665
7789	2.97938	10.0831
7789	2.95073	10.0998
7789	2.92208	10.1165
7789	2.89343	10.1331
7789	2.86479	10.1498
7789	2.83614	10.1665
7789	2.80749	10.1831
7789	2.77884	10.1998
7789	2.75019	10.2165
7789	2.72155	10.2331
7789	2.6929	10.2498
7789	2.66425	10.2665
7789	2.6356	10.2831
7789	2.60695	10.2998
7789	2.57831	10.3165
7789	2.54966	10.3331
7789	2.52101	10.3498
7789	2.49236	10.3665
7789	2.46372	10.3831
7789	2.43507	10.3998
7789	2.40642	10.4165
7789	2.37777	10.4331
7789	2.34912	10.4498
7789	2.32048	10.4664
7789	2.29183	10.4831
7789	2.26318	10.4998
7789	2.23453	10.5164
7789	2.20588	10.5331
7789	2.17724	10.5498
7789	2.14859	10.5664
7789	2.11994	10.5831
7789	2.09129	10.5998
7789	2.06264	10.6164
7789	2.034	10.6331
7789	2.00535	10.6498
7789	1.9767	10.6664
7789	1.94805	10.6831
7789	1.9194	10.6998
7789	1.89076	10.7164
7789	1.86211	10.7331
7789	1.83346	10.7498
7789	1.80481	10.7664
7789	1.77617	10.7831
7789	1.74752	10.7998
7789	1.71887	10.8164
7789	1.69022	10.8331
7789	1.66157	10.8498
7789	1.63293	10.8664
7789	1.60428	10.8831
7789	1.57563	10.8998
7789	1.54698	10.9164
7789	1.51834	10.9331
7789	1.48969	10.9498
7789	1.46104	10.9664
7789	1.43239	10.9831
7789	1.40374	10.9998
7789	1.3751	11.0164
7789	1.34645	11.0331
7789	1.3178	11.0498
7789	1.28915	11.0664
7789	1.2605	11.0831
7789	1.23186	11.0998
7789	1.20321	11.1164
7789	1.17456	11.1331
7789	1.14591	11.1498
7789	1.11727	11.1664
7789	1.08862	11.1831
7789	1.05997	11.1998
7789	1.03132	11.2164
7789	1.00267	11.2331
7789	0.974027	11.2498
7789	0.945379	11.2664
7789	0.916731	11.2831
7789	0.888083	11.2998
7789	0.859436	11.3164
7789	0.830788	11.3331
7789	0.80214	11.3498
7789	0.773492	11.3664
7789	0.744844	11.3831
7789	0.716196	11.3998
7789	0.687548	11.4164
7789	0.658901	11.4331
7789	0.630253	11.4498
7789	0.601605	11.4664
7789	0.572957	11.4831
7789	0.544309	11.4998
7789	0.515661	11.5164
7789	0.487013	11.5331
7789	0.458366	11.5498
7789	0.429718	11.5664
7789	0.40107	11.5831
7789	0.372422	11.5998
7789	0.343774	11.6164
7789	0.315126	11.6331
7789	0.286478	11.6498
7789	0.257831	11.6664
7789	0.229183	11.6831
7789	0.200535	11.6998
7789	0.171887	11.7164
7789	0.143239	11.7331
7789	0.114591	11.7498
7789	0.0859435	11.7664
7789	0.0572956	11.7831
7789	0.0286478	11.7998
7789	-1.00051e-07	11.8164
