inside_count	theta (degrees)	time (s)
26992	0.0286479	0.0164108
26992	0.0572957	0.0330772
26989	0.0859435	0.0497437
26989	0.114591	0.0664101
26988	0.143239	0.0830765
26988	0.171887	0.0997429
26988	0.200535	0.116409
26988	0.229183	0.133076
26988	0.257831	0.149742
26988	0.286479	0.166409
26988	0.315126	0.183075
26987	0.343774	0.199741
26987	0.372422	0.216408
26986	0.40107	0.233074
26986	0.429718	0.249741
26986	0.458366	0.266407
26986	0.487013	0.283073
26984	0.515661	0.29974
26984	0.544309	0.316406
26984	0.572957	0.333073
26984	0.601605	0.349739
26984	0.630253	0.366405
26984	0.658901	0.383072
26984	0.687548	0.399738
26984	0.716196	0.416405
26984	0.744844	0.433071
26984	0.773492	0.449738
26983	0.80214	0.466404
26983	0.830788	0.48307
26981	0.859436	0.499737
26981	0.888083	0.516403
26981	0.916731	0.53307
26981	0.945379	0.549736
26981	0.974027	0.566402
26981	1.00267	0.583069
26981	1.03132	0.599735
26981	1.05997	0.616402
26980	1.08862	0.633068
26979	1.11727	0.649734
26979	1.14591	0.666401
26979	1.17456	0.683067
26979	1.20321	0.699734
26979	1.23186	0.7164
26979	1.2605	0.733067
26979	1.28915	0.749733
26979	1.3178	0.766399
26979	1.34645	0.783066
26979	1.3751	0.799732
26979	1.40374	0.816399
26977	1.43239	0.833065
26976	1.46104	0.849731
26976	1.48969	0.866398
26976	1.51834	0.883064
26975	1.54698	0.899731
26975	1.57563	0.916397
26975	1.60428	0.933064
26975	1.63293	0.94973
26975	1.66157	0.966396
26974	1.69022	0.983063
26974	1.71887	0.999729
26974	1.74752	1.0164
26974	1.77617	1.03306
26972	1.80481	1.04973
26972	1.83346	1.06639
26972	1.86211	1.08306
26972	1.89076	1.09973
26972	1.9194	1.11639
26972	1.94805	1.13306
26972	1.9767	1.14973
26972	2.00535	1.16639
26972	2.034	1.18306
26972	2.06264	1.19973
26969	2.09129	1.21639
26967	2.11994	1.23306
26967	2.14859	1.24973
26967	2.17724	1.26639
26967	2.20588	1.28306
26967	2.23453	1.29972
26967	2.26318	1.31639
26967	2.29183	1.33306
26967	2.32048	1.34972
26967	2.34912	1.36639
26967	2.37777	1.38306
26967	2.40642	1.39972
26967	2.43507	1.41639
26967	2.46372	1.43306
26967	2.49236	1.44972
26967	2.52101	1.46639
26967	2.54966	1.48306
26967	2.57831	1.49972
26967	2.60695	1.51639
26967	2.6356	1.53305
26967	2.66425	1.54972
26967	2.6929	1.56639
26967	2.72155	1.58305
26965	2.75019	1.59972
26963	2.77884	1.61639
26963	2.80749	1.63305
26963	2.83614	1.64972
26963	2.86479	1.66639
26963	2.89343	1.68305
26963	2.92208	1.69972
26963	2.95073	1.71638
26963	2.97938	1.73305
26963	3.00803	1.74972
26963	3.03667	1.76638
26963	3.06532	1.78305
26963	3.09397	1.79972
26963	3.12262	1.81638
26963	3.15126	1.83305
26962	3.17991	1.84972
26962	3.20856	1.86638
26962	3.23721	1.88305
26962	3.26586	1.89972
26960	3.2945	1.91638
26960	3.32315	1.93305
26960	3.3518	1.94971
26960	3.38045	1.96638
26960	3.4091	1.98305
26960	3.43774	1.99971
26960	3.46639	2.01638
26960	3.49504	2.03305
26960	3.52369	2.04971
26960	3.55234	2.06638
26958	3.58098	2.08305
26958	3.60963	2.09971
26958	3.63828	2.11638
26958	3.66693	2.13305
26958	3.69557	2.14971
26958	3.72422	2.16638
26958	3.75287	2.18304
26958	3.78152	2.19971
26958	3.81017	2.21638
26958	3.83881	2.23304
26958	3.86746	2.24971
26958	3.89611	2.26638
26958	3.92476	2.28304
26958	3.95341	2.29971
26958	3.98205	2.31638
26958	4.0107	2.33304
26958	4.03935	2.34971
26958	4.068	2.36637
26958	4.09665	2.38304
26958	4.12529	2.39971
26958	4.15394	2.41637
26958	4.18259	2.43304
26958	4.21124	2.44971
26957	4.23989	2.46637
26956	4.26853	2.48304
26956	4.29718	2.49971
26956	4.32583	2.51637
26956	4.35448	2.53304
26956	4.38312	2.54971
26956	4.41177	2.56637
26956	4.44042	2.58304
26956	4.46907	2.5997
26956	4.49772	2.61637
26956	4.52636	2.63304
26956	4.55501	2.6497
26956	4.58366	2.66637
26956	4.61231	2.68304
26956	4.64096	2.6997
26956	4.6696	2.71637
26956	4.69825	2.73304
26956	4.7269	2.7497
26956	4.75555	2.76637
26956	4.7842	2.78304
26956	4.81284	2.7997
26956	4.84149	2.81637
26956	4.87014	2.83303
26956	4.89879	2.8497
26956	4.92743	2.86637
26956	4.95608	2.88303
26956	4.98473	2.8997
26956	5.01338	2.91637
26956	5.04203	2.93303
26956	5.07067	2.9497
26956	5.09932	2.96637
26956	5.12797	2.98303
26956	5.15662	2.9997
26956	5.18527	3.01637
26956	5.21391	3.03303
26956	5.24256	3.0497
26956	5.27121	3.06636
26956	5.29986	3.08303
26956	5.32851	3.0997
26956	5.35715	3.11636
26956	5.3858	3.13303
26956	5.41445	3.1497
26956	5.4431	3.16636
26956	5.47175	3.18303
26956	5.50039	3.1997
26956	5.52904	3.21636
26956	5.55769	3.23303
26956	5.58634	3.24969
26956	5.61498	3.26636
26956	5.64363	3.28303
26956	5.67228	3.29969
26956	5.70093	3.31636
26956	5.72958	3.33303
26956	5.75822	3.34969
26956	5.78687	3.36636
26956	5.81552	3.38303
26956	5.84417	3.39969
26956	5.87282	3.41636
26956	5.90146	3.43303
26956	5.93011	3.44969
26956	5.95876	3.46636
26956	5.98741	3.48302
26956	6.01606	3.49969
26956	6.0447	3.51636
26956	6.07335	3.53302
26956	6.102	3.54969
26956	6.13065	3.56636
26956	6.1593	3.58302
26956	6.18794	3.59969
26956	6.21659	3.61636
26956	6.24524	3.63302
26956	6.27389	3.64969
26956	6.30253	3.66636
26956	6.33118	3.68302
26956	6.35983	3.69969
26956	6.38848	3.71635
26956	6.41713	3.73302
26956	6.44577	3.74969
26956	6.47442	3.76635
26956	6.50307	3.78302
26956	6.53172	3.79969
26956	6.56037	3.81635
26956	6.58901	3.83302
26956	6.61766	3.84969
26956	6.64631	3.86635
26956	6.67496	3.88302
26956	6.70361	3.89968
26956	6.73225	3.91635
26956	6.7609	3.93302
26956	6.78955	3.94968
26956	6.8182	3.96635
26956	6.84685	3.98302
26956	6.87549	3.99968
26956	6.90414	4.01635
26956	6.93279	4.03302
26956	6.96144	4.04968
26956	6.99008	4.06635
26956	7.01873	4.08302
26956	7.04738	4.09968
26956	7.07603	4.11635
26956	7.10468	4.13301
26956	7.13332	4.14968
26956	7.16197	4.16635
26956	7.19062	4.18301
26956	7.21927	4.19968
26956	7.24791	4.21635
26956	7.27656	4.23301
26956	7.30521	4.24968
26956	7.33386	4.26635
26956	7.3625	4.28301
26956	7.39115	4.29968
26956	7.4198	4.31635
26956	7.44845	4.33301
26956	7.47709	4.34968
26956	7.50574	4.36634
26956	7.53439	4.38301
26956	7.56304	4.39968
26956	7.59168	4.41634
26956	7.62033	4.43301
26956	7.64898	4.44968
26956	7.67763	4.46634
26956	7.70627	4.48301
26956	7.73492	4.49968
26956	7.76357	4.51634
26956	7.79222	4.53301
26956	7.82086	4.54967
26956	7.84951	4.56634
26956	7.87816	4.58301
26956	7.90681	4.59967
26956	7.93545	4.61634
26956	7.9641	4.63301
26956	7.99275	4.64967
26956	8.0214	4.66634
26956	8.05004	4.68301
26956	8.07869	4.69967
26956	8.10734	4.71634
26956	8.13599	4.73301
26956	8.16463	4.74967
26956	8.19328	4.76634
26955	8.22193	4.783
26955	8.25058	4.79967
26955	8.27922	4.81634
26955	8.30787	4.833
26955	8.33652	4.84967
26955	8.36517	4.86634
26955	8.39381	4.883
26955	8.42246	4.89967
26955	8.45111	4.91634
26955	8.47976	4.933
26955	8.5084	4.94967
26955	8.53705	4.96634
26955	8.5657	4.983
26955	8.59435	4.99967
26955	8.62299	5.01633
26955	8.65164	5.033
26955	8.68029	5.04967
26955	8.70894	5.06633
26955	8.73758	5.083
26955	8.76623	5.09967
26955	8.79488	5.11633
26955	8.82353	5.133
26955	8.85217	5.14967
26955	8.88082	5.16633
26955	8.90947	5.183
26955	8.93812	5.19967
26955	8.96676	5.21633
26955	8.99541	5.233
26955	9.02406	5.24966
26955	9.05271	5.26633
26942	9.08135	5.283
26940	9.11	5.29966
26940	9.13865	5.31633
26940	9.1673	5.333
26939	9.19594	5.34966
26930	9.22459	5.36633
26926	9.25324	5.383
26918	9.28189	5.39966
26915	9.31053	5.41633
26915	9.33918	5.43299
26915	9.36783	5.44966
26912	9.39648	5.46633
26907	9.42512	5.48299
26898	9.45377	5.49966
26893	9.48242	5.51633
26892	9.51107	5.53299
26886	9.53971	5.54966
26880	9.56836	5.56633
26877	9.59701	5.58299
26868	9.62566	5.59966
26860	9.6543	5.61633
26852	9.68295	5.63299
26845	9.7116	5.64966
26841	9.74024	5.66632
26835	9.76889	5.68299
26826	9.79754	5.69966
26818	9.82619	5.71632
26813	9.85484	5.73299
26806	9.88348	5.74966
26800	9.91213	5.76632
26789	9.94078	5.78299
26784	9.96943	5.79966
26775	9.99807	5.81632
26767	10.0267	5.83299
26755	10.0554	5.84966
26744	10.084	5.86632
26736	10.1127	5.88299
26728	10.1413	5.89965
26720	10.17	5.91632
26710	10.1986	5.93299
26700	10.2273	5.94965
26692	10.2559	5.96632
26681	10.2845	5.98299
26672	10.3132	5.99965
26663	10.3418	6.01632
26653	10.3705	6.03299
26643	10.3991	6.04965
26632	10.4278	6.06632
26624	10.4564	6.08298
26614	10.4851	6.09965
26605	10.5137	6.11632
26598	10.5424	6.13298
26589	10.571	6.14965
26580	10.5997	6.16632
26570	10.6283	6.18298
26561	10.657	6.19965
26549	10.6856	6.21632
26543	10.7143	6.23298
26529	10.7429	6.24965
26521	10.7716	6.26632
26510	10.8002	6.28298
26500	10.8288	6.29965
26494	10.8575	6.31631
26485	10.8861	6.33298
26471	10.9148	6.34965
26459	10.9434	6.36631
26451	10.9721	6.38298
26441	11.0007	6.39965
26437	11.0294	6.41631
26421	11.058	6.43298
26409	11.0867	6.44965
26400	11.1153	6.46631
26391	11.144	6.48298
26380	11.1726	6.49965
26369	11.2013	6.51631
26355	11.2299	6.53298
26343	11.2586	6.54964
26333	11.2872	6.56631
26326	11.3159	6.58298
26319	11.3445	6.59964
26308	11.3732	6.61631
26297	11.4018	6.63298
26287	11.4304	6.64964
26276	11.4591	6.66631
26267	11.4877	6.68298
26255	11.5164	6.69964
26241	11.545	6.71631
26230	11.5737	6.73298
26224	11.6023	6.74964
26211	11.631	6.76631
26199	11.6596	6.78297
26186	11.6883	6.79964
26173	11.7169	6.81631
26161	11.7456	6.83297
26152	11.7742	6.84964
26140	11.8029	6.86631
26128	11.8315	6.88297
26115	11.8602	6.89964
26100	11.8888	6.91631
26086	11.9175	6.93297
26073	11.9461	6.94964
26064	11.9747	6.9663
26051	12.0034	6.98297
26041	12.032	6.99964
26032	12.0607	7.0163
26019	12.0893	7.03297
26006	12.118	7.04964
25993	12.1466	7.0663
25978	12.1753	7.08297
25964	12.2039	7.09964
25954	12.2326	7.1163
25941	12.2612	7.13297
25927	12.2899	7.14964
25913	12.3185	7.1663
25903	12.3472	7.18297
25895	12.3758	7.19963
25883	12.4045	7.2163
25867	12.4331	7.23297
25855	12.4618	7.24963
25843	12.4904	7.2663
25831	12.5191	7.28297
25819	12.5477	7.29963
25802	12.5763	7.3163
25790	12.605	7.33297
25777	12.6336	7.34963
25764	12.6623	7.3663
25754	12.6909	7.38297
25740	12.7196	7.39963
25729	12.7482	7.4163
25714	12.7769	7.43296
25697	12.8055	7.44963
25685	12.8342	7.4663
25667	12.8628	7.48296
25658	12.8915	7.49963
25645	12.9201	7.5163
25632	12.9488	7.53296
25619	12.9774	7.54963
25609	13.0061	7.5663
25596	13.0347	7.58296
25579	13.0634	7.59963
25567	13.092	7.61629
25553	13.1206	7.63296
25541	13.1493	7.64963
25522	13.1779	7.66629
25505	13.2066	7.68296
25491	13.2352	7.69963
25480	13.2639	7.71629
25465	13.2925	7.73296
25451	13.3212	7.74963
25435	13.3498	7.76629
25425	13.3785	7.78296
25406	13.4071	7.79963
25393	13.4358	7.81629
25377	13.4644	7.83296
25362	13.4931	7.84962
25348	13.5217	7.86629
25331	13.5504	7.88296
25316	13.579	7.89962
25296	13.6077	7.91629
25279	13.6363	7.93296
25267	13.665	7.94962
25253	13.6936	7.96629
25237	13.7222	7.98296
25221	13.7509	7.99962
25202	13.7795	8.01629
25186	13.8082	8.03296
25170	13.8368	8.04962
25153	13.8655	8.06629
25139	13.8941	8.08295
25122	13.9228	8.09962
25102	13.9514	8.11629
25082	13.9801	8.13295
25060	14.0087	8.14962
25045	14.0374	8.16629
25030	14.066	8.18295
25014	14.0947	8.19962
24999	14.1233	8.21629
24977	14.152	8.23295
24959	14.1806	8.24962
24938	14.2093	8.26628
24922	14.2379	8.28295
24904	14.2665	8.29962
24889	14.2952	8.31628
24870	14.3238	8.33295
24853	14.3525	8.34962
24832	14.3811	8.36628
24815	14.4098	8.38295
24798	14.4384	8.39962
24784	14.4671	8.41628
24767	14.4957	8.43295
24750	14.5244	8.44962
24730	14.553	8.46628
24716	14.5817	8.48295
24700	14.6103	8.49961
24681	14.639	8.51628
24662	14.6676	8.53295
24643	14.6963	8.54961
24623	14.7249	8.56628
24606	14.7536	8.58295
24589	14.7822	8.59961
24576	14.8109	8.61628
24562	14.8395	8.63295
24542	14.8681	8.64961
24522	14.8968	8.66628
24509	14.9254	8.68295
24490	14.9541	8.69961
24475	14.9827	8.71628
24457	15.0114	8.73294
24442	15.04	8.74961
24427	15.0687	8.76628
24405	15.0973	8.78294
24389	15.126	8.79961
24370	15.1546	8.81628
24355	15.1833	8.83294
24336	15.2119	8.84961
24320	15.2406	8.86628
24306	15.2692	8.88294
24290	15.2979	8.89961
24275	15.3265	8.91628
24260	15.3552	8.93294
24245	15.3838	8.94961
24227	15.4124	8.96627
24207	15.4411	8.98294
24184	15.4697	8.99961
24163	15.4984	9.01627
24146	15.527	9.03294
24129	15.5557	9.04961
24113	15.5843	9.06627
24096	15.613	9.08294
24077	15.6416	9.09961
24054	15.6703	9.11627
24032	15.6989	9.13294
24013	15.7276	9.1496
23998	15.7562	9.16627
23978	15.7849	9.18294
23959	15.8135	9.1996
23941	15.8422	9.21627
23917	15.8708	9.23294
23897	15.8995	9.2496
23875	15.9281	9.26627
23854	15.9567	9.28294
23832	15.9854	9.2996
23808	16.014	9.31627
23786	16.0427	9.33294
23763	16.0713	9.3496
23739	16.1	9.36627
23716	16.1286	9.38293
23694	16.1573	9.3996
23667	16.1859	9.41627
23645	16.2146	9.43293
23613	16.2432	9.4496
23589	16.2719	9.46627
23563	16.3005	9.48293
23538	16.3292	9.4996
23511	16.3578	9.51627
23479	16.3865	9.53293
23454	16.4151	9.5496
23424	16.4438	9.56627
23400	16.4724	9.58293
23375	16.5011	9.5996
23343	16.5297	9.61626
23315	16.5583	9.63293
23285	16.587	9.6496
23247	16.6156	9.66626
23220	16.6443	9.68293
23184	16.6729	9.6996
23157	16.7016	9.71626
23129	16.7302	9.73293
23096	16.7589	9.7496
23065	16.7875	9.76626
23037	16.8162	9.78293
23004	16.8448	9.79959
22969	16.8735	9.81626
22941	16.9021	9.83293
22904	16.9308	9.84959
22874	16.9594	9.86626
22847	16.9881	9.88293
22810	17.0167	9.89959
22775	17.0454	9.91626
22741	17.074	9.93293
22706	17.1026	9.94959
22677	17.1313	9.96626
22648	17.1599	9.98293
22615	17.1886	9.99959
22582	17.2172	10.0163
22546	17.2459	10.0329
22520	17.2745	10.0496
22484	17.3032	10.0663
22449	17.3318	10.0829
22417	17.3605	10.0996
22386	17.3891	10.1163
22350	17.4178	10.1329
22319	17.4464	10.1496
22283	17.4751	10.1663
22251	17.5037	10.1829
22218	17.5324	10.1996
22188	17.561	10.2163
22152	17.5897	10.2329
22119	17.6183	10.2496
22085	17.647	10.2663
22053	17.6756	10.2829
22018	17.7042	10.2996
21990	17.7329	10.3163
21956	17.7615	10.3329
21923	17.7902	10.3496
21886	17.8188	10.3663
21855	17.8475	10.3829
21823	17.8761	10.3996
21791	17.9048	10.4163
21757	17.9334	10.4329
21716	17.9621	10.4496
21686	17.9907	10.4663
21650	18.0194	10.4829
21616	18.048	10.4996
21585	18.0767	10.5163
21553	18.1053	10.5329
21521	18.134	10.5496
21485	18.1626	10.5662
21445	18.1913	10.5829
21417	18.2199	10.5996
21387	18.2485	10.6162
21349	18.2772	10.6329
21315	18.3058	10.6496
21284	18.3345	10.6662
21251	18.3631	10.6829
21217	18.3918	10.6996
21186	18.4204	10.7162
21154	18.4491	10.7329
21113	18.4777	10.7496
21080	18.5064	10.7662
21048	18.535	10.7829
21017	18.5637	10.7996
20977	18.5923	10.8162
20945	18.621	10.8329
20909	18.6496	10.8496
20873	18.6783	10.8662
20836	18.7069	10.8829
20807	18.7356	10.8996
20769	18.7642	10.9162
20734	18.7929	10.9329
20696	18.8215	10.9496
20665	18.8501	10.9662
20626	18.8788	10.9829
20593	18.9074	10.9996
20557	18.9361	11.0162
20524	18.9647	11.0329
20491	18.9934	11.0496
20452	19.022	11.0662
20424	19.0507	11.0829
20389	19.0793	11.0996
20349	19.108	11.1162
20317	19.1366	11.1329
20284	19.1653	11.1496
20247	19.1939	11.1662
20210	19.2226	11.1829
20169	19.2512	11.1996
20135	19.2799	11.2162
20103	19.3085	11.2329
20065	19.3372	11.2496
20032	19.3658	11.2662
19994	19.3944	11.2829
19964	19.4231	11.2996
19930	19.4517	11.3162
19888	19.4804	11.3329
19855	19.509	11.3496
19825	19.5377	11.3662
19785	19.5663	11.3829
19746	19.595	11.3996
19710	19.6236	11.4162
19675	19.6523	11.4329
19641	19.6809	11.4496
19605	19.7096	11.4662
19572	19.7382	11.4829
19533	19.7669	11.4996
19496	19.7955	11.5162
19460	19.8242	11.5329
19427	19.8528	11.5496
19392	19.8815	11.5662
19353	19.9101	11.5829
19320	19.9387	11.5996
19285	19.9674	11.6162
19251	19.996	11.6329
19215	20.0247	11.6496
19180	20.0533	11.6662
19144	20.082	11.6829
19108	20.1106	11.6996
19075	20.1393	11.7162
19039	20.1679	11.7329
19002	20.1966	11.7496
18968	20.2252	11.7662
18936	20.2539	11.7829
18901	20.2825	11.7996
18868	20.3112	11.8162
18833	20.3398	11.8329
18794	20.3685	11.8496
18762	20.3971	11.8662
18724	20.4258	11.8829
18686	20.4544	11.8996
18647	20.4831	11.9162
18615	20.5117	11.9329
18580	20.5403	11.9496
18542	20.569	11.9662
18506	20.5976	11.9829
18473	20.6263	11.9996
18437	20.6549	12.0162
18402	20.6836	12.0329
18374	20.7122	12.0496
18339	20.7409	12.0662
18303	20.7695	12.0829
18270	20.7982	12.0996
18233	20.8268	12.1162
18203	20.8555	12.1329
18163	20.8841	12.1496
18122	20.9128	12.1662
18088	20.9414	12.1829
18052	20.9701	12.1996
18019	20.9987	12.2162
17985	21.0274	12.2329
17945	21.056	12.2496
17910	21.0846	12.2662
17880	21.1133	12.2829
17840	21.1419	12.2996
17805	21.1706	12.3162
17777	21.1992	12.3329
17739	21.2279	12.3496
17702	21.2565	12.3662
17669	21.2852	12.3829
17634	21.3138	12.3996
17600	21.3425	12.4162
17564	21.3711	12.4329
17530	21.3998	12.4496
17496	21.4284	12.4662
17458	21.4571	12.4829
17422	21.4857	12.4996
17388	21.5144	12.5162
17353	21.543	12.5329
17319	21.5717	12.5496
17289	21.6003	12.5662
17254	21.629	12.5829
17215	21.6576	12.5996
17181	21.6862	12.6162
17145	21.7149	12.6329
17111	21.7435	12.6496
17086	21.7722	12.6662
17047	21.8008	12.6829
17015	21.8295	12.6996
16971	21.8581	12.7162
16931	21.8868	12.7329
16901	21.9154	12.7495
16872	21.9441	12.7662
16834	21.9727	12.7829
16797	22.0014	12.7995
16763	22.03	12.8162
16733	22.0587	12.8329
16696	22.0873	12.8495
16663	22.116	12.8662
16625	22.1446	12.8829
16592	22.1733	12.8995
16562	22.2019	12.9162
16527	22.2305	12.9329
16490	22.2592	12.9495
16456	22.2878	12.9662
16422	22.3165	12.9829
16380	22.3451	12.9995
16351	22.3738	13.0162
16317	22.4024	13.0329
16281	22.4311	13.0495
16250	22.4597	13.0662
16208	22.4884	13.0829
16174	22.517	13.0995
16135	22.5457	13.1162
16103	22.5743	13.1329
16066	22.603	13.1495
16031	22.6316	13.1662
15999	22.6603	13.1829
15969	22.6889	13.1995
15932	22.7176	13.2162
15892	22.7462	13.2329
15854	22.7749	13.2495
15818	22.8035	13.2662
15785	22.8321	13.2829
15749	22.8608	13.2995
15719	22.8894	13.3162
15681	22.9181	13.3329
15642	22.9467	13.3495
15605	22.9754	13.3662
15572	23.004	13.3829
15540	23.0327	13.3995
15501	23.0613	13.4162
15463	23.09	13.4329
15428	23.1186	13.4495
15386	23.1473	13.4662
15355	23.1759	13.4829
15316	23.2046	13.4995
15284	23.2332	13.5162
15249	23.2619	13.5329
15205	23.2905	13.5495
15171	23.3192	13.5662
15141	23.3478	13.5829
15107	23.3764	13.5995
15070	23.4051	13.6162
15032	23.4337	13.6329
14993	23.4624	13.6495
14964	23.491	13.6662
14925	23.5197	13.6829
14887	23.5483	13.6995
14851	23.577	13.7162
14821	23.6056	13.7329
14780	23.6343	13.7495
14746	23.6629	13.7662
14709	23.6916	13.7829
14677	23.7202	13.7995
14641	23.7489	13.8162
14608	23.7775	13.8329
14571	23.8062	13.8495
14529	23.8348	13.8662
14490	23.8635	13.8829
14451	23.8921	13.8995
14422	23.9207	13.9162
14383	23.9494	13.9329
14346	23.978	13.9495
14317	24.0067	13.9662
14280	24.0353	13.9829
14245	24.064	13.9995
14207	24.0926	14.0162
14174	24.1213	14.0329
14138	24.1499	14.0495
14100	24.1786	14.0662
14067	24.2072	14.0829
14030	24.2359	14.0995
13997	24.2645	14.1162
13960	24.2932	14.1329
13926	24.3218	14.1495
13890	24.3505	14.1662
13860	24.3791	14.1829
13829	24.4078	14.1995
13777	24.4364	14.2162
13747	24.4651	14.2329
13717	24.4937	14.2495
13680	24.5223	14.2662
13642	24.551	14.2829
13607	24.5796	14.2995
13574	24.6083	14.3162
13538	24.6369	14.3329
13502	24.6656	14.3495
13470	24.6942	14.3662
13435	24.7229	14.3829
13403	24.7515	14.3995
13373	24.7802	14.4162
13338	24.8088	14.4329
13291	24.8375	14.4495
13252	24.8661	14.4662
13222	24.8948	14.4829
13186	24.9234	14.4995
13152	24.9521	14.5162
13113	24.9807	14.5329
13079	25.0094	14.5495
13043	25.038	14.5662
13007	25.0666	14.5829
12977	25.0953	14.5995
12944	25.1239	14.6162
12918	25.1526	14.6329
12882	25.1812	14.6495
12840	25.2099	14.6662
12816	25.2385	14.6829
12777	25.2672	14.6995
12744	25.2958	14.7162
12713	25.3245	14.7329
12678	25.3531	14.7495
12636	25.3818	14.7662
12601	25.4104	14.7829
12576	25.4391	14.7995
12543	25.4677	14.8162
12505	25.4964	14.8329
12476	25.525	14.8495
12440	25.5537	14.8662
12409	25.5823	14.8829
12378	25.611	14.8995
12343	25.6396	14.9162
12315	25.6682	14.9328
12280	25.6969	14.9495
12246	25.7255	14.9662
12209	25.7542	14.9828
12182	25.7828	14.9995
12152	25.8115	15.0162
12124	25.8401	15.0328
12096	25.8688	15.0495
12058	25.8974	15.0662
12030	25.9261	15.0828
11998	25.9547	15.0995
11964	25.9834	15.1162
11926	26.012	15.1328
11895	26.0407	15.1495
11860	26.0693	15.1662
11820	26.098	15.1828
11793	26.1266	15.1995
11763	26.1553	15.2162
11731	26.1839	15.2328
11693	26.2125	15.2495
11660	26.2412	15.2662
11623	26.2698	15.2828
11594	26.2985	15.2995
11562	26.3271	15.3162
11539	26.3558	15.3328
11505	26.3844	15.3495
11474	26.4131	15.3662
11443	26.4417	15.3828
11415	26.4704	15.3995
11386	26.499	15.4162
11359	26.5277	15.4328
11324	26.5563	15.4495
11292	26.585	15.4662
11258	26.6136	15.4828
11226	26.6423	15.4995
11195	26.6709	15.5162
11160	26.6996	15.5328
11129	26.7282	15.5495
11096	26.7568	15.5662
11061	26.7855	15.5828
11030	26.8141	15.5995
10999	26.8428	15.6162
10965	26.8714	15.6328
10935	26.9001	15.6495
10904	26.9287	15.6662
10871	26.9574	15.6828
10835	26.986	15.6995
10812	27.0147	15.7162
10783	27.0433	15.7328
10746	27.072	15.7495
10707	27.1006	15.7662
10675	27.1293	15.7828
10648	27.1579	15.7995
10610	27.1866	15.8162
10579	27.2152	15.8328
10553	27.2439	15.8495
10520	27.2725	15.8662
10486	27.3012	15.8828
10453	27.3298	15.8995
10420	27.3584	15.9162
10389	27.3871	15.9328
10356	27.4157	15.9495
10320	27.4444	15.9662
10294	27.473	15.9828
10264	27.5017	15.9995
10229	27.5303	16.0162
10195	27.559	16.0328
10167	27.5876	16.0495
10137	27.6163	16.0662
10104	27.6449	16.0828
10082	27.6736	16.0995
10052	27.7022	16.1162
10017	27.7309	16.1328
9984	27.7595	16.1495
9954	27.7882	16.1662
9918	27.8168	16.1828
9889	27.8455	16.1995
9864	27.8741	16.2162
9829	27.9028	16.2328
9803	27.9314	16.2495
9775	27.96	16.2662
9739	27.96	16.2828
9711	27.96	16.2995
9684	27.96	16.3162
9647	27.96	16.3328
9623	27.96	16.3495
9591	27.96	16.3662
9562	27.96	16.3828
9534	27.96	16.3995
9502	27.96	16.4162
9472	27.96	16.4328
9439	27.96	16.4495
9406	27.96	16.4662
9371	27.96	16.4828
9341	27.96	16.4995
9313	27.96	16.5162
9283	27.96	16.5328
9259	27.96	16.5495
9229	27.96	16.5662
9195	27.96	16.5828
9163	27.96	16.5995
9135	27.96	16.6162
9102	27.96	16.6328
9076	27.96	16.6495
9042	27.96	16.6662
9015	27.96	16.6828
8984	27.96	16.6995
8955	27.96	16.7162
8926	27.96	16.7328
8899	27.96	16.7495
8874	27.96	16.7662
8851	27.96	16.7828
8823	27.96	16.7995
8791	27.96	16.8162
8761	27.96	16.8328
8736	27.96	16.8495
8709	27.96	16.8662
8679	27.96	16.8828
8649	27.96	16.8995
8618	27.96	16.9162
8588	27.96	16.9328
8562	27.96	16.9495
8538	27.96	16.9662
8515	27.96	16.9828
8486	27.96	16.9995
8458	27.96	17.0162
8427	27.96	17.0328
8401	27.96	17.0495
8376	27.96	17.0662
8344	27.96	17.0828
8317	27.96	17.0995
8290	27.96	17.1161
8263	27.96	17.1328
8236	27.96	17.1495
8211	27.96	17.1661
8186	27.96	17.1828
8155	27.96	17.1995
8122	27.96	17.2161
8098	27.96	17.2328
8071	27.96	17.2495
8038	27.96	17.2661
8009	27.96	17.2828
7986	27.96	17.2995
7960	27.96	17.3161
7930	27.96	17.3328
7909	27.96	17.3495
7883	27.96	17.3661
7853	27.96	17.3828
7830	27.96	17.3995
7806	27.96	17.4161
7778	27.96	17.4328
7751	27.96	17.4495
7729	27.96	17.4661
7699	27.96	17.4828
7675	27.96	17.4995
7647	27.96	17.5161
7614	27.96	17.5328
7586	27.96	17.5495
7565	27.96	17.5661
7549	27.96	17.5828
7519	27.96	17.5995
7491	27.96	17.6161
7469	27.96	17.6328
7445	27.96	17.6495
7415	27.96	17.6661
7388	27.96	17.6828
7367	27.96	17.6995
7342	27.96	17.7161
7320	27.96	17.7328
7298	27.96	17.7495
7268	27.96	17.7661
7242	27.96	17.7828
7217	27.96	17.7995
7194	27.96	17.8161
7172	27.96	17.8328
7145	27.96	17.8495
7120	27.96	17.8661
7094	27.96	17.8828
7069	27.96	17.8995
7041	27.96	17.9161
7022	27.96	17.9328
7001	27.96	17.9495
6971	27.96	17.9661
6948	27.96	17.9828
6923	27.96	17.9995
6903	27.96	18.0161
6878	27.96	18.0328
6853	27.96	18.0495
6831	27.96	18.0661
6814	27.96	18.0828
6787	27.9314	18.0995
6759	27.9028	18.1161
6740	27.8741	18.1328
6718	27.8455	18.1495
6691	27.8168	18.1661
6678	27.7882	18.1828
6654	27.7595	18.1995
6634	27.7309	18.2161
6612	27.7022	18.2328
6593	27.6736	18.2495
6571	27.6449	18.2661
6553	27.6163	18.2828
6533	27.5876	18.2995
6510	27.559	18.3161
6485	27.5303	18.3328
6463	27.5017	18.3495
6441	27.473	18.3661
6425	27.4444	18.3828
6406	27.4157	18.3995
6386	27.3871	18.4161
6365	27.3584	18.4328
6343	27.3298	18.4495
6325	27.3012	18.4661
6305	27.2725	18.4828
6291	27.2439	18.4995
6274	27.2152	18.5161
6255	27.1866	18.5328
6233	27.1579	18.5495
6215	27.1293	18.5661
6196	27.1006	18.5828
6179	27.072	18.5995
6157	27.0433	18.6161
6138	27.0147	18.6328
6119	26.986	18.6495
6108	26.9574	18.6661
6088	26.9287	18.6828
6068	26.9001	18.6995
6051	26.8714	18.7161
6032	26.8428	18.7328
6013	26.8141	18.7495
5995	26.7855	18.7661
5980	26.7568	18.7828
5970	26.7282	18.7995
5951	26.6996	18.8161
5928	26.6709	18.8328
5915	26.6423	18.8495
5898	26.6136	18.8661
5883	26.585	18.8828
5865	26.5563	18.8995
5854	26.5277	18.9161
5836	26.499	18.9328
5821	26.4704	18.9495
5808	26.4417	18.9661
5787	26.4131	18.9828
5770	26.3844	18.9995
5757	26.3558	19.0161
5737	26.3271	19.0328
5719	26.2985	19.0495
5705	26.2698	19.0661
5692	26.2412	19.0828
5674	26.2125	19.0995
5655	26.1839	19.1161
5644	26.1553	19.1328
5624	26.1266	19.1495
5613	26.098	19.1661
5597	26.0693	19.1828
5581	26.0407	19.1995
5571	26.012	19.2161
5555	25.9834	19.2328
5542	25.9547	19.2495
5527	25.9261	19.2661
5513	25.8974	19.2828
5496	25.8688	19.2994
5482	25.8401	19.3161
5468	25.8115	19.3328
5452	25.7828	19.3494
5437	25.7542	19.3661
5423	25.7255	19.3828
5404	25.6969	19.3994
5394	25.6682	19.4161
5378	25.6396	19.4328
5366	25.611	19.4494
5347	25.5823	19.4661
5331	25.5537	19.4828
5318	25.525	19.4994
5308	25.4964	19.5161
5294	25.4677	19.5328
5278	25.4391	19.5494
5265	25.4104	19.5661
5252	25.3818	19.5828
5235	25.3531	19.5994
5224	25.3245	19.6161
5210	25.2958	19.6328
5197	25.2672	19.6494
5184	25.2385	19.6661
5172	25.2099	19.6828
5161	25.1812	19.6994
5144	25.1526	19.7161
5129	25.1239	19.7328
5113	25.0953	19.7494
5104	25.0666	19.7661
5091	25.038	19.7828
5082	25.0094	19.7994
5064	24.9807	19.8161
5050	24.9521	19.8328
5041	24.9234	19.8494
5030	24.8948	19.8661
5017	24.8661	19.8828
5005	24.8375	19.8994
4992	24.8088	19.9161
4980	24.7802	19.9328
4967	24.7515	19.9494
4958	24.7229	19.9661
4947	24.6942	19.9828
4934	24.6656	19.9994
4923	24.6369	20.0161
4911	24.6083	20.0328
4901	24.5796	20.0494
4888	24.551	20.0661
4877	24.5223	20.0828
4867	24.4937	20.0994
4855	24.4651	20.1161
4845	24.4364	20.1328
4833	24.4078	20.1494
4820	24.3791	20.1661
4810	24.3505	20.1828
4799	24.3218	20.1994
4789	24.2932	20.2161
4776	24.2645	20.2328
4766	24.2359	20.2494
4757	24.2072	20.2661
4748	24.1786	20.2828
4736	24.1499	20.2994
4727	24.1213	20.3161
4718	24.0926	20.3328
4709	24.064	20.3494
4701	24.0353	20.3661
4687	24.0067	20.3828
4678	23.978	20.3994
4668	23.9494	20.4161
4661	23.9207	20.4328
4653	23.8921	20.4494
4641	23.8635	20.4661
4632	23.8348	20.4828
4619	23.8062	20.4994
4611	23.7775	20.5161
4605	23.7489	20.5328
4596	23.7202	20.5494
4587	23.6916	20.5661
4577	23.6629	20.5828
4567	23.6343	20.5994
4561	23.6056	20.6161
4553	23.577	20.6328
4544	23.5483	20.6494
4536	23.5197	20.6661
4527	23.491	20.6828
4520	23.4624	20.6994
4513	23.4337	20.7161
4501	23.4051	20.7328
4494	23.3764	20.7494
4485	23.3478	20.7661
4476	23.3192	20.7828
4469	23.2905	20.7994
4460	23.2619	20.8161
4451	23.2332	20.8328
4440	23.2046	20.8494
4436	23.1759	20.8661
4427	23.1473	20.8828
4416	23.1186	20.8994
4409	23.09	20.9161
4404	23.0613	20.9328
4397	23.0327	20.9494
4387	23.004	20.9661
4383	22.9754	20.9828
4372	22.9467	20.9994
4364	22.9181	21.0161
4359	22.8894	21.0328
4354	22.8608	21.0494
4348	22.8321	21.0661
4338	22.8035	21.0828
4332	22.7749	21.0994
4324	22.7462	21.1161
4317	22.7176	21.1328
4311	22.6889	21.1494
4303	22.6603	21.1661
4296	22.6316	21.1828
4290	22.603	21.1994
4283	22.5743	21.2161
4276	22.5457	21.2328
4269	22.517	21.2494
4261	22.4884	21.2661
4254	22.4597	21.2828
4247	22.4311	21.2994
4240	22.4024	21.3161
4234	22.3738	21.3328
4229	22.3451	21.3494
4222	22.3165	21.3661
4215	22.2878	21.3828
4208	22.2592	21.3994
4204	22.2305	21.4161
4198	22.2019	21.4328
4190	22.1733	21.4494
4187	22.1446	21.4661
4179	22.116	21.4827
4174	22.0873	21.4994
4168	22.0587	21.5161
4161	22.03	21.5327
4155	22.0014	21.5494
4149	21.9727	21.5661
4144	21.9441	21.5827
4138	21.9154	21.5994
4134	21.8868	21.6161
4127	21.8581	21.6327
4122	21.8295	21.6494
4115	21.8008	21.6661
4111	21.7722	21.6827
4106	21.7435	21.6994
4098	21.7149	21.7161
4094	21.6862	21.7327
4088	21.6576	21.7494
4085	21.629	21.7661
4078	21.6003	21.7827
4072	21.5717	21.7994
4066	21.543	21.8161
4061	21.5144	21.8327
4056	21.4857	21.8494
4053	21.4571	21.8661
4048	21.4284	21.8827
4041	21.3998	21.8994
4036	21.3711	21.9161
4031	21.3425	21.9327
4025	21.3138	21.9494
4019	21.2852	21.9661
4015	21.2565	21.9827
4006	21.2279	21.9994
4001	21.1992	22.0161
3996	21.1706	22.0327
3990	21.1419	22.0494
3989	21.1133	22.0661
3986	21.0846	22.0827
3980	21.056	22.0994
3973	21.0274	22.1161
3968	20.9987	22.1327
3962	20.9701	22.1494
3960	20.9414	22.1661
3955	20.9128	22.1827
3951	20.8841	22.1994
3947	20.8555	22.2161
3944	20.8268	22.2327
3939	20.7982	22.2494
3933	20.7695	22.2661
3929	20.7409	22.2827
3927	20.7122	22.2994
3921	20.6836	22.3161
3917	20.6549	22.3327
3917	20.6263	22.3494
3915	20.5976	22.3661
3906	20.569	22.3827
3900	20.5403	22.3994
3895	20.5117	22.4161
3893	20.4831	22.4327
3892	20.4544	22.4494
3888	20.4258	22.4661
3883	20.3971	22.4827
3877	20.3685	22.4994
3872	20.3398	22.5161
3869	20.3112	22.5327
3867	20.2825	22.5494
3859	20.2539	22.5661
3851	20.2252	22.5827
3850	20.1966	22.5994
3850	20.1679	22.6161
3850	20.1393	22.6327
3850	20.1106	22.6494
3840	20.082	22.6661
3832	20.0533	22.6827
3831	20.0247	22.6994
3831	19.996	22.7161
3825	19.9674	22.7327
3822	19.9387	22.7494
3817	19.9101	22.7661
3810	19.8815	22.7827
3808	19.8528	22.7994
3808	19.8242	22.8161
3805	19.7955	22.8327
3797	19.7669	22.8494
3796	19.7382	22.8661
3796	19.7096	22.8827
3796	19.6809	22.8994
3796	19.6523	22.9161
3785	19.6236	22.9327
3784	19.595	22.9494
3781	19.5663	22.9661
3780	19.5377	22.9827
3780	19.509	22.9994
3777	19.4804	23.0161
3765	19.4517	23.0327
3765	19.4231	23.0494
3765	19.3944	23.0661
3765	19.3658	23.0827
3765	19.3372	23.0994
3755	19.3085	23.1161
3750	19.2799	23.1327
3750	19.2512	23.1494
3750	19.2226	23.1661
3750	19.1939	23.1827
3747	19.1653	23.1994
3735	19.1366	23.2161
3732	19.108	23.2327
3732	19.0793	23.2494
3732	19.0507	23.2661
3732	19.022	23.2827
3732	18.9934	23.2994
3730	18.9647	23.3161
3715	18.9361	23.3327
3712	18.9074	23.3494
3712	18.8788	23.3661
3712	18.8501	23.3827
3712	18.8215	23.3994
3712	18.7929	23.4161
3712	18.7642	23.4327
3712	18.7356	23.4494
3703	18.7069	23.4661
3691	18.6783	23.4827
3691	18.6496	23.4994
3691	18.621	23.5161
3691	18.5923	23.5327
3686	18.5637	23.5494
3685	18.535	23.5661
3685	18.5064	23.5827
3685	18.4777	23.5994
3685	18.4491	23.6161
3672	18.4204	23.6327
3670	18.3918	23.6494
3670	18.3631	23.666
3670	18.3345	23.6827
3670	18.3058	23.6994
3670	18.2772	23.716
3670	18.2485	23.7327
3670	18.2199	23.7494
3654	18.1913	23.766
3654	18.1626	23.7827
3654	18.134	23.7994
3654	18.1053	23.816
3654	18.0767	23.8327
3654	18.048	23.8494
3654	18.0194	23.866
3654	17.9907	23.8827
3646	17.9621	23.8994
3642	17.9334	23.916
3642	17.9048	23.9327
3642	17.8761	23.9494
3642	17.8475	23.966
3641	17.8188	23.9827
3641	17.7902	23.9994
3641	17.7615	24.016
3639	17.7329	24.0327
3629	17.7042	24.0494
3629	17.6756	24.066
3629	17.647	24.0827
3629	17.6183	24.0994
3629	17.5897	24.116
3624	17.561	24.1327
3617	17.5324	24.1494
3617	17.5037	24.166
3617	17.4751	24.1827
3617	17.4464	24.1994
3617	17.4178	24.216
3617	17.3891	24.2327
3617	17.3605	24.2494
3615	17.3318	24.266
3612	17.3032	24.2827
3612	17.2745	24.2994
3612	17.2459	24.316
3606	17.2172	24.3327
3593	17.1886	24.3494
3593	17.1599	24.366
3593	17.1313	24.3827
3593	17.1026	24.3994
3593	17.074	24.416
3593	17.0454	24.4327
3593	17.0167	24.4494
3593	16.9881	24.466
3593	16.9594	24.4827
3592	16.9308	24.4994
3592	16.9021	24.516
3592	16.8735	24.5327
3592	16.8448	24.5494
3592	16.8162	24.566
3592	16.7875	24.5827
3592	16.7589	24.5994
3592	16.7302	24.616
3592	16.7016	24.6327
3592	16.6729	24.6494
3592	16.6443	24.666
3592	16.6156	24.6827
3589	16.587	24.6994
3577	16.5583	24.716
3576	16.5297	24.7327
3576	16.5011	24.7494
3576	16.4724	24.766
3576	16.4438	24.7827
3576	16.4151	24.7994
3576	16.3865	24.816
3576	16.3578	24.8327
3576	16.3292	24.8494
3572	16.3005	24.866
3572	16.2719	24.8827
3572	16.2432	24.8994
3572	16.2146	24.916
3572	16.1859	24.9327
3572	16.1573	24.9494
3572	16.1286	24.966
3572	16.1	24.9827
3572	16.0713	24.9994
3565	16.0427	25.016
3564	16.014	25.0327
3564	15.9854	25.0494
3564	15.9567	25.066
3564	15.9281	25.0827
3564	15.8995	25.0994
3564	15.8708	25.116
3564	15.8422	25.1327
3562	15.8135	25.1494
3548	15.7849	25.166
3546	15.7562	25.1827
3546	15.7276	25.1994
3546	15.6989	25.216
3546	15.6703	25.2327
3546	15.6416	25.2494
3546	15.613	25.266
3546	15.5843	25.2827
3546	15.5557	25.2994
3546	15.527	25.316
3546	15.4984	25.3327
3546	15.4697	25.3494
3546	15.4411	25.366
3546	15.4124	25.3827
3546	15.3838	25.3994
3546	15.3552	25.416
3546	15.3265	25.4327
3546	15.2979	25.4494
3546	15.2692	25.466
3546	15.2406	25.4827
3546	15.2119	25.4994
3546	15.1833	25.516
3546	15.1546	25.5327
3546	15.126	25.5494
3546	15.0973	25.566
3546	15.0687	25.5827
3546	15.04	25.5994
3546	15.0114	25.616
3546	14.9827	25.6327
3546	14.9541	25.6494
3546	14.9254	25.666
3546	14.8968	25.6827
3546	14.8681	25.6994
3546	14.8395	25.716
3546	14.8109	25.7327
3546	14.7822	25.7494
3546	14.7536	25.766
3546	14.7249	25.7827
3546	14.6963	25.7994
3546	14.6676	25.816
3546	14.639	25.8327
3546	14.6103	25.8493
3546	14.5817	25.866
3546	14.553	25.8827
3546	14.5244	25.8993
3546	14.4957	25.916
3546	14.4671	25.9327
3546	14.4384	25.9493
3546	14.4098	25.966
3546	14.3811	25.9827
3546	14.3525	25.9993
3546	14.3238	26.016
3546	14.2952	26.0327
3546	14.2665	26.0493
3546	14.2379	26.066
3546	14.2093	26.0827
3546	14.1806	26.0993
3546	14.152	26.116
3546	14.1233	26.1327
3546	14.0947	26.1493
3546	14.066	26.166
3546	14.0374	26.1827
3546	14.0087	26.1993
3546	13.9801	26.216
3546	13.9514	26.2327
3546	13.9228	26.2493
3546	13.8941	26.266
3546	13.8655	26.2827
3546	13.8368	26.2993
3546	13.8082	26.316
3546	13.7795	26.3327
3546	13.7509	26.3493
3546	13.7222	26.366
3546	13.6936	26.3827
3546	13.665	26.3993
3546	13.6363	26.416
3546	13.6077	26.4327
3546	13.579	26.4493
3546	13.5504	26.466
3546	13.5217	26.4827
3546	13.4931	26.4993
3546	13.4644	26.516
3546	13.4358	26.5327
3546	13.4071	26.5493
3546	13.3785	26.566
3546	13.3498	26.5827
3546	13.3212	26.5993
3546	13.2925	26.616
3546	13.2639	26.6327
3546	13.2352	26.6493
3546	13.2066	26.666
3546	13.1779	26.6827
3546	13.1493	26.6993
3546	13.1206	26.716
3545	13.092	26.7327
3545	13.0634	26.7493
3545	13.0347	26.766
3545	13.0061	26.7827
3545	12.9774	26.7993
3545	12.9488	26.816
3545	12.9201	26.8327
3545	12.8915	26.8493
3545	12.8628	26.866
3545	12.8342	26.8827
3545	12.8055	26.8993
3545	12.7769	26.916
3545	12.7482	26.9327
3545	12.7196	26.9493
3545	12.6909	26.966
3545	12.6623	26.9827
3545	12.6336	26.9993
3545	12.605	27.016
3545	12.5763	27.0327
3545	12.5477	27.0493
3545	12.5191	27.066
3545	12.4904	27.0827
3545	12.4618	27.0993
3545	12.4331	27.116
3545	12.4045	27.1327
3545	12.3758	27.1493
3545	12.3472	27.166
3545	12.3185	27.1827
3545	12.2899	27.1993
3545	12.2612	27.216
3545	12.2326	27.2327
3545	12.2039	27.2493
3545	12.1753	27.266
3545	12.1466	27.2827
3545	12.118	27.2993
3545	12.0893	27.316
3545	12.0607	27.3327
3545	12.032	27.3493
3545	12.0034	27.366
3545	11.9747	27.3827
3545	11.9461	27.3993
3545	11.9175	27.416
3545	11.8888	27.4327
3545	11.8602	27.4493
3545	11.8315	27.466
3545	11.8029	27.4827
3545	11.7742	27.4993
3545	11.7456	27.516
3545	11.7169	27.5327
3545	11.6883	27.5493
3545	11.6596	27.566
3545	11.631	27.5827
3545	11.6023	27.5993
3545	11.5737	27.616
3545	11.545	27.6327
3545	11.5164	27.6493
3545	11.4877	27.666
3545	11.4591	27.6827
3545	11.4304	27.6993
3545	11.4018	27.716
3545	11.3732	27.7327
3545	11.3445	27.7493
3545	11.3159	27.766
3545	11.2872	27.7827
3545	11.2586	27.7993
3545	11.2299	27.816
3545	11.2013	27.8327
3545	11.1726	27.8493
3545	11.144	27.866
3545	11.1153	27.8827
3545	11.0867	27.8993
3545	11.058	27.916
3545	11.0294	27.9327
3545	11.0007	27.9493
3545	10.9721	27.966
3545	10.9434	27.9827
3545	10.9148	27.9993
3545	10.8861	28.016
3545	10.8575	28.0326
3545	10.8289	28.0493
3545	10.8002	28.066
3545	10.7716	28.0826
3545	10.7429	28.0993
3545	10.7143	28.116
3545	10.6856	28.1326
3545	10.657	28.1493
3545	10.6283	28.166
3545	10.5997	28.1826
3545	10.571	28.1993
3545	10.5424	28.216
3545	10.5137	28.2326
3545	10.4851	28.2493
3545	10.4564	28.266
3545	10.4278	28.2826
3545	10.3991	28.2993
3545	10.3705	28.316
3545	10.3418	28.3326
3545	10.3132	28.3493
3545	10.2845	28.366
3545	10.2559	28.3826
3545	10.2273	28.3993
3545	10.1986	28.416
3545	10.17	28.4326
3545	10.1413	28.4493
3545	10.1127	28.466
3545	10.084	28.4826
3545	10.0554	28.4993
3545	10.0267	28.516
3545	9.99807	28.5326
3545	9.96943	28.5493
3545	9.94078	28.566
3545	9.91213	28.5826
3545	9.88348	28.5993
3545	9.85484	28.616
3545	9.82619	28.6326
3545	9.79754	28.6493
3545	9.76889	28.666
3545	9.74025	28.6826
3545	9.7116	28.6993
3545	9.68295	28.716
3545	9.6543	28.7326
3545	9.62566	28.7493
3545	9.59701	28.766
3545	9.56836	28.7826
3545	9.53971	28.7993
3545	9.51107	28.816
3545	9.48242	28.8326
3545	9.45377	28.8493
3545	9.42512	28.866
3545	9.39648	28.8826
3545	9.36783	28.8993
3545	9.33918	28.916
3545	9.31053	28.9326
3545	9.28189	28.9493
3545	9.25324	28.966
3545	9.22459	28.9826
3545	9.19594	28.9993
3545	9.1673	29.016
3545	9.13865	29.0326
3545	9.11	29.0493
3545	9.08135	29.066
3545	9.05271	29.0826
3545	9.02406	29.0993
3545	8.99541	29.116
3545	8.96676	29.1326
3545	8.93812	29.1493
3545	8.90947	29.166
3545	8.88082	29.1826
3544	8.85217	29.1993
3544	8.82353	29.216
3544	8.79488	29.2326
3544	8.76623	29.2493
3544	8.73758	29.266
3544	8.70894	29.2826
3544	8.68029	29.2993
3544	8.65164	29.316
3544	8.62299	29.3326
3544	8.59435	29.3493
3544	8.5657	29.366
3544	8.53705	29.3826
3544	8.5084	29.3993
3544	8.47976	29.416
3544	8.45111	29.4326
3544	8.42246	29.4493
3544	8.39381	29.466
3544	8.36517	29.4826
3544	8.33652	29.4993
3544	8.30787	29.516
3544	8.27922	29.5326
3544	8.25058	29.5493
3544	8.22193	29.566
3544	8.19328	29.5826
3544	8.16463	29.5993
3544	8.13599	29.616
3544	8.10734	29.6326
3544	8.07869	29.6493
3544	8.05005	29.666
3544	8.0214	29.6826
3544	7.99275	29.6993
3544	7.9641	29.716
3544	7.93545	29.7326
3544	7.90681	29.7493
3544	7.87816	29.766
3544	7.84951	29.7826
3544	7.82086	29.7993
3544	7.79222	29.816
3544	7.76357	29.8326
3544	7.73492	29.8493
3544	7.70627	29.866
3544	7.67763	29.8826
3544	7.64898	29.8993
3544	7.62033	29.916
3544	7.59168	29.9326
3544	7.56304	29.9493
3544	7.53439	29.966
3544	7.50574	29.9826
3544	7.4771	29.9993
3544	7.44845	30.016
3544	7.4198	30.0326
3544	7.39115	30.0493
3544	7.3625	30.066
3544	7.33386	30.0826
3544	7.30521	30.0993
3544	7.27656	30.116
3544	7.24792	30.1326
3544	7.21927	30.1493
3544	7.19062	30.166
3544	7.16197	30.1826
3544	7.13332	30.1993
3544	7.10468	30.216
3544	7.07603	30.2326
3544	7.04738	30.2493
3544	7.01873	30.2659
3544	6.99009	30.2826
3544	6.96144	30.2993
3544	6.93279	30.3159
3544	6.90414	30.3326
3544	6.87549	30.3493
3544	6.84685	30.3659
3544	6.8182	30.3826
3544	6.78955	30.3993
3544	6.7609	30.4159
3544	6.73225	30.4326
3544	6.70361	30.4493
3544	6.67496	30.4659
3544	6.64631	30.4826
3544	6.61766	30.4993
3544	6.58901	30.5159
3544	6.56037	30.5326
3544	6.53172	30.5493
3544	6.50307	30.5659
3544	6.47442	30.5826
3544	6.44578	30.5993
3544	6.41713	30.6159
3544	6.38848	30.6326
3544	6.35983	30.6493
3544	6.33118	30.6659
3544	6.30254	30.6826
3544	6.27389	30.6993
3544	6.24524	30.7159
3544	6.21659	30.7326
3544	6.18794	30.7493
3544	6.1593	30.7659
3544	6.13065	30.7826
3544	6.102	30.7993
3544	6.07335	30.8159
3544	6.0447	30.8326
3544	6.01606	30.8493
3544	5.98741	30.8659
3544	5.95876	30.8826
3544	5.93011	30.8993
3544	5.90146	30.9159
3544	5.87282	30.9326
3544	5.84417	30.9493
3544	5.81552	30.9659
3544	5.78687	30.9826
3544	5.75823	30.9993
3544	5.72958	31.0159
3544	5.70093	31.0326
3544	5.67228	31.0493
3544	5.64363	31.0659
3544	5.61499	31.0826
3544	5.58634	31.0993
3544	5.55769	31.1159
3544	5.52904	31.1326
3544	5.50039	31.1493
3544	5.47175	31.1659
3544	5.4431	31.1826
3544	5.41445	31.1993
3544	5.3858	31.2159
3544	5.35715	31.2326
3544	5.32851	31.2493
3544	5.29986	31.2659
3544	5.27121	31.2826
3544	5.24256	31.2993
3544	5.21391	31.3159
3544	5.18527	31.3326
3544	5.15662	31.3493
3544	5.12797	31.3659
3544	5.09932	31.3826
3544	5.07068	31.3993
3544	5.04203	31.4159
3544	5.01338	31.4326
3544	4.98473	31.4493
3544	4.95608	31.4659
3544	4.92744	31.4826
3544	4.89879	31.4993
3544	4.87014	31.5159
3544	4.84149	31.5326
3544	4.81284	31.5493
3544	4.7842	31.5659
3544	4.75555	31.5826
3544	4.7269	31.5993
3544	4.69825	31.6159
3544	4.6696	31.6326
3544	4.64096	31.6493
3544	4.61231	31.6659
3544	4.58366	31.6826
3544	4.55501	31.6993
3544	4.52637	31.7159
3544	4.49772	31.7326
3544	4.46907	31.7493
3544	4.44042	31.7659
3544	4.41177	31.7826
3544	4.38313	31.7993
3544	4.35448	31.8159
3544	4.32583	31.8326
3544	4.29718	31.8493
3544	4.26853	31.8659
3544	4.23989	31.8826
3544	4.21124	31.8993
3544	4.18259	31.9159
3544	4.15394	31.9326
3544	4.12529	31.9493
3544	4.09665	31.9659
3544	4.068	31.9826
3544	4.03935	31.9993
3544	4.0107	32.0159
3544	3.98205	32.0326
3544	3.95341	32.0493
3544	3.92476	32.0659
3544	3.89611	32.0826
3544	3.86746	32.0993
3544	3.83882	32.1159
3544	3.81017	32.1326
3544	3.78152	32.1493
3544	3.75287	32.1659
3544	3.72422	32.1826
3544	3.69558	32.1993
3544	3.66693	32.2159
3544	3.63828	32.2326
3544	3.60963	32.2493
3544	3.58098	32.2659
3544	3.55234	32.2826
3544	3.52369	32.2993
3544	3.49504	32.3159
3544	3.46639	32.3326
3544	3.43774	32.3493
3544	3.4091	32.3659
3544	3.38045	32.3826
3544	3.3518	32.3993
3544	3.32315	32.4159
3544	3.29451	32.4326
3544	3.26586	32.4492
3544	3.23721	32.4659
3544	3.20856	32.4826
3544	3.17991	32.4992
3544	3.15127	32.5159
3544	3.12262	32.5326
3544	3.09397	32.5492
3544	3.06532	32.5659
3544	3.03667	32.5826
3544	3.00803	32.5992
3544	2.97938	32.6159
3544	2.95073	32.6326
3544	2.92208	32.6492
3544	2.89343	32.6659
3544	2.86479	32.6826
3544	2.83614	32.6992
3544	2.80749	32.7159
3544	2.77884	32.7326
3544	2.7502	32.7492
3544	2.72155	32.7659
3544	2.6929	32.7826
3544	2.66425	32.7992
3544	2.6356	32.8159
3544	2.60696	32.8326
3544	2.57831	32.8492
3544	2.54966	32.8659
3544	2.52101	32.8826
3544	2.49236	32.8992
3544	2.46372	32.9159
3544	2.43507	32.9326
3544	2.40642	32.9492
3544	2.37777	32.9659
3544	2.34912	32.9826
3544	2.32048	32.9992
3544	2.29183	33.0159
3544	2.26318	33.0326
3544	2.23453	33.0492
3544	2.20588	33.0659
3544	2.17724	33.0826
3544	2.14859	33.0992
3544	2.11994	33.1159
3544	2.09129	33.1326
3544	2.06265	33.1492
3544	2.034	33.1659
3544	2.00535	33.1826
3544	1.9767	33.1992
3544	1.94805	33.2159
3544	1.91941	33.2326
3544	1.89076	33.2492
3544	1.86211	33.2659
3544	1.83346	33.2826
3544	1.80481	33.2992
3544	1.77617	33.3159
3544	1.74752	33.3326
3544	1.71887	33.3492
3544	1.69022	33.3659
3544	1.66157	33.3826
3544	1.63293	33.3992
3544	1.60428	33.4159
3544	1.57563	33.4326
3544	1.54698	33.4492
3544	1.51834	33.4659
3544	1.48969	33.4826
3544	1.46104	33.4992
3544	1.43239	33.5159
3544	1.40374	33.5326
3544	1.3751	33.5492
3544	1.34645	33.5659
3544	1.3178	33.5826
3544	1.28915	33.5992
3544	1.26051	33.6159
3544	1.23186	33.6326
3544	1.20321	33.6492
3544	1.17456	33.6659
3544	1.14591	33.6826
3544	1.11727	33.6992
3544	1.08862	33.7159
3544	1.05997	33.7326
3544	1.03132	33.7492
3544	1.00268	33.7659
3544	0.974028	33.7826
3544	0.94538	33.7992
3544	0.916732	33.8159
3544	0.888084	33.8326
3544	0.859436	33.8492
3544	0.830789	33.8659
3544	0.802141	33.8826
3544	0.773493	33.8992
3544	0.744845	33.9159
3544	0.716197	33.9326
3544	0.687549	33.9492
3544	0.658901	33.9659
3544	0.630254	33.9826
3544	0.601606	33.9992
3544	0.572958	34.0159
3544	0.54431	34.0326
3544	0.515662	34.0492
3544	0.487014	34.0659
3544	0.458366	34.0826
3544	0.429719	34.0992
3544	0.401071	34.1159
3544	0.372423	34.1326
3544	0.343775	34.1492
3544	0.315127	34.1659
3544	0.286479	34.1826
3544	0.257831	34.1992
3544	0.229184	34.2159
3544	0.200536	34.2326
3544	0.171888	34.2492
3544	0.14324	34.2659
3544	0.114592	34.2826
3544	0.0859443	34.2992
3544	0.0572965	34.3159
3544	0.0286486	34.3326
3544	7.53721e-07	34.3492
3544	-0.0286471	34.3659
3544	0	34.3826
3544	0	34.3992
3544	0	34.4159
3544	0	34.4326
3544	0	34.4492
3544	0	34.4659
3544	0	34.4826
3544	0	34.4992
3544	0	34.5159
3544	0	34.5326
3544	0	34.5492
3544	0	34.5659
3544	0	34.5826
3544	0	34.5992
3544	0	34.6159
3544	0	34.6325
3544	0	34.6492
3544	0	34.6659
3544	0	34.6825
3544	0	34.6992
3544	0	34.7159
3544	0	34.7325
3544	0	34.7492
3544	0	34.7659
3544	0	34.7825
3544	0	34.7992
3544	0	34.8159
3544	0	34.8325
3544	0	34.8492
3544	0	34.8659
3544	0	34.8825
3544	0	34.8992
3544	0	34.9159
3544	0	34.9325
3544	0	34.9492
3544	0	34.9659
3544	0	34.9825
3544	0	34.9992
3544	0	35.0159
3544	0	35.0325
3544	0	35.0492
3544	0	35.0659
3544	0	35.0825
3544	0	35.0992
3544	0	35.1159
3544	0	35.1325
3544	0	35.1492
3544	0	35.1659
3544	0	35.1825
3544	0	35.1992
3544	0	35.2159
3544	0	35.2325
3544	0	35.2492
3544	0	35.2659
3544	0	35.2825
3544	0	35.2992
3544	0	35.3159
3544	0	35.3325
3544	0	35.3492
3544	0	35.3659
3544	0	35.3825
