inside_count	theta (degrees)	time (s)
30895	0.0286479	0.0163651
30894	0.0572957	0.0330315
30894	0.0859435	0.0496979
30894	0.114591	0.0663643
30894	0.143239	0.0830307
30894	0.171887	0.0996971
30894	0.200535	0.116364
30894	0.229183	0.13303
30894	0.257831	0.149696
30894	0.286479	0.166363
30894	0.315126	0.183029
30894	0.343774	0.199696
30894	0.372422	0.216362
30894	0.40107	0.233028
30893	0.429718	0.249695
30892	0.458366	0.266361
30892	0.487013	0.283028
30892	0.515661	0.299694
30892	0.544309	0.31636
30892	0.572957	0.333027
30892	0.601605	0.349693
30892	0.630253	0.36636
30891	0.658901	0.383026
30891	0.687548	0.399693
30891	0.716196	0.416359
30890	0.744844	0.433025
30889	0.773492	0.449692
30888	0.80214	0.466358
30888	0.830788	0.483025
30888	0.859436	0.499691
30888	0.888083	0.516357
30887	0.916731	0.533024
30886	0.945379	0.54969
30885	0.974027	0.566357
30885	1.00267	0.583023
30885	1.03132	0.599689
30885	1.05997	0.616356
30884	1.08862	0.633022
30884	1.11727	0.649689
30884	1.14591	0.666355
30884	1.17456	0.683022
30883	1.20321	0.699688
30882	1.23186	0.716354
30882	1.2605	0.733021
30882	1.28915	0.749687
30880	1.3178	0.766354
30880	1.34645	0.78302
30880	1.3751	0.799686
30880	1.40374	0.816353
30880	1.43239	0.833019
30879	1.46104	0.849686
30879	1.48969	0.866352
30878	1.51834	0.883018
30878	1.54698	0.899685
30877	1.57563	0.916351
30876	1.60428	0.933018
30876	1.63293	0.949684
30876	1.66157	0.966351
30876	1.69022	0.983017
30876	1.71887	0.999683
30876	1.74752	1.01635
30876	1.77617	1.03302
30876	1.80481	1.04968
30876	1.83346	1.06635
30876	1.86211	1.08302
30876	1.89076	1.09968
30875	1.9194	1.11635
30875	1.94805	1.13301
30875	1.9767	1.14968
30875	2.00535	1.16635
30875	2.034	1.18301
30875	2.06264	1.19968
30875	2.09129	1.21635
30875	2.11994	1.23301
30875	2.14859	1.24968
30875	2.17724	1.26635
30875	2.20588	1.28301
30875	2.23453	1.29968
30875	2.26318	1.31635
30874	2.29183	1.33301
30874	2.32048	1.34968
30874	2.34912	1.36634
30874	2.37777	1.38301
30874	2.40642	1.39968
30873	2.43507	1.41634
30873	2.46372	1.43301
30873	2.49236	1.44968
30873	2.52101	1.46634
30872	2.54966	1.48301
30872	2.57831	1.49968
30872	2.60695	1.51634
30872	2.6356	1.53301
30871	2.66425	1.54967
30871	2.6929	1.56634
30871	2.72155	1.58301
30871	2.75019	1.59967
30871	2.77884	1.61634
30871	2.80749	1.63301
30871	2.83614	1.64967
30871	2.86479	1.66634
30870	2.89343	1.68301
30870	2.92208	1.69967
30870	2.95073	1.71634
30869	2.97938	1.73301
30869	3.00803	1.74967
30869	3.03667	1.76634
30869	3.06532	1.783
30869	3.09397	1.79967
30869	3.12262	1.81634
30869	3.15126	1.833
30869	3.17991	1.84967
30869	3.20856	1.86634
30868	3.23721	1.883
30868	3.26586	1.89967
30868	3.2945	1.91634
30868	3.32315	1.933
30868	3.3518	1.94967
30868	3.38045	1.96634
30868	3.4091	1.983
30868	3.43774	1.99967
30868	3.46639	2.01633
30868	3.49504	2.033
30868	3.52369	2.04967
30868	3.55234	2.06633
30868	3.58098	2.083
30868	3.60963	2.09967
30868	3.63828	2.11633
30868	3.66693	2.133
30868	3.69557	2.14967
30868	3.72422	2.16633
30868	3.75287	2.183
30868	3.78152	2.19967
30868	3.81017	2.21633
30868	3.83881	2.233
30868	3.86746	2.24966
30868	3.89611	2.26633
30865	3.92476	2.283
30865	3.95341	2.29966
30864	3.98205	2.31633
30864	4.0107	2.333
30864	4.03935	2.34966
30864	4.068	2.36633
30864	4.09665	2.383
30864	4.12529	2.39966
30864	4.15394	2.41633
30864	4.18259	2.43299
30864	4.21124	2.44966
30864	4.23989	2.46633
30864	4.26853	2.48299
30864	4.29718	2.49966
30864	4.32583	2.51633
30864	4.35448	2.53299
30864	4.38312	2.54966
30864	4.41177	2.56633
30864	4.44042	2.58299
30864	4.46907	2.59966
30864	4.49772	2.61633
30864	4.52636	2.63299
30864	4.55501	2.64966
30864	4.58366	2.66632
30864	4.61231	2.68299
30864	4.64096	2.69966
30864	4.6696	2.71632
30864	4.69825	2.73299
30864	4.7269	2.74966
30864	4.75555	2.76632
30864	4.7842	2.78299
30864	4.81284	2.79966
30864	4.84149	2.81632
30864	4.87014	2.83299
30864	4.89879	2.84966
30864	4.92743	2.86632
30864	4.95608	2.88299
30864	4.98473	2.89965
30861	5.01338	2.91632
30861	5.04203	2.93299
30861	5.07067	2.94965
30861	5.09932	2.96632
30861	5.12797	2.98299
30861	5.15662	2.99965
30861	5.18527	3.01632
30861	5.21391	3.03299
30861	5.24256	3.04965
30861	5.27121	3.06632
30861	5.29986	3.08298
30861	5.32851	3.09965
30861	5.35715	3.11632
30861	5.3858	3.13298
30861	5.41445	3.14965
30861	5.4431	3.16632
30861	5.47175	3.18298
30861	5.50039	3.19965
30861	5.52904	3.21632
30861	5.55769	3.23298
30861	5.58634	3.24965
30861	5.61498	3.26632
30861	5.64363	3.28298
30861	5.67228	3.29965
30861	5.70093	3.31631
30861	5.72958	3.33298
30861	5.75822	3.34965
30861	5.78687	3.36631
30861	5.81552	3.38298
30861	5.84417	3.39965
30861	5.87282	3.41631
30861	5.90146	3.43298
30861	5.93011	3.44965
30861	5.95876	3.46631
30861	5.98741	3.48298
30861	6.01606	3.49965
30861	6.0447	3.51631
30861	6.07335	3.53298
30861	6.102	3.54964
30861	6.13065	3.56631
30861	6.1593	3.58298
30861	6.18794	3.59964
30861	6.21659	3.61631
30861	6.24524	3.63298
30861	6.27389	3.64964
30861	6.30253	3.66631
30861	6.33118	3.68298
30861	6.35983	3.69964
30861	6.38848	3.71631
30861	6.41713	3.73298
30861	6.44577	3.74964
30861	6.47442	3.76631
30861	6.50307	3.78297
30861	6.53172	3.79964
30861	6.56037	3.81631
30861	6.58901	3.83297
30861	6.61766	3.84964
30861	6.64631	3.86631
30861	6.67496	3.88297
30861	6.70361	3.89964
30861	6.73225	3.91631
30861	6.7609	3.93297
30861	6.78955	3.94964
30861	6.8182	3.9663
30861	6.84685	3.98297
30861	6.87549	3.99964
30861	6.90414	4.0163
30861	6.93279	4.03297
30861	6.96144	4.04964
30861	6.99008	4.0663
30861	7.01873	4.08297
30861	7.04738	4.09964
30861	7.07603	4.1163
30861	7.10468	4.13297
30861	7.13332	4.14964
30861	7.16197	4.1663
30861	7.19062	4.18297
30861	7.21927	4.19963
30861	7.24791	4.2163
30861	7.27656	4.23297
30861	7.30521	4.24963
30861	7.33386	4.2663
30861	7.3625	4.28297
30861	7.39115	4.29963
30861	7.4198	4.3163
30861	7.44845	4.33297
30861	7.47709	4.34963
30861	7.50574	4.3663
30861	7.53439	4.38297
30861	7.56304	4.39963
30861	7.59168	4.4163
30861	7.62033	4.43296
30861	7.64898	4.44963
30861	7.67763	4.4663
30861	7.70627	4.48296
30861	7.73492	4.49963
30861	7.76357	4.5163
30861	7.79222	4.53296
30860	7.82086	4.54963
30860	7.84951	4.5663
30860	7.87816	4.58296
30860	7.90681	4.59963
30860	7.93545	4.61629
30860	7.9641	4.63296
30860	7.99275	4.64963
30860	8.0214	4.66629
30860	8.05004	4.68296
30860	8.07869	4.69963
30860	8.10734	4.71629
30860	8.13599	4.73296
30860	8.16463	4.74963
30860	8.19328	4.76629
30860	8.22193	4.78296
30860	8.25058	4.79963
30860	8.27922	4.81629
30860	8.30787	4.83296
30860	8.33652	4.84962
30860	8.36517	4.86629
30860	8.39381	4.88296
30860	8.42246	4.89962
30859	8.45111	4.91629
30859	8.47976	4.93296
30859	8.5084	4.94962
30859	8.53705	4.96629
30859	8.5657	4.98296
30859	8.59435	4.99962
30859	8.62299	5.01629
30859	8.65164	5.03296
30859	8.68029	5.04962
30859	8.70894	5.06629
30859	8.73758	5.08295
30859	8.76623	5.09962
30859	8.79488	5.11629
30859	8.82353	5.13295
30858	8.85217	5.14962
30858	8.88082	5.16629
30858	8.90947	5.18295
30858	8.93812	5.19962
30858	8.96676	5.21629
30858	8.99541	5.23295
30855	9.02406	5.24962
30845	9.05271	5.26628
30838	9.08135	5.28295
30831	9.11	5.29962
30826	9.13865	5.31628
30822	9.1673	5.33295
30814	9.19594	5.34962
30807	9.22459	5.36628
30801	9.25324	5.38295
30793	9.28189	5.39962
30787	9.31053	5.41628
30781	9.33918	5.43295
30776	9.36783	5.44962
30769	9.39648	5.46628
30762	9.42512	5.48295
30754	9.45377	5.49961
30745	9.48242	5.51628
30731	9.51107	5.53295
30720	9.53971	5.54961
30708	9.56836	5.56628
30704	9.59701	5.58295
30698	9.62566	5.59961
30688	9.6543	5.61628
30678	9.68295	5.63295
30669	9.7116	5.64961
30653	9.74024	5.66628
30643	9.76889	5.68295
30632	9.79754	5.69961
30620	9.82619	5.71628
30608	9.85484	5.73294
30593	9.88348	5.74961
30578	9.91213	5.76628
30567	9.94078	5.78294
30554	9.96943	5.79961
30542	9.99807	5.81628
30530	10.0267	5.83294
30516	10.0554	5.84961
30504	10.084	5.86628
30486	10.1127	5.88294
30467	10.1413	5.89961
30458	10.17	5.91628
30447	10.1986	5.93294
30430	10.2273	5.94961
30413	10.2559	5.96627
30400	10.2845	5.98294
30383	10.3132	5.99961
30365	10.3418	6.01627
30350	10.3705	6.03294
30336	10.3991	6.04961
30320	10.4278	6.06627
30304	10.4564	6.08294
30290	10.4851	6.09961
30274	10.5137	6.11627
30260	10.5424	6.13294
30244	10.571	6.1496
30229	10.5997	6.16627
30213	10.6283	6.18294
30197	10.657	6.1996
30180	10.6856	6.21627
30162	10.7143	6.23294
30147	10.7429	6.2496
30130	10.7716	6.26627
30114	10.8002	6.28294
30100	10.8288	6.2996
30082	10.8575	6.31627
30065	10.8861	6.33294
30049	10.9148	6.3496
30033	10.9434	6.36627
30018	10.9721	6.38293
30004	11.0007	6.3996
29989	11.0294	6.41627
29977	11.058	6.43293
29961	11.0867	6.4496
29944	11.1153	6.46627
29929	11.144	6.48293
29914	11.1726	6.4996
29899	11.2013	6.51627
29880	11.2299	6.53293
29868	11.2586	6.5496
29854	11.2872	6.56627
29840	11.3159	6.58293
29824	11.3445	6.5996
29812	11.3732	6.61626
29794	11.4018	6.63293
29783	11.4304	6.6496
29767	11.4591	6.66626
29752	11.4877	6.68293
29735	11.5164	6.6996
29720	11.545	6.71626
29704	11.5737	6.73293
29688	11.6023	6.7496
29670	11.631	6.76626
29656	11.6596	6.78293
29645	11.6883	6.79959
29630	11.7169	6.81626
29619	11.7456	6.83293
29607	11.7742	6.84959
29588	11.8029	6.86626
29578	11.8315	6.88293
29559	11.8602	6.89959
29548	11.8888	6.91626
29530	11.9175	6.93293
29517	11.9461	6.94959
29500	11.9747	6.96626
29484	12.0034	6.98293
29467	12.032	6.99959
29447	12.0607	7.01626
29433	12.0893	7.03292
29422	12.118	7.04959
29407	12.1466	7.06626
29396	12.1753	7.08292
29379	12.2039	7.09959
29363	12.2326	7.11626
29349	12.2612	7.13292
29333	12.2899	7.14959
29314	12.3185	7.16626
29299	12.3472	7.18292
29283	12.3758	7.19959
29270	12.4045	7.21626
29255	12.4331	7.23292
29239	12.4618	7.24959
29220	12.4904	7.26625
29205	12.5191	7.28292
29193	12.5477	7.29959
29179	12.5763	7.31625
29164	12.605	7.33292
29142	12.6336	7.34959
29123	12.6623	7.36625
29109	12.6909	7.38292
29091	12.7196	7.39959
29077	12.7482	7.41625
29065	12.7769	7.43292
29047	12.8055	7.44958
29031	12.8342	7.46625
29012	12.8628	7.48292
28999	12.8915	7.49958
28982	12.9201	7.51625
28969	12.9488	7.53292
28953	12.9774	7.54958
28940	13.0061	7.56625
28922	13.0347	7.58292
28906	13.0634	7.59958
28889	13.092	7.61625
28869	13.1206	7.63292
28854	13.1493	7.64958
28835	13.1779	7.66625
28817	13.2066	7.68291
28803	13.2352	7.69958
28783	13.2639	7.71625
28769	13.2925	7.73291
28752	13.3212	7.74958
28734	13.3498	7.76625
28717	13.3785	7.78291
28700	13.4071	7.79958
28684	13.4358	7.81625
28666	13.4644	7.83291
28647	13.4931	7.84958
28629	13.5217	7.86625
28609	13.5504	7.88291
28594	13.579	7.89958
28579	13.6077	7.91624
28559	13.6363	7.93291
28538	13.665	7.94958
28514	13.6936	7.96624
28497	13.7222	7.98291
28477	13.7509	7.99958
28461	13.7795	8.01624
28445	13.8082	8.03291
28423	13.8368	8.04958
28404	13.8655	8.06624
28384	13.8941	8.08291
28363	13.9228	8.09958
28344	13.9514	8.11624
28324	13.9801	8.13291
28304	14.0087	8.14957
28283	14.0374	8.16624
28262	14.066	8.18291
28245	14.0947	8.19957
28224	14.1233	8.21624
28203	14.152	8.23291
28185	14.1806	8.24957
28162	14.2093	8.26624
28138	14.2379	8.28291
28114	14.2665	8.29957
28091	14.2952	8.31624
28072	14.3238	8.3329
28052	14.3525	8.34957
28029	14.3811	8.36624
28009	14.4098	8.3829
27981	14.4384	8.39957
27954	14.4671	8.41624
27932	14.4957	8.4329
27908	14.5244	8.44957
27892	14.553	8.46624
27870	14.5817	8.4829
27847	14.6103	8.49957
27823	14.639	8.51624
27796	14.6676	8.5329
27771	14.6963	8.54957
27750	14.7249	8.56623
27727	14.7536	8.5829
27703	14.7822	8.59957
27680	14.8109	8.61623
27657	14.8395	8.6329
27628	14.8681	8.64957
27606	14.8968	8.66623
27583	14.9254	8.6829
27561	14.9541	8.69957
27534	14.9827	8.71623
27509	15.0114	8.7329
27488	15.04	8.74957
27463	15.0687	8.76623
27439	15.0973	8.7829
27414	15.126	8.79956
27390	15.1546	8.81623
27364	15.1833	8.8329
27337	15.2119	8.84956
27315	15.2406	8.86623
27292	15.2692	8.8829
27272	15.2979	8.89956
27243	15.3265	8.91623
27216	15.3552	8.9329
27189	15.3838	8.94956
27164	15.4124	8.96623
27137	15.4411	8.98289
27112	15.4697	8.99956
27088	15.4984	9.01623
27063	15.527	9.03289
27039	15.5557	9.04956
27016	15.5843	9.06623
26990	15.613	9.08289
26962	15.6416	9.09956
26932	15.6703	9.11623
26906	15.6989	9.13289
26880	15.7276	9.14956
26857	15.7562	9.16623
26827	15.7849	9.18289
26803	15.8135	9.19956
26769	15.8422	9.21622
26741	15.8708	9.23289
26710	15.8995	9.24956
26683	15.9281	9.26622
26655	15.9567	9.28289
26627	15.9854	9.29956
26597	16.014	9.31622
26566	16.0427	9.33289
26531	16.0713	9.34956
26504	16.1	9.36622
26466	16.1286	9.38289
26441	16.1573	9.39956
26402	16.1859	9.41622
26373	16.2146	9.43289
26338	16.2432	9.44955
26305	16.2719	9.46622
26273	16.3005	9.48289
26238	16.3292	9.49955
26200	16.3578	9.51622
26169	16.3865	9.53289
26130	16.4151	9.54955
26095	16.4438	9.56622
26057	16.4724	9.58289
26017	16.5011	9.59955
25983	16.5297	9.61622
25950	16.5583	9.63288
25910	16.587	9.64955
25875	16.6156	9.66622
25834	16.6443	9.68288
25798	16.6729	9.69955
25754	16.7016	9.71622
25717	16.7302	9.73288
25679	16.7589	9.74955
25637	16.7875	9.76622
25604	16.8162	9.78288
25558	16.8448	9.79955
25520	16.8735	9.81622
25481	16.9021	9.83288
25442	16.9308	9.84955
25401	16.9594	9.86621
25367	16.9881	9.88288
25330	17.0167	9.89955
25290	17.0454	9.91621
25252	17.074	9.93288
25209	17.1026	9.94955
25171	17.1313	9.96621
25131	17.1599	9.98288
25083	17.1886	9.99955
25048	17.2172	10.0162
25004	17.2459	10.0329
24965	17.2745	10.0495
24920	17.3032	10.0662
24882	17.3318	10.0829
24840	17.3605	10.0995
24804	17.3891	10.1162
24766	17.4178	10.1329
24726	17.4464	10.1495
24689	17.4751	10.1662
24652	17.5037	10.1829
24605	17.5324	10.1995
24563	17.561	10.2162
24522	17.5897	10.2329
24481	17.6183	10.2495
24442	17.647	10.2662
24397	17.6756	10.2829
24352	17.7042	10.2995
24317	17.7329	10.3162
24275	17.7615	10.3329
24229	17.7902	10.3495
24191	17.8188	10.3662
24152	17.8475	10.3829
24111	17.8761	10.3995
24073	17.9048	10.4162
24032	17.9334	10.4329
23992	17.9621	10.4495
23950	17.9907	10.4662
23912	18.0194	10.4829
23868	18.048	10.4995
23827	18.0767	10.5162
23784	18.1053	10.5329
23742	18.134	10.5495
23705	18.1626	10.5662
23664	18.1913	10.5829
23624	18.2199	10.5995
23581	18.2485	10.6162
23534	18.2772	10.6329
23498	18.3058	10.6495
23459	18.3345	10.6662
23417	18.3631	10.6829
23375	18.3918	10.6995
23333	18.4204	10.7162
23288	18.4491	10.7329
23249	18.4777	10.7495
23203	18.5064	10.7662
23161	18.535	10.7829
23120	18.5637	10.7995
23080	18.5923	10.8162
23033	18.621	10.8329
22999	18.6496	10.8495
22960	18.6783	10.8662
22922	18.7069	10.8829
22879	18.7356	10.8995
22833	18.7642	10.9162
22797	18.7929	10.9329
22759	18.8215	10.9495
22716	18.8501	10.9662
22668	18.8788	10.9829
22627	18.9074	10.9995
22587	18.9361	11.0162
22547	18.9647	11.0329
22504	18.9934	11.0495
22463	19.022	11.0662
22424	19.0507	11.0829
22378	19.0793	11.0995
22345	19.108	11.1162
22298	19.1366	11.1329
22263	19.1653	11.1495
22219	19.1939	11.1662
22181	19.2226	11.1829
22135	19.2512	11.1995
22087	19.2799	11.2162
22046	19.3085	11.2329
22003	19.3372	11.2495
21963	19.3658	11.2662
21920	19.3944	11.2829
21877	19.4231	11.2995
21836	19.4517	11.3162
21789	19.4804	11.3329
21751	19.509	11.3495
21707	19.5377	11.3662
21666	19.5663	11.3829
21622	19.595	11.3995
21586	19.6236	11.4162
21539	19.6523	11.4329
21493	19.6809	11.4495
21453	19.7096	11.4662
21412	19.7382	11.4829
21373	19.7669	11.4995
21328	19.7955	11.5162
21283	19.8242	11.5329
21244	19.8528	11.5495
21202	19.8815	11.5662
21161	19.9101	11.5829
21113	19.9387	11.5995
21068	19.9674	11.6162
21021	19.996	11.6329
20987	20.0247	11.6495
20944	20.0533	11.6662
20897	20.082	11.6829
20854	20.1106	11.6995
20814	20.1393	11.7162
20766	20.1679	11.7329
20724	20.1966	11.7495
20683	20.2252	11.7662
20638	20.2539	11.7829
20598	20.2825	11.7995
20557	20.3112	11.8162
20516	20.3398	11.8329
20468	20.3685	11.8495
20429	20.3971	11.8662
20393	20.4258	11.8829
20348	20.4544	11.8995
20308	20.4831	11.9162
20265	20.5117	11.9328
20227	20.5403	11.9495
20182	20.569	11.9662
20147	20.5976	11.9828
20106	20.6263	11.9995
20060	20.6549	12.0162
20015	20.6836	12.0328
19965	20.7122	12.0495
19925	20.7409	12.0662
19884	20.7695	12.0828
19844	20.7982	12.0995
19806	20.8268	12.1162
19767	20.8555	12.1328
19727	20.8841	12.1495
19688	20.9128	12.1662
19646	20.9414	12.1828
19596	20.9701	12.1995
19557	20.9987	12.2162
19514	21.0274	12.2328
19470	21.056	12.2495
19424	21.0846	12.2662
19391	21.1133	12.2828
19357	21.1419	12.2995
19311	21.1706	12.3162
19265	21.1992	12.3328
19225	21.2279	12.3495
19179	21.2565	12.3662
19141	21.2852	12.3828
19093	21.3138	12.3995
19055	21.3425	12.4162
19015	21.3711	12.4328
18967	21.3998	12.4495
18928	21.4284	12.4662
18888	21.4571	12.4828
18845	21.4857	12.4995
18801	21.5144	12.5162
18762	21.543	12.5328
18724	21.5717	12.5495
18684	21.6003	12.5662
18640	21.629	12.5828
18597	21.6576	12.5995
18560	21.6862	12.6162
18519	21.7149	12.6328
18482	21.7435	12.6495
18442	21.7722	12.6662
18400	21.8008	12.6828
18358	21.8295	12.6995
18313	21.8581	12.7162
18269	21.8868	12.7328
18228	21.9154	12.7495
18188	21.9441	12.7662
18149	21.9727	12.7828
18110	22.0014	12.7995
18066	22.03	12.8162
18031	22.0587	12.8328
17989	22.0873	12.8495
17950	22.116	12.8662
17913	22.1446	12.8828
17872	22.1733	12.8995
17828	22.2019	12.9162
17787	22.2305	12.9328
17745	22.2592	12.9495
17703	22.2878	12.9662
17667	22.3165	12.9828
17623	22.3451	12.9995
17583	22.3738	13.0162
17537	22.4024	13.0328
17501	22.4311	13.0495
17464	22.4597	13.0662
17424	22.4884	13.0828
17383	22.517	13.0995
17347	22.5457	13.1162
17310	22.5743	13.1328
17268	22.603	13.1495
17231	22.6316	13.1662
17182	22.6603	13.1828
17137	22.6889	13.1995
17095	22.7176	13.2162
17056	22.7462	13.2328
17018	22.7749	13.2495
16978	22.8035	13.2662
16940	22.8321	13.2828
16900	22.8608	13.2995
16850	22.8894	13.3162
16809	22.9181	13.3328
16771	22.9467	13.3495
16730	22.9754	13.3662
16689	23.004	13.3828
16648	23.0327	13.3995
16609	23.0613	13.4162
16570	23.09	13.4328
16532	23.1186	13.4495
16490	23.1473	13.4662
16450	23.1759	13.4828
16409	23.2046	13.4995
16369	23.2332	13.5162
16329	23.2619	13.5328
16290	23.2905	13.5495
16241	23.3192	13.5662
16202	23.3478	13.5828
16161	23.3764	13.5995
16122	23.4051	13.6162
16081	23.4337	13.6328
16036	23.4624	13.6495
15993	23.491	13.6662
15957	23.5197	13.6828
15913	23.5483	13.6995
15875	23.577	13.7162
15827	23.6056	13.7328
15785	23.6343	13.7495
15748	23.6629	13.7662
15708	23.6916	13.7828
15666	23.7202	13.7995
15623	23.7489	13.8162
15583	23.7775	13.8328
15542	23.8062	13.8495
15504	23.8348	13.8662
15467	23.8635	13.8828
15426	23.8921	13.8995
15384	23.9207	13.9162
15337	23.9494	13.9328
15301	23.978	13.9495
15261	24.0067	13.9662
15219	24.0353	13.9828
15182	24.064	13.9995
15144	24.0926	14.0162
15104	24.1213	14.0328
15063	24.1499	14.0495
15022	24.1786	14.0662
14979	24.2072	14.0828
14939	24.2359	14.0995
14898	24.2645	14.1161
14864	24.2932	14.1328
14824	24.3218	14.1495
14784	24.3505	14.1661
14741	24.3791	14.1828
14702	24.4078	14.1995
14658	24.4364	14.2161
14622	24.4651	14.2328
14581	24.4937	14.2495
14543	24.5223	14.2661
14503	24.551	14.2828
14475	24.5796	14.2995
14432	24.6083	14.3161
14385	24.6369	14.3328
14343	24.6656	14.3495
14309	24.6942	14.3661
14266	24.7229	14.3828
14226	24.7515	14.3995
14194	24.7802	14.4161
14154	24.8088	14.4328
14109	24.8375	14.4495
14070	24.8661	14.4661
14032	24.8948	14.4828
13985	24.9234	14.4995
13944	24.9521	14.5161
13908	24.9807	14.5328
13874	25.0094	14.5495
13827	25.038	14.5661
13789	25.0666	14.5828
13749	25.0953	14.5995
13710	25.1239	14.6161
13679	25.1526	14.6328
13636	25.1812	14.6495
13606	25.2099	14.6661
13566	25.2385	14.6828
13532	25.2672	14.6995
13498	25.2958	14.7161
13452	25.3245	14.7328
13402	25.3531	14.7495
13370	25.3818	14.7661
13339	25.4104	14.7828
13306	25.4391	14.7995
13273	25.4677	14.8161
13229	25.4964	14.8328
13187	25.525	14.8495
13154	25.5537	14.8661
13114	25.5823	14.8828
13073	25.611	14.8995
13035	25.6396	14.9161
12999	25.6682	14.9328
12959	25.6969	14.9495
12930	25.7255	14.9661
12892	25.7542	14.9828
12855	25.7828	14.9995
12819	25.8115	15.0161
12780	25.8401	15.0328
12746	25.8688	15.0495
12702	25.8974	15.0661
12667	25.9261	15.0828
12635	25.9547	15.0995
12602	25.9834	15.1161
12569	26.012	15.1328
12530	26.0407	15.1495
12497	26.0693	15.1661
12462	26.098	15.1828
12424	26.1266	15.1995
12388	26.1553	15.2161
12357	26.1839	15.2328
12320	26.2125	15.2495
12276	26.2412	15.2661
12249	26.2698	15.2828
12220	26.2985	15.2995
12178	26.3271	15.3161
12137	26.3558	15.3328
12105	26.3844	15.3495
12072	26.4131	15.3661
12035	26.4417	15.3828
12004	26.4704	15.3995
11966	26.499	15.4161
11926	26.5277	15.4328
11890	26.5563	15.4495
11858	26.585	15.4661
11822	26.6136	15.4828
11788	26.6423	15.4995
11757	26.6709	15.5161
11717	26.6996	15.5328
11678	26.7282	15.5495
11637	26.7568	15.5661
11613	26.7855	15.5828
11575	26.8141	15.5995
11535	26.8428	15.6161
11501	26.8714	15.6328
11467	26.9001	15.6495
11436	26.9287	15.6661
11394	26.9574	15.6828
11364	26.986	15.6995
11334	27.0147	15.7161
11301	27.0433	15.7328
11264	27.072	15.7495
11229	27.1006	15.7661
11193	27.1293	15.7828
11158	27.1579	15.7995
11122	27.1866	15.8161
11085	27.2152	15.8328
11051	27.2439	15.8495
11020	27.2725	15.8661
10983	27.3012	15.8828
10945	27.3298	15.8995
10910	27.3584	15.9161
10874	27.3871	15.9328
10843	27.4157	15.9495
10809	27.4444	15.9661
10781	27.473	15.9828
10743	27.5017	15.9995
10702	27.5303	16.0161
10661	27.559	16.0328
10635	27.5876	16.0495
10601	27.6163	16.0661
10570	27.6449	16.0828
10533	27.6736	16.0995
10499	27.7022	16.1161
10462	27.7309	16.1328
10426	27.7595	16.1495
10388	27.7882	16.1661
10359	27.8168	16.1828
10329	27.8455	16.1995
10291	27.8741	16.2161
10258	27.9028	16.2328
10227	27.9314	16.2495
10186	27.96	16.2661
10152	27.9887	16.2828
10121	28.0173	16.2994
10092	28.046	16.3161
10061	28.0746	16.3328
10024	28.1033	16.3494
9987	28.1319	16.3661
9958	28.1606	16.3828
9932	28.1892	16.3994
9894	28.2179	16.4161
9863	28.2465	16.4328
9830	28.2752	16.4494
9802	28.3038	16.4661
9774	28.3325	16.4828
9739	28.3611	16.4994
9709	28.3898	16.5161
9681	28.4184	16.5328
9650	28.4471	16.5494
9620	28.4757	16.5661
9582	28.5043	16.5828
9550	28.533	16.5994
9517	28.5616	16.6161
9478	28.5903	16.6328
9450	28.6189	16.6494
9420	28.6476	16.6661
9388	28.6762	16.6828
9355	28.7049	16.6994
9329	28.7335	16.7161
9292	28.7622	16.7328
9262	28.7908	16.7494
9225	28.8195	16.7661
9201	28.8481	16.7828
9164	28.8768	16.7994
9135	28.9054	16.8161
9108	28.9341	16.8328
9077	28.9627	16.8494
9048	28.9914	16.8661
9018	29.02	16.8828
8993	29.0487	16.8994
8960	29.0773	16.9161
8927	29.106	16.9328
8893	29.1346	16.9494
8871	29.1633	16.9661
8833	29.1919	16.9828
8802	29.2206	16.9994
8782	29.2492	17.0161
8745	29.2779	17.0328
8710	29.3065	17.0494
8692	29.3352	17.0661
8665	29.3638	17.0828
8641	29.3925	17.0994
8611	29.4211	17.1161
8577	29.4498	17.1328
8546	29.4784	17.1494
8512	29.5071	17.1661
8481	29.5357	17.1828
8451	29.5644	17.1994
8423	29.593	17.2161
8391	29.6217	17.2328
8357	29.6503	17.2494
8329	29.679	17.2661
8307	29.7076	17.2828
8280	29.7363	17.2994
8247	29.7649	17.3161
8219	29.7936	17.3328
8192	29.8222	17.3494
8167	29.8508	17.3661
8133	29.8795	17.3828
8110	29.9081	17.3994
8075	29.9368	17.4161
8047	29.9654	17.4328
8021	29.9941	17.4494
7995	30.0227	17.4661
7970	30.0514	17.4828
7937	30.08	17.4994
7910	30.1087	17.5161
7882	30.1373	17.5328
7855	30.166	17.5494
7826	30.1946	17.5661
7793	30.2233	17.5828
7764	30.2519	17.5994
7740	30.2806	17.6161
7710	30.3092	17.6328
7681	30.3379	17.6494
7651	30.3665	17.6661
7622	30.3952	17.6828
7594	30.4238	17.6994
7566	30.4525	17.7161
7539	30.4811	17.7328
7513	30.5098	17.7494
7488	30.5384	17.7661
7454	30.5671	17.7828
7419	30.5957	17.7994
7395	30.6244	17.8161
7375	30.653	17.8328
7352	30.6817	17.8494
7323	30.7103	17.8661
7300	30.739	17.8828
7272	30.7676	17.8994
7243	30.7963	17.9161
7215	30.8249	17.9328
7188	30.8536	17.9494
7161	30.8822	17.9661
7128	30.9109	17.9828
7104	30.9395	17.9994
7078	30.9682	18.0161
7054	30.9968	18.0328
7023	31.0255	18.0494
6998	31.0541	18.0661
6974	31.0828	18.0828
6949	31.1114	18.0994
6919	31.1401	18.1161
6889	31.1687	18.1328
6865	31.1974	18.1494
6843	31.226	18.1661
6811	31.2547	18.1828
6792	31.2833	18.1994
6769	31.312	18.2161
6737	31.3406	18.2328
6714	31.3693	18.2494
6686	31.3979	18.2661
6658	31.4266	18.2828
6631	31.4552	18.2994
6605	31.4839	18.3161
6581	31.5125	18.3328
6557	31.5412	18.3494
6532	31.5698	18.3661
6509	31.5984	18.3828
6488	31.6271	18.3994
6461	31.6557	18.4161
6436	31.6844	18.4328
6410	31.713	18.4494
6384	31.7417	18.4661
6364	31.7703	18.4827
6333	31.799	18.4994
6308	31.8276	18.5161
6286	31.8563	18.5327
6265	31.8849	18.5494
6245	31.9136	18.5661
6220	31.9422	18.5827
6190	31.9709	18.5994
6167	31.9995	18.6161
6155	32.0282	18.6327
6122	32.0568	18.6494
6098	32.0855	18.6661
6077	32.1141	18.6827
6051	32.1428	18.6994
6026	32.1714	18.7161
6004	32.2001	18.7327
5976	32.2287	18.7494
5955	32.2574	18.7661
5936	32.286	18.7827
5911	32.3147	18.7994
5893	32.3433	18.8161
5871	32.372	18.8327
5845	32.4006	18.8494
5826	32.4293	18.8661
5803	32.4579	18.8827
5785	32.4866	18.8994
5761	32.5152	18.9161
5737	32.5439	18.9327
5716	32.5725	18.9494
5692	32.6012	18.9661
5668	32.6298	18.9827
5643	32.6585	18.9994
5628	32.6871	19.0161
5608	32.7158	19.0327
5584	32.7444	19.0494
5563	32.7731	19.0661
5542	32.8017	19.0827
5525	32.8304	19.0994
5500	32.859	19.1161
5480	32.8877	19.1327
5458	32.9163	19.1494
5435	32.945	19.1661
5411	32.9736	19.1827
5391	33.0023	19.1994
5370	33.0309	19.2161
5354	33.0596	19.2327
5331	33.0882	19.2494
5315	33.1169	19.2661
5294	33.1455	19.2827
5270	33.1742	19.2994
5246	33.2028	19.3161
5227	33.2315	19.3327
5201	33.2601	19.3494
5181	33.2888	19.3661
5162	33.3174	19.3827
5146	33.3461	19.3994
5120	33.3747	19.4161
5105	33.4034	19.4327
5080	33.432	19.4494
5057	33.4606	19.4661
5038	33.4893	19.4827
5017	33.5179	19.4994
4998	33.5466	19.5161
4979	33.5752	19.5327
4959	33.6039	19.5494
4935	33.6325	19.5661
4911	33.6612	19.5827
4895	33.6898	19.5994
4877	33.7185	19.6161
4852	33.7471	19.6327
4829	33.7758	19.6494
4807	33.8044	19.6661
4791	33.8331	19.6827
4764	33.8617	19.6994
4746	33.8904	19.7161
4723	33.919	19.7327
4703	33.9477	19.7494
4690	33.9763	19.7661
4676	34.005	19.7827
4652	34.0336	19.7994
4633	34.0623	19.8161
4614	34.0909	19.8327
4595	34.1196	19.8494
4573	34.1482	19.8661
4554	34.1769	19.8827
4530	34.2055	19.8994
4514	34.2342	19.9161
4497	34.2628	19.9327
4479	34.2915	19.9494
4457	34.3201	19.9661
4445	34.3488	19.9827
4424	34.3774	19.9994
4407	34.4061	20.0161
4385	34.4347	20.0327
4369	34.4634	20.0494
4356	34.492	20.0661
4331	34.5207	20.0827
4317	34.5493	20.0994
4303	34.578	20.1161
4286	34.6066	20.1327
4269	34.6353	20.1494
4243	34.6639	20.1661
4228	34.6926	20.1827
4205	34.7212	20.1994
4193	34.7499	20.2161
4176	34.7785	20.2327
4159	34.8072	20.2494
4135	34.8358	20.2661
4123	34.8645	20.2827
4102	34.8931	20.2994
4086	34.9218	20.3161
4069	34.9504	20.3327
4051	34.9791	20.3494
4036	35.0077	20.3661
4019	35.0364	20.3827
4002	35.065	20.3994
3981	35.0937	20.4161
3964	35.1223	20.4327
3948	35.151	20.4494
3930	35.1796	20.4661
3910	35.2082	20.4827
3898	35.2369	20.4994
3878	35.2655	20.5161
3861	35.2942	20.5327
3851	35.3228	20.5494
3839	35.3515	20.5661
3817	35.3801	20.5827
3800	35.4088	20.5994
3784	35.4374	20.6161
3770	35.4661	20.6327
3754	35.4947	20.6494
3740	35.5234	20.666
3722	35.552	20.6827
3704	35.5807	20.6994
3692	35.6093	20.716
3678	35.638	20.7327
3661	35.6666	20.7494
3650	35.6953	20.766
3634	35.7239	20.7827
3614	35.7526	20.7994
3600	35.7812	20.816
3584	35.8099	20.8327
3570	35.8385	20.8494
3561	35.8672	20.866
3546	35.8958	20.8827
3523	35.9245	20.8994
3504	35.9531	20.916
3492	35.9818	20.9327
3477	36.0104	20.9494
3465	36.0391	20.966
3445	36.0677	20.9827
3429	36.0964	20.9994
3413	36.125	21.016
3399	36.1537	21.0327
3386	36.1823	21.0494
3372	36.211	21.066
3359	36.2396	21.0827
3343	36.2683	21.0994
3326	36.2969	21.116
3314	36.3256	21.1327
3302	36.3542	21.1494
3290	36.3829	21.166
3274	36.4115	21.1827
3259	36.4402	21.1994
3244	36.4688	21.216
3234	36.4975	21.2327
3218	36.5261	21.2494
3205	36.5548	21.266
3192	36.5834	21.2827
3178	36.6121	21.2994
3166	36.6407	21.316
3146	36.6694	21.3327
3137	36.698	21.3494
3121	36.7267	21.366
3106	36.7553	21.3827
3097	36.784	21.3994
3083	36.8126	21.416
3070	36.8413	21.4327
3057	36.8699	21.4494
3044	36.8985	21.466
3028	36.9272	21.4827
3012	36.9558	21.4994
3001	36.9845	21.516
2988	37.0131	21.5327
2976	37.0418	21.5494
2968	37.0704	21.566
2952	37.0991	21.5827
2938	37.1277	21.5994
2929	37.1564	21.616
2914	37.185	21.6327
2903	37.2137	21.6494
2891	37.2423	21.666
2878	37.271	21.6827
2865	37.2996	21.6994
2853	37.3283	21.716
2843	37.3569	21.7327
2830	37.3856	21.7494
2816	37.4142	21.766
2804	37.4429	21.7827
2791	37.4715	21.7994
2780	37.5002	21.816
2768	37.5288	21.8327
2760	37.5575	21.8494
2747	37.5861	21.866
2734	37.6148	21.8827
2722	37.6434	21.8994
2710	37.6721	21.916
2701	37.7007	21.9327
2685	37.7294	21.9494
2677	37.758	21.966
2665	37.7867	21.9827
2651	37.8153	21.9994
2641	37.844	22.016
2633	37.8726	22.0327
2622	37.9013	22.0494
2606	37.9299	22.066
2594	37.9586	22.0827
2585	37.9586	22.0994
2570	37.9586	22.116
2558	37.9586	22.1327
2547	37.9586	22.1494
2538	37.9586	22.166
2523	37.9586	22.1827
2511	37.9586	22.1994
2503	37.9586	22.216
2493	37.9586	22.2327
2481	37.9586	22.2494
2471	37.9586	22.266
2457	37.9586	22.2827
2445	37.9586	22.2994
2434	37.9586	22.316
2424	37.9586	22.3327
2412	37.9586	22.3494
2401	37.9586	22.366
2392	37.9586	22.3827
2384	37.9586	22.3994
2373	37.9586	22.416
2363	37.9586	22.4327
2353	37.9586	22.4494
2342	37.9586	22.466
2331	37.9586	22.4827
2322	37.9586	22.4994
2312	37.9586	22.516
2303	37.9586	22.5327
2292	37.9586	22.5494
2279	37.9586	22.566
2271	37.9586	22.5827
2259	37.9586	22.5994
2252	37.9586	22.616
2241	37.9586	22.6327
2231	37.9586	22.6494
2224	37.9586	22.666
2207	37.9586	22.6827
2202	37.9586	22.6994
2194	37.9586	22.716
2182	37.9586	22.7327
2171	37.9586	22.7494
2163	37.9586	22.766
2154	37.9586	22.7827
2146	37.9586	22.7994
2139	37.9586	22.816
2125	37.9586	22.8327
2120	37.9586	22.8493
2109	37.9586	22.866
2098	37.9586	22.8827
2090	37.9586	22.8993
2083	37.9586	22.916
2071	37.9586	22.9327
2060	37.9586	22.9493
2052	37.9586	22.966
2046	37.9586	22.9827
2038	37.9586	22.9993
2026	37.9586	23.016
2015	37.9586	23.0327
2010	37.9586	23.0493
2002	37.9586	23.066
1994	37.9586	23.0827
1982	37.9586	23.0993
1977	37.9586	23.116
1964	37.9586	23.1327
1957	37.9586	23.1493
1949	37.9586	23.166
1939	37.9586	23.1827
1932	37.9586	23.1993
1924	37.9586	23.216
1913	37.9586	23.2327
1907	37.9586	23.2493
1896	37.9586	23.266
1889	37.9586	23.2827
1881	37.9586	23.2993
1873	37.9586	23.316
1865	37.9586	23.3327
1855	37.9586	23.3493
1849	37.9586	23.366
1839	37.9586	23.3827
1833	37.9586	23.3993
1825	37.9586	23.416
1816	37.9586	23.4327
1809	37.9586	23.4493
1801	37.9586	23.466
1792	37.9586	23.4827
1784	37.9586	23.4993
1778	37.9299	23.516
1773	37.9013	23.5327
1763	37.8726	23.5493
1756	37.844	23.566
1748	37.8153	23.5827
1741	37.7867	23.5993
1732	37.758	23.616
1726	37.7294	23.6327
1719	37.7007	23.6493
1713	37.6721	23.666
1709	37.6434	23.6827
1700	37.6148	23.6993
1694	37.5861	23.716
1690	37.5575	23.7327
1685	37.5288	23.7493
1675	37.5002	23.766
1671	37.4715	23.7827
1664	37.4429	23.7993
1659	37.4142	23.816
1651	37.3856	23.8327
1644	37.3569	23.8493
1636	37.3283	23.866
1633	37.2996	23.8827
1624	37.271	23.8993
1618	37.2423	23.916
1613	37.2137	23.9327
1606	37.185	23.9493
1599	37.1564	23.966
1592	37.1277	23.9827
1588	37.0991	23.9993
1582	37.0704	24.016
1577	37.0418	24.0327
1572	37.0131	24.0493
1568	36.9845	24.066
1560	36.9558	24.0827
1555	36.9272	24.0993
1548	36.8985	24.116
1542	36.8699	24.1327
1537	36.8413	24.1493
1531	36.8126	24.166
1526	36.784	24.1827
1520	36.7553	24.1993
1516	36.7267	24.216
1512	36.698	24.2327
1508	36.6694	24.2493
1504	36.6407	24.266
1500	36.6121	24.2827
1492	36.5834	24.2993
1487	36.5548	24.316
1480	36.5261	24.3327
1476	36.4975	24.3493
1470	36.4688	24.366
1462	36.4402	24.3827
1461	36.4115	24.3993
1459	36.3829	24.416
1453	36.3542	24.4327
1449	36.3256	24.4493
1446	36.2969	24.466
1441	36.2683	24.4827
1435	36.2396	24.4993
1432	36.211	24.516
1427	36.1823	24.5327
1423	36.1537	24.5493
1420	36.125	24.566
1412	36.0964	24.5827
1409	36.0677	24.5993
1404	36.0391	24.616
1398	36.0104	24.6327
1392	35.9818	24.6493
1388	35.9531	24.666
1384	35.9245	24.6827
1378	35.8958	24.6993
1378	35.8672	24.716
1377	35.8385	24.7327
1374	35.8099	24.7493
1367	35.7812	24.766
1361	35.7526	24.7827
1354	35.7239	24.7993
1352	35.6953	24.816
1348	35.6666	24.8327
1342	35.638	24.8493
1337	35.6093	24.866
1334	35.5807	24.8827
1329	35.552	24.8993
1324	35.5234	24.916
1322	35.4947	24.9327
1320	35.4661	24.9493
1314	35.4374	24.966
1310	35.4088	24.9827
1307	35.3801	24.9993
1304	35.3515	25.016
1297	35.3228	25.0326
1290	35.2942	25.0493
1290	35.2655	25.066
1290	35.2369	25.0826
1290	35.2082	25.0993
1290	35.1796	25.116
1283	35.151	25.1326
1278	35.1223	25.1493
1275	35.0937	25.166
1274	35.065	25.1826
1273	35.0364	25.1993
1268	35.0077	25.216
1261	34.9791	25.2326
1258	34.9504	25.2493
1256	34.9218	25.266
1253	34.8931	25.2826
1246	34.8645	25.2993
1243	34.8358	25.316
1243	34.8072	25.3326
1243	34.7785	25.3493
1243	34.7499	25.366
1239	34.7212	25.3826
1228	34.6926	25.3993
1228	34.6639	25.416
1228	34.6353	25.4326
1228	34.6066	25.4493
1228	34.578	25.466
1221	34.5493	25.4826
1216	34.5207	25.4993
1215	34.492	25.516
1215	34.4634	25.5326
1215	34.4347	25.5493
1211	34.4061	25.566
1205	34.3774	25.5826
1201	34.3488	25.5993
1196	34.3201	25.616
1194	34.2915	25.6326
1193	34.2628	25.6493
1191	34.2342	25.666
1188	34.2055	25.6826
1185	34.1769	25.6993
1184	34.1482	25.716
1182	34.1196	25.7326
1178	34.0909	25.7493
1178	34.0623	25.766
1178	34.0336	25.7826
1178	34.005	25.7993
1178	33.9763	25.816
1176	33.9477	25.8326
1172	33.919	25.8493
1168	33.8904	25.866
1168	33.8617	25.8826
1165	33.8331	25.8993
1161	33.8044	25.916
1155	33.7758	25.9326
1151	33.7471	25.9493
1148	33.7185	25.966
1148	33.6898	25.9826
1148	33.6612	25.9993
1148	33.6325	26.016
1148	33.6039	26.0326
1148	33.5752	26.0493
1148	33.5466	26.066
1141	33.5179	26.0826
1135	33.4893	26.0993
1135	33.4606	26.116
1135	33.432	26.1326
1135	33.4034	26.1493
1135	33.3747	26.166
1135	33.3461	26.1826
1135	33.3174	26.1993
1135	33.2888	26.216
1135	33.2601	26.2326
1135	33.2315	26.2493
1135	33.2028	26.266
1135	33.1742	26.2826
1135	33.1455	26.2993
1134	33.1169	26.316
1129	33.0882	26.3326
1123	33.0596	26.3493
1121	33.0309	26.366
1121	33.0023	26.3826
1121	32.9736	26.3993
1121	32.945	26.416
1121	32.9163	26.4326
1116	32.8877	26.4493
1113	32.859	26.466
1110	32.8304	26.4826
1110	32.8017	26.4993
1110	32.7731	26.516
1110	32.7444	26.5326
1110	32.7158	26.5493
1110	32.6871	26.566
1110	32.6585	26.5826
1110	32.6298	26.5993
1110	32.6012	26.616
1110	32.5725	26.6326
1110	32.5439	26.6493
1110	32.5152	26.666
1109	32.4866	26.6826
1109	32.4579	26.6993
1109	32.4293	26.716
1109	32.4006	26.7326
1109	32.372	26.7493
1109	32.3433	26.766
1109	32.3147	26.7826
1109	32.286	26.7993
1109	32.2574	26.816
1109	32.2287	26.8326
1109	32.2001	26.8493
1109	32.1714	26.866
1109	32.1428	26.8826
1109	32.1141	26.8993
1108	32.0855	26.916
1103	32.0568	26.9326
1094	32.0282	26.9493
1093	31.9995	26.966
1093	31.9709	26.9826
1093	31.9422	26.9993
1093	31.9136	27.016
1093	31.8849	27.0326
1093	31.8563	27.0493
1093	31.8276	27.066
1093	31.799	27.0826
1093	31.7703	27.0993
1093	31.7417	27.116
1093	31.713	27.1326
1093	31.6844	27.1493
1093	31.6557	27.166
1093	31.6271	27.1826
1093	31.5984	27.1993
1093	31.5698	27.216
1093	31.5412	27.2326
1093	31.5125	27.2493
1093	31.4839	27.2659
1092	31.4552	27.2826
1089	31.4266	27.2993
1086	31.3979	27.3159
1086	31.3693	27.3326
1086	31.3406	27.3493
1086	31.312	27.3659
1086	31.2833	27.3826
1086	31.2547	27.3993
1086	31.226	27.4159
1086	31.1974	27.4326
1086	31.1687	27.4493
1086	31.1401	27.4659
1086	31.1114	27.4826
1086	31.0828	27.4993
1086	31.0541	27.5159
1086	31.0255	27.5326
1086	30.9968	27.5493
1086	30.9682	27.5659
1086	30.9395	27.5826
1086	30.9109	27.5993
1086	30.8822	27.6159
1086	30.8536	27.6326
1085	30.8249	27.6493
1085	30.7963	27.6659
1085	30.7676	27.6826
1085	30.739	27.6993
1085	30.7103	27.7159
1085	30.6817	27.7326
1085	30.653	27.7493
1085	30.6244	27.7659
1085	30.5957	27.7826
1085	30.5671	27.7993
1085	30.5384	27.8159
1085	30.5098	27.8326
1085	30.4811	27.8493
1083	30.4525	27.8659
1079	30.4238	27.8826
1071	30.3952	27.8993
1070	30.3665	27.9159
1070	30.3379	27.9326
1070	30.3092	27.9493
1070	30.2806	27.9659
1070	30.2519	27.9826
1070	30.2233	27.9993
1070	30.1946	28.0159
1070	30.166	28.0326
1070	30.1373	28.0493
1070	30.1087	28.0659
1070	30.08	28.0826
1070	30.0514	28.0993
1070	30.0227	28.1159
1070	29.9941	28.1326
1070	29.9654	28.1493
1070	29.9368	28.1659
1070	29.9081	28.1826
1070	29.8795	28.1993
1070	29.8508	28.2159
1070	29.8222	28.2326
1070	29.7936	28.2493
1070	29.7649	28.2659
1070	29.7363	28.2826
1070	29.7076	28.2993
1070	29.679	28.3159
1070	29.6503	28.3326
1070	29.6217	28.3493
1070	29.593	28.3659
1070	29.5644	28.3826
1070	29.5357	28.3993
1070	29.5071	28.4159
1070	29.4784	28.4326
1070	29.4498	28.4493
1070	29.4211	28.4659
1070	29.3925	28.4826
1070	29.3638	28.4993
1070	29.3352	28.5159
1070	29.3065	28.5326
1070	29.2779	28.5493
1070	29.2492	28.5659
1070	29.2206	28.5826
1070	29.1919	28.5993
1070	29.1633	28.6159
1070	29.1346	28.6326
1070	29.106	28.6493
1070	29.0773	28.6659
1070	29.0487	28.6826
1070	29.02	28.6993
1070	28.9914	28.7159
1070	28.9627	28.7326
1070	28.9341	28.7493
1070	28.9054	28.7659
1070	28.8768	28.7826
1070	28.8481	28.7993
1070	28.8195	28.8159
1070	28.7908	28.8326
1070	28.7622	28.8493
1070	28.7335	28.8659
1070	28.7049	28.8826
1070	28.6762	28.8993
1070	28.6476	28.9159
1070	28.6189	28.9326
1070	28.5903	28.9493
1070	28.5616	28.9659
1070	28.533	28.9826
1070	28.5043	28.9993
1070	28.4757	29.0159
1069	28.4471	29.0326
1063	28.4184	29.0493
1059	28.3898	29.0659
1058	28.3611	29.0826
1058	28.3325	29.0993
1058	28.3038	29.1159
1058	28.2752	29.1326
1058	28.2465	29.1493
1058	28.2179	29.1659
1057	28.1892	29.1826
1057	28.1606	29.1993
1057	28.1319	29.2159
1057	28.1033	29.2326
1057	28.0746	29.2493
1057	28.046	29.2659
1057	28.0173	29.2826
1057	27.9887	29.2993
1057	27.96	29.3159
1057	27.9314	29.3326
1057	27.9028	29.3493
1057	27.8741	29.3659
1057	27.8455	29.3826
1057	27.8168	29.3993
1057	27.7882	29.4159
1057	27.7595	29.4326
1057	27.7309	29.4492
1057	27.7022	29.4659
1057	27.6736	29.4826
1057	27.6449	29.4992
1057	27.6163	29.5159
1057	27.5876	29.5326
1057	27.559	29.5492
1057	27.5303	29.5659
1057	27.5017	29.5826
1057	27.473	29.5992
1057	27.4444	29.6159
1057	27.4157	29.6326
1057	27.3871	29.6492
1057	27.3584	29.6659
1057	27.3298	29.6826
1057	27.3012	29.6992
1057	27.2725	29.7159
1057	27.2439	29.7326
1057	27.2152	29.7492
1057	27.1866	29.7659
1057	27.1579	29.7826
1057	27.1293	29.7992
1057	27.1006	29.8159
1057	27.072	29.8326
1057	27.0433	29.8492
1057	27.0147	29.8659
1057	26.986	29.8826
1057	26.9574	29.8992
1057	26.9287	29.9159
1057	26.9001	29.9326
1057	26.8714	29.9492
1057	26.8428	29.9659
1057	26.8141	29.9826
1057	26.7855	29.9992
1057	26.7569	30.0159
1057	26.7282	30.0326
1057	26.6996	30.0492
1057	26.6709	30.0659
1057	26.6423	30.0826
1057	26.6136	30.0992
1057	26.585	30.1159
1057	26.5563	30.1326
1057	26.5277	30.1492
1057	26.499	30.1659
1057	26.4704	30.1826
1057	26.4417	30.1992
1057	26.4131	30.2159
1057	26.3844	30.2326
1057	26.3558	30.2492
1057	26.3271	30.2659
1057	26.2985	30.2826
1057	26.2698	30.2992
1057	26.2412	30.3159
1057	26.2125	30.3326
1057	26.1839	30.3492
1057	26.1553	30.3659
1057	26.1266	30.3826
1057	26.098	30.3992
1057	26.0693	30.4159
1057	26.0407	30.4326
1057	26.012	30.4492
1057	25.9834	30.4659
1057	25.9547	30.4826
1057	25.9261	30.4992
1057	25.8974	30.5159
1057	25.8688	30.5326
1057	25.8401	30.5492
1057	25.8115	30.5659
1057	25.7828	30.5826
1057	25.7542	30.5992
1057	25.7255	30.6159
1057	25.6969	30.6326
1057	25.6682	30.6492
1057	25.6396	30.6659
1057	25.611	30.6826
1057	25.5823	30.6992
1057	25.5537	30.7159
1057	25.525	30.7326
1057	25.4964	30.7492
1057	25.4677	30.7659
1057	25.4391	30.7826
1057	25.4104	30.7992
1057	25.3818	30.8159
1057	25.3531	30.8326
1057	25.3245	30.8492
1057	25.2958	30.8659
1057	25.2672	30.8826
1057	25.2385	30.8992
1057	25.2099	30.9159
1057	25.1812	30.9326
1057	25.1526	30.9492
1057	25.1239	30.9659
1057	25.0953	30.9826
1057	25.0667	30.9992
1057	25.038	31.0159
1057	25.0094	31.0326
1057	24.9807	31.0492
1057	24.9521	31.0659
1057	24.9234	31.0826
1057	24.8948	31.0992
1057	24.8661	31.1159
1057	24.8375	31.1326
1057	24.8088	31.1492
1057	24.7802	31.1659
1057	24.7515	31.1826
1057	24.7229	31.1992
1057	24.6942	31.2159
1057	24.6656	31.2326
1057	24.6369	31.2492
1057	24.6083	31.2659
1057	24.5796	31.2826
1057	24.551	31.2992
1057	24.5223	31.3159
1057	24.4937	31.3326
1057	24.4651	31.3492
1057	24.4364	31.3659
1057	24.4078	31.3826
1057	24.3791	31.3992
1057	24.3505	31.4159
1057	24.3218	31.4326
1057	24.2932	31.4492
1057	24.2645	31.4659
1057	24.2359	31.4826
1057	24.2072	31.4992
1057	24.1786	31.5159
1057	24.1499	31.5326
1057	24.1213	31.5492
1057	24.0926	31.5659
1057	24.064	31.5826
1057	24.0353	31.5992
1057	24.0067	31.6159
1057	23.978	31.6325
1057	23.9494	31.6492
1057	23.9208	31.6659
1057	23.8921	31.6825
1057	23.8635	31.6992
1057	23.8348	31.7159
1057	23.8062	31.7325
1057	23.7775	31.7492
1057	23.7489	31.7659
1057	23.7202	31.7825
1057	23.6916	31.7992
1057	23.6629	31.8159
1057	23.6343	31.8325
1057	23.6056	31.8492
1057	23.577	31.8659
1057	23.5483	31.8825
1057	23.5197	31.8992
1057	23.491	31.9159
1057	23.4624	31.9325
1057	23.4337	31.9492
1057	23.4051	31.9659
1057	23.3764	31.9825
1057	23.3478	31.9992
1057	23.3192	32.0159
1057	23.2905	32.0325
1057	23.2619	32.0492
1057	23.2332	32.0659
1057	23.2046	32.0825
1057	23.1759	32.0992
1057	23.1473	32.1159
1057	23.1186	32.1325
1057	23.09	32.1492
1057	23.0613	32.1659
1057	23.0327	32.1825
1057	23.004	32.1992
1057	22.9754	32.2159
1057	22.9467	32.2325
1057	22.9181	32.2492
1057	22.8894	32.2659
1057	22.8608	32.2825
1057	22.8321	32.2992
1057	22.8035	32.3159
1057	22.7749	32.3325
1057	22.7462	32.3492
1057	22.7176	32.3659
1057	22.6889	32.3825
1057	22.6603	32.3992
1057	22.6316	32.4159
1057	22.603	32.4325
1057	22.5743	32.4492
1057	22.5457	32.4659
1057	22.517	32.4825
1057	22.4884	32.4992
1057	22.4597	32.5159
1057	22.4311	32.5325
1057	22.4024	32.5492
1057	22.3738	32.5659
1057	22.3451	32.5825
1057	22.3165	32.5992
1057	22.2878	32.6159
1057	22.2592	32.6325
1057	22.2305	32.6492
1057	22.2019	32.6659
1057	22.1733	32.6825
1057	22.1446	32.6992
1057	22.116	32.7159
1057	22.0873	32.7325
1057	22.0587	32.7492
1057	22.03	32.7659
1057	22.0014	32.7825
1057	21.9727	32.7992
1057	21.9441	32.8159
1057	21.9154	32.8325
1057	21.8868	32.8492
1057	21.8581	32.8659
1057	21.8295	32.8825
1057	21.8008	32.8992
1057	21.7722	32.9159
1057	21.7435	32.9325
1057	21.7149	32.9492
1056	21.6862	32.9659
1056	21.6576	32.9825
1056	21.629	32.9992
1056	21.6003	33.0159
1056	21.5717	33.0325
1056	21.543	33.0492
1056	21.5144	33.0659
1056	21.4857	33.0825
1056	21.4571	33.0992
1056	21.4284	33.1159
1056	21.3998	33.1326
1056	21.3711	33.1492
1056	21.3425	33.1659
1056	21.3138	33.1826
1056	21.2852	33.1992
1056	21.2565	33.2159
1056	21.2279	33.2326
1056	21.1992	33.2492
1056	21.1706	33.2659
1056	21.1419	33.2826
1056	21.1133	33.2993
1056	21.0847	33.3159
1056	21.056	33.3326
1056	21.0274	33.3493
1056	20.9987	33.3659
1056	20.9701	33.3826
1056	20.9414	33.3993
1056	20.9128	33.4159
1056	20.8841	33.4326
1055	20.8555	33.4493
1055	20.8268	33.466
1055	20.7982	33.4826
1055	20.7695	33.4993
1055	20.7409	33.516
1055	20.7122	33.5326
1055	20.6836	33.5493
1055	20.6549	33.566
1055	20.6263	33.5826
1055	20.5976	33.5993
1055	20.569	33.616
1055	20.5403	33.6327
1055	20.5117	33.6493
1055	20.4831	33.666
1055	20.4544	33.6827
1055	20.4258	33.6993
1055	20.3971	33.716
1055	20.3685	33.7327
1055	20.3398	33.7494
1055	20.3112	33.766
1055	20.2825	33.7827
1055	20.2539	33.7994
1055	20.2252	33.816
1055	20.1966	33.8327
1055	20.1679	33.8494
1055	20.1393	33.866
1055	20.1106	33.8827
1055	20.082	33.8994
1055	20.0533	33.9161
1055	20.0247	33.9327
1055	19.996	33.9494
1055	19.9674	33.9661
1055	19.9388	33.9827
1055	19.9101	33.9994
1055	19.8815	34.0161
1055	19.8528	34.0327
1055	19.8242	34.0494
1055	19.7955	34.0661
1055	19.7669	34.0828
1055	19.7382	34.0994
1055	19.7096	34.1161
1055	19.6809	34.1328
1055	19.6523	34.1494
1055	19.6236	34.1661
1055	19.595	34.1828
1055	19.5663	34.1994
1055	19.5377	34.2161
1055	19.509	34.2328
1055	19.4804	34.2495
1055	19.4517	34.2661
1055	19.4231	34.2828
1055	19.3944	34.2995
1055	19.3658	34.3161
1055	19.3372	34.3328
1055	19.3085	34.3495
1055	19.2799	34.3661
1055	19.2512	34.3828
1055	19.2226	34.3995
1055	19.1939	34.4162
1055	19.1653	34.4328
1055	19.1366	34.4495
1055	19.108	34.4662
1055	19.0793	34.4828
1055	19.0507	34.4995
1055	19.022	34.5162
1055	18.9934	34.5329
1055	18.9647	34.5495
1055	18.9361	34.5662
1055	18.9074	34.5829
1055	18.8788	34.5995
1055	18.8501	34.6162
1055	18.8215	34.6329
1055	18.7929	34.6495
1055	18.7642	34.6662
1055	18.7356	34.6829
1055	18.7069	34.6996
1055	18.6783	34.7162
1055	18.6496	34.7329
1055	18.621	34.7496
1055	18.5923	34.7662
1055	18.5637	34.7829
1055	18.535	34.7996
1055	18.5064	34.8162
1055	18.4777	34.8329
1055	18.4491	34.8496
1055	18.4204	34.8663
1055	18.3918	34.8829
1054	18.3631	34.8996
1054	18.3345	34.9163
1054	18.3058	34.9329
1054	18.2772	34.9496
1054	18.2486	34.9663
1054	18.2199	34.9829
1054	18.1913	34.9996
1054	18.1626	35.0163
1054	18.134	35.033
1054	18.1053	35.0496
1054	18.0767	35.0663
1054	18.048	35.083
1054	18.0194	35.0996
1054	17.9907	35.1163
1054	17.9621	35.133
1054	17.9334	35.1497
1054	17.9048	35.1663
1054	17.8761	35.183
1054	17.8475	35.1997
1054	17.8188	35.2163
1054	17.7902	35.233
1054	17.7615	35.2497
1054	17.7329	35.2663
1054	17.7042	35.283
1054	17.6756	35.2997
1054	17.647	35.3164
1054	17.6183	35.333
1054	17.5897	35.3497
1054	17.561	35.3664
1054	17.5324	35.383
1054	17.5037	35.3997
1054	17.4751	35.4164
1054	17.4464	35.433
1054	17.4178	35.4497
1054	17.3891	35.4664
1054	17.3605	35.4831
1054	17.3318	35.4997
1054	17.3032	35.5164
1054	17.2745	35.5331
1054	17.2459	35.5497
1054	17.2172	35.5664
1054	17.1886	35.5831
1054	17.1599	35.5997
1054	17.1313	35.6164
1054	17.1026	35.6331
1054	17.074	35.6498
1054	17.0454	35.6664
1054	17.0167	35.6831
1054	16.9881	35.6998
1054	16.9594	35.7164
1054	16.9308	35.7331
1054	16.9021	35.7498
1054	16.8735	35.7664
1054	16.8448	35.7831
1054	16.8162	35.7998
1054	16.7875	35.8165
1054	16.7589	35.8331
1054	16.7302	35.8498
1054	16.7016	35.8665
1054	16.6729	35.8831
1054	16.6443	35.8998
1054	16.6156	35.9165
1054	16.587	35.9332
1054	16.5583	35.9498
1054	16.5297	35.9665
1054	16.5011	35.9832
1054	16.4724	35.9998
1054	16.4438	36.0165
1054	16.4151	36.0332
1054	16.3865	36.0498
1054	16.3578	36.0665
1054	16.3292	36.0832
1054	16.3005	36.0999
1054	16.2719	36.1165
1054	16.2432	36.1332
1054	16.2146	36.1499
1054	16.1859	36.1665
1054	16.1573	36.1832
1054	16.1286	36.1999
1054	16.1	36.2165
1054	16.0713	36.2332
1054	16.0427	36.2499
1054	16.014	36.2666
1054	15.9854	36.2832
1054	15.9568	36.2999
1054	15.9281	36.3166
1054	15.8995	36.3332
1054	15.8708	36.3499
1054	15.8422	36.3666
1054	15.8135	36.3832
1054	15.7849	36.3999
1054	15.7562	36.4166
1054	15.7276	36.4333
1054	15.6989	36.4499
1054	15.6703	36.4666
1054	15.6416	36.4833
1054	15.613	36.4999
1054	15.5843	36.5166
1054	15.5557	36.5333
1054	15.527	36.5499
1054	15.4984	36.5666
1054	15.4697	36.5833
1054	15.4411	36.6
1054	15.4124	36.6166
1054	15.3838	36.6333
1054	15.3552	36.65
1054	15.3265	36.6666
1054	15.2979	36.6833
1054	15.2692	36.7
1054	15.2406	36.7167
1054	15.2119	36.7333
1054	15.1833	36.75
1054	15.1546	36.7667
1054	15.126	36.7833
1054	15.0973	36.8
1054	15.0687	36.8167
1054	15.04	36.8333
1054	15.0114	36.85
1054	14.9827	36.8667
1054	14.9541	36.8834
1054	14.9254	36.9
1054	14.8968	36.9167
1054	14.8681	36.9334
1054	14.8395	36.95
1054	14.8109	36.9667
1054	14.7822	36.9834
1054	14.7536	37
1054	14.7249	37.0167
1054	14.6963	37.0334
1054	14.6676	37.0501
1054	14.639	37.0667
1054	14.6103	37.0834
1054	14.5817	37.1001
1054	14.553	37.1167
1054	14.5244	37.1334
1054	14.4957	37.1501
1054	14.4671	37.1667
1054	14.4384	37.1834
1054	14.4098	37.2001
1054	14.3811	37.2168
1054	14.3525	37.2334
1054	14.3238	37.2501
1054	14.2952	37.2668
1054	14.2666	37.2834
1054	14.2379	37.3001
1054	14.2093	37.3168
1054	14.1806	37.3335
1054	14.152	37.3501
1054	14.1233	37.3668
1054	14.0947	37.3835
1054	14.066	37.4001
1054	14.0374	37.4168
1054	14.0087	37.4335
1054	13.9801	37.4501
1054	13.9514	37.4668
1054	13.9228	37.4835
1054	13.8941	37.5002
1054	13.8655	37.5168
1054	13.8368	37.5335
1054	13.8082	37.5502
1054	13.7795	37.5668
1054	13.7509	37.5835
1054	13.7222	37.6002
1054	13.6936	37.6168
1054	13.665	37.6335
1054	13.6363	37.6502
1054	13.6077	37.6669
1054	13.579	37.6835
1054	13.5504	37.7002
1054	13.5217	37.7169
1054	13.4931	37.7335
1054	13.4644	37.7502
1054	13.4358	37.7669
1054	13.4071	37.7835
1054	13.3785	37.8002
1054	13.3498	37.8169
1054	13.3212	37.8336
1054	13.2925	37.8502
1054	13.2639	37.8669
1054	13.2352	37.8836
1054	13.2066	37.9002
1054	13.1779	37.9169
1054	13.1493	37.9336
1054	13.1207	37.9502
1054	13.092	37.9669
1054	13.0634	37.9836
1054	13.0347	38.0003
1054	13.0061	38.0169
1054	12.9774	38.0336
1054	12.9488	38.0503
1054	12.9201	38.0669
1054	12.8915	38.0836
1054	12.8628	38.1003
1054	12.8342	38.117
1054	12.8055	38.1336
1054	12.7769	38.1503
1054	12.7482	38.167
1054	12.7196	38.1836
1054	12.6909	38.2003
1054	12.6623	38.217
1054	12.6336	38.2336
1054	12.605	38.2503
1054	12.5763	38.267
1054	12.5477	38.2837
1054	12.5191	38.3003
1054	12.4904	38.317
1054	12.4618	38.3337
1054	12.4331	38.3503
1054	12.4045	38.367
1054	12.3758	38.3837
1054	12.3472	38.4003
1054	12.3185	38.417
1054	12.2899	38.4337
1054	12.2612	38.4504
1054	12.2326	38.467
1054	12.2039	38.4837
1054	12.1753	38.5004
1054	12.1466	38.517
1054	12.118	38.5337
1054	12.0893	38.5504
1054	12.0607	38.567
1054	12.032	38.5837
1054	12.0034	38.6004
1054	11.9748	38.6171
1054	11.9461	38.6337
1054	11.9175	38.6504
1054	11.8888	38.6671
1054	11.8602	38.6837
1054	11.8315	38.7004
1054	11.8029	38.7171
1054	11.7742	38.7337
1054	11.7456	38.7504
1054	11.7169	38.7671
1054	11.6883	38.7838
1054	11.6596	38.8004
1054	11.631	38.8171
1054	11.6023	38.8338
1054	11.5737	38.8504
1054	11.545	38.8671
1054	11.5164	38.8838
1054	11.4877	38.9005
1054	11.4591	38.9171
1054	11.4304	38.9338
1054	11.4018	38.9505
1054	11.3732	38.9671
1054	11.3445	38.9838
1054	11.3159	39.0005
1054	11.2872	39.0171
1054	11.2586	39.0338
1054	11.2299	39.0505
1054	11.2013	39.0672
1054	11.1726	39.0838
1054	11.144	39.1005
1054	11.1153	39.1172
1054	11.0867	39.1338
1054	11.058	39.1505
1054	11.0294	39.1672
1054	11.0007	39.1838
1054	10.9721	39.2005
1054	10.9434	39.2172
1054	10.9148	39.2339
1054	10.8861	39.2505
1054	10.8575	39.2672
1054	10.8289	39.2839
1054	10.8002	39.3005
1054	10.7716	39.3172
1054	10.7429	39.3339
1054	10.7143	39.3505
1054	10.6856	39.3672
1054	10.657	39.3839
1054	10.6283	39.4006
1054	10.5997	39.4172
1054	10.571	39.4339
1054	10.5424	39.4506
1054	10.5137	39.4672
1054	10.4851	39.4839
1054	10.4564	39.5006
1054	10.4278	39.5173
1054	10.3991	39.5339
1054	10.3705	39.5506
1054	10.3418	39.5673
1054	10.3132	39.5839
1054	10.2845	39.6006
1054	10.2559	39.6173
1054	10.2273	39.6339
1054	10.1986	39.6506
1054	10.17	39.6673
1054	10.1413	39.684
1054	10.1127	39.7006
1054	10.084	39.7173
1054	10.0554	39.734
1054	10.0267	39.7506
1054	9.99808	39.7673
1054	9.96943	39.784
1054	9.94078	39.8006
1054	9.91213	39.8173
1054	9.88348	39.834
1054	9.85484	39.8507
1054	9.82619	39.8673
1054	9.79754	39.884
1054	9.7689	39.9007
1054	9.74025	39.9173
1054	9.7116	39.934
1054	9.68295	39.9507
1054	9.65431	39.9673
1054	9.62566	39.984
1054	9.59701	40.0007
1054	9.56836	40.0174
1054	9.53972	40.034
1054	9.51107	40.0507
1054	9.48242	40.0674
1054	9.45377	40.084
1054	9.42513	40.1007
1054	9.39648	40.1174
1054	9.36783	40.134
1054	9.33918	40.1507
1054	9.31054	40.1674
1054	9.28189	40.1841
1054	9.25324	40.2007
1054	9.22459	40.2174
1054	9.19595	40.2341
1054	9.1673	40.2507
1054	9.13865	40.2674
1054	9.11	40.2841
1054	9.08136	40.3008
1054	9.05271	40.3174
1054	9.02406	40.3341
1054	8.99541	40.3508
1054	8.96677	40.3674
1054	8.93812	40.3841
1054	8.90947	40.4008
1054	8.88082	40.4174
1054	8.85218	40.4341
1054	8.82353	40.4508
1054	8.79488	40.4675
1054	8.76623	40.4841
1054	8.73759	40.5008
1054	8.70894	40.5175
1054	8.68029	40.5341
1054	8.65164	40.5508
1054	8.623	40.5675
1054	8.59435	40.5841
1054	8.5657	40.6008
1054	8.53705	40.6175
1054	8.50841	40.6342
1054	8.47976	40.6508
1054	8.45111	40.6675
1054	8.42246	40.6842
1054	8.39382	40.7008
1054	8.36517	40.7175
1054	8.33652	40.7342
1054	8.30787	40.7508
1054	8.27923	40.7675
1054	8.25058	40.7842
1054	8.22193	40.8009
1054	8.19328	40.8175
1054	8.16464	40.8342
1054	8.13599	40.8509
1054	8.10734	40.8675
1054	8.07869	40.8842
1054	8.05005	40.9009
1054	8.0214	40.9175
1054	7.99275	40.9342
1054	7.9641	40.9509
1054	7.93546	40.9676
1054	7.90681	40.9842
1054	7.87816	41.0009
1054	7.84951	41.0176
1054	7.82087	41.0342
1054	7.79222	41.0509
1054	7.76357	41.0676
1054	7.73492	41.0843
1054	7.70628	41.1009
1054	7.67763	41.1176
1054	7.64898	41.1343
1054	7.62033	41.1509
1054	7.59169	41.1676
1054	7.56304	41.1843
1054	7.53439	41.2009
1054	7.50574	41.2176
1054	7.4771	41.2343
1054	7.44845	41.251
1054	7.4198	41.2676
1054	7.39115	41.2843
1054	7.36251	41.301
1054	7.33386	41.3176
1054	7.30521	41.3343
1054	7.27656	41.351
1054	7.24792	41.3676
1054	7.21927	41.3843
1054	7.19062	41.401
1054	7.16197	41.4177
1054	7.13333	41.4343
1054	7.10468	41.451
1054	7.07603	41.4677
1054	7.04738	41.4843
1054	7.01873	41.501
1054	6.99009	41.5177
1054	6.96144	41.5343
1054	6.93279	41.551
1054	6.90414	41.5677
1054	6.8755	41.5844
1054	6.84685	41.601
1054	6.8182	41.6177
1054	6.78955	41.6344
1054	6.7609	41.651
1054	6.73226	41.6677
1054	6.70361	41.6844
1054	6.67496	41.701
1054	6.64631	41.7177
1054	6.61766	41.7344
1054	6.58902	41.7511
1054	6.56037	41.7677
1054	6.53172	41.7844
1054	6.50307	41.8011
1054	6.47442	41.8177
1054	6.44578	41.8344
1054	6.41713	41.8511
1054	6.38848	41.8678
1054	6.35983	41.8844
1054	6.33119	41.9011
1054	6.30254	41.9178
1054	6.27389	41.9344
1054	6.24524	41.9511
1054	6.21659	41.9678
1054	6.18795	41.9844
1054	6.1593	42.0011
1054	6.13065	42.0178
1054	6.102	42.0345
1054	6.07335	42.0511
1054	6.04471	42.0678
1054	6.01606	42.0845
1054	5.98741	42.1011
1054	5.95876	42.1178
1054	5.93011	42.1345
1054	5.90147	42.1511
1054	5.87282	42.1678
1054	5.84417	42.1845
1054	5.81552	42.2012
1054	5.78687	42.2178
1054	5.75823	42.2345
1054	5.72958	42.2512
1054	5.70093	42.2678
1054	5.67228	42.2845
1054	5.64364	42.3012
1054	5.61499	42.3178
1054	5.58634	42.3345
1054	5.55769	42.3512
1054	5.52904	42.3679
1054	5.5004	42.3845
1054	5.47175	42.4012
1054	5.4431	42.4179
1054	5.41445	42.4345
1054	5.3858	42.4512
1054	5.35716	42.4679
1054	5.32851	42.4846
1054	5.29986	42.5012
1054	5.27121	42.5179
1054	5.24256	42.5346
1054	5.21392	42.5512
1054	5.18527	42.5679
1054	5.15662	42.5846
1054	5.12797	42.6012
1054	5.09933	42.6179
1054	5.07068	42.6346
1054	5.04203	42.6513
1054	5.01338	42.6679
1054	4.98473	42.6846
1054	4.95609	42.7013
1054	4.92744	42.7179
1054	4.89879	42.7346
1054	4.87014	42.7513
1054	4.84149	42.7679
1054	4.81285	42.7846
1054	4.7842	42.8013
1054	4.75555	42.818
1054	4.7269	42.8346
1054	4.69825	42.8513
1054	4.66961	42.868
1054	4.64096	42.8846
1054	4.61231	42.9013
1054	4.58366	42.918
1054	4.55501	42.9346
1054	4.52637	42.9513
1054	4.49772	42.968
1054	4.46907	42.9847
1054	4.44042	43.0013
1054	4.41178	43.018
1054	4.38313	43.0347
1054	4.35448	43.0513
1054	4.32583	43.068
1054	4.29718	43.0847
1054	4.26854	43.1013
1054	4.23989	43.118
1054	4.21124	43.1347
1054	4.18259	43.1514
1054	4.15394	43.168
1054	4.1253	43.1847
1054	4.09665	43.2014
1054	4.068	43.218
1054	4.03935	43.2347
1054	4.0107	43.2514
1054	3.98206	43.2681
1054	3.95341	43.2847
1054	3.92476	43.3014
1054	3.89611	43.3181
1054	3.86747	43.3347
1054	3.83882	43.3514
1054	3.81017	43.3681
1054	3.78152	43.3847
1054	3.75287	43.4014
1054	3.72423	43.4181
1054	3.69558	43.4348
1054	3.66693	43.4514
1054	3.63828	43.4681
1054	3.60963	43.4848
1054	3.58099	43.5014
1054	3.55234	43.5181
1054	3.52369	43.5348
1054	3.49504	43.5514
1054	3.46639	43.5681
1054	3.43775	43.5848
1054	3.4091	43.6015
1054	3.38045	43.6181
1054	3.3518	43.6348
1054	3.32315	43.6515
1054	3.29451	43.6681
1054	3.26586	43.6848
1054	3.23721	43.7015
1054	3.20856	43.7181
1054	3.17992	43.7348
1054	3.15127	43.7515
1054	3.12262	43.7682
1054	3.09397	43.7848
1054	3.06532	43.8015
1054	3.03668	43.8182
1054	3.00803	43.8348
1054	2.97938	43.8515
1054	2.95073	43.8682
1054	2.92208	43.8848
1054	2.89344	43.9015
1054	2.86479	43.9182
1054	2.83614	43.9349
1054	2.80749	43.9515
1054	2.77884	43.9682
1054	2.7502	43.9849
1054	2.72155	44.0015
1054	2.6929	44.0182
1054	2.66425	44.0349
1054	2.63561	44.0516
1054	2.60696	44.0682
1054	2.57831	44.0849
1054	2.54966	44.1016
1054	2.52101	44.1182
1054	2.49237	44.1349
1054	2.46372	44.1516
1054	2.43507	44.1682
1054	2.40642	44.1849
1054	2.37777	44.2016
1054	2.34913	44.2183
1054	2.32048	44.2349
1054	2.29183	44.2516
1054	2.26318	44.2683
1054	2.23453	44.2849
1054	2.20589	44.3016
1054	2.17724	44.3183
1054	2.14859	44.3349
1054	2.11994	44.3516
1054	2.09129	44.3683
1054	2.06265	44.385
1054	2.034	44.4016
1054	2.00535	44.4183
1054	1.9767	44.435
1054	1.94806	44.4516
1054	1.91941	44.4683
1054	1.89076	44.485
1054	1.86211	44.5016
1054	1.83346	44.5183
1054	1.80482	44.535
1054	1.77617	44.5517
1054	1.74752	44.5683
1054	1.71887	44.585
1054	1.69022	44.6017
1054	1.66158	44.6183
1054	1.63293	44.635
1054	1.60428	44.6517
1054	1.57563	44.6684
1054	1.54699	44.685
1054	1.51834	44.7017
1054	1.48969	44.7184
1054	1.46104	44.735
1054	1.43239	44.7517
1054	1.40375	44.7684
1054	1.3751	44.785
1054	1.34645	44.8017
1054	1.3178	44.8184
1054	1.28916	44.8351
1054	1.26051	44.8517
1054	1.23186	44.8684
1054	1.20321	44.8851
1054	1.17456	44.9017
1054	1.14592	44.9184
1054	1.11727	44.9351
1054	1.08862	44.9517
1054	1.05997	44.9684
1054	1.03132	44.9851
1054	1.00268	45.0018
1054	0.974029	45.0184
1054	0.945382	45.0351
1054	0.916734	45.0518
1054	0.888086	45.0684
1054	0.859438	45.0851
1054	0.83079	45.1018
1054	0.802142	45.1184
1054	0.773495	45.1351
1054	0.744847	45.1518
1054	0.716199	45.1685
1054	0.687551	45.1851
1054	0.658903	45.2018
1054	0.630255	45.2185
1054	0.601607	45.2351
1054	0.57296	45.2518
1054	0.544312	45.2685
1054	0.515664	45.2851
1054	0.487016	45.3018
1054	0.458368	45.3185
1054	0.42972	45.3352
1054	0.401072	45.3518
1054	0.372425	45.3685
1054	0.343777	45.3852
1054	0.315129	45.4018
1054	0.286481	45.4185
1054	0.257833	45.4352
1054	0.229185	45.4519
1054	0.200537	45.4685
1054	0.17189	45.4852
1054	0.143242	45.5019
1054	0.114594	45.5185
1054	0.085946	45.5352
1054	0.0572982	45.5519
1054	0.0286503	45.5685
1054	2.46127e-06	45.5852
1054	-0.0286454	45.6019
1054	0	45.6186
1054	0	45.6352
1054	0	45.6519
1054	0	45.6686
1054	0	45.6852
1054	0	45.7019
1054	0	45.7186
1054	0	45.7352
1054	0	45.7519
1054	0	45.7686
1054	0	45.7853
1054	0	45.8019
1054	0	45.8186
1054	0	45.8353
1054	0	45.8519
1054	0	45.8686
1054	0	45.8853
1054	0	45.9019
1054	0	45.9186
1054	0	45.9353
1054	0	45.952
1054	0	45.9686
1054	0	45.9853
1054	0	46.002
1054	0	46.0186
1054	0	46.0353
1054	0	46.052
1054	0	46.0686
1054	0	46.0853
1054	0	46.102
1054	0	46.1187
1054	0	46.1353
1054	0	46.152
1054	0	46.1687
1054	0	46.1853
1054	0	46.202
1054	0	46.2187
1054	0	46.2354
1054	0	46.252
1054	0	46.2687
1054	0	46.2854
1054	0	46.302
1054	0	46.3187
1054	0	46.3354
1054	0	46.352
1054	0	46.3687
1054	0	46.3854
1054	0	46.4021
1054	0	46.4187
1054	0	46.4354
1054	0	46.4521
1054	0	46.4687
1054	0	46.4854
1054	0	46.5021
1054	0	46.5187
1054	0	46.5354
1054	0	46.5521
1054	0	46.5688
1054	0	46.5854
1054	0	46.6021
