inside_count	theta (degrees)	time (s)
17341	0.0286479	0.0165024
17341	0.0572957	0.0331688
17340	0.0859435	0.0498352
17340	0.114591	0.0665016
17340	0.143239	0.083168
17339	0.171887	0.0998344
17339	0.200535	0.116501
17339	0.229183	0.133167
17337	0.257831	0.149834
17336	0.286479	0.1665
17336	0.315126	0.183167
17336	0.343774	0.199833
17336	0.372422	0.216499
17336	0.40107	0.233166
17335	0.429718	0.249832
17335	0.458366	0.266499
17335	0.487013	0.283165
17335	0.515661	0.299831
17335	0.544309	0.316498
17335	0.572957	0.333164
17333	0.601605	0.349831
17333	0.630253	0.366497
17333	0.658901	0.383163
17333	0.687548	0.39983
17333	0.716196	0.416496
17333	0.744844	0.433163
17333	0.773492	0.449829
17333	0.80214	0.466496
17333	0.830788	0.483162
17331	0.859436	0.499828
17331	0.888083	0.516495
17331	0.916731	0.533161
17331	0.945379	0.549828
17331	0.974027	0.566494
17328	1.00267	0.58316
17327	1.03132	0.599827
17327	1.05997	0.616493
17327	1.08862	0.63316
17327	1.11727	0.649826
17327	1.14591	0.666492
17327	1.17456	0.683159
17327	1.20321	0.699825
17327	1.23186	0.716492
17327	1.2605	0.733158
17327	1.28915	0.749825
17327	1.3178	0.766491
17327	1.34645	0.783157
17326	1.3751	0.799824
17326	1.40374	0.81649
17326	1.43239	0.833157
17326	1.46104	0.849823
17326	1.48969	0.866489
17326	1.51834	0.883156
17326	1.54698	0.899822
17326	1.57563	0.916489
17326	1.60428	0.933155
17326	1.63293	0.949821
17325	1.66157	0.966488
17324	1.69022	0.983154
17323	1.71887	0.999821
17323	1.74752	1.01649
17323	1.77617	1.03315
17323	1.80481	1.04982
17323	1.83346	1.06649
17323	1.86211	1.08315
17323	1.89076	1.09982
17323	1.9194	1.11649
17323	1.94805	1.13315
17323	1.9767	1.14982
17323	2.00535	1.16648
17323	2.034	1.18315
17322	2.06264	1.19982
17322	2.09129	1.21648
17322	2.11994	1.23315
17322	2.14859	1.24982
17322	2.17724	1.26648
17322	2.20588	1.28315
17322	2.23453	1.29982
17322	2.26318	1.31648
17322	2.29183	1.33315
17321	2.32048	1.34982
17321	2.34912	1.36648
17321	2.37777	1.38315
17321	2.40642	1.39981
17321	2.43507	1.41648
17320	2.46372	1.43315
17320	2.49236	1.44981
17320	2.52101	1.46648
17320	2.54966	1.48315
17320	2.57831	1.49981
17320	2.60695	1.51648
17320	2.6356	1.53315
17320	2.66425	1.54981
17320	2.6929	1.56648
17320	2.72155	1.58315
17320	2.75019	1.59981
17320	2.77884	1.61648
17320	2.80749	1.63314
17320	2.83614	1.64981
17320	2.86479	1.66648
17320	2.89343	1.68314
17320	2.92208	1.69981
17320	2.95073	1.71648
17319	2.97938	1.73314
17319	3.00803	1.74981
17319	3.03667	1.76648
17319	3.06532	1.78314
17319	3.09397	1.79981
17319	3.12262	1.81647
17319	3.15126	1.83314
17319	3.17991	1.84981
17319	3.20856	1.86647
17319	3.23721	1.88314
17319	3.26586	1.89981
17319	3.2945	1.91647
17319	3.32315	1.93314
17319	3.3518	1.94981
17319	3.38045	1.96647
17319	3.4091	1.98314
17319	3.43774	1.99981
17319	3.46639	2.01647
17319	3.49504	2.03314
17319	3.52369	2.0498
17319	3.55234	2.06647
17319	3.58098	2.08314
17319	3.60963	2.0998
17319	3.63828	2.11647
17319	3.66693	2.13314
17319	3.69557	2.1498
17319	3.72422	2.16647
17319	3.75287	2.18314
17319	3.78152	2.1998
17319	3.81017	2.21647
17319	3.83881	2.23314
17319	3.86746	2.2498
17319	3.89611	2.26647
17319	3.92476	2.28313
17319	3.95341	2.2998
17319	3.98205	2.31647
17319	4.0107	2.33313
17319	4.03935	2.3498
17319	4.068	2.36647
17319	4.09665	2.38313
17319	4.12529	2.3998
17319	4.15394	2.41647
17319	4.18259	2.43313
17319	4.21124	2.4498
17319	4.23989	2.46646
17319	4.26853	2.48313
17319	4.29718	2.4998
17319	4.32583	2.51646
17319	4.35448	2.53313
17319	4.38312	2.5498
17319	4.41177	2.56646
17319	4.44042	2.58313
17319	4.46907	2.5998
17319	4.49772	2.61646
17319	4.52636	2.63313
17319	4.55501	2.6498
17319	4.58366	2.66646
17319	4.61231	2.68313
17318	4.64096	2.69979
17318	4.6696	2.71646
17318	4.69825	2.73313
17318	4.7269	2.74979
17318	4.75555	2.76646
17318	4.7842	2.78313
17318	4.81284	2.79979
17318	4.84149	2.81646
17318	4.87014	2.83313
17318	4.89879	2.84979
17318	4.92743	2.86646
17318	4.95608	2.88313
17318	4.98473	2.89979
17318	5.01338	2.91646
17318	5.04203	2.93312
17318	5.07067	2.94979
17318	5.09932	2.96646
17318	5.12797	2.98312
17318	5.15662	2.99979
17318	5.18527	3.01646
17318	5.21391	3.03312
17318	5.24256	3.04979
17318	5.27121	3.06646
17318	5.29986	3.08312
17318	5.32851	3.09979
17318	5.35715	3.11646
17318	5.3858	3.13312
17318	5.41445	3.14979
17318	5.4431	3.16645
17318	5.47175	3.18312
17318	5.50039	3.19979
17318	5.52904	3.21645
17318	5.55769	3.23312
17318	5.58634	3.24979
17318	5.61498	3.26645
17318	5.64363	3.28312
17318	5.67228	3.29979
17318	5.70093	3.31645
17318	5.72958	3.33312
17318	5.75822	3.34978
17318	5.78687	3.36645
17318	5.81552	3.38312
17318	5.84417	3.39978
17318	5.87282	3.41645
17318	5.90146	3.43312
17318	5.93011	3.44978
17318	5.95876	3.46645
17318	5.98741	3.48312
17318	6.01606	3.49978
17318	6.0447	3.51645
17318	6.07335	3.53312
17318	6.102	3.54978
17318	6.13065	3.56645
17317	6.1593	3.58311
17317	6.18794	3.59978
17317	6.21659	3.61645
17317	6.24524	3.63311
17317	6.27389	3.64978
17317	6.30253	3.66645
17317	6.33118	3.68311
17317	6.35983	3.69978
17317	6.38848	3.71645
17317	6.41713	3.73311
17317	6.44577	3.74978
17317	6.47442	3.76645
17317	6.50307	3.78311
17317	6.53172	3.79978
17317	6.56037	3.81644
17317	6.58901	3.83311
17317	6.61766	3.84978
17317	6.64631	3.86644
17317	6.67496	3.88311
17317	6.70361	3.89978
17317	6.73225	3.91644
17317	6.7609	3.93311
17317	6.78955	3.94978
17317	6.8182	3.96644
17317	6.84685	3.98311
17317	6.87549	3.99977
17317	6.90414	4.01644
17317	6.93279	4.03311
17317	6.96144	4.04977
17317	6.99008	4.06644
17317	7.01873	4.08311
17317	7.04738	4.09977
17317	7.07603	4.11644
17317	7.10468	4.13311
17317	7.13332	4.14977
17317	7.16197	4.16644
17317	7.19062	4.18311
17317	7.21927	4.19977
17317	7.24791	4.21644
17317	7.27656	4.2331
17317	7.30521	4.24977
17317	7.33386	4.26644
17317	7.3625	4.2831
17317	7.39115	4.29977
17317	7.4198	4.31644
17317	7.44845	4.3331
17317	7.47709	4.34977
17317	7.50574	4.36644
17317	7.53439	4.3831
17317	7.56304	4.39977
17317	7.59168	4.41644
17317	7.62033	4.4331
17317	7.64898	4.44977
17317	7.67763	4.46643
17317	7.70627	4.4831
17317	7.73492	4.49977
17317	7.76357	4.51643
17317	7.79222	4.5331
17317	7.82086	4.54977
17317	7.84951	4.56643
17317	7.87816	4.5831
17317	7.90681	4.59977
17317	7.93545	4.61643
17317	7.9641	4.6331
17317	7.99275	4.64977
17317	8.0214	4.66643
17317	8.05004	4.6831
17317	8.07869	4.69976
17317	8.10734	4.71643
17317	8.13599	4.7331
17317	8.16463	4.74976
17317	8.19328	4.76643
17317	8.22193	4.7831
17317	8.25058	4.79976
17317	8.27922	4.81643
17317	8.30787	4.8331
17317	8.33652	4.84976
17317	8.36517	4.86643
17317	8.39381	4.88309
17317	8.42246	4.89976
17317	8.45111	4.91643
17317	8.47976	4.93309
17317	8.5084	4.94976
17317	8.53705	4.96643
17317	8.5657	4.98309
17317	8.59435	4.99976
17317	8.62299	5.01643
17317	8.65164	5.03309
17317	8.68029	5.04976
17317	8.70894	5.06643
17317	8.73758	5.08309
17317	8.76623	5.09976
17317	8.79488	5.11642
17317	8.82353	5.13309
17317	8.85217	5.14976
17317	8.88082	5.16642
17317	8.90947	5.18309
17317	8.93812	5.19976
17317	8.96676	5.21642
17317	8.99541	5.23309
17317	9.02406	5.24976
17317	9.05271	5.26642
17317	9.08135	5.28309
17317	9.11	5.29976
17317	9.13865	5.31642
17317	9.1673	5.33309
17317	9.19594	5.34975
17317	9.22459	5.36642
17317	9.25324	5.38309
17317	9.28189	5.39975
17317	9.31053	5.41642
17317	9.33918	5.43309
17317	9.36783	5.44975
17317	9.39648	5.46642
17317	9.42512	5.48309
17317	9.45377	5.49975
17317	9.48242	5.51642
17317	9.51107	5.53308
17317	9.53971	5.54975
17317	9.56836	5.56642
17317	9.59701	5.58308
17317	9.62566	5.59975
17317	9.6543	5.61642
17317	9.68295	5.63308
17317	9.7116	5.64975
17317	9.74024	5.66642
17317	9.76889	5.68308
17317	9.79754	5.69975
17317	9.82619	5.71642
17317	9.85484	5.73308
17317	9.88348	5.74975
17317	9.91213	5.76641
17317	9.94078	5.78308
17317	9.96943	5.79975
17317	9.99807	5.81641
17317	10.0267	5.83308
17317	10.0554	5.84975
17317	10.084	5.86641
17317	10.1127	5.88308
17317	10.1413	5.89975
17317	10.17	5.91641
17317	10.1986	5.93308
17317	10.2273	5.94975
17317	10.2559	5.96641
17317	10.2845	5.98308
17317	10.3132	5.99974
17317	10.3418	6.01641
17317	10.3705	6.03308
17317	10.3991	6.04974
17317	10.4278	6.06641
17317	10.4564	6.08308
17317	10.4851	6.09974
17317	10.5137	6.11641
17317	10.5424	6.13308
17317	10.571	6.14974
17317	10.5997	6.16641
17317	10.6283	6.18307
17317	10.657	6.19974
17317	10.6856	6.21641
17317	10.7143	6.23307
17317	10.7429	6.24974
17317	10.7716	6.26641
17317	10.8002	6.28307
17317	10.8288	6.29974
17317	10.8575	6.31641
17317	10.8861	6.33307
17317	10.9148	6.34974
17317	10.9434	6.36641
17317	10.9721	6.38307
17317	11.0007	6.39974
17317	11.0294	6.4164
17317	11.058	6.43307
17317	11.0867	6.44974
17312	11.1153	6.4664
17307	11.144	6.48307
17301	11.1726	6.49974
17301	11.2013	6.5164
17301	11.2299	6.53307
17301	11.2586	6.54974
17301	11.2872	6.5664
17301	11.3159	6.58307
17301	11.3445	6.59974
17296	11.3732	6.6164
17285	11.4018	6.63307
17276	11.4304	6.64973
17276	11.4591	6.6664
17276	11.4877	6.68307
17275	11.5164	6.69973
17275	11.545	6.7164
17275	11.5737	6.73307
17275	11.6023	6.74973
17262	11.631	6.7664
17261	11.6596	6.78307
17261	11.6883	6.79973
17261	11.7169	6.8164
17258	11.7456	6.83307
17248	11.7742	6.84973
17241	11.8029	6.8664
17241	11.8315	6.88306
17241	11.8602	6.89973
17241	11.8888	6.9164
17236	11.9175	6.93306
17230	11.9461	6.94973
17229	11.9747	6.9664
17226	12.0034	6.98306
17218	12.032	6.99973
17210	12.0607	7.0164
17210	12.0893	7.03306
17210	12.118	7.04973
17204	12.1466	7.06639
17193	12.1753	7.08306
17192	12.2039	7.09973
17192	12.2326	7.11639
17192	12.2612	7.13306
17192	12.2899	7.14973
17191	12.3185	7.16639
17186	12.3472	7.18306
17182	12.3758	7.19973
17178	12.4045	7.21639
17178	12.4331	7.23306
17168	12.4618	7.24973
17160	12.4904	7.26639
17159	12.5191	7.28306
17159	12.5477	7.29972
17159	12.5763	7.31639
17157	12.605	7.33306
17150	12.6336	7.34972
17141	12.6623	7.36639
17137	12.6909	7.38306
17136	12.7196	7.39972
17134	12.7482	7.41639
17128	12.7769	7.43306
17121	12.8055	7.44972
17114	12.8342	7.46639
17106	12.8628	7.48306
17103	12.8915	7.49972
17103	12.9201	7.51639
17103	12.9488	7.53305
17103	12.9774	7.54972
17100	13.0061	7.56639
17091	13.0347	7.58305
17084	13.0634	7.59972
17079	13.092	7.61639
17071	13.1206	7.63305
17064	13.1493	7.64972
17055	13.1779	7.66639
17050	13.2066	7.68305
17048	13.2352	7.69972
17039	13.2639	7.71638
17031	13.2925	7.73305
17025	13.3212	7.74972
17017	13.3498	7.76638
17008	13.3785	7.78305
17000	13.4071	7.79972
16989	13.4358	7.81638
16979	13.4644	7.83305
16973	13.4931	7.84972
16963	13.5217	7.86638
16952	13.5504	7.88305
16946	13.579	7.89972
16936	13.6077	7.91638
16925	13.6363	7.93305
16913	13.665	7.94971
16902	13.6936	7.96638
16894	13.7222	7.98305
16888	13.7509	7.99971
16879	13.7795	8.01638
16870	13.8082	8.03305
16862	13.8368	8.04971
16851	13.8655	8.06638
16842	13.8941	8.08305
16834	13.9228	8.09971
16826	13.9514	8.11638
16819	13.9801	8.13305
16812	14.0087	8.14971
16804	14.0374	8.16638
16795	14.066	8.18304
16786	14.0947	8.19971
16775	14.1233	8.21638
16768	14.152	8.23304
16761	14.1806	8.24971
16750	14.2093	8.26638
16742	14.2379	8.28304
16733	14.2665	8.29971
16724	14.2952	8.31638
16717	14.3238	8.33304
16708	14.3525	8.34971
16701	14.3811	8.36637
16695	14.4098	8.38304
16693	14.4384	8.39971
16684	14.4671	8.41637
16675	14.4957	8.43304
16669	14.5244	8.44971
16663	14.553	8.46637
16653	14.5817	8.48304
16649	14.6103	8.49971
16640	14.639	8.51637
16633	14.6676	8.53304
16626	14.6963	8.54971
16621	14.7249	8.56637
16614	14.7536	8.58304
16607	14.7822	8.5997
16603	14.8109	8.61637
16598	14.8395	8.63304
16591	14.8681	8.6497
16584	14.8968	8.66637
16578	14.9254	8.68304
16571	14.9541	8.6997
16566	14.9827	8.71637
16563	15.0114	8.73304
16557	15.04	8.7497
16548	15.0687	8.76637
16543	15.0973	8.78304
16541	15.126	8.7997
16537	15.1546	8.81637
16532	15.1833	8.83303
16525	15.2119	8.8497
16519	15.2406	8.86637
16512	15.2692	8.88303
16508	15.2979	8.8997
16498	15.3265	8.91637
16490	15.3552	8.93303
16487	15.3838	8.9497
16484	15.4124	8.96637
16476	15.4411	8.98303
16471	15.4697	8.9997
16467	15.4984	9.01637
16462	15.527	9.03303
16454	15.5557	9.0497
16444	15.5843	9.06636
16438	15.613	9.08303
16432	15.6416	9.0997
16426	15.6703	9.11636
16422	15.6989	9.13303
16415	15.7276	9.1497
16410	15.7562	9.16636
16404	15.7849	9.18303
16396	15.8135	9.1997
16385	15.8422	9.21636
16373	15.8708	9.23303
16363	15.8995	9.24969
16357	15.9281	9.26636
16353	15.9567	9.28303
16345	15.9854	9.29969
16337	16.014	9.31636
16334	16.0427	9.33303
16323	16.0713	9.34969
16313	16.1	9.36636
16303	16.1286	9.38303
16296	16.1573	9.39969
16285	16.1859	9.41636
16276	16.2146	9.43303
16268	16.2432	9.44969
16259	16.2719	9.46636
16252	16.3005	9.48302
16244	16.3292	9.49969
16232	16.3578	9.51636
16223	16.3865	9.53302
16212	16.4151	9.54969
16203	16.4438	9.56636
16195	16.4724	9.58302
16183	16.5011	9.59969
16174	16.5297	9.61636
16167	16.5583	9.63302
16155	16.587	9.64969
16142	16.6156	9.66636
16130	16.6443	9.68302
16115	16.6729	9.69969
16104	16.7016	9.71635
16094	16.7302	9.73302
16081	16.7589	9.74969
16072	16.7875	9.76635
16063	16.8162	9.78302
16053	16.8448	9.79969
16042	16.8735	9.81635
16030	16.9021	9.83302
16019	16.9308	9.84969
16003	16.9594	9.86635
15993	16.9881	9.88302
15982	17.0167	9.89968
15968	17.0454	9.91635
15958	17.074	9.93302
15946	17.1026	9.94968
15932	17.1313	9.96635
15918	17.1599	9.98302
15902	17.1886	9.99968
15887	17.2172	10.0163
15874	17.2459	10.033
15859	17.2745	10.0497
15844	17.3032	10.0663
15834	17.3318	10.083
15823	17.3605	10.0997
15810	17.3891	10.1163
15791	17.4178	10.133
15777	17.4464	10.1497
15762	17.4751	10.1663
15749	17.5037	10.183
15735	17.5324	10.1997
15719	17.561	10.2163
15705	17.5897	10.233
15688	17.6183	10.2497
15674	17.647	10.2663
15662	17.6756	10.283
15643	17.7042	10.2997
15627	17.7329	10.3163
15609	17.7615	10.333
15595	17.7902	10.3497
15578	17.8188	10.3663
15566	17.8475	10.383
15549	17.8761	10.3997
15535	17.9048	10.4163
15519	17.9334	10.433
15505	17.9621	10.4497
15494	17.9907	10.4663
15478	18.0194	10.483
15465	18.048	10.4997
15450	18.0767	10.5163
15434	18.1053	10.533
15418	18.134	10.5497
15404	18.1626	10.5663
15387	18.1913	10.583
15369	18.2199	10.5997
15350	18.2485	10.6163
15334	18.2772	10.633
15314	18.3058	10.6497
15297	18.3345	10.6663
15278	18.3631	10.683
15261	18.3918	10.6997
15244	18.4204	10.7163
15227	18.4491	10.733
15211	18.4777	10.7497
15195	18.5064	10.7663
15177	18.535	10.783
15162	18.5637	10.7997
15145	18.5923	10.8163
15130	18.621	10.833
15112	18.6496	10.8497
15097	18.6783	10.8663
15082	18.7069	10.883
15065	18.7356	10.8997
15049	18.7642	10.9163
15035	18.7929	10.933
15016	18.8215	10.9497
14998	18.8501	10.9663
14984	18.8788	10.983
14968	18.9074	10.9997
14947	18.9361	11.0163
14932	18.9647	11.033
14911	18.9934	11.0497
14898	19.022	11.0663
14879	19.0507	11.083
14863	19.0793	11.0997
14845	19.108	11.1163
14830	19.1366	11.133
14812	19.1653	11.1497
14796	19.1939	11.1663
14776	19.2226	11.183
14760	19.2512	11.1997
14742	19.2799	11.2163
14723	19.3085	11.233
14706	19.3372	11.2497
14690	19.3658	11.2663
14671	19.3944	11.283
14657	19.4231	11.2997
14640	19.4517	11.3163
14616	19.4804	11.333
14598	19.509	11.3497
14580	19.5377	11.3663
14566	19.5663	11.383
14547	19.595	11.3997
14529	19.6236	11.4163
14514	19.6523	11.433
14492	19.6809	11.4497
14476	19.7096	11.4663
14455	19.7382	11.483
14437	19.7669	11.4997
14422	19.7955	11.5163
14404	19.8242	11.533
14389	19.8528	11.5497
14371	19.8815	11.5663
14354	19.9101	11.583
14340	19.9387	11.5997
14324	19.9674	11.6163
14307	19.996	11.633
14289	20.0247	11.6497
14270	20.0533	11.6663
14251	20.082	11.683
14230	20.1106	11.6997
14215	20.1393	11.7163
14193	20.1679	11.733
14176	20.1966	11.7497
14156	20.2252	11.7663
14140	20.2539	11.783
14123	20.2825	11.7997
14106	20.3112	11.8163
14093	20.3398	11.833
14074	20.3685	11.8497
14057	20.3971	11.8663
14039	20.4258	11.883
14021	20.4544	11.8997
13999	20.4831	11.9163
13981	20.5117	11.933
13964	20.5403	11.9497
13945	20.569	11.9663
13927	20.5976	11.983
13910	20.6263	11.9997
13894	20.6549	12.0163
13872	20.6836	12.033
13854	20.7122	12.0497
13835	20.7409	12.0663
13818	20.7695	12.083
13797	20.7982	12.0997
13783	20.8268	12.1163
13766	20.8555	12.133
13749	20.8841	12.1497
13731	20.9128	12.1663
13712	20.9414	12.183
13695	20.9701	12.1996
13678	20.9987	12.2163
13661	21.0274	12.233
13640	21.056	12.2496
13622	21.0846	12.2663
13602	21.1133	12.283
13588	21.1419	12.2996
13569	21.1706	12.3163
13552	21.1992	12.333
13538	21.2279	12.3496
13520	21.2565	12.3663
13501	21.2852	12.383
13484	21.3138	12.3996
13463	21.3425	12.4163
13440	21.3711	12.433
13421	21.3998	12.4496
13405	21.4284	12.4663
13379	21.4571	12.483
13362	21.4857	12.4996
13342	21.5144	12.5163
13325	21.543	12.533
13302	21.5717	12.5496
13281	21.6003	12.5663
13265	21.629	12.583
13246	21.6576	12.5996
13224	21.6862	12.6163
13208	21.7149	12.633
13179	21.7435	12.6496
13160	21.7722	12.6663
13136	21.8008	12.683
13119	21.8295	12.6996
13100	21.8581	12.7163
13076	21.8868	12.733
13057	21.9154	12.7496
13037	21.9441	12.7663
13012	21.9727	12.783
12992	22.0014	12.7996
12970	22.03	12.8163
12951	22.0587	12.833
12931	22.0873	12.8496
12913	22.116	12.8663
12889	22.1446	12.883
12863	22.1733	12.8996
12844	22.2019	12.9163
12820	22.2305	12.933
12798	22.2592	12.9496
12777	22.2878	12.9663
12756	22.3165	12.983
12731	22.3451	12.9996
12700	22.3738	13.0163
12681	22.4024	13.033
12664	22.4311	13.0496
12641	22.4597	13.0663
12619	22.4884	13.083
12598	22.517	13.0996
12573	22.5457	13.1163
12552	22.5743	13.133
12525	22.603	13.1496
12502	22.6316	13.1663
12478	22.6603	13.183
12458	22.6889	13.1996
12437	22.7176	13.2163
12416	22.7462	13.233
12396	22.7749	13.2496
12363	22.8035	13.2663
12342	22.8321	13.283
12322	22.8608	13.2996
12301	22.8894	13.3163
12277	22.9181	13.333
12253	22.9467	13.3496
12230	22.9754	13.3663
12206	23.004	13.383
12187	23.0327	13.3996
12168	23.0613	13.4163
12142	23.09	13.433
12120	23.1186	13.4496
12100	23.1473	13.4663
12074	23.1759	13.483
12047	23.2046	13.4996
12023	23.2332	13.5163
12004	23.2619	13.533
11983	23.2905	13.5496
11960	23.3192	13.5663
11938	23.3478	13.583
11912	23.3764	13.5996
11889	23.4051	13.6163
11860	23.4337	13.633
11837	23.4624	13.6496
11812	23.491	13.6663
11791	23.5197	13.683
11767	23.5483	13.6996
11749	23.577	13.7163
11723	23.6056	13.733
11707	23.6343	13.7496
11681	23.6629	13.7663
11659	23.6916	13.783
11637	23.7202	13.7996
11607	23.7489	13.8163
11594	23.7775	13.833
11573	23.8062	13.8496
11548	23.8348	13.8663
11524	23.8635	13.883
11499	23.8921	13.8996
11476	23.9207	13.9163
11454	23.9494	13.933
11426	23.978	13.9496
11408	24.0067	13.9663
11385	24.0353	13.983
11363	24.064	13.9996
11338	24.0926	14.0163
11312	24.1213	14.033
11292	24.1499	14.0496
11271	24.1786	14.0663
11247	24.2072	14.083
11225	24.2359	14.0996
11200	24.2645	14.1163
11184	24.2932	14.133
11161	24.3218	14.1496
11138	24.3505	14.1663
11112	24.3791	14.183
11093	24.4078	14.1996
11072	24.4364	14.2163
11049	24.4651	14.233
11027	24.4937	14.2496
11001	24.5223	14.2663
10974	24.551	14.283
10952	24.5796	14.2996
10928	24.6083	14.3163
10903	24.6369	14.333
10882	24.6656	14.3496
10854	24.6942	14.3663
10832	24.7229	14.3829
10812	24.7515	14.3996
10791	24.7802	14.4163
10772	24.8088	14.4329
10744	24.8375	14.4496
10717	24.8661	14.4663
10690	24.8948	14.4829
10674	24.9234	14.4996
10653	24.9521	14.5163
10634	24.9807	14.5329
10610	25.0094	14.5496
10589	25.038	14.5663
10567	25.0666	14.5829
10547	25.0953	14.5996
10515	25.1239	14.6163
10487	25.1526	14.6329
10466	25.1812	14.6496
10440	25.2099	14.6663
10420	25.2385	14.6829
10394	25.2672	14.6996
10369	25.2958	14.7163
10347	25.3245	14.7329
10327	25.3531	14.7496
10298	25.3818	14.7663
10278	25.4104	14.7829
10252	25.4391	14.7996
10227	25.4677	14.8163
10202	25.4964	14.8329
10180	25.525	14.8496
10160	25.5537	14.8663
10130	25.5823	14.8829
10113	25.611	14.8996
10089	25.6396	14.9163
10068	25.6682	14.9329
10048	25.6969	14.9496
10021	25.7255	14.9663
10000	25.7542	14.9829
9976	25.7828	14.9996
9950	25.8115	15.0163
9928	25.8401	15.0329
9904	25.8688	15.0496
9880	25.8974	15.0663
9857	25.9261	15.0829
9834	25.9547	15.0996
9811	25.9834	15.1163
9786	26.012	15.1329
9763	26.0407	15.1496
9740	26.0693	15.1663
9721	26.098	15.1829
9696	26.1266	15.1996
9673	26.1553	15.2163
9657	26.1839	15.2329
9629	26.2125	15.2496
9602	26.2412	15.2663
9581	26.2698	15.2829
9554	26.2985	15.2996
9532	26.3271	15.3163
9516	26.3558	15.3329
9488	26.3844	15.3496
9466	26.4131	15.3663
9441	26.4417	15.3829
9424	26.4704	15.3996
9393	26.499	15.4163
9373	26.5277	15.4329
9350	26.5563	15.4496
9331	26.585	15.4663
9304	26.6136	15.4829
9277	26.6423	15.4996
9255	26.6709	15.5163
9232	26.6996	15.5329
9208	26.7282	15.5496
9186	26.7568	15.5663
9161	26.7855	15.5829
9137	26.8141	15.5996
9112	26.8428	15.6163
9090	26.8714	15.6329
9069	26.9001	15.6496
9044	26.9287	15.6663
9018	26.9574	15.6829
8994	26.986	15.6996
8977	27.0147	15.7163
8949	27.0433	15.7329
8923	27.072	15.7496
8897	27.1006	15.7663
8872	27.1293	15.7829
8852	27.1579	15.7996
8820	27.1866	15.8163
8798	27.2152	15.8329
8780	27.2439	15.8496
8748	27.2725	15.8663
8726	27.3012	15.8829
8707	27.3298	15.8996
8684	27.3584	15.9163
8663	27.3871	15.9329
8639	27.4157	15.9496
8615	27.4444	15.9663
8595	27.473	15.9829
8570	27.5017	15.9996
8545	27.5303	16.0163
8521	27.559	16.0329
8498	27.5876	16.0496
8476	27.6163	16.0663
8450	27.6449	16.0829
8427	27.6736	16.0996
8405	27.7022	16.1163
8374	27.7309	16.1329
8349	27.7595	16.1496
8324	27.7882	16.1663
8304	27.8168	16.1829
8281	27.8455	16.1996
8256	27.8741	16.2163
8226	27.9028	16.2329
8207	27.9314	16.2496
8183	27.96	16.2663
8164	27.9887	16.2829
8138	28.0173	16.2996
8109	28.046	16.3163
8085	28.0746	16.3329
8063	28.1033	16.3496
8040	28.1319	16.3663
8021	28.1606	16.3829
7998	28.1892	16.3996
7974	28.2179	16.4163
7945	28.2465	16.4329
7922	28.2752	16.4496
7901	28.3038	16.4663
7878	28.3325	16.4829
7861	28.3611	16.4996
7832	28.3898	16.5163
7808	28.4184	16.5329
7787	28.4471	16.5496
7765	28.4757	16.5662
7739	28.5043	16.5829
7716	28.533	16.5996
7696	28.5616	16.6162
7674	28.5903	16.6329
7646	28.6189	16.6496
7625	28.6476	16.6662
7603	28.6762	16.6829
7580	28.7049	16.6996
7552	28.7335	16.7162
7528	28.7622	16.7329
7511	28.7908	16.7496
7491	28.8195	16.7662
7468	28.8481	16.7829
7448	28.8768	16.7996
7426	28.9054	16.8162
7405	28.9341	16.8329
7388	28.9627	16.8496
7365	28.9914	16.8662
7344	29.02	16.8829
7319	29.0487	16.8996
7298	29.0773	16.9162
7276	29.106	16.9329
7253	29.1346	16.9496
7234	29.1633	16.9662
7214	29.1919	16.9829
7198	29.2206	16.9996
7172	29.2492	17.0162
7151	29.2779	17.0329
7131	29.3065	17.0496
7110	29.3352	17.0662
7086	29.3638	17.0829
7062	29.3925	17.0996
7035	29.4211	17.1162
7016	29.4498	17.1329
6996	29.4784	17.1496
6978	29.5071	17.1662
6954	29.5357	17.1829
6933	29.5644	17.1996
6908	29.593	17.2162
6887	29.6217	17.2329
6866	29.6503	17.2496
6847	29.679	17.2662
6823	29.7076	17.2829
6798	29.7363	17.2996
6779	29.7649	17.3162
6749	29.7936	17.3329
6729	29.8222	17.3496
6715	29.8508	17.3662
6693	29.8795	17.3829
6667	29.9081	17.3996
6641	29.9368	17.4162
6628	29.9654	17.4329
6607	29.9941	17.4496
6586	30.0227	17.4662
6560	30.0514	17.4829
6534	30.08	17.4996
6518	30.1087	17.5162
6497	30.1373	17.5329
6471	30.166	17.5496
6458	30.1946	17.5662
6437	30.2233	17.5829
6409	30.2519	17.5996
6389	30.2806	17.6162
6368	30.3092	17.6329
6346	30.3379	17.6496
6325	30.3665	17.6662
6300	30.3952	17.6829
6276	30.4238	17.6996
6257	30.4525	17.7162
6234	30.4811	17.7329
6214	30.5098	17.7496
6192	30.5384	17.7662
6173	30.5671	17.7829
6155	30.5957	17.7996
6135	30.6244	17.8162
6115	30.653	17.8329
6099	30.6817	17.8496
6079	30.7103	17.8662
6054	30.739	17.8829
6031	30.7676	17.8996
6009	30.7963	17.9162
5984	30.8249	17.9329
5963	30.8536	17.9496
5942	30.8822	17.9662
5925	30.9109	17.9829
5903	30.9395	17.9996
5879	30.9682	18.0162
5866	30.9968	18.0329
5847	31.0255	18.0496
5821	31.0541	18.0662
5801	31.0828	18.0829
5783	31.1114	18.0996
5760	31.1401	18.1162
5742	31.1687	18.1329
5728	31.1974	18.1496
5708	31.226	18.1662
5687	31.2547	18.1829
5663	31.2833	18.1996
5640	31.312	18.2162
5624	31.3406	18.2329
5601	31.3693	18.2496
5586	31.3979	18.2662
5565	31.4266	18.2829
5548	31.4552	18.2996
5529	31.4839	18.3162
5502	31.5125	18.3329
5492	31.5412	18.3496
5477	31.5698	18.3662
5456	31.5984	18.3829
5436	31.6271	18.3996
5416	31.6557	18.4162
5403	31.6844	18.4329
5387	31.713	18.4496
5366	31.7417	18.4662
5347	31.7703	18.4829
5328	31.799	18.4996
5312	31.8276	18.5162
5292	31.8563	18.5329
5274	31.8849	18.5496
5252	31.9136	18.5662
5237	31.9422	18.5829
5222	31.9709	18.5996
5202	31.9995	18.6162
5185	32.0282	18.6329
5164	32.0568	18.6496
5148	32.0855	18.6662
5132	32.1141	18.6829
5111	32.1428	18.6996
5092	32.1714	18.7162
5078	32.2001	18.7329
5064	32.2287	18.7495
5042	32.2574	18.7662
5029	32.286	18.7829
5006	32.3147	18.7995
4980	32.3433	18.8162
4962	32.372	18.8329
4945	32.4006	18.8495
4926	32.4293	18.8662
4909	32.4579	18.8829
4892	32.4866	18.8995
4875	32.5152	18.9162
4857	32.5439	18.9329
4841	32.5725	18.9495
4821	32.6012	18.9662
4802	32.6298	18.9829
4780	32.6585	18.9995
4766	32.6871	19.0162
4753	32.7158	19.0329
4739	32.7444	19.0495
4723	32.7731	19.0662
4702	32.8017	19.0829
4673	32.8304	19.0995
4662	32.859	19.1162
4646	32.8877	19.1329
4628	32.9163	19.1495
4609	32.945	19.1662
4591	32.9736	19.1829
4574	33.0023	19.1995
4556	33.0309	19.2162
4544	33.0596	19.2329
4528	33.0882	19.2495
4512	33.1169	19.2662
4496	33.1455	19.2829
4476	33.1742	19.2995
4461	33.2028	19.3162
4447	33.2315	19.3329
4429	33.2601	19.3495
4408	33.2888	19.3662
4390	33.3174	19.3829
4377	33.3461	19.3995
4360	33.3747	19.4162
4344	33.4034	19.4329
4326	33.432	19.4495
4309	33.4606	19.4662
4288	33.4893	19.4829
4271	33.5179	19.4995
4257	33.5466	19.5162
4245	33.5752	19.5329
4230	33.6039	19.5495
4210	33.6325	19.5662
4194	33.6612	19.5829
4179	33.6898	19.5995
4159	33.7185	19.6162
4145	33.7471	19.6329
4134	33.7758	19.6495
4118	33.8044	19.6662
4098	33.8331	19.6829
4086	33.8617	19.6995
4073	33.8904	19.7162
4059	33.919	19.7329
4046	33.9477	19.7495
4029	33.9763	19.7662
4012	34.005	19.7829
3994	34.0336	19.7995
3979	34.0623	19.8162
3962	34.0909	19.8329
3950	34.1196	19.8495
3933	34.1482	19.8662
3919	34.1769	19.8829
3906	34.2055	19.8995
3888	34.2342	19.9162
3871	34.2628	19.9329
3862	34.2915	19.9495
3848	34.3201	19.9662
3833	34.3488	19.9829
3824	34.3774	19.9995
3807	34.4061	20.0162
3794	34.4347	20.0329
3776	34.4634	20.0495
3765	34.492	20.0662
3752	34.5207	20.0829
3738	34.5493	20.0995
3725	34.578	20.1162
3709	34.6066	20.1329
3694	34.6353	20.1495
3678	34.6639	20.1662
3663	34.6926	20.1829
3654	34.7212	20.1995
3638	34.7499	20.2162
3621	34.7785	20.2329
3605	34.8072	20.2495
3594	34.8358	20.2662
3582	34.8645	20.2829
3568	34.8931	20.2995
3548	34.9218	20.3162
3538	34.9504	20.3329
3525	34.9791	20.3495
3510	35.0077	20.3662
3495	35.0364	20.3829
3481	35.065	20.3995
3465	35.0937	20.4162
3448	35.1223	20.4329
3439	35.151	20.4495
3426	35.1796	20.4662
3407	35.2082	20.4829
3396	35.2369	20.4995
3386	35.2655	20.5162
3368	35.2942	20.5329
3358	35.3228	20.5495
3344	35.3515	20.5662
3329	35.3801	20.5829
3317	35.4088	20.5995
3307	35.4374	20.6162
3296	35.4661	20.6329
3280	35.4947	20.6495
3270	35.5234	20.6662
3258	35.552	20.6829
3243	35.5807	20.6995
3229	35.6093	20.7162
3215	35.638	20.7329
3204	35.6666	20.7495
3193	35.6953	20.7662
3179	35.7239	20.7829
3166	35.7526	20.7995
3151	35.7812	20.8162
3140	35.8099	20.8329
3131	35.8385	20.8495
3116	35.8672	20.8662
3102	35.8958	20.8829
3092	35.9245	20.8995
3076	35.9531	20.9162
3065	35.9818	20.9328
3054	36.0104	20.9495
3041	36.0391	20.9662
3027	36.0677	20.9828
3011	36.0964	20.9995
2998	36.125	21.0162
2987	36.1537	21.0328
2973	36.1823	21.0495
2961	36.211	21.0662
2952	36.2396	21.0828
2940	36.2683	21.0995
2925	36.2969	21.1162
2916	36.3256	21.1328
2903	36.3542	21.1495
2892	36.3829	21.1662
2880	36.4115	21.1828
2870	36.4402	21.1995
2858	36.4688	21.2162
2847	36.4975	21.2328
2834	36.5261	21.2495
2824	36.5548	21.2662
2814	36.5834	21.2828
2804	36.6121	21.2995
2795	36.6407	21.3162
2779	36.6694	21.3328
2770	36.698	21.3495
2758	36.7267	21.3662
2748	36.7553	21.3828
2735	36.784	21.3995
2723	36.8126	21.4162
2714	36.8413	21.4328
2702	36.8699	21.4495
2691	36.8985	21.4662
2682	36.9272	21.4828
2667	36.9558	21.4995
2657	36.9845	21.5162
2649	37.0131	21.5328
2641	37.0418	21.5495
2629	37.0704	21.5662
2616	37.0991	21.5828
2604	37.1277	21.5995
2593	37.1564	21.6162
2583	37.185	21.6328
2573	37.2137	21.6495
2566	37.2423	21.6662
2554	37.271	21.6828
2547	37.2996	21.6995
2533	37.3283	21.7162
2521	37.3569	21.7328
2512	37.3856	21.7495
2499	37.4142	21.7662
2492	37.4429	21.7828
2481	37.4715	21.7995
2472	37.5002	21.8162
2462	37.5288	21.8328
2447	37.5575	21.8495
2439	37.5861	21.8662
2431	37.6148	21.8828
2421	37.6434	21.8995
2411	37.6721	21.9162
2403	37.7007	21.9328
2391	37.7294	21.9495
2379	37.758	21.9662
2369	37.7867	21.9828
2360	37.8153	21.9995
2352	37.844	22.0162
2341	37.8726	22.0328
2334	37.9013	22.0495
2322	37.9299	22.0662
2313	37.9586	22.0828
2305	37.9872	22.0995
2296	38.0159	22.1162
2287	38.0445	22.1328
2280	38.0732	22.1495
2267	38.1018	22.1662
2259	38.1305	22.1828
2249	38.1591	22.1995
2241	38.1878	22.2162
2229	38.2164	22.2328
2219	38.2451	22.2495
2212	38.2737	22.2662
2201	38.3024	22.2828
2194	38.331	22.2995
2183	38.3597	22.3162
2174	38.3883	22.3328
2166	38.417	22.3495
2155	38.4456	22.3662
2147	38.4743	22.3828
2138	38.5029	22.3995
2131	38.5316	22.4162
2122	38.5602	22.4328
2111	38.5889	22.4495
2102	38.6175	22.4662
2098	38.6461	22.4828
2085	38.6748	22.4995
2076	38.7034	22.5162
2066	38.7321	22.5328
2057	38.7607	22.5495
2048	38.7894	22.5662
2034	38.818	22.5828
2031	38.8467	22.5995
2021	38.8753	22.6162
2011	38.904	22.6328
2001	38.9326	22.6495
1991	38.9613	22.6662
1985	38.9899	22.6828
1975	39.0186	22.6995
1969	39.0472	22.7162
1963	39.0759	22.7328
1954	39.1045	22.7495
1943	39.1332	22.7662
1938	39.1618	22.7828
1928	39.1905	22.7995
1916	39.2191	22.8162
1912	39.2478	22.8328
1902	39.2764	22.8495
1892	39.3051	22.8662
1886	39.3337	22.8828
1879	39.3624	22.8995
1870	39.391	22.9162
1864	39.4197	22.9328
1854	39.4483	22.9495
1846	39.477	22.9662
1838	39.5056	22.9828
1830	39.5343	22.9995
1825	39.5629	23.0162
1821	39.5916	23.0328
1811	39.6202	23.0495
1800	39.6489	23.0662
1797	39.6775	23.0828
1790	39.7062	23.0995
1783	39.7348	23.1161
1774	39.7635	23.1328
1765	39.7921	23.1495
1758	39.8208	23.1661
1749	39.8494	23.1828
1745	39.8781	23.1995
1739	39.9067	23.2161
1731	39.9354	23.2328
1723	39.964	23.2495
1717	39.9927	23.2661
1710	40.0213	23.2828
1702	40.05	23.2995
1693	40.0786	23.3161
1690	40.1073	23.3328
1680	40.1359	23.3495
1675	40.1646	23.3661
1671	40.1932	23.3828
1663	40.2219	23.3995
1657	40.2505	23.4161
1652	40.2792	23.4328
1644	40.3078	23.4495
1638	40.3365	23.4661
1630	40.3651	23.4828
1625	40.3937	23.4995
1621	40.4224	23.5161
1613	40.451	23.5328
1606	40.4797	23.5495
1601	40.5083	23.5661
1594	40.537	23.5828
1584	40.5656	23.5995
1581	40.5943	23.6161
1574	40.6229	23.6328
1566	40.6516	23.6495
1562	40.6802	23.6661
1554	40.7089	23.6828
1546	40.7375	23.6995
1542	40.7662	23.7161
1536	40.7948	23.7328
1530	40.8235	23.7495
1525	40.8521	23.7661
1519	40.8808	23.7828
1514	40.9094	23.7995
1508	40.9381	23.8161
1501	40.9667	23.8328
1494	40.9954	23.8495
1486	41.024	23.8661
1482	41.0527	23.8828
1475	41.0813	23.8995
1468	41.11	23.9161
1464	41.1386	23.9328
1459	41.1673	23.9495
1452	41.1959	23.9661
1446	41.2246	23.9828
1438	41.2532	23.9995
1434	41.2819	24.0161
1428	41.3105	24.0328
1422	41.3392	24.0495
1418	41.3678	24.0661
1414	41.3965	24.0828
1404	41.4251	24.0995
1398	41.4538	24.1161
1393	41.4824	24.1328
1387	41.5111	24.1495
1383	41.5397	24.1661
1378	41.5684	24.1828
1373	41.597	24.1995
1364	41.6257	24.2161
1359	41.6543	24.2328
1351	41.683	24.2495
1347	41.7116	24.2661
1340	41.7403	24.2828
1336	41.7689	24.2995
1330	41.7976	24.3161
1323	41.8262	24.3328
1320	41.8549	24.3495
1317	41.8835	24.3661
1313	41.9122	24.3828
1306	41.9408	24.3995
1302	41.9695	24.4161
1296	41.9981	24.4328
1290	42.0268	24.4495
1286	42.0554	24.4661
1282	42.0841	24.4828
1276	42.1127	24.4995
1268	42.1413	24.5161
1264	42.17	24.5328
1260	42.1987	24.5495
1253	42.2273	24.5661
1250	42.2559	24.5828
1246	42.2846	24.5995
1242	42.3132	24.6161
1236	42.3419	24.6328
1229	42.3705	24.6495
1225	42.3992	24.6661
1221	42.4278	24.6828
1217	42.4565	24.6995
1214	42.4851	24.7161
1208	42.5138	24.7328
1201	42.5424	24.7495
1197	42.5711	24.7661
1192	42.5997	24.7828
1190	42.6284	24.7995
1184	42.657	24.8161
1179	42.6857	24.8328
1174	42.7143	24.8495
1172	42.743	24.8661
1168	42.7716	24.8828
1158	42.8003	24.8995
1155	42.8289	24.9161
1150	42.8576	24.9328
1145	42.8862	24.9495
1138	42.9149	24.9661
1133	42.9435	24.9828
1132	42.9722	24.9995
1132	43.0008	25.0161
1128	43.0295	25.0328
1119	43.0581	25.0495
1116	43.0868	25.0661
1108	43.1154	25.0828
1104	43.1441	25.0995
1104	43.1727	25.1161
1099	43.2014	25.1328
1091	43.23	25.1495
1087	43.2587	25.1661
1082	43.2873	25.1828
1075	43.316	25.1995
1069	43.3446	25.2161
1065	43.3733	25.2328
1063	43.4019	25.2495
1061	43.4306	25.2661
1058	43.4592	25.2828
1051	43.4879	25.2994
1044	43.5165	25.3161
1042	43.5452	25.3328
1042	43.5738	25.3494
1039	43.6025	25.3661
1033	43.6311	25.3828
1031	43.6598	25.3994
1028	43.6884	25.4161
1023	43.7171	25.4328
1018	43.7457	25.4494
1014	43.7744	25.4661
1008	43.803	25.4828
1004	43.8317	25.4994
1003	43.8603	25.5161
997	43.889	25.5328
993	43.9176	25.5494
992	43.9463	25.5661
987	43.9749	25.5828
981	44.0035	25.5994
977	44.0322	25.6161
974	44.0608	25.6328
970	44.0895	25.6494
965	44.1181	25.6661
964	44.1468	25.6828
964	44.1754	25.6994
959	44.2041	25.7161
954	44.2327	25.7328
947	44.2614	25.7494
942	44.29	25.7661
939	44.3187	25.7828
936	44.3473	25.7994
935	44.376	25.8161
930	44.4046	25.8328
923	44.4333	25.8494
917	44.4619	25.8661
913	44.4906	25.8828
913	44.5192	25.8994
911	44.5479	25.9161
906	44.5765	25.9328
902	44.6052	25.9494
902	44.6338	25.9661
902	44.6625	25.9828
902	44.6911	25.9994
899	44.7198	26.0161
892	44.7484	26.0328
887	44.7771	26.0494
883	44.8057	26.0661
883	44.8344	26.0828
880	44.863	26.0994
871	44.8917	26.1161
869	44.9203	26.1328
865	44.949	26.1494
856	44.9776	26.1661
854	45.0063	26.1828
853	45.0349	26.1994
848	45.0636	26.2161
845	45.0922	26.2328
845	45.1209	26.2494
845	45.1495	26.2661
844	45.1782	26.2828
836	45.2068	26.2994
830	45.2355	26.3161
827	45.2641	26.3328
827	45.2928	26.3494
827	45.3214	26.3661
826	45.3501	26.3828
818	45.3787	26.3994
811	45.4074	26.4161
806	45.436	26.4328
804	45.4647	26.4494
803	45.4933	26.4661
803	45.522	26.4828
803	45.5506	26.4994
803	45.5793	26.5161
797	45.6079	26.5328
789	45.6366	26.5494
786	45.6652	26.5661
786	45.6939	26.5828
786	45.7225	26.5994
786	45.7511	26.6161
783	45.7798	26.6328
774	45.8084	26.6494
772	45.8371	26.6661
768	45.8657	26.6828
763	45.8944	26.6994
759	45.923	26.7161
759	45.9517	26.7328
759	45.9517	26.7494
759	45.9517	26.7661
759	45.9517	26.7828
755	45.9517	26.7994
748	45.9517	26.8161
743	45.9517	26.8328
743	45.9517	26.8494
738	45.9517	26.8661
734	45.9517	26.8828
733	45.9517	26.8994
733	45.9517	26.9161
733	45.9517	26.9328
733	45.9517	26.9494
726	45.9517	26.9661
720	45.9517	26.9828
718	45.9517	26.9994
718	45.9517	27.0161
715	45.9517	27.0328
710	45.9517	27.0494
704	45.9517	27.0661
704	45.9517	27.0828
704	45.9517	27.0994
704	45.9517	27.1161
700	45.9517	27.1328
697	45.9517	27.1494
697	45.9517	27.1661
692	45.9517	27.1828
687	45.9517	27.1994
686	45.9517	27.2161
686	45.9517	27.2328
679	45.9517	27.2494
678	45.9517	27.2661
678	45.9517	27.2828
678	45.9517	27.2994
678	45.9517	27.3161
676	45.9517	27.3328
668	45.9517	27.3494
662	45.923	27.3661
662	45.8944	27.3828
662	45.8657	27.3994
662	45.8371	27.4161
662	45.8084	27.4328
662	45.7798	27.4494
662	45.7511	27.4661
662	45.7225	27.4827
659	45.6939	27.4994
651	45.6652	27.5161
643	45.6366	27.5327
638	45.6079	27.5494
638	45.5793	27.5661
638	45.5506	27.5827
634	45.522	27.5994
628	45.4933	27.6161
626	45.4647	27.6327
626	45.436	27.6494
626	45.4074	27.6661
626	45.3787	27.6827
623	45.3501	27.6994
619	45.3214	27.7161
615	45.2928	27.7327
610	45.2641	27.7494
609	45.2355	27.7661
606	45.2068	27.7827
600	45.1782	27.7994
600	45.1495	27.8161
600	45.1209	27.8327
600	45.0922	27.8494
600	45.0636	27.8661
600	45.0349	27.8827
594	45.0063	27.8994
586	44.9776	27.9161
582	44.949	27.9327
582	44.9203	27.9494
582	44.8917	27.9661
582	44.863	27.9827
582	44.8344	27.9994
582	44.8057	28.0161
581	44.7771	28.0327
581	44.7484	28.0494
581	44.7198	28.0661
578	44.6911	28.0827
565	44.6625	28.0994
559	44.6338	28.1161
557	44.6052	28.1327
557	44.5765	28.1494
557	44.5479	28.1661
557	44.5192	28.1827
557	44.4906	28.1994
554	44.4619	28.2161
548	44.4333	28.2327
545	44.4046	28.2494
543	44.376	28.2661
539	44.3473	28.2827
539	44.3187	28.2994
539	44.29	28.3161
539	44.2614	28.3327
539	44.2327	28.3494
539	44.2041	28.3661
539	44.1754	28.3827
539	44.1468	28.3994
539	44.1181	28.4161
539	44.0895	28.4327
533	44.0608	28.4494
529	44.0322	28.4661
527	44.0035	28.4827
527	43.9749	28.4994
527	43.9463	28.5161
527	43.9176	28.5327
527	43.889	28.5494
527	43.8603	28.5661
527	43.8317	28.5827
523	43.803	28.5994
518	43.7744	28.6161
513	43.7457	28.6327
513	43.7171	28.6494
513	43.6884	28.6661
513	43.6598	28.6827
513	43.6311	28.6994
513	43.6025	28.7161
513	43.5738	28.7327
513	43.5452	28.7494
513	43.5165	28.7661
512	43.4879	28.7827
507	43.4592	28.7994
502	43.4306	28.8161
498	43.4019	28.8327
498	43.3733	28.8494
498	43.3446	28.8661
498	43.316	28.8827
498	43.2873	28.8994
498	43.2587	28.9161
498	43.23	28.9327
498	43.2014	28.9494
498	43.1727	28.9661
498	43.1441	28.9827
498	43.1154	28.9994
498	43.0868	29.0161
498	43.0581	29.0327
492	43.0295	29.0494
487	43.0008	29.0661
487	42.9722	29.0827
487	42.9435	29.0994
487	42.9149	29.1161
487	42.8862	29.1327
487	42.8576	29.1494
487	42.8289	29.1661
487	42.8003	29.1827
487	42.7716	29.1994
487	42.743	29.2161
487	42.7143	29.2327
487	42.6857	29.2494
487	42.657	29.2661
487	42.6284	29.2827
487	42.5997	29.2994
487	42.5711	29.3161
487	42.5424	29.3327
487	42.5138	29.3494
487	42.4851	29.3661
487	42.4565	29.3827
487	42.4278	29.3994
487	42.3992	29.4161
487	42.3705	29.4327
482	42.3419	29.4494
476	42.3132	29.4661
473	42.2846	29.4827
473	42.2559	29.4994
473	42.2273	29.5161
473	42.1987	29.5327
473	42.17	29.5494
473	42.1413	29.5661
473	42.1127	29.5827
473	42.0841	29.5994
473	42.0554	29.6161
473	42.0268	29.6327
473	41.9981	29.6494
473	41.9695	29.666
473	41.9408	29.6827
473	41.9122	29.6994
473	41.8835	29.716
473	41.8549	29.7327
473	41.8262	29.7494
473	41.7976	29.766
473	41.7689	29.7827
473	41.7403	29.7994
473	41.7116	29.816
473	41.683	29.8327
473	41.6543	29.8494
473	41.6257	29.866
473	41.597	29.8827
473	41.5684	29.8994
473	41.5397	29.916
473	41.5111	29.9327
473	41.4824	29.9494
473	41.4538	29.966
473	41.4251	29.9827
473	41.3965	29.9994
473	41.3678	30.016
473	41.3392	30.0327
473	41.3105	30.0494
473	41.2819	30.066
473	41.2532	30.0827
473	41.2246	30.0994
473	41.1959	30.116
473	41.1673	30.1327
472	41.1386	30.1494
467	41.11	30.166
460	41.0813	30.1827
459	41.0527	30.1994
459	41.024	30.216
459	40.9954	30.2327
459	40.9667	30.2494
459	40.9381	30.266
459	40.9094	30.2827
459	40.8808	30.2994
459	40.8521	30.316
459	40.8235	30.3327
459	40.7948	30.3494
459	40.7662	30.366
459	40.7375	30.3827
459	40.7089	30.3994
459	40.6802	30.416
459	40.6516	30.4327
459	40.6229	30.4494
459	40.5943	30.466
459	40.5656	30.4827
459	40.537	30.4994
459	40.5083	30.516
459	40.4797	30.5327
459	40.451	30.5494
459	40.4224	30.566
459	40.3937	30.5827
459	40.3651	30.5994
459	40.3365	30.616
459	40.3078	30.6327
459	40.2792	30.6494
459	40.2505	30.666
459	40.2219	30.6827
459	40.1932	30.6994
459	40.1646	30.716
459	40.1359	30.7327
459	40.1073	30.7494
459	40.0786	30.766
459	40.05	30.7827
459	40.0213	30.7994
459	39.9927	30.816
459	39.964	30.8327
459	39.9354	30.8494
459	39.9067	30.866
459	39.8781	30.8827
459	39.8494	30.8994
459	39.8208	30.916
459	39.7921	30.9327
459	39.7635	30.9494
459	39.7348	30.966
459	39.7062	30.9827
459	39.6775	30.9994
459	39.6489	31.016
459	39.6202	31.0327
459	39.5916	31.0494
459	39.5629	31.066
459	39.5343	31.0827
459	39.5056	31.0994
459	39.477	31.116
459	39.4483	31.1327
459	39.4197	31.1494
459	39.391	31.166
459	39.3624	31.1827
459	39.3337	31.1994
459	39.3051	31.216
459	39.2764	31.2327
459	39.2478	31.2494
459	39.2191	31.266
459	39.1905	31.2827
459	39.1618	31.2994
459	39.1332	31.316
459	39.1045	31.3327
459	39.0759	31.3494
459	39.0472	31.366
459	39.0186	31.3827
459	38.9899	31.3994
459	38.9613	31.416
459	38.9326	31.4327
459	38.904	31.4494
459	38.8753	31.466
459	38.8467	31.4827
459	38.818	31.4994
459	38.7894	31.516
459	38.7607	31.5327
459	38.7321	31.5494
459	38.7034	31.566
459	38.6748	31.5827
459	38.6461	31.5994
459	38.6175	31.616
459	38.5889	31.6327
459	38.5602	31.6494
459	38.5316	31.666
459	38.5029	31.6827
459	38.4743	31.6994
459	38.4456	31.716
459	38.417	31.7327
459	38.3883	31.7494
459	38.3597	31.766
459	38.331	31.7827
459	38.3024	31.7994
459	38.2737	31.816
459	38.2451	31.8327
459	38.2164	31.8493
459	38.1878	31.866
459	38.1591	31.8827
459	38.1305	31.8993
459	38.1018	31.916
459	38.0732	31.9327
459	38.0445	31.9493
459	38.0159	31.966
459	37.9872	31.9827
459	37.9586	31.9993
459	37.9299	32.016
459	37.9013	32.0327
459	37.8726	32.0493
459	37.844	32.066
459	37.8153	32.0827
459	37.7867	32.0993
459	37.758	32.116
459	37.7294	32.1327
459	37.7007	32.1493
459	37.6721	32.166
459	37.6434	32.1827
459	37.6148	32.1993
459	37.5861	32.216
459	37.5575	32.2327
459	37.5288	32.2493
459	37.5002	32.266
459	37.4715	32.2827
459	37.4429	32.2993
459	37.4142	32.316
459	37.3856	32.3327
459	37.3569	32.3493
459	37.3283	32.366
459	37.2996	32.3827
459	37.271	32.3993
459	37.2423	32.416
459	37.2137	32.4327
459	37.185	32.4493
459	37.1564	32.466
459	37.1277	32.4827
459	37.0991	32.4993
459	37.0704	32.516
459	37.0418	32.5327
459	37.0131	32.5493
459	36.9845	32.566
459	36.9558	32.5827
459	36.9272	32.5993
459	36.8985	32.616
459	36.8699	32.6327
459	36.8413	32.6493
459	36.8126	32.666
459	36.784	32.6827
459	36.7553	32.6993
459	36.7267	32.716
459	36.698	32.7327
459	36.6694	32.7493
459	36.6407	32.766
459	36.6121	32.7827
459	36.5834	32.7993
459	36.5548	32.816
459	36.5261	32.8327
459	36.4975	32.8493
459	36.4688	32.866
459	36.4402	32.8827
459	36.4115	32.8993
459	36.3829	32.916
459	36.3542	32.9327
459	36.3256	32.9493
459	36.2969	32.966
459	36.2683	32.9827
459	36.2396	32.9993
459	36.211	33.016
459	36.1823	33.0327
459	36.1537	33.0493
459	36.125	33.066
459	36.0964	33.0827
459	36.0677	33.0993
459	36.0391	33.116
459	36.0104	33.1327
459	35.9818	33.1493
459	35.9531	33.166
459	35.9245	33.1827
459	35.8958	33.1993
459	35.8672	33.216
459	35.8385	33.2327
459	35.8099	33.2493
459	35.7812	33.266
459	35.7526	33.2827
459	35.7239	33.2993
459	35.6953	33.316
459	35.6666	33.3327
459	35.638	33.3493
458	35.6093	33.366
458	35.5807	33.3827
458	35.552	33.3993
458	35.5234	33.416
458	35.4947	33.4327
458	35.4661	33.4493
458	35.4374	33.466
458	35.4088	33.4827
458	35.3801	33.4993
458	35.3515	33.516
458	35.3228	33.5327
458	35.2942	33.5493
458	35.2655	33.566
458	35.2369	33.5827
458	35.2082	33.5993
458	35.1796	33.616
458	35.151	33.6327
458	35.1223	33.6493
458	35.0937	33.666
458	35.065	33.6827
458	35.0364	33.6993
458	35.0077	33.716
458	34.9791	33.7327
458	34.9504	33.7493
458	34.9218	33.766
458	34.8931	33.7827
458	34.8645	33.7993
458	34.8358	33.816
458	34.8072	33.8327
458	34.7785	33.8493
458	34.7499	33.866
458	34.7212	33.8827
458	34.6926	33.8993
458	34.6639	33.916
458	34.6353	33.9327
458	34.6066	33.9493
458	34.578	33.966
458	34.5493	33.9827
458	34.5207	33.9993
458	34.492	34.016
458	34.4634	34.0326
458	34.4347	34.0493
458	34.4061	34.066
458	34.3774	34.0826
458	34.3488	34.0993
458	34.3201	34.116
458	34.2915	34.1326
458	34.2628	34.1493
458	34.2342	34.166
458	34.2055	34.1826
458	34.1769	34.1993
457	34.1482	34.216
457	34.1196	34.2326
457	34.0909	34.2493
457	34.0623	34.266
457	34.0336	34.2826
457	34.005	34.2993
457	33.9763	34.316
457	33.9477	34.3326
457	33.919	34.3493
457	33.8904	34.366
457	33.8617	34.3826
457	33.8331	34.3993
457	33.8044	34.416
457	33.7758	34.4326
457	33.7471	34.4493
457	33.7185	34.466
457	33.6898	34.4826
457	33.6612	34.4993
457	33.6325	34.516
457	33.6039	34.5326
457	33.5752	34.5493
457	33.5466	34.566
457	33.5179	34.5826
457	33.4893	34.5993
457	33.4606	34.616
457	33.432	34.6326
457	33.4034	34.6493
457	33.3747	34.666
457	33.3461	34.6826
457	33.3174	34.6993
457	33.2888	34.716
457	33.2601	34.7326
457	33.2315	34.7493
457	33.2028	34.766
457	33.1742	34.7826
457	33.1455	34.7993
457	33.1169	34.816
457	33.0882	34.8326
457	33.0596	34.8493
457	33.0309	34.866
457	33.0023	34.8826
457	32.9736	34.8993
457	32.945	34.916
457	32.9163	34.9326
457	32.8877	34.9493
457	32.859	34.966
457	32.8304	34.9826
457	32.8017	34.9993
457	32.7731	35.016
457	32.7444	35.0326
457	32.7158	35.0493
457	32.6871	35.066
457	32.6585	35.0826
457	32.6298	35.0993
457	32.6012	35.116
457	32.5725	35.1326
457	32.5439	35.1493
457	32.5152	35.166
457	32.4866	35.1826
457	32.4579	35.1993
457	32.4293	35.216
457	32.4006	35.2326
457	32.372	35.2493
457	32.3433	35.266
457	32.3147	35.2826
457	32.286	35.2993
457	32.2574	35.316
457	32.2287	35.3326
457	32.2001	35.3493
457	32.1714	35.366
457	32.1428	35.3826
457	32.1141	35.3993
457	32.0855	35.416
457	32.0568	35.4326
457	32.0282	35.4493
457	31.9995	35.466
457	31.9709	35.4826
457	31.9422	35.4993
457	31.9136	35.516
457	31.8849	35.5326
457	31.8563	35.5493
457	31.8276	35.566
457	31.799	35.5826
457	31.7703	35.5993
457	31.7417	35.616
457	31.713	35.6326
457	31.6844	35.6493
457	31.6557	35.666
457	31.6271	35.6826
457	31.5984	35.6993
457	31.5698	35.716
457	31.5412	35.7326
457	31.5125	35.7493
457	31.4839	35.766
457	31.4552	35.7826
457	31.4266	35.7993
457	31.3979	35.816
457	31.3693	35.8326
457	31.3406	35.8493
457	31.312	35.866
457	31.2833	35.8826
457	31.2547	35.8993
457	31.226	35.916
457	31.1974	35.9326
457	31.1687	35.9493
457	31.1401	35.966
457	31.1114	35.9826
457	31.0828	35.9993
457	31.0541	36.016
457	31.0255	36.0326
457	30.9968	36.0493
457	30.9682	36.066
457	30.9395	36.0826
457	30.9109	36.0993
457	30.8822	36.116
457	30.8536	36.1326
457	30.8249	36.1493
457	30.7963	36.166
457	30.7676	36.1826
457	30.739	36.1993
457	30.7103	36.216
457	30.6817	36.2326
457	30.653	36.2493
457	30.6244	36.2659
457	30.5957	36.2826
457	30.5671	36.2993
457	30.5384	36.3159
457	30.5098	36.3326
457	30.4811	36.3493
457	30.4525	36.3659
457	30.4238	36.3826
457	30.3952	36.3993
457	30.3665	36.4159
457	30.3379	36.4326
457	30.3092	36.4493
457	30.2806	36.4659
457	30.2519	36.4826
457	30.2233	36.4993
457	30.1946	36.5159
457	30.166	36.5326
457	30.1373	36.5493
457	30.1087	36.5659
457	30.08	36.5826
457	30.0514	36.5993
457	30.0227	36.6159
457	29.9941	36.6326
457	29.9654	36.6493
457	29.9368	36.6659
457	29.9081	36.6826
457	29.8795	36.6993
457	29.8508	36.7159
457	29.8222	36.7326
457	29.7936	36.7493
457	29.7649	36.7659
457	29.7363	36.7826
457	29.7076	36.7993
457	29.679	36.8159
457	29.6503	36.8326
457	29.6217	36.8493
457	29.593	36.8659
457	29.5644	36.8826
457	29.5357	36.8993
457	29.5071	36.9159
457	29.4784	36.9326
457	29.4498	36.9493
457	29.4211	36.9659
457	29.3925	36.9826
457	29.3638	36.9993
457	29.3352	37.0159
457	29.3065	37.0326
457	29.2779	37.0493
457	29.2492	37.0659
457	29.2206	37.0826
457	29.1919	37.0993
457	29.1633	37.1159
457	29.1346	37.1326
457	29.106	37.1493
457	29.0773	37.1659
457	29.0487	37.1826
457	29.02	37.1993
457	28.9914	37.2159
457	28.9627	37.2326
457	28.9341	37.2493
457	28.9054	37.2659
457	28.8768	37.2826
457	28.8481	37.2993
457	28.8195	37.3159
457	28.7908	37.3326
457	28.7622	37.3493
457	28.7335	37.3659
457	28.7049	37.3826
457	28.6762	37.3993
457	28.6476	37.4159
457	28.6189	37.4326
457	28.5903	37.4493
457	28.5616	37.4659
457	28.533	37.4826
457	28.5043	37.4993
457	28.4757	37.5159
457	28.4471	37.5326
457	28.4184	37.5493
457	28.3898	37.5659
457	28.3611	37.5826
457	28.3325	37.5993
457	28.3038	37.6159
457	28.2752	37.6326
457	28.2465	37.6493
456	28.2179	37.6659
456	28.1892	37.6826
456	28.1606	37.6993
456	28.1319	37.7159
456	28.1033	37.7326
456	28.0746	37.7493
456	28.046	37.7659
456	28.0173	37.7826
456	27.9887	37.7993
456	27.96	37.8159
456	27.9314	37.8326
456	27.9028	37.8493
456	27.8741	37.8659
456	27.8455	37.8826
456	27.8168	37.8993
456	27.7882	37.9159
456	27.7595	37.9326
456	27.7309	37.9493
456	27.7022	37.9659
456	27.6736	37.9826
456	27.6449	37.9993
456	27.6163	38.0159
456	27.5876	38.0326
456	27.559	38.0493
456	27.5303	38.0659
456	27.5017	38.0826
456	27.473	38.0993
456	27.4444	38.1159
456	27.4157	38.1326
456	27.3871	38.1493
456	27.3584	38.1659
456	27.3298	38.1826
456	27.3012	38.1993
456	27.2725	38.2159
456	27.2439	38.2326
456	27.2152	38.2493
456	27.1866	38.2659
456	27.1579	38.2826
456	27.1293	38.2993
456	27.1006	38.3159
456	27.072	38.3326
456	27.0433	38.3493
456	27.0147	38.3659
456	26.986	38.3826
456	26.9574	38.3993
456	26.9287	38.4159
456	26.9001	38.4326
456	26.8714	38.4492
456	26.8428	38.4659
456	26.8141	38.4826
456	26.7855	38.4992
456	26.7569	38.5159
456	26.7282	38.5326
456	26.6996	38.5492
456	26.6709	38.5659
456	26.6423	38.5826
456	26.6136	38.5992
456	26.585	38.6159
456	26.5563	38.6326
456	26.5277	38.6492
456	26.499	38.6659
456	26.4704	38.6826
456	26.4417	38.6992
456	26.4131	38.7159
456	26.3844	38.7326
456	26.3558	38.7492
456	26.3271	38.7659
456	26.2985	38.7826
456	26.2698	38.7992
456	26.2412	38.8159
456	26.2125	38.8326
456	26.1839	38.8492
456	26.1553	38.8659
456	26.1266	38.8826
456	26.098	38.8992
456	26.0693	38.9159
456	26.0407	38.9326
456	26.012	38.9492
456	25.9834	38.9659
456	25.9547	38.9826
456	25.9261	38.9992
456	25.8974	39.0159
456	25.8688	39.0326
456	25.8401	39.0492
456	25.8115	39.0659
456	25.7828	39.0826
456	25.7542	39.0992
456	25.7255	39.1159
456	25.6969	39.1326
456	25.6682	39.1492
456	25.6396	39.1659
456	25.611	39.1826
456	25.5823	39.1992
456	25.5537	39.2159
456	25.525	39.2326
456	25.4964	39.2492
456	25.4677	39.2659
456	25.4391	39.2826
456	25.4104	39.2992
456	25.3818	39.3159
456	25.3531	39.3326
456	25.3245	39.3492
456	25.2958	39.3659
456	25.2672	39.3826
456	25.2385	39.3992
456	25.2099	39.4159
456	25.1812	39.4326
456	25.1526	39.4492
456	25.1239	39.4659
456	25.0953	39.4826
456	25.0667	39.4992
456	25.038	39.5159
456	25.0094	39.5326
456	24.9807	39.5492
456	24.9521	39.5659
456	24.9234	39.5826
456	24.8948	39.5992
456	24.8661	39.6159
456	24.8375	39.6326
456	24.8088	39.6492
456	24.7802	39.6659
456	24.7515	39.6826
456	24.7229	39.6992
456	24.6942	39.7159
456	24.6656	39.7326
456	24.6369	39.7492
456	24.6083	39.7659
456	24.5796	39.7826
456	24.551	39.7992
456	24.5223	39.8159
456	24.4937	39.8326
456	24.4651	39.8492
456	24.4364	39.8659
456	24.4078	39.8826
456	24.3791	39.8992
456	24.3505	39.9159
456	24.3218	39.9326
456	24.2932	39.9492
456	24.2645	39.9659
456	24.2359	39.9826
456	24.2072	39.9992
456	24.1786	40.0159
456	24.1499	40.0326
456	24.1213	40.0492
456	24.0926	40.0659
456	24.064	40.0826
456	24.0353	40.0992
456	24.0067	40.1159
456	23.978	40.1326
456	23.9494	40.1492
456	23.9208	40.1659
456	23.8921	40.1826
456	23.8635	40.1992
456	23.8348	40.2159
456	23.8062	40.2326
456	23.7775	40.2492
456	23.7489	40.2659
456	23.7202	40.2826
456	23.6916	40.2992
456	23.6629	40.3159
456	23.6343	40.3326
456	23.6056	40.3492
456	23.577	40.3659
456	23.5483	40.3826
456	23.5197	40.3992
456	23.491	40.4159
456	23.4624	40.4326
456	23.4337	40.4492
456	23.4051	40.4659
456	23.3764	40.4826
456	23.3478	40.4992
456	23.3192	40.5159
456	23.2905	40.5326
456	23.2619	40.5492
456	23.2332	40.5659
456	23.2046	40.5826
456	23.1759	40.5992
456	23.1473	40.6159
456	23.1186	40.6325
456	23.09	40.6492
456	23.0613	40.6659
456	23.0327	40.6825
456	23.004	40.6992
456	22.9754	40.7159
456	22.9467	40.7325
456	22.9181	40.7492
456	22.8894	40.7659
456	22.8608	40.7825
456	22.8321	40.7992
456	22.8035	40.8159
456	22.7749	40.8325
456	22.7462	40.8492
456	22.7176	40.8659
456	22.6889	40.8825
456	22.6603	40.8992
456	22.6316	40.9159
456	22.603	40.9325
456	22.5743	40.9492
456	22.5457	40.9659
456	22.517	40.9825
456	22.4884	40.9992
456	22.4597	41.0159
456	22.4311	41.0325
456	22.4024	41.0492
456	22.3738	41.0659
456	22.3451	41.0825
456	22.3165	41.0992
456	22.2878	41.1159
456	22.2592	41.1325
456	22.2305	41.1492
456	22.2019	41.1659
456	22.1733	41.1825
456	22.1446	41.1992
456	22.116	41.2159
456	22.0873	41.2325
456	22.0587	41.2492
456	22.03	41.2659
456	22.0014	41.2825
456	21.9727	41.2992
456	21.9441	41.3159
456	21.9154	41.3325
456	21.8868	41.3492
456	21.8581	41.3659
456	21.8295	41.3825
456	21.8008	41.3992
456	21.7722	41.4159
456	21.7435	41.4325
456	21.7149	41.4492
456	21.6862	41.4659
456	21.6576	41.4825
456	21.629	41.4992
456	21.6003	41.5159
456	21.5717	41.5325
456	21.543	41.5492
456	21.5144	41.5659
456	21.4857	41.5825
456	21.4571	41.5992
456	21.4284	41.6159
456	21.3998	41.6325
456	21.3711	41.6492
456	21.3425	41.6659
456	21.3138	41.6825
456	21.2852	41.6992
456	21.2565	41.7159
456	21.2279	41.7325
456	21.1992	41.7492
456	21.1706	41.7659
456	21.1419	41.7825
456	21.1133	41.7992
456	21.0847	41.8159
456	21.056	41.8325
456	21.0274	41.8492
456	20.9987	41.8659
456	20.9701	41.8825
456	20.9414	41.8992
456	20.9128	41.9159
456	20.8841	41.9325
456	20.8555	41.9492
456	20.8268	41.9659
456	20.7982	41.9825
456	20.7695	41.9992
456	20.7409	42.0159
456	20.7122	42.0325
456	20.6836	42.0492
456	20.6549	42.0659
456	20.6263	42.0825
456	20.5976	42.0992
456	20.569	42.1159
456	20.5403	42.1326
456	20.5117	42.1492
456	20.4831	42.1659
456	20.4544	42.1826
456	20.4258	42.1992
456	20.3971	42.2159
456	20.3685	42.2326
456	20.3398	42.2492
456	20.3112	42.2659
456	20.2825	42.2826
456	20.2539	42.2993
456	20.2252	42.3159
456	20.1966	42.3326
456	20.1679	42.3493
456	20.1393	42.3659
456	20.1106	42.3826
456	20.082	42.3993
456	20.0533	42.4159
456	20.0247	42.4326
456	19.996	42.4493
456	19.9674	42.466
456	19.9388	42.4826
456	19.9101	42.4993
456	19.8815	42.516
456	19.8528	42.5326
456	19.8242	42.5493
456	19.7955	42.566
456	19.7669	42.5826
456	19.7382	42.5993
456	19.7096	42.616
456	19.6809	42.6327
456	19.6523	42.6493
456	19.6236	42.666
456	19.595	42.6827
456	19.5663	42.6993
456	19.5377	42.716
456	19.509	42.7327
456	19.4804	42.7494
456	19.4517	42.766
456	19.4231	42.7827
456	19.3944	42.7994
456	19.3658	42.816
456	19.3372	42.8327
456	19.3085	42.8494
456	19.2799	42.866
456	19.2512	42.8827
456	19.2226	42.8994
456	19.1939	42.9161
456	19.1653	42.9327
456	19.1366	42.9494
456	19.108	42.9661
456	19.0793	42.9827
456	19.0507	42.9994
456	19.022	43.0161
456	18.9934	43.0327
456	18.9647	43.0494
456	18.9361	43.0661
456	18.9074	43.0828
456	18.8788	43.0994
456	18.8501	43.1161
456	18.8215	43.1328
456	18.7929	43.1494
456	18.7642	43.1661
456	18.7356	43.1828
456	18.7069	43.1994
456	18.6783	43.2161
456	18.6496	43.2328
456	18.621	43.2495
456	18.5923	43.2661
456	18.5637	43.2828
456	18.535	43.2995
456	18.5064	43.3161
456	18.4777	43.3328
456	18.4491	43.3495
456	18.4204	43.3661
456	18.3918	43.3828
456	18.3631	43.3995
456	18.3345	43.4162
456	18.3058	43.4328
456	18.2772	43.4495
456	18.2486	43.4662
456	18.2199	43.4828
456	18.1913	43.4995
456	18.1626	43.5162
456	18.134	43.5329
456	18.1053	43.5495
456	18.0767	43.5662
456	18.048	43.5829
456	18.0194	43.5995
456	17.9907	43.6162
456	17.9621	43.6329
456	17.9334	43.6495
456	17.9048	43.6662
456	17.8761	43.6829
456	17.8475	43.6996
456	17.8188	43.7162
456	17.7902	43.7329
456	17.7615	43.7496
456	17.7329	43.7662
456	17.7042	43.7829
456	17.6756	43.7996
456	17.647	43.8162
456	17.6183	43.8329
456	17.5897	43.8496
456	17.561	43.8663
456	17.5324	43.8829
456	17.5037	43.8996
456	17.4751	43.9163
456	17.4464	43.9329
456	17.4178	43.9496
456	17.3891	43.9663
456	17.3605	43.9829
456	17.3318	43.9996
456	17.3032	44.0163
456	17.2745	44.033
456	17.2459	44.0496
456	17.2172	44.0663
456	17.1886	44.083
456	17.1599	44.0996
456	17.1313	44.1163
456	17.1026	44.133
456	17.074	44.1497
456	17.0454	44.1663
456	17.0167	44.183
456	16.9881	44.1997
456	16.9594	44.2163
456	16.9308	44.233
456	16.9021	44.2497
456	16.8735	44.2663
456	16.8448	44.283
456	16.8162	44.2997
456	16.7875	44.3164
456	16.7589	44.333
456	16.7302	44.3497
456	16.7016	44.3664
456	16.6729	44.383
456	16.6443	44.3997
456	16.6156	44.4164
456	16.587	44.433
456	16.5583	44.4497
456	16.5297	44.4664
456	16.5011	44.4831
456	16.4724	44.4997
456	16.4438	44.5164
456	16.4151	44.5331
456	16.3865	44.5497
456	16.3578	44.5664
456	16.3292	44.5831
456	16.3005	44.5997
456	16.2719	44.6164
456	16.2432	44.6331
456	16.2146	44.6498
456	16.1859	44.6664
456	16.1573	44.6831
456	16.1286	44.6998
456	16.1	44.7164
456	16.0713	44.7331
456	16.0427	44.7498
456	16.014	44.7664
456	15.9854	44.7831
456	15.9568	44.7998
456	15.9281	44.8165
456	15.8995	44.8331
456	15.8708	44.8498
456	15.8422	44.8665
456	15.8135	44.8831
456	15.7849	44.8998
456	15.7562	44.9165
456	15.7276	44.9332
456	15.6989	44.9498
456	15.6703	44.9665
456	15.6416	44.9832
456	15.613	44.9998
456	15.5843	45.0165
456	15.5557	45.0332
456	15.527	45.0498
456	15.4984	45.0665
456	15.4697	45.0832
456	15.4411	45.0999
456	15.4124	45.1165
456	15.3838	45.1332
456	15.3552	45.1499
456	15.3265	45.1665
456	15.2979	45.1832
456	15.2692	45.1999
456	15.2406	45.2165
456	15.2119	45.2332
456	15.1833	45.2499
456	15.1546	45.2666
456	15.126	45.2832
456	15.0973	45.2999
456	15.0687	45.3166
456	15.04	45.3332
456	15.0114	45.3499
456	14.9827	45.3666
456	14.9541	45.3832
456	14.9254	45.3999
456	14.8968	45.4166
456	14.8681	45.4333
456	14.8395	45.4499
456	14.8109	45.4666
456	14.7822	45.4833
456	14.7536	45.4999
456	14.7249	45.5166
456	14.6963	45.5333
456	14.6676	45.5499
456	14.639	45.5666
456	14.6103	45.5833
456	14.5817	45.6
456	14.553	45.6166
456	14.5244	45.6333
456	14.4957	45.65
456	14.4671	45.6666
456	14.4384	45.6833
456	14.4098	45.7
456	14.3811	45.7167
456	14.3525	45.7333
456	14.3238	45.75
456	14.2952	45.7667
456	14.2666	45.7833
456	14.2379	45.8
456	14.2093	45.8167
456	14.1806	45.8333
456	14.152	45.85
456	14.1233	45.8667
456	14.0947	45.8834
456	14.066	45.9
456	14.0374	45.9167
456	14.0087	45.9334
456	13.9801	45.95
456	13.9514	45.9667
456	13.9228	45.9834
456	13.8941	46
456	13.8655	46.0167
456	13.8368	46.0334
456	13.8082	46.0501
456	13.7795	46.0667
456	13.7509	46.0834
456	13.7222	46.1001
456	13.6936	46.1167
456	13.665	46.1334
456	13.6363	46.1501
456	13.6077	46.1667
456	13.579	46.1834
456	13.5504	46.2001
456	13.5217	46.2168
456	13.4931	46.2334
456	13.4644	46.2501
456	13.4358	46.2668
456	13.4071	46.2834
456	13.3785	46.3001
456	13.3498	46.3168
456	13.3212	46.3335
456	13.2925	46.3501
456	13.2639	46.3668
456	13.2352	46.3835
456	13.2066	46.4001
456	13.1779	46.4168
456	13.1493	46.4335
456	13.1207	46.4501
456	13.092	46.4668
456	13.0634	46.4835
456	13.0347	46.5002
456	13.0061	46.5168
456	12.9774	46.5335
456	12.9488	46.5502
456	12.9201	46.5668
456	12.8915	46.5835
456	12.8628	46.6002
456	12.8342	46.6168
456	12.8055	46.6335
456	12.7769	46.6502
456	12.7482	46.6669
456	12.7196	46.6835
456	12.6909	46.7002
456	12.6623	46.7169
456	12.6336	46.7335
456	12.605	46.7502
456	12.5763	46.7669
456	12.5477	46.7835
456	12.5191	46.8002
456	12.4904	46.8169
456	12.4618	46.8336
456	12.4331	46.8502
456	12.4045	46.8669
456	12.3758	46.8836
456	12.3472	46.9002
456	12.3185	46.9169
456	12.2899	46.9336
456	12.2612	46.9502
456	12.2326	46.9669
456	12.2039	46.9836
456	12.1753	47.0003
456	12.1466	47.0169
456	12.118	47.0336
456	12.0893	47.0503
456	12.0607	47.0669
456	12.032	47.0836
456	12.0034	47.1003
456	11.9748	47.117
456	11.9461	47.1336
456	11.9175	47.1503
456	11.8888	47.167
456	11.8602	47.1836
456	11.8315	47.2003
456	11.8029	47.217
456	11.7742	47.2336
456	11.7456	47.2503
456	11.7169	47.267
456	11.6883	47.2837
456	11.6596	47.3003
456	11.631	47.317
456	11.6023	47.3337
456	11.5737	47.3503
456	11.545	47.367
456	11.5164	47.3837
456	11.4877	47.4003
456	11.4591	47.417
456	11.4304	47.4337
456	11.4018	47.4504
456	11.3732	47.467
456	11.3445	47.4837
456	11.3159	47.5004
456	11.2872	47.517
456	11.2586	47.5337
456	11.2299	47.5504
456	11.2013	47.567
456	11.1726	47.5837
456	11.144	47.6004
456	11.1153	47.6171
456	11.0867	47.6337
456	11.058	47.6504
456	11.0294	47.6671
456	11.0007	47.6837
456	10.9721	47.7004
456	10.9434	47.7171
456	10.9148	47.7337
456	10.8861	47.7504
456	10.8575	47.7671
456	10.8289	47.7838
456	10.8002	47.8004
456	10.7716	47.8171
456	10.7429	47.8338
456	10.7143	47.8504
456	10.6856	47.8671
456	10.657	47.8838
456	10.6283	47.9005
456	10.5997	47.9171
456	10.571	47.9338
456	10.5424	47.9505
456	10.5137	47.9671
456	10.4851	47.9838
456	10.4564	48.0005
456	10.4278	48.0171
456	10.3991	48.0338
456	10.3705	48.0505
456	10.3418	48.0672
456	10.3132	48.0838
456	10.2845	48.1005
456	10.2559	48.1172
456	10.2273	48.1338
456	10.1986	48.1505
456	10.17	48.1672
456	10.1413	48.1838
456	10.1127	48.2005
456	10.084	48.2172
456	10.0554	48.2339
456	10.0267	48.2505
456	9.99808	48.2672
456	9.96943	48.2839
456	9.94078	48.3005
456	9.91213	48.3172
456	9.88348	48.3339
456	9.85484	48.3505
456	9.82619	48.3672
456	9.79754	48.3839
456	9.7689	48.4006
456	9.74025	48.4172
456	9.7116	48.4339
456	9.68295	48.4506
456	9.65431	48.4672
456	9.62566	48.4839
456	9.59701	48.5006
456	9.56836	48.5173
456	9.53972	48.5339
456	9.51107	48.5506
456	9.48242	48.5673
456	9.45377	48.5839
456	9.42513	48.6006
456	9.39648	48.6173
456	9.36783	48.6339
456	9.33918	48.6506
456	9.31054	48.6673
456	9.28189	48.684
456	9.25324	48.7006
456	9.22459	48.7173
456	9.19595	48.734
456	9.1673	48.7506
456	9.13865	48.7673
456	9.11	48.784
456	9.08136	48.8006
456	9.05271	48.8173
456	9.02406	48.834
456	8.99541	48.8507
456	8.96677	48.8673
456	8.93812	48.884
456	8.90947	48.9007
456	8.88082	48.9173
456	8.85218	48.934
456	8.82353	48.9507
456	8.79488	48.9673
456	8.76623	48.984
456	8.73759	49.0007
456	8.70894	49.0174
456	8.68029	49.034
456	8.65164	49.0507
456	8.623	49.0674
456	8.59435	49.084
456	8.5657	49.1007
456	8.53705	49.1174
456	8.50841	49.134
456	8.47976	49.1507
456	8.45111	49.1674
456	8.42246	49.1841
456	8.39382	49.2007
456	8.36517	49.2174
456	8.33652	49.2341
456	8.30787	49.2507
456	8.27923	49.2674
456	8.25058	49.2841
456	8.22193	49.3008
456	8.19328	49.3174
456	8.16464	49.3341
456	8.13599	49.3508
456	8.10734	49.3674
456	8.07869	49.3841
456	8.05005	49.4008
456	8.0214	49.4174
456	7.99275	49.4341
456	7.9641	49.4508
456	7.93546	49.4675
456	7.90681	49.4841
456	7.87816	49.5008
456	7.84951	49.5175
456	7.82087	49.5341
456	7.79222	49.5508
456	7.76357	49.5675
456	7.73492	49.5841
456	7.70628	49.6008
456	7.67763	49.6175
456	7.64898	49.6342
456	7.62033	49.6508
456	7.59169	49.6675
456	7.56304	49.6842
456	7.53439	49.7008
456	7.50574	49.7175
456	7.4771	49.7342
456	7.44845	49.7508
456	7.4198	49.7675
456	7.39115	49.7842
456	7.36251	49.8009
456	7.33386	49.8175
456	7.30521	49.8342
456	7.27656	49.8509
456	7.24792	49.8675
456	7.21927	49.8842
456	7.19062	49.9009
456	7.16197	49.9175
456	7.13333	49.9342
456	7.10468	49.9509
456	7.07603	49.9676
456	7.04738	49.9842
456	7.01873	50.0009
456	6.99009	50.0176
456	6.96144	50.0342
456	6.93279	50.0509
456	6.90414	50.0676
456	6.8755	50.0843
456	6.84685	50.1009
456	6.8182	50.1176
456	6.78955	50.1343
456	6.7609	50.1509
456	6.73226	50.1676
456	6.70361	50.1843
456	6.67496	50.2009
456	6.64631	50.2176
456	6.61766	50.2343
456	6.58902	50.251
456	6.56037	50.2676
456	6.53172	50.2843
456	6.50307	50.301
456	6.47442	50.3176
456	6.44578	50.3343
456	6.41713	50.351
456	6.38848	50.3676
456	6.35983	50.3843
456	6.33119	50.401
456	6.30254	50.4177
456	6.27389	50.4343
456	6.24524	50.451
456	6.21659	50.4677
456	6.18795	50.4843
456	6.1593	50.501
456	6.13065	50.5177
456	6.102	50.5343
456	6.07335	50.551
456	6.04471	50.5677
456	6.01606	50.5844
456	5.98741	50.601
456	5.95876	50.6177
456	5.93011	50.6344
456	5.90147	50.651
456	5.87282	50.6677
456	5.84417	50.6844
456	5.81552	50.701
456	5.78687	50.7177
456	5.75823	50.7344
456	5.72958	50.7511
456	5.70093	50.7677
456	5.67228	50.7844
456	5.64364	50.8011
456	5.61499	50.8177
456	5.58634	50.8344
456	5.55769	50.8511
456	5.52904	50.8678
456	5.5004	50.8844
456	5.47175	50.9011
456	5.4431	50.9178
456	5.41445	50.9344
456	5.3858	50.9511
456	5.35716	50.9678
456	5.32851	50.9844
456	5.29986	51.0011
456	5.27121	51.0178
456	5.24256	51.0345
456	5.21392	51.0511
456	5.18527	51.0678
456	5.15662	51.0845
456	5.12797	51.1011
456	5.09933	51.1178
456	5.07068	51.1345
456	5.04203	51.1511
456	5.01338	51.1678
456	4.98473	51.1845
456	4.95609	51.2012
456	4.92744	51.2178
456	4.89879	51.2345
456	4.87014	51.2512
456	4.84149	51.2678
456	4.81285	51.2845
456	4.7842	51.3012
456	4.75555	51.3178
456	4.7269	51.3345
456	4.69825	51.3512
456	4.66961	51.3679
456	4.64096	51.3845
456	4.61231	51.4012
456	4.58366	51.4179
456	4.55501	51.4345
456	4.52637	51.4512
456	4.49772	51.4679
456	4.46907	51.4846
456	4.44042	51.5012
456	4.41178	51.5179
456	4.38313	51.5346
456	4.35448	51.5512
456	4.32583	51.5679
456	4.29718	51.5846
456	4.26854	51.6012
456	4.23989	51.6179
456	4.21124	51.6346
456	4.18259	51.6513
456	4.15394	51.6679
456	4.1253	51.6846
456	4.09665	51.7013
456	4.068	51.7179
456	4.03935	51.7346
456	4.0107	51.7513
456	3.98206	51.7679
456	3.95341	51.7846
456	3.92476	51.8013
456	3.89611	51.818
456	3.86747	51.8346
456	3.83882	51.8513
456	3.81017	51.868
456	3.78152	51.8846
456	3.75287	51.9013
456	3.72423	51.918
456	3.69558	51.9346
456	3.66693	51.9513
456	3.63828	51.968
456	3.60963	51.9847
456	3.58099	52.0013
456	3.55234	52.018
456	3.52369	52.0347
456	3.49504	52.0513
456	3.46639	52.068
456	3.43775	52.0847
456	3.4091	52.1013
456	3.38045	52.118
456	3.3518	52.1347
456	3.32315	52.1514
456	3.29451	52.168
456	3.26586	52.1847
456	3.23721	52.2014
456	3.20856	52.218
456	3.17992	52.2347
456	3.15127	52.2514
456	3.12262	52.2681
456	3.09397	52.2847
456	3.06532	52.3014
456	3.03668	52.3181
456	3.00803	52.3347
456	2.97938	52.3514
456	2.95073	52.3681
456	2.92208	52.3847
456	2.89344	52.4014
456	2.86479	52.4181
456	2.83614	52.4348
456	2.80749	52.4514
456	2.77884	52.4681
456	2.7502	52.4848
456	2.72155	52.5014
456	2.6929	52.5181
456	2.66425	52.5348
456	2.63561	52.5514
456	2.60696	52.5681
456	2.57831	52.5848
456	2.54966	52.6015
456	2.52101	52.6181
456	2.49237	52.6348
456	2.46372	52.6515
456	2.43507	52.6681
456	2.40642	52.6848
456	2.37777	52.7015
456	2.34913	52.7181
456	2.32048	52.7348
456	2.29183	52.7515
456	2.26318	52.7682
456	2.23453	52.7848
456	2.20589	52.8015
456	2.17724	52.8182
456	2.14859	52.8348
456	2.11994	52.8515
456	2.09129	52.8682
456	2.06265	52.8848
456	2.034	52.9015
456	2.00535	52.9182
456	1.9767	52.9349
456	1.94806	52.9515
456	1.91941	52.9682
456	1.89076	52.9849
456	1.86211	53.0015
456	1.83346	53.0182
456	1.80482	53.0349
456	1.77617	53.0516
456	1.74752	53.0682
456	1.71887	53.0849
456	1.69022	53.1016
456	1.66158	53.1182
456	1.63293	53.1349
456	1.60428	53.1516
456	1.57563	53.1682
456	1.54699	53.1849
456	1.51834	53.2016
456	1.48969	53.2183
456	1.46104	53.2349
456	1.43239	53.2516
456	1.40375	53.2683
456	1.3751	53.2849
456	1.34645	53.3016
456	1.3178	53.3183
456	1.28916	53.3349
456	1.26051	53.3516
456	1.23186	53.3683
456	1.20321	53.385
456	1.17456	53.4016
456	1.14592	53.4183
456	1.11727	53.435
456	1.08862	53.4516
456	1.05997	53.4683
456	1.03132	53.485
456	1.00268	53.5016
456	0.974029	53.5183
456	0.945382	53.535
456	0.916734	53.5517
456	0.888086	53.5683
456	0.859438	53.585
456	0.83079	53.6017
456	0.802142	53.6183
456	0.773495	53.635
456	0.744847	53.6517
456	0.716199	53.6684
456	0.687551	53.685
456	0.658903	53.7017
456	0.630255	53.7184
456	0.601607	53.735
456	0.57296	53.7517
456	0.544312	53.7684
456	0.515664	53.785
456	0.487016	53.8017
456	0.458368	53.8184
456	0.42972	53.8351
456	0.401072	53.8517
456	0.372425	53.8684
456	0.343777	53.8851
456	0.315129	53.9017
456	0.286481	53.9184
456	0.257833	53.9351
456	0.229185	53.9517
456	0.200537	53.9684
456	0.17189	53.9851
456	0.143242	54.0018
456	0.114594	54.0184
456	0.085946	54.0351
456	0.0572982	54.0518
456	0.0286503	54.0684
456	2.46127e-06	54.0851
456	-0.0286454	54.1018
456	0	54.1184
456	0	54.1351
456	0	54.1518
456	0	54.1685
456	0	54.1851
456	0	54.2018
456	0	54.2185
456	0	54.2351
456	0	54.2518
456	0	54.2685
456	0	54.2851
456	0	54.3018
456	0	54.3185
456	0	54.3352
456	0	54.3518
456	0	54.3685
456	0	54.3852
456	0	54.4018
456	0	54.4185
456	0	54.4352
456	0	54.4519
456	0	54.4685
456	0	54.4852
456	0	54.5019
456	0	54.5185
456	0	54.5352
456	0	54.5519
456	0	54.5685
456	0	54.5852
456	0	54.6019
456	0	54.6186
456	0	54.6352
456	0	54.6519
456	0	54.6686
456	0	54.6852
456	0	54.7019
456	0	54.7186
456	0	54.7352
456	0	54.7519
456	0	54.7686
456	0	54.7853
456	0	54.8019
456	0	54.8186
456	0	54.8353
456	0	54.8519
456	0	54.8686
456	0	54.8853
456	0	54.9019
456	0	54.9186
456	0	54.9353
456	0	54.952
456	0	54.9686
456	0	54.9853
456	0	55.002
456	0	55.0186
456	0	55.0353
456	0	55.052
456	0	55.0686
456	0	55.0853
456	0	55.102
