inside_count	theta (degrees)	time (s)
11685	0.0286479	0.0165634
11685	0.0572957	0.0332298
11685	0.0859435	0.0498962
11685	0.114591	0.0665627
11685	0.143239	0.0832291
11685	0.171887	0.0998955
11685	0.200535	0.116562
11685	0.229183	0.133228
11685	0.257831	0.149895
11685	0.286479	0.166561
11685	0.315126	0.183228
11685	0.343774	0.199894
11685	0.372422	0.21656
11685	0.40107	0.233227
11685	0.429718	0.249893
11685	0.458366	0.26656
11685	0.487013	0.283226
11685	0.515661	0.299892
11685	0.544309	0.316559
11685	0.572957	0.333225
11685	0.601605	0.349892
11685	0.630253	0.366558
11685	0.658901	0.383224
11685	0.687548	0.399891
11685	0.716196	0.416557
11685	0.744844	0.433224
11685	0.773492	0.44989
11685	0.80214	0.466557
11685	0.830788	0.483223
11685	0.859436	0.499889
11685	0.888083	0.516556
11685	0.916731	0.533222
11685	0.945379	0.549889
11685	0.974027	0.566555
11685	1.00267	0.583221
11685	1.03132	0.599888
11685	1.05997	0.616554
11685	1.08862	0.633221
11685	1.11727	0.649887
11685	1.14591	0.666553
11685	1.17456	0.68322
11685	1.20321	0.699886
11685	1.23186	0.716553
11685	1.2605	0.733219
11685	1.28915	0.749886
11685	1.3178	0.766552
11685	1.34645	0.783218
11685	1.3751	0.799885
11685	1.40374	0.816551
11685	1.43239	0.833218
11685	1.46104	0.849884
11685	1.48969	0.86655
11685	1.51834	0.883217
11685	1.54698	0.899883
11685	1.57563	0.91655
11685	1.60428	0.933216
11685	1.63293	0.949883
11685	1.66157	0.966549
11685	1.69022	0.983215
11685	1.71887	0.999882
11685	1.74752	1.01655
11685	1.77617	1.03321
11685	1.80481	1.04988
11685	1.83346	1.06655
11685	1.86211	1.08321
11685	1.89076	1.09988
11685	1.9194	1.11655
11685	1.94805	1.13321
11685	1.9767	1.14988
11685	2.00535	1.16655
11685	2.034	1.18321
11685	2.06264	1.19988
11685	2.09129	1.21655
11685	2.11994	1.23321
11685	2.14859	1.24988
11685	2.17724	1.26654
11685	2.20588	1.28321
11685	2.23453	1.29988
11685	2.26318	1.31654
11685	2.29183	1.33321
11685	2.32048	1.34988
11682	2.34912	1.36654
11678	2.37777	1.38321
11678	2.40642	1.39988
11678	2.43507	1.41654
11678	2.46372	1.43321
11678	2.49236	1.44987
11678	2.52101	1.46654
11678	2.54966	1.48321
11678	2.57831	1.49987
11678	2.60695	1.51654
11678	2.6356	1.53321
11678	2.66425	1.54987
11678	2.6929	1.56654
11678	2.72155	1.58321
11678	2.75019	1.59987
11678	2.77884	1.61654
11678	2.80749	1.63321
11678	2.83614	1.64987
11678	2.86479	1.66654
11678	2.89343	1.6832
11678	2.92208	1.69987
11678	2.95073	1.71654
11678	2.97938	1.7332
11678	3.00803	1.74987
11678	3.03667	1.76654
11678	3.06532	1.7832
11678	3.09397	1.79987
11678	3.12262	1.81654
11678	3.15126	1.8332
11678	3.17991	1.84987
11678	3.20856	1.86654
11678	3.23721	1.8832
11678	3.26586	1.89987
11678	3.2945	1.91653
11678	3.32315	1.9332
11678	3.3518	1.94987
11678	3.38045	1.96653
11678	3.4091	1.9832
11678	3.43774	1.99987
11678	3.46639	2.01653
11678	3.49504	2.0332
11678	3.52369	2.04987
11678	3.55234	2.06653
11678	3.58098	2.0832
11678	3.60963	2.09986
11678	3.63828	2.11653
11678	3.66693	2.1332
11678	3.69557	2.14986
11678	3.72422	2.16653
11678	3.75287	2.1832
11678	3.78152	2.19986
11678	3.81017	2.21653
11678	3.83881	2.2332
11678	3.86746	2.24986
11678	3.89611	2.26653
11678	3.92476	2.2832
11678	3.95341	2.29986
11678	3.98205	2.31653
11678	4.0107	2.33319
11678	4.03935	2.34986
11678	4.068	2.36653
11678	4.09665	2.38319
11678	4.12529	2.39986
11678	4.15394	2.41653
11678	4.18259	2.43319
11678	4.21124	2.44986
11678	4.23989	2.46653
11678	4.26853	2.48319
11678	4.29718	2.49986
11678	4.32583	2.51653
11678	4.35448	2.53319
11678	4.38312	2.54986
11678	4.41177	2.56652
11678	4.44042	2.58319
11678	4.46907	2.59986
11678	4.49772	2.61652
11678	4.52636	2.63319
11678	4.55501	2.64986
11678	4.58366	2.66652
11678	4.61231	2.68319
11678	4.64096	2.69986
11678	4.6696	2.71652
11678	4.69825	2.73319
11678	4.7269	2.74986
11678	4.75555	2.76652
11678	4.7842	2.78319
11678	4.81284	2.79985
11678	4.84149	2.81652
11678	4.87014	2.83319
11678	4.89879	2.84985
11678	4.92743	2.86652
11678	4.95608	2.88319
11678	4.98473	2.89985
11678	5.01338	2.91652
11678	5.04203	2.93319
11678	5.07067	2.94985
11678	5.09932	2.96652
11678	5.12797	2.98318
11678	5.15662	2.99985
11678	5.18527	3.01652
11678	5.21391	3.03318
11678	5.24256	3.04985
11678	5.27121	3.06652
11678	5.29986	3.08318
11678	5.32851	3.09985
11678	5.35715	3.11652
11678	5.3858	3.13318
11678	5.41445	3.14985
11678	5.4431	3.16652
11678	5.47175	3.18318
11678	5.50039	3.19985
11678	5.52904	3.21651
11678	5.55769	3.23318
11678	5.58634	3.24985
11678	5.61498	3.26651
11677	5.64363	3.28318
11677	5.67228	3.29985
11677	5.70093	3.31651
11677	5.72958	3.33318
11677	5.75822	3.34985
11677	5.78687	3.36651
11677	5.81552	3.38318
11677	5.84417	3.39985
11677	5.87282	3.41651
11677	5.90146	3.43318
11676	5.93011	3.44984
11673	5.95876	3.46651
11673	5.98741	3.48318
11673	6.01606	3.49984
11673	6.0447	3.51651
11673	6.07335	3.53318
11673	6.102	3.54984
11673	6.13065	3.56651
11673	6.1593	3.58318
11673	6.18794	3.59984
11673	6.21659	3.61651
11673	6.24524	3.63317
11673	6.27389	3.64984
11673	6.30253	3.66651
11673	6.33118	3.68317
11673	6.35983	3.69984
11673	6.38848	3.71651
11673	6.41713	3.73317
11672	6.44577	3.74984
11672	6.47442	3.76651
11672	6.50307	3.78317
11667	6.53172	3.79984
11666	6.56037	3.81651
11666	6.58901	3.83317
11666	6.61766	3.84984
11666	6.64631	3.8665
11666	6.67496	3.88317
11666	6.70361	3.89984
11666	6.73225	3.9165
11666	6.7609	3.93317
11663	6.78955	3.94984
11663	6.8182	3.9665
11663	6.84685	3.98317
11663	6.87549	3.99984
11663	6.90414	4.0165
11663	6.93279	4.03317
11663	6.96144	4.04984
11663	6.99008	4.0665
11663	7.01873	4.08317
11663	7.04738	4.09983
11663	7.07603	4.1165
11663	7.10468	4.13317
11663	7.13332	4.14983
11663	7.16197	4.1665
11663	7.19062	4.18317
11663	7.21927	4.19983
11663	7.24791	4.2165
11663	7.27656	4.23317
11663	7.30521	4.24983
11663	7.33386	4.2665
11663	7.3625	4.28316
11663	7.39115	4.29983
11663	7.4198	4.3165
11663	7.44845	4.33316
11663	7.47709	4.34983
11663	7.50574	4.3665
11663	7.53439	4.38316
11663	7.56304	4.39983
11663	7.59168	4.4165
11663	7.62033	4.43316
11663	7.64898	4.44983
11663	7.67763	4.4665
11663	7.70627	4.48316
11663	7.73492	4.49983
11663	7.76357	4.51649
11663	7.79222	4.53316
11663	7.82086	4.54983
11663	7.84951	4.56649
11663	7.87816	4.58316
11663	7.90681	4.59983
11663	7.93545	4.61649
11663	7.9641	4.63316
11663	7.99275	4.64983
11663	8.0214	4.66649
11663	8.05004	4.68316
11663	8.07869	4.69983
11663	8.10734	4.71649
11663	8.13599	4.73316
11663	8.16463	4.74982
11663	8.19328	4.76649
11663	8.22193	4.78316
11663	8.25058	4.79982
11663	8.27922	4.81649
11663	8.30787	4.83316
11663	8.33652	4.84982
11663	8.36517	4.86649
11663	8.39381	4.88316
11663	8.42246	4.89982
11663	8.45111	4.91649
11663	8.47976	4.93316
11663	8.5084	4.94982
11663	8.53705	4.96649
11663	8.5657	4.98315
11663	8.59435	4.99982
11663	8.62299	5.01649
11663	8.65164	5.03315
11663	8.68029	5.04982
11663	8.70894	5.06649
11663	8.73758	5.08315
11663	8.76623	5.09982
11663	8.79488	5.11649
11663	8.82353	5.13315
11663	8.85217	5.14982
11663	8.88082	5.16648
11663	8.90947	5.18315
11663	8.93812	5.19982
11663	8.96676	5.21648
11663	8.99541	5.23315
11663	9.02406	5.24982
11663	9.05271	5.26648
11663	9.08135	5.28315
11663	9.11	5.29982
11663	9.13865	5.31648
11663	9.1673	5.33315
11663	9.19594	5.34982
11663	9.22459	5.36648
11663	9.25324	5.38315
11663	9.28189	5.39981
11663	9.31053	5.41648
11663	9.33918	5.43315
11663	9.36783	5.44981
11663	9.39648	5.46648
11663	9.42512	5.48315
11663	9.45377	5.49981
11663	9.48242	5.51648
11663	9.51107	5.53315
11663	9.53971	5.54981
11663	9.56836	5.56648
11663	9.59701	5.58315
11663	9.62566	5.59981
11662	9.6543	5.61648
11662	9.68295	5.63314
11662	9.7116	5.64981
11662	9.74024	5.66648
11662	9.76889	5.68314
11662	9.79754	5.69981
11662	9.82619	5.71648
11662	9.85484	5.73314
11662	9.88348	5.74981
11662	9.91213	5.76648
11662	9.94078	5.78314
11662	9.96943	5.79981
11662	9.99807	5.81647
11662	10.0267	5.83314
11662	10.0554	5.84981
11662	10.084	5.86647
11662	10.1127	5.88314
11662	10.1413	5.89981
11662	10.17	5.91647
11662	10.1986	5.93314
11662	10.2273	5.94981
11662	10.2559	5.96647
11662	10.2845	5.98314
11662	10.3132	5.99981
11662	10.3418	6.01647
11662	10.3705	6.03314
11662	10.3991	6.0498
11662	10.4278	6.06647
11662	10.4564	6.08314
11662	10.4851	6.0998
11662	10.5137	6.11647
11662	10.5424	6.13314
11662	10.571	6.1498
11662	10.5997	6.16647
11662	10.6283	6.18314
11662	10.657	6.1998
11662	10.6856	6.21647
11662	10.7143	6.23314
11662	10.7429	6.2498
11662	10.7716	6.26647
11662	10.8002	6.28313
11662	10.8288	6.2998
11662	10.8575	6.31647
11661	10.8861	6.33313
11661	10.9148	6.3498
11661	10.9434	6.36647
11661	10.9721	6.38313
11661	11.0007	6.3998
11661	11.0294	6.41647
11661	11.058	6.43313
11661	11.0867	6.4498
11661	11.1153	6.46646
11661	11.144	6.48313
11661	11.1726	6.4998
11661	11.2013	6.51646
11661	11.2299	6.53313
11661	11.2586	6.5498
11661	11.2872	6.56646
11661	11.3159	6.58313
11660	11.3445	6.5998
11660	11.3732	6.61646
11660	11.4018	6.63313
11660	11.4304	6.6498
11660	11.4591	6.66646
11660	11.4877	6.68313
11660	11.5164	6.69979
11660	11.545	6.71646
11660	11.5737	6.73313
11660	11.6023	6.74979
11660	11.631	6.76646
11660	11.6596	6.78313
11660	11.6883	6.79979
11660	11.7169	6.81646
11660	11.7456	6.83313
11660	11.7742	6.84979
11660	11.8029	6.86646
11660	11.8315	6.88313
11660	11.8602	6.89979
11660	11.8888	6.91646
11660	11.9175	6.93312
11660	11.9461	6.94979
11660	11.9747	6.96646
11660	12.0034	6.98312
11660	12.032	6.99979
11660	12.0607	7.01646
11660	12.0893	7.03312
11660	12.118	7.04979
11660	12.1466	7.06646
11660	12.1753	7.08312
11660	12.2039	7.09979
11660	12.2326	7.11646
11660	12.2612	7.13312
11660	12.2899	7.14979
11660	12.3185	7.16645
11660	12.3472	7.18312
11660	12.3758	7.19979
11660	12.4045	7.21645
11660	12.4331	7.23312
11660	12.4618	7.24979
11660	12.4904	7.26645
11660	12.5191	7.28312
11660	12.5477	7.29979
11656	12.5763	7.31645
11650	12.605	7.33312
11649	12.6336	7.34978
11649	12.6623	7.36645
11648	12.6909	7.38312
11648	12.7196	7.39978
11648	12.7482	7.41645
11648	12.7769	7.43312
11648	12.8055	7.44978
11648	12.8342	7.46645
11648	12.8628	7.48312
11646	12.8915	7.49978
11636	12.9201	7.51645
11632	12.9488	7.53312
11630	12.9774	7.54978
11630	13.0061	7.56645
11630	13.0347	7.58311
11630	13.0634	7.59978
11626	13.092	7.61645
11624	13.1206	7.63311
11624	13.1493	7.64978
11624	13.1779	7.66645
11622	13.2066	7.68311
11609	13.2352	7.69978
11609	13.2639	7.71645
11609	13.2925	7.73311
11609	13.3212	7.74978
11609	13.3498	7.76645
11604	13.3785	7.78311
11601	13.4071	7.79978
11601	13.4358	7.81644
11601	13.4644	7.83311
11600	13.4931	7.84978
11600	13.5217	7.86644
11600	13.5504	7.88311
11597	13.579	7.89978
11583	13.6077	7.91644
11581	13.6363	7.93311
11581	13.665	7.94978
11581	13.6936	7.96644
11576	13.7222	7.98311
11571	13.7509	7.99977
11563	13.7795	8.01644
11562	13.8082	8.03311
11562	13.8368	8.04977
11561	13.8655	8.06644
11561	13.8941	8.08311
11561	13.9228	8.09977
11561	13.9514	8.11644
11561	13.9801	8.13311
11555	14.0087	8.14977
11542	14.0374	8.16644
11539	14.066	8.18311
11539	14.0947	8.19977
11539	14.1233	8.21644
11536	14.152	8.2331
11529	14.1806	8.24977
11525	14.2093	8.26644
11520	14.2379	8.2831
11516	14.2665	8.29977
11511	14.2952	8.31644
11505	14.3238	8.3331
11503	14.3525	8.34977
11497	14.3811	8.36644
11492	14.4098	8.3831
11483	14.4384	8.39977
11481	14.4671	8.41644
11480	14.4957	8.4331
11477	14.5244	8.44977
11468	14.553	8.46643
11468	14.5817	8.4831
11466	14.6103	8.49977
11458	14.639	8.51643
11454	14.6676	8.5331
11450	14.6963	8.54977
11450	14.7249	8.56643
11449	14.7536	8.5831
11442	14.7822	8.59977
11434	14.8109	8.61643
11428	14.8395	8.6331
11425	14.8681	8.64977
11425	14.8968	8.66643
11425	14.9254	8.6831
11423	14.9541	8.69976
11417	14.9827	8.71643
11409	15.0114	8.7331
11405	15.04	8.74976
11400	15.0687	8.76643
11393	15.0973	8.7831
11389	15.126	8.79976
11386	15.1546	8.81643
11385	15.1833	8.8331
11382	15.2119	8.84976
11380	15.2406	8.86643
11371	15.2692	8.88309
11365	15.2979	8.89976
11363	15.3265	8.91643
11359	15.3552	8.93309
11354	15.3838	8.94976
11350	15.4124	8.96643
11342	15.4411	8.98309
11339	15.4697	8.99976
11334	15.4984	9.01643
11329	15.527	9.03309
11325	15.5557	9.04976
11321	15.5843	9.06643
11314	15.613	9.08309
11311	15.6416	9.09976
11311	15.6703	9.11642
11306	15.6989	9.13309
11296	15.7276	9.14976
11290	15.7562	9.16642
11283	15.7849	9.18309
11278	15.8135	9.19976
11275	15.8422	9.21642
11271	15.8708	9.23309
11264	15.8995	9.24976
11259	15.9281	9.26642
11252	15.9567	9.28309
11247	15.9854	9.29976
11238	16.014	9.31642
11233	16.0427	9.33309
11229	16.0713	9.34975
11222	16.1	9.36642
11217	16.1286	9.38309
11213	16.1573	9.39975
11208	16.1859	9.41642
11204	16.2146	9.43309
11201	16.2432	9.44975
11195	16.2719	9.46642
11189	16.3005	9.48309
11187	16.3292	9.49975
11184	16.3578	9.51642
11178	16.3865	9.53308
11169	16.4151	9.54975
11161	16.4438	9.56642
11157	16.4724	9.58308
11152	16.5011	9.59975
11146	16.5297	9.61642
11140	16.5583	9.63308
11133	16.587	9.64975
11129	16.6156	9.66642
11123	16.6443	9.68308
11115	16.6729	9.69975
11112	16.7016	9.71642
11104	16.7302	9.73308
11096	16.7589	9.74975
11090	16.7875	9.76641
11085	16.8162	9.78308
11079	16.8448	9.79975
11072	16.8735	9.81641
11065	16.9021	9.83308
11057	16.9308	9.84975
11050	16.9594	9.86641
11044	16.9881	9.88308
11036	17.0167	9.89975
11029	17.0454	9.91641
11021	17.074	9.93308
11013	17.1026	9.94975
11010	17.1313	9.96641
11003	17.1599	9.98308
10997	17.1886	9.99974
10988	17.2172	10.0164
10981	17.2459	10.0331
10974	17.2745	10.0497
10969	17.3032	10.0664
10961	17.3318	10.0831
10955	17.3605	10.0997
10947	17.3891	10.1164
10936	17.4178	10.1331
10930	17.4464	10.1497
10922	17.4751	10.1664
10915	17.5037	10.1831
10909	17.5324	10.1997
10900	17.561	10.2164
10891	17.5897	10.2331
10884	17.6183	10.2497
10876	17.647	10.2664
10868	17.6756	10.2831
10860	17.7042	10.2997
10851	17.7329	10.3164
10842	17.7615	10.3331
10833	17.7902	10.3497
10824	17.8188	10.3664
10819	17.8475	10.3831
10808	17.8761	10.3997
10801	17.9048	10.4164
10796	17.9334	10.4331
10792	17.9621	10.4497
10786	17.9907	10.4664
10779	18.0194	10.4831
10770	18.048	10.4997
10763	18.0767	10.5164
10753	18.1053	10.5331
10745	18.134	10.5497
10734	18.1626	10.5664
10723	18.1913	10.5831
10713	18.2199	10.5997
10704	18.2485	10.6164
10699	18.2772	10.6331
10692	18.3058	10.6497
10688	18.3345	10.6664
10679	18.3631	10.6831
10668	18.3918	10.6997
10662	18.4204	10.7164
10657	18.4491	10.7331
10652	18.4777	10.7497
10644	18.5064	10.7664
10633	18.535	10.7831
10624	18.5637	10.7997
10617	18.5923	10.8164
10609	18.621	10.8331
10601	18.6496	10.8497
10593	18.6783	10.8664
10587	18.7069	10.8831
10580	18.7356	10.8997
10572	18.7642	10.9164
10565	18.7929	10.9331
10556	18.8215	10.9497
10548	18.8501	10.9664
10539	18.8788	10.9831
10531	18.9074	10.9997
10524	18.9361	11.0164
10516	18.9647	11.0331
10510	18.9934	11.0497
10501	19.022	11.0664
10494	19.0507	11.0831
10486	19.0793	11.0997
10478	19.108	11.1164
10470	19.1366	11.1331
10464	19.1653	11.1497
10456	19.1939	11.1664
10450	19.2226	11.1831
10442	19.2512	11.1997
10434	19.2799	11.2164
10426	19.3085	11.2331
10418	19.3372	11.2497
10409	19.3658	11.2664
10403	19.3944	11.2831
10396	19.4231	11.2997
10389	19.4517	11.3164
10381	19.4804	11.3331
10373	19.509	11.3497
10364	19.5377	11.3664
10354	19.5663	11.3831
10347	19.595	11.3997
10339	19.6236	11.4164
10333	19.6523	11.4331
10326	19.6809	11.4497
10320	19.7096	11.4664
10314	19.7382	11.4831
10308	19.7669	11.4997
10299	19.7955	11.5164
10289	19.8242	11.5331
10282	19.8528	11.5497
10272	19.8815	11.5664
10262	19.9101	11.5831
10254	19.9387	11.5997
10242	19.9674	11.6164
10231	19.9674	11.6331
10222	19.9674	11.6497
10210	19.9674	11.6664
10203	19.9674	11.6831
10194	19.9674	11.6997
10185	19.9674	11.7164
10178	19.9674	11.7331
10170	19.9674	11.7497
10161	19.9674	11.7664
10153	19.9674	11.7831
10142	19.9674	11.7997
10132	19.9674	11.8164
10125	19.9674	11.833
10116	19.9674	11.8497
10105	19.9674	11.8664
10098	19.9674	11.883
10088	19.9674	11.8997
10077	19.9674	11.9164
10065	19.9674	11.933
10055	19.9674	11.9497
10042	19.9674	11.9664
10036	19.9674	11.983
10026	19.9674	11.9997
10014	19.9674	12.0164
10006	19.9674	12.033
9999	19.9674	12.0497
9989	19.9674	12.0664
9980	19.9674	12.083
9970	19.9674	12.0997
9958	19.9674	12.1164
9950	19.9674	12.133
9938	19.9674	12.1497
9928	19.9674	12.1664
9918	19.9674	12.183
9909	19.9674	12.1997
9899	19.9674	12.2164
9890	19.9674	12.233
9879	19.9674	12.2497
9868	19.9674	12.2664
9856	19.9674	12.283
9846	19.9674	12.2997
9837	19.9674	12.3164
9825	19.9674	12.333
9813	19.9674	12.3497
9801	19.9674	12.3664
9792	19.9674	12.383
9782	19.9674	12.3997
9770	19.9674	12.4164
9758	19.9674	12.433
9748	19.9674	12.4497
9734	19.9674	12.4664
9722	19.9674	12.483
9710	19.9674	12.4997
9699	19.9674	12.5164
9688	19.9674	12.533
9676	19.9674	12.5497
9668	19.9674	12.5664
9654	19.9674	12.583
9643	19.9674	12.5997
9633	19.9674	12.6164
9622	19.9674	12.633
9610	19.9674	12.6497
9598	19.9674	12.6664
9590	19.9674	12.683
9578	19.9674	12.6997
9567	19.9674	12.7164
9555	19.9674	12.733
9546	19.9674	12.7497
9534	19.9674	12.7664
9526	19.9674	12.783
9510	19.9674	12.7997
9501	19.9674	12.8164
9489	19.9674	12.833
9481	19.9674	12.8497
9467	19.9674	12.8664
9455	19.9674	12.883
9446	19.9674	12.8997
9435	19.9674	12.9164
9423	19.9674	12.933
9411	19.9674	12.9497
9399	19.9674	12.9664
9386	19.9674	12.983
9373	19.9674	12.9997
9359	19.9674	13.0164
9349	19.9674	13.033
9338	19.9387	13.0497
9325	19.9101	13.0664
9315	19.8815	13.083
9305	19.8528	13.0997
9293	19.8242	13.1164
9282	19.7955	13.133
9271	19.7669	13.1497
9260	19.7382	13.1664
9248	19.7096	13.183
9238	19.6809	13.1997
9228	19.6523	13.2164
9216	19.6236	13.233
9205	19.595	13.2497
9194	19.5663	13.2664
9185	19.5377	13.283
9174	19.509	13.2997
9165	19.4804	13.3164
9154	19.4517	13.333
9144	19.4231	13.3497
9132	19.3944	13.3664
9122	19.3658	13.383
9109	19.3372	13.3997
9100	19.3085	13.4164
9086	19.2799	13.433
9074	19.2512	13.4497
9061	19.2226	13.4664
9049	19.1939	13.483
9039	19.1653	13.4997
9027	19.1366	13.5164
9017	19.108	13.533
9007	19.0793	13.5497
8995	19.0507	13.5664
8984	19.022	13.583
8975	18.9934	13.5997
8966	18.9647	13.6164
8955	18.9361	13.633
8947	18.9074	13.6497
8936	18.8788	13.6664
8926	18.8501	13.683
8914	18.8215	13.6997
8903	18.7929	13.7164
8892	18.7642	13.733
8877	18.7356	13.7497
8863	18.7069	13.7664
8854	18.6783	13.783
8843	18.6496	13.7997
8834	18.621	13.8164
8824	18.5923	13.833
8814	18.5637	13.8497
8804	18.535	13.8664
8794	18.5064	13.883
8782	18.4777	13.8997
8771	18.4491	13.9164
8761	18.4204	13.933
8752	18.3918	13.9497
8741	18.3631	13.9664
8733	18.3345	13.983
8723	18.3058	13.9997
8711	18.2772	14.0163
8698	18.2485	14.033
8689	18.2199	14.0497
8681	18.1913	14.0663
8672	18.1626	14.083
8664	18.134	14.0997
8654	18.1053	14.1163
8645	18.0767	14.133
8633	18.048	14.1497
8621	18.0194	14.1663
8614	17.9907	14.183
8600	17.9621	14.1997
8594	17.9334	14.2163
8585	17.9048	14.233
8574	17.8761	14.2497
8566	17.8475	14.2663
8558	17.8188	14.283
8548	17.7902	14.2997
8542	17.7615	14.3163
8532	17.7329	14.333
8524	17.7042	14.3497
8516	17.6756	14.3663
8506	17.647	14.383
8495	17.6183	14.3997
8487	17.5897	14.4163
8477	17.561	14.433
8469	17.5324	14.4497
8456	17.5037	14.4663
8447	17.4751	14.483
8436	17.4464	14.4997
8427	17.4178	14.5163
8418	17.3891	14.533
8406	17.3605	14.5497
8397	17.3318	14.5663
8387	17.3032	14.583
8379	17.2745	14.5997
8372	17.2459	14.6163
8363	17.2172	14.633
8354	17.1886	14.6497
8347	17.1599	14.6663
8338	17.1313	14.683
8329	17.1026	14.6997
8320	17.074	14.7163
8310	17.0454	14.733
8303	17.0167	14.7497
8293	16.9881	14.7663
8285	16.9594	14.783
8280	16.9308	14.7997
8270	16.9021	14.8163
8263	16.8735	14.833
8255	16.8448	14.8497
8248	16.8162	14.8663
8238	16.7875	14.883
8230	16.7589	14.8997
8224	16.7302	14.9163
8216	16.7016	14.933
8207	16.6729	14.9497
8199	16.6443	14.9663
8191	16.6156	14.983
8184	16.587	14.9997
8177	16.5583	15.0163
8167	16.5297	15.033
8158	16.5011	15.0497
8150	16.4724	15.0663
8143	16.4438	15.083
8134	16.4151	15.0997
8127	16.3865	15.1163
8119	16.3578	15.133
8113	16.3292	15.1497
8103	16.3005	15.1663
8097	16.2719	15.183
8090	16.2432	15.1997
8083	16.2146	15.2163
8077	16.1859	15.233
8069	16.1573	15.2497
8064	16.1286	15.2663
8057	16.1	15.283
8053	16.0713	15.2997
8045	16.0427	15.3163
8039	16.014	15.333
8032	15.9854	15.3497
8024	15.9567	15.3663
8018	15.9281	15.383
8012	15.8995	15.3997
8005	15.8708	15.4163
7999	15.8422	15.433
7992	15.8135	15.4497
7985	15.7849	15.4663
7977	15.7562	15.483
7973	15.7276	15.4997
7967	15.6989	15.5163
7959	15.6703	15.533
7954	15.6416	15.5497
7946	15.613	15.5663
7937	15.5843	15.583
7929	15.5557	15.5997
7922	15.527	15.6163
7914	15.4984	15.633
7907	15.4697	15.6497
7902	15.4411	15.6663
7893	15.4124	15.683
7888	15.3838	15.6997
7881	15.3552	15.7163
7876	15.3265	15.733
7870	15.2979	15.7497
7864	15.2692	15.7663
7857	15.2406	15.783
7851	15.2119	15.7997
7847	15.1833	15.8163
7838	15.1546	15.833
7834	15.126	15.8497
7827	15.0973	15.8663
7820	15.0687	15.883
7815	15.04	15.8997
7810	15.0114	15.9163
7804	14.9827	15.933
7796	14.9541	15.9497
7788	14.9254	15.9663
7788	14.8968	15.983
7779	14.8681	15.9997
7773	14.8395	16.0163
7767	14.8109	16.033
7759	14.7822	16.0497
7753	14.7536	16.0663
7746	14.7249	16.083
7742	14.6963	16.0997
7735	14.6676	16.1163
7729	14.639	16.133
7723	14.6103	16.1497
7721	14.5817	16.1663
7717	14.553	16.183
7712	14.5244	16.1996
7708	14.4957	16.2163
7701	14.4671	16.233
7692	14.4384	16.2496
7688	14.4098	16.2663
7685	14.3811	16.283
7681	14.3525	16.2996
7673	14.3238	16.3163
7668	14.2952	16.333
7664	14.2665	16.3496
7660	14.2379	16.3663
7651	14.2093	16.383
7647	14.1806	16.3996
7642	14.152	16.4163
7639	14.1233	16.433
7635	14.0947	16.4496
7628	14.066	16.4663
7623	14.0374	16.483
7616	14.0087	16.4996
7611	13.9801	16.5163
7608	13.9514	16.533
7598	13.9228	16.5496
7594	13.8941	16.5663
7594	13.8655	16.583
7587	13.8368	16.5996
7584	13.8082	16.6163
7584	13.7795	16.633
7584	13.7509	16.6496
7577	13.7222	16.6663
7572	13.6936	16.683
7565	13.665	16.6996
7558	13.6363	16.7163
7555	13.6077	16.733
7553	13.579	16.7496
7550	13.5504	16.7663
7545	13.5217	16.783
7537	13.4931	16.7996
7532	13.4644	16.8163
7532	13.4358	16.833
7532	13.4071	16.8496
7524	13.3785	16.8663
7520	13.3498	16.883
7517	13.3212	16.8996
7508	13.2925	16.9163
7508	13.2639	16.933
7508	13.2352	16.9496
7503	13.2066	16.9663
7496	13.1779	16.983
7496	13.1493	16.9996
7496	13.1206	17.0163
7496	13.092	17.033
7484	13.0634	17.0496
7479	13.0347	17.0663
7478	13.0061	17.083
7468	12.9774	17.0996
7468	12.9488	17.1163
7468	12.9201	17.133
7468	12.8915	17.1496
7460	12.8628	17.1663
7459	12.8342	17.183
7457	12.8055	17.1996
7456	12.7769	17.2163
7448	12.7482	17.233
7445	12.7196	17.2496
7445	12.6909	17.2663
7445	12.6623	17.283
7445	12.6336	17.2996
7445	12.605	17.3163
7434	12.5763	17.333
7428	12.5477	17.3496
7428	12.5191	17.3663
7427	12.4904	17.383
7420	12.4618	17.3996
7416	12.4331	17.4163
7414	12.4045	17.433
7414	12.3758	17.4496
7414	12.3472	17.4663
7414	12.3185	17.483
7411	12.2899	17.4996
7411	12.2612	17.5163
7406	12.2326	17.533
7402	12.2039	17.5496
7402	12.1753	17.5663
7401	12.1466	17.583
7401	12.118	17.5996
7394	12.0893	17.6163
7391	12.0607	17.633
7385	12.032	17.6496
7385	12.0034	17.6663
7385	11.9747	17.683
7385	11.9461	17.6996
7385	11.9175	17.7163
7385	11.8888	17.733
7376	11.8602	17.7496
7372	11.8315	17.7663
7372	11.8029	17.783
7372	11.7742	17.7996
7369	11.7456	17.8163
7367	11.7169	17.833
7367	11.6883	17.8496
7367	11.6596	17.8663
7367	11.631	17.883
7366	11.6023	17.8996
7351	11.5737	17.9163
7351	11.545	17.933
7351	11.5164	17.9496
7351	11.4877	17.9663
7351	11.4591	17.983
7351	11.4304	17.9996
7351	11.4018	18.0163
7351	11.3732	18.033
7351	11.3445	18.0496
7351	11.3159	18.0663
7351	11.2872	18.083
7345	11.2586	18.0996
7341	11.2299	18.1163
7341	11.2013	18.133
7341	11.1726	18.1496
7341	11.144	18.1663
7341	11.1153	18.183
7341	11.0867	18.1996
7341	11.058	18.2163
7335	11.0294	18.233
7323	11.0007	18.2496
7323	10.9721	18.2663
7323	10.9434	18.283
7323	10.9148	18.2996
7323	10.8861	18.3163
7321	10.8575	18.333
7318	10.8289	18.3496
7318	10.8002	18.3663
7318	10.7716	18.3829
7318	10.7429	18.3996
7313	10.7143	18.4163
7311	10.6856	18.4329
7311	10.657	18.4496
7311	10.6283	18.4663
7305	10.5997	18.4829
7299	10.571	18.4996
7299	10.5424	18.5163
7299	10.5137	18.5329
7299	10.4851	18.5496
7299	10.4564	18.5663
7299	10.4278	18.5829
7296	10.3991	18.5996
7294	10.3705	18.6163
7294	10.3418	18.6329
7294	10.3132	18.6496
7294	10.2845	18.6663
7294	10.2559	18.6829
7294	10.2273	18.6996
7294	10.1986	18.7163
7294	10.17	18.7329
7292	10.1413	18.7496
7289	10.1127	18.7663
7287	10.084	18.7829
7287	10.0554	18.7996
7287	10.0267	18.8163
7287	9.99807	18.8329
7287	9.96943	18.8496
7287	9.94078	18.8663
7287	9.91213	18.8829
7287	9.88348	18.8996
7287	9.85484	18.9163
7287	9.82619	18.9329
7287	9.79754	18.9496
7285	9.76889	18.9663
7281	9.74025	18.9829
7280	9.7116	18.9996
7280	9.68295	19.0163
7280	9.6543	19.0329
7280	9.62566	19.0496
7280	9.59701	19.0663
7280	9.56836	19.0829
7280	9.53971	19.0996
7280	9.51107	19.1163
7280	9.48242	19.1329
7280	9.45377	19.1496
7280	9.42512	19.1663
7280	9.39648	19.1829
7280	9.36783	19.1996
7279	9.33918	19.2163
7277	9.31053	19.2329
7274	9.28189	19.2496
7274	9.25324	19.2663
7274	9.22459	19.2829
7274	9.19594	19.2996
7274	9.1673	19.3163
7274	9.13865	19.3329
7274	9.11	19.3496
7273	9.08135	19.3663
7273	9.05271	19.3829
7273	9.02406	19.3996
7273	8.99541	19.4163
7273	8.96676	19.4329
7272	8.93812	19.4496
7272	8.90947	19.4663
7272	8.88082	19.4829
7272	8.85217	19.4996
7271	8.82353	19.5163
7271	8.79488	19.5329
7271	8.76623	19.5496
7271	8.73758	19.5663
7271	8.70894	19.5829
7271	8.68029	19.5996
7271	8.65164	19.6163
7271	8.62299	19.6329
7271	8.59435	19.6496
7271	8.5657	19.6663
7271	8.53705	19.6829
7271	8.5084	19.6996
7271	8.47976	19.7163
7271	8.45111	19.7329
7271	8.42246	19.7496
7271	8.39381	19.7663
7271	8.36517	19.7829
7271	8.33652	19.7996
7271	8.30787	19.8163
7271	8.27922	19.8329
7271	8.25058	19.8496
7271	8.22193	19.8663
7271	8.19328	19.8829
7271	8.16463	19.8996
7271	8.13599	19.9163
7271	8.10734	19.9329
7271	8.07869	19.9496
7271	8.05005	19.9663
7271	8.0214	19.9829
7271	7.99275	19.9996
7271	7.9641	20.0163
7271	7.93545	20.0329
7271	7.90681	20.0496
7271	7.87816	20.0663
7271	7.84951	20.0829
7271	7.82086	20.0996
7271	7.79222	20.1163
7271	7.76357	20.1329
7271	7.73492	20.1496
7271	7.70627	20.1663
7271	7.67763	20.1829
7271	7.64898	20.1996
7271	7.62033	20.2163
7271	7.59168	20.2329
7271	7.56304	20.2496
7271	7.53439	20.2663
7271	7.50574	20.2829
7271	7.4771	20.2996
7271	7.44845	20.3163
7271	7.4198	20.3329
7271	7.39115	20.3496
7271	7.3625	20.3663
7271	7.33386	20.3829
7271	7.30521	20.3996
7271	7.27656	20.4163
7271	7.24792	20.4329
7271	7.21927	20.4496
7271	7.19062	20.4663
7271	7.16197	20.4829
7271	7.13332	20.4996
7271	7.10468	20.5163
7271	7.07603	20.5329
7271	7.04738	20.5496
7271	7.01873	20.5662
7271	6.99009	20.5829
7271	6.96144	20.5996
7271	6.93279	20.6162
7271	6.90414	20.6329
7271	6.87549	20.6496
7271	6.84685	20.6662
7271	6.8182	20.6829
7271	6.78955	20.6996
7271	6.7609	20.7162
7271	6.73225	20.7329
7271	6.70361	20.7496
7271	6.67496	20.7662
7271	6.64631	20.7829
7271	6.61766	20.7996
7271	6.58901	20.8162
7271	6.56037	20.8329
7271	6.53172	20.8496
7271	6.50307	20.8662
7271	6.47442	20.8829
7271	6.44578	20.8996
7271	6.41713	20.9162
7271	6.38848	20.9329
7271	6.35983	20.9496
7271	6.33118	20.9662
7271	6.30254	20.9829
7271	6.27389	20.9996
7271	6.24524	21.0162
7271	6.21659	21.0329
7271	6.18794	21.0496
7271	6.1593	21.0662
7271	6.13065	21.0829
7271	6.102	21.0996
7271	6.07335	21.1162
7271	6.0447	21.1329
7271	6.01606	21.1496
7271	5.98741	21.1662
7271	5.95876	21.1829
7271	5.93011	21.1996
7271	5.90146	21.2162
7271	5.87282	21.2329
7271	5.84417	21.2496
7271	5.81552	21.2662
7271	5.78687	21.2829
7271	5.75823	21.2996
7271	5.72958	21.3162
7271	5.70093	21.3329
7271	5.67228	21.3496
7271	5.64363	21.3662
7270	5.61499	21.3829
7270	5.58634	21.3996
7270	5.55769	21.4162
7270	5.52904	21.4329
7270	5.50039	21.4496
7270	5.47175	21.4662
7270	5.4431	21.4829
7270	5.41445	21.4996
7270	5.3858	21.5162
7270	5.35715	21.5329
7270	5.32851	21.5496
7270	5.29986	21.5662
7270	5.27121	21.5829
7270	5.24256	21.5996
7270	5.21391	21.6162
7270	5.18527	21.6329
7270	5.15662	21.6496
7270	5.12797	21.6662
7270	5.09932	21.6829
7270	5.07068	21.6996
7270	5.04203	21.7162
7270	5.01338	21.7329
7270	4.98473	21.7496
7270	4.95608	21.7662
7270	4.92744	21.7829
7270	4.89879	21.7996
7270	4.87014	21.8162
7270	4.84149	21.8329
7270	4.81284	21.8496
7270	4.7842	21.8662
7270	4.75555	21.8829
7270	4.7269	21.8996
7270	4.69825	21.9162
7270	4.6696	21.9329
7270	4.64096	21.9496
7270	4.61231	21.9662
7270	4.58366	21.9829
7270	4.55501	21.9996
7270	4.52637	22.0162
7270	4.49772	22.0329
7270	4.46907	22.0496
7270	4.44042	22.0662
7270	4.41177	22.0829
7270	4.38313	22.0996
7270	4.35448	22.1162
7270	4.32583	22.1329
7270	4.29718	22.1496
7270	4.26853	22.1662
7270	4.23989	22.1829
7270	4.21124	22.1996
7270	4.18259	22.2162
7270	4.15394	22.2329
7270	4.12529	22.2496
7270	4.09665	22.2662
7270	4.068	22.2829
7270	4.03935	22.2996
7270	4.0107	22.3162
7270	3.98205	22.3329
7270	3.95341	22.3496
7270	3.92476	22.3662
7270	3.89611	22.3829
7270	3.86746	22.3996
7270	3.83882	22.4162
7270	3.81017	22.4329
7270	3.78152	22.4496
7270	3.75287	22.4662
7270	3.72422	22.4829
7270	3.69558	22.4996
7270	3.66693	22.5162
7270	3.63828	22.5329
7270	3.60963	22.5496
7270	3.58098	22.5662
7270	3.55234	22.5829
7270	3.52369	22.5996
7270	3.49504	22.6162
7270	3.46639	22.6329
7270	3.43774	22.6496
7270	3.4091	22.6662
7270	3.38045	22.6829
7270	3.3518	22.6996
7270	3.32315	22.7162
7270	3.29451	22.7329
7270	3.26586	22.7495
7270	3.23721	22.7662
7270	3.20856	22.7829
7270	3.17991	22.7995
7270	3.15127	22.8162
7270	3.12262	22.8329
7270	3.09397	22.8495
7270	3.06532	22.8662
7270	3.03667	22.8829
7270	3.00803	22.8995
7270	2.97938	22.9162
7270	2.95073	22.9329
7270	2.92208	22.9495
7270	2.89343	22.9662
7270	2.86479	22.9829
7270	2.83614	22.9995
7270	2.80749	23.0162
7270	2.77884	23.0329
7270	2.7502	23.0495
7270	2.72155	23.0662
7270	2.6929	23.0829
7270	2.66425	23.0995
7270	2.6356	23.1162
7270	2.60696	23.1329
7270	2.57831	23.1495
7270	2.54966	23.1662
7270	2.52101	23.1829
7270	2.49236	23.1995
7270	2.46372	23.2162
7270	2.43507	23.2329
7270	2.40642	23.2495
7270	2.37777	23.2662
7270	2.34912	23.2829
7270	2.32048	23.2995
7270	2.29183	23.3162
7270	2.26318	23.3329
7270	2.23453	23.3495
7270	2.20588	23.3662
7270	2.17724	23.3829
7270	2.14859	23.3995
7270	2.11994	23.4162
7270	2.09129	23.4329
7270	2.06265	23.4495
7270	2.034	23.4662
7270	2.00535	23.4829
7270	1.9767	23.4995
7270	1.94805	23.5162
7270	1.91941	23.5329
7270	1.89076	23.5495
7270	1.86211	23.5662
7270	1.83346	23.5829
7270	1.80481	23.5995
7270	1.77617	23.6162
7270	1.74752	23.6329
7270	1.71887	23.6495
7270	1.69022	23.6662
7270	1.66157	23.6829
7270	1.63293	23.6995
7270	1.60428	23.7162
7270	1.57563	23.7329
7270	1.54698	23.7495
7270	1.51834	23.7662
7270	1.48969	23.7829
7270	1.46104	23.7995
7270	1.43239	23.8162
7270	1.40374	23.8329
7270	1.3751	23.8495
7270	1.34645	23.8662
7270	1.3178	23.8829
7270	1.28915	23.8995
7270	1.26051	23.9162
7270	1.23186	23.9329
7270	1.20321	23.9495
7270	1.17456	23.9662
7270	1.14591	23.9829
7270	1.11727	23.9995
7270	1.08862	24.0162
7270	1.05997	24.0329
7270	1.03132	24.0495
7270	1.00268	24.0662
7270	0.974028	24.0829
7270	0.94538	24.0995
7270	0.916732	24.1162
7270	0.888084	24.1329
7270	0.859436	24.1495
7270	0.830789	24.1662
7270	0.802141	24.1829
7270	0.773493	24.1995
7270	0.744845	24.2162
7270	0.716197	24.2329
7270	0.687549	24.2495
7270	0.658901	24.2662
7270	0.630254	24.2829
7270	0.601606	24.2995
7270	0.572958	24.3162
7270	0.54431	24.3329
7270	0.515662	24.3495
7270	0.487014	24.3662
7270	0.458366	24.3829
7270	0.429719	24.3995
7270	0.401071	24.4162
7270	0.372423	24.4329
7270	0.343775	24.4495
7270	0.315127	24.4662
7270	0.286479	24.4829
7270	0.257831	24.4995
7270	0.229184	24.5162
7270	0.200536	24.5329
7270	0.171888	24.5495
7270	0.14324	24.5662
7270	0.114592	24.5829
7270	0.0859443	24.5995
7270	0.0572965	24.6162
7270	0.0286486	24.6329
7270	7.53721e-07	24.6495
7270	-0.0286471	24.6662
