14684 14697 0.000927901 0.0144863
14684 14697 0.000927901 0.0311527
14684 14697 0.000927901 0.0478191
14684 14697 0.000927901 0.0644855
14683 14697 0.000927901 0.081152
14682 14697 0.000927901 0.0978184
14682 14697 0.000927901 0.114485
14682 14697 0.000927901 0.131151
14682 14697 0.000927901 0.147818
14682 14697 0.000927901 0.164484
14682 14697 0.000927901 0.18115
14682 14697 0.000927901 0.197817
14682 14697 0.000927901 0.214483
14682 14697 0.000927901 0.23115
14682 14697 0.000927901 0.247816
14682 14697 0.000927901 0.264482
14682 14697 0.000927901 0.281149
14682 14697 0.000927901 0.297815
14682 14697 0.000927901 0.314482
14682 14697 0.000927901 0.331148
14682 14697 0.000927901 0.347815
14682 14697 0.000927901 0.364481
14682 14697 0.000927901 0.381147
14682 14697 0.000927901 0.397814
14682 14697 0.000927901 0.41448
14682 14697 0.000927901 0.431147
14682 14697 0.000927901 0.447813
14681 14697 0.0018558 0.464479
14681 14697 0.0027837 0.481146
14681 14697 0.0037116 0.497812
14681 14697 0.00463951 0.514479
14681 14697 0.00556741 0.531145
14681 14697 0.00649531 0.547812
14681 14697 0.00742321 0.564478
14680 14697 0.00835111 0.581144
14680 14697 0.00927901 0.597811
14680 14697 0.0102069 0.614477
14680 14697 0.0111348 0.631144
14679 14697 0.0120627 0.64781
14678 14697 0.0129906 0.664476
14678 14697 0.0139185 0.681143
14677 14697 0.0148464 0.697809
14677 14697 0.0157743 0.714476
14675 14697 0.0167022 0.731142
14674 14697 0.0176301 0.747808
14672 14697 0.018558 0.764475
14672 14697 0.0194859 0.781141
14672 14697 0.0204138 0.797808
14672 14697 0.0213417 0.814474
14672 14697 0.0222696 0.831141
14670 14697 0.0231975 0.847807
14670 14697 0.0241254 0.864473
14670 14697 0.0250533 0.88114
14670 14697 0.0259812 0.897806
14670 14697 0.0269091 0.914473
14670 14697 0.027837 0.931139
14669 14697 0.0287649 0.947805
14669 14697 0.0296928 0.964472
14669 14697 0.0306207 0.981138
14668 14697 0.0315486 0.997805
14668 14697 0.0324765 1.01447
14668 14697 0.0334044 1.03114
14668 14697 0.0343323 1.0478
14667 14697 0.0352602 1.06447
14667 14697 0.0361881 1.08114
14667 14697 0.0371161 1.0978
14666 14697 0.038044 1.11447
14665 14697 0.0389719 1.13114
14664 14697 0.0398998 1.1478
14664 14697 0.0408277 1.16447
14664 14697 0.0417556 1.18114
14664 14697 0.0426835 1.1978
14663 14697 0.0436114 1.21447
14663 14697 0.0445393 1.23113
14663 14697 0.0454672 1.2478
14663 14697 0.0463951 1.26447
14663 14697 0.047323 1.28113
14663 14697 0.0482509 1.2978
14663 14697 0.0491788 1.31447
14663 14697 0.0501067 1.33113
14663 14697 0.0510346 1.3478
14662 14697 0.0519625 1.36447
14662 14697 0.0528904 1.38113
14662 14697 0.0538183 1.3978
14662 14697 0.0547462 1.41446
14662 14697 0.0556741 1.43113
14662 14697 0.056602 1.4478
14661 14697 0.0575299 1.46446
14661 14697 0.0584578 1.48113
14661 14697 0.0593857 1.4978
14661 14697 0.0603136 1.51446
14661 14697 0.0612415 1.53113
14660 14697 0.0621694 1.5478
14660 14697 0.0630973 1.56446
14659 14697 0.0640252 1.58113
14658 14697 0.0649531 1.5978
14658 14697 0.065881 1.61446
14658 14697 0.0668089 1.63113
14658 14697 0.0677368 1.64779
14658 14697 0.0686647 1.66446
14658 14697 0.0695926 1.68113
14658 14697 0.0705206 1.69779
14654 14697 0.0714485 1.71446
14653 14697 0.0723764 1.73113
14653 14697 0.0733043 1.74779
14651 14697 0.0742322 1.76446
14651 14697 0.0751601 1.78113
14649 14697 0.076088 1.79779
14648 14697 0.0770159 1.81446
14648 14697 0.0779438 1.83113
14647 14697 0.0788717 1.84779
14647 14697 0.0797996 1.86446
14647 14697 0.0807275 1.88112
14645 14697 0.0816554 1.89779
14644 14697 0.0825833 1.91446
14643 14697 0.0835112 1.93112
14642 14697 0.0844391 1.94779
14641 14697 0.085367 1.96446
14639 14697 0.0862949 1.98112
14639 14697 0.0872228 1.99779
14639 14697 0.0881507 2.01446
14636 14697 0.0890786 2.03112
14634 14697 0.0900065 2.04779
14634 14697 0.0909344 2.06446
14633 14697 0.0918623 2.08112
14631 14697 0.0927902 2.09779
14630 14697 0.0937181 2.11445
14630 14697 0.094646 2.13112
14628 14697 0.0955739 2.14779
14628 14697 0.0965018 2.16445
14626 14697 0.0974297 2.18112
14624 14697 0.0983576 2.19779
14624 14697 0.0992855 2.21445
14621 14697 0.100213 2.23112
14619 14697 0.101141 2.24779
14619 14697 0.102069 2.26445
14619 14697 0.102997 2.28112
14614 14697 0.103925 2.29778
14613 14697 0.104853 2.31445
14612 14697 0.105781 2.33112
14612 14697 0.106709 2.34778
14611 14697 0.107637 2.36445
14608 14697 0.108565 2.38112
14605 14697 0.109492 2.39778
14601 14697 0.11042 2.41445
14601 14697 0.111348 2.43112
14600 14697 0.112276 2.44778
14598 14697 0.113204 2.46445
14598 14697 0.114132 2.48112
14597 14697 0.11506 2.49778
14594 14697 0.115988 2.51445
14591 14697 0.116916 2.53111
14588 14697 0.117844 2.54778
14585 14697 0.118771 2.56445
14583 14697 0.119699 2.58111
14579 14697 0.120627 2.59778
14578 14697 0.121555 2.61445
14576 14697 0.122483 2.63111
14573 14697 0.123411 2.64778
14569 14697 0.124339 2.66445
14569 14697 0.125267 2.68111
14569 14697 0.126195 2.69778
14563 14697 0.127123 2.71445
14558 14697 0.12805 2.73111
14554 14697 0.128978 2.74778
14552 14697 0.129906 2.76444
14549 14697 0.130834 2.78111
14546 14697 0.131762 2.79778
14545 14697 0.13269 2.81444
14541 14697 0.133618 2.83111
14536 14697 0.134546 2.84778
14533 14697 0.135474 2.86444
14529 14697 0.136402 2.88111
14527 14697 0.137329 2.89778
14524 14697 0.138257 2.91444
14522 14697 0.139185 2.93111
14516 14697 0.140113 2.94777
14515 14697 0.141041 2.96444
14509 14697 0.141969 2.98111
14503 14697 0.142897 2.99777
14501 14697 0.143825 3.01444
14499 14697 0.144753 3.03111
14493 14697 0.145681 3.04777
14489 14697 0.146608 3.06444
14483 14697 0.147536 3.08111
14481 14697 0.148464 3.09777
14480 14697 0.149392 3.11444
14475 14697 0.15032 3.13111
14474 14697 0.151248 3.14777
14472 14697 0.152176 3.16444
14470 14697 0.153104 3.1811
14465 14697 0.154032 3.19777
14463 14697 0.154959 3.21444
14462 14697 0.155887 3.2311
14460 14697 0.156815 3.24777
14457 14697 0.157743 3.26444
14454 14697 0.158671 3.2811
14449 14697 0.159599 3.29777
14447 14697 0.160527 3.31444
14444 14697 0.161455 3.3311
14441 14697 0.162383 3.34777
14436 14697 0.163311 3.36444
14435 14697 0.164238 3.3811
14432 14697 0.165166 3.39777
14425 14697 0.166094 3.41443
14423 14697 0.167022 3.4311
14420 14697 0.16795 3.44777
14413 14697 0.168878 3.46443
14412 14697 0.169806 3.4811
14410 14697 0.170734 3.49777
14406 14697 0.171662 3.51443
14399 14697 0.172589 3.5311
14395 14697 0.173517 3.54777
14391 14697 0.174445 3.56443
14390 14697 0.175373 3.5811
14388 14697 0.176301 3.59776
14382 14697 0.177229 3.61443
14378 14697 0.178157 3.6311
14375 14697 0.179085 3.64776
14374 14697 0.180013 3.66443
14366 14697 0.180941 3.6811
14364 14697 0.181868 3.69776
14362 14697 0.182796 3.71443
14358 14697 0.183724 3.7311
14356 14697 0.184652 3.74776
14355 14697 0.18558 3.76443
14347 14697 0.186508 3.7811
14346 14697 0.187436 3.79776
14344 14697 0.188364 3.81443
14338 14697 0.189292 3.83109
14333 14697 0.190219 3.84776
14331 14697 0.191147 3.86443
14327 14697 0.192075 3.88109
14327 14697 0.193003 3.89776
14323 14697 0.193931 3.91443
14320 14697 0.194859 3.93109
14318 14697 0.195787 3.94776
14312 14697 0.196715 3.96443
14308 14697 0.197643 3.98109
14306 14697 0.198571 3.99776
14302 14697 0.199498 4.01443
14301 14697 0.200426 4.03109
14295 14697 0.201354 4.04776
14292 14697 0.202282 4.06442
14288 14697 0.20321 4.08109
14285 14697 0.204138 4.09776
14280 14697 0.205066 4.11442
14276 14697 0.205994 4.13109
14272 14697 0.206922 4.14776
14268 14697 0.207849 4.16442
14265 14697 0.208777 4.18109
14259 14697 0.209705 4.19776
14257 14697 0.210633 4.21442
14253 14697 0.211561 4.23109
14250 14697 0.212489 4.24776
14248 14697 0.213417 4.26442
14243 14697 0.214345 4.28109
14241 14697 0.215273 4.29775
14235 14697 0.216201 4.31442
14233 14697 0.217128 4.33109
14231 14697 0.218056 4.34775
14226 14697 0.218984 4.36442
14223 14697 0.219912 4.38109
14220 14697 0.22084 4.39775
14214 14697 0.221768 4.41442
14210 14697 0.222696 4.43109
14204 14697 0.223624 4.44775
14200 14697 0.224552 4.46442
14195 14697 0.225479 4.48108
14192 14697 0.226407 4.49775
14187 14697 0.227335 4.51442
14182 14697 0.228263 4.53108
14178 14697 0.229191 4.54775
14175 14697 0.230119 4.56442
14169 14697 0.231047 4.58108
14166 14697 0.231975 4.59775
14161 14697 0.232903 4.61442
14157 14697 0.233831 4.63108
14153 14697 0.234758 4.64775
14151 14697 0.235686 4.66442
14145 14697 0.236614 4.68108
14140 14697 0.237542 4.69775
14134 14697 0.23847 4.71441
14133 14697 0.239398 4.73108
14129 14697 0.240326 4.74775
14126 14697 0.241254 4.76441
14121 14697 0.242182 4.78108
14116 14697 0.24311 4.79775
14111 14697 0.244037 4.81441
14109 14697 0.244965 4.83108
14104 14697 0.245893 4.84775
14102 14697 0.246821 4.86441
14098 14697 0.247749 4.88108
14096 14697 0.248677 4.89775
14092 14697 0.249605 4.91441
14086 14697 0.250533 4.93108
14083 14697 0.251461 4.94774
14077 14697 0.252388 4.96441
14075 14697 0.253316 4.98108
14067 14697 0.254244 4.99774
14065 14697 0.255172 5.01441
14063 14697 0.2561 5.03108
14056 14697 0.257028 5.04774
14053 14697 0.257956 5.06441
14048 14697 0.258884 5.08108
14044 14697 0.259812 5.09774
14036 14697 0.26074 5.11441
14033 14697 0.261667 5.13107
14028 14697 0.262595 5.14774
14026 14697 0.263523 5.16441
14023 14697 0.264451 5.18107
14018 14697 0.265379 5.19774
14012 14697 0.266307 5.21441
14009 14697 0.267235 5.23107
14006 14697 0.268163 5.24774
14002 14697 0.269091 5.26441
13998 14697 0.270018 5.28107
13993 14697 0.270946 5.29774
13990 14697 0.271874 5.31441
13986 14697 0.272802 5.33107
13983 14697 0.27373 5.34774
13980 14697 0.274658 5.3644
13975 14697 0.275586 5.38107
13971 14697 0.276514 5.39774
13965 14697 0.277442 5.4144
13961 14697 0.27837 5.43107
13959 14697 0.279297 5.44774
13953 14697 0.280225 5.4644
13950 14697 0.281153 5.48107
13945 14697 0.282081 5.49774
13942 14697 0.283009 5.5144
13941 14697 0.283937 5.53107
13936 14697 0.284865 5.54774
13931 14697 0.285793 5.5644
13929 14697 0.286721 5.58107
13924 14697 0.287648 5.59773
13919 14697 0.288576 5.6144
13917 14697 0.289504 5.63107
13912 14697 0.290432 5.64773
13905 14697 0.29136 5.6644
13901 14697 0.292288 5.68107
13900 14697 0.293216 5.69773
13896 14697 0.294144 5.7144
13888 14697 0.295072 5.73107
13886 14697 0.296 5.74773
13881 14697 0.296927 5.7644
13878 14697 0.297855 5.78106
13874 14697 0.298783 5.79773
13872 14697 0.299711 5.8144
13865 14697 0.300639 5.83106
13861 14697 0.301567 5.84773
13858 14697 0.302495 5.8644
13855 14697 0.303423 5.88106
13850 14697 0.304351 5.89773
13847 14697 0.305279 5.9144
13846 14697 0.306206 5.93106
13844 14697 0.307134 5.94773
13838 14697 0.308062 5.9644
13831 14697 0.30899 5.98106
13829 14697 0.309918 5.99773
13826 14697 0.310846 6.01439
13822 14697 0.311774 6.03106
13816 14697 0.312702 6.04773
13813 14697 0.31363 6.06439
13807 14697 0.314557 6.08106
13804 14697 0.315485 6.09773
13796 14697 0.316413 6.11439
13792 14697 0.317341 6.13106
13787 14697 0.318269 6.14773
13784 14697 0.319197 6.16439
13778 14697 0.320125 6.18106
13775 14697 0.321053 6.19773
13768 14697 0.321981 6.21439
13764 14697 0.322909 6.23106
13759 14697 0.323836 6.24772
13756 14697 0.324764 6.26439
13751 14697 0.325692 6.28106
13748 14697 0.32662 6.29772
13743 14697 0.327548 6.31439
13739 14697 0.328476 6.33106
13735 14697 0.329404 6.34772
13733 14697 0.330332 6.36439
13726 14697 0.33126 6.38106
13723 14697 0.332187 6.39772
13719 14697 0.333115 6.41439
13715 14697 0.334043 6.43106
13708 14697 0.334971 6.44772
13705 14697 0.335899 6.46439
13701 14697 0.336827 6.48105
13695 14697 0.337755 6.49772
13690 14697 0.338683 6.51439
13690 14697 0.339611 6.53105
13685 14697 0.340539 6.54772
13680 14697 0.341466 6.56439
13676 14697 0.342394 6.58105
13671 14697 0.343322 6.59772
13665 14697 0.34425 6.61439
13662 14697 0.345178 6.63105
13659 14697 0.346106 6.64772
13654 14697 0.347034 6.66438
13650 14697 0.347962 6.68105
13645 14697 0.34889 6.69772
13641 14697 0.349817 6.71438
13639 14697 0.350745 6.73105
13636 14697 0.351673 6.74772
13628 14697 0.352601 6.76438
13626 14697 0.353529 6.78105
13620 14697 0.354457 6.79772
13617 14697 0.355385 6.81438
13612 14697 0.356313 6.83105
13608 14697 0.357241 6.84772
13604 14697 0.358169 6.86438
13598 14697 0.359096 6.88105
13591 14697 0.360024 6.89771
13588 14697 0.360952 6.91438
13585 14697 0.36188 6.93105
13580 14697 0.362808 6.94771
13578 14697 0.363736 6.96438
13574 14697 0.364664 6.98105
13569 14697 0.365592 6.99771
13563 14697 0.36652 7.01438
13562 14697 0.367447 7.03105
13556 14697 0.368375 7.04771
13552 14697 0.369303 7.06438
13548 14697 0.370231 7.08105
13544 14697 0.371159 7.09771
13539 14697 0.372087 7.11438
13532 14697 0.373015 7.13104
13527 14697 0.373943 7.14771
13523 14697 0.374871 7.16438
13520 14697 0.375799 7.18104
13516 14697 0.376726 7.19771
13511 14697 0.377654 7.21438
13507 14697 0.378582 7.23104
13501 14697 0.37951 7.24771
13498 14697 0.380438 7.26438
13491 14697 0.381366 7.28104
13490 14697 0.382294 7.29771
13482 14697 0.383222 7.31437
13478 14697 0.38415 7.33104
13474 14697 0.385078 7.34771
13471 14697 0.386005 7.36437
13467 14697 0.386933 7.38104
13461 14697 0.387861 7.39771
13460 14697 0.388789 7.41437
13459 14697 0.389717 7.43104
13454 14697 0.390645 7.44771
13449 14697 0.391573 7.46437
13443 14697 0.392501 7.48104
13438 14697 0.393429 7.49771
13434 14697 0.394356 7.51437
13429 14697 0.395284 7.53104
13425 14697 0.396212 7.5477
13421 14697 0.39714 7.56437
13415 14697 0.398068 7.58104
13412 14697 0.398996 7.5977
13409 14697 0.399924 7.61437
13405 14697 0.400852 7.63104
13399 14697 0.40178 7.6477
13394 14697 0.402708 7.66437
13389 14697 0.403635 7.68104
13386 14697 0.404563 7.6977
13385 14697 0.405491 7.71437
13377 14697 0.406419 7.73104
13372 14697 0.407347 7.7477
13368 14697 0.408275 7.76437
13367 14697 0.409203 7.78103
13361 14697 0.410131 7.7977
13354 14697 0.411059 7.81437
13349 14697 0.411986 7.83103
13345 14697 0.412914 7.8477
13343 14697 0.413842 7.86437
13339 14697 0.41477 7.88103
13336 14697 0.415698 7.8977
13329 14697 0.416626 7.91437
13326 14697 0.417554 7.93103
13321 14697 0.418482 7.9477
13315 14697 0.41941 7.96437
13311 14697 0.420338 7.98103
13309 14697 0.421265 7.9977
13307 14697 0.422193 8.01436
13301 14697 0.423121 8.03103
13296 14697 0.424049 8.0477
13291 14697 0.424977 8.06436
13288 14697 0.425905 8.08103
13282 14697 0.426833 8.0977
13275 14697 0.427761 8.11436
13272 14697 0.428689 8.13103
13269 14697 0.429616 8.1477
13267 14697 0.430544 8.16436
13262 14697 0.431472 8.18103
13259 14697 0.4324 8.19769
13252 14697 0.433328 8.21436
13245 14697 0.434256 8.23103
13241 14697 0.435184 8.24769
13236 14697 0.436112 8.26436
13233 14697 0.43704 8.28103
13229 14697 0.437968 8.29769
13222 14697 0.438895 8.31436
13218 14697 0.439823 8.33103
13215 14697 0.440751 8.34769
13212 14697 0.441679 8.36436
13210 14697 0.442607 8.38103
13203 14697 0.443535 8.39769
13198 14697 0.444463 8.41436
13193 14697 0.445391 8.43102
13192 14697 0.446319 8.44769
13185 14697 0.447246 8.46436
13181 14697 0.448174 8.48102
13178 14697 0.449102 8.49769
13176 14697 0.45003 8.51436
13168 14697 0.450958 8.53102
13165 14697 0.451886 8.54769
13160 14697 0.452814 8.56436
13156 14697 0.453742 8.58102
13152 14697 0.45467 8.59769
13146 14697 0.455598 8.61436
13142 14697 0.456525 8.63102
13135 14697 0.457453 8.64769
13131 14697 0.458381 8.66435
13128 14697 0.459309 8.68102
13124 14697 0.460237 8.69769
13118 14697 0.461165 8.71435
13113 14697 0.462093 8.73102
13110 14697 0.463021 8.74769
13102 14697 0.463949 8.76435
13098 14697 0.464877 8.78102
13095 14697 0.465804 8.79769
13091 14697 0.466732 8.81435
13089 14697 0.46766 8.83102
13085 14697 0.468588 8.84768
13079 14697 0.469516 8.86435
13075 14697 0.470444 8.88102
13067 14697 0.471372 8.89768
13061 14697 0.4723 8.91435
13059 14697 0.473228 8.93102
13055 14697 0.474155 8.94768
13049 14697 0.475083 8.96435
13044 14697 0.476011 8.98102
13039 14697 0.476939 8.99768
13037 14697 0.477867 9.01435
13030 14697 0.478795 9.03102
13024 14697 0.479723 9.04768
13020 14697 0.480651 9.06435
13013 14697 0.481579 9.08101
13011 14697 0.482507 9.09768
13008 14697 0.483434 9.11435
13003 14697 0.484362 9.13101
12996 14697 0.48529 9.14768
12991 14697 0.486218 9.16435
12988 14697 0.487146 9.18101
12985 14697 0.488074 9.19768
12978 14697 0.489002 9.21435
12974 14697 0.48993 9.23101
12968 14697 0.490858 9.24768
12963 14697 0.491785 9.26435
12957 14697 0.492713 9.28101
12952 14697 0.493641 9.29768
12948 14697 0.494569 9.31434
12942 14697 0.495497 9.33101
12937 14697 0.496425 9.34768
12935 14697 0.497353 9.36434
12927 14697 0.498281 9.38101
12927 14697 0.499209 9.39768
12915 14697 0.500137 9.41434
12912 14697 0.501064 9.43101
12907 14697 0.501992 9.44768
12902 14697 0.50292 9.46434
12898 14697 0.503848 9.48101
12895 14697 0.504776 9.49767
12889 14697 0.505704 9.51434
12881 14697 0.506632 9.53101
12873 14697 0.50756 9.54767
12869 14697 0.508488 9.56434
12864 14697 0.509416 9.58101
12861 14697 0.510344 9.59767
12857 14697 0.511272 9.61434
12851 14697 0.5122 9.63101
12847 14697 0.513128 9.64767
12840 14697 0.514055 9.66434
12835 14697 0.514983 9.68101
12831 14697 0.515911 9.69767
12825 14697 0.516839 9.71434
12821 14697 0.517767 9.731
12817 14697 0.518695 9.74767
12813 14697 0.519623 9.76434
12806 14697 0.520551 9.781
12802 14697 0.521479 9.79767
12798 14697 0.522407 9.81434
12792 14697 0.523335 9.831
12788 14697 0.524263 9.84767
12778 14697 0.525191 9.86434
12774 14697 0.526118 9.881
12772 14697 0.527046 9.89767
12765 14697 0.527974 9.91434
12758 14697 0.528902 9.931
12757 14697 0.52983 9.94767
12751 14697 0.530758 9.96433
12742 14697 0.531686 9.981
12740 14697 0.532614 9.99767
12736 14697 0.533542 10.0143
12732 14697 0.53447 10.031
12725 14697 0.535398 10.0477
12718 14697 0.536326 10.0643
12716 14697 0.537254 10.081
12710 14697 0.538181 10.0977
12706 14697 0.539109 10.1143
12703 14697 0.540037 10.131
12698 14697 0.540965 10.1477
12692 14697 0.541893 10.1643
12686 14697 0.542821 10.181
12681 14697 0.543749 10.1977
12680 14697 0.544677 10.2143
12674 14697 0.545605 10.231
12670 14697 0.546533 10.2477
12666 14697 0.547461 10.2643
12662 14697 0.548389 10.281
12655 14697 0.549317 10.2977
12651 14697 0.550245 10.3143
12646 14697 0.551172 10.331
12643 14697 0.5521 10.3477
12637 14697 0.553028 10.3643
12631 14697 0.553956 10.381
12624 14697 0.554884 10.3977
12622 14697 0.555812 10.4143
12618 14697 0.55674 10.431
12614 14697 0.557668 10.4477
12607 14697 0.558596 10.4643
12602 14697 0.559524 10.481
12598 14697 0.560452 10.4977
12591 14697 0.56138 10.5143
12583 14697 0.562308 10.531
12581 14697 0.563235 10.5477
12576 14697 0.564163 10.5643
12572 14697 0.565091 10.581
12565 14697 0.566019 10.5977
12563 14697 0.566947 10.6143
12555 14697 0.567875 10.631
12549 14697 0.568803 10.6477
12545 14697 0.569731 10.6643
12539 14697 0.570659 10.681
12536 14697 0.571587 10.6977
12531 14697 0.572515 10.7143
12529 14697 0.573443 10.731
12521 14697 0.574371 10.7477
12517 14697 0.575298 10.7643
12509 14697 0.576226 10.781
12506 14697 0.577154 10.7977
12502 14697 0.578082 10.8143
12496 14697 0.57901 10.831
12492 14697 0.579938 10.8477
12486 14697 0.580866 10.8643
12479 14697 0.581794 10.881
12474 14697 0.582722 10.8977
12469 14697 0.58365 10.9143
12465 14697 0.584578 10.931
12457 14697 0.585506 10.9477
12453 14697 0.586434 10.9643
12448 14697 0.587362 10.981
12439 14697 0.588289 10.9977
12433 14697 0.589217 11.0143
12432 14697 0.590145 11.031
12427 14697 0.591073 11.0477
12421 14697 0.592001 11.0643
12415 14697 0.592929 11.081
12409 14697 0.593857 11.0977
12403 14697 0.594785 11.1143
12398 14697 0.595713 11.131
12393 14697 0.596641 11.1476
12386 14697 0.597569 11.1643
12382 14697 0.598497 11.181
12378 14697 0.599425 11.1976
12374 14697 0.600352 11.2143
12364 14697 0.60128 11.231
12362 14697 0.602208 11.2476
12356 14697 0.603136 11.2643
12351 14697 0.604064 11.281
12347 14697 0.604992 11.2976
12337 14697 0.60592 11.3143
12334 14697 0.606848 11.331
12328 14697 0.607776 11.3476
12321 14697 0.608704 11.3643
12313 14697 0.609632 11.381
12308 14697 0.61056 11.3976
12301 14697 0.611488 11.4143
12299 14697 0.612415 11.431
12295 14697 0.613343 11.4476
12289 14697 0.614271 11.4643
12282 14697 0.615199 11.481
12280 14697 0.616127 11.4976
12273 14697 0.617055 11.5143
12267 14697 0.617983 11.531
12262 14697 0.618911 11.5476
12258 14697 0.619839 11.5643
12253 14697 0.620767 11.581
12246 14697 0.621695 11.5976
12240 14697 0.622623 11.6143
12237 14697 0.623551 11.631
12229 14697 0.624479 11.6476
12224 14697 0.625406 11.6643
12216 14697 0.626334 11.681
12214 14697 0.627262 11.6976
12208 14697 0.62819 11.7143
12205 14697 0.629118 11.731
12197 14697 0.630046 11.7476
12195 14697 0.630974 11.7643
12188 14697 0.631902 11.781
12181 14697 0.63283 11.7976
12176 14697 0.633758 11.8143
12171 14697 0.634686 11.831
12166 14697 0.635614 11.8476
12160 14697 0.636542 11.8643
12154 14697 0.637469 11.881
12147 14697 0.638397 11.8976
12144 14697 0.639325 11.9143
12138 14697 0.640253 11.931
12131 14697 0.641181 11.9476
12128 14697 0.642109 11.9643
12124 14697 0.643037 11.981
12115 14697 0.643965 11.9976
12111 14697 0.644893 12.0143
12104 14697 0.645821 12.031
12099 14697 0.646749 12.0476
12095 14697 0.647677 12.0643
12089 14697 0.648605 12.081
12084 14697 0.649532 12.0976
12079 14697 0.65046 12.1143
12073 14697 0.651388 12.131
12068 14697 0.652316 12.1476
12062 14697 0.653244 12.1643
12056 14697 0.654172 12.181
12053 14697 0.6551 12.1976
12044 14697 0.656028 12.2143
12037 14697 0.656956 12.231
12031 14697 0.657884 12.2476
12027 14697 0.658812 12.2643
12020 14697 0.65974 12.281
12013 14697 0.660668 12.2976
12007 14697 0.661596 12.3143
12002 14697 0.662523 12.331
11998 14697 0.663451 12.3476
11990 14697 0.664379 12.3643
11984 14697 0.665307 12.381
11978 14697 0.666235 12.3976
11975 14697 0.667163 12.4143
11967 14697 0.668091 12.431
11962 14697 0.669019 12.4476
11956 14697 0.669947 12.4643
11952 14697 0.670875 12.481
11945 14697 0.671803 12.4976
11940 14697 0.672731 12.5143
11934 14697 0.673659 12.531
11926 14697 0.674586 12.5476
11922 14697 0.675514 12.5643
11916 14697 0.676442 12.581
11908 14697 0.67737 12.5976
11903 14697 0.678298 12.6143
11897 14697 0.679226 12.631
11890 14697 0.680154 12.6476
11885 14697 0.681082 12.6643
11880 14697 0.68201 12.681
11872 14697 0.682938 12.6976
11868 14697 0.683866 12.7143
11861 14697 0.684794 12.731
11857 14697 0.685722 12.7476
11853 14697 0.68665 12.7643
11844 14697 0.687577 12.781
11840 14697 0.688505 12.7976
11833 14697 0.689433 12.8143
11825 14697 0.690361 12.831
11819 14697 0.691289 12.8476
11814 14697 0.692217 12.8643
11808 14697 0.693145 12.881
11801 14697 0.694073 12.8976
11794 14697 0.695001 12.9143
11790 14697 0.695929 12.931
11785 14697 0.696857 12.9476
11778 14697 0.697785 12.9643
11768 14697 0.698713 12.981
11765 14697 0.69964 12.9976
11762 14697 0.700568 13.0143
11755 14697 0.701496 13.031
11749 14697 0.702424 13.0476
11745 14697 0.703352 13.0643
11739 14697 0.70428 13.081
11736 14697 0.705208 13.0976
11725 14697 0.706136 13.1143
11720 14697 0.707064 13.131
11716 14697 0.707992 13.1476
11709 14697 0.70892 13.1643
11702 14697 0.709848 13.181
11700 14697 0.710776 13.1976
11689 14697 0.711703 13.2143
11681 14697 0.712631 13.231
11678 14697 0.713559 13.2476
11671 14697 0.714487 13.2643
11666 14697 0.715415 13.281
11661 14697 0.716343 13.2976
11654 14697 0.717271 13.3143
11647 14697 0.718199 13.3309
11640 14697 0.719127 13.3476
11636 14697 0.720055 13.3643
11627 14697 0.720983 13.3809
11623 14697 0.721911 13.3976
11620 14697 0.722839 13.4143
11613 14697 0.723767 13.4309
11606 14697 0.724694 13.4476
11601 14697 0.725622 13.4643
11593 14697 0.72655 13.4809
11587 14697 0.727478 13.4976
11586 14697 0.728406 13.5143
11574 14697 0.729334 13.5309
11570 14697 0.730262 13.5476
11562 14697 0.73119 13.5643
11557 14697 0.732118 13.5809
11548 14697 0.733046 13.5976
11543 14697 0.733974 13.6143
11537 14697 0.734902 13.6309
11528 14697 0.73583 13.6476
11524 14697 0.736757 13.6643
11520 14697 0.737685 13.6809
11508 14697 0.738613 13.6976
11503 14697 0.739541 13.7143
11500 14697 0.740469 13.7309
11492 14697 0.741397 13.7476
11485 14697 0.742325 13.7643
11475 14697 0.743253 13.7809
11470 14697 0.744181 13.7976
11465 14697 0.745109 13.8143
11459 14697 0.746037 13.8309
11452 14697 0.746965 13.8476
11444 14697 0.747893 13.8643
11438 14697 0.74882 13.8809
11435 14697 0.749748 13.8976
11428 14697 0.750676 13.9143
11420 14697 0.751604 13.9309
11417 14697 0.752532 13.9476
11407 14697 0.75346 13.9643
11401 14697 0.754388 13.9809
11394 14697 0.755316 13.9976
11389 14697 0.756244 14.0143
11383 14697 0.757172 14.0309
11376 14697 0.7581 14.0476
11369 14697 0.759028 14.0643
11362 14697 0.759956 14.0809
11353 14697 0.760884 14.0976
11347 14697 0.761811 14.1143
11341 14697 0.762739 14.1309
11336 14697 0.763667 14.1476
11332 14697 0.764595 14.1643
11323 14697 0.765523 14.1809
11318 14697 0.766451 14.1976
11309 14697 0.767379 14.2143
11305 14697 0.768307 14.2309
11301 14697 0.769235 14.2476
11290 14697 0.770163 14.2643
11285 14697 0.771091 14.2809
11281 14697 0.772019 14.2976
11272 14697 0.772947 14.3143
11266 14697 0.773874 14.3309
11261 14697 0.774802 14.3476
11251 14697 0.77573 14.3643
11244 14697 0.776658 14.3809
11239 14697 0.777586 14.3976
11235 14697 0.778514 14.4143
11224 14697 0.779442 14.4309
11220 14697 0.78037 14.4476
11209 14697 0.781298 14.4643
11203 14697 0.782226 14.4809
11196 14697 0.783154 14.4976
11189 14697 0.784082 14.5143
11182 14697 0.78501 14.5309
11175 14697 0.785937 14.5476
11168 14697 0.786865 14.5643
11164 14697 0.787793 14.5809
11157 14697 0.788721 14.5976
11150 14697 0.789649 14.6143
11143 14697 0.790577 14.6309
11136 14697 0.791505 14.6476
11126 14697 0.792433 14.6643
11123 14697 0.793361 14.6809
11114 14697 0.794289 14.6976
11109 14697 0.795217 14.7143
11100 14697 0.796145 14.7309
11096 14697 0.797073 14.7476
11088 14697 0.798001 14.7643
11079 14697 0.798928 14.7809
11075 14697 0.799856 14.7976
11068 14697 0.800784 14.8143
11062 14697 0.801712 14.8309
11053 14697 0.80264 14.8476
11050 14697 0.803568 14.8643
11045 14697 0.804496 14.8809
11036 14697 0.805424 14.8976
11033 14697 0.806352 14.9143
11021 14697 0.80728 14.9309
11014 14697 0.808208 14.9476
11010 14697 0.809136 14.9643
11004 14697 0.810064 14.9809
10997 14697 0.810991 14.9976
10988 14697 0.811919 15.0143
10980 14697 0.812847 15.0309
10972 14697 0.813775 15.0476
10971 14697 0.814703 15.0643
10964 14697 0.815631 15.0809
10954 14697 0.816559 15.0976
10949 14697 0.817487 15.1143
10941 14697 0.818415 15.1309
10934 14697 0.819343 15.1476
10930 14697 0.820271 15.1643
10922 14697 0.821199 15.1809
10915 14697 0.822127 15.1976
10910 14697 0.823054 15.2143
10899 14697 0.823982 15.2309
10896 14697 0.82491 15.2476
10885 14697 0.825838 15.2643
10880 14697 0.826766 15.2809
10872 14697 0.827694 15.2976
10866 14697 0.828622 15.3143
10858 14697 0.82955 15.3309
10851 14697 0.830478 15.3476
10845 14697 0.831406 15.3643
10836 14697 0.832334 15.3809
10829 14697 0.833262 15.3976
10823 14697 0.83419 15.4143
10818 14697 0.835118 15.4309
10808 14697 0.836045 15.4476
10802 14697 0.836973 15.4643
10791 14697 0.837901 15.4809
10785 14697 0.838829 15.4976
10783 14697 0.839757 15.5142
10771 14697 0.840685 15.5309
10761 14697 0.841613 15.5476
10758 14697 0.842541 15.5642
10749 14697 0.843469 15.5809
10740 14697 0.844397 15.5976
10734 14697 0.845325 15.6142
10725 14697 0.846253 15.6309
10720 14697 0.847181 15.6476
10716 14697 0.848108 15.6642
10703 14697 0.849036 15.6809
10697 14697 0.849964 15.6976
10691 14697 0.850892 15.7142
10682 14697 0.85182 15.7309
10674 14697 0.852748 15.7476
10668 14697 0.853676 15.7642
10660 14697 0.854604 15.7809
10653 14697 0.855532 15.7976
10648 14697 0.85646 15.8142
10642 14697 0.857388 15.8309
10634 14697 0.858316 15.8476
10628 14697 0.859244 15.8642
10618 14697 0.860171 15.8809
10610 14697 0.861099 15.8976
10604 14697 0.862027 15.9142
10596 14697 0.862955 15.9309
10590 14697 0.863883 15.9476
10578 14697 0.864811 15.9642
10569 14697 0.865739 15.9809
10566 14697 0.866667 15.9976
10562 14697 0.867595 16.0142
10552 14697 0.868523 16.0309
10543 14697 0.869451 16.0476
10534 14697 0.870379 16.0642
10525 14697 0.871307 16.0809
10515 14697 0.872235 16.0976
10510 14697 0.873162 16.1142
10505 14697 0.87409 16.1309
10494 14697 0.875018 16.1476
10488 14697 0.875946 16.1642
10476 14697 0.876874 16.1809
10472 14697 0.877802 16.1976
10466 14697 0.87873 16.2142
10457 14697 0.879658 16.2309
10448 14697 0.880586 16.2476
10441 14697 0.881514 16.2642
10434 14697 0.882442 16.2809
10422 14697 0.88337 16.2976
10417 14697 0.884298 16.3142
10410 14697 0.885225 16.3309
10400 14697 0.886153 16.3476
10392 14697 0.887081 16.3642
10385 14697 0.888009 16.3809
10379 14697 0.888937 16.3976
10369 14697 0.889865 16.4142
10363 14697 0.890793 16.4309
10358 14697 0.891721 16.4476
10345 14697 0.892649 16.4642
10337 14697 0.893577 16.4809
10332 14697 0.894505 16.4976
10321 14697 0.895433 16.5142
10313 14697 0.896361 16.5309
10306 14697 0.897289 16.5476
10298 14697 0.898216 16.5642
10290 14697 0.899144 16.5809
10284 14697 0.900072 16.5976
10271 14697 0.901 16.6142
10267 14697 0.901928 16.6309
10261 14697 0.902856 16.6476
10252 14697 0.903784 16.6642
10244 14697 0.904712 16.6809
10237 14697 0.90564 16.6976
10231 14697 0.906568 16.7142
10219 14697 0.907496 16.7309
10212 14697 0.908424 16.7476
10207 14697 0.909352 16.7642
10198 14697 0.910279 16.7809
10187 14697 0.911207 16.7976
10181 14697 0.912135 16.8142
10172 14697 0.913063 16.8309
10165 14697 0.913991 16.8476
10155 14697 0.914919 16.8642
10147 14697 0.915847 16.8809
10141 14697 0.916775 16.8976
10131 14697 0.917703 16.9142
10126 14697 0.918631 16.9309
10116 14697 0.919559 16.9476
10104 14697 0.920487 16.9642
10100 14697 0.921415 16.9809
10091 14697 0.922342 16.9976
10082 14697 0.92327 17.0142
10075 14697 0.924198 17.0309
10067 14697 0.925126 17.0476
10059 14697 0.926054 17.0642
10050 14697 0.926982 17.0809
10043 14697 0.92791 17.0976
10034 14697 0.928838 17.1142
10025 14697 0.929766 17.1309
10017 14697 0.930694 17.1476
10009 14697 0.931622 17.1642
10001 14697 0.93255 17.1809
9992 14697 0.933478 17.1976
9989 14697 0.934406 17.2142
9976 14697 0.935333 17.2309
9968 14697 0.936261 17.2476
9957 14697 0.937189 17.2642
9951 14697 0.938117 17.2809
9941 14697 0.939045 17.2976
9936 14697 0.939973 17.3142
9929 14697 0.940901 17.3309
9916 14697 0.941829 17.3476
9908 14697 0.942757 17.3642
9900 14697 0.943685 17.3809
9894 14697 0.944613 17.3976
9888 14697 0.945541 17.4142
9874 14697 0.946469 17.4309
9867 14697 0.947396 17.4476
9856 14697 0.948324 17.4642
9850 14697 0.949252 17.4809
9840 14697 0.95018 17.4976
9832 14697 0.951108 17.5142
9824 14697 0.952036 17.5309
9815 14697 0.952964 17.5476
9807 14697 0.953892 17.5642
9798 14697 0.95482 17.5809
9792 14697 0.955748 17.5976
9786 14697 0.956676 17.6142
9775 14697 0.957604 17.6309
9767 14697 0.958532 17.6476
9758 14697 0.959459 17.6642
9751 14697 0.960387 17.6809
9736 14697 0.961315 17.6975
9730 14697 0.962243 17.7142
9718 14697 0.963171 17.7309
9710 14697 0.964099 17.7475
9703 14697 0.965027 17.7642
9693 14697 0.965955 17.7809
9685 14697 0.966883 17.7975
9676 14697 0.967811 17.8142
9667 14697 0.968739 17.8309
9661 14697 0.969667 17.8475
9649 14697 0.970595 17.8642
9641 14697 0.971523 17.8809
9632 14697 0.97245 17.8975
9625 14697 0.973378 17.9142
9614 14697 0.974306 17.9309
9607 14697 0.975234 17.9475
9599 14697 0.976162 17.9642
9589 14697 0.97709 17.9809
9580 14697 0.978018 17.9975
9569 14697 0.978946 18.0142
9560 14697 0.979874 18.0309
9554 14697 0.980802 18.0475
9544 14697 0.98173 18.0642
9536 14697 0.982658 18.0809
9526 14697 0.983586 18.0975
9513 14697 0.984513 18.1142
9510 14697 0.985441 18.1309
9497 14697 0.986369 18.1475
9490 14697 0.987297 18.1642
9480 14697 0.988225 18.1809
9473 14697 0.989153 18.1975
9458 14697 0.990081 18.2142
9449 14697 0.991009 18.2309
9443 14697 0.991937 18.2475
9433 14697 0.992865 18.2642
9421 14697 0.993793 18.2809
9415 14697 0.994721 18.2975
9403 14697 0.995649 18.3142
9390 14697 0.996576 18.3309
9383 14697 0.997504 18.3475
9377 14697 0.998432 18.3642
9363 14697 0.99936 18.3809
9354 14697 1.00029 18.3975
9347 14697 1.00122 18.4142
9339 14697 1.00214 18.4309
9329 14697 1.00307 18.4475
9317 14697 1.004 18.4642
9308 14697 1.00493 18.4809
9304 14697 1.00586 18.4975
9290 14697 1.00678 18.5142
9285 14697 1.00771 18.5309
9272 14697 1.00864 18.5475
9262 14697 1.00957 18.5642
9254 14697 1.0105 18.5809
9241 14697 1.01142 18.5975
9231 14697 1.01235 18.6142
9222 14697 1.01328 18.6309
9213 14697 1.01421 18.6475
9201 14697 1.01513 18.6642
9195 14697 1.01606 18.6809
9188 14697 1.01699 18.6975
9177 14697 1.01792 18.7142
9170 14697 1.01885 18.7309
9158 14697 1.01977 18.7475
9147 14697 1.0207 18.7642
9142 14697 1.02163 18.7809
9129 14697 1.02256 18.7975
9121 14697 1.02349 18.8142
9105 14697 1.02441 18.8309
9100 14697 1.02534 18.8475
9089 14697 1.02627 18.8642
9080 14697 1.0272 18.8809
9073 14697 1.02813 18.8975
9060 14697 1.02905 18.9142
9050 14697 1.02998 18.9309
9044 14697 1.03091 18.9475
9035 14697 1.03184 18.9642
9022 14697 1.03277 18.9809
9010 14697 1.03369 18.9975
9000 14697 1.03462 19.0142
8990 14697 1.03555 19.0309
8979 14697 1.03648 19.0475
8971 14697 1.03741 19.0642
8961 14697 1.03833 19.0809
8949 14697 1.03926 19.0975
8939 14697 1.04019 19.1142
8925 14697 1.04112 19.1309
8918 14697 1.04204 19.1475
8911 14697 1.04297 19.1642
8895 14697 1.0439 19.1809
8883 14697 1.04483 19.1975
8875 14697 1.04576 19.2142
8868 14697 1.04668 19.2309
8857 14697 1.04761 19.2475
8844 14697 1.04854 19.2642
8833 14697 1.04947 19.2809
8823 14697 1.0504 19.2975
8813 14697 1.05132 19.3142
8806 14697 1.05225 19.3309
8797 14697 1.05318 19.3475
8784 14697 1.05411 19.3642
8772 14697 1.05504 19.3809
8760 14697 1.05596 19.3975
8755 14697 1.05689 19.4142
8739 14697 1.05782 19.4309
8728 14697 1.05875 19.4475
8718 14697 1.05968 19.4642
8709 14697 1.0606 19.4809
8698 14697 1.06153 19.4975
8690 14697 1.06246 19.5142
8676 14697 1.06339 19.5309
8663 14697 1.06431 19.5475
8656 14697 1.06524 19.5642
8641 14697 1.06617 19.5809
8634 14697 1.0671 19.5975
8618 14697 1.06803 19.6142
8609 14697 1.06895 19.6309
8595 14697 1.06988 19.6475
8585 14697 1.07081 19.6642
8573 14697 1.07174 19.6809
8565 14697 1.07267 19.6975
8550 14697 1.07359 19.7142
8541 14697 1.07452 19.7309
8530 14697 1.07545 19.7475
8517 14697 1.07638 19.7642
8504 14697 1.07731 19.7809
8493 14697 1.07823 19.7975
8482 14697 1.07916 19.8142
8467 14697 1.08009 19.8309
8458 14697 1.08102 19.8475
8445 14697 1.08195 19.8642
8434 14697 1.08287 19.8808
8425 14697 1.0838 19.8975
8412 14697 1.08473 19.9142
8399 14697 1.08566 19.9308
8387 14697 1.08659 19.9475
8376 14697 1.08751 19.9642
8368 14697 1.08844 19.9808
8350 14697 1.08937 19.9975
8338 14697 1.0903 20.0142
8328 14697 1.09122 20.0308
8316 14697 1.09215 20.0475
8301 14697 1.09308 20.0642
8290 14697 1.09401 20.0808
8277 14697 1.09494 20.0975
8267 14697 1.09586 20.1142
8255 14697 1.09679 20.1308
8243 14697 1.09772 20.1475
8233 14697 1.09865 20.1642
8223 14697 1.09958 20.1808
8206 14697 1.1005 20.1975
8195 14697 1.10143 20.2142
8180 14697 1.10236 20.2308
8172 14697 1.10329 20.2475
8166 14697 1.10422 20.2642
8143 14697 1.10514 20.2808
8136 14697 1.10607 20.2975
8123 14697 1.107 20.3142
8115 14697 1.10793 20.3308
8098 14697 1.10886 20.3475
8085 14697 1.10978 20.3642
8077 14697 1.11071 20.3808
8067 14697 1.11071 20.3975
8053 14697 1.11071 20.4142
8045 14697 1.11071 20.4308
8028 14697 1.11071 20.4475
8017 14697 1.11071 20.4642
8008 14697 1.11071 20.4808
7994 14697 1.11071 20.4975
7983 14697 1.11071 20.5142
7966 14697 1.11071 20.5308
7954 14697 1.11071 20.5475
7947 14697 1.11071 20.5642
7930 14697 1.11071 20.5808
7920 14697 1.11071 20.5975
7910 14697 1.11071 20.6142
7893 14697 1.11071 20.6308
7885 14697 1.11071 20.6475
7868 14697 1.11071 20.6642
7858 14697 1.11071 20.6808
7844 14697 1.11071 20.6975
7832 14697 1.11071 20.7142
7818 14697 1.11071 20.7308
7806 14697 1.11071 20.7475
7795 14697 1.11071 20.7642
7778 14697 1.11071 20.7808
7766 14697 1.11071 20.7975
7753 14697 1.11071 20.8142
7740 14697 1.11071 20.8308
7727 14697 1.11071 20.8475
7716 14697 1.11071 20.8642
7702 14697 1.11071 20.8808
7689 14697 1.11071 20.8975
7680 14697 1.11071 20.9142
7663 14697 1.11071 20.9308
7649 14697 1.11071 20.9475
7635 14697 1.11071 20.9642
7626 14697 1.11071 20.9808
7610 14697 1.11071 20.9975
7594 14697 1.11071 21.0142
7582 14697 1.11071 21.0308
7567 14697 1.11071 21.0475
7558 14697 1.11071 21.0642
7545 14697 1.11071 21.0808
7535 14697 1.11071 21.0975
7520 14697 1.11071 21.1142
7508 14697 1.11071 21.1308
7496 14697 1.11071 21.1475
7490 14697 1.11071 21.1642
7475 14697 1.11071 21.1808
7465 14697 1.11071 21.1975
7457 14697 1.11071 21.2142
7440 14697 1.11071 21.2308
7433 14697 1.11071 21.2475
7425 14697 1.11071 21.2642
7410 14697 1.11071 21.2808
7401 14697 1.11071 21.2975
7390 14697 1.11071 21.3142
7376 14697 1.11071 21.3308
7370 14697 1.11071 21.3475
7359 14697 1.11071 21.3642
7351 14697 1.11071 21.3808
7343 14697 1.11071 21.3975
7332 14697 1.11071 21.4142
7324 14697 1.11071 21.4308
7314 14697 1.11071 21.4475
7302 14697 1.11071 21.4642
7297 14697 1.11071 21.4808
7285 14697 1.11071 21.4975
7281 14697 1.11071 21.5142
7272 14697 1.11071 21.5308
7262 14697 1.11071 21.5475
7253 14697 1.11071 21.5642
7240 14697 1.11071 21.5808
7234 14697 1.11071 21.5975
7226 14697 1.11071 21.6142
7220 14697 1.11071 21.6308
7212 14697 1.11071 21.6475
7204 14697 1.11071 21.6642
7196 14697 1.11071 21.6808
7187 14697 1.11071 21.6975
7182 14697 1.11071 21.7142
7171 14697 1.11071 21.7308
7165 14697 1.11071 21.7475
7160 14697 1.11071 21.7642
7154 14697 1.11071 21.7808
7147 14697 1.11071 21.7975
7140 14697 1.11071 21.8142
7135 14697 1.11071 21.8308
7124 14697 1.11071 21.8475
7121 14697 1.11071 21.8642
7115 14697 1.11071 21.8808
7108 14697 1.11071 21.8975
7103 14697 1.11071 21.9142
7094 14697 1.11071 21.9308
7090 14697 1.11071 21.9475
7081 14697 1.11071 21.9642
7078 14697 1.11071 21.9808
7072 14697 1.11071 21.9975
7063 14697 1.11071 22.0142
7056 14697 1.11071 22.0308
7053 14697 1.11071 22.0475
7049 14697 1.11071 22.0641
7042 14697 1.11071 22.0808
7034 14697 1.11071 22.0975
7030 14697 1.11071 22.1141
7024 14697 1.11071 22.1308
7021 14697 1.11071 22.1475
7017 14697 1.11071 22.1641
7007 14697 1.11071 22.1808
7002 14697 1.11071 22.1975
6996 14697 1.11071 22.2141
6993 14697 1.11071 22.2308
6986 14697 1.11071 22.2475
6982 14697 1.11071 22.2641
6976 14697 1.11071 22.2808
6969 14697 1.11071 22.2975
6966 14697 1.11071 22.3141
6963 14697 1.11071 22.3308
6956 14697 1.11071 22.3475
6950 14697 1.11071 22.3641
6946 14697 1.11071 22.3808
6944 14697 1.11071 22.3975
6938 14697 1.11071 22.4141
6931 14697 1.11071 22.4308
6928 14697 1.11071 22.4475
6925 14697 1.11071 22.4641
6922 14697 1.11071 22.4808
6915 14697 1.11071 22.4975
6913 14697 1.11071 22.5141
6907 14697 1.11071 22.5308
6903 14697 1.11071 22.5475
6898 14697 1.11071 22.5641
6892 14697 1.11071 22.5808
6889 14697 1.11071 22.5975
6886 14697 1.11071 22.6141
6881 14697 1.11071 22.6308
6877 14697 1.11071 22.6475
6870 14697 1.11071 22.6641
6866 14697 1.11071 22.6808
6862 14697 1.11071 22.6975
6857 14697 1.11071 22.7141
6854 14697 1.11071 22.7308
6849 14697 1.11071 22.7475
6846 14697 1.11071 22.7641
6844 14697 1.11071 22.7808
6837 14697 1.11071 22.7975
6834 14697 1.11071 22.8141
6832 14697 1.11071 22.8308
6828 14697 1.11071 22.8475
6823 14697 1.11071 22.8641
6820 14697 1.11071 22.8808
6811 14697 1.11071 22.8975
6810 14697 1.11071 22.9141
6809 14697 1.11071 22.9308
6808 14697 1.11071 22.9475
6801 14697 1.11071 22.9641
6797 14697 1.11071 22.9808
6792 14697 1.11071 22.9975
6788 14697 1.11071 23.0141
6786 14697 1.11071 23.0308
6783 14697 1.11071 23.0475
6782 14697 1.11071 23.0641
6775 14697 1.11071 23.0808
6773 14697 1.11071 23.0975
6771 14697 1.11071 23.1141
6769 14697 1.11071 23.1308
6765 14697 1.11071 23.1475
6760 14697 1.11071 23.1641
6758 14697 1.11071 23.1808
6756 14697 1.11071 23.1975
6753 14697 1.11071 23.2141
6750 14697 1.11071 23.2308
6746 14697 1.11071 23.2475
6743 14697 1.11071 23.2641
6739 14697 1.11071 23.2808
6735 14697 1.11071 23.2975
6732 14697 1.11071 23.3141
6730 14697 1.11071 23.3308
6726 14697 1.11071 23.3475
6724 14697 1.11071 23.3641
6722 14697 1.11071 23.3808
6720 14697 1.11071 23.3975
6717 14697 1.11071 23.4141
6712 14697 1.11071 23.4308
6711 14697 1.11071 23.4475
6708 14697 1.11071 23.4641
6703 14697 1.11071 23.4808
6703 14697 1.11071 23.4975
6701 14697 1.11071 23.5141
6696 14697 1.11071 23.5308
6693 14697 1.11071 23.5475
6689 14697 1.11071 23.5641
6688 14697 1.11071 23.5808
6686 14697 1.11071 23.5975
6684 14697 1.11071 23.6141
6679 14697 1.11071 23.6308
6678 14697 1.11071 23.6475
6676 14697 1.11071 23.6641
6673 14697 1.11071 23.6808
6667 14697 1.11071 23.6975
6667 14697 1.11071 23.7141
6665 14697 1.11071 23.7308
6663 14697 1.11071 23.7475
6660 14697 1.11071 23.7641
6660 14697 1.11071 23.7808
6655 14697 1.11071 23.7975
6654 14697 1.11071 23.8141
6652 14697 1.11071 23.8308
6650 14697 1.11071 23.8475
6647 14697 1.11071 23.8641
6645 14697 1.11071 23.8808
6642 14697 1.11071 23.8975
6641 14697 1.11071 23.9141
6639 14697 1.11071 23.9308
6638 14697 1.11071 23.9475
6634 14697 1.11071 23.9641
6632 14697 1.11071 23.9808
6630 14697 1.11071 23.9975
6628 14697 1.11071 24.0141
6627 14697 1.11071 24.0308
6624 14697 1.11071 24.0475
6623 14697 1.11071 24.0641
6619 14697 1.11071 24.0808
6617 14697 1.11071 24.0975
6615 14697 1.11071 24.1141
6613 14697 1.11071 24.1308
6611 14697 1.11071 24.1475
6609 14697 1.11071 24.1641
6608 14697 1.11071 24.1808
6608 14697 1.11071 24.1975
6604 14697 1.11071 24.2141
6602 14697 1.11071 24.2308
6600 14697 1.11071 24.2474
6599 14697 1.11071 24.2641
6597 14697 1.11071 24.2808
6596 14697 1.11071 24.2974
6593 14697 1.11071 24.3141
6590 14697 1.11071 24.3308
6589 14697 1.11071 24.3474
6589 14697 1.11071 24.3641
6587 14697 1.11071 24.3808
6584 14697 1.11071 24.3974
6582 14697 1.11071 24.4141
6579 14697 1.11071 24.4308
6579 14697 1.11071 24.4474
6577 14697 1.11071 24.4641
6577 14697 1.11071 24.4808
6574 14697 1.11071 24.4974
6571 14697 1.11071 24.5141
6569 14697 1.11071 24.5308
6569 14697 1.11071 24.5474
6566 14697 1.11071 24.5641
6566 14697 1.11071 24.5808
6562 14697 1.11071 24.5974
6560 14697 1.11071 24.6141
6559 14697 1.11071 24.6308
6558 14697 1.11071 24.6474
6557 14697 1.11071 24.6641
6552 14697 1.11071 24.6808
6552 14697 1.11071 24.6974
6551 14697 1.11071 24.7141
6548 14697 1.11071 24.7308
6547 14697 1.11071 24.7474
6546 14697 1.11071 24.7641
6544 14697 1.11071 24.7808
6543 14697 1.11071 24.7974
6540 14697 1.11071 24.8141
6539 14697 1.11071 24.8308
6539 14697 1.11071 24.8474
6537 14697 1.11071 24.8641
6536 14697 1.11071 24.8808
6535 14697 1.11071 24.8974
6534 14697 1.11071 24.9141
6531 14697 1.11071 24.9308
6529 14697 1.11071 24.9474
6529 14697 1.11071 24.9641
6527 14697 1.11071 24.9808
6526 14697 1.11071 24.9974
6525 14697 1.11071 25.0141
6523 14697 1.11071 25.0308
6522 14697 1.11071 25.0474
6521 14697 1.11071 25.0641
6519 14697 1.11071 25.0808
6518 14697 1.11071 25.0974
6517 14697 1.11071 25.1141
6516 14697 1.11071 25.1308
6514 14697 1.11071 25.1474
6513 14697 1.11071 25.1641
6510 14697 1.11071 25.1808
6509 14697 1.11071 25.1974
6508 14697 1.11071 25.2141
6507 14697 1.11071 25.2308
6505 14697 1.11071 25.2474
6502 14697 1.11071 25.2641
6502 14697 1.11071 25.2808
6500 14697 1.11071 25.2974
6499 14697 1.11071 25.3141
6498 14697 1.11071 25.3308
6498 14697 1.11071 25.3474
6495 14697 1.11071 25.3641
6494 14697 1.11071 25.3808
6492 14697 1.11071 25.3974
6492 14697 1.11071 25.4141
6491 14697 1.11071 25.4308
6488 14697 1.11071 25.4474
6487 14697 1.11071 25.4641
6486 14697 1.11071 25.4808
6486 14697 1.11071 25.4974
6484 14697 1.11071 25.5141
6483 14697 1.11071 25.5308
6481 14697 1.11071 25.5474
6480 14697 1.11071 25.5641
6478 14697 1.11071 25.5808
6477 14697 1.11071 25.5974
6475 14697 1.11071 25.6141
6475 14697 1.11071 25.6308
6472 14697 1.11071 25.6474
6471 14697 1.11071 25.6641
6471 14697 1.11071 25.6808
6471 14697 1.11071 25.6974
6469 14697 1.11071 25.7141
6466 14697 1.11071 25.7308
6466 14697 1.11071 25.7474
6466 14697 1.11071 25.7641
6463 14697 1.11071 25.7808
6462 14697 1.11071 25.7974
6461 14697 1.11071 25.8141
6461 14697 1.11071 25.8308
6460 14697 1.11071 25.8474
6458 14697 1.11071 25.8641
6457 14697 1.11071 25.8808
6456 14697 1.11071 25.8974
6455 14697 1.11071 25.9141
6454 14697 1.11071 25.9308
6453 14697 1.11071 25.9474
6452 14697 1.11071 25.9641
6451 14697 1.11071 25.9808
6450 14697 1.11071 25.9974
6449 14697 1.11071 26.0141
6448 14697 1.11071 26.0308
6448 14697 1.11071 26.0474
6446 14697 1.11071 26.0641
6445 14697 1.11071 26.0808
6445 14697 1.11071 26.0974
6444 14697 1.11071 26.1141
6444 14697 1.11071 26.1308
6442 14697 1.11071 26.1474
6441 14697 1.11071 26.1641
6440 14697 1.11071 26.1808
6438 14697 1.11071 26.1974
6437 14697 1.11071 26.2141
6437 14697 1.11071 26.2308
6436 14697 1.11071 26.2474
6435 14697 1.11071 26.2641
6435 14697 1.11071 26.2808
6434 14697 1.11071 26.2974
6432 14697 1.11071 26.3141
6432 14697 1.11071 26.3308
6431 14697 1.11071 26.3474
6430 14697 1.11071 26.3641
6429 14697 1.11071 26.3808
6429 14697 1.11071 26.3974
6429 14697 1.11071 26.4141
6428 14697 1.11071 26.4307
6425 14697 1.11071 26.4474
6425 14697 1.11071 26.4641
6424 14697 1.11071 26.4807
6421 14697 1.11071 26.4974
6421 14697 1.11071 26.5141
6420 14697 1.11071 26.5307
6418 14697 1.11071 26.5474
6418 14697 1.11071 26.5641
6415 14697 1.11071 26.5807
6414 14697 1.11071 26.5974
6414 14697 1.11071 26.6141
6413 14697 1.11071 26.6307
6412 14697 1.11071 26.6474
6411 14697 1.11071 26.6641
6409 14697 1.11071 26.6807
6409 14697 1.11071 26.6974
6409 14697 1.11071 26.7141
6408 14697 1.11071 26.7307
6405 14697 1.11071 26.7474
6404 14697 1.11071 26.7641
6404 14697 1.11071 26.7807
6404 14697 1.11071 26.7974
6404 14697 1.11071 26.8141
6403 14697 1.11071 26.8307
6400 14697 1.11071 26.8474
6400 14697 1.11071 26.8641
6398 14697 1.11071 26.8807
6397 14697 1.11071 26.8974
6395 14697 1.11071 26.9141
6395 14697 1.11071 26.9307
6395 14697 1.11071 26.9474
6393 14697 1.11071 26.9641
6391 14697 1.11071 26.9807
6391 14697 1.11071 26.9974
6390 14697 1.11071 27.0141
6390 14697 1.11071 27.0307
6389 14697 1.11071 27.0474
6389 14697 1.11071 27.0641
6388 14697 1.11071 27.0807
6386 14697 1.11071 27.0974
6386 14697 1.11071 27.1141
6384 14697 1.11071 27.1307
6384 14697 1.11071 27.1474
6384 14697 1.11071 27.1641
6383 14697 1.11071 27.1807
6382 14697 1.11071 27.1974
6381 14697 1.11071 27.2141
6380 14697 1.11071 27.2307
6380 14697 1.11071 27.2474
6380 14697 1.11071 27.2641
6379 14697 1.11071 27.2807
6379 14697 1.11071 27.2974
6378 14697 1.11071 27.3141
6377 14697 1.11071 27.3307
6376 14697 1.11071 27.3474
6376 14697 1.11071 27.3641
6374 14697 1.11071 27.3807
6374 14697 1.11071 27.3974
6374 14697 1.11071 27.4141
6374 14697 1.11071 27.4307
6372 14697 1.11071 27.4474
6371 14697 1.11071 27.4641
6371 14697 1.11071 27.4807
6370 14697 1.11071 27.4974
6370 14697 1.11071 27.5141
6368 14697 1.11071 27.5307
6368 14697 1.11071 27.5474
6368 14697 1.11071 27.5641
6366 14697 1.11071 27.5807
6366 14697 1.11071 27.5974
6366 14697 1.11071 27.6141
6366 14697 1.11071 27.6307
6366 14697 1.11071 27.6474
6365 14697 1.11071 27.6641
6365 14697 1.11071 27.6807
6364 14697 1.11071 27.6974
6364 14697 1.11071 27.7141
6364 14697 1.11071 27.7307
6364 14697 1.11071 27.7474
6363 14697 1.11071 27.7641
6362 14697 1.11071 27.7807
6361 14697 1.11071 27.7974
6360 14697 1.11071 27.8141
6360 14697 1.11071 27.8307
6360 14697 1.11071 27.8474
6360 14697 1.11071 27.8641
6360 14697 1.11071 27.8807
6360 14697 1.11071 27.8974
6358 14697 1.11071 27.9141
6357 14697 1.11071 27.9307
6357 14697 1.11071 27.9474
6357 14697 1.11071 27.9641
6356 14697 1.11071 27.9807
6356 14697 1.11071 27.9974
6355 14697 1.11071 28.0141
6355 14697 1.11071 28.0307
6355 14697 1.11071 28.0474
6354 14697 1.11071 28.0641
6354 14697 1.11071 28.0807
6353 14697 1.11071 28.0974
6353 14697 1.11071 28.1141
6352 14697 1.11071 28.1307
6351 14697 1.11071 28.1474
6351 14697 1.11071 28.1641
6351 14697 1.11071 28.1807
6349 14697 1.11071 28.1974
6349 14697 1.11071 28.2141
6348 14697 1.11071 28.2307
6347 14697 1.11071 28.2474
6347 14697 1.11071 28.2641
6347 14697 1.11071 28.2807
6347 14697 1.11071 28.2974
6346 14697 1.11071 28.3141
6346 14697 1.11071 28.3307
6345 14697 1.11071 28.3474
6345 14697 1.11071 28.3641
6343 14697 1.11071 28.3807
6343 14697 1.11071 28.3974
6343 14697 1.11071 28.4141
6343 14697 1.11071 28.4307
6342 14697 1.11071 28.4474
6340 14697 1.11071 28.4641
6340 14697 1.11071 28.4807
6339 14697 1.11071 28.4974
6338 14697 1.11071 28.5141
6338 14697 1.11071 28.5307
6337 14697 1.11071 28.5474
6337 14697 1.11071 28.5641
6337 14697 1.11071 28.5807
6336 14697 1.11071 28.5974
6335 14697 1.11071 28.614
6334 14697 1.11071 28.6307
6334 14697 1.11071 28.6474
6334 14697 1.11071 28.664
6332 14697 1.11071 28.6807
6332 14697 1.11071 28.6974
6332 14697 1.11071 28.714
6332 14697 1.11071 28.7307
6331 14697 1.11071 28.7474
6331 14697 1.11071 28.764
6331 14697 1.11071 28.7807
6330 14697 1.11071 28.7974
6329 14697 1.11071 28.814
6329 14697 1.11071 28.8307
6329 14697 1.11071 28.8474
6329 14697 1.11071 28.864
6328 14697 1.11071 28.8807
6327 14697 1.11071 28.8974
6327 14697 1.11071 28.914
6327 14697 1.11071 28.9307
6327 14697 1.11071 28.9474
6325 14697 1.11071 28.964
6324 14697 1.11071 28.9807
6324 14697 1.11071 28.9974
6323 14697 1.11071 29.014
6322 14697 1.11071 29.0307
6322 14697 1.11071 29.0474
6322 14697 1.11071 29.064
6322 14697 1.11071 29.0807
6321 14697 1.11071 29.0974
6319 14697 1.11071 29.114
6319 14697 1.11071 29.1307
6319 14697 1.11071 29.1474
6319 14697 1.11071 29.164
6318 14697 1.11071 29.1807
6318 14697 1.11071 29.1974
6318 14697 1.11071 29.214
6318 14697 1.11071 29.2307
6317 14697 1.11071 29.2474
6317 14697 1.11071 29.264
6316 14697 1.11071 29.2807
6316 14697 1.11071 29.2974
6316 14697 1.11071 29.314
6316 14697 1.11071 29.3307
6315 14697 1.11071 29.3474
6314 14697 1.11071 29.364
6312 14697 1.11071 29.3807
6312 14697 1.11071 29.3974
6312 14697 1.11071 29.414
6312 14697 1.11071 29.4307
6312 14697 1.11071 29.4474
6311 14697 1.11071 29.464
6310 14697 1.11071 29.4807
6310 14697 1.11071 29.4974
6310 14697 1.11071 29.514
6310 14697 1.11071 29.5307
6310 14697 1.11071 29.5474
6310 14697 1.11071 29.564
6309 14697 1.11071 29.5807
6309 14697 1.11071 29.5974
6307 14697 1.11071 29.614
6307 14697 1.11071 29.6307
6307 14697 1.11071 29.6474
6307 14697 1.11071 29.664
6307 14697 1.11071 29.6807
6307 14697 1.11071 29.6974
6307 14697 1.11071 29.714
6307 14697 1.11071 29.7307
6306 14697 1.11071 29.7474
6306 14697 1.11071 29.764
6305 14697 1.11071 29.7807
6305 14697 1.11071 29.7974
6305 14697 1.11071 29.814
6304 14697 1.11071 29.8307
6303 14697 1.11071 29.8474
6302 14697 1.11071 29.864
6302 14697 1.11071 29.8807
6302 14697 1.11071 29.8974
6302 14697 1.11071 29.914
6301 14697 1.11071 29.9307
6301 14697 1.11071 29.9474
6300 14697 1.11071 29.964
6300 14697 1.11071 29.9807
6299 14697 1.11071 29.9974
6299 14697 1.11071 30.014
6299 14697 1.11071 30.0307
6298 14697 1.11071 30.0474
6297 14697 1.11071 30.064
6295 14697 1.11071 30.0807
6295 14697 1.11071 30.0974
6295 14697 1.11071 30.114
6294 14697 1.11071 30.1307
6293 14697 1.11071 30.1474
6292 14697 1.11071 30.164
6292 14697 1.11071 30.1807
6291 14697 1.11071 30.1974
6291 14697 1.11071 30.214
6291 14697 1.11071 30.2307
6291 14697 1.11071 30.2474
6291 14697 1.11071 30.264
6291 14697 1.11071 30.2807
6291 14697 1.11071 30.2974
6290 14697 1.11071 30.314
6289 14697 1.11071 30.3307
6289 14697 1.11071 30.3474
6288 14697 1.11071 30.364
6288 14697 1.11071 30.3807
6288 14697 1.11071 30.3974
6288 14697 1.11071 30.414
6288 14697 1.11071 30.4307
6287 14697 1.11071 30.4474
6287 14697 1.11071 30.464
6287 14697 1.11071 30.4807
6287 14697 1.11071 30.4974
6286 14697 1.11071 30.514
6286 14697 1.11071 30.5307
6286 14697 1.11071 30.5474
6284 14697 1.11071 30.564
6284 14697 1.11071 30.5807
6284 14697 1.11071 30.5974
6284 14697 1.11071 30.614
6284 14697 1.11071 30.6307
6284 14697 1.11071 30.6474
6284 14697 1.11071 30.664
6284 14697 1.11071 30.6807
6283 14697 1.11071 30.6974
6283 14697 1.11071 30.714
6282 14697 1.11071 30.7307
6282 14697 1.11071 30.7474
6280 14697 1.11071 30.764
6280 14697 1.11071 30.7807
6280 14697 1.11071 30.7973
6280 14697 1.11071 30.814
6279 14697 1.11071 30.8307
6279 14697 1.11071 30.8473
6278 14697 1.11071 30.864
6278 14697 1.11071 30.8807
6278 14697 1.11071 30.8973
6278 14697 1.11071 30.914
6278 14697 1.11071 30.9307
6278 14697 1.11071 30.9473
6277 14697 1.11071 30.964
6277 14697 1.11071 30.9807
6276 14697 1.11071 30.9973
6276 14697 1.11071 31.014
6276 14697 1.11071 31.0307
6276 14697 1.11071 31.0473
6276 14697 1.11071 31.064
6276 14697 1.11071 31.0807
6274 14697 1.11071 31.0973
6274 14697 1.11071 31.114
6274 14697 1.11071 31.1307
6273 14697 1.11071 31.1473
6273 14697 1.11071 31.164
6273 14697 1.11071 31.1807
6273 14697 1.11071 31.1973
6272 14697 1.11071 31.214
6271 14697 1.11071 31.2307
6271 14697 1.11071 31.2473
6271 14697 1.11071 31.264
6270 14697 1.11071 31.2807
6269 14697 1.11071 31.2973
6269 14697 1.11071 31.314
6268 14697 1.11071 31.3307
6267 14697 1.11071 31.3473
6267 14697 1.11071 31.364
6267 14697 1.11071 31.3807
6266 14697 1.11071 31.3973
6266 14697 1.11071 31.414
6266 14697 1.11071 31.4307
6264 14697 1.11071 31.4473
6264 14697 1.11071 31.464
6264 14697 1.11071 31.4807
6264 14697 1.11071 31.4973
6264 14697 1.11071 31.514
6263 14697 1.11071 31.5307
6263 14697 1.11071 31.5473
6263 14697 1.11071 31.564
6263 14697 1.11071 31.5807
6262 14697 1.11071 31.5973
6262 14697 1.11071 31.614
6262 14697 1.11071 31.6307
6262 14697 1.11071 31.6473
6262 14697 1.11071 31.664
6262 14697 1.11071 31.6807
6261 14697 1.11071 31.6973
6261 14697 1.11071 31.714
6260 14697 1.11071 31.7307
6260 14697 1.11071 31.7473
6260 14697 1.11071 31.764
6260 14697 1.11071 31.7807
6260 14697 1.11071 31.7973
6259 14697 1.11071 31.814
6258 14697 1.11071 31.8307
6258 14697 1.11071 31.8473
6258 14697 1.11071 31.864
6258 14697 1.11071 31.8807
6258 14697 1.11071 31.8973
6257 14697 1.11071 31.914
6256 14697 1.11071 31.9307
6256 14697 1.11071 31.9473
6256 14697 1.11071 31.964
6256 14697 1.11071 31.9807
6256 14697 1.11071 31.9973
6256 14697 1.11071 32.014
6256 14697 1.11071 32.0307
6256 14697 1.11071 32.0473
6255 14697 1.11071 32.064
6254 14697 1.11071 32.0807
6254 14697 1.11071 32.0973
6254 14697 1.11071 32.114
6254 14697 1.11071 32.1307
6254 14697 1.11071 32.1473
6253 14697 1.11071 32.164
6253 14697 1.11071 32.1807
6252 14697 1.11071 32.1973
6251 14697 1.11071 32.214
6251 14697 1.11071 32.2307
6251 14697 1.11071 32.2473
6251 14697 1.11071 32.264
6251 14697 1.11071 32.2807
6251 14697 1.11071 32.2973
6250 14697 1.11071 32.314
6250 14697 1.11071 32.3307
6249 14697 1.11071 32.3473
6249 14697 1.11071 32.364
6249 14697 1.11071 32.3807
6249 14697 1.11071 32.3973
6249 14697 1.11071 32.414
6249 14697 1.11071 32.4307
6249 14697 1.11071 32.4473
6249 14697 1.11071 32.464
6249 14697 1.11071 32.4807
6249 14697 1.11071 32.4973
6249 14697 1.11071 32.514
6248 14697 1.11071 32.5307
6248 14697 1.11071 32.5473
6248 14697 1.11071 32.564
6247 14697 1.11071 32.5807
6247 14697 1.11071 32.5973
6246 14697 1.11071 32.614
6246 14697 1.11071 32.6307
6245 14697 1.11071 32.6473
6245 14697 1.11071 32.664
6245 14697 1.11071 32.6807
6245 14697 1.11071 32.6973
6245 14697 1.11071 32.714
6245 14697 1.11071 32.7307
6245 14697 1.11071 32.7473
6245 14697 1.11071 32.764
6244 14697 1.11071 32.7807
6244 14697 1.11071 32.7973
6244 14697 1.11071 32.814
6244 14697 1.11071 32.8307
6244 14697 1.11071 32.8473
6244 14697 1.11071 32.864
6244 14697 1.11071 32.8807
6244 14697 1.11071 32.8973
6244 14697 1.11071 32.914
6243 14697 1.11071 32.9306
6243 14697 1.11071 32.9473
6243 14697 1.11071 32.964
6243 14697 1.11071 32.9807
6243 14697 1.11071 32.9973
6242 14697 1.11071 33.014
6242 14697 1.11071 33.0306
6242 14697 1.11071 33.0473
6242 14697 1.11071 33.064
6242 14697 1.11071 33.0807
6242 14697 1.11071 33.0973
6242 14697 1.11071 33.114
6242 14697 1.11071 33.1306
6240 14697 1.11071 33.1473
6240 14697 1.11071 33.164
6240 14697 1.11071 33.1806
6239 14697 1.11071 33.1973
6239 14697 1.11071 33.214
6238 14697 1.11071 33.2306
6238 14697 1.11071 33.2473
6238 14697 1.11071 33.264
6238 14697 1.11071 33.2806
6238 14697 1.11071 33.2973
6238 14697 1.11071 33.314
6238 14697 1.11071 33.3306
6238 14697 1.11071 33.3473
6238 14697 1.11071 33.364
6238 14697 1.11071 33.3806
6237 14697 1.11071 33.3973
6236 14697 1.11071 33.414
6236 14697 1.11071 33.4306
6236 14697 1.11071 33.4473
6236 14697 1.11071 33.464
6236 14697 1.11071 33.4806
6235 14697 1.11071 33.4973
6235 14697 1.11071 33.514
6234 14697 1.11071 33.5306
6234 14697 1.11071 33.5473
6234 14697 1.11071 33.564
6234 14697 1.11071 33.5806
6234 14697 1.11071 33.5973
6234 14697 1.11071 33.614
6234 14697 1.11071 33.6306
6233 14697 1.11071 33.6473
6233 14697 1.11071 33.664
6232 14697 1.11071 33.6806
6232 14697 1.11071 33.6973
6232 14697 1.11071 33.714
6231 14697 1.11071 33.7306
6231 14697 1.11071 33.7473
6231 14697 1.11071 33.764
6230 14697 1.11071 33.7806
6230 14697 1.11071 33.7973
6230 14697 1.11071 33.814
6230 14697 1.11071 33.8306
6229 14697 1.11071 33.8473
6229 14697 1.11071 33.864
6229 14697 1.11071 33.8806
6228 14697 1.11071 33.8973
6228 14697 1.11071 33.914
6228 14697 1.11071 33.9306
6228 14697 1.11071 33.9473
6228 14697 1.11071 33.964
6228 14697 1.11071 33.9806
6228 14697 1.11071 33.9973
6228 14697 1.11071 34.014
6228 14697 1.11071 34.0306
6228 14697 1.11071 34.0473
6228 14697 1.11071 34.064
6227 14697 1.11071 34.0806
6226 14697 1.11071 34.0973
6225 14697 1.11071 34.114
6225 14697 1.11071 34.1306
6225 14697 1.11071 34.1473
6224 14697 1.11071 34.164
6224 14697 1.11071 34.1806
6224 14697 1.11071 34.1973
6223 14697 1.11071 34.214
6223 14697 1.11071 34.2306
6222 14697 1.11071 34.2473
6222 14697 1.11071 34.264
6222 14697 1.11071 34.2806
6222 14697 1.11071 34.2973
6222 14697 1.11071 34.314
6221 14697 1.11071 34.3306
6221 14697 1.11071 34.3473
6221 14697 1.11071 34.364
6221 14697 1.11071 34.3806
6221 14697 1.11071 34.3973
6221 14697 1.11071 34.414
6221 14697 1.11071 34.4306
6220 14697 1.11071 34.4473
6220 14697 1.11071 34.464
6220 14697 1.11071 34.4806
6220 14697 1.11071 34.4973
6220 14697 1.11071 34.514
6220 14697 1.11071 34.5306
6219 14697 1.11071 34.5473
6219 14697 1.11071 34.564
6219 14697 1.11071 34.5806
6219 14697 1.11071 34.5973
6218 14697 1.11071 34.614
6218 14697 1.11071 34.6306
6218 14697 1.11071 34.6473
6218 14697 1.11071 34.664
6218 14697 1.11071 34.6806
6218 14697 1.11071 34.6973
6217 14697 1.11071 34.714
6216 14697 1.11071 34.7306
6216 14697 1.11071 34.7473
6216 14697 1.11071 34.764
6216 14697 1.11071 34.7806
6216 14697 1.11071 34.7973
6216 14697 1.11071 34.814
6216 14697 1.11071 34.8306
6216 14697 1.11071 34.8473
6216 14697 1.11071 34.864
6215 14697 1.11071 34.8806
6215 14697 1.11071 34.8973
6215 14697 1.11071 34.914
6215 14697 1.11071 34.9306
6214 14697 1.11071 34.9473
6214 14697 1.11071 34.964
6214 14697 1.11071 34.9806
6214 14697 1.11071 34.9973
6214 14697 1.11071 35.014
6214 14697 1.11071 35.0306
6214 14697 1.11071 35.0473
6214 14697 1.11071 35.0639
6214 14697 1.11071 35.0806
6214 14697 1.11071 35.0973
6214 14697 1.11071 35.114
6214 14697 1.11071 35.1306
6213 14697 1.11071 35.1473
6213 14697 1.11071 35.1639
6213 14697 1.11071 35.1806
6212 14697 1.11071 35.1973
6212 14697 1.11071 35.214
6211 14697 1.11071 35.2306
6210 14697 1.11071 35.2473
6210 14697 1.11071 35.2639
6210 14697 1.11071 35.2806
6210 14697 1.11071 35.2973
6210 14697 1.11071 35.3139
6210 14697 1.11071 35.3306
6209 14697 1.11071 35.3473
6209 14697 1.11071 35.3639
6209 14697 1.11071 35.3806
6209 14697 1.11071 35.3973
6208 14697 1.11071 35.4139
6208 14697 1.11071 35.4306
6208 14697 1.11071 35.4473
6207 14697 1.11071 35.4639
6207 14697 1.11071 35.4806
6207 14697 1.11071 35.4973
6207 14697 1.11071 35.5139
6207 14697 1.11071 35.5306
6207 14697 1.11071 35.5473
6207 14697 1.11071 35.5639
6207 14697 1.11071 35.5806
6207 14697 1.11071 35.5973
6207 14697 1.11071 35.6139
6207 14697 1.11071 35.6306
6207 14697 1.11071 35.6473
6206 14697 1.11071 35.6639
6206 14697 1.11071 35.6806
6205 14697 1.11071 35.6973
6205 14697 1.11071 35.7139
6205 14697 1.11071 35.7306
6205 14697 1.11071 35.7473
6205 14697 1.11071 35.7639
6204 14697 1.11071 35.7806
6204 14697 1.11071 35.7973
6204 14697 1.11071 35.8139
6204 14697 1.11071 35.8306
6204 14697 1.11071 35.8473
6204 14697 1.11071 35.8639
6203 14697 1.11071 35.8806
6203 14697 1.11071 35.8973
6203 14697 1.11071 35.9139
6203 14697 1.11071 35.9306
6202 14697 1.11071 35.9473
6202 14697 1.11071 35.9639
6202 14697 1.11071 35.9806
6201 14697 1.11071 35.9973
6201 14697 1.11071 36.0139
6201 14697 1.11071 36.0306
6201 14697 1.11071 36.0473
6201 14697 1.11071 36.0639
6200 14697 1.11071 36.0806
6200 14697 1.11071 36.0973
6200 14697 1.11071 36.1139
6199 14697 1.11071 36.1306
6199 14697 1.11071 36.1473
6199 14697 1.11071 36.1639
6199 14697 1.11071 36.1806
6199 14697 1.11071 36.1973
6198 14697 1.11071 36.2139
6198 14697 1.11071 36.2306
6197 14697 1.11071 36.2473
6197 14697 1.11071 36.2639
6197 14697 1.11071 36.2806
6197 14697 1.11071 36.2973
6197 14697 1.11071 36.3139
6197 14697 1.11071 36.3306
6197 14697 1.11071 36.3473
6197 14697 1.11071 36.3639
6197 14697 1.11071 36.3806
6197 14697 1.11071 36.3973
6197 14697 1.11071 36.4139
6197 14697 1.11071 36.4306
6196 14697 1.11071 36.4473
6196 14697 1.11071 36.4639
6196 14697 1.11071 36.4806
6196 14697 1.11071 36.4973
6196 14697 1.11071 36.5139
6195 14697 1.11071 36.5306
6195 14697 1.11071 36.5473
6195 14697 1.11071 36.5639
6195 14697 1.11071 36.5806
6195 14697 1.11071 36.5973
6193 14697 1.11071 36.6139
6193 14697 1.11071 36.6306
6193 14697 1.11071 36.6473
6193 14697 1.11071 36.6639
6193 14697 1.11071 36.6806
6192 14697 1.11071 36.6973
6192 14697 1.11071 36.7139
6192 14697 1.11071 36.7306
6192 14697 1.11071 36.7473
6192 14697 1.11071 36.7639
6192 14697 1.11071 36.7806
6192 14697 1.11071 36.7973
6192 14697 1.11071 36.8139
6192 14697 1.11071 36.8306
6192 14697 1.11071 36.8473
6191 14697 1.11071 36.8639
6191 14697 1.11071 36.8806
6190 14697 1.11071 36.8973
6190 14697 1.11071 36.9139
6190 14697 1.11071 36.9306
6190 14697 1.11071 36.9473
6190 14697 1.11071 36.9639
6190 14697 1.11071 36.9806
6190 14697 1.11071 36.9973
6189 14697 1.11071 37.0139
6189 14697 1.11071 37.0306
6189 14697 1.11071 37.0473
6189 14697 1.11071 37.0639
6189 14697 1.11071 37.0806
6189 14697 1.11071 37.0973
6189 14697 1.11071 37.1139
6189 14697 1.11071 37.1306
6189 14697 1.11071 37.1473
6189 14697 1.11071 37.1639
6189 14697 1.11071 37.1806
6189 14697 1.11071 37.1973
6189 14697 1.11071 37.2139
6188 14697 1.11071 37.2306
6188 14697 1.11071 37.2473
6188 14697 1.11071 37.2639
6188 14697 1.11071 37.2806
6188 14697 1.11071 37.2972
6188 14697 1.11071 37.3139
6188 14697 1.11071 37.3306
6188 14697 1.11071 37.3473
6188 14697 1.11071 37.3639
6188 14697 1.11071 37.3806
6188 14697 1.11071 37.3972
6188 14697 1.11071 37.4139
6188 14697 1.11071 37.4306
6188 14697 1.11071 37.4473
6188 14697 1.11071 37.4639
6188 14697 1.11071 37.4806
6188 14697 1.11071 37.4972
6187 14697 1.11071 37.5139
6187 14697 1.11071 37.5306
6187 14697 1.11071 37.5472
6187 14697 1.11071 37.5639
6186 14697 1.11071 37.5806
6185 14697 1.11071 37.5972
6185 14697 1.11071 37.6139
6185 14697 1.11071 37.6306
6184 14697 1.11071 37.6472
6184 14697 1.11071 37.6639
6184 14697 1.11071 37.6806
6184 14697 1.11071 37.6972
6184 14697 1.11071 37.7139
6184 14697 1.11071 37.7306
6184 14697 1.11071 37.7472
6184 14697 1.11071 37.7639
6183 14697 1.11071 37.7806
6183 14697 1.11071 37.7972
6183 14697 1.11071 37.8139
6183 14697 1.11071 37.8306
6183 14697 1.11071 37.8472
6183 14697 1.11071 37.8639
6183 14697 1.11071 37.8806
6183 14697 1.11071 37.8972
6183 14697 1.11071 37.9139
6183 14697 1.11071 37.9306
6183 14697 1.11071 37.9472
6183 14697 1.11071 37.9639
6183 14697 1.11071 37.9806
6183 14697 1.11071 37.9972
6183 14697 1.11071 38.0139
6182 14697 1.11071 38.0306
6181 14697 1.11071 38.0472
6181 14697 1.11071 38.0639
6181 14697 1.11071 38.0806
6180 14697 1.11071 38.0972
6180 14697 1.11071 38.1139
6180 14697 1.11071 38.1306
6180 14697 1.11071 38.1472
6179 14697 1.11071 38.1639
6179 14697 1.11071 38.1806
6178 14697 1.11071 38.1972
6178 14697 1.11071 38.2139
6178 14697 1.11071 38.2306
6178 14697 1.11071 38.2472
6178 14697 1.11071 38.2639
6178 14697 1.11071 38.2806
6178 14697 1.11071 38.2972
6178 14697 1.11071 38.3139
6178 14697 1.11071 38.3306
6178 14697 1.11071 38.3472
6178 14697 1.11071 38.3639
6178 14697 1.11071 38.3806
6178 14697 1.11071 38.3972
6178 14697 1.11071 38.4139
6178 14697 1.11071 38.4306
6178 14697 1.11071 38.4472
6178 14697 1.11071 38.4639
6178 14697 1.11071 38.4806
6178 14697 1.11071 38.4972
6178 14697 1.11071 38.5139
6178 14697 1.11071 38.5306
6178 14697 1.11071 38.5472
