4837 5073 0.00124189 0.0129442
4837 5073 0.00124189 0.0296106
4837 5073 0.00124189 0.046277
4837 5073 0.00124189 0.0629435
4837 5073 0.00124189 0.0796099
4837 5073 0.00124189 0.0962763
4837 5073 0.00124189 0.112943
4837 5073 0.00124189 0.129609
4837 5073 0.00124189 0.146276
4837 5073 0.00124189 0.162942
4837 5073 0.00124189 0.179608
4837 5073 0.00124189 0.196275
4837 5073 0.00124189 0.212941
4837 5073 0.00124189 0.229608
4837 5073 0.00124189 0.246274
4837 5073 0.00124189 0.26294
4837 5073 0.00124189 0.279607
4837 5073 0.00124189 0.296273
4837 5073 0.00124189 0.31294
4837 5073 0.00124189 0.329606
4837 5073 0.00124189 0.346272
4837 5073 0.00124189 0.362939
4837 5073 0.00248378 0.379605
4837 5073 0.00372567 0.396272
4837 5073 0.00496756 0.412938
4836 5073 0.00620946 0.429605
4836 5073 0.00745135 0.446271
4836 5073 0.00869324 0.462937
4835 5073 0.00993513 0.479604
4835 5073 0.011177 0.49627
4835 5073 0.0124189 0.512937
4835 5073 0.0136608 0.529603
4834 5073 0.0149027 0.546269
4834 5073 0.0161446 0.562936
4833 5073 0.0173865 0.579602
4833 5073 0.0186284 0.596269
4832 5073 0.0198703 0.612935
4832 5073 0.0211121 0.629601
4832 5073 0.022354 0.646268
4832 5073 0.0235959 0.662934
4832 5073 0.0248378 0.679601
4829 5073 0.0260797 0.696267
4829 5073 0.0273216 0.712934
4829 5073 0.0285635 0.7296
4829 5073 0.0298054 0.746266
4829 5073 0.0310473 0.762933
4829 5073 0.0322892 0.779599
4829 5073 0.0335311 0.796266
4829 5073 0.0347729 0.812932
4829 5073 0.0360148 0.829598
4829 5073 0.0372567 0.846265
4829 5073 0.0384986 0.862931
4828 5073 0.0397405 0.879598
4828 5073 0.0409824 0.896264
4828 5073 0.0422243 0.91293
4828 5073 0.0434662 0.929597
4828 5073 0.0447081 0.946263
4828 5073 0.04595 0.96293
4828 5073 0.0471919 0.979596
4828 5073 0.0484338 0.996263
4828 5073 0.0496757 1.01293
4828 5073 0.0509176 1.0296
4828 5073 0.0521594 1.04626
4828 5073 0.0534013 1.06293
4828 5073 0.0546432 1.07959
4828 5073 0.0558851 1.09626
4828 5073 0.057127 1.11293
4828 5073 0.0583689 1.12959
4827 5073 0.0596108 1.14626
4827 5073 0.0608527 1.16293
4827 5073 0.0620946 1.17959
4827 5073 0.0633365 1.19626
4827 5073 0.0645784 1.21293
4827 5073 0.0658203 1.22959
4827 5073 0.0670622 1.24626
4827 5073 0.068304 1.26293
4827 5073 0.0695459 1.27959
4827 5073 0.0707878 1.29626
4827 5073 0.0720297 1.31292
4827 5073 0.0732716 1.32959
4826 5073 0.0745135 1.34626
4826 5073 0.0757554 1.36292
4826 5073 0.0769973 1.37959
4825 5073 0.0782392 1.39626
4824 5073 0.0794811 1.41292
4824 5073 0.080723 1.42959
4824 5073 0.0819649 1.44626
4824 5073 0.0832068 1.46292
4824 5073 0.0844487 1.47959
4824 5073 0.0856905 1.49625
4824 5073 0.0869324 1.51292
4823 5073 0.0881743 1.52959
4823 5073 0.0894162 1.54625
4823 5073 0.0906581 1.56292
4823 5073 0.0919 1.57959
4822 5073 0.0931419 1.59625
4822 5073 0.0943838 1.61292
4822 5073 0.0956257 1.62959
4822 5073 0.0968676 1.64625
4820 5073 0.0981095 1.66292
4820 5073 0.0993514 1.67959
4820 5073 0.100593 1.69625
4819 5073 0.101835 1.71292
4819 5073 0.103077 1.72958
4819 5073 0.104319 1.74625
4819 5073 0.105561 1.76292
4819 5073 0.106803 1.77958
4819 5073 0.108045 1.79625
4819 5073 0.109287 1.81292
4819 5073 0.110528 1.82958
4819 5073 0.11177 1.84625
4819 5073 0.113012 1.86292
4819 5073 0.114254 1.87958
4819 5073 0.115496 1.89625
4819 5073 0.116738 1.91292
4819 5073 0.11798 1.92958
4819 5073 0.119222 1.94625
4818 5073 0.120464 1.96291
4818 5073 0.121705 1.97958
4818 5073 0.122947 1.99625
4817 5073 0.124189 2.01291
4816 5073 0.125431 2.02958
4816 5073 0.126673 2.04625
4816 5073 0.127915 2.06291
4816 5073 0.129157 2.07958
4816 5073 0.130399 2.09625
4816 5073 0.131641 2.11291
4816 5073 0.132882 2.12958
4816 5073 0.134124 2.14625
4816 5073 0.135366 2.16291
4815 5073 0.136608 2.17958
4815 5073 0.13785 2.19624
4815 5073 0.139092 2.21291
4815 5073 0.140334 2.22958
4815 5073 0.141576 2.24624
4815 5073 0.142818 2.26291
4815 5073 0.144059 2.27958
4815 5073 0.145301 2.29624
4815 5073 0.146543 2.31291
4814 5073 0.147785 2.32958
4814 5073 0.149027 2.34624
4814 5073 0.150269 2.36291
4814 5073 0.151511 2.37957
4814 5073 0.152753 2.39624
4814 5073 0.153995 2.41291
4813 5073 0.155237 2.42957
4812 5073 0.156478 2.44624
4812 5073 0.15772 2.46291
4812 5073 0.158962 2.47957
4812 5073 0.160204 2.49624
4812 5073 0.161446 2.51291
4812 5073 0.162688 2.52957
4812 5073 0.16393 2.54624
4812 5073 0.165172 2.56291
4812 5073 0.166414 2.57957
4811 5073 0.167655 2.59624
4811 5073 0.168897 2.6129
4811 5073 0.170139 2.62957
4811 5073 0.171381 2.64624
4811 5073 0.172623 2.6629
4811 5073 0.173865 2.67957
4811 5073 0.175107 2.69624
4811 5073 0.176349 2.7129
4811 5073 0.177591 2.72957
4811 5073 0.178832 2.74624
4811 5073 0.180074 2.7629
4810 5073 0.181316 2.77957
4810 5073 0.182558 2.79624
4810 5073 0.1838 2.8129
4809 5073 0.185042 2.82957
4808 5073 0.186284 2.84623
4808 5073 0.187526 2.8629
4808 5073 0.188768 2.87957
4808 5073 0.19001 2.89623
4807 5073 0.191251 2.9129
4807 5073 0.192493 2.92957
4807 5073 0.193735 2.94623
4807 5073 0.194977 2.9629
4807 5073 0.196219 2.97957
4807 5073 0.197461 2.99623
4807 5073 0.198703 3.0129
4806 5073 0.199945 3.02956
4806 5073 0.201187 3.04623
4805 5073 0.202428 3.0629
4804 5073 0.20367 3.07956
4804 5073 0.204912 3.09623
4804 5073 0.206154 3.1129
4804 5073 0.207396 3.12956
4804 5073 0.208638 3.14623
4804 5073 0.20988 3.1629
4804 5073 0.211122 3.17956
4804 5073 0.212364 3.19623
4802 5073 0.213605 3.2129
4802 5073 0.214847 3.22956
4802 5073 0.216089 3.24623
4802 5073 0.217331 3.26289
4802 5073 0.218573 3.27956
4802 5073 0.219815 3.29623
4802 5073 0.221057 3.31289
4802 5073 0.222299 3.32956
4802 5073 0.223541 3.34623
4801 5073 0.224783 3.36289
4801 5073 0.226024 3.37956
4800 5073 0.227266 3.39623
4800 5073 0.228508 3.41289
4800 5073 0.22975 3.42956
4800 5073 0.230992 3.44623
4799 5073 0.232234 3.46289
4799 5073 0.233476 3.47956
4799 5073 0.234718 3.49622
4799 5073 0.23596 3.51289
4798 5073 0.237201 3.52956
4797 5073 0.238443 3.54622
4797 5073 0.239685 3.56289
4796 5073 0.240927 3.57956
4796 5073 0.242169 3.59622
4796 5073 0.243411 3.61289
4796 5073 0.244653 3.62956
4796 5073 0.245895 3.64622
4796 5073 0.247137 3.66289
4796 5073 0.248378 3.67955
4795 5073 0.24962 3.69622
4794 5073 0.250862 3.71289
4794 5073 0.252104 3.72955
4794 5073 0.253346 3.74622
4794 5073 0.254588 3.76289
4794 5073 0.25583 3.77955
4794 5073 0.257072 3.79622
4793 5073 0.258314 3.81289
4793 5073 0.259555 3.82955
4793 5073 0.260797 3.84622
4792 5073 0.262039 3.86289
4792 5073 0.263281 3.87955
4792 5073 0.264523 3.89622
4792 5073 0.265765 3.91288
4792 5073 0.267007 3.92955
4792 5073 0.268249 3.94622
4791 5073 0.269491 3.96288
4789 5073 0.270733 3.97955
4789 5073 0.271974 3.99622
4789 5073 0.273216 4.01288
4789 5073 0.274458 4.02955
4789 5073 0.2757 4.04622
4788 5073 0.276942 4.06288
4788 5073 0.278184 4.07955
4787 5073 0.279426 4.09622
4787 5073 0.280668 4.11288
4785 5073 0.28191 4.12955
4785 5073 0.283151 4.14621
4785 5073 0.284393 4.16288
4785 5073 0.285635 4.17955
4784 5073 0.286877 4.19621
4783 5073 0.288119 4.21288
4783 5073 0.289361 4.22955
4780 5073 0.290603 4.24621
4780 5073 0.291845 4.26288
4778 5073 0.293087 4.27955
4777 5073 0.294328 4.29621
4777 5073 0.29557 4.31288
4777 5073 0.296812 4.32955
4777 5073 0.298054 4.34621
4775 5073 0.299296 4.36288
4773 5073 0.300538 4.37954
4773 5073 0.30178 4.39621
4773 5073 0.303022 4.41288
4772 5073 0.304264 4.42954
4771 5073 0.305506 4.44621
4770 5073 0.306747 4.46288
4770 5073 0.307989 4.47954
4769 5073 0.309231 4.49621
4766 5073 0.310473 4.51288
4765 5073 0.311715 4.52954
4765 5073 0.312957 4.54621
4764 5073 0.314199 4.56287
4764 5073 0.315441 4.57954
4763 5073 0.316683 4.59621
4763 5073 0.317924 4.61287
4762 5073 0.319166 4.62954
4760 5073 0.320408 4.64621
4759 5073 0.32165 4.66287
4758 5073 0.322892 4.67954
4757 5073 0.324134 4.69621
4757 5073 0.325376 4.71287
4757 5073 0.326618 4.72954
4756 5073 0.32786 4.74621
4756 5073 0.329101 4.76287
4756 5073 0.330343 4.77954
4755 5073 0.331585 4.7962
4754 5073 0.332827 4.81287
4753 5073 0.334069 4.82954
4752 5073 0.335311 4.8462
4750 5073 0.336553 4.86287
4750 5073 0.337795 4.87954
4750 5073 0.339037 4.8962
4750 5073 0.340279 4.91287
4749 5073 0.34152 4.92954
4747 5073 0.342762 4.9462
4747 5073 0.344004 4.96287
4746 5073 0.345246 4.97954
4746 5073 0.346488 4.9962
4744 5073 0.34773 5.01287
4743 5073 0.348972 5.02953
4743 5073 0.350214 5.0462
4742 5073 0.351456 5.06287
4741 5073 0.352697 5.07953
4741 5073 0.353939 5.0962
4740 5073 0.355181 5.11287
4740 5073 0.356423 5.12953
4738 5073 0.357665 5.1462
4737 5073 0.358907 5.16287
4736 5073 0.360149 5.17953
4736 5073 0.361391 5.1962
4734 5073 0.362633 5.21286
4733 5073 0.363874 5.22953
4731 5073 0.365116 5.2462
4731 5073 0.366358 5.26286
4730 5073 0.3676 5.27953
4730 5073 0.368842 5.2962
4728 5073 0.370084 5.31286
4727 5073 0.371326 5.32953
4727 5073 0.372568 5.3462
4726 5073 0.37381 5.36286
4726 5073 0.375051 5.37953
4725 5073 0.376293 5.3962
4725 5073 0.377535 5.41286
4725 5073 0.378777 5.42953
4725 5073 0.380019 5.44619
4723 5073 0.381261 5.46286
4722 5073 0.382503 5.47953
4720 5073 0.383745 5.49619
4718 5073 0.384987 5.51286
4718 5073 0.386229 5.52953
4718 5073 0.38747 5.54619
4718 5073 0.388712 5.56286
4717 5073 0.389954 5.57953
4716 5073 0.391196 5.59619
4715 5073 0.392438 5.61286
4715 5073 0.39368 5.62953
4715 5073 0.394922 5.64619
4715 5073 0.396164 5.66286
4714 5073 0.397406 5.67952
4714 5073 0.398647 5.69619
4712 5073 0.399889 5.71286
4712 5073 0.401131 5.72952
4711 5073 0.402373 5.74619
4708 5073 0.403615 5.76286
4708 5073 0.404857 5.77952
4708 5073 0.406099 5.79619
4708 5073 0.407341 5.81286
4708 5073 0.408583 5.82952
4706 5073 0.409824 5.84619
4705 5073 0.411066 5.86285
4705 5073 0.412308 5.87952
4704 5073 0.41355 5.89619
4703 5073 0.414792 5.91285
4703 5073 0.416034 5.92952
4702 5073 0.417276 5.94619
4702 5073 0.418518 5.96285
4701 5073 0.41976 5.97952
4700 5073 0.421002 5.99619
4700 5073 0.422243 6.01285
4699 5073 0.423485 6.02952
4699 5073 0.424727 6.04619
4699 5073 0.425969 6.06285
4699 5073 0.427211 6.07952
4698 5073 0.428453 6.09618
4698 5073 0.429695 6.11285
4698 5073 0.430937 6.12952
4696 5073 0.432179 6.14618
4695 5073 0.43342 6.16285
4694 5073 0.434662 6.17952
4692 5073 0.435904 6.19618
4692 5073 0.437146 6.21285
4692 5073 0.438388 6.22952
4692 5073 0.43963 6.24618
4689 5073 0.440872 6.26285
4689 5073 0.442114 6.27952
4689 5073 0.443356 6.29618
4688 5073 0.444597 6.31285
4687 5073 0.445839 6.32951
4685 5073 0.447081 6.34618
4683 5073 0.448323 6.36285
4681 5073 0.449565 6.37951
4681 5073 0.450807 6.39618
4681 5073 0.452049 6.41285
4680 5073 0.453291 6.42951
4679 5073 0.454533 6.44618
4677 5073 0.455775 6.46285
4677 5073 0.457016 6.47951
4677 5073 0.458258 6.49618
4675 5073 0.4595 6.51285
4674 5073 0.460742 6.52951
4671 5073 0.461984 6.54618
4671 5073 0.463226 6.56284
4670 5073 0.464468 6.57951
4669 5073 0.46571 6.59618
4668 5073 0.466952 6.61284
4667 5073 0.468193 6.62951
4666 5073 0.469435 6.64618
4665 5073 0.470677 6.66284
4665 5073 0.471919 6.67951
4665 5073 0.473161 6.69618
4665 5073 0.474403 6.71284
4665 5073 0.475645 6.72951
4664 5073 0.476887 6.74617
4660 5073 0.478129 6.76284
4659 5073 0.47937 6.77951
4659 5073 0.480612 6.79617
4658 5073 0.481854 6.81284
4657 5073 0.483096 6.82951
4657 5073 0.484338 6.84617
4657 5073 0.48558 6.86284
4656 5073 0.486822 6.87951
4653 5073 0.488064 6.89617
4652 5073 0.489306 6.91284
4652 5073 0.490548 6.92951
4651 5073 0.491789 6.94617
4650 5073 0.493031 6.96284
4649 5073 0.494273 6.9795
4648 5073 0.495515 6.99617
4648 5073 0.496757 7.01284
4648 5073 0.497999 7.0295
4647 5073 0.499241 7.04617
4644 5073 0.500483 7.06284
4644 5073 0.501724 7.0795
4643 5073 0.502966 7.09617
4642 5073 0.504208 7.11284
4639 5073 0.50545 7.1295
4639 5073 0.506692 7.14617
4638 5073 0.507934 7.16284
4638 5073 0.509176 7.1795
4636 5073 0.510418 7.19617
4636 5073 0.511659 7.21283
4636 5073 0.512901 7.2295
4634 5073 0.514143 7.24617
4634 5073 0.515385 7.26283
4633 5073 0.516627 7.2795
4633 5073 0.517869 7.29617
4633 5073 0.519111 7.31283
4633 5073 0.520352 7.3295
4633 5073 0.521594 7.34617
4630 5073 0.522836 7.36283
4628 5073 0.524078 7.3795
4628 5073 0.52532 7.39616
4628 5073 0.526562 7.41283
4628 5073 0.527804 7.4295
4626 5073 0.529045 7.44616
4624 5073 0.530287 7.46283
4623 5073 0.531529 7.4795
4621 5073 0.532771 7.49616
4619 5073 0.534013 7.51283
4619 5073 0.535255 7.5295
4618 5073 0.536497 7.54616
4618 5073 0.537739 7.56283
4617 5073 0.53898 7.5795
4617 5073 0.540222 7.59616
4615 5073 0.541464 7.61283
4615 5073 0.542706 7.62949
4614 5073 0.543948 7.64616
4613 5073 0.54519 7.66283
4613 5073 0.546432 7.67949
4611 5073 0.547673 7.69616
4609 5073 0.548915 7.71283
4608 5073 0.550157 7.72949
4608 5073 0.551399 7.74616
4607 5073 0.552641 7.76283
4605 5073 0.553883 7.77949
4605 5073 0.555125 7.79616
4604 5073 0.556366 7.81283
4604 5073 0.557608 7.82949
4603 5073 0.55885 7.84616
4601 5073 0.560092 7.86282
4600 5073 0.561334 7.87949
4599 5073 0.562576 7.89616
4598 5073 0.563818 7.91282
4598 5073 0.565059 7.92949
4598 5073 0.566301 7.94616
4597 5073 0.567543 7.96282
4596 5073 0.568785 7.97949
4595 5073 0.570027 7.99616
4593 5073 0.571269 8.01282
4593 5073 0.572511 8.02949
4591 5073 0.573753 8.04615
4591 5073 0.574994 8.06282
4591 5073 0.576236 8.07949
4590 5073 0.577478 8.09615
4589 5073 0.57872 8.11282
4588 5073 0.579962 8.12949
4587 5073 0.581204 8.14615
4587 5073 0.582446 8.16282
4586 5073 0.583687 8.17949
4585 5073 0.584929 8.19615
4583 5073 0.586171 8.21282
4582 5073 0.587413 8.22949
4582 5073 0.588655 8.24615
4581 5073 0.589897 8.26282
4581 5073 0.591139 8.27948
4580 5073 0.59238 8.29615
4578 5073 0.593622 8.31282
4578 5073 0.594864 8.32948
4578 5073 0.596106 8.34615
4576 5073 0.597348 8.36282
4575 5073 0.59859 8.37948
4574 5073 0.599832 8.39615
4573 5073 0.601074 8.41282
4573 5073 0.602315 8.42948
4572 5073 0.603557 8.44615
4572 5073 0.604799 8.46282
4570 5073 0.606041 8.47948
4569 5073 0.607283 8.49615
4569 5073 0.608525 8.51281
4568 5073 0.609767 8.52948
4566 5073 0.611008 8.54615
4564 5073 0.61225 8.56281
4563 5073 0.613492 8.57948
4561 5073 0.614734 8.59615
4561 5073 0.615976 8.61281
4560 5073 0.617218 8.62948
4559 5073 0.61846 8.64615
4556 5073 0.619701 8.66281
4556 5073 0.620943 8.67948
4556 5073 0.622185 8.69615
4554 5073 0.623427 8.71281
4554 5073 0.624669 8.72948
4554 5073 0.625911 8.74614
4553 5073 0.627153 8.76281
4550 5073 0.628394 8.77948
4549 5073 0.629636 8.79614
4548 5073 0.630878 8.81281
4547 5073 0.63212 8.82948
4546 5073 0.633362 8.84614
4545 5073 0.634604 8.86281
4545 5073 0.635846 8.87948
4544 5073 0.637088 8.89614
4543 5073 0.638329 8.91281
4542 5073 0.639571 8.92947
4541 5073 0.640813 8.94614
4540 5073 0.642055 8.96281
4538 5073 0.643297 8.97947
4538 5073 0.644539 8.99614
4537 5073 0.645781 9.01281
4535 5073 0.647022 9.02947
4534 5073 0.648264 9.04614
4533 5073 0.649506 9.06281
4532 5073 0.650748 9.07947
4531 5073 0.65199 9.09614
4529 5073 0.653232 9.11281
4529 5073 0.654474 9.12947
4527 5073 0.655715 9.14614
4527 5073 0.656957 9.1628
4526 5073 0.658199 9.17947
4526 5073 0.659441 9.19614
4526 5073 0.660683 9.2128
4523 5073 0.661925 9.22947
4522 5073 0.663167 9.24614
4521 5073 0.664409 9.2628
4521 5073 0.66565 9.27947
4520 5073 0.666892 9.29614
4519 5073 0.668134 9.3128
4518 5073 0.669376 9.32947
4516 5073 0.670618 9.34614
4515 5073 0.67186 9.3628
4514 5073 0.673102 9.37947
4513 5073 0.674343 9.39613
4513 5073 0.675585 9.4128
4512 5073 0.676827 9.42947
4511 5073 0.678069 9.44613
4510 5073 0.679311 9.4628
4509 5073 0.680553 9.47947
4507 5073 0.681795 9.49613
4507 5073 0.683036 9.5128
4505 5073 0.684278 9.52947
4504 5073 0.68552 9.54613
4502 5073 0.686762 9.5628
4500 5073 0.688004 9.57946
4500 5073 0.689246 9.59613
4499 5073 0.690488 9.6128
4497 5073 0.691729 9.62946
4496 5073 0.692971 9.64613
4496 5073 0.694213 9.6628
4495 5073 0.695455 9.67946
4493 5073 0.696697 9.69613
4491 5073 0.697939 9.7128
4491 5073 0.699181 9.72946
4489 5073 0.700423 9.74613
4487 5073 0.701664 9.7628
4487 5073 0.702906 9.77946
4487 5073 0.704148 9.79613
4487 5073 0.70539 9.81279
4484 5073 0.706632 9.82946
4483 5073 0.707874 9.84613
4481 5073 0.709116 9.86279
4480 5073 0.710357 9.87946
4479 5073 0.711599 9.89613
4478 5073 0.712841 9.91279
4477 5073 0.714083 9.92946
4474 5073 0.715325 9.94613
4473 5073 0.716567 9.96279
4473 5073 0.717809 9.97946
4472 5073 0.71905 9.99613
4471 5073 0.720292 10.0128
4471 5073 0.721534 10.0295
4469 5073 0.722776 10.0461
4467 5073 0.724018 10.0628
4467 5073 0.72526 10.0795
4466 5073 0.726502 10.0961
4464 5073 0.727744 10.1128
4463 5073 0.728985 10.1295
4463 5073 0.730227 10.1461
4461 5073 0.731469 10.1628
4459 5073 0.732711 10.1795
4458 5073 0.733953 10.1961
4456 5073 0.735195 10.2128
4454 5073 0.736437 10.2295
4452 5073 0.737678 10.2461
4452 5073 0.73892 10.2628
4451 5073 0.740162 10.2795
4451 5073 0.741404 10.2961
4450 5073 0.742646 10.3128
4447 5073 0.743888 10.3295
4445 5073 0.74513 10.3461
4444 5073 0.746371 10.3628
4443 5073 0.747613 10.3795
4441 5073 0.748855 10.3961
4440 5073 0.750097 10.4128
4440 5073 0.751339 10.4295
4438 5073 0.752581 10.4461
4437 5073 0.753823 10.4628
4435 5073 0.755064 10.4795
4435 5073 0.756306 10.4961
4433 5073 0.757548 10.5128
4433 5073 0.75879 10.5295
4431 5073 0.760032 10.5461
4429 5073 0.761274 10.5628
4428 5073 0.762516 10.5794
4426 5073 0.763758 10.5961
4426 5073 0.764999 10.6128
4425 5073 0.766241 10.6294
4423 5073 0.767483 10.6461
4422 5073 0.768725 10.6628
4421 5073 0.769967 10.6794
4420 5073 0.771209 10.6961
4417 5073 0.772451 10.7128
4417 5073 0.773692 10.7294
4417 5073 0.774934 10.7461
4416 5073 0.776176 10.7628
4414 5073 0.777418 10.7794
4412 5073 0.77866 10.7961
4410 5073 0.779902 10.8128
4409 5073 0.781144 10.8294
4409 5073 0.782385 10.8461
4406 5073 0.783627 10.8628
4406 5073 0.784869 10.8794
4405 5073 0.786111 10.8961
4403 5073 0.787353 10.9128
4402 5073 0.788595 10.9294
4400 5073 0.789837 10.9461
4400 5073 0.791079 10.9628
4399 5073 0.79232 10.9794
4397 5073 0.793562 10.9961
4394 5073 0.794804 11.0128
4393 5073 0.796046 11.0294
4392 5073 0.797288 11.0461
4390 5073 0.79853 11.0628
4389 5073 0.799772 11.0794
4389 5073 0.801013 11.0961
4387 5073 0.802255 11.1128
4387 5073 0.803497 11.1294
4385 5073 0.804739 11.1461
4383 5073 0.805981 11.1628
4382 5073 0.807223 11.1794
4381 5073 0.808465 11.1961
4381 5073 0.809706 11.2128
4380 5073 0.810948 11.2294
4379 5073 0.81219 11.2461
4378 5073 0.813432 11.2628
4376 5073 0.814674 11.2794
4375 5073 0.815916 11.2961
4373 5073 0.817158 11.3128
4373 5073 0.818399 11.3294
4372 5073 0.819641 11.3461
4372 5073 0.820883 11.3628
4370 5073 0.822125 11.3794
4370 5073 0.823367 11.3961
4369 5073 0.824609 11.4128
4367 5073 0.825851 11.4294
4365 5073 0.827093 11.4461
4364 5073 0.828334 11.4628
4363 5073 0.829576 11.4794
4363 5073 0.830818 11.4961
4363 5073 0.83206 11.5128
4361 5073 0.833302 11.5294
4360 5073 0.834544 11.5461
4359 5073 0.835786 11.5628
4358 5073 0.837027 11.5794
4356 5073 0.838269 11.5961
4355 5073 0.839511 11.6128
4353 5073 0.840753 11.6294
4351 5073 0.841995 11.6461
4351 5073 0.843237 11.6628
4350 5073 0.844479 11.6794
4350 5073 0.84572 11.6961
4347 5073 0.846962 11.7128
4344 5073 0.848204 11.7294
4343 5073 0.849446 11.7461
4341 5073 0.850688 11.7628
4341 5073 0.85193 11.7794
4340 5073 0.853172 11.7961
4339 5073 0.854414 11.8128
4337 5073 0.855655 11.8294
4334 5073 0.856897 11.8461
4332 5073 0.858139 11.8628
4332 5073 0.859381 11.8794
4330 5073 0.860623 11.8961
4328 5073 0.861865 11.9128
4328 5073 0.863107 11.9294
4326 5073 0.864348 11.9461
4325 5073 0.86559 11.9628
4324 5073 0.866832 11.9794
4323 5073 0.868074 11.9961
4320 5073 0.869316 12.0128
4320 5073 0.870558 12.0294
4318 5073 0.8718 12.0461
4318 5073 0.873041 12.0628
4315 5073 0.874283 12.0794
4314 5073 0.875525 12.0961
4312 5073 0.876767 12.1128
4310 5073 0.878009 12.1294
4309 5073 0.879251 12.1461
4306 5073 0.880493 12.1628
4305 5073 0.881734 12.1794
4305 5073 0.882976 12.1961
4302 5073 0.884218 12.2128
4301 5073 0.88546 12.2294
4298 5073 0.886702 12.2461
4298 5073 0.887944 12.2628
4297 5073 0.889186 12.2794
4297 5073 0.890428 12.2961
4293 5073 0.891669 12.3128
4292 5073 0.892911 12.3294
4290 5073 0.894153 12.3461
4289 5073 0.895395 12.3628
4286 5073 0.896637 12.3794
4285 5073 0.897879 12.3961
4284 5073 0.899121 12.4128
4282 5073 0.900362 12.4294
4280 5073 0.901604 12.4461
4279 5073 0.902846 12.4628
4277 5073 0.904088 12.4794
4276 5073 0.90533 12.4961
4275 5073 0.906572 12.5128
4273 5073 0.907814 12.5294
4272 5073 0.909055 12.5461
4270 5073 0.910297 12.5628
4267 5073 0.911539 12.5794
4265 5073 0.912781 12.5961
4265 5073 0.914023 12.6128
4264 5073 0.915265 12.6294
4262 5073 0.916507 12.6461
4260 5073 0.917749 12.6628
4260 5073 0.91899 12.6794
4258 5073 0.920232 12.6961
4257 5073 0.921474 12.7128
4255 5073 0.922716 12.7294
4254 5073 0.923958 12.7461
4253 5073 0.9252 12.7627
4251 5073 0.926442 12.7794
4248 5073 0.927683 12.7961
4247 5073 0.928925 12.8127
4246 5073 0.930167 12.8294
4245 5073 0.931409 12.8461
4244 5073 0.932651 12.8627
4241 5073 0.933893 12.8794
4240 5073 0.935135 12.8961
4240 5073 0.936376 12.9127
4236 5073 0.937618 12.9294
4234 5073 0.93886 12.9461
4234 5073 0.940102 12.9627
4232 5073 0.941344 12.9794
4229 5073 0.942586 12.9961
4229 5073 0.943828 13.0127
4226 5073 0.945069 13.0294
4225 5073 0.946311 13.0461
4223 5073 0.947553 13.0627
4222 5073 0.948795 13.0794
4222 5073 0.950037 13.0961
4219 5073 0.951279 13.1127
4217 5073 0.952521 13.1294
4216 5073 0.953763 13.1461
4214 5073 0.955004 13.1627
4212 5073 0.956246 13.1794
4210 5073 0.957488 13.1961
4209 5073 0.95873 13.2127
4209 5073 0.959972 13.2294
4208 5073 0.961214 13.2461
4206 5073 0.962456 13.2627
4205 5073 0.963697 13.2794
4204 5073 0.964939 13.2961
4202 5073 0.966181 13.3127
4200 5073 0.967423 13.3294
4198 5073 0.968665 13.3461
4198 5073 0.969907 13.3627
4196 5073 0.971149 13.3794
4192 5073 0.97239 13.3961
4192 5073 0.973632 13.4127
4190 5073 0.974874 13.4294
4186 5073 0.976116 13.4461
4186 5073 0.977358 13.4627
4185 5073 0.9786 13.4794
4182 5073 0.979842 13.4961
4181 5073 0.981084 13.5127
4181 5073 0.982325 13.5294
4177 5073 0.983567 13.5461
4175 5073 0.984809 13.5627
4175 5073 0.986051 13.5794
4171 5073 0.987293 13.5961
4169 5073 0.988535 13.6127
4167 5073 0.989777 13.6294
4164 5073 0.991018 13.6461
4161 5073 0.99226 13.6627
4160 5073 0.993502 13.6794
4160 5073 0.994744 13.6961
4156 5073 0.995986 13.7127
4156 5073 0.997228 13.7294
4154 5073 0.99847 13.7461
4149 5073 0.999711 13.7627
4148 5073 1.00095 13.7794
4146 5073 1.0022 13.7961
4144 5073 1.00344 13.8127
4142 5073 1.00468 13.8294
4139 5073 1.00592 13.8461
4139 5073 1.00716 13.8627
4137 5073 1.0084 13.8794
4135 5073 1.00965 13.8961
4131 5073 1.01089 13.9127
4131 5073 1.01213 13.9294
4130 5073 1.01337 13.9461
4128 5073 1.01461 13.9627
4125 5073 1.01586 13.9794
4124 5073 1.0171 13.9961
4122 5073 1.01834 14.0127
4120 5073 1.01958 14.0294
4119 5073 1.02082 14.0461
4115 5073 1.02207 14.0627
4113 5073 1.02331 14.0794
4112 5073 1.02455 14.0961
4109 5073 1.02579 14.1127
4107 5073 1.02703 14.1294
4106 5073 1.02828 14.1461
4104 5073 1.02952 14.1627
4101 5073 1.03076 14.1794
4100 5073 1.032 14.1961
4098 5073 1.03324 14.2127
4096 5073 1.03449 14.2294
4094 5073 1.03573 14.2461
4091 5073 1.03697 14.2627
4089 5073 1.03821 14.2794
4088 5073 1.03945 14.2961
4085 5073 1.04069 14.3127
4085 5073 1.04194 14.3294
4081 5073 1.04318 14.3461
4079 5073 1.04442 14.3627
4077 5073 1.04566 14.3794
4075 5073 1.0469 14.3961
4072 5073 1.04815 14.4127
4070 5073 1.04939 14.4294
4069 5073 1.05063 14.4461
4067 5073 1.05187 14.4627
4065 5073 1.05311 14.4794
4063 5073 1.05436 14.4961
4061 5073 1.0556 14.5127
4059 5073 1.05684 14.5294
4057 5073 1.05808 14.5461
4055 5073 1.05932 14.5627
4053 5073 1.06057 14.5794
4050 5073 1.06181 14.5961
4049 5073 1.06305 14.6127
4046 5073 1.06429 14.6294
4045 5073 1.06553 14.6461
4042 5073 1.06678 14.6627
4040 5073 1.06802 14.6794
4038 5073 1.06926 14.6961
4034 5073 1.0705 14.7127
4033 5073 1.07174 14.7294
4030 5073 1.07298 14.7461
4026 5073 1.07423 14.7627
4026 5073 1.07547 14.7794
4024 5073 1.07671 14.7961
4022 5073 1.07795 14.8127
4020 5073 1.07919 14.8294
4019 5073 1.08044 14.8461
4014 5073 1.08168 14.8627
4014 5073 1.08292 14.8794
4013 5073 1.08416 14.8961
4009 5073 1.0854 14.9127
4007 5073 1.08665 14.9294
4005 5073 1.08789 14.946
4003 5073 1.08913 14.9627
4001 5073 1.09037 14.9794
3998 5073 1.09161 14.996
3996 5073 1.09286 15.0127
3993 5073 1.0941 15.0294
3991 5073 1.09534 15.046
3988 5073 1.09658 15.0627
3984 5073 1.09782 15.0794
3984 5073 1.09907 15.096
3979 5073 1.10031 15.1127
3977 5073 1.10155 15.1294
3976 5073 1.10279 15.146
3971 5073 1.10403 15.1627
3969 5073 1.10527 15.1794
3966 5073 1.10652 15.196
3965 5073 1.10776 15.2127
3963 5073 1.109 15.2294
3959 5073 1.11024 15.246
3957 5073 1.11148 15.2627
3955 5073 1.11273 15.2794
3950 5073 1.11397 15.296
3949 5073 1.11521 15.3127
3945 5073 1.11521 15.3294
3943 5073 1.11521 15.346
3939 5073 1.11521 15.3627
3936 5073 1.11521 15.3794
3935 5073 1.11521 15.396
3932 5073 1.11521 15.4127
3928 5073 1.11521 15.4294
3927 5073 1.11521 15.446
3926 5073 1.11521 15.4627
3922 5073 1.11521 15.4794
3919 5073 1.11521 15.496
3915 5073 1.11521 15.5127
3914 5073 1.11521 15.5294
3913 5073 1.11521 15.546
3908 5073 1.11521 15.5627
3907 5073 1.11521 15.5794
3904 5073 1.11521 15.596
3902 5073 1.11521 15.6127
3899 5073 1.11521 15.6294
3895 5073 1.11521 15.646
3891 5073 1.11521 15.6627
3889 5073 1.11521 15.6794
3888 5073 1.11521 15.696
3884 5073 1.11521 15.7127
3880 5073 1.11521 15.7294
3878 5073 1.11521 15.746
3878 5073 1.11521 15.7627
3873 5073 1.11521 15.7794
3869 5073 1.11521 15.796
3867 5073 1.11521 15.8127
3864 5073 1.11521 15.8294
3861 5073 1.11521 15.846
3858 5073 1.11521 15.8627
3856 5073 1.11521 15.8794
3854 5073 1.11521 15.896
3850 5073 1.11521 15.9127
3848 5073 1.11521 15.9294
3846 5073 1.11521 15.946
3842 5073 1.11521 15.9627
3841 5073 1.11521 15.9794
3837 5073 1.11521 15.996
3835 5073 1.11521 16.0127
3832 5073 1.11521 16.0294
3830 5073 1.11521 16.046
3829 5073 1.11521 16.0627
3824 5073 1.11521 16.0794
3823 5073 1.11521 16.096
3821 5073 1.11521 16.1127
3817 5073 1.11521 16.1294
3815 5073 1.11521 16.146
3813 5073 1.11521 16.1627
3811 5073 1.11521 16.1794
3808 5073 1.11521 16.196
3806 5073 1.11521 16.2127
3804 5073 1.11521 16.2294
3800 5073 1.11521 16.246
3799 5073 1.11521 16.2627
3798 5073 1.11521 16.2794
3796 5073 1.11521 16.296
3794 5073 1.11521 16.3127
3792 5073 1.11521 16.3294
3790 5073 1.11521 16.346
3789 5073 1.11521 16.3627
3785 5073 1.11521 16.3794
3785 5073 1.11521 16.396
3784 5073 1.11521 16.4127
3780 5073 1.11521 16.4294
3779 5073 1.11521 16.446
3776 5073 1.11521 16.4627
3775 5073 1.11521 16.4794
3775 5073 1.11521 16.496
3772 5073 1.11521 16.5127
3770 5073 1.11521 16.5294
3769 5073 1.11521 16.546
3769 5073 1.11521 16.5627
3768 5073 1.11521 16.5794
3765 5073 1.11521 16.596
3763 5073 1.11521 16.6127
3761 5073 1.11521 16.6294
3760 5073 1.11521 16.646
3758 5073 1.11521 16.6627
3758 5073 1.11521 16.6794
3757 5073 1.11521 16.696
3757 5073 1.11521 16.7127
3755 5073 1.11521 16.7294
3754 5073 1.11521 16.746
3753 5073 1.11521 16.7627
3753 5073 1.11521 16.7794
3751 5073 1.11521 16.796
3749 5073 1.11521 16.8127
3747 5073 1.11521 16.8294
3747 5073 1.11521 16.846
3747 5073 1.11521 16.8627
3746 5073 1.11521 16.8794
3742 5073 1.11521 16.896
3742 5073 1.11521 16.9127
3742 5073 1.11521 16.9294
3739 5073 1.11521 16.946
3738 5073 1.11521 16.9627
3738 5073 1.11521 16.9794
3738 5073 1.11521 16.996
3736 5073 1.11521 17.0127
3734 5073 1.11521 17.0294
3733 5073 1.11521 17.046
3733 5073 1.11521 17.0627
3732 5073 1.11521 17.0793
3732 5073 1.11521 17.096
3731 5073 1.11521 17.1127
3730 5073 1.11521 17.1293
3729 5073 1.11521 17.146
3729 5073 1.11521 17.1627
3728 5073 1.11521 17.1793
3727 5073 1.11521 17.196
3725 5073 1.11521 17.2127
3725 5073 1.11521 17.2293
3724 5073 1.11521 17.246
3723 5073 1.11521 17.2627
3722 5073 1.11521 17.2793
3721 5073 1.11521 17.296
3721 5073 1.11521 17.3127
3720 5073 1.11521 17.3293
3717 5073 1.11521 17.346
3717 5073 1.11521 17.3627
3717 5073 1.11521 17.3793
3716 5073 1.11521 17.396
3716 5073 1.11521 17.4127
3716 5073 1.11521 17.4293
3716 5073 1.11521 17.446
3713 5073 1.11521 17.4627
3713 5073 1.11521 17.4793
3712 5073 1.11521 17.496
3711 5073 1.11521 17.5127
3711 5073 1.11521 17.5293
3710 5073 1.11521 17.546
3709 5073 1.11521 17.5627
3709 5073 1.11521 17.5793
3708 5073 1.11521 17.596
3707 5073 1.11521 17.6127
3707 5073 1.11521 17.6293
3706 5073 1.11521 17.646
3705 5073 1.11521 17.6627
3705 5073 1.11521 17.6793
3703 5073 1.11521 17.696
3703 5073 1.11521 17.7127
3703 5073 1.11521 17.7293
3703 5073 1.11521 17.746
3703 5073 1.11521 17.7627
3702 5073 1.11521 17.7793
3702 5073 1.11521 17.796
3701 5073 1.11521 17.8127
3700 5073 1.11521 17.8293
3700 5073 1.11521 17.846
3699 5073 1.11521 17.8627
3699 5073 1.11521 17.8793
3698 5073 1.11521 17.896
3698 5073 1.11521 17.9127
3697 5073 1.11521 17.9293
3697 5073 1.11521 17.946
3697 5073 1.11521 17.9627
3696 5073 1.11521 17.9793
3696 5073 1.11521 17.996
3696 5073 1.11521 18.0127
3695 5073 1.11521 18.0293
3695 5073 1.11521 18.046
3694 5073 1.11521 18.0627
3694 5073 1.11521 18.0793
3694 5073 1.11521 18.096
3693 5073 1.11521 18.1127
3693 5073 1.11521 18.1293
3693 5073 1.11521 18.146
3693 5073 1.11521 18.1627
3692 5073 1.11521 18.1793
3692 5073 1.11521 18.196
3691 5073 1.11521 18.2127
3691 5073 1.11521 18.2293
3690 5073 1.11521 18.246
3690 5073 1.11521 18.2627
3690 5073 1.11521 18.2793
3690 5073 1.11521 18.296
3688 5073 1.11521 18.3127
3688 5073 1.11521 18.3293
3687 5073 1.11521 18.346
3687 5073 1.11521 18.3627
3687 5073 1.11521 18.3793
3685 5073 1.11521 18.396
3685 5073 1.11521 18.4127
3685 5073 1.11521 18.4293
3685 5073 1.11521 18.446
3685 5073 1.11521 18.4627
3684 5073 1.11521 18.4793
3683 5073 1.11521 18.496
3682 5073 1.11521 18.5127
3682 5073 1.11521 18.5293
3682 5073 1.11521 18.546
3682 5073 1.11521 18.5627
3681 5073 1.11521 18.5793
3681 5073 1.11521 18.596
3680 5073 1.11521 18.6127
3680 5073 1.11521 18.6293
3679 5073 1.11521 18.646
3679 5073 1.11521 18.6627
3679 5073 1.11521 18.6793
3679 5073 1.11521 18.696
3679 5073 1.11521 18.7127
3678 5073 1.11521 18.7293
3678 5073 1.11521 18.746
3678 5073 1.11521 18.7627
3677 5073 1.11521 18.7793
3676 5073 1.11521 18.796
3676 5073 1.11521 18.8127
3676 5073 1.11521 18.8293
3676 5073 1.11521 18.846
3676 5073 1.11521 18.8627
3676 5073 1.11521 18.8793
3676 5073 1.11521 18.896
3676 5073 1.11521 18.9127
3676 5073 1.11521 18.9293
3675 5073 1.11521 18.946
3673 5073 1.11521 18.9627
3673 5073 1.11521 18.9793
3673 5073 1.11521 18.996
3673 5073 1.11521 19.0127
3673 5073 1.11521 19.0293
3673 5073 1.11521 19.046
3673 5073 1.11521 19.0627
3673 5073 1.11521 19.0793
3673 5073 1.11521 19.096
3671 5073 1.11521 19.1127
3671 5073 1.11521 19.1293
3671 5073 1.11521 19.146
3670 5073 1.11521 19.1627
3670 5073 1.11521 19.1793
3670 5073 1.11521 19.196
3669 5073 1.11521 19.2127
3669 5073 1.11521 19.2293
3668 5073 1.11521 19.246
3668 5073 1.11521 19.2626
3668 5073 1.11521 19.2793
3668 5073 1.11521 19.296
3668 5073 1.11521 19.3126
3668 5073 1.11521 19.3293
3668 5073 1.11521 19.346
3667 5073 1.11521 19.3626
3667 5073 1.11521 19.3793
3667 5073 1.11521 19.396
3667 5073 1.11521 19.4126
3667 5073 1.11521 19.4293
3666 5073 1.11521 19.446
3666 5073 1.11521 19.4626
3666 5073 1.11521 19.4793
3666 5073 1.11521 19.496
3666 5073 1.11521 19.5126
3664 5073 1.11521 19.5293
3664 5073 1.11521 19.546
3664 5073 1.11521 19.5626
3664 5073 1.11521 19.5793
3664 5073 1.11521 19.596
3664 5073 1.11521 19.6126
3664 5073 1.11521 19.6293
3664 5073 1.11521 19.646
3664 5073 1.11521 19.6626
3663 5073 1.11521 19.6793
3663 5073 1.11521 19.696
3662 5073 1.11521 19.7126
3662 5073 1.11521 19.7293
3662 5073 1.11521 19.746
3662 5073 1.11521 19.7626
3661 5073 1.11521 19.7793
3661 5073 1.11521 19.796
3661 5073 1.11521 19.8126
3661 5073 1.11521 19.8293
3660 5073 1.11521 19.846
3660 5073 1.11521 19.8626
3660 5073 1.11521 19.8793
3660 5073 1.11521 19.896
3659 5073 1.11521 19.9126
3659 5073 1.11521 19.9293
3659 5073 1.11521 19.946
3659 5073 1.11521 19.9626
3659 5073 1.11521 19.9793
3659 5073 1.11521 19.996
3659 5073 1.11521 20.0126
3659 5073 1.11521 20.0293
3659 5073 1.11521 20.046
3659 5073 1.11521 20.0626
3658 5073 1.11521 20.0793
3657 5073 1.11521 20.096
3657 5073 1.11521 20.1126
3657 5073 1.11521 20.1293
3657 5073 1.11521 20.146
3657 5073 1.11521 20.1626
3656 5073 1.11521 20.1793
3655 5073 1.11521 20.196
3655 5073 1.11521 20.2126
3655 5073 1.11521 20.2293
3655 5073 1.11521 20.246
3655 5073 1.11521 20.2626
3655 5073 1.11521 20.2793
3654 5073 1.11521 20.296
3654 5073 1.11521 20.3126
3654 5073 1.11521 20.3293
3653 5073 1.11521 20.346
3653 5073 1.11521 20.3626
3653 5073 1.11521 20.3793
3653 5073 1.11521 20.396
3653 5073 1.11521 20.4126
3653 5073 1.11521 20.4293
3653 5073 1.11521 20.446
3653 5073 1.11521 20.4626
3653 5073 1.11521 20.4793
3653 5073 1.11521 20.496
3653 5073 1.11521 20.5126
3653 5073 1.11521 20.5293
3653 5073 1.11521 20.546
3653 5073 1.11521 20.5626
3653 5073 1.11521 20.5793
3653 5073 1.11521 20.596
3653 5073 1.11521 20.6126
3653 5073 1.11521 20.6293
3653 5073 1.11521 20.646
3653 5073 1.11521 20.6626
3652 5073 1.11521 20.6793
3652 5073 1.11521 20.696
3651 5073 1.11521 20.7126
3651 5073 1.11521 20.7293
3650 5073 1.11521 20.746
3650 5073 1.11521 20.7626
3650 5073 1.11521 20.7793
3650 5073 1.11521 20.796
3650 5073 1.11521 20.8126
3650 5073 1.11521 20.8293
3650 5073 1.11521 20.846
3649 5073 1.11521 20.8626
3648 5073 1.11521 20.8793
3648 5073 1.11521 20.896
3648 5073 1.11521 20.9126
3648 5073 1.11521 20.9293
3648 5073 1.11521 20.946
3648 5073 1.11521 20.9626
3648 5073 1.11521 20.9793
3648 5073 1.11521 20.996
3648 5073 1.11521 21.0126
3648 5073 1.11521 21.0293
3647 5073 1.11521 21.046
3647 5073 1.11521 21.0626
3647 5073 1.11521 21.0793
3647 5073 1.11521 21.096
3647 5073 1.11521 21.1126
3646 5073 1.11521 21.1293
3646 5073 1.11521 21.146
3646 5073 1.11521 21.1626
3646 5073 1.11521 21.1793
3646 5073 1.11521 21.196
3646 5073 1.11521 21.2126
3646 5073 1.11521 21.2293
3646 5073 1.11521 21.246
3646 5073 1.11521 21.2626
3646 5073 1.11521 21.2793
3646 5073 1.11521 21.296
3645 5073 1.11521 21.3126
3645 5073 1.11521 21.3293
3645 5073 1.11521 21.346
3645 5073 1.11521 21.3626
3645 5073 1.11521 21.3793
3645 5073 1.11521 21.396
3645 5073 1.11521 21.4126
3643 5073 1.11521 21.4293
3643 5073 1.11521 21.4459
3643 5073 1.11521 21.4626
3643 5073 1.11521 21.4793
3643 5073 1.11521 21.4959
3643 5073 1.11521 21.5126
3642 5073 1.11521 21.5293
3642 5073 1.11521 21.5459
3642 5073 1.11521 21.5626
3642 5073 1.11521 21.5793
3642 5073 1.11521 21.5959
3642 5073 1.11521 21.6126
3642 5073 1.11521 21.6293
3642 5073 1.11521 21.6459
3641 5073 1.11521 21.6626
3641 5073 1.11521 21.6793
3641 5073 1.11521 21.6959
3641 5073 1.11521 21.7126
3641 5073 1.11521 21.7293
3641 5073 1.11521 21.7459
3641 5073 1.11521 21.7626
3641 5073 1.11521 21.7793
3641 5073 1.11521 21.7959
3641 5073 1.11521 21.8126
3640 5073 1.11521 21.8293
3639 5073 1.11521 21.8459
3638 5073 1.11521 21.8626
3638 5073 1.11521 21.8793
3638 5073 1.11521 21.8959
3638 5073 1.11521 21.9126
3638 5073 1.11521 21.9293
3638 5073 1.11521 21.9459
3638 5073 1.11521 21.9626
3638 5073 1.11521 21.9793
3638 5073 1.11521 21.9959
3638 5073 1.11521 22.0126
3638 5073 1.11521 22.0293
3638 5073 1.11521 22.0459
3638 5073 1.11521 22.0626
3638 5073 1.11521 22.0793
3638 5073 1.11521 22.0959
3638 5073 1.11521 22.1126
3638 5073 1.11521 22.1293
3638 5073 1.11521 22.1459
3638 5073 1.11521 22.1626
3638 5073 1.11521 22.1793
3638 5073 1.11521 22.1959
3638 5073 1.11521 22.2126
