24306 24397 0.00297677 0.00310135
24305 24397 0.00297677 0.0197678
24304 24397 0.00297677 0.0364342
24304 24397 0.00297677 0.0531006
24303 24397 0.00297677 0.069767
24303 24397 0.00297677 0.0864334
24302 24397 0.00297677 0.1031
24301 24397 0.00297677 0.119766
24300 24397 0.00297677 0.136433
24299 24397 0.00297677 0.153099
24298 24397 0.00297677 0.169765
24296 24397 0.00297677 0.186432
24296 24397 0.00297677 0.203098
24295 24397 0.00297677 0.219765
24294 24397 0.00297677 0.236431
24294 24397 0.00297677 0.253098
24293 24397 0.00297677 0.269764
24293 24397 0.00297677 0.28643
24290 24397 0.00297677 0.303097
24290 24397 0.00297677 0.319763
24290 24397 0.00297677 0.33643
24289 24397 0.00297677 0.353096
24289 24397 0.00297677 0.369762
24289 24397 0.00297677 0.386429
24288 24397 0.00297677 0.403095
24287 24397 0.00297677 0.419762
24287 24397 0.00297677 0.436428
24287 24397 0.00297677 0.453094
24287 24397 0.00297677 0.469761
24287 24397 0.00297677 0.486427
24287 24397 0.00297677 0.503094
24287 24397 0.00297677 0.51976
24287 24397 0.00297677 0.536427
24286 24397 0.00297677 0.553093
24286 24397 0.00297677 0.569759
24286 24397 0.00297677 0.586426
24286 24397 0.00297677 0.603092
24286 24397 0.00297677 0.619759
24286 24397 0.00297677 0.636425
24285 24397 0.00297677 0.653091
24284 24397 0.00297677 0.669758
24284 24397 0.00297677 0.686424
24284 24397 0.00297677 0.703091
24284 24397 0.00297677 0.719757
24284 24397 0.00297677 0.736423
24284 24397 0.00297677 0.75309
24284 24397 0.00297677 0.769756
24284 24397 0.00297677 0.786423
24283 24397 0.00297677 0.803089
24281 24397 0.00297677 0.819756
24281 24397 0.00297677 0.836422
24281 24397 0.00297677 0.853088
24281 24397 0.00297677 0.869755
24281 24397 0.00297677 0.886421
24281 24397 0.00297677 0.903088
24281 24397 0.00297677 0.919754
24281 24397 0.00297677 0.93642
24281 24397 0.00297677 0.953087
24281 24397 0.00297677 0.969753
24281 24397 0.00297677 0.98642
24281 24397 0.00297677 1.00309
24281 24397 0.00297677 1.01975
24281 24397 0.00297677 1.03642
24281 24397 0.00297677 1.05309
24281 24397 0.00297677 1.06975
24281 24397 0.00297677 1.08642
24281 24397 0.00297677 1.10308
24281 24397 0.00297677 1.11975
24281 24397 0.00297677 1.13642
24281 24397 0.00297677 1.15308
24281 24397 0.00297677 1.16975
24281 24397 0.00595353 1.18642
24281 24397 0.0089303 1.20308
24281 24397 0.0119071 1.21975
24281 24397 0.0148838 1.23642
24281 24397 0.0178606 1.25308
24281 24397 0.0208374 1.26975
24279 24397 0.0238141 1.28642
24279 24397 0.0267909 1.30308
24279 24397 0.0297677 1.31975
24279 24397 0.0327444 1.33641
24279 24397 0.0357212 1.35308
24279 24397 0.038698 1.36975
24279 24397 0.0416747 1.38641
24279 24397 0.0446515 1.40308
24279 24397 0.0476283 1.41975
24279 24397 0.050605 1.43641
24279 24397 0.0535818 1.45308
24279 24397 0.0565586 1.46975
24279 24397 0.0595353 1.48641
24279 24397 0.0625121 1.50308
24279 24397 0.0654889 1.51974
24279 24397 0.0684656 1.53641
24279 24397 0.0714424 1.55308
24279 24397 0.0744192 1.56974
24278 24397 0.0773959 1.58641
24278 24397 0.0803727 1.60308
24278 24397 0.0833495 1.61974
24278 24397 0.0863262 1.63641
24278 24397 0.089303 1.65308
24278 24397 0.0922798 1.66974
24278 24397 0.0952565 1.68641
24278 24397 0.0982333 1.70308
24278 24397 0.10121 1.71974
24278 24397 0.104187 1.73641
24278 24397 0.107164 1.75307
24278 24397 0.11014 1.76974
24278 24397 0.113117 1.78641
24278 24397 0.116094 1.80307
24278 24397 0.119071 1.81974
24278 24397 0.122047 1.83641
24277 24397 0.125024 1.85307
24277 24397 0.128001 1.86974
24277 24397 0.130978 1.88641
24277 24397 0.133954 1.90307
24277 24397 0.136931 1.91974
24276 24397 0.139908 1.93641
24276 24397 0.142885 1.95307
24276 24397 0.145862 1.96974
24276 24397 0.148838 1.9864
24275 24397 0.151815 2.00307
24275 24397 0.154792 2.01974
24275 24397 0.157769 2.0364
24274 24397 0.160745 2.05307
24272 24397 0.163722 2.06974
24271 24397 0.166699 2.0864
24268 24397 0.169676 2.10307
24266 24397 0.172652 2.11974
24263 24397 0.175629 2.1364
24260 24397 0.178606 2.15307
24257 24397 0.181583 2.16973
24251 24397 0.184559 2.1864
24247 24397 0.187536 2.20307
24243 24397 0.190513 2.21973
24237 24397 0.19349 2.2364
24224 24397 0.196466 2.25307
24220 24397 0.199443 2.26973
24212 24397 0.20242 2.2864
24202 24397 0.205397 2.30307
24192 24397 0.208374 2.31973
24189 24397 0.21135 2.3364
24174 24397 0.214327 2.35307
24162 24397 0.217304 2.36973
24152 24397 0.220281 2.3864
24138 24397 0.223257 2.40306
24129 24397 0.226234 2.41973
24119 24397 0.229211 2.4364
24098 24397 0.232188 2.45306
24082 24397 0.235164 2.46973
24078 24397 0.238141 2.4864
24065 24397 0.241118 2.50306
24044 24397 0.244095 2.51973
24032 24397 0.247071 2.5364
24017 24397 0.250048 2.55306
24004 24397 0.253025 2.56973
23987 24397 0.256002 2.5864
23973 24397 0.258978 2.60306
23949 24397 0.261955 2.61973
23938 24397 0.264932 2.63639
23916 24397 0.267909 2.65306
23901 24397 0.270886 2.66973
23887 24397 0.273862 2.68639
23868 24397 0.276839 2.70306
23856 24397 0.279816 2.71973
23837 24397 0.282793 2.73639
23814 24397 0.285769 2.75306
23797 24397 0.288746 2.76973
23775 24397 0.291723 2.78639
23753 24397 0.2947 2.80306
23740 24397 0.297677 2.81973
23721 24397 0.300653 2.83639
23705 24397 0.30363 2.85306
23688 24397 0.306607 2.86972
23666 24397 0.309584 2.88639
23646 24397 0.31256 2.90306
23630 24397 0.315537 2.91972
23604 24397 0.318514 2.93639
23590 24397 0.321491 2.95306
23565 24397 0.324468 2.96972
23551 24397 0.327444 2.98639
23528 24397 0.330421 3.00306
23505 24397 0.333398 3.01972
23482 24397 0.336375 3.03639
23466 24397 0.339351 3.05305
23441 24397 0.342328 3.06972
23425 24397 0.345305 3.08639
23404 24397 0.348282 3.10305
23377 24397 0.351259 3.11972
23363 24397 0.354235 3.13639
23348 24397 0.357212 3.15305
23322 24397 0.360189 3.16972
23299 24397 0.363166 3.18639
23282 24397 0.366142 3.20305
23260 24397 0.369119 3.21972
23242 24397 0.372096 3.23639
23219 24397 0.375073 3.25305
23199 24397 0.378049 3.26972
23173 24397 0.381026 3.28638
23153 24397 0.384003 3.30305
23137 24397 0.38698 3.31972
23107 24397 0.389957 3.33638
23086 24397 0.392933 3.35305
23068 24397 0.39591 3.36972
23046 24397 0.398887 3.38638
23024 24397 0.401864 3.40305
23004 24397 0.40484 3.41972
22978 24397 0.407817 3.43638
22959 24397 0.410794 3.45305
22937 24397 0.413771 3.46972
22914 24397 0.416748 3.48638
22886 24397 0.419724 3.50305
22870 24397 0.422701 3.51971
22842 24397 0.425678 3.53638
22823 24397 0.428655 3.55305
22800 24397 0.431631 3.56971
22770 24397 0.434608 3.58638
22747 24397 0.437585 3.60305
22727 24397 0.440562 3.61971
22702 24397 0.443539 3.63638
22677 24397 0.446515 3.65305
22656 24397 0.449492 3.66971
22631 24397 0.452469 3.68638
22603 24397 0.455446 3.70304
22582 24397 0.458422 3.71971
22560 24397 0.461399 3.73638
22533 24397 0.464376 3.75304
22501 24397 0.467353 3.76971
22479 24397 0.47033 3.78638
22457 24397 0.473306 3.80304
22436 24397 0.476283 3.81971
22411 24397 0.47926 3.83638
22390 24397 0.482237 3.85304
22360 24397 0.485213 3.86971
22334 24397 0.48819 3.88638
22310 24397 0.491167 3.90304
22283 24397 0.494144 3.91971
22262 24397 0.49712 3.93637
22243 24397 0.500097 3.95304
22206 24397 0.503074 3.96971
22183 24397 0.506051 3.98637
22162 24397 0.509028 4.00304
22141 24397 0.512004 4.01971
22115 24397 0.514981 4.03637
22096 24397 0.517958 4.05304
22060 24397 0.520935 4.06971
22041 24397 0.523911 4.08637
22013 24397 0.526888 4.10304
21983 24397 0.529865 4.11971
21961 24397 0.532842 4.13637
21931 24397 0.535819 4.15304
21904 24397 0.538795 4.1697
21877 24397 0.541772 4.18637
21850 24397 0.544749 4.20304
21821 24397 0.547726 4.2197
21798 24397 0.550702 4.23637
21774 24397 0.553679 4.25304
21748 24397 0.556656 4.2697
21720 24397 0.559633 4.28637
21696 24397 0.56261 4.30304
21669 24397 0.565586 4.3197
21640 24397 0.568563 4.33637
21609 24397 0.57154 4.35303
21584 24397 0.574517 4.3697
21554 24397 0.577493 4.38637
21526 24397 0.58047 4.40303
21502 24397 0.583447 4.4197
21475 24397 0.586424 4.43637
21450 24397 0.589401 4.45303
21422 24397 0.592377 4.4697
21397 24397 0.595354 4.48637
21367 24397 0.598331 4.50303
21345 24397 0.601308 4.5197
21311 24397 0.604284 4.53637
21290 24397 0.607261 4.55303
21256 24397 0.610238 4.5697
21232 24397 0.613215 4.58636
21203 24397 0.616192 4.60303
21175 24397 0.619168 4.6197
21141 24397 0.622145 4.63636
21115 24397 0.625122 4.65303
21086 24397 0.628099 4.6697
21062 24397 0.631075 4.68636
21036 24397 0.634052 4.70303
21005 24397 0.637029 4.7197
20982 24397 0.640006 4.73636
20944 24397 0.642982 4.75303
20918 24397 0.645959 4.7697
20888 24397 0.648936 4.78636
20861 24397 0.651913 4.80303
20826 24397 0.65489 4.81969
20798 24397 0.657866 4.83636
20773 24397 0.660843 4.85303
20739 24397 0.66382 4.86969
20709 24397 0.666797 4.88636
20687 24397 0.669773 4.90303
20654 24397 0.67275 4.91969
20622 24397 0.675727 4.93636
20597 24397 0.678704 4.95303
20564 24397 0.681681 4.96969
20534 24397 0.684657 4.98636
20508 24397 0.687634 5.00303
20472 24397 0.690611 5.01969
20447 24397 0.693588 5.03636
20408 24397 0.696564 5.05302
20376 24397 0.699541 5.06969
20347 24397 0.702518 5.08636
20313 24397 0.705495 5.10302
20280 24397 0.708472 5.11969
20250 24397 0.711448 5.13636
20220 24397 0.714425 5.15302
20190 24397 0.717402 5.16969
20158 24397 0.720379 5.18636
20121 24397 0.723355 5.20302
20091 24397 0.726332 5.21969
20057 24397 0.729309 5.23635
20024 24397 0.732286 5.25302
19980 24397 0.735263 5.26969
19950 24397 0.738239 5.28635
19925 24397 0.741216 5.30302
19885 24397 0.744193 5.31969
19848 24397 0.74717 5.33635
19820 24397 0.750146 5.35302
19788 24397 0.753123 5.36969
19751 24397 0.7561 5.38635
19720 24397 0.759077 5.40302
19675 24397 0.762053 5.41969
19642 24397 0.76503 5.43635
19611 24397 0.768007 5.45302
19578 24397 0.770984 5.46968
19539 24397 0.773961 5.48635
19503 24397 0.776937 5.50302
19470 24397 0.779914 5.51968
19432 24397 0.782891 5.53635
19405 24397 0.785868 5.55302
19357 24397 0.788844 5.56968
19331 24397 0.791821 5.58635
19288 24397 0.794798 5.60302
19256 24397 0.797775 5.61968
19219 24397 0.800752 5.63635
19181 24397 0.803728 5.65302
19138 24397 0.806705 5.66968
19105 24397 0.809682 5.68635
19067 24397 0.812659 5.70301
19034 24397 0.815635 5.71968
18994 24397 0.818612 5.73635
18951 24397 0.821589 5.75301
18913 24397 0.824566 5.76968
18884 24397 0.827543 5.78635
18849 24397 0.830519 5.80301
18808 24397 0.833496 5.81968
18765 24397 0.836473 5.83635
18736 24397 0.83945 5.85301
18686 24397 0.842426 5.86968
18656 24397 0.845403 5.88634
18622 24397 0.84838 5.90301
18579 24397 0.851357 5.91968
18538 24397 0.854334 5.93634
18495 24397 0.85731 5.95301
18452 24397 0.860287 5.96968
18419 24397 0.863264 5.98634
18378 24397 0.866241 6.00301
18335 24397 0.869217 6.01968
18299 24397 0.872194 6.03634
18260 24397 0.875171 6.05301
18216 24397 0.878148 6.06968
18176 24397 0.881124 6.08634
18129 24397 0.884101 6.10301
18090 24397 0.887078 6.11967
18050 24397 0.890055 6.13634
18011 24397 0.893032 6.15301
17966 24397 0.896008 6.16967
17927 24397 0.898985 6.18634
17881 24397 0.901962 6.20301
17844 24397 0.904939 6.21967
17797 24397 0.907915 6.23634
17754 24397 0.910892 6.25301
17714 24397 0.913869 6.26967
17664 24397 0.916846 6.28634
17622 24397 0.919823 6.30301
17574 24397 0.922799 6.31967
17540 24397 0.925776 6.33634
17492 24397 0.928753 6.353
17448 24397 0.93173 6.36967
17411 24397 0.934706 6.38634
17356 24397 0.937683 6.403
17310 24397 0.94066 6.41967
17262 24397 0.943637 6.43634
17216 24397 0.946614 6.453
17178 24397 0.94959 6.46967
17129 24397 0.952567 6.48634
17080 24397 0.955544 6.503
17031 24397 0.958521 6.51967
16988 24397 0.961497 6.53633
16943 24397 0.964474 6.553
16893 24397 0.967451 6.56967
16844 24397 0.970428 6.58633
16795 24397 0.973405 6.603
16747 24397 0.976381 6.61967
16699 24397 0.979358 6.63633
16654 24397 0.982335 6.653
16602 24397 0.985312 6.66967
16561 24397 0.988288 6.68633
16505 24397 0.991265 6.703
16455 24397 0.994242 6.71967
16406 24397 0.997219 6.73633
16353 24397 1.0002 6.753
16304 24397 1.00317 6.76966
16256 24397 1.00615 6.78633
16205 24397 1.00913 6.803
16149 24397 1.0121 6.81966
16090 24397 1.01508 6.83633
16050 24397 1.01806 6.853
15988 24397 1.02103 6.86966
15940 24397 1.02103 6.88633
15891 24397 1.02103 6.903
15834 24397 1.02103 6.91966
15789 24397 1.02103 6.93633
15732 24397 1.02103 6.953
15675 24397 1.02103 6.96966
15627 24397 1.02103 6.98633
15567 24397 1.02103 7.00299
15519 24397 1.02103 7.01966
15465 24397 1.02103 7.03633
15412 24397 1.02103 7.05299
15353 24397 1.02103 7.06966
15295 24397 1.02103 7.08633
15247 24397 1.02103 7.10299
15195 24397 1.02103 7.11966
15137 24397 1.02103 7.13633
15081 24397 1.02103 7.15299
15029 24397 1.02103 7.16966
14963 24397 1.02103 7.18633
14909 24397 1.02103 7.20299
14849 24397 1.02103 7.21966
14795 24397 1.02103 7.23632
14741 24397 1.02103 7.25299
14683 24397 1.02103 7.26966
14619 24397 1.02103 7.28632
14569 24397 1.02103 7.30299
14509 24397 1.02103 7.31966
14452 24397 1.02103 7.33632
14390 24397 1.02103 7.35299
14333 24397 1.02103 7.36966
14276 24397 1.02103 7.38632
14220 24397 1.02103 7.40299
14162 24397 1.02103 7.41965
14102 24397 1.02103 7.43632
14048 24397 1.02103 7.45299
13987 24397 1.02103 7.46965
13939 24397 1.02103 7.48632
13881 24397 1.02103 7.50299
13828 24397 1.02103 7.51965
13769 24397 1.02103 7.53632
13731 24397 1.02103 7.55299
13681 24397 1.02103 7.56965
13634 24397 1.02103 7.58632
13580 24397 1.02103 7.60299
13527 24397 1.02103 7.61965
13489 24397 1.02103 7.63632
13438 24397 1.02103 7.65298
13392 24397 1.02103 7.66965
13346 24397 1.02103 7.68632
13296 24397 1.02103 7.70298
13248 24397 1.02103 7.71965
13211 24397 1.02103 7.73632
13161 24397 1.02103 7.75298
13124 24397 1.02103 7.76965
13086 24397 1.02103 7.78632
13037 24397 1.02103 7.80298
13004 24397 1.02103 7.81965
12962 24397 1.02103 7.83632
12925 24397 1.02103 7.85298
12886 24397 1.02103 7.86965
12853 24397 1.02103 7.88631
12810 24397 1.02103 7.90298
12777 24397 1.02103 7.91965
12754 24397 1.02103 7.93631
12718 24397 1.02103 7.95298
12687 24397 1.02103 7.96965
12656 24397 1.02103 7.98631
12625 24397 1.02103 8.00298
12598 24397 1.02103 8.01965
12567 24397 1.02103 8.03631
12539 24397 1.02103 8.05298
12503 24397 1.02103 8.06964
12481 24397 1.02103 8.08631
12453 24397 1.02103 8.10298
12431 24397 1.02103 8.11964
12409 24397 1.02103 8.13631
12377 24397 1.02103 8.15298
12351 24397 1.02103 8.16964
12323 24397 1.02103 8.18631
12301 24397 1.02103 8.20298
12271 24397 1.02103 8.21964
12250 24397 1.02103 8.23631
12230 24397 1.02103 8.25298
12208 24397 1.02103 8.26964
12182 24397 1.02103 8.28631
12165 24397 1.02103 8.30297
12141 24397 1.02103 8.31964
12111 24397 1.02103 8.33631
12100 24397 1.02103 8.35297
12076 24397 1.02103 8.36964
12051 24397 1.02103 8.38631
12030 24397 1.02103 8.40297
12011 24397 1.02103 8.41964
11994 24397 1.02103 8.43631
11974 24397 1.02103 8.45297
11957 24397 1.02103 8.46964
11941 24397 1.02103 8.48631
11922 24397 1.02103 8.50297
11905 24397 1.02103 8.51964
11887 24397 1.02103 8.5363
11869 24397 1.02103 8.55297
11856 24397 1.02103 8.56964
11837 24397 1.02103 8.5863
11823 24397 1.02103 8.60297
11804 24397 1.02103 8.61964
11785 24397 1.02103 8.6363
11772 24397 1.02103 8.65297
11751 24397 1.02103 8.66964
11736 24397 1.02103 8.6863
11723 24397 1.02103 8.70297
11705 24397 1.02103 8.71964
11692 24397 1.02103 8.7363
11674 24397 1.02103 8.75297
11660 24397 1.02103 8.76963
11650 24397 1.02103 8.7863
11632 24397 1.02103 8.80297
11621 24397 1.02103 8.81963
11608 24397 1.02103 8.8363
11595 24397 1.02103 8.85297
11575 24397 1.02103 8.86963
11564 24397 1.02103 8.8863
11553 24397 1.02103 8.90297
11541 24397 1.02103 8.91963
11527 24397 1.02103 8.9363
11513 24397 1.02103 8.95296
11502 24397 1.02103 8.96963
11491 24397 1.02103 8.9863
11478 24397 1.02103 9.00296
11462 24397 1.02103 9.01963
11454 24397 1.02103 9.0363
11440 24397 1.02103 9.05296
11426 24397 1.02103 9.06963
11416 24397 1.02103 9.0863
11404 24397 1.02103 9.10296
11393 24397 1.02103 9.11963
11380 24397 1.02103 9.1363
11374 24397 1.02103 9.15296
11361 24397 1.02103 9.16963
11353 24397 1.02103 9.18629
11342 24397 1.02103 9.20296
11324 24397 1.02103 9.21963
11320 24397 1.02103 9.23629
11306 24397 1.02103 9.25296
11297 24397 1.02103 9.26963
11288 24397 1.02103 9.28629
11281 24397 1.02103 9.30296
11271 24397 1.02103 9.31963
11261 24397 1.02103 9.33629
11250 24397 1.02103 9.35296
11240 24397 1.02103 9.36963
11236 24397 1.02103 9.38629
11224 24397 1.02103 9.40296
11216 24397 1.02103 9.41962
11210 24397 1.02103 9.43629
11198 24397 1.02103 9.45296
11189 24397 1.02103 9.46962
11182 24397 1.02103 9.48629
11170 24397 1.02103 9.50296
11164 24397 1.02103 9.51962
11156 24397 1.02103 9.53629
11144 24397 1.02103 9.55296
11137 24397 1.02103 9.56962
11131 24397 1.02103 9.58629
11125 24397 1.02103 9.60295
11118 24397 1.02103 9.61962
11104 24397 1.02103 9.63629
11099 24397 1.02103 9.65295
11094 24397 1.02103 9.66962
11088 24397 1.02103 9.68629
11079 24397 1.02103 9.70295
11069 24397 1.02103 9.71962
11063 24397 1.02103 9.73629
11058 24397 1.02103 9.75295
11051 24397 1.02103 9.76962
11044 24397 1.02103 9.78629
11036 24397 1.02103 9.80295
11025 24397 1.02103 9.81962
11020 24397 1.02103 9.83628
11011 24397 1.02103 9.85295
11005 24397 1.02103 9.86962
10996 24397 1.02103 9.88628
10990 24397 1.02103 9.90295
10984 24397 1.02103 9.91962
10979 24397 1.02103 9.93628
10970 24397 1.02103 9.95295
10963 24397 1.02103 9.96962
10958 24397 1.02103 9.98628
10952 24397 1.02103 10.0029
10942 24397 1.02103 10.0196
10939 24397 1.02103 10.0363
10930 24397 1.02103 10.0529
10928 24397 1.02103 10.0696
10919 24397 1.02103 10.0863
10913 24397 1.02103 10.1029
10906 24397 1.02103 10.1196
10900 24397 1.02103 10.1363
10895 24397 1.02103 10.1529
10889 24397 1.02103 10.1696
10882 24397 1.02103 10.1863
10877 24397 1.02103 10.2029
10872 24397 1.02103 10.2196
10865 24397 1.02103 10.2363
10857 24397 1.02103 10.2529
10853 24397 1.02103 10.2696
10847 24397 1.02103 10.2863
10843 24397 1.02103 10.3029
10835 24397 1.02103 10.3196
10831 24397 1.02103 10.3363
10825 24397 1.02103 10.3529
10817 24397 1.02103 10.3696
10812 24397 1.02103 10.3863
10809 24397 1.02103 10.4029
10803 24397 1.02103 10.4196
10797 24397 1.02103 10.4363
10793 24397 1.02103 10.4529
10783 24397 1.02103 10.4696
10780 24397 1.02103 10.4863
10779 24397 1.02103 10.5029
10771 24397 1.02103 10.5196
10766 24397 1.02103 10.5363
10760 24397 1.02103 10.5529
10754 24397 1.02103 10.5696
10751 24397 1.02103 10.5863
10747 24397 1.02103 10.6029
10743 24397 1.02103 10.6196
10740 24397 1.02103 10.6363
10732 24397 1.02103 10.6529
10729 24397 1.02103 10.6696
10724 24397 1.02103 10.6863
10720 24397 1.02103 10.7029
10714 24397 1.02103 10.7196
10708 24397 1.02103 10.7363
10708 24397 1.02103 10.7529
10701 24397 1.02103 10.7696
10699 24397 1.02103 10.7863
10691 24397 1.02103 10.8029
10687 24397 1.02103 10.8196
10684 24397 1.02103 10.8363
10678 24397 1.02103 10.8529
10670 24397 1.02103 10.8696
10667 24397 1.02103 10.8863
10661 24397 1.02103 10.9029
10659 24397 1.02103 10.9196
10654 24397 1.02103 10.9363
10651 24397 1.02103 10.9529
10646 24397 1.02103 10.9696
10640 24397 1.02103 10.9863
10635 24397 1.02103 11.0029
10632 24397 1.02103 11.0196
10629 24397 1.02103 11.0363
10621 24397 1.02103 11.0529
10618 24397 1.02103 11.0696
10613 24397 1.02103 11.0863
10612 24397 1.02103 11.1029
10606 24397 1.02103 11.1196
10602 24397 1.02103 11.1363
10597 24397 1.02103 11.1529
10594 24397 1.02103 11.1696
10590 24397 1.02103 11.1863
10585 24397 1.02103 11.2029
10580 24397 1.02103 11.2196
10579 24397 1.02103 11.2363
10574 24397 1.02103 11.2529
10571 24397 1.02103 11.2696
10568 24397 1.02103 11.2863
10564 24397 1.02103 11.3029
10561 24397 1.02103 11.3196
10557 24397 1.02103 11.3363
10554 24397 1.02103 11.3529
10549 24397 1.02103 11.3696
10546 24397 1.02103 11.3863
10544 24397 1.02103 11.4029
10541 24397 1.02103 11.4196
10536 24397 1.02103 11.4363
10534 24397 1.02103 11.4529
10530 24397 1.02103 11.4696
10526 24397 1.02103 11.4863
10522 24397 1.02103 11.5029
10520 24397 1.02103 11.5196
10514 24397 1.02103 11.5363
10512 24397 1.02103 11.5529
10510 24397 1.02103 11.5696
10505 24397 1.02103 11.5863
10502 24397 1.02103 11.6029
10499 24397 1.02103 11.6196
10496 24397 1.02103 11.6363
10493 24397 1.02103 11.6529
10491 24397 1.02103 11.6696
10486 24397 1.02103 11.6863
10482 24397 1.02103 11.7029
10479 24397 1.02103 11.7196
10479 24397 1.02103 11.7363
10473 24397 1.02103 11.7529
10468 24397 1.02103 11.7696
10467 24397 1.02103 11.7863
10464 24397 1.02103 11.8029
10460 24397 1.02103 11.8196
10460 24397 1.02103 11.8363
10457 24397 1.02103 11.8529
10452 24397 1.02103 11.8696
10451 24397 1.02103 11.8863
10448 24397 1.02103 11.9029
10445 24397 1.02103 11.9196
10441 24397 1.02103 11.9363
10441 24397 1.02103 11.9529
10438 24397 1.02103 11.9696
10432 24397 1.02103 11.9863
10430 24397 1.02103 12.0029
10427 24397 1.02103 12.0196
10426 24397 1.02103 12.0363
10424 24397 1.02103 12.0529
10420 24397 1.02103 12.0696
10418 24397 1.02103 12.0863
10415 24397 1.02103 12.1029
10413 24397 1.02103 12.1196
10409 24397 1.02103 12.1362
10407 24397 1.02103 12.1529
10404 24397 1.02103 12.1696
10401 24397 1.02103 12.1862
10399 24397 1.02103 12.2029
10397 24397 1.02103 12.2196
10394 24397 1.02103 12.2362
10390 24397 1.02103 12.2529
10388 24397 1.02103 12.2696
10383 24397 1.02103 12.2862
10383 24397 1.02103 12.3029
10381 24397 1.02103 12.3196
10379 24397 1.02103 12.3362
10375 24397 1.02103 12.3529
10375 24397 1.02103 12.3696
10372 24397 1.02103 12.3862
10368 24397 1.02103 12.4029
10368 24397 1.02103 12.4196
10366 24397 1.02103 12.4362
10364 24397 1.02103 12.4529
10363 24397 1.02103 12.4696
10361 24397 1.02103 12.4862
10360 24397 1.02103 12.5029
10356 24397 1.02103 12.5196
10352 24397 1.02103 12.5362
10352 24397 1.02103 12.5529
10349 24397 1.02103 12.5696
10346 24397 1.02103 12.5862
10343 24397 1.02103 12.6029
10342 24397 1.02103 12.6196
10339 24397 1.02103 12.6362
10337 24397 1.02103 12.6529
10333 24397 1.02103 12.6696
10332 24397 1.02103 12.6862
10330 24397 1.02103 12.7029
10328 24397 1.02103 12.7196
10327 24397 1.02103 12.7362
10324 24397 1.02103 12.7529
10322 24397 1.02103 12.7696
10319 24397 1.02103 12.7862
10318 24397 1.02103 12.8029
10318 24397 1.02103 12.8196
10314 24397 1.02103 12.8362
10312 24397 1.02103 12.8529
10310 24397 1.02103 12.8696
10308 24397 1.02103 12.8862
10307 24397 1.02103 12.9029
10305 24397 1.02103 12.9196
10304 24397 1.02103 12.9362
10302 24397 1.02103 12.9529
10299 24397 1.02103 12.9696
10298 24397 1.02103 12.9862
10296 24397 1.02103 13.0029
10295 24397 1.02103 13.0196
10291 24397 1.02103 13.0362
10290 24397 1.02103 13.0529
10289 24397 1.02103 13.0696
10287 24397 1.02103 13.0862
10284 24397 1.02103 13.1029
10282 24397 1.02103 13.1196
10281 24397 1.02103 13.1362
10280 24397 1.02103 13.1529
10278 24397 1.02103 13.1696
10276 24397 1.02103 13.1862
10275 24397 1.02103 13.2029
10273 24397 1.02103 13.2196
10271 24397 1.02103 13.2362
10270 24397 1.02103 13.2529
10269 24397 1.02103 13.2696
10267 24397 1.02103 13.2862
10266 24397 1.02103 13.3029
10265 24397 1.02103 13.3196
10265 24397 1.02103 13.3362
10263 24397 1.02103 13.3529
10262 24397 1.02103 13.3696
10261 24397 1.02103 13.3862
10259 24397 1.02103 13.4029
10259 24397 1.02103 13.4196
10257 24397 1.02103 13.4362
10257 24397 1.02103 13.4529
10256 24397 1.02103 13.4696
10253 24397 1.02103 13.4862
10252 24397 1.02103 13.5029
10252 24397 1.02103 13.5196
10249 24397 1.02103 13.5362
10246 24397 1.02103 13.5529
10245 24397 1.02103 13.5696
10244 24397 1.02103 13.5862
10244 24397 1.02103 13.6029
10242 24397 1.02103 13.6196
10240 24397 1.02103 13.6362
10239 24397 1.02103 13.6529
10238 24397 1.02103 13.6696
10237 24397 1.02103 13.6862
10235 24397 1.02103 13.7029
10234 24397 1.02103 13.7196
10232 24397 1.02103 13.7362
10229 24397 1.02103 13.7529
10229 24397 1.02103 13.7696
10227 24397 1.02103 13.7862
10226 24397 1.02103 13.8029
10223 24397 1.02103 13.8196
10222 24397 1.02103 13.8362
10221 24397 1.02103 13.8529
10219 24397 1.02103 13.8696
10217 24397 1.02103 13.8862
10216 24397 1.02103 13.9029
10214 24397 1.02103 13.9196
10212 24397 1.02103 13.9362
10212 24397 1.02103 13.9529
10211 24397 1.02103 13.9696
10210 24397 1.02103 13.9862
10208 24397 1.02103 14.0029
10207 24397 1.02103 14.0196
10207 24397 1.02103 14.0362
10204 24397 1.02103 14.0529
10203 24397 1.02103 14.0696
10202 24397 1.02103 14.0862
10200 24397 1.02103 14.1029
10200 24397 1.02103 14.1196
10199 24397 1.02103 14.1362
10197 24397 1.02103 14.1529
10196 24397 1.02103 14.1696
10194 24397 1.02103 14.1862
10193 24397 1.02103 14.2029
10190 24397 1.02103 14.2196
10190 24397 1.02103 14.2362
10190 24397 1.02103 14.2529
10189 24397 1.02103 14.2696
10187 24397 1.02103 14.2862
10186 24397 1.02103 14.3029
10185 24397 1.02103 14.3195
10184 24397 1.02103 14.3362
10182 24397 1.02103 14.3529
10181 24397 1.02103 14.3695
10180 24397 1.02103 14.3862
10179 24397 1.02103 14.4029
10178 24397 1.02103 14.4195
10177 24397 1.02103 14.4362
10177 24397 1.02103 14.4529
10174 24397 1.02103 14.4695
10174 24397 1.02103 14.4862
10173 24397 1.02103 14.5029
10172 24397 1.02103 14.5195
10172 24397 1.02103 14.5362
10170 24397 1.02103 14.5529
10169 24397 1.02103 14.5695
10168 24397 1.02103 14.5862
10165 24397 1.02103 14.6029
10165 24397 1.02103 14.6195
10164 24397 1.02103 14.6362
10163 24397 1.02103 14.6529
10160 24397 1.02103 14.6695
10159 24397 1.02103 14.6862
10159 24397 1.02103 14.7029
10157 24397 1.02103 14.7195
10155 24397 1.02103 14.7362
10155 24397 1.02103 14.7529
10154 24397 1.02103 14.7695
10153 24397 1.02103 14.7862
10152 24397 1.02103 14.8029
10151 24397 1.02103 14.8195
10149 24397 1.02103 14.8362
10147 24397 1.02103 14.8529
10146 24397 1.02103 14.8695
10145 24397 1.02103 14.8862
10145 24397 1.02103 14.9029
10144 24397 1.02103 14.9195
10142 24397 1.02103 14.9362
10141 24397 1.02103 14.9529
10140 24397 1.02103 14.9695
10138 24397 1.02103 14.9862
10135 24397 1.02103 15.0029
10134 24397 1.02103 15.0195
10133 24397 1.02103 15.0362
10133 24397 1.02103 15.0529
10132 24397 1.02103 15.0695
10131 24397 1.02103 15.0862
10130 24397 1.02103 15.1029
10130 24397 1.02103 15.1195
10127 24397 1.02103 15.1362
10125 24397 1.02103 15.1529
10125 24397 1.02103 15.1695
10124 24397 1.02103 15.1862
10122 24397 1.02103 15.2029
10122 24397 1.02103 15.2195
10122 24397 1.02103 15.2362
10121 24397 1.02103 15.2529
10118 24397 1.02103 15.2695
10118 24397 1.02103 15.2862
10116 24397 1.02103 15.3029
10115 24397 1.02103 15.3195
10113 24397 1.02103 15.3362
10113 24397 1.02103 15.3529
10112 24397 1.02103 15.3695
10112 24397 1.02103 15.3862
10109 24397 1.02103 15.4029
10107 24397 1.02103 15.4195
10105 24397 1.02103 15.4362
10105 24397 1.02103 15.4529
10102 24397 1.02103 15.4695
10102 24397 1.02103 15.4862
10102 24397 1.02103 15.5029
10102 24397 1.02103 15.5195
10100 24397 1.02103 15.5362
10099 24397 1.02103 15.5529
10099 24397 1.02103 15.5695
10097 24397 1.02103 15.5862
10097 24397 1.02103 15.6029
10097 24397 1.02103 15.6195
10096 24397 1.02103 15.6362
10093 24397 1.02103 15.6529
10092 24397 1.02103 15.6695
10091 24397 1.02103 15.6862
10091 24397 1.02103 15.7029
10090 24397 1.02103 15.7195
10088 24397 1.02103 15.7362
10087 24397 1.02103 15.7529
10086 24397 1.02103 15.7695
10086 24397 1.02103 15.7862
10085 24397 1.02103 15.8029
10085 24397 1.02103 15.8195
10083 24397 1.02103 15.8362
10083 24397 1.02103 15.8529
10082 24397 1.02103 15.8695
10081 24397 1.02103 15.8862
10081 24397 1.02103 15.9029
10077 24397 1.02103 15.9195
10077 24397 1.02103 15.9362
10077 24397 1.02103 15.9529
10077 24397 1.02103 15.9695
10076 24397 1.02103 15.9862
10076 24397 1.02103 16.0029
10074 24397 1.02103 16.0195
10073 24397 1.02103 16.0362
10073 24397 1.02103 16.0529
10073 24397 1.02103 16.0695
10072 24397 1.02103 16.0862
10071 24397 1.02103 16.1029
10070 24397 1.02103 16.1195
10069 24397 1.02103 16.1362
10069 24397 1.02103 16.1529
10068 24397 1.02103 16.1695
10067 24397 1.02103 16.1862
10066 24397 1.02103 16.2029
10065 24397 1.02103 16.2195
10065 24397 1.02103 16.2362
10064 24397 1.02103 16.2529
10063 24397 1.02103 16.2695
10063 24397 1.02103 16.2862
10062 24397 1.02103 16.3029
10062 24397 1.02103 16.3195
10060 24397 1.02103 16.3362
10059 24397 1.02103 16.3529
10058 24397 1.02103 16.3695
10058 24397 1.02103 16.3862
10058 24397 1.02103 16.4029
10056 24397 1.02103 16.4195
10056 24397 1.02103 16.4362
10056 24397 1.02103 16.4529
10056 24397 1.02103 16.4695
10054 24397 1.02103 16.4862
10053 24397 1.02103 16.5028
10052 24397 1.02103 16.5195
10052 24397 1.02103 16.5362
10051 24397 1.02103 16.5528
10050 24397 1.02103 16.5695
10049 24397 1.02103 16.5862
10049 24397 1.02103 16.6028
10048 24397 1.02103 16.6195
10047 24397 1.02103 16.6362
10047 24397 1.02103 16.6528
10047 24397 1.02103 16.6695
10047 24397 1.02103 16.6862
10046 24397 1.02103 16.7028
10046 24397 1.02103 16.7195
10045 24397 1.02103 16.7362
10043 24397 1.02103 16.7528
10041 24397 1.02103 16.7695
10040 24397 1.02103 16.7862
10040 24397 1.02103 16.8028
10040 24397 1.02103 16.8195
10040 24397 1.02103 16.8362
10038 24397 1.02103 16.8528
10038 24397 1.02103 16.8695
10037 24397 1.02103 16.8862
10035 24397 1.02103 16.9028
10035 24397 1.02103 16.9195
10035 24397 1.02103 16.9362
10035 24397 1.02103 16.9528
10034 24397 1.02103 16.9695
10033 24397 1.02103 16.9862
10033 24397 1.02103 17.0028
10032 24397 1.02103 17.0195
10031 24397 1.02103 17.0362
10031 24397 1.02103 17.0528
10031 24397 1.02103 17.0695
10029 24397 1.02103 17.0862
10028 24397 1.02103 17.1028
10028 24397 1.02103 17.1195
10028 24397 1.02103 17.1362
10028 24397 1.02103 17.1528
10028 24397 1.02103 17.1695
10027 24397 1.02103 17.1862
10026 24397 1.02103 17.2028
10025 24397 1.02103 17.2195
10024 24397 1.02103 17.2362
10024 24397 1.02103 17.2528
10024 24397 1.02103 17.2695
10024 24397 1.02103 17.2862
10023 24397 1.02103 17.3028
10022 24397 1.02103 17.3195
10021 24397 1.02103 17.3362
10021 24397 1.02103 17.3528
10021 24397 1.02103 17.3695
10020 24397 1.02103 17.3862
10019 24397 1.02103 17.4028
10018 24397 1.02103 17.4195
10017 24397 1.02103 17.4362
10016 24397 1.02103 17.4528
10016 24397 1.02103 17.4695
10016 24397 1.02103 17.4862
10015 24397 1.02103 17.5028
10014 24397 1.02103 17.5195
10012 24397 1.02103 17.5362
10012 24397 1.02103 17.5528
10012 24397 1.02103 17.5695
10011 24397 1.02103 17.5862
10010 24397 1.02103 17.6028
10009 24397 1.02103 17.6195
10009 24397 1.02103 17.6362
10008 24397 1.02103 17.6528
10008 24397 1.02103 17.6695
10007 24397 1.02103 17.6862
10007 24397 1.02103 17.7028
10006 24397 1.02103 17.7195
10004 24397 1.02103 17.7362
10003 24397 1.02103 17.7528
10003 24397 1.02103 17.7695
10003 24397 1.02103 17.7862
10003 24397 1.02103 17.8028
10003 24397 1.02103 17.8195
10001 24397 1.02103 17.8362
10001 24397 1.02103 17.8528
10000 24397 1.02103 17.8695
10000 24397 1.02103 17.8862
10000 24397 1.02103 17.9028
9999 24397 1.02103 17.9195
9999 24397 1.02103 17.9362
9999 24397 1.02103 17.9528
9998 24397 1.02103 17.9695
9997 24397 1.02103 17.9862
9997 24397 1.02103 18.0028
9997 24397 1.02103 18.0195
9997 24397 1.02103 18.0362
9997 24397 1.02103 18.0528
9995 24397 1.02103 18.0695
9995 24397 1.02103 18.0862
9994 24397 1.02103 18.1028
9993 24397 1.02103 18.1195
9993 24397 1.02103 18.1362
9992 24397 1.02103 18.1528
9991 24397 1.02103 18.1695
9991 24397 1.02103 18.1862
9990 24397 1.02103 18.2028
9990 24397 1.02103 18.2195
9989 24397 1.02103 18.2362
9989 24397 1.02103 18.2528
9989 24397 1.02103 18.2695
9989 24397 1.02103 18.2862
9987 24397 1.02103 18.3028
9987 24397 1.02103 18.3195
9987 24397 1.02103 18.3362
9987 24397 1.02103 18.3528
9987 24397 1.02103 18.3695
9985 24397 1.02103 18.3862
9985 24397 1.02103 18.4028
9985 24397 1.02103 18.4195
9985 24397 1.02103 18.4362
9983 24397 1.02103 18.4528
9982 24397 1.02103 18.4695
9981 24397 1.02103 18.4862
9981 24397 1.02103 18.5028
9980 24397 1.02103 18.5195
9979 24397 1.02103 18.5362
9978 24397 1.02103 18.5528
9978 24397 1.02103 18.5695
9978 24397 1.02103 18.5862
9978 24397 1.02103 18.6028
9976 24397 1.02103 18.6195
9975 24397 1.02103 18.6362
9975 24397 1.02103 18.6528
9975 24397 1.02103 18.6695
9974 24397 1.02103 18.6861
9973 24397 1.02103 18.7028
9973 24397 1.02103 18.7195
9973 24397 1.02103 18.7361
9971 24397 1.02103 18.7528
9971 24397 1.02103 18.7695
9970 24397 1.02103 18.7861
9969 24397 1.02103 18.8028
9969 24397 1.02103 18.8195
9968 24397 1.02103 18.8361
9968 24397 1.02103 18.8528
9967 24397 1.02103 18.8695
9967 24397 1.02103 18.8861
9967 24397 1.02103 18.9028
9967 24397 1.02103 18.9195
9967 24397 1.02103 18.9361
9967 24397 1.02103 18.9528
9965 24397 1.02103 18.9695
9965 24397 1.02103 18.9861
9965 24397 1.02103 19.0028
9964 24397 1.02103 19.0195
9964 24397 1.02103 19.0361
9963 24397 1.02103 19.0528
9963 24397 1.02103 19.0695
9962 24397 1.02103 19.0861
9962 24397 1.02103 19.1028
9961 24397 1.02103 19.1195
9961 24397 1.02103 19.1361
9960 24397 1.02103 19.1528
9960 24397 1.02103 19.1695
9959 24397 1.02103 19.1861
9958 24397 1.02103 19.2028
9957 24397 1.02103 19.2195
9956 24397 1.02103 19.2361
9956 24397 1.02103 19.2528
9956 24397 1.02103 19.2695
9955 24397 1.02103 19.2861
9954 24397 1.02103 19.3028
9954 24397 1.02103 19.3195
9954 24397 1.02103 19.3361
9954 24397 1.02103 19.3528
9953 24397 1.02103 19.3695
9953 24397 1.02103 19.3861
9953 24397 1.02103 19.4028
9952 24397 1.02103 19.4195
9951 24397 1.02103 19.4361
9951 24397 1.02103 19.4528
9950 24397 1.02103 19.4695
9950 24397 1.02103 19.4861
9949 24397 1.02103 19.5028
9948 24397 1.02103 19.5195
9948 24397 1.02103 19.5361
9948 24397 1.02103 19.5528
9948 24397 1.02103 19.5695
9947 24397 1.02103 19.5861
9947 24397 1.02103 19.6028
9947 24397 1.02103 19.6195
9947 24397 1.02103 19.6361
9947 24397 1.02103 19.6528
9947 24397 1.02103 19.6695
9947 24397 1.02103 19.6861
9945 24397 1.02103 19.7028
9945 24397 1.02103 19.7195
9944 24397 1.02103 19.7361
9943 24397 1.02103 19.7528
9943 24397 1.02103 19.7695
9943 24397 1.02103 19.7861
9943 24397 1.02103 19.8028
9943 24397 1.02103 19.8195
9942 24397 1.02103 19.8361
9940 24397 1.02103 19.8528
9940 24397 1.02103 19.8695
9940 24397 1.02103 19.8861
9940 24397 1.02103 19.9028
9940 24397 1.02103 19.9195
9939 24397 1.02103 19.9361
9939 24397 1.02103 19.9528
9939 24397 1.02103 19.9695
9939 24397 1.02103 19.9861
9939 24397 1.02103 20.0028
9939 24397 1.02103 20.0195
9938 24397 1.02103 20.0361
9938 24397 1.02103 20.0528
9937 24397 1.02103 20.0695
9935 24397 1.02103 20.0861
9935 24397 1.02103 20.1028
9935 24397 1.02103 20.1195
9935 24397 1.02103 20.1361
9934 24397 1.02103 20.1528
9934 24397 1.02103 20.1695
9934 24397 1.02103 20.1861
9934 24397 1.02103 20.2028
9934 24397 1.02103 20.2195
9933 24397 1.02103 20.2361
9933 24397 1.02103 20.2528
9933 24397 1.02103 20.2695
9932 24397 1.02103 20.2861
9932 24397 1.02103 20.3028
9930 24397 1.02103 20.3195
9929 24397 1.02103 20.3361
9929 24397 1.02103 20.3528
9929 24397 1.02103 20.3695
9929 24397 1.02103 20.3861
9927 24397 1.02103 20.4028
9927 24397 1.02103 20.4195
9927 24397 1.02103 20.4361
9927 24397 1.02103 20.4528
9927 24397 1.02103 20.4695
9927 24397 1.02103 20.4861
9927 24397 1.02103 20.5028
9927 24397 1.02103 20.5195
9926 24397 1.02103 20.5361
9926 24397 1.02103 20.5528
9926 24397 1.02103 20.5695
9926 24397 1.02103 20.5861
9926 24397 1.02103 20.6028
9925 24397 1.02103 20.6195
9925 24397 1.02103 20.6361
9924 24397 1.02103 20.6528
9924 24397 1.02103 20.6695
9924 24397 1.02103 20.6861
9924 24397 1.02103 20.7028
9923 24397 1.02103 20.7195
9921 24397 1.02103 20.7361
9921 24397 1.02103 20.7528
9921 24397 1.02103 20.7695
9920 24397 1.02103 20.7861
9919 24397 1.02103 20.8028
9919 24397 1.02103 20.8195
9917 24397 1.02103 20.8361
9917 24397 1.02103 20.8528
9916 24397 1.02103 20.8694
9915 24397 1.02103 20.8861
9914 24397 1.02103 20.9028
9914 24397 1.02103 20.9194
9914 24397 1.02103 20.9361
9914 24397 1.02103 20.9528
9912 24397 1.02103 20.9694
9912 24397 1.02103 20.9861
9912 24397 1.02103 21.0028
9912 24397 1.02103 21.0194
9912 24397 1.02103 21.0361
9910 24397 1.02103 21.0528
9910 24397 1.02103 21.0694
9910 24397 1.02103 21.0861
9907 24397 1.02103 21.1028
9907 24397 1.02103 21.1194
9907 24397 1.02103 21.1361
9907 24397 1.02103 21.1528
9907 24397 1.02103 21.1694
9906 24397 1.02103 21.1861
9906 24397 1.02103 21.2028
9905 24397 1.02103 21.2194
9905 24397 1.02103 21.2361
9905 24397 1.02103 21.2528
9904 24397 1.02103 21.2694
9903 24397 1.02103 21.2861
9903 24397 1.02103 21.3028
9903 24397 1.02103 21.3194
9903 24397 1.02103 21.3361
9902 24397 1.02103 21.3528
9902 24397 1.02103 21.3694
9900 24397 1.02103 21.3861
9900 24397 1.02103 21.4028
9899 24397 1.02103 21.4194
9899 24397 1.02103 21.4361
9899 24397 1.02103 21.4528
9899 24397 1.02103 21.4694
9899 24397 1.02103 21.4861
9898 24397 1.02103 21.5028
9898 24397 1.02103 21.5194
9897 24397 1.02103 21.5361
9897 24397 1.02103 21.5528
9897 24397 1.02103 21.5694
9895 24397 1.02103 21.5861
9895 24397 1.02103 21.6028
9895 24397 1.02103 21.6194
9894 24397 1.02103 21.6361
9894 24397 1.02103 21.6528
9893 24397 1.02103 21.6694
9893 24397 1.02103 21.6861
9892 24397 1.02103 21.7028
9892 24397 1.02103 21.7194
9892 24397 1.02103 21.7361
9892 24397 1.02103 21.7528
9892 24397 1.02103 21.7694
9891 24397 1.02103 21.7861
9891 24397 1.02103 21.8028
9890 24397 1.02103 21.8194
9890 24397 1.02103 21.8361
9889 24397 1.02103 21.8528
9889 24397 1.02103 21.8694
9889 24397 1.02103 21.8861
9888 24397 1.02103 21.9028
9887 24397 1.02103 21.9194
9887 24397 1.02103 21.9361
9887 24397 1.02103 21.9528
9887 24397 1.02103 21.9694
9887 24397 1.02103 21.9861
9886 24397 1.02103 22.0028
9885 24397 1.02103 22.0194
9885 24397 1.02103 22.0361
9885 24397 1.02103 22.0528
9885 24397 1.02103 22.0694
9884 24397 1.02103 22.0861
9883 24397 1.02103 22.1028
9882 24397 1.02103 22.1194
9881 24397 1.02103 22.1361
9881 24397 1.02103 22.1528
9881 24397 1.02103 22.1694
9880 24397 1.02103 22.1861
9880 24397 1.02103 22.2028
9880 24397 1.02103 22.2194
9880 24397 1.02103 22.2361
9880 24397 1.02103 22.2528
9880 24397 1.02103 22.2694
9878 24397 1.02103 22.2861
9878 24397 1.02103 22.3028
9878 24397 1.02103 22.3194
9878 24397 1.02103 22.3361
9878 24397 1.02103 22.3528
9878 24397 1.02103 22.3694
9877 24397 1.02103 22.3861
9877 24397 1.02103 22.4028
9877 24397 1.02103 22.4194
9876 24397 1.02103 22.4361
9876 24397 1.02103 22.4528
9876 24397 1.02103 22.4694
9876 24397 1.02103 22.4861
9875 24397 1.02103 22.5028
9875 24397 1.02103 22.5194
9875 24397 1.02103 22.5361
9874 24397 1.02103 22.5528
9874 24397 1.02103 22.5694
9873 24397 1.02103 22.5861
9873 24397 1.02103 22.6028
9872 24397 1.02103 22.6194
9872 24397 1.02103 22.6361
9872 24397 1.02103 22.6528
9872 24397 1.02103 22.6694
9871 24397 1.02103 22.6861
9871 24397 1.02103 22.7028
9869 24397 1.02103 22.7194
9869 24397 1.02103 22.7361
9869 24397 1.02103 22.7528
9868 24397 1.02103 22.7694
9868 24397 1.02103 22.7861
9868 24397 1.02103 22.8028
9868 24397 1.02103 22.8194
9868 24397 1.02103 22.8361
9866 24397 1.02103 22.8528
9866 24397 1.02103 22.8694
9866 24397 1.02103 22.8861
9866 24397 1.02103 22.9028
9865 24397 1.02103 22.9194
9865 24397 1.02103 22.9361
9865 24397 1.02103 22.9528
9864 24397 1.02103 22.9694
9864 24397 1.02103 22.9861
9864 24397 1.02103 23.0028
9864 24397 1.02103 23.0194
9864 24397 1.02103 23.0361
9864 24397 1.02103 23.0527
9864 24397 1.02103 23.0694
9864 24397 1.02103 23.0861
9862 24397 1.02103 23.1027
9862 24397 1.02103 23.1194
9861 24397 1.02103 23.1361
9861 24397 1.02103 23.1527
9861 24397 1.02103 23.1694
9860 24397 1.02103 23.1861
9860 24397 1.02103 23.2027
9859 24397 1.02103 23.2194
9859 24397 1.02103 23.2361
9859 24397 1.02103 23.2527
9857 24397 1.02103 23.2694
9857 24397 1.02103 23.2861
9857 24397 1.02103 23.3027
9857 24397 1.02103 23.3194
9857 24397 1.02103 23.3361
9855 24397 1.02103 23.3527
9855 24397 1.02103 23.3694
9855 24397 1.02103 23.3861
9854 24397 1.02103 23.4027
9854 24397 1.02103 23.4194
9854 24397 1.02103 23.4361
9853 24397 1.02103 23.4527
9853 24397 1.02103 23.4694
9853 24397 1.02103 23.4861
9853 24397 1.02103 23.5027
9853 24397 1.02103 23.5194
9853 24397 1.02103 23.5361
9852 24397 1.02103 23.5527
9852 24397 1.02103 23.5694
9851 24397 1.02103 23.5861
9851 24397 1.02103 23.6027
9851 24397 1.02103 23.6194
9851 24397 1.02103 23.6361
9850 24397 1.02103 23.6527
9850 24397 1.02103 23.6694
9849 24397 1.02103 23.6861
9849 24397 1.02103 23.7027
9849 24397 1.02103 23.7194
9849 24397 1.02103 23.7361
9849 24397 1.02103 23.7527
9849 24397 1.02103 23.7694
9849 24397 1.02103 23.7861
9848 24397 1.02103 23.8027
9848 24397 1.02103 23.8194
9848 24397 1.02103 23.8361
9847 24397 1.02103 23.8527
9847 24397 1.02103 23.8694
9847 24397 1.02103 23.8861
9847 24397 1.02103 23.9027
9847 24397 1.02103 23.9194
9846 24397 1.02103 23.9361
9845 24397 1.02103 23.9527
9845 24397 1.02103 23.9694
9844 24397 1.02103 23.9861
9844 24397 1.02103 24.0027
9843 24397 1.02103 24.0194
9843 24397 1.02103 24.0361
9843 24397 1.02103 24.0527
9843 24397 1.02103 24.0694
9843 24397 1.02103 24.0861
9843 24397 1.02103 24.1027
9843 24397 1.02103 24.1194
9843 24397 1.02103 24.1361
9843 24397 1.02103 24.1527
9841 24397 1.02103 24.1694
9839 24397 1.02103 24.1861
9839 24397 1.02103 24.2027
9839 24397 1.02103 24.2194
9839 24397 1.02103 24.2361
9838 24397 1.02103 24.2527
9838 24397 1.02103 24.2694
9838 24397 1.02103 24.2861
9838 24397 1.02103 24.3027
9838 24397 1.02103 24.3194
9838 24397 1.02103 24.3361
9838 24397 1.02103 24.3527
9838 24397 1.02103 24.3694
9837 24397 1.02103 24.3861
9837 24397 1.02103 24.4027
9837 24397 1.02103 24.4194
9836 24397 1.02103 24.4361
9836 24397 1.02103 24.4527
9836 24397 1.02103 24.4694
9836 24397 1.02103 24.4861
9836 24397 1.02103 24.5027
9836 24397 1.02103 24.5194
9836 24397 1.02103 24.5361
9834 24397 1.02103 24.5527
9834 24397 1.02103 24.5694
9834 24397 1.02103 24.5861
9834 24397 1.02103 24.6027
9834 24397 1.02103 24.6194
9834 24397 1.02103 24.6361
9834 24397 1.02103 24.6527
9834 24397 1.02103 24.6694
9834 24397 1.02103 24.6861
9834 24397 1.02103 24.7027
9833 24397 1.02103 24.7194
9833 24397 1.02103 24.7361
9832 24397 1.02103 24.7527
9831 24397 1.02103 24.7694
9831 24397 1.02103 24.7861
9831 24397 1.02103 24.8027
9831 24397 1.02103 24.8194
9831 24397 1.02103 24.8361
9831 24397 1.02103 24.8527
9829 24397 1.02103 24.8694
9829 24397 1.02103 24.8861
9829 24397 1.02103 24.9027
9829 24397 1.02103 24.9194
9829 24397 1.02103 24.9361
9829 24397 1.02103 24.9527
9829 24397 1.02103 24.9694
9828 24397 1.02103 24.9861
9828 24397 1.02103 25.0027
9828 24397 1.02103 25.0194
9828 24397 1.02103 25.0361
9827 24397 1.02103 25.0527
9827 24397 1.02103 25.0694
9827 24397 1.02103 25.0861
9827 24397 1.02103 25.1027
9827 24397 1.02103 25.1194
9827 24397 1.02103 25.1361
9827 24397 1.02103 25.1527
9827 24397 1.02103 25.1694
9827 24397 1.02103 25.1861
9827 24397 1.02103 25.2027
9827 24397 1.02103 25.2194
9827 24397 1.02103 25.236
9827 24397 1.02103 25.2527
9827 24397 1.02103 25.2694
9826 24397 1.02103 25.286
9826 24397 1.02103 25.3027
9826 24397 1.02103 25.3194
9826 24397 1.02103 25.336
9826 24397 1.02103 25.3527
9826 24397 1.02103 25.3694
9826 24397 1.02103 25.386
9826 24397 1.02103 25.4027
9826 24397 1.02103 25.4194
9825 24397 1.02103 25.436
9824 24397 1.02103 25.4527
9824 24397 1.02103 25.4694
9823 24397 1.02103 25.486
9822 24397 1.02103 25.5027
9822 24397 1.02103 25.5194
9822 24397 1.02103 25.536
9822 24397 1.02103 25.5527
9821 24397 1.02103 25.5694
9821 24397 1.02103 25.586
9820 24397 1.02103 25.6027
9820 24397 1.02103 25.6194
9820 24397 1.02103 25.636
9820 24397 1.02103 25.6527
9819 24397 1.02103 25.6694
9819 24397 1.02103 25.686
9819 24397 1.02103 25.7027
9819 24397 1.02103 25.7194
9819 24397 1.02103 25.736
9819 24397 1.02103 25.7527
9818 24397 1.02103 25.7694
9818 24397 1.02103 25.786
9818 24397 1.02103 25.8027
9818 24397 1.02103 25.8194
9817 24397 1.02103 25.836
9817 24397 1.02103 25.8527
9817 24397 1.02103 25.8694
9816 24397 1.02103 25.886
9816 24397 1.02103 25.9027
9815 24397 1.02103 25.9194
9815 24397 1.02103 25.936
9815 24397 1.02103 25.9527
9815 24397 1.02103 25.9694
9815 24397 1.02103 25.986
9815 24397 1.02103 26.0027
9815 24397 1.02103 26.0194
9815 24397 1.02103 26.036
9815 24397 1.02103 26.0527
9814 24397 1.02103 26.0694
9813 24397 1.02103 26.086
9813 24397 1.02103 26.1027
9812 24397 1.02103 26.1194
9812 24397 1.02103 26.136
9812 24397 1.02103 26.1527
9812 24397 1.02103 26.1694
9812 24397 1.02103 26.186
9812 24397 1.02103 26.2027
9812 24397 1.02103 26.2194
9812 24397 1.02103 26.236
9812 24397 1.02103 26.2527
9812 24397 1.02103 26.2694
9811 24397 1.02103 26.286
9811 24397 1.02103 26.3027
9811 24397 1.02103 26.3194
9810 24397 1.02103 26.336
9810 24397 1.02103 26.3527
9810 24397 1.02103 26.3694
9810 24397 1.02103 26.386
9810 24397 1.02103 26.4027
9810 24397 1.02103 26.4194
9810 24397 1.02103 26.436
9809 24397 1.02103 26.4527
9808 24397 1.02103 26.4694
9808 24397 1.02103 26.486
9808 24397 1.02103 26.5027
9808 24397 1.02103 26.5194
9807 24397 1.02103 26.536
9805 24397 1.02103 26.5527
9805 24397 1.02103 26.5694
9805 24397 1.02103 26.586
9805 24397 1.02103 26.6027
9805 24397 1.02103 26.6194
9805 24397 1.02103 26.636
9805 24397 1.02103 26.6527
9805 24397 1.02103 26.6694
9805 24397 1.02103 26.686
9805 24397 1.02103 26.7027
9805 24397 1.02103 26.7194
9805 24397 1.02103 26.736
9805 24397 1.02103 26.7527
9805 24397 1.02103 26.7694
9805 24397 1.02103 26.786
9804 24397 1.02103 26.8027
9803 24397 1.02103 26.8194
9803 24397 1.02103 26.836
9803 24397 1.02103 26.8527
9803 24397 1.02103 26.8694
9803 24397 1.02103 26.886
9803 24397 1.02103 26.9027
9803 24397 1.02103 26.9194
9802 24397 1.02103 26.936
9801 24397 1.02103 26.9527
9801 24397 1.02103 26.9694
9801 24397 1.02103 26.986
9801 24397 1.02103 27.0027
9801 24397 1.02103 27.0194
9800 24397 1.02103 27.036
9800 24397 1.02103 27.0527
9800 24397 1.02103 27.0694
9800 24397 1.02103 27.086
9799 24397 1.02103 27.1027
9799 24397 1.02103 27.1194
9799 24397 1.02103 27.136
9799 24397 1.02103 27.1527
9799 24397 1.02103 27.1694
9799 24397 1.02103 27.186
9798 24397 1.02103 27.2027
9797 24397 1.02103 27.2194
9797 24397 1.02103 27.236
9797 24397 1.02103 27.2527
9796 24397 1.02103 27.2694
9796 24397 1.02103 27.286
9796 24397 1.02103 27.3027
9796 24397 1.02103 27.3194
9796 24397 1.02103 27.336
9795 24397 1.02103 27.3527
9795 24397 1.02103 27.3694
9795 24397 1.02103 27.386
9795 24397 1.02103 27.4027
9795 24397 1.02103 27.4193
9795 24397 1.02103 27.436
9795 24397 1.02103 27.4527
9794 24397 1.02103 27.4693
9794 24397 1.02103 27.486
9794 24397 1.02103 27.5027
9794 24397 1.02103 27.5193
9794 24397 1.02103 27.536
9794 24397 1.02103 27.5527
9794 24397 1.02103 27.5693
9794 24397 1.02103 27.586
9794 24397 1.02103 27.6027
9794 24397 1.02103 27.6193
9793 24397 1.02103 27.636
9793 24397 1.02103 27.6527
9793 24397 1.02103 27.6693
9793 24397 1.02103 27.686
9792 24397 1.02103 27.7027
9792 24397 1.02103 27.7193
9792 24397 1.02103 27.736
9790 24397 1.02103 27.7527
9790 24397 1.02103 27.7693
9789 24397 1.02103 27.786
9789 24397 1.02103 27.8027
9789 24397 1.02103 27.8193
9789 24397 1.02103 27.836
9789 24397 1.02103 27.8527
9788 24397 1.02103 27.8693
9788 24397 1.02103 27.886
9788 24397 1.02103 27.9027
9788 24397 1.02103 27.9193
9788 24397 1.02103 27.936
9788 24397 1.02103 27.9527
9788 24397 1.02103 27.9693
9788 24397 1.02103 27.986
9787 24397 1.02103 28.0027
9787 24397 1.02103 28.0193
9787 24397 1.02103 28.036
9787 24397 1.02103 28.0527
9787 24397 1.02103 28.0693
9787 24397 1.02103 28.086
9787 24397 1.02103 28.1027
9787 24397 1.02103 28.1193
9786 24397 1.02103 28.136
9786 24397 1.02103 28.1527
9786 24397 1.02103 28.1693
9786 24397 1.02103 28.186
9786 24397 1.02103 28.2027
9786 24397 1.02103 28.2193
9786 24397 1.02103 28.236
9784 24397 1.02103 28.2527
9784 24397 1.02103 28.2693
9784 24397 1.02103 28.286
9784 24397 1.02103 28.3027
9782 24397 1.02103 28.3193
9782 24397 1.02103 28.336
9782 24397 1.02103 28.3527
9782 24397 1.02103 28.3693
9782 24397 1.02103 28.386
9782 24397 1.02103 28.4027
9782 24397 1.02103 28.4193
9782 24397 1.02103 28.436
9781 24397 1.02103 28.4527
9781 24397 1.02103 28.4693
9781 24397 1.02103 28.486
9781 24397 1.02103 28.5027
9781 24397 1.02103 28.5193
9781 24397 1.02103 28.536
9781 24397 1.02103 28.5527
9781 24397 1.02103 28.5693
9781 24397 1.02103 28.586
9780 24397 1.02103 28.6027
9780 24397 1.02103 28.6193
9779 24397 1.02103 28.636
9779 24397 1.02103 28.6527
9777 24397 1.02103 28.6693
9777 24397 1.02103 28.686
9777 24397 1.02103 28.7027
9777 24397 1.02103 28.7193
9777 24397 1.02103 28.736
9777 24397 1.02103 28.7527
9776 24397 1.02103 28.7693
9776 24397 1.02103 28.786
9776 24397 1.02103 28.8027
9776 24397 1.02103 28.8193
9776 24397 1.02103 28.836
9776 24397 1.02103 28.8527
9776 24397 1.02103 28.8693
9776 24397 1.02103 28.886
9776 24397 1.02103 28.9027
9776 24397 1.02103 28.9193
9775 24397 1.02103 28.936
9775 24397 1.02103 28.9527
9775 24397 1.02103 28.9693
9774 24397 1.02103 28.986
9774 24397 1.02103 29.0027
9774 24397 1.02103 29.0193
9774 24397 1.02103 29.036
9774 24397 1.02103 29.0527
9774 24397 1.02103 29.0693
9774 24397 1.02103 29.086
9774 24397 1.02103 29.1027
9774 24397 1.02103 29.1193
9773 24397 1.02103 29.136
9773 24397 1.02103 29.1527
9773 24397 1.02103 29.1693
9772 24397 1.02103 29.186
9772 24397 1.02103 29.2027
9772 24397 1.02103 29.2193
9772 24397 1.02103 29.236
9771 24397 1.02103 29.2527
9771 24397 1.02103 29.2693
9771 24397 1.02103 29.286
9771 24397 1.02103 29.3027
9771 24397 1.02103 29.3193
9771 24397 1.02103 29.336
9771 24397 1.02103 29.3527
9771 24397 1.02103 29.3693
9770 24397 1.02103 29.386
9769 24397 1.02103 29.4027
9769 24397 1.02103 29.4193
9769 24397 1.02103 29.436
9769 24397 1.02103 29.4527
9769 24397 1.02103 29.4693
9769 24397 1.02103 29.486
9769 24397 1.02103 29.5027
9769 24397 1.02103 29.5193
9769 24397 1.02103 29.536
9769 24397 1.02103 29.5527
9769 24397 1.02103 29.5693
9768 24397 1.02103 29.586
9768 24397 1.02103 29.6026
9768 24397 1.02103 29.6193
9768 24397 1.02103 29.636
9768 24397 1.02103 29.6526
9768 24397 1.02103 29.6693
9768 24397 1.02103 29.686
9767 24397 1.02103 29.7026
9767 24397 1.02103 29.7193
9767 24397 1.02103 29.736
9767 24397 1.02103 29.7526
9767 24397 1.02103 29.7693
9767 24397 1.02103 29.786
9766 24397 1.02103 29.8026
9766 24397 1.02103 29.8193
9766 24397 1.02103 29.836
9766 24397 1.02103 29.8526
9766 24397 1.02103 29.8693
9766 24397 1.02103 29.886
9765 24397 1.02103 29.9026
9765 24397 1.02103 29.9193
9765 24397 1.02103 29.936
9765 24397 1.02103 29.9526
9765 24397 1.02103 29.9693
9765 24397 1.02103 29.986
9765 24397 1.02103 30.0026
9765 24397 1.02103 30.0193
9765 24397 1.02103 30.036
9765 24397 1.02103 30.0526
9765 24397 1.02103 30.0693
9764 24397 1.02103 30.086
9764 24397 1.02103 30.1026
9764 24397 1.02103 30.1193
9763 24397 1.02103 30.136
9763 24397 1.02103 30.1526
9763 24397 1.02103 30.1693
9763 24397 1.02103 30.186
9763 24397 1.02103 30.2026
9762 24397 1.02103 30.2193
9762 24397 1.02103 30.236
9762 24397 1.02103 30.2526
9762 24397 1.02103 30.2693
9762 24397 1.02103 30.286
9761 24397 1.02103 30.3026
9761 24397 1.02103 30.3193
9761 24397 1.02103 30.336
9761 24397 1.02103 30.3526
9761 24397 1.02103 30.3693
9761 24397 1.02103 30.386
9761 24397 1.02103 30.4026
9761 24397 1.02103 30.4193
9761 24397 1.02103 30.436
9760 24397 1.02103 30.4526
9760 24397 1.02103 30.4693
9760 24397 1.02103 30.486
9760 24397 1.02103 30.5026
9760 24397 1.02103 30.5193
9760 24397 1.02103 30.536
9760 24397 1.02103 30.5526
9760 24397 1.02103 30.5693
9760 24397 1.02103 30.586
9760 24397 1.02103 30.6026
9760 24397 1.02103 30.6193
9759 24397 1.02103 30.636
9759 24397 1.02103 30.6526
9759 24397 1.02103 30.6693
9759 24397 1.02103 30.686
9758 24397 1.02103 30.7026
9758 24397 1.02103 30.7193
9758 24397 1.02103 30.736
9758 24397 1.02103 30.7526
9758 24397 1.02103 30.7693
9757 24397 1.02103 30.786
9757 24397 1.02103 30.8026
9757 24397 1.02103 30.8193
9755 24397 1.02103 30.836
9755 24397 1.02103 30.8526
9755 24397 1.02103 30.8693
9755 24397 1.02103 30.886
9755 24397 1.02103 30.9026
9755 24397 1.02103 30.9193
9755 24397 1.02103 30.936
9755 24397 1.02103 30.9526
9755 24397 1.02103 30.9693
9755 24397 1.02103 30.986
9754 24397 1.02103 31.0026
9754 24397 1.02103 31.0193
9754 24397 1.02103 31.036
9754 24397 1.02103 31.0526
9754 24397 1.02103 31.0693
9754 24397 1.02103 31.086
9754 24397 1.02103 31.1026
9754 24397 1.02103 31.1193
9753 24397 1.02103 31.136
9753 24397 1.02103 31.1526
9753 24397 1.02103 31.1693
9753 24397 1.02103 31.186
9753 24397 1.02103 31.2026
9752 24397 1.02103 31.2193
9752 24397 1.02103 31.236
9752 24397 1.02103 31.2526
9752 24397 1.02103 31.2693
9752 24397 1.02103 31.286
9752 24397 1.02103 31.3026
9752 24397 1.02103 31.3193
9752 24397 1.02103 31.336
9752 24397 1.02103 31.3526
9751 24397 1.02103 31.3693
9751 24397 1.02103 31.386
9751 24397 1.02103 31.4026
9751 24397 1.02103 31.4193
9751 24397 1.02103 31.436
9751 24397 1.02103 31.4526
9751 24397 1.02103 31.4693
9751 24397 1.02103 31.486
9750 24397 1.02103 31.5026
9750 24397 1.02103 31.5193
9750 24397 1.02103 31.536
9750 24397 1.02103 31.5526
9750 24397 1.02103 31.5693
9750 24397 1.02103 31.586
9750 24397 1.02103 31.6026
9749 24397 1.02103 31.6193
9749 24397 1.02103 31.636
9749 24397 1.02103 31.6526
9749 24397 1.02103 31.6693
9749 24397 1.02103 31.686
9749 24397 1.02103 31.7026
9749 24397 1.02103 31.7193
9749 24397 1.02103 31.736
9749 24397 1.02103 31.7526
9749 24397 1.02103 31.7693
9749 24397 1.02103 31.7859
9749 24397 1.02103 31.8026
9749 24397 1.02103 31.8193
9749 24397 1.02103 31.8359
9749 24397 1.02103 31.8526
9749 24397 1.02103 31.8693
9748 24397 1.02103 31.8859
9748 24397 1.02103 31.9026
9748 24397 1.02103 31.9193
9747 24397 1.02103 31.9359
9747 24397 1.02103 31.9526
9747 24397 1.02103 31.9693
9747 24397 1.02103 31.9859
9747 24397 1.02103 32.0026
9747 24397 1.02103 32.0193
9747 24397 1.02103 32.0359
9747 24397 1.02103 32.0526
9747 24397 1.02103 32.0693
9747 24397 1.02103 32.0859
9747 24397 1.02103 32.1026
9747 24397 1.02103 32.1193
9747 24397 1.02103 32.1359
9746 24397 1.02103 32.1526
9746 24397 1.02103 32.1693
9746 24397 1.02103 32.1859
9746 24397 1.02103 32.2026
9746 24397 1.02103 32.2193
9746 24397 1.02103 32.2359
9745 24397 1.02103 32.2526
9744 24397 1.02103 32.2693
9744 24397 1.02103 32.2859
9743 24397 1.02103 32.3026
9743 24397 1.02103 32.3193
9743 24397 1.02103 32.3359
9743 24397 1.02103 32.3526
9743 24397 1.02103 32.3693
9743 24397 1.02103 32.3859
9743 24397 1.02103 32.4026
9743 24397 1.02103 32.4193
9742 24397 1.02103 32.4359
9742 24397 1.02103 32.4526
9741 24397 1.02103 32.4693
9741 24397 1.02103 32.4859
9741 24397 1.02103 32.5026
9741 24397 1.02103 32.5193
9741 24397 1.02103 32.5359
9741 24397 1.02103 32.5526
9741 24397 1.02103 32.5693
9741 24397 1.02103 32.5859
9741 24397 1.02103 32.6026
9741 24397 1.02103 32.6193
9740 24397 1.02103 32.6359
9740 24397 1.02103 32.6526
9740 24397 1.02103 32.6693
9740 24397 1.02103 32.6859
9740 24397 1.02103 32.7026
9740 24397 1.02103 32.7193
9740 24397 1.02103 32.7359
9740 24397 1.02103 32.7526
9739 24397 1.02103 32.7693
9739 24397 1.02103 32.7859
9739 24397 1.02103 32.8026
9739 24397 1.02103 32.8193
9739 24397 1.02103 32.8359
9739 24397 1.02103 32.8526
9739 24397 1.02103 32.8693
9739 24397 1.02103 32.8859
9739 24397 1.02103 32.9026
9739 24397 1.02103 32.9193
9739 24397 1.02103 32.9359
9739 24397 1.02103 32.9526
9739 24397 1.02103 32.9693
9739 24397 1.02103 32.9859
9739 24397 1.02103 33.0026
9739 24397 1.02103 33.0193
9739 24397 1.02103 33.0359
9739 24397 1.02103 33.0526
9738 24397 1.02103 33.0693
9738 24397 1.02103 33.0859
9738 24397 1.02103 33.1026
9738 24397 1.02103 33.1193
9738 24397 1.02103 33.1359
9737 24397 1.02103 33.1526
9737 24397 1.02103 33.1693
9737 24397 1.02103 33.1859
9737 24397 1.02103 33.2026
9737 24397 1.02103 33.2193
9737 24397 1.02103 33.2359
9737 24397 1.02103 33.2526
9737 24397 1.02103 33.2693
9737 24397 1.02103 33.2859
9737 24397 1.02103 33.3026
9737 24397 1.02103 33.3193
9737 24397 1.02103 33.3359
9737 24397 1.02103 33.3526
9736 24397 1.02103 33.3693
9736 24397 1.02103 33.3859
9736 24397 1.02103 33.4026
9736 24397 1.02103 33.4193
9736 24397 1.02103 33.4359
9735 24397 1.02103 33.4526
9735 24397 1.02103 33.4693
9735 24397 1.02103 33.4859
9735 24397 1.02103 33.5026
9735 24397 1.02103 33.5193
9734 24397 1.02103 33.5359
9734 24397 1.02103 33.5526
9734 24397 1.02103 33.5693
9734 24397 1.02103 33.5859
9734 24397 1.02103 33.6026
9734 24397 1.02103 33.6193
9734 24397 1.02103 33.6359
9734 24397 1.02103 33.6526
9734 24397 1.02103 33.6693
9734 24397 1.02103 33.6859
9734 24397 1.02103 33.7026
9734 24397 1.02103 33.7193
9734 24397 1.02103 33.7359
9733 24397 1.02103 33.7526
9733 24397 1.02103 33.7693
9733 24397 1.02103 33.7859
9733 24397 1.02103 33.8026
9733 24397 1.02103 33.8193
9733 24397 1.02103 33.8359
9733 24397 1.02103 33.8526
9733 24397 1.02103 33.8693
9733 24397 1.02103 33.8859
9733 24397 1.02103 33.9026
9732 24397 1.02103 33.9193
9732 24397 1.02103 33.9359
9732 24397 1.02103 33.9526
9732 24397 1.02103 33.9692
9732 24397 1.02103 33.9859
9732 24397 1.02103 34.0026
9732 24397 1.02103 34.0192
9732 24397 1.02103 34.0359
9732 24397 1.02103 34.0526
9732 24397 1.02103 34.0692
9732 24397 1.02103 34.0859
9732 24397 1.02103 34.1026
9732 24397 1.02103 34.1192
9732 24397 1.02103 34.1359
9732 24397 1.02103 34.1526
9731 24397 1.02103 34.1692
9731 24397 1.02103 34.1859
9731 24397 1.02103 34.2026
9731 24397 1.02103 34.2192
9731 24397 1.02103 34.2359
9731 24397 1.02103 34.2526
9731 24397 1.02103 34.2692
9731 24397 1.02103 34.2859
9731 24397 1.02103 34.3026
9731 24397 1.02103 34.3192
9731 24397 1.02103 34.3359
9731 24397 1.02103 34.3526
9730 24397 1.02103 34.3692
9730 24397 1.02103 34.3859
9730 24397 1.02103 34.4026
9729 24397 1.02103 34.4192
9729 24397 1.02103 34.4359
9729 24397 1.02103 34.4526
9728 24397 1.02103 34.4692
9728 24397 1.02103 34.4859
9728 24397 1.02103 34.5026
9728 24397 1.02103 34.5192
9727 24397 1.02103 34.5359
9727 24397 1.02103 34.5526
9727 24397 1.02103 34.5692
9727 24397 1.02103 34.5859
9727 24397 1.02103 34.6026
9727 24397 1.02103 34.6192
9727 24397 1.02103 34.6359
9727 24397 1.02103 34.6526
9727 24397 1.02103 34.6692
9727 24397 1.02103 34.6859
9727 24397 1.02103 34.7026
9726 24397 1.02103 34.7192
9726 24397 1.02103 34.7359
9725 24397 1.02103 34.7526
9725 24397 1.02103 34.7692
9725 24397 1.02103 34.7859
9725 24397 1.02103 34.8026
9725 24397 1.02103 34.8192
9725 24397 1.02103 34.8359
9725 24397 1.02103 34.8526
9725 24397 1.02103 34.8692
9725 24397 1.02103 34.8859
9725 24397 1.02103 34.9026
9725 24397 1.02103 34.9192
9725 24397 1.02103 34.9359
9725 24397 1.02103 34.9526
9725 24397 1.02103 34.9692
9725 24397 1.02103 34.9859
9725 24397 1.02103 35.0026
9725 24397 1.02103 35.0192
9725 24397 1.02103 35.0359
9725 24397 1.02103 35.0526
9725 24397 1.02103 35.0692
9725 24397 1.02103 35.0859
9725 24397 1.02103 35.1026
