10578 11405 0.00106657 0.00836468
10551 11405 0.00106657 0.0250311
10533 11405 0.00106657 0.0416975
10491 11405 0.00106657 0.0583639
10462 11405 0.00106657 0.0750303
10434 11405 0.00106657 0.0916967
10410 11405 0.00106657 0.108363
10384 11405 0.00106657 0.12503
10356 11405 0.00106657 0.141696
10334 11405 0.00106657 0.158362
10315 11405 0.00106657 0.175029
10293 11405 0.00106657 0.191695
10267 11405 0.00106657 0.208362
10247 11405 0.00106657 0.225028
10232 11405 0.00106657 0.241694
10218 11405 0.00106657 0.258361
10199 11405 0.00106657 0.275027
10178 11405 0.00106657 0.291694
10162 11405 0.00106657 0.30836
10151 11405 0.00106657 0.325027
10139 11405 0.00106657 0.341693
10132 11405 0.00106657 0.358359
10124 11405 0.00106657 0.375026
10116 11405 0.00106657 0.391692
10108 11405 0.00106657 0.408359
10107 11405 0.00106657 0.425025
10103 11405 0.00106657 0.441691
10102 11405 0.00106657 0.458358
10100 11405 0.00106657 0.475024
10099 11405 0.00106657 0.491691
10098 11405 0.00106657 0.508357
10096 11405 0.00106657 0.525023
10096 11405 0.00106657 0.54169
10096 11405 0.00106657 0.558356
10094 11405 0.00106657 0.575023
10093 11405 0.00106657 0.591689
10092 11405 0.00106657 0.608356
10091 11405 0.00106657 0.625022
10090 11405 0.00106657 0.641688
10090 11405 0.00106657 0.658355
10088 11405 0.00106657 0.675021
10088 11405 0.00106657 0.691688
10087 11405 0.00106657 0.708354
10086 11405 0.00106657 0.72502
10085 11405 0.00106657 0.741687
10085 11405 0.00106657 0.758353
10085 11405 0.00106657 0.77502
10084 11405 0.00106657 0.791686
10084 11405 0.00106657 0.808352
10083 11405 0.00106657 0.825019
10083 11405 0.00106657 0.841685
10082 11405 0.00106657 0.858352
10082 11405 0.00106657 0.875018
10082 11405 0.00106657 0.891685
10082 11405 0.00106657 0.908351
10082 11405 0.00106657 0.925017
10081 11405 0.00106657 0.941684
10081 11405 0.00106657 0.95835
10081 11405 0.00106657 0.975017
10080 11405 0.00106657 0.991683
10079 11405 0.00106657 1.00835
10079 11405 0.00106657 1.02502
10079 11405 0.00106657 1.04168
10079 11405 0.00106657 1.05835
10079 11405 0.00106657 1.07502
10079 11405 0.00106657 1.09168
10079 11405 0.00106657 1.10835
10078 11405 0.00106657 1.12501
10078 11405 0.00106657 1.14168
10078 11405 0.00106657 1.15835
10076 11405 0.00106657 1.17501
10076 11405 0.00106657 1.19168
10076 11405 0.00106657 1.20835
10076 11405 0.00106657 1.22501
10075 11405 0.00106657 1.24168
10075 11405 0.00106657 1.25835
10075 11405 0.00106657 1.27501
10075 11405 0.00106657 1.29168
10074 11405 0.00106657 1.30834
10073 11405 0.00106657 1.32501
10073 11405 0.00106657 1.34168
10073 11405 0.00106657 1.35834
10071 11405 0.00106657 1.37501
10071 11405 0.00106657 1.39168
10071 11405 0.00106657 1.40834
10071 11405 0.00106657 1.42501
10071 11405 0.00106657 1.44168
10069 11405 0.00106657 1.45834
10069 11405 0.00106657 1.47501
10069 11405 0.00106657 1.49168
10069 11405 0.00106657 1.50834
10069 11405 0.00106657 1.52501
10068 11405 0.00106657 1.54167
10068 11405 0.00106657 1.55834
10068 11405 0.00106657 1.57501
10068 11405 0.00106657 1.59167
10068 11405 0.00106657 1.60834
10067 11405 0.00106657 1.62501
10067 11405 0.00106657 1.64167
10066 11405 0.00106657 1.65834
10065 11405 0.00106657 1.67501
10065 11405 0.00106657 1.69167
10065 11405 0.00106657 1.70834
10065 11405 0.00106657 1.72501
10064 11405 0.00106657 1.74167
10064 11405 0.00106657 1.75834
10064 11405 0.00106657 1.775
10064 11405 0.00106657 1.79167
10062 11405 0.00106657 1.80834
10062 11405 0.00106657 1.825
10062 11405 0.00106657 1.84167
10062 11405 0.00106657 1.85834
10061 11405 0.00106657 1.875
10060 11405 0.00106657 1.89167
10060 11405 0.00106657 1.90834
10060 11405 0.00106657 1.925
10060 11405 0.00106657 1.94167
10060 11405 0.00106657 1.95833
10059 11405 0.00106657 1.975
10059 11405 0.00106657 1.99167
10058 11405 0.00106657 2.00833
10057 11405 0.00106657 2.025
10057 11405 0.00106657 2.04167
10056 11405 0.00106657 2.05833
10056 11405 0.00106657 2.075
10056 11405 0.00106657 2.09167
10056 11405 0.00106657 2.10833
10056 11405 0.00106657 2.125
10056 11405 0.00106657 2.14167
10056 11405 0.00106657 2.15833
10056 11405 0.00106657 2.175
10056 11405 0.00106657 2.19166
10055 11405 0.00106657 2.20833
10055 11405 0.00106657 2.225
10055 11405 0.00106657 2.24166
10055 11405 0.00106657 2.25833
10055 11405 0.00106657 2.275
10055 11405 0.00106657 2.29166
10055 11405 0.00106657 2.30833
10055 11405 0.00106657 2.325
10055 11405 0.00106657 2.34166
10055 11405 0.00106657 2.35833
10055 11405 0.00106657 2.375
10055 11405 0.00106657 2.39166
10055 11405 0.00106657 2.40833
10055 11405 0.00106657 2.42499
10054 11405 0.00106657 2.44166
10054 11405 0.00106657 2.45833
10054 11405 0.00106657 2.47499
10054 11405 0.00106657 2.49166
10053 11405 0.00106657 2.50833
10053 11405 0.00106657 2.52499
10053 11405 0.00106657 2.54166
10052 11405 0.00106657 2.55833
10052 11405 0.00106657 2.57499
10051 11405 0.00106657 2.59166
10051 11405 0.00106657 2.60833
10051 11405 0.00106657 2.62499
10051 11405 0.00106657 2.64166
10051 11405 0.00106657 2.65832
10051 11405 0.00106657 2.67499
10051 11405 0.00106657 2.69166
10051 11405 0.00106657 2.70832
10051 11405 0.00106657 2.72499
10050 11405 0.00106657 2.74166
10050 11405 0.00106657 2.75832
10050 11405 0.00106657 2.77499
10050 11405 0.00106657 2.79166
10050 11405 0.00106657 2.80832
10050 11405 0.00106657 2.82499
10050 11405 0.00106657 2.84165
10050 11405 0.00106657 2.85832
10049 11405 0.00106657 2.87499
10049 11405 0.00106657 2.89165
10049 11405 0.00106657 2.90832
10049 11405 0.00106657 2.92499
10049 11405 0.00106657 2.94165
10049 11405 0.00106657 2.95832
10048 11405 0.00106657 2.97499
10048 11405 0.00106657 2.99165
10048 11405 0.00106657 3.00832
10048 11405 0.00106657 3.02499
10047 11405 0.00106657 3.04165
10047 11405 0.00106657 3.05832
10047 11405 0.00106657 3.07498
10047 11405 0.00106657 3.09165
10047 11405 0.00106657 3.10832
10047 11405 0.00106657 3.12498
10047 11405 0.00106657 3.14165
10047 11405 0.00106657 3.15832
10047 11405 0.00106657 3.17498
10047 11405 0.00106657 3.19165
10046 11405 0.00106657 3.20832
10046 11405 0.00106657 3.22498
10046 11405 0.00106657 3.24165
10045 11405 0.00106657 3.25832
10045 11405 0.00106657 3.27498
10045 11405 0.00106657 3.29165
10045 11405 0.00106657 3.30831
10045 11405 0.00106657 3.32498
10045 11405 0.00106657 3.34165
10045 11405 0.00106657 3.35831
10045 11405 0.00106657 3.37498
10045 11405 0.00106657 3.39165
10044 11405 0.00106657 3.40831
10044 11405 0.00106657 3.42498
10043 11405 0.00106657 3.44165
10043 11405 0.00106657 3.45831
10042 11405 0.00106657 3.47498
10041 11405 0.00106657 3.49164
10041 11405 0.00106657 3.50831
10041 11405 0.00106657 3.52498
10041 11405 0.00106657 3.54164
10041 11405 0.00106657 3.55831
10041 11405 0.00106657 3.57498
10041 11405 0.00106657 3.59164
10041 11405 0.00106657 3.60831
10041 11405 0.00106657 3.62498
10041 11405 0.00106657 3.64164
10041 11405 0.00106657 3.65831
10041 11405 0.00106657 3.67498
10041 11405 0.00106657 3.69164
10041 11405 0.00106657 3.70831
10041 11405 0.00106657 3.72497
10041 11405 0.00106657 3.74164
10040 11405 0.00106657 3.75831
10040 11405 0.00106657 3.77497
10040 11405 0.00106657 3.79164
10040 11405 0.00106657 3.80831
10040 11405 0.00106657 3.82497
10040 11405 0.00106657 3.84164
10040 11405 0.00106657 3.85831
10040 11405 0.00106657 3.87497
10040 11405 0.00106657 3.89164
10040 11405 0.00106657 3.90831
10040 11405 0.00106657 3.92497
10040 11405 0.00106657 3.94164
10040 11405 0.00106657 3.9583
10040 11405 0.00106657 3.97497
10039 11405 0.00106657 3.99164
10039 11405 0.00106657 4.0083
10039 11405 0.00106657 4.02497
10038 11405 0.00106657 4.04164
10038 11405 0.00106657 4.0583
10038 11405 0.00106657 4.07497
10038 11405 0.00106657 4.09164
10037 11405 0.00106657 4.1083
10037 11405 0.00106657 4.12497
10037 11405 0.00106657 4.14163
10037 11405 0.00106657 4.1583
10037 11405 0.00106657 4.17497
10037 11405 0.00106657 4.19163
10037 11405 0.00106657 4.2083
10037 11405 0.00106657 4.22497
10037 11405 0.00106657 4.24163
10037 11405 0.00106657 4.2583
10037 11405 0.00106657 4.27497
10037 11405 0.00106657 4.29163
10037 11405 0.00106657 4.3083
10037 11405 0.00106657 4.32497
10037 11405 0.00106657 4.34163
10037 11405 0.00106657 4.3583
10037 11405 0.00106657 4.37496
10037 11405 0.00106657 4.39163
10037 11405 0.00106657 4.4083
10037 11405 0.00106657 4.42496
10037 11405 0.00106657 4.44163
10037 11405 0.00106657 4.4583
10037 11405 0.00213314 4.47496
10037 11405 0.00319971 4.49163
10037 11405 0.00426628 4.5083
10037 11405 0.00533286 4.52496
10037 11405 0.00639943 4.54163
10037 11405 0.007466 4.5583
10037 11405 0.00853257 4.57496
10036 11405 0.00959914 4.59163
10036 11405 0.0106657 4.60829
10036 11405 0.0117323 4.62496
10036 11405 0.0127989 4.64163
10036 11405 0.0138654 4.65829
10036 11405 0.014932 4.67496
10036 11405 0.0159986 4.69163
10036 11405 0.0170651 4.70829
10036 11405 0.0181317 4.72496
10036 11405 0.0191983 4.74163
10036 11405 0.0202649 4.75829
10036 11405 0.0213314 4.77496
10036 11405 0.022398 4.79163
10035 11405 0.0234646 4.80829
10035 11405 0.0245311 4.82496
10035 11405 0.0255977 4.84162
10034 11405 0.0266643 4.85829
10034 11405 0.0277308 4.87496
10034 11405 0.0287974 4.89162
10034 11405 0.029864 4.90829
10034 11405 0.0309306 4.92496
10033 11405 0.0319971 4.94162
10032 11405 0.0330637 4.95829
10032 11405 0.0341303 4.97496
10032 11405 0.0351968 4.99162
10032 11405 0.0362634 5.00829
10032 11405 0.03733 5.02495
10032 11405 0.0383966 5.04162
10031 11405 0.0394631 5.05829
10031 11405 0.0405297 5.07495
10031 11405 0.0415963 5.09162
10031 11405 0.0426629 5.10829
10031 11405 0.0437294 5.12495
10031 11405 0.044796 5.14162
10031 11405 0.0458626 5.15829
10030 11405 0.0469292 5.17495
10030 11405 0.0479957 5.19162
10030 11405 0.0490623 5.20829
10030 11405 0.0501289 5.22495
10030 11405 0.0511954 5.24162
10030 11405 0.052262 5.25828
10030 11405 0.0533286 5.27495
10030 11405 0.0543952 5.29162
10029 11405 0.0554617 5.30828
10029 11405 0.0565283 5.32495
10029 11405 0.0575949 5.34162
10028 11405 0.0586615 5.35828
10028 11405 0.059728 5.37495
10028 11405 0.0607946 5.39162
10028 11405 0.0618612 5.40828
10028 11405 0.0629277 5.42495
10028 11405 0.0639943 5.44162
10028 11405 0.0650609 5.45828
10027 11405 0.0661275 5.47495
10027 11405 0.067194 5.49161
10027 11405 0.0682606 5.50828
10026 11405 0.0693272 5.52495
10026 11405 0.0703938 5.54161
10026 11405 0.0714603 5.55828
10026 11405 0.0725269 5.57495
10026 11405 0.0735935 5.59161
10026 11405 0.07466 5.60828
10026 11405 0.0757266 5.62495
10026 11405 0.0767932 5.64161
10026 11405 0.0778598 5.65828
10026 11405 0.0789263 5.67494
10025 11405 0.0799929 5.69161
10025 11405 0.0810595 5.70828
10024 11405 0.0821261 5.72494
10024 11405 0.0831926 5.74161
10024 11405 0.0842592 5.75828
10024 11405 0.0853258 5.77494
10023 11405 0.0863924 5.79161
10023 11405 0.0874589 5.80828
10023 11405 0.0885255 5.82494
10023 11405 0.0895921 5.84161
10022 11405 0.0906586 5.85828
10020 11405 0.0917252 5.87494
10020 11405 0.0927918 5.89161
10020 11405 0.0938584 5.90827
10019 11405 0.0949249 5.92494
10019 11405 0.0959915 5.94161
10019 11405 0.0970581 5.95827
10019 11405 0.0981247 5.97494
10019 11405 0.0991912 5.99161
10019 11405 0.100258 6.00827
10019 11405 0.101324 6.02494
10018 11405 0.102391 6.04161
10017 11405 0.103458 6.05827
10017 11405 0.104524 6.07494
10017 11405 0.105591 6.09161
10017 11405 0.106657 6.10827
10017 11405 0.107724 6.12494
10016 11405 0.10879 6.1416
10016 11405 0.109857 6.15827
10016 11405 0.110924 6.17494
10016 11405 0.11199 6.1916
10016 11405 0.113057 6.20827
10016 11405 0.114123 6.22494
10016 11405 0.11519 6.2416
10015 11405 0.116256 6.25827
10015 11405 0.117323 6.27494
10015 11405 0.11839 6.2916
10015 11405 0.119456 6.30827
10015 11405 0.120523 6.32493
10014 11405 0.121589 6.3416
10013 11405 0.122656 6.35827
10013 11405 0.123722 6.37493
10013 11405 0.124789 6.3916
10013 11405 0.125856 6.40827
10013 11405 0.126922 6.42493
10011 11405 0.127989 6.4416
10008 11405 0.129055 6.45827
10008 11405 0.130122 6.47493
10008 11405 0.131188 6.4916
10007 11405 0.132255 6.50827
10007 11405 0.133322 6.52493
10006 11405 0.134388 6.5416
10006 11405 0.135455 6.55826
10006 11405 0.136521 6.57493
10005 11405 0.137588 6.5916
10005 11405 0.138654 6.60826
10004 11405 0.139721 6.62493
10003 11405 0.140787 6.6416
10002 11405 0.141854 6.65826
10002 11405 0.142921 6.67493
10001 11405 0.143987 6.6916
10001 11405 0.145054 6.70826
10001 11405 0.14612 6.72493
10001 11405 0.147187 6.7416
10000 11405 0.148253 6.75826
9998 11405 0.14932 6.77493
9998 11405 0.150387 6.79159
9998 11405 0.151453 6.80826
9997 11405 0.15252 6.82493
9996 11405 0.153586 6.84159
9995 11405 0.154653 6.85826
9994 11405 0.155719 6.87493
9992 11405 0.156786 6.89159
9992 11405 0.157853 6.90826
9991 11405 0.158919 6.92493
9989 11405 0.159986 6.94159
9989 11405 0.161052 6.95826
9986 11405 0.162119 6.97493
9982 11405 0.163185 6.99159
9981 11405 0.164252 7.00826
9980 11405 0.165318 7.02492
9980 11405 0.166385 7.04159
9980 11405 0.167452 7.05826
9980 11405 0.168518 7.07492
9978 11405 0.169585 7.09159
9978 11405 0.170651 7.10826
9978 11405 0.171718 7.12492
9977 11405 0.172784 7.14159
9975 11405 0.173851 7.15826
9974 11405 0.174918 7.17492
9974 11405 0.175984 7.19159
9973 11405 0.177051 7.20825
9972 11405 0.178117 7.22492
9970 11405 0.179184 7.24159
9970 11405 0.18025 7.25825
9969 11405 0.181317 7.27492
9969 11405 0.182384 7.29159
9969 11405 0.18345 7.30825
9969 11405 0.184517 7.32492
9968 11405 0.185583 7.34159
9966 11405 0.18665 7.35825
9965 11405 0.187716 7.37492
9964 11405 0.188783 7.39159
9963 11405 0.189849 7.40825
9963 11405 0.190916 7.42492
9962 11405 0.191983 7.44158
9961 11405 0.193049 7.45825
9959 11405 0.194116 7.47492
9958 11405 0.195182 7.49158
9957 11405 0.196249 7.50825
9957 11405 0.197315 7.52492
9957 11405 0.198382 7.54158
9956 11405 0.199449 7.55825
9953 11405 0.200515 7.57492
9953 11405 0.201582 7.59158
9953 11405 0.202648 7.60825
9953 11405 0.203715 7.62492
9951 11405 0.204781 7.64158
9949 11405 0.205848 7.65825
9949 11405 0.206915 7.67491
9947 11405 0.207981 7.69158
9947 11405 0.209048 7.70825
9947 11405 0.210114 7.72491
9945 11405 0.211181 7.74158
9944 11405 0.212247 7.75825
9943 11405 0.213314 7.77491
9942 11405 0.21438 7.79158
9942 11405 0.215447 7.80825
9940 11405 0.216514 7.82491
9939 11405 0.21758 7.84158
9939 11405 0.218647 7.85824
9939 11405 0.219713 7.87491
9935 11405 0.22078 7.89158
9930 11405 0.221846 7.90824
9930 11405 0.222913 7.92491
9929 11405 0.22398 7.94158
9926 11405 0.225046 7.95824
9925 11405 0.226113 7.97491
9923 11405 0.227179 7.99158
9923 11405 0.228246 8.00824
9923 11405 0.229312 8.02491
9922 11405 0.230379 8.04158
9919 11405 0.231446 8.05824
9916 11405 0.232512 8.07491
9913 11405 0.233579 8.09157
9910 11405 0.234645 8.10824
9909 11405 0.235712 8.12491
9908 11405 0.236778 8.14157
9906 11405 0.237845 8.15824
9905 11405 0.238911 8.17491
9905 11405 0.239978 8.19157
9903 11405 0.241045 8.20824
9901 11405 0.242111 8.22491
9898 11405 0.243178 8.24157
9897 11405 0.244244 8.25824
9897 11405 0.245311 8.27491
9895 11405 0.246377 8.29157
9893 11405 0.247444 8.30824
9893 11405 0.248511 8.3249
9890 11405 0.249577 8.34157
9889 11405 0.250644 8.35824
9887 11405 0.25171 8.3749
9885 11405 0.252777 8.39157
9883 11405 0.253843 8.40824
9882 11405 0.25491 8.4249
9881 11405 0.255977 8.44157
9879 11405 0.257043 8.45824
9878 11405 0.25811 8.4749
9877 11405 0.259176 8.49157
9876 11405 0.260243 8.50823
9873 11405 0.261309 8.5249
9870 11405 0.262376 8.54157
9869 11405 0.263443 8.55823
9867 11405 0.264509 8.5749
9866 11405 0.265576 8.59157
9864 11405 0.266642 8.60823
9863 11405 0.267709 8.6249
9861 11405 0.268775 8.64157
9859 11405 0.269842 8.65823
9856 11405 0.270908 8.6749
9854 11405 0.271975 8.69157
9852 11405 0.273042 8.70823
9849 11405 0.274108 8.7249
9847 11405 0.275175 8.74156
9846 11405 0.276241 8.75823
9843 11405 0.277308 8.7749
9841 11405 0.278374 8.79156
9840 11405 0.279441 8.80823
9838 11405 0.280508 8.8249
9836 11405 0.281574 8.84156
9834 11405 0.282641 8.85823
9832 11405 0.283707 8.8749
9832 11405 0.284774 8.89156
9828 11405 0.28584 8.90823
9827 11405 0.286907 8.9249
9826 11405 0.287974 8.94156
9824 11405 0.28904 8.95823
9824 11405 0.290107 8.97489
9822 11405 0.291173 8.99156
9819 11405 0.29224 9.00823
9818 11405 0.293306 9.02489
9817 11405 0.294373 9.04156
9816 11405 0.295439 9.05823
9815 11405 0.296506 9.07489
9812 11405 0.297573 9.09156
9810 11405 0.298639 9.10823
9809 11405 0.299706 9.12489
9809 11405 0.300772 9.14156
9805 11405 0.301839 9.15823
9804 11405 0.302905 9.17489
9803 11405 0.303972 9.19156
9801 11405 0.305039 9.20822
9798 11405 0.306105 9.22489
9798 11405 0.307172 9.24156
9797 11405 0.308238 9.25822
9795 11405 0.309305 9.27489
9793 11405 0.310371 9.29156
9793 11405 0.311438 9.30822
9793 11405 0.312505 9.32489
9791 11405 0.313571 9.34156
9788 11405 0.314638 9.35822
9784 11405 0.315704 9.37489
9783 11405 0.316771 9.39155
9782 11405 0.317837 9.40822
9780 11405 0.318904 9.42489
9777 11405 0.31997 9.44155
9775 11405 0.321037 9.45822
9775 11405 0.322104 9.47489
9774 11405 0.32317 9.49155
9771 11405 0.324237 9.50822
9767 11405 0.325303 9.52489
9767 11405 0.32637 9.54155
9767 11405 0.327436 9.55822
9764 11405 0.328503 9.57489
9762 11405 0.32957 9.59155
9760 11405 0.330636 9.60822
9759 11405 0.331703 9.62488
9757 11405 0.332769 9.64155
9756 11405 0.333836 9.65822
9756 11405 0.334902 9.67488
9754 11405 0.335969 9.69155
9752 11405 0.337036 9.70822
9752 11405 0.338102 9.72488
9751 11405 0.339169 9.74155
9749 11405 0.340235 9.75822
9748 11405 0.341302 9.77488
9746 11405 0.342368 9.79155
9745 11405 0.343435 9.80822
9745 11405 0.344501 9.82488
9744 11405 0.345568 9.84155
9742 11405 0.346635 9.85821
9741 11405 0.347701 9.87488
9739 11405 0.348768 9.89155
9738 11405 0.349834 9.90821
9738 11405 0.350901 9.92488
9738 11405 0.351967 9.94155
9737 11405 0.353034 9.95821
9734 11405 0.354101 9.97488
9733 11405 0.355167 9.99155
9733 11405 0.356234 10.0082
9731 11405 0.3573 10.0249
9728 11405 0.358367 10.0415
9725 11405 0.359433 10.0582
9722 11405 0.3605 10.0749
9720 11405 0.361567 10.0915
9718 11405 0.362633 10.1082
9718 11405 0.3637 10.1249
9714 11405 0.364766 10.1415
9713 11405 0.365833 10.1582
9712 11405 0.366899 10.1749
9710 11405 0.367966 10.1915
9706 11405 0.369033 10.2082
9706 11405 0.370099 10.2249
9705 11405 0.371166 10.2415
9702 11405 0.372232 10.2582
9699 11405 0.373299 10.2749
9698 11405 0.374365 10.2915
9695 11405 0.375432 10.3082
9692 11405 0.376498 10.3249
9692 11405 0.377565 10.3415
9689 11405 0.378632 10.3582
9689 11405 0.379698 10.3749
9688 11405 0.380765 10.3915
9685 11405 0.381831 10.4082
9682 11405 0.382898 10.4249
9679 11405 0.383964 10.4415
9679 11405 0.385031 10.4582
9677 11405 0.386098 10.4749
9674 11405 0.387164 10.4915
9671 11405 0.388231 10.5082
9671 11405 0.389297 10.5249
9670 11405 0.390364 10.5415
9665 11405 0.39143 10.5582
9663 11405 0.392497 10.5749
9663 11405 0.393564 10.5915
9658 11405 0.39463 10.6082
9657 11405 0.395697 10.6249
9655 11405 0.396763 10.6415
9652 11405 0.39783 10.6582
9648 11405 0.398896 10.6749
9647 11405 0.399963 10.6915
9644 11405 0.401029 10.7082
9642 11405 0.402096 10.7249
9641 11405 0.403163 10.7415
9639 11405 0.404229 10.7582
9636 11405 0.405296 10.7749
9634 11405 0.406362 10.7915
9634 11405 0.407429 10.8082
9630 11405 0.408495 10.8249
9627 11405 0.409562 10.8415
9624 11405 0.410629 10.8582
9623 11405 0.411695 10.8749
9621 11405 0.412762 10.8915
9619 11405 0.413828 10.9082
9618 11405 0.414895 10.9249
9615 11405 0.415961 10.9415
9612 11405 0.417028 10.9582
9611 11405 0.418095 10.9749
9609 11405 0.419161 10.9915
9608 11405 0.420228 11.0082
9605 11405 0.421294 11.0249
9603 11405 0.422361 11.0415
9601 11405 0.423427 11.0582
9599 11405 0.424494 11.0749
9599 11405 0.42556 11.0915
9598 11405 0.426627 11.1082
9597 11405 0.427694 11.1249
9596 11405 0.42876 11.1415
9592 11405 0.429827 11.1582
9592 11405 0.430893 11.1749
9590 11405 0.43196 11.1915
9587 11405 0.433026 11.2082
9586 11405 0.434093 11.2249
9586 11405 0.43516 11.2415
9584 11405 0.436226 11.2582
9577 11405 0.437293 11.2749
9576 11405 0.438359 11.2915
9575 11405 0.439426 11.3082
9573 11405 0.440492 11.3249
9569 11405 0.441559 11.3415
9567 11405 0.442626 11.3582
9564 11405 0.443692 11.3749
9563 11405 0.444759 11.3915
9561 11405 0.445825 11.4082
9557 11405 0.446892 11.4249
9556 11405 0.447958 11.4415
9553 11405 0.449025 11.4582
9553 11405 0.450091 11.4749
9551 11405 0.451158 11.4915
9550 11405 0.452225 11.5082
9548 11405 0.453291 11.5249
9546 11405 0.454358 11.5415
9542 11405 0.455424 11.5582
9540 11405 0.456491 11.5749
9538 11405 0.457557 11.5915
9536 11405 0.458624 11.6082
9536 11405 0.459691 11.6249
9531 11405 0.460757 11.6415
9528 11405 0.461824 11.6582
9525 11405 0.46289 11.6749
9524 11405 0.463957 11.6915
9522 11405 0.465023 11.7082
9519 11405 0.46609 11.7249
9518 11405 0.467157 11.7415
9515 11405 0.468223 11.7582
9514 11405 0.46929 11.7749
9514 11405 0.470356 11.7915
9510 11405 0.471423 11.8082
9508 11405 0.472489 11.8249
9507 11405 0.473556 11.8415
9503 11405 0.474622 11.8582
9500 11405 0.475689 11.8749
9498 11405 0.476756 11.8915
9496 11405 0.477822 11.9082
9493 11405 0.478889 11.9248
9490 11405 0.479955 11.9415
9489 11405 0.481022 11.9582
9487 11405 0.482088 11.9748
9485 11405 0.483155 11.9915
9483 11405 0.484222 12.0082
9480 11405 0.485288 12.0248
9478 11405 0.486355 12.0415
9475 11405 0.487421 12.0582
9474 11405 0.488488 12.0748
9470 11405 0.489554 12.0915
9467 11405 0.490621 12.1082
9465 11405 0.491688 12.1248
9462 11405 0.492754 12.1415
9458 11405 0.493821 12.1582
9455 11405 0.494887 12.1748
9453 11405 0.495954 12.1915
9452 11405 0.49702 12.2082
9449 11405 0.498087 12.2248
9447 11405 0.499153 12.2415
9446 11405 0.50022 12.2582
9442 11405 0.501287 12.2748
9440 11405 0.502353 12.2915
9438 11405 0.50342 12.3082
9437 11405 0.504486 12.3248
9435 11405 0.505553 12.3415
9431 11405 0.506619 12.3582
9429 11405 0.507686 12.3748
9427 11405 0.508753 12.3915
9426 11405 0.509819 12.4082
9424 11405 0.510886 12.4248
9420 11405 0.511952 12.4415
9418 11405 0.513019 12.4582
9418 11405 0.514085 12.4748
9415 11405 0.515152 12.4915
9413 11405 0.516219 12.5082
9409 11405 0.517285 12.5248
9408 11405 0.518352 12.5415
9405 11405 0.519418 12.5582
9404 11405 0.520485 12.5748
9401 11405 0.521551 12.5915
9401 11405 0.522618 12.6082
9399 11405 0.523685 12.6248
9397 11405 0.524751 12.6415
9395 11405 0.525818 12.6582
9393 11405 0.526884 12.6748
9389 11405 0.527951 12.6915
9389 11405 0.529017 12.7082
9386 11405 0.530084 12.7248
9383 11405 0.53115 12.7415
9381 11405 0.532217 12.7582
9380 11405 0.533284 12.7748
9375 11405 0.53435 12.7915
9375 11405 0.535417 12.8082
9373 11405 0.536483 12.8248
9370 11405 0.53755 12.8415
9369 11405 0.538616 12.8582
9367 11405 0.539683 12.8748
9367 11405 0.54075 12.8915
9367 11405 0.541816 12.9082
9361 11405 0.542883 12.9248
9359 11405 0.543949 12.9415
9357 11405 0.545016 12.9582
9354 11405 0.546082 12.9748
9352 11405 0.547149 12.9915
9348 11405 0.548216 13.0082
9345 11405 0.549282 13.0248
9345 11405 0.550349 13.0415
9343 11405 0.551415 13.0582
9341 11405 0.552482 13.0748
9336 11405 0.553548 13.0915
9335 11405 0.554615 13.1082
9335 11405 0.555681 13.1248
9331 11405 0.556748 13.1415
9328 11405 0.557815 13.1582
9326 11405 0.558881 13.1748
9325 11405 0.559948 13.1915
9323 11405 0.561014 13.2082
9318 11405 0.562081 13.2248
9318 11405 0.563147 13.2415
9317 11405 0.564214 13.2582
9315 11405 0.565281 13.2748
9310 11405 0.566347 13.2915
9309 11405 0.567414 13.3082
9307 11405 0.56848 13.3248
9303 11405 0.569547 13.3415
9300 11405 0.570613 13.3582
9297 11405 0.57168 13.3748
9297 11405 0.572747 13.3915
9294 11405 0.573813 13.4082
9293 11405 0.57488 13.4248
9292 11405 0.575946 13.4415
9290 11405 0.577013 13.4582
9288 11405 0.578079 13.4748
9285 11405 0.579146 13.4915
9283 11405 0.580212 13.5082
9283 11405 0.581279 13.5248
9280 11405 0.582346 13.5415
9275 11405 0.583412 13.5582
9274 11405 0.584479 13.5748
9272 11405 0.585545 13.5915
9270 11405 0.586612 13.6082
9268 11405 0.587678 13.6248
9266 11405 0.588745 13.6415
9264 11405 0.589812 13.6582
9263 11405 0.590878 13.6748
9259 11405 0.591945 13.6915
9258 11405 0.593011 13.7082
9256 11405 0.594078 13.7248
9251 11405 0.595144 13.7415
9250 11405 0.596211 13.7582
9247 11405 0.597278 13.7748
9246 11405 0.598344 13.7915
9245 11405 0.599411 13.8082
9242 11405 0.600477 13.8248
9239 11405 0.601544 13.8415
9237 11405 0.60261 13.8582
9235 11405 0.603677 13.8748
9235 11405 0.604743 13.8915
9235 11405 0.60581 13.9082
9228 11405 0.606877 13.9248
9226 11405 0.607943 13.9415
9225 11405 0.60901 13.9582
9224 11405 0.610076 13.9748
9221 11405 0.611143 13.9915
9217 11405 0.612209 14.0082
9215 11405 0.613276 14.0248
9213 11405 0.614343 14.0415
9210 11405 0.615409 14.0582
9207 11405 0.616476 14.0748
9204 11405 0.617542 14.0915
9203 11405 0.618609 14.1081
9202 11405 0.619675 14.1248
9199 11405 0.620742 14.1415
9195 11405 0.621809 14.1581
9194 11405 0.622875 14.1748
9191 11405 0.623942 14.1915
9187 11405 0.625008 14.2081
9185 11405 0.626075 14.2248
9184 11405 0.627141 14.2415
9182 11405 0.628208 14.2581
9178 11405 0.629274 14.2748
9176 11405 0.630341 14.2915
9175 11405 0.631408 14.3081
9173 11405 0.632474 14.3248
9169 11405 0.633541 14.3415
9168 11405 0.634607 14.3581
9164 11405 0.635674 14.3748
9162 11405 0.63674 14.3915
9160 11405 0.637807 14.4081
9157 11405 0.638874 14.4248
9154 11405 0.63994 14.4415
9152 11405 0.641007 14.4581
9149 11405 0.642073 14.4748
9148 11405 0.64314 14.4915
9145 11405 0.644206 14.5081
9143 11405 0.645273 14.5248
9143 11405 0.64634 14.5415
9138 11405 0.647406 14.5581
9135 11405 0.648473 14.5748
9133 11405 0.649539 14.5915
9130 11405 0.650606 14.6081
9129 11405 0.651672 14.6248
9124 11405 0.652739 14.6415
9123 11405 0.653805 14.6581
9121 11405 0.654872 14.6748
9119 11405 0.655939 14.6915
9116 11405 0.657005 14.7081
9115 11405 0.658072 14.7248
9111 11405 0.659138 14.7415
9108 11405 0.660205 14.7581
9105 11405 0.661271 14.7748
9103 11405 0.662338 14.7915
9102 11405 0.663405 14.8081
9100 11405 0.664471 14.8248
9093 11405 0.665538 14.8415
9093 11405 0.666604 14.8581
9093 11405 0.667671 14.8748
9089 11405 0.668737 14.8915
9087 11405 0.669804 14.9081
9085 11405 0.670871 14.9248
9081 11405 0.671937 14.9415
9079 11405 0.673004 14.9581
9074 11405 0.67407 14.9748
9072 11405 0.675137 14.9915
9071 11405 0.676203 15.0081
9070 11405 0.67727 15.0248
9067 11405 0.678337 15.0415
9060 11405 0.679403 15.0581
9058 11405 0.68047 15.0748
9056 11405 0.681536 15.0915
9052 11405 0.682603 15.1081
9049 11405 0.683669 15.1248
9047 11405 0.684736 15.1415
9044 11405 0.685802 15.1581
9041 11405 0.686869 15.1748
9039 11405 0.687936 15.1915
9039 11405 0.689002 15.2081
9036 11405 0.690069 15.2248
9032 11405 0.691135 15.2415
9030 11405 0.692202 15.2581
9026 11405 0.693268 15.2748
9024 11405 0.694335 15.2915
9022 11405 0.695402 15.3081
9020 11405 0.696468 15.3248
9015 11405 0.697535 15.3415
9013 11405 0.698601 15.3581
9012 11405 0.699668 15.3748
9009 11405 0.700734 15.3915
9004 11405 0.701801 15.4081
9003 11405 0.702868 15.4248
9001 11405 0.703934 15.4415
8997 11405 0.705001 15.4581
8994 11405 0.706067 15.4748
8992 11405 0.707134 15.4915
8991 11405 0.7082 15.5081
8987 11405 0.709267 15.5248
8986 11405 0.710333 15.5415
8983 11405 0.7114 15.5581
8979 11405 0.712467 15.5748
8976 11405 0.713533 15.5915
8973 11405 0.7146 15.6081
8970 11405 0.715666 15.6248
8967 11405 0.716733 15.6415
8965 11405 0.717799 15.6581
8963 11405 0.718866 15.6748
8962 11405 0.719933 15.6915
8960 11405 0.720999 15.7081
8957 11405 0.722066 15.7248
8955 11405 0.723132 15.7415
8952 11405 0.724199 15.7581
8949 11405 0.725265 15.7748
8947 11405 0.726332 15.7915
8945 11405 0.727399 15.8081
8941 11405 0.728465 15.8248
8939 11405 0.729532 15.8415
8937 11405 0.730598 15.8581
8935 11405 0.731665 15.8748
8931 11405 0.732731 15.8915
8928 11405 0.733798 15.9081
8927 11405 0.734864 15.9248
8923 11405 0.735931 15.9415
8920 11405 0.736998 15.9581
8917 11405 0.738064 15.9748
8913 11405 0.739131 15.9915
8913 11405 0.740197 16.0081
8908 11405 0.741264 16.0248
8905 11405 0.74233 16.0415
8901 11405 0.743397 16.0581
8898 11405 0.744464 16.0748
8896 11405 0.74553 16.0915
8890 11405 0.746597 16.1081
8888 11405 0.747663 16.1248
8885 11405 0.74873 16.1415
8884 11405 0.749796 16.1581
8882 11405 0.750863 16.1748
8878 11405 0.75193 16.1915
8875 11405 0.752996 16.2081
8871 11405 0.754063 16.2248
8870 11405 0.755129 16.2415
8868 11405 0.756196 16.2581
8865 11405 0.757262 16.2748
8860 11405 0.758329 16.2915
8858 11405 0.759395 16.3081
8854 11405 0.760462 16.3248
8852 11405 0.761529 16.3414
8849 11405 0.762595 16.3581
8846 11405 0.763662 16.3748
8841 11405 0.764728 16.3914
8838 11405 0.765795 16.4081
8836 11405 0.766861 16.4248
8832 11405 0.767928 16.4414
8830 11405 0.768995 16.4581
8829 11405 0.770061 16.4748
8826 11405 0.771128 16.4914
8822 11405 0.772194 16.5081
8820 11405 0.773261 16.5248
8818 11405 0.774327 16.5414
8812 11405 0.775394 16.5581
8809 11405 0.776461 16.5748
8808 11405 0.777527 16.5914
8804 11405 0.778594 16.6081
8801 11405 0.77966 16.6248
8799 11405 0.780727 16.6414
8795 11405 0.781793 16.6581
8794 11405 0.78286 16.6748
8789 11405 0.783926 16.6914
8784 11405 0.784993 16.7081
8782 11405 0.78606 16.7248
8780 11405 0.787126 16.7414
8775 11405 0.788193 16.7581
8774 11405 0.789259 16.7748
8773 11405 0.790326 16.7914
8767 11405 0.791392 16.8081
8765 11405 0.792459 16.8248
8762 11405 0.793526 16.8414
8758 11405 0.794592 16.8581
8757 11405 0.795659 16.8748
8750 11405 0.796725 16.8914
8748 11405 0.797792 16.9081
8746 11405 0.798858 16.9248
8742 11405 0.799925 16.9414
8739 11405 0.800992 16.9581
8735 11405 0.802058 16.9748
8733 11405 0.803125 16.9914
8730 11405 0.804191 17.0081
8724 11405 0.805258 17.0248
8723 11405 0.806324 17.0414
8718 11405 0.807391 17.0581
8716 11405 0.808457 17.0748
8716 11405 0.809524 17.0914
8709 11405 0.810591 17.1081
8708 11405 0.811657 17.1248
8704 11405 0.812724 17.1414
8701 11405 0.81379 17.1581
8698 11405 0.814857 17.1748
8694 11405 0.815923 17.1914
8691 11405 0.81699 17.2081
8689 11405 0.818057 17.2248
8684 11405 0.819123 17.2414
8682 11405 0.82019 17.2581
8677 11405 0.821256 17.2748
8674 11405 0.821256 17.2914
8670 11405 0.821256 17.3081
8668 11405 0.821256 17.3248
8665 11405 0.821256 17.3414
8663 11405 0.821256 17.3581
8658 11405 0.821256 17.3748
8655 11405 0.821256 17.3914
8651 11405 0.821256 17.4081
8648 11405 0.821256 17.4248
8645 11405 0.821256 17.4414
8641 11405 0.821256 17.4581
8640 11405 0.821256 17.4748
8635 11405 0.821256 17.4914
8631 11405 0.821256 17.5081
8631 11405 0.821256 17.5248
8625 11405 0.821256 17.5414
8621 11405 0.821256 17.5581
8619 11405 0.821256 17.5748
8616 11405 0.821256 17.5914
8615 11405 0.821256 17.6081
8608 11405 0.821256 17.6248
8606 11405 0.821256 17.6414
8604 11405 0.821256 17.6581
8601 11405 0.821256 17.6748
8596 11405 0.821256 17.6914
8593 11405 0.821256 17.7081
8591 11405 0.821256 17.7248
8587 11405 0.821256 17.7414
8583 11405 0.821256 17.7581
8582 11405 0.821256 17.7748
8577 11405 0.821256 17.7914
8574 11405 0.821256 17.8081
8572 11405 0.821256 17.8248
8568 11405 0.821256 17.8414
8567 11405 0.821256 17.8581
8561 11405 0.821256 17.8748
8559 11405 0.821256 17.8914
8556 11405 0.821256 17.9081
8552 11405 0.821256 17.9248
8550 11405 0.821256 17.9414
8548 11405 0.821256 17.9581
8546 11405 0.821256 17.9748
8541 11405 0.821256 17.9914
8538 11405 0.821256 18.0081
8536 11405 0.821256 18.0248
8532 11405 0.821256 18.0414
8528 11405 0.821256 18.0581
8526 11405 0.821256 18.0748
8523 11405 0.821256 18.0914
8523 11405 0.821256 18.1081
8521 11405 0.821256 18.1248
8516 11405 0.821256 18.1414
8516 11405 0.821256 18.1581
8515 11405 0.821256 18.1748
8509 11405 0.821256 18.1914
8505 11405 0.821256 18.2081
8503 11405 0.821256 18.2248
8503 11405 0.821256 18.2414
8500 11405 0.821256 18.2581
8498 11405 0.821256 18.2748
8495 11405 0.821256 18.2914
8492 11405 0.821256 18.3081
8490 11405 0.821256 18.3248
8487 11405 0.821256 18.3414
8487 11405 0.821256 18.3581
8486 11405 0.821256 18.3748
8484 11405 0.821256 18.3914
8483 11405 0.821256 18.4081
8481 11405 0.821256 18.4248
8481 11405 0.821256 18.4414
8477 11405 0.821256 18.4581
8476 11405 0.821256 18.4748
8475 11405 0.821256 18.4914
8473 11405 0.821256 18.5081
8471 11405 0.821256 18.5247
8469 11405 0.821256 18.5414
8468 11405 0.821256 18.5581
8464 11405 0.821256 18.5747
8464 11405 0.821256 18.5914
8462 11405 0.821256 18.6081
8461 11405 0.821256 18.6247
8461 11405 0.821256 18.6414
8458 11405 0.821256 18.6581
8456 11405 0.821256 18.6747
8453 11405 0.821256 18.6914
8453 11405 0.821256 18.7081
8451 11405 0.821256 18.7247
8449 11405 0.821256 18.7414
8447 11405 0.821256 18.7581
8446 11405 0.821256 18.7747
8445 11405 0.821256 18.7914
8445 11405 0.821256 18.8081
8443 11405 0.821256 18.8247
8440 11405 0.821256 18.8414
8439 11405 0.821256 18.8581
8438 11405 0.821256 18.8747
8437 11405 0.821256 18.8914
8437 11405 0.821256 18.9081
8437 11405 0.821256 18.9247
8436 11405 0.821256 18.9414
8436 11405 0.821256 18.9581
8433 11405 0.821256 18.9747
8432 11405 0.821256 18.9914
8429 11405 0.821256 19.0081
8429 11405 0.821256 19.0247
8427 11405 0.821256 19.0414
8426 11405 0.821256 19.0581
8425 11405 0.821256 19.0747
8425 11405 0.821256 19.0914
8425 11405 0.821256 19.1081
8423 11405 0.821256 19.1247
8423 11405 0.821256 19.1414
8421 11405 0.821256 19.1581
8421 11405 0.821256 19.1747
8421 11405 0.821256 19.1914
8420 11405 0.821256 19.2081
8419 11405 0.821256 19.2247
8417 11405 0.821256 19.2414
8416 11405 0.821256 19.2581
8416 11405 0.821256 19.2747
8414 11405 0.821256 19.2914
8413 11405 0.821256 19.3081
8413 11405 0.821256 19.3247
8411 11405 0.821256 19.3414
8411 11405 0.821256 19.3581
8409 11405 0.821256 19.3747
8409 11405 0.821256 19.3914
8409 11405 0.821256 19.4081
8408 11405 0.821256 19.4247
8407 11405 0.821256 19.4414
8406 11405 0.821256 19.4581
8405 11405 0.821256 19.4747
8405 11405 0.821256 19.4914
8403 11405 0.821256 19.5081
8403 11405 0.821256 19.5247
8402 11405 0.821256 19.5414
8401 11405 0.821256 19.5581
8400 11405 0.821256 19.5747
8398 11405 0.821256 19.5914
8397 11405 0.821256 19.6081
8397 11405 0.821256 19.6247
8396 11405 0.821256 19.6414
8395 11405 0.821256 19.6581
8394 11405 0.821256 19.6747
8393 11405 0.821256 19.6914
8391 11405 0.821256 19.7081
8391 11405 0.821256 19.7247
8391 11405 0.821256 19.7414
8390 11405 0.821256 19.7581
8389 11405 0.821256 19.7747
8389 11405 0.821256 19.7914
8389 11405 0.821256 19.8081
8387 11405 0.821256 19.8247
8386 11405 0.821256 19.8414
8386 11405 0.821256 19.8581
8386 11405 0.821256 19.8747
8386 11405 0.821256 19.8914
8386 11405 0.821256 19.9081
8384 11405 0.821256 19.9247
8384 11405 0.821256 19.9414
8383 11405 0.821256 19.9581
8383 11405 0.821256 19.9747
8382 11405 0.821256 19.9914
8382 11405 0.821256 20.0081
8382 11405 0.821256 20.0247
8382 11405 0.821256 20.0414
8381 11405 0.821256 20.0581
8380 11405 0.821256 20.0747
8380 11405 0.821256 20.0914
8380 11405 0.821256 20.1081
8379 11405 0.821256 20.1247
8379 11405 0.821256 20.1414
8379 11405 0.821256 20.1581
8379 11405 0.821256 20.1747
8378 11405 0.821256 20.1914
8378 11405 0.821256 20.2081
8378 11405 0.821256 20.2247
8378 11405 0.821256 20.2414
8376 11405 0.821256 20.2581
8376 11405 0.821256 20.2747
8376 11405 0.821256 20.2914
8376 11405 0.821256 20.3081
8376 11405 0.821256 20.3247
8373 11405 0.821256 20.3414
8373 11405 0.821256 20.3581
8373 11405 0.821256 20.3747
8373 11405 0.821256 20.3914
8373 11405 0.821256 20.4081
8371 11405 0.821256 20.4247
8370 11405 0.821256 20.4414
8370 11405 0.821256 20.4581
8370 11405 0.821256 20.4747
8370 11405 0.821256 20.4914
8370 11405 0.821256 20.5081
8370 11405 0.821256 20.5247
8369 11405 0.821256 20.5414
8369 11405 0.821256 20.5581
8368 11405 0.821256 20.5747
8367 11405 0.821256 20.5914
8367 11405 0.821256 20.6081
8366 11405 0.821256 20.6247
8366 11405 0.821256 20.6414
8366 11405 0.821256 20.6581
8366 11405 0.821256 20.6747
8365 11405 0.821256 20.6914
8365 11405 0.821256 20.708
8365 11405 0.821256 20.7247
8362 11405 0.821256 20.7414
8362 11405 0.821256 20.758
8362 11405 0.821256 20.7747
8361 11405 0.821256 20.7914
8361 11405 0.821256 20.808
8361 11405 0.821256 20.8247
8360 11405 0.821256 20.8414
8360 11405 0.821256 20.858
8359 11405 0.821256 20.8747
8359 11405 0.821256 20.8914
8358 11405 0.821256 20.908
8358 11405 0.821256 20.9247
8358 11405 0.821256 20.9414
8358 11405 0.821256 20.958
8357 11405 0.821256 20.9747
8357 11405 0.821256 20.9914
8356 11405 0.821256 21.008
8356 11405 0.821256 21.0247
8356 11405 0.821256 21.0414
8355 11405 0.821256 21.058
8355 11405 0.821256 21.0747
8354 11405 0.821256 21.0914
8354 11405 0.821256 21.108
8354 11405 0.821256 21.1247
8354 11405 0.821256 21.1414
8354 11405 0.821256 21.158
8352 11405 0.821256 21.1747
8351 11405 0.821256 21.1914
8351 11405 0.821256 21.208
8351 11405 0.821256 21.2247
8351 11405 0.821256 21.2414
8350 11405 0.821256 21.258
8350 11405 0.821256 21.2747
8350 11405 0.821256 21.2914
8350 11405 0.821256 21.308
8349 11405 0.821256 21.3247
8349 11405 0.821256 21.3414
8349 11405 0.821256 21.358
8349 11405 0.821256 21.3747
8349 11405 0.821256 21.3914
8349 11405 0.821256 21.408
8349 11405 0.821256 21.4247
8348 11405 0.821256 21.4414
8346 11405 0.821256 21.458
8346 11405 0.821256 21.4747
8346 11405 0.821256 21.4914
8345 11405 0.821256 21.508
8345 11405 0.821256 21.5247
8345 11405 0.821256 21.5414
8345 11405 0.821256 21.558
8345 11405 0.821256 21.5747
8345 11405 0.821256 21.5914
8343 11405 0.821256 21.608
8343 11405 0.821256 21.6247
8342 11405 0.821256 21.6414
8342 11405 0.821256 21.658
8342 11405 0.821256 21.6747
8342 11405 0.821256 21.6914
8342 11405 0.821256 21.708
8341 11405 0.821256 21.7247
8341 11405 0.821256 21.7414
8341 11405 0.821256 21.758
8341 11405 0.821256 21.7747
8341 11405 0.821256 21.7914
8341 11405 0.821256 21.808
8341 11405 0.821256 21.8247
8340 11405 0.821256 21.8414
8340 11405 0.821256 21.858
8340 11405 0.821256 21.8747
8340 11405 0.821256 21.8914
8340 11405 0.821256 21.908
8340 11405 0.821256 21.9247
8339 11405 0.821256 21.9414
8339 11405 0.821256 21.958
8339 11405 0.821256 21.9747
8339 11405 0.821256 21.9914
8339 11405 0.821256 22.008
8338 11405 0.821256 22.0247
8338 11405 0.821256 22.0414
8338 11405 0.821256 22.058
8338 11405 0.821256 22.0747
8338 11405 0.821256 22.0914
8337 11405 0.821256 22.108
8336 11405 0.821256 22.1247
8336 11405 0.821256 22.1414
8335 11405 0.821256 22.158
8335 11405 0.821256 22.1747
8334 11405 0.821256 22.1914
8334 11405 0.821256 22.208
8334 11405 0.821256 22.2247
8334 11405 0.821256 22.2414
8334 11405 0.821256 22.258
8333 11405 0.821256 22.2747
8331 11405 0.821256 22.2914
8331 11405 0.821256 22.308
8331 11405 0.821256 22.3247
8331 11405 0.821256 22.3414
8331 11405 0.821256 22.358
8330 11405 0.821256 22.3747
8330 11405 0.821256 22.3914
8329 11405 0.821256 22.408
8329 11405 0.821256 22.4247
8329 11405 0.821256 22.4414
8328 11405 0.821256 22.458
8327 11405 0.821256 22.4747
8327 11405 0.821256 22.4914
8327 11405 0.821256 22.508
8327 11405 0.821256 22.5247
8327 11405 0.821256 22.5414
8327 11405 0.821256 22.558
8327 11405 0.821256 22.5747
8327 11405 0.821256 22.5914
8327 11405 0.821256 22.608
8327 11405 0.821256 22.6247
8327 11405 0.821256 22.6414
8327 11405 0.821256 22.658
8327 11405 0.821256 22.6747
8327 11405 0.821256 22.6914
8326 11405 0.821256 22.708
8326 11405 0.821256 22.7247
8326 11405 0.821256 22.7414
8326 11405 0.821256 22.758
8326 11405 0.821256 22.7747
8326 11405 0.821256 22.7914
8326 11405 0.821256 22.808
8326 11405 0.821256 22.8247
8326 11405 0.821256 22.8414
8326 11405 0.821256 22.858
8326 11405 0.821256 22.8747
8326 11405 0.821256 22.8913
8326 11405 0.821256 22.908
8326 11405 0.821256 22.9247
8326 11405 0.821256 22.9413
8326 11405 0.821256 22.958
8326 11405 0.821256 22.9747
8325 11405 0.821256 22.9913
8324 11405 0.821256 23.008
8324 11405 0.821256 23.0247
8324 11405 0.821256 23.0413
8323 11405 0.821256 23.058
8323 11405 0.821256 23.0747
8323 11405 0.821256 23.0913
8323 11405 0.821256 23.108
8323 11405 0.821256 23.1247
8323 11405 0.821256 23.1413
8323 11405 0.821256 23.158
8323 11405 0.821256 23.1747
8323 11405 0.821256 23.1913
8323 11405 0.821256 23.208
8323 11405 0.821256 23.2247
8323 11405 0.821256 23.2413
8323 11405 0.821256 23.258
8323 11405 0.821256 23.2747
8322 11405 0.821256 23.2913
8322 11405 0.821256 23.308
8322 11405 0.821256 23.3247
8322 11405 0.821256 23.3413
8322 11405 0.821256 23.358
8322 11405 0.821256 23.3747
8322 11405 0.821256 23.3913
8322 11405 0.821256 23.408
8322 11405 0.821256 23.4247
8322 11405 0.821256 23.4413
8322 11405 0.821256 23.458
8322 11405 0.821256 23.4747
8321 11405 0.821256 23.4913
8321 11405 0.821256 23.508
8320 11405 0.821256 23.5247
8320 11405 0.821256 23.5413
8320 11405 0.821256 23.558
8320 11405 0.821256 23.5747
8320 11405 0.821256 23.5913
8320 11405 0.821256 23.608
8320 11405 0.821256 23.6247
8320 11405 0.821256 23.6413
8320 11405 0.821256 23.658
8320 11405 0.821256 23.6747
8320 11405 0.821256 23.6913
8320 11405 0.821256 23.708
8320 11405 0.821256 23.7247
8320 11405 0.821256 23.7413
8320 11405 0.821256 23.758
8320 11405 0.821256 23.7747
8320 11405 0.821256 23.7913
8320 11405 0.821256 23.808
8319 11405 0.821256 23.8247
8317 11405 0.821256 23.8413
8317 11405 0.821256 23.858
8317 11405 0.821256 23.8747
8317 11405 0.821256 23.8913
8316 11405 0.821256 23.908
8316 11405 0.821256 23.9247
8316 11405 0.821256 23.9413
8316 11405 0.821256 23.958
8316 11405 0.821256 23.9747
8316 11405 0.821256 23.9913
8316 11405 0.821256 24.008
8316 11405 0.821256 24.0247
8316 11405 0.821256 24.0413
8316 11405 0.821256 24.058
8316 11405 0.821256 24.0747
8316 11405 0.821256 24.0913
8316 11405 0.821256 24.108
8316 11405 0.821256 24.1247
8316 11405 0.821256 24.1413
8315 11405 0.821256 24.158
8314 11405 0.821256 24.1747
8314 11405 0.821256 24.1913
8314 11405 0.821256 24.208
8314 11405 0.821256 24.2247
8314 11405 0.821256 24.2413
8314 11405 0.821256 24.258
8314 11405 0.821256 24.2747
8314 11405 0.821256 24.2913
8314 11405 0.821256 24.308
8314 11405 0.821256 24.3247
8314 11405 0.821256 24.3413
8313 11405 0.821256 24.358
8313 11405 0.821256 24.3747
8313 11405 0.821256 24.3913
8313 11405 0.821256 24.408
8313 11405 0.821256 24.4247
8313 11405 0.821256 24.4413
8313 11405 0.821256 24.458
8313 11405 0.821256 24.4747
8313 11405 0.821256 24.4913
8313 11405 0.821256 24.508
8313 11405 0.821256 24.5247
8311 11405 0.821256 24.5413
8311 11405 0.821256 24.558
8311 11405 0.821256 24.5747
8310 11405 0.821256 24.5913
8310 11405 0.821256 24.608
8310 11405 0.821256 24.6247
8310 11405 0.821256 24.6413
8310 11405 0.821256 24.658
8310 11405 0.821256 24.6747
8310 11405 0.821256 24.6913
8310 11405 0.821256 24.708
8309 11405 0.821256 24.7247
8309 11405 0.821256 24.7413
8309 11405 0.821256 24.758
8309 11405 0.821256 24.7747
8309 11405 0.821256 24.7913
8309 11405 0.821256 24.808
8309 11405 0.821256 24.8247
8309 11405 0.821256 24.8413
8308 11405 0.821256 24.858
8308 11405 0.821256 24.8747
8308 11405 0.821256 24.8913
8308 11405 0.821256 24.908
8308 11405 0.821256 24.9247
8306 11405 0.821256 24.9413
8306 11405 0.821256 24.958
8305 11405 0.821256 24.9747
8305 11405 0.821256 24.9913
8305 11405 0.821256 25.008
8305 11405 0.821256 25.0247
8305 11405 0.821256 25.0413
8305 11405 0.821256 25.058
8304 11405 0.821256 25.0746
8304 11405 0.821256 25.0913
8304 11405 0.821256 25.108
8304 11405 0.821256 25.1246
8304 11405 0.821256 25.1413
8304 11405 0.821256 25.158
8304 11405 0.821256 25.1746
8304 11405 0.821256 25.1913
8304 11405 0.821256 25.208
8303 11405 0.821256 25.2246
8303 11405 0.821256 25.2413
8303 11405 0.821256 25.258
8303 11405 0.821256 25.2746
8303 11405 0.821256 25.2913
8303 11405 0.821256 25.308
8303 11405 0.821256 25.3246
8303 11405 0.821256 25.3413
8302 11405 0.821256 25.358
8302 11405 0.821256 25.3746
8301 11405 0.821256 25.3913
8301 11405 0.821256 25.408
8301 11405 0.821256 25.4246
8301 11405 0.821256 25.4413
8301 11405 0.821256 25.458
8301 11405 0.821256 25.4746
8301 11405 0.821256 25.4913
8301 11405 0.821256 25.508
8300 11405 0.821256 25.5246
8300 11405 0.821256 25.5413
8300 11405 0.821256 25.558
8300 11405 0.821256 25.5746
8300 11405 0.821256 25.5913
8300 11405 0.821256 25.608
8300 11405 0.821256 25.6246
8300 11405 0.821256 25.6413
8300 11405 0.821256 25.658
8300 11405 0.821256 25.6746
8300 11405 0.821256 25.6913
8300 11405 0.821256 25.708
8300 11405 0.821256 25.7246
8300 11405 0.821256 25.7413
8300 11405 0.821256 25.758
8300 11405 0.821256 25.7746
8300 11405 0.821256 25.7913
8300 11405 0.821256 25.808
8300 11405 0.821256 25.8246
8300 11405 0.821256 25.8413
8299 11405 0.821256 25.858
8299 11405 0.821256 25.8746
8299 11405 0.821256 25.8913
8299 11405 0.821256 25.908
8298 11405 0.821256 25.9246
8298 11405 0.821256 25.9413
8298 11405 0.821256 25.958
8298 11405 0.821256 25.9746
8298 11405 0.821256 25.9913
8298 11405 0.821256 26.008
8298 11405 0.821256 26.0246
8298 11405 0.821256 26.0413
8298 11405 0.821256 26.058
8298 11405 0.821256 26.0746
8297 11405 0.821256 26.0913
8297 11405 0.821256 26.108
8297 11405 0.821256 26.1246
8297 11405 0.821256 26.1413
8297 11405 0.821256 26.158
8297 11405 0.821256 26.1746
8297 11405 0.821256 26.1913
8297 11405 0.821256 26.208
8297 11405 0.821256 26.2246
8297 11405 0.821256 26.2413
8297 11405 0.821256 26.258
8297 11405 0.821256 26.2746
8297 11405 0.821256 26.2913
8297 11405 0.821256 26.308
8297 11405 0.821256 26.3246
8297 11405 0.821256 26.3413
8297 11405 0.821256 26.358
8297 11405 0.821256 26.3746
8297 11405 0.821256 26.3913
8297 11405 0.821256 26.408
8297 11405 0.821256 26.4246
8297 11405 0.821256 26.4413
