1872 1872 0.0013264 0.0117388
1872 1872 0.0013264 0.0284052
1872 1872 0.0013264 0.0450716
1872 1872 0.0013264 0.061738
1872 1872 0.0013264 0.0784044
1872 1872 0.0013264 0.0950708
1872 1872 0.0013264 0.111737
1872 1872 0.0013264 0.128404
1872 1872 0.0013264 0.14507
1872 1872 0.0013264 0.161736
1872 1872 0.0013264 0.178403
1872 1872 0.0013264 0.195069
1872 1872 0.0013264 0.211736
1872 1872 0.0013264 0.228402
1872 1872 0.0013264 0.245069
1872 1872 0.0013264 0.261735
1872 1872 0.0013264 0.278401
1872 1872 0.0013264 0.295068
1872 1872 0.0013264 0.311734
1872 1872 0.0013264 0.328401
1872 1872 0.0013264 0.345067
1872 1872 0.0013264 0.361733
1872 1872 0.0026528 0.3784
1872 1872 0.0039792 0.395066
1872 1872 0.0053056 0.411733
1872 1872 0.006632 0.428399
1872 1872 0.0079584 0.445065
1872 1872 0.0092848 0.461732
1872 1872 0.0106112 0.478398
1872 1872 0.0119376 0.495065
1872 1872 0.013264 0.511731
1872 1872 0.0145904 0.528398
1872 1872 0.0159168 0.545064
1872 1872 0.0172432 0.56173
1872 1872 0.0185696 0.578397
1872 1872 0.019896 0.595063
1872 1872 0.0212224 0.61173
1872 1872 0.0225488 0.628396
1872 1872 0.0238752 0.645062
1872 1872 0.0252016 0.661729
1872 1872 0.026528 0.678395
1872 1872 0.0278544 0.695062
1872 1872 0.0291808 0.711728
1872 1872 0.0305072 0.728395
1872 1872 0.0318336 0.745061
1872 1872 0.03316 0.761727
1872 1872 0.0344864 0.778394
1872 1872 0.0358128 0.79506
1872 1872 0.0371392 0.811727
1872 1872 0.0384656 0.828393
1872 1872 0.039792 0.845059
1872 1872 0.0411184 0.861726
1872 1872 0.0424448 0.878392
1872 1872 0.0437712 0.895059
1872 1872 0.0450976 0.911725
1872 1872 0.046424 0.928391
1872 1872 0.0477504 0.945058
1872 1872 0.0490768 0.961724
1872 1872 0.0504032 0.978391
1872 1872 0.0517296 0.995057
1872 1872 0.053056 1.01172
1872 1872 0.0543824 1.02839
1872 1872 0.0557088 1.04506
1872 1872 0.0570352 1.06172
1872 1872 0.0583616 1.07839
1872 1872 0.059688 1.09506
1872 1872 0.0610144 1.11172
1872 1872 0.0623408 1.12839
1872 1872 0.0636672 1.14505
1872 1872 0.0649936 1.16172
1872 1872 0.06632 1.17839
1872 1872 0.0676464 1.19505
1872 1872 0.0689728 1.21172
1872 1872 0.0702992 1.22839
1872 1872 0.0716256 1.24505
1872 1872 0.072952 1.26172
1872 1872 0.0742784 1.27839
1872 1872 0.0756048 1.29505
1872 1872 0.0769312 1.31172
1872 1872 0.0782576 1.32839
1872 1872 0.079584 1.34505
1872 1872 0.0809104 1.36172
1872 1872 0.0822368 1.37838
1872 1872 0.0835632 1.39505
1872 1872 0.0848896 1.41172
1872 1872 0.086216 1.42838
1872 1872 0.0875424 1.44505
1872 1872 0.0888688 1.46172
1872 1872 0.0901952 1.47838
1872 1872 0.0915216 1.49505
1872 1872 0.092848 1.51172
1872 1872 0.0941744 1.52838
1872 1872 0.0955008 1.54505
1872 1872 0.0968271 1.56172
1872 1872 0.0981535 1.57838
1872 1872 0.0994799 1.59505
1872 1872 0.100806 1.61171
1872 1872 0.102133 1.62838
1871 1872 0.103459 1.64505
1871 1872 0.104786 1.66171
1871 1872 0.106112 1.67838
1871 1872 0.107438 1.69505
1871 1872 0.108765 1.71171
1871 1872 0.110091 1.72838
1871 1872 0.111418 1.74505
1871 1872 0.112744 1.76171
1871 1872 0.11407 1.77838
1871 1872 0.115397 1.79504
1871 1872 0.116723 1.81171
1871 1872 0.11805 1.82838
1871 1872 0.119376 1.84504
1871 1872 0.120702 1.86171
1871 1872 0.122029 1.87838
1871 1872 0.123355 1.89504
1871 1872 0.124681 1.91171
1870 1872 0.126008 1.92838
1870 1872 0.127334 1.94504
1870 1872 0.128661 1.96171
1870 1872 0.129987 1.97838
1870 1872 0.131313 1.99504
1870 1872 0.13264 2.01171
1870 1872 0.133966 2.02837
1870 1872 0.135293 2.04504
1870 1872 0.136619 2.06171
1870 1872 0.137945 2.07837
1870 1872 0.139272 2.09504
1870 1872 0.140598 2.11171
1870 1872 0.141925 2.12837
1870 1872 0.143251 2.14504
1870 1872 0.144577 2.16171
1870 1872 0.145904 2.17837
1870 1872 0.14723 2.19504
1870 1872 0.148557 2.21171
1870 1872 0.149883 2.22837
1870 1872 0.151209 2.24504
1870 1872 0.152536 2.2617
1870 1872 0.153862 2.27837
1870 1872 0.155189 2.29504
1870 1872 0.156515 2.3117
1869 1872 0.157841 2.32837
1869 1872 0.159168 2.34504
1869 1872 0.160494 2.3617
1869 1872 0.161821 2.37837
1869 1872 0.163147 2.39504
1869 1872 0.164473 2.4117
1869 1872 0.1658 2.42837
1869 1872 0.167126 2.44503
1869 1872 0.168453 2.4617
1869 1872 0.169779 2.47837
1869 1872 0.171105 2.49503
1869 1872 0.172432 2.5117
1869 1872 0.173758 2.52837
1869 1872 0.175085 2.54503
1869 1872 0.176411 2.5617
1869 1872 0.177737 2.57837
1869 1872 0.179064 2.59503
1869 1872 0.18039 2.6117
1869 1872 0.181717 2.62837
1869 1872 0.183043 2.64503
1869 1872 0.184369 2.6617
1869 1872 0.185696 2.67836
1869 1872 0.187022 2.69503
1869 1872 0.188349 2.7117
1869 1872 0.189675 2.72836
1869 1872 0.191001 2.74503
1869 1872 0.192328 2.7617
1869 1872 0.193654 2.77836
1869 1872 0.194981 2.79503
1869 1872 0.196307 2.8117
1869 1872 0.197633 2.82836
1869 1872 0.19896 2.84503
1869 1872 0.200286 2.8617
1869 1872 0.201613 2.87836
1869 1872 0.202939 2.89503
1869 1872 0.204265 2.91169
1869 1872 0.205592 2.92836
1869 1872 0.206918 2.94503
1869 1872 0.208245 2.96169
1869 1872 0.209571 2.97836
1869 1872 0.210897 2.99503
1869 1872 0.212224 3.01169
1869 1872 0.21355 3.02836
1869 1872 0.214876 3.04503
1869 1872 0.216203 3.06169
1869 1872 0.217529 3.07836
1869 1872 0.218856 3.09503
1869 1872 0.220182 3.11169
1869 1872 0.221508 3.12836
1869 1872 0.222835 3.14502
1869 1872 0.224161 3.16169
1869 1872 0.225488 3.17836
1869 1872 0.226814 3.19502
1869 1872 0.22814 3.21169
1869 1872 0.229467 3.22836
1869 1872 0.230793 3.24502
1869 1872 0.23212 3.26169
1869 1872 0.233446 3.27836
1869 1872 0.234772 3.29502
1869 1872 0.236099 3.31169
1869 1872 0.237425 3.32835
1869 1872 0.238752 3.34502
1869 1872 0.240078 3.36169
1869 1872 0.241404 3.37835
1869 1872 0.242731 3.39502
1868 1872 0.244057 3.41169
1868 1872 0.245384 3.42835
1867 1872 0.24671 3.44502
1867 1872 0.248036 3.46169
1867 1872 0.249363 3.47835
1867 1872 0.250689 3.49502
1867 1872 0.252016 3.51169
1867 1872 0.253342 3.52835
1867 1872 0.254668 3.54502
1867 1872 0.255995 3.56168
1867 1872 0.257321 3.57835
1867 1872 0.258648 3.59502
1867 1872 0.259974 3.61168
1867 1872 0.261301 3.62835
1867 1872 0.262627 3.64502
1867 1872 0.263953 3.66168
1866 1872 0.26528 3.67835
1866 1872 0.266606 3.69502
1866 1872 0.267933 3.71168
1866 1872 0.269259 3.72835
1866 1872 0.270585 3.74502
1866 1872 0.271912 3.76168
1866 1872 0.273238 3.77835
1866 1872 0.274565 3.79501
1866 1872 0.275891 3.81168
1866 1872 0.277217 3.82835
1866 1872 0.278544 3.84501
1866 1872 0.27987 3.86168
1865 1872 0.281197 3.87835
1865 1872 0.282523 3.89501
1865 1872 0.28385 3.91168
1864 1872 0.285176 3.92835
1863 1872 0.286502 3.94501
1863 1872 0.287829 3.96168
1863 1872 0.289155 3.97834
1863 1872 0.290482 3.99501
1863 1872 0.291808 4.01168
1861 1872 0.293134 4.02834
1861 1872 0.294461 4.04501
1861 1872 0.295787 4.06168
1861 1872 0.297114 4.07834
1861 1872 0.29844 4.09501
1861 1872 0.299766 4.11168
1861 1872 0.301093 4.12834
1861 1872 0.302419 4.14501
1861 1872 0.303746 4.16168
1861 1872 0.305072 4.17834
1861 1872 0.306399 4.19501
1861 1872 0.307725 4.21167
1861 1872 0.309051 4.22834
1861 1872 0.310378 4.24501
1861 1872 0.311704 4.26167
1861 1872 0.313031 4.27834
1861 1872 0.314357 4.29501
1860 1872 0.315683 4.31167
1860 1872 0.31701 4.32834
1860 1872 0.318336 4.34501
1860 1872 0.319663 4.36167
1860 1872 0.320989 4.37834
1860 1872 0.322315 4.39501
1860 1872 0.323642 4.41167
1860 1872 0.324968 4.42834
1860 1872 0.326295 4.445
1860 1872 0.327621 4.46167
1860 1872 0.328948 4.47834
1860 1872 0.330274 4.495
1860 1872 0.3316 4.51167
1860 1872 0.332927 4.52834
1860 1872 0.334253 4.545
1860 1872 0.33558 4.56167
1860 1872 0.336906 4.57834
1860 1872 0.338232 4.595
1860 1872 0.339559 4.61167
1859 1872 0.340885 4.62833
1859 1872 0.342212 4.645
1859 1872 0.343538 4.66167
1859 1872 0.344864 4.67833
1859 1872 0.346191 4.695
1859 1872 0.347517 4.71167
1858 1872 0.348844 4.72833
1857 1872 0.35017 4.745
1857 1872 0.351497 4.76167
1857 1872 0.352823 4.77833
1856 1872 0.354149 4.795
1855 1872 0.355476 4.81167
1855 1872 0.356802 4.82833
1855 1872 0.358129 4.845
1855 1872 0.359455 4.86166
1854 1872 0.360781 4.87833
1854 1872 0.362108 4.895
1854 1872 0.363434 4.91166
1853 1872 0.364761 4.92833
1853 1872 0.366087 4.945
1853 1872 0.367413 4.96166
1853 1872 0.36874 4.97833
1853 1872 0.370066 4.995
1852 1872 0.371393 5.01166
1852 1872 0.372719 5.02833
1852 1872 0.374046 5.045
1851 1872 0.375372 5.06166
1851 1872 0.376698 5.07833
1851 1872 0.378025 5.09499
1851 1872 0.379351 5.11166
1851 1872 0.380678 5.12833
1851 1872 0.382004 5.14499
1850 1872 0.38333 5.16166
1850 1872 0.384657 5.17833
1850 1872 0.385983 5.19499
1850 1872 0.38731 5.21166
1849 1872 0.388636 5.22833
1849 1872 0.389962 5.24499
1849 1872 0.391289 5.26166
1848 1872 0.392615 5.27833
1848 1872 0.393942 5.29499
1848 1872 0.395268 5.31166
1848 1872 0.396595 5.32832
1848 1872 0.397921 5.34499
1848 1872 0.399247 5.36166
1848 1872 0.400574 5.37832
1848 1872 0.4019 5.39499
1848 1872 0.403227 5.41166
1848 1872 0.404553 5.42832
1848 1872 0.405879 5.44499
1848 1872 0.407206 5.46166
1847 1872 0.408532 5.47832
1847 1872 0.409859 5.49499
1847 1872 0.411185 5.51165
1847 1872 0.412511 5.52832
1847 1872 0.413838 5.54499
1847 1872 0.415164 5.56165
1847 1872 0.416491 5.57832
1847 1872 0.417817 5.59499
1847 1872 0.419144 5.61165
1847 1872 0.42047 5.62832
1847 1872 0.421796 5.64499
1847 1872 0.423123 5.66165
1847 1872 0.424449 5.67832
1847 1872 0.425776 5.69499
1847 1872 0.427102 5.71165
1847 1872 0.428428 5.72832
1847 1872 0.429755 5.74498
1847 1872 0.431081 5.76165
1847 1872 0.432408 5.77832
1847 1872 0.433734 5.79498
1847 1872 0.43506 5.81165
1847 1872 0.436387 5.82832
1847 1872 0.437713 5.84498
1847 1872 0.43904 5.86165
1847 1872 0.440366 5.87832
1847 1872 0.441693 5.89498
1847 1872 0.443019 5.91165
1847 1872 0.444345 5.92832
1847 1872 0.445672 5.94498
1847 1872 0.446998 5.96165
1847 1872 0.448325 5.97831
1847 1872 0.449651 5.99498
1847 1872 0.450977 6.01165
1847 1872 0.452304 6.02831
1847 1872 0.45363 6.04498
1847 1872 0.454957 6.06165
1847 1872 0.456283 6.07831
1847 1872 0.457609 6.09498
1847 1872 0.458936 6.11165
1847 1872 0.460262 6.12831
1847 1872 0.461589 6.14498
1847 1872 0.462915 6.16164
1847 1872 0.464242 6.17831
1847 1872 0.465568 6.19498
1847 1872 0.466894 6.21164
1847 1872 0.468221 6.22831
1847 1872 0.469547 6.24498
1846 1872 0.470874 6.26164
1846 1872 0.4722 6.27831
1846 1872 0.473526 6.29498
1845 1872 0.474853 6.31164
1845 1872 0.476179 6.32831
1845 1872 0.477506 6.34498
1845 1872 0.478832 6.36164
1844 1872 0.480158 6.37831
1844 1872 0.481485 6.39497
1844 1872 0.482811 6.41164
1844 1872 0.484138 6.42831
1844 1872 0.485464 6.44497
1844 1872 0.486791 6.46164
1844 1872 0.488117 6.47831
1844 1872 0.489443 6.49497
1844 1872 0.49077 6.51164
1844 1872 0.492096 6.52831
1844 1872 0.493423 6.54497
1844 1872 0.494749 6.56164
1844 1872 0.496075 6.57831
1844 1872 0.497402 6.59497
1843 1872 0.498728 6.61164
1842 1872 0.500055 6.6283
1842 1872 0.501381 6.64497
1842 1872 0.502707 6.66164
1840 1872 0.504034 6.6783
1840 1872 0.50536 6.69497
1840 1872 0.506687 6.71164
1840 1872 0.508013 6.7283
1840 1872 0.509339 6.74497
1839 1872 0.510666 6.76164
1839 1872 0.511992 6.7783
1839 1872 0.513318 6.79497
1839 1872 0.514645 6.81164
1839 1872 0.515971 6.8283
1839 1872 0.517298 6.84497
1839 1872 0.518624 6.86163
1839 1872 0.51995 6.8783
1839 1872 0.521277 6.89497
1839 1872 0.522603 6.91163
1839 1872 0.52393 6.9283
1839 1872 0.525256 6.94497
1839 1872 0.526582 6.96163
1838 1872 0.527909 6.9783
1838 1872 0.529235 6.99497
1838 1872 0.530561 7.01163
1838 1872 0.531888 7.0283
1836 1872 0.533214 7.04496
1836 1872 0.534541 7.06163
1835 1872 0.535867 7.0783
1835 1872 0.537193 7.09496
1835 1872 0.53852 7.11163
1835 1872 0.539846 7.1283
1834 1872 0.541173 7.14496
1834 1872 0.542499 7.16163
1832 1872 0.543825 7.1783
1831 1872 0.545152 7.19496
1831 1872 0.546478 7.21163
1831 1872 0.547804 7.2283
1831 1872 0.549131 7.24496
1831 1872 0.550457 7.26163
1831 1872 0.551784 7.27829
1831 1872 0.55311 7.29496
1831 1872 0.554436 7.31163
1830 1872 0.555763 7.32829
1829 1872 0.557089 7.34496
1829 1872 0.558415 7.36163
1829 1872 0.559742 7.37829
1828 1872 0.561068 7.39496
1828 1872 0.562395 7.41163
1828 1872 0.563721 7.42829
1828 1872 0.565047 7.44496
1827 1872 0.566374 7.46163
1827 1872 0.5677 7.47829
1827 1872 0.569027 7.49496
1827 1872 0.570353 7.51162
1826 1872 0.571679 7.52829
1826 1872 0.573006 7.54496
1826 1872 0.574332 7.56162
1826 1872 0.575658 7.57829
1825 1872 0.576985 7.59496
1825 1872 0.578311 7.61162
1824 1872 0.579638 7.62829
1823 1872 0.580964 7.64496
1823 1872 0.58229 7.66162
1823 1872 0.583617 7.67829
1822 1872 0.584943 7.69495
1822 1872 0.586269 7.71162
1822 1872 0.587596 7.72829
1822 1872 0.588922 7.74495
1821 1872 0.590249 7.76162
1821 1872 0.591575 7.77829
1821 1872 0.592901 7.79495
1821 1872 0.594228 7.81162
1819 1872 0.595554 7.82829
1819 1872 0.596881 7.84495
1819 1872 0.598207 7.86162
1818 1872 0.599533 7.87829
1818 1872 0.60086 7.89495
1818 1872 0.602186 7.91162
1817 1872 0.603512 7.92828
1816 1872 0.604839 7.94495
1816 1872 0.606165 7.96162
1816 1872 0.607492 7.97828
1816 1872 0.608818 7.99495
1816 1872 0.610144 8.01162
1816 1872 0.611471 8.02828
1816 1872 0.612797 8.04495
1816 1872 0.614124 8.06162
1816 1872 0.61545 8.07828
1816 1872 0.616776 8.09495
1816 1872 0.618103 8.11162
1816 1872 0.619429 8.12828
1816 1872 0.620755 8.14495
1816 1872 0.622082 8.16161
1816 1872 0.623408 8.17828
1816 1872 0.624735 8.19495
1816 1872 0.626061 8.21161
1816 1872 0.627387 8.22828
1816 1872 0.628714 8.24495
1816 1872 0.63004 8.26161
1816 1872 0.631366 8.27828
1816 1872 0.632693 8.29495
1816 1872 0.634019 8.31161
1816 1872 0.635346 8.32828
1816 1872 0.636672 8.34494
1816 1872 0.637998 8.36161
1816 1872 0.639325 8.37828
1816 1872 0.640651 8.39494
1816 1872 0.641978 8.41161
1816 1872 0.643304 8.42828
1816 1872 0.64463 8.44494
1816 1872 0.645957 8.46161
1816 1872 0.647283 8.47828
1816 1872 0.648609 8.49494
1816 1872 0.649936 8.51161
1816 1872 0.651262 8.52828
1816 1872 0.652589 8.54494
1816 1872 0.653915 8.56161
1816 1872 0.655241 8.57827
1816 1872 0.656568 8.59494
1815 1872 0.657894 8.61161
1815 1872 0.659221 8.62827
1815 1872 0.660547 8.64494
1815 1872 0.661873 8.66161
1815 1872 0.6632 8.67827
1815 1872 0.664526 8.69494
1815 1872 0.665852 8.71161
1815 1872 0.667179 8.72827
1815 1872 0.668505 8.74494
1815 1872 0.669832 8.76161
1814 1872 0.671158 8.77827
1814 1872 0.672484 8.79494
1812 1872 0.673811 8.8116
1812 1872 0.675137 8.82827
1812 1872 0.676463 8.84494
1812 1872 0.67779 8.8616
1812 1872 0.679116 8.87827
1811 1872 0.680443 8.89494
1811 1872 0.681769 8.9116
1811 1872 0.683095 8.92827
1810 1872 0.684422 8.94494
1810 1872 0.685748 8.9616
1810 1872 0.687075 8.97827
1810 1872 0.688401 8.99494
1810 1872 0.689727 9.0116
1810 1872 0.691054 9.02827
1809 1872 0.69238 9.04493
1808 1872 0.693706 9.0616
1807 1872 0.695033 9.07827
1807 1872 0.696359 9.09493
1807 1872 0.697686 9.1116
1807 1872 0.699012 9.12827
1807 1872 0.700338 9.14493
1807 1872 0.701665 9.1616
1806 1872 0.702991 9.17827
1805 1872 0.704318 9.19493
1805 1872 0.705644 9.2116
1805 1872 0.70697 9.22826
1805 1872 0.708297 9.24493
1805 1872 0.709623 9.2616
1804 1872 0.710949 9.27826
1804 1872 0.712276 9.29493
1804 1872 0.713602 9.3116
1804 1872 0.714929 9.32826
1803 1872 0.716255 9.34493
1803 1872 0.717581 9.3616
1802 1872 0.718908 9.37826
1802 1872 0.720234 9.39493
1802 1872 0.72156 9.4116
1801 1872 0.722887 9.42826
1801 1872 0.724213 9.44493
1801 1872 0.72554 9.46159
1801 1872 0.726866 9.47826
1801 1872 0.728192 9.49493
1801 1872 0.729519 9.51159
1801 1872 0.730845 9.52826
1800 1872 0.732172 9.54493
1800 1872 0.733498 9.56159
1800 1872 0.734824 9.57826
1800 1872 0.736151 9.59493
1799 1872 0.737477 9.61159
1799 1872 0.738803 9.62826
1799 1872 0.74013 9.64493
1799 1872 0.741456 9.66159
1799 1872 0.742783 9.67826
1799 1872 0.744109 9.69492
1799 1872 0.745435 9.71159
1799 1872 0.746762 9.72826
1799 1872 0.748088 9.74492
1799 1872 0.749415 9.76159
1799 1872 0.750741 9.77826
1799 1872 0.752067 9.79492
1798 1872 0.753394 9.81159
1798 1872 0.75472 9.82826
1797 1872 0.756046 9.84492
1797 1872 0.757373 9.86159
1797 1872 0.758699 9.87825
1796 1872 0.760026 9.89492
1795 1872 0.761352 9.91159
1795 1872 0.762678 9.92825
1795 1872 0.764005 9.94492
1795 1872 0.765331 9.96159
1795 1872 0.766657 9.97825
1794 1872 0.767984 9.99492
1794 1872 0.76931 10.0116
1793 1872 0.770637 10.0283
1793 1872 0.771963 10.0449
1793 1872 0.773289 10.0616
1793 1872 0.774616 10.0783
1793 1872 0.775942 10.0949
1793 1872 0.777269 10.1116
1793 1872 0.778595 10.1283
1793 1872 0.779921 10.1449
1793 1872 0.781248 10.1616
1790 1872 0.782574 10.1783
1790 1872 0.7839 10.1949
1790 1872 0.785227 10.2116
1789 1872 0.786553 10.2282
1789 1872 0.78788 10.2449
1789 1872 0.789206 10.2616
1789 1872 0.790532 10.2782
1787 1872 0.791859 10.2949
1787 1872 0.793185 10.3116
1786 1872 0.794511 10.3282
1785 1872 0.795838 10.3449
1785 1872 0.797164 10.3616
1785 1872 0.798491 10.3782
1784 1872 0.799817 10.3949
1784 1872 0.801143 10.4116
1784 1872 0.80247 10.4282
1782 1872 0.803796 10.4449
1781 1872 0.805123 10.4616
1780 1872 0.806449 10.4782
1780 1872 0.807775 10.4949
1780 1872 0.809102 10.5116
1780 1872 0.810428 10.5282
1779 1872 0.811754 10.5449
1777 1872 0.813081 10.5616
1776 1872 0.814407 10.5782
1776 1872 0.815734 10.5949
1776 1872 0.81706 10.6116
1776 1872 0.818386 10.6282
1775 1872 0.819713 10.6449
1775 1872 0.821039 10.6616
1775 1872 0.822366 10.6782
1774 1872 0.823692 10.6949
1774 1872 0.825018 10.7116
1774 1872 0.826345 10.7282
1773 1872 0.827671 10.7449
1773 1872 0.828997 10.7616
1773 1872 0.830324 10.7782
1773 1872 0.83165 10.7949
1772 1872 0.832977 10.8116
1771 1872 0.834303 10.8282
1771 1872 0.835629 10.8449
1771 1872 0.836956 10.8616
1771 1872 0.838282 10.8782
1771 1872 0.839608 10.8949
1771 1872 0.840935 10.9116
1771 1872 0.842261 10.9282
1770 1872 0.843588 10.9449
1770 1872 0.844914 10.9616
1770 1872 0.84624 10.9782
1770 1872 0.847567 10.9949
1770 1872 0.848893 11.0116
1769 1872 0.85022 11.0282
1769 1872 0.851546 11.0449
1768 1872 0.852872 11.0616
1768 1872 0.854199 11.0782
1768 1872 0.855525 11.0949
1768 1872 0.856851 11.1116
1768 1872 0.858178 11.1282
1768 1872 0.859504 11.1449
1768 1872 0.860831 11.1616
1767 1872 0.862157 11.1782
1767 1872 0.863483 11.1949
1766 1872 0.86481 11.2116
1766 1872 0.866136 11.2282
1766 1872 0.867463 11.2449
1766 1872 0.868789 11.2616
1766 1872 0.870115 11.2782
1766 1872 0.871442 11.2949
1765 1872 0.872768 11.3116
1764 1872 0.874094 11.3282
1764 1872 0.875421 11.3449
1764 1872 0.876747 11.3616
1764 1872 0.878074 11.3782
1764 1872 0.8794 11.3949
1764 1872 0.880726 11.4116
1762 1872 0.882053 11.4282
1762 1872 0.883379 11.4449
1762 1872 0.884705 11.4616
1762 1872 0.886032 11.4782
1761 1872 0.887358 11.4949
1761 1872 0.888685 11.5116
1760 1872 0.890011 11.5282
1760 1872 0.891337 11.5449
1760 1872 0.892664 11.5616
1759 1872 0.89399 11.5782
1759 1872 0.895317 11.5949
1759 1872 0.896643 11.6116
1759 1872 0.897969 11.6282
1759 1872 0.899296 11.6449
1758 1872 0.900622 11.6616
1757 1872 0.901948 11.6782
1757 1872 0.903275 11.6949
1757 1872 0.904601 11.7116
1756 1872 0.905928 11.7282
1756 1872 0.907254 11.7449
1756 1872 0.90858 11.7616
1756 1872 0.909907 11.7782
1756 1872 0.911233 11.7949
1756 1872 0.91256 11.8116
1755 1872 0.913886 11.8282
1754 1872 0.915212 11.8449
1754 1872 0.916539 11.8616
1754 1872 0.917865 11.8782
1754 1872 0.919191 11.8949
1753 1872 0.920518 11.9116
1752 1872 0.921844 11.9282
1752 1872 0.923171 11.9449
1751 1872 0.924497 11.9616
1751 1872 0.925823 11.9782
1750 1872 0.92715 11.9949
1750 1872 0.928476 12.0116
1750 1872 0.929802 12.0282
1749 1872 0.931129 12.0449
1749 1872 0.932455 12.0616
1749 1872 0.933782 12.0782
1747 1872 0.935108 12.0949
1747 1872 0.936434 12.1116
1747 1872 0.937761 12.1282
1746 1872 0.939087 12.1449
1746 1872 0.940414 12.1616
1746 1872 0.94174 12.1782
1745 1872 0.943066 12.1949
1745 1872 0.944393 12.2116
1745 1872 0.945719 12.2282
1745 1872 0.947045 12.2449
1743 1872 0.948372 12.2616
1743 1872 0.949698 12.2782
1743 1872 0.951025 12.2949
1742 1872 0.952351 12.3116
1742 1872 0.953677 12.3282
1741 1872 0.955004 12.3449
1740 1872 0.95633 12.3616
1740 1872 0.957657 12.3782
1740 1872 0.958983 12.3949
1739 1872 0.960309 12.4115
1738 1872 0.961636 12.4282
1738 1872 0.962962 12.4449
1737 1872 0.964288 12.4615
1736 1872 0.965615 12.4782
1736 1872 0.966941 12.4949
1736 1872 0.968268 12.5115
1736 1872 0.969594 12.5282
1735 1872 0.97092 12.5449
1734 1872 0.972247 12.5615
1734 1872 0.973573 12.5782
1734 1872 0.974899 12.5949
1734 1872 0.976226 12.6115
1733 1872 0.977552 12.6282
1732 1872 0.978879 12.6449
1732 1872 0.980205 12.6615
1731 1872 0.981531 12.6782
1731 1872 0.982858 12.6949
1730 1872 0.984184 12.7115
1730 1872 0.985511 12.7282
1730 1872 0.986837 12.7449
1728 1872 0.988163 12.7615
1728 1872 0.98949 12.7782
1728 1872 0.990816 12.7949
1728 1872 0.992142 12.8115
1726 1872 0.993469 12.8282
1726 1872 0.994795 12.8449
1726 1872 0.996122 12.8615
1725 1872 0.997448 12.8782
1725 1872 0.998774 12.8949
1724 1872 1.0001 12.9115
1724 1872 1.00143 12.9282
1724 1872 1.00275 12.9449
1724 1872 1.00408 12.9615
1723 1872 1.00541 12.9782
1722 1872 1.00673 12.9949
1721 1872 1.00806 13.0115
1721 1872 1.00939 13.0282
1721 1872 1.01071 13.0449
1718 1872 1.01204 13.0615
1718 1872 1.01337 13.0782
1718 1872 1.01469 13.0949
1718 1872 1.01602 13.1115
1718 1872 1.01734 13.1282
1717 1872 1.01867 13.1449
1717 1872 1.02 13.1615
1716 1872 1.02132 13.1782
1716 1872 1.02265 13.1949
1716 1872 1.02398 13.2115
1716 1872 1.0253 13.2282
1715 1872 1.02663 13.2449
1715 1872 1.02796 13.2615
1714 1872 1.02928 13.2782
1714 1872 1.03061 13.2949
1714 1872 1.03194 13.3115
1713 1872 1.03326 13.3282
1713 1872 1.03459 13.3449
1713 1872 1.03591 13.3615
1713 1872 1.03724 13.3782
1711 1872 1.03857 13.3949
1711 1872 1.03989 13.4115
1710 1872 1.04122 13.4282
1710 1872 1.04255 13.4449
1709 1872 1.04387 13.4615
1709 1872 1.0452 13.4782
1707 1872 1.04653 13.4949
1707 1872 1.04785 13.5115
1706 1872 1.04918 13.5282
1706 1872 1.05051 13.5449
1705 1872 1.05183 13.5615
1705 1872 1.05316 13.5782
1704 1872 1.05448 13.5949
1704 1872 1.05581 13.6115
1704 1872 1.05714 13.6282
1703 1872 1.05846 13.6449
1702 1872 1.05979 13.6615
1702 1872 1.06112 13.6782
1701 1872 1.06244 13.6949
1701 1872 1.06377 13.7115
1701 1872 1.0651 13.7282
1701 1872 1.06642 13.7449
1699 1872 1.06775 13.7615
1699 1872 1.06908 13.7782
1698 1872 1.0704 13.7949
1698 1872 1.07173 13.8115
1698 1872 1.07306 13.8282
1697 1872 1.07438 13.8449
1697 1872 1.07571 13.8615
1696 1872 1.07703 13.8782
1695 1872 1.07836 13.8949
1694 1872 1.07969 13.9115
1694 1872 1.08101 13.9282
1693 1872 1.08234 13.9449
1693 1872 1.08367 13.9615
1693 1872 1.08499 13.9782
1693 1872 1.08632 13.9949
1692 1872 1.08765 14.0115
1691 1872 1.08897 14.0282
1691 1872 1.0903 14.0449
1689 1872 1.09163 14.0615
1689 1872 1.09295 14.0782
1689 1872 1.09428 14.0949
1686 1872 1.0956 14.1115
1686 1872 1.09693 14.1282
1686 1872 1.09826 14.1449
1684 1872 1.09958 14.1615
1682 1872 1.10091 14.1782
1682 1872 1.10224 14.1949
1682 1872 1.10356 14.2115
1682 1872 1.10489 14.2282
1679 1872 1.10622 14.2449
1679 1872 1.10754 14.2615
1677 1872 1.10887 14.2782
1676 1872 1.1102 14.2949
1676 1872 1.11152 14.3115
1675 1872 1.11285 14.3282
1674 1872 1.11417 14.3449
1674 1872 1.1155 14.3615
1673 1872 1.11683 14.3782
1671 1872 1.11815 14.3949
1671 1872 1.11948 14.4115
1670 1872 1.12081 14.4282
1668 1872 1.12213 14.4449
1668 1872 1.12346 14.4615
1667 1872 1.12479 14.4782
1666 1872 1.12611 14.4949
1666 1872 1.12744 14.5115
1666 1872 1.12877 14.5282
1663 1872 1.13009 14.5449
1662 1872 1.13142 14.5615
1662 1872 1.13274 14.5782
1662 1872 1.13407 14.5948
1660 1872 1.1354 14.6115
1660 1872 1.13672 14.6282
1660 1872 1.13805 14.6448
1658 1872 1.13938 14.6615
1657 1872 1.1407 14.6782
1656 1872 1.14203 14.6948
1656 1872 1.14336 14.7115
1655 1872 1.14468 14.7282
1655 1872 1.14601 14.7448
1653 1872 1.14734 14.7615
1653 1872 1.14866 14.7782
1652 1872 1.14999 14.7948
1652 1872 1.15132 14.8115
1651 1872 1.15264 14.8282
1649 1872 1.15397 14.8448
1647 1872 1.15529 14.8615
1647 1872 1.15662 14.8782
1647 1872 1.15795 14.8948
1646 1872 1.15927 14.9115
1646 1872 1.1606 14.9282
1645 1872 1.16193 14.9448
1643 1872 1.16325 14.9615
1641 1872 1.16458 14.9782
1641 1872 1.16591 14.9948
1641 1872 1.16723 15.0115
1640 1872 1.16856 15.0282
1638 1872 1.16989 15.0448
1638 1872 1.17121 15.0615
1636 1872 1.17254 15.0782
1635 1872 1.17386 15.0948
1634 1872 1.17519 15.1115
1634 1872 1.17652 15.1282
1632 1872 1.17784 15.1448
1631 1872 1.17917 15.1615
1629 1872 1.1805 15.1782
1628 1872 1.18182 15.1948
1627 1872 1.18315 15.2115
1626 1872 1.18448 15.2282
1623 1872 1.1858 15.2448
1623 1872 1.18713 15.2615
1623 1872 1.18846 15.2782
1622 1872 1.18978 15.2948
1621 1872 1.19111 15.3115
1619 1872 1.19243 15.3282
1618 1872 1.19376 15.3448
1618 1872 1.19509 15.3615
1617 1872 1.19641 15.3782
1613 1872 1.19774 15.3948
1613 1872 1.19907 15.4115
1612 1872 1.20039 15.4282
1612 1872 1.20172 15.4448
1611 1872 1.20305 15.4615
1609 1872 1.20437 15.4782
1608 1872 1.2057 15.4948
1606 1872 1.20703 15.5115
1605 1872 1.20835 15.5282
1603 1872 1.20968 15.5448
1603 1872 1.211 15.5615
1602 1872 1.21233 15.5782
1601 1872 1.21366 15.5948
1599 1872 1.21498 15.6115
1597 1872 1.21631 15.6282
1596 1872 1.21764 15.6448
1596 1872 1.21896 15.6615
1595 1872 1.22029 15.6782
1593 1872 1.22162 15.6948
1592 1872 1.22294 15.7115
1591 1872 1.22427 15.7282
1589 1872 1.2256 15.7448
1589 1872 1.22692 15.7615
1587 1872 1.22825 15.7782
1586 1872 1.22958 15.7948
1585 1872 1.2309 15.8115
1583 1872 1.23223 15.8282
1582 1872 1.23355 15.8448
1581 1872 1.23488 15.8615
1580 1872 1.23621 15.8782
1578 1872 1.23753 15.8948
1578 1872 1.23886 15.9115
1575 1872 1.24019 15.9282
1575 1872 1.24151 15.9448
1573 1872 1.24284 15.9615
1571 1872 1.24417 15.9782
1570 1872 1.24549 15.9948
1569 1872 1.24682 16.0115
1567 1872 1.24815 16.0282
1566 1872 1.24947 16.0448
1566 1872 1.2508 16.0615
1563 1872 1.25212 16.0782
1562 1872 1.25345 16.0948
1560 1872 1.25478 16.1115
1560 1872 1.2561 16.1282
1559 1872 1.25743 16.1448
1556 1872 1.25876 16.1615
1555 1872 1.26008 16.1782
1555 1872 1.26141 16.1948
1553 1872 1.26274 16.2115
1550 1872 1.26406 16.2282
1549 1872 1.26539 16.2448
1548 1872 1.26672 16.2615
1547 1872 1.26804 16.2782
1545 1872 1.26937 16.2948
1543 1872 1.27069 16.3115
1541 1872 1.27202 16.3282
1541 1872 1.27335 16.3448
1539 1872 1.27467 16.3615
1538 1872 1.276 16.3782
1536 1872 1.27733 16.3948
1534 1872 1.27865 16.4115
1534 1872 1.27998 16.4282
1530 1872 1.28131 16.4448
1530 1872 1.28263 16.4615
1527 1872 1.28396 16.4782
1525 1872 1.28529 16.4948
1524 1872 1.28661 16.5115
1521 1872 1.28794 16.5282
1521 1872 1.28927 16.5448
1518 1872 1.29059 16.5615
1517 1872 1.29192 16.5782
1515 1872 1.29324 16.5948
1513 1872 1.29457 16.6115
1510 1872 1.2959 16.6282
1509 1872 1.29722 16.6448
1507 1872 1.29855 16.6615
1505 1872 1.29988 16.6782
1504 1872 1.3012 16.6948
1501 1872 1.30253 16.7115
1500 1872 1.30386 16.7281
1498 1872 1.30518 16.7448
1495 1872 1.30651 16.7615
1494 1872 1.30784 16.7781
1493 1872 1.30916 16.7948
1489 1872 1.31049 16.8115
1489 1872 1.31181 16.8281
1485 1872 1.31314 16.8448
1484 1872 1.31447 16.8615
1482 1872 1.31579 16.8781
1481 1872 1.31712 16.8948
1479 1872 1.31845 16.9115
1476 1872 1.31977 16.9281
1475 1872 1.3211 16.9448
1472 1872 1.32243 16.9615
1470 1872 1.32375 16.9781
1468 1872 1.32508 16.9948
1466 1872 1.32641 17.0115
1464 1872 1.32773 17.0281
1462 1872 1.32906 17.0448
1460 1872 1.33038 17.0615
1458 1872 1.33171 17.0781
1456 1872 1.33304 17.0948
1455 1872 1.33436 17.1115
1452 1872 1.33569 17.1281
1449 1872 1.33702 17.1448
1448 1872 1.33834 17.1615
1445 1872 1.33967 17.1781
1443 1872 1.341 17.1948
1441 1872 1.34232 17.2115
1440 1872 1.34365 17.2281
1437 1872 1.34498 17.2448
1434 1872 1.3463 17.2615
1432 1872 1.34763 17.2781
1431 1872 1.34895 17.2948
1428 1872 1.35028 17.3115
1425 1872 1.35161 17.3281
1423 1872 1.35293 17.3448
1420 1872 1.35426 17.3615
1417 1872 1.35559 17.3781
1415 1872 1.35691 17.3948
1413 1872 1.35824 17.4115
1410 1872 1.35957 17.4281
1408 1872 1.36089 17.4448
1405 1872 1.36222 17.4615
1404 1872 1.36355 17.4781
1399 1872 1.36487 17.4948
1397 1872 1.3662 17.5115
1396 1872 1.36753 17.5281
1394 1872 1.36885 17.5448
1390 1872 1.37018 17.5615
1389 1872 1.3715 17.5781
1386 1872 1.37283 17.5948
1382 1872 1.37416 17.6115
1381 1872 1.37548 17.6281
1377 1872 1.37681 17.6448
1376 1872 1.37814 17.6615
1372 1872 1.37946 17.6781
1370 1872 1.38079 17.6948
1367 1872 1.38212 17.7115
1365 1872 1.38344 17.7281
1364 1872 1.38477 17.7448
1360 1872 1.3861 17.7615
1358 1872 1.38742 17.7781
1354 1872 1.38875 17.7948
1352 1872 1.39007 17.8115
1349 1872 1.3914 17.8281
1347 1872 1.39273 17.8448
1344 1872 1.39405 17.8615
1342 1872 1.39538 17.8781
1338 1872 1.39671 17.8948
1338 1872 1.39803 17.9115
1333 1872 1.39936 17.9281
1332 1872 1.40069 17.9448
1326 1872 1.40201 17.9615
1326 1872 1.40334 17.9781
1324 1872 1.40467 17.9948
1321 1872 1.40599 18.0115
1319 1872 1.40732 18.0281
1315 1872 1.40864 18.0448
1313 1872 1.40997 18.0615
1311 1872 1.4113 18.0781
1309 1872 1.41262 18.0948
1305 1872 1.41395 18.1115
1303 1872 1.41528 18.1281
1301 1872 1.4166 18.1448
1298 1872 1.41793 18.1615
1296 1872 1.41926 18.1781
1292 1872 1.42058 18.1948
1290 1872 1.42191 18.2115
1285 1872 1.42324 18.2281
1285 1872 1.42456 18.2448
1281 1872 1.42589 18.2615
1277 1872 1.42721 18.2781
1275 1872 1.42854 18.2948
1273 1872 1.42987 18.3115
1271 1872 1.43119 18.3281
1267 1872 1.43252 18.3448
1266 1872 1.43385 18.3615
1261 1872 1.43517 18.3781
1260 1872 1.4365 18.3948
1258 1872 1.43783 18.4115
1254 1872 1.43915 18.4281
1250 1872 1.44048 18.4448
1249 1872 1.44181 18.4615
1245 1872 1.44313 18.4781
1245 1872 1.44446 18.4948
1239 1872 1.44579 18.5115
1237 1872 1.44711 18.5281
1234 1872 1.44844 18.5448
1231 1872 1.44976 18.5615
1231 1872 1.45109 18.5781
1226 1872 1.45242 18.5948
1223 1872 1.45374 18.6115
1221 1872 1.45507 18.6281
1217 1872 1.4564 18.6448
1214 1872 1.45772 18.6615
1213 1872 1.45905 18.6781
1209 1872 1.46038 18.6948
1206 1872 1.4617 18.7115
1204 1872 1.46303 18.7281
1200 1872 1.46436 18.7448
1198 1872 1.46568 18.7615
1194 1872 1.46701 18.7781
1193 1872 1.46833 18.7948
1189 1872 1.46966 18.8115
1186 1872 1.47099 18.8281
1184 1872 1.47231 18.8448
1181 1872 1.47364 18.8615
1177 1872 1.47497 18.8781
1176 1872 1.47629 18.8948
1172 1872 1.47762 18.9114
1171 1872 1.47895 18.9281
1167 1872 1.48027 18.9448
1163 1872 1.4816 18.9614
1162 1872 1.48293 18.9781
1158 1872 1.48425 18.9948
1155 1872 1.48558 19.0114
1151 1872 1.4869 19.0281
1150 1872 1.48823 19.0448
1146 1872 1.48956 19.0614
1144 1872 1.49088 19.0781
1141 1872 1.49221 19.0948
1139 1872 1.49354 19.1114
1135 1872 1.49486 19.1281
1132 1872 1.49619 19.1448
1131 1872 1.49752 19.1614
1126 1872 1.49884 19.1781
1124 1872 1.50017 19.1948
1121 1872 1.5015 19.2114
1119 1872 1.50282 19.2281
1115 1872 1.50415 19.2448
1113 1872 1.50548 19.2614
1108 1872 1.5068 19.2781
1106 1872 1.50813 19.2948
1103 1872 1.50945 19.3114
1098 1872 1.51078 19.3281
1095 1872 1.51211 19.3448
1093 1872 1.51343 19.3614
1089 1872 1.51476 19.3781
1087 1872 1.51609 19.3948
1083 1872 1.51741 19.4114
1083 1872 1.51874 19.4281
1077 1872 1.52007 19.4448
1075 1872 1.52139 19.4614
1072 1872 1.52272 19.4781
1069 1872 1.52405 19.4948
1067 1872 1.52537 19.5114
1064 1872 1.5267 19.5281
1059 1872 1.52802 19.5448
1058 1872 1.52935 19.5614
1053 1872 1.53068 19.5781
1051 1872 1.532 19.5948
1046 1872 1.53333 19.6114
1042 1872 1.53466 19.6281
1040 1872 1.53598 19.6448
1038 1872 1.53731 19.6614
1034 1872 1.53864 19.6781
1032 1872 1.53996 19.6948
1027 1872 1.54129 19.7114
1023 1872 1.54262 19.7281
1019 1872 1.54394 19.7448
1017 1872 1.54527 19.7614
1013 1872 1.54659 19.7781
1010 1872 1.54792 19.7948
1008 1872 1.54925 19.8114
1003 1872 1.55057 19.8281
1001 1872 1.5519 19.8448
997 1872 1.55323 19.8614
994 1872 1.55455 19.8781
991 1872 1.55588 19.8948
988 1872 1.55721 19.9114
986 1872 1.55853 19.9281
980 1872 1.55986 19.9448
978 1872 1.56119 19.9614
975 1872 1.56251 19.9781
970 1872 1.56384 19.9948
968 1872 1.56516 20.0114
966 1872 1.56649 20.0281
960 1872 1.56782 20.0448
956 1872 1.56914 20.0614
954 1872 1.57047 20.0781
951 1872 1.5718 20.0948
948 1872 1.5718 20.1114
944 1872 1.5718 20.1281
941 1872 1.5718 20.1448
939 1872 1.5718 20.1614
934 1872 1.5718 20.1781
933 1872 1.5718 20.1948
930 1872 1.5718 20.2114
925 1872 1.5718 20.2281
922 1872 1.5718 20.2448
918 1872 1.5718 20.2614
916 1872 1.5718 20.2781
912 1872 1.5718 20.2948
909 1872 1.5718 20.3114
905 1872 1.5718 20.3281
903 1872 1.5718 20.3448
896 1872 1.5718 20.3614
895 1872 1.5718 20.3781
891 1872 1.5718 20.3948
888 1872 1.5718 20.4114
884 1872 1.5718 20.4281
881 1872 1.5718 20.4448
875 1872 1.5718 20.4614
872 1872 1.5718 20.4781
869 1872 1.5718 20.4948
865 1872 1.5718 20.5114
861 1872 1.5718 20.5281
857 1872 1.5718 20.5448
852 1872 1.5718 20.5614
851 1872 1.5718 20.5781
847 1872 1.5718 20.5948
843 1872 1.5718 20.6114
838 1872 1.5718 20.6281
836 1872 1.5718 20.6448
831 1872 1.5718 20.6614
827 1872 1.5718 20.6781
823 1872 1.5718 20.6948
821 1872 1.5718 20.7114
816 1872 1.5718 20.7281
814 1872 1.5718 20.7448
809 1872 1.5718 20.7614
808 1872 1.5718 20.7781
802 1872 1.5718 20.7948
799 1872 1.5718 20.8114
794 1872 1.5718 20.8281
791 1872 1.5718 20.8448
789 1872 1.5718 20.8614
783 1872 1.5718 20.8781
783 1872 1.5718 20.8948
779 1872 1.5718 20.9114
775 1872 1.5718 20.9281
772 1872 1.5718 20.9448
768 1872 1.5718 20.9614
763 1872 1.5718 20.9781
760 1872 1.5718 20.9948
759 1872 1.5718 21.0114
757 1872 1.5718 21.0281
753 1872 1.5718 21.0448
750 1872 1.5718 21.0614
747 1872 1.5718 21.0781
744 1872 1.5718 21.0947
742 1872 1.5718 21.1114
740 1872 1.5718 21.1281
737 1872 1.5718 21.1447
736 1872 1.5718 21.1614
733 1872 1.5718 21.1781
731 1872 1.5718 21.1947
727 1872 1.5718 21.2114
726 1872 1.5718 21.2281
722 1872 1.5718 21.2447
720 1872 1.5718 21.2614
719 1872 1.5718 21.2781
716 1872 1.5718 21.2947
714 1872 1.5718 21.3114
713 1872 1.5718 21.3281
709 1872 1.5718 21.3447
708 1872 1.5718 21.3614
705 1872 1.5718 21.3781
704 1872 1.5718 21.3947
702 1872 1.5718 21.4114
700 1872 1.5718 21.4281
699 1872 1.5718 21.4447
696 1872 1.5718 21.4614
695 1872 1.5718 21.4781
693 1872 1.5718 21.4947
691 1872 1.5718 21.5114
688 1872 1.5718 21.5281
687 1872 1.5718 21.5447
686 1872 1.5718 21.5614
683 1872 1.5718 21.5781
681 1872 1.5718 21.5947
680 1872 1.5718 21.6114
677 1872 1.5718 21.6281
676 1872 1.5718 21.6447
675 1872 1.5718 21.6614
674 1872 1.5718 21.6781
671 1872 1.5718 21.6947
671 1872 1.5718 21.7114
669 1872 1.5718 21.7281
667 1872 1.5718 21.7447
666 1872 1.5718 21.7614
665 1872 1.5718 21.7781
662 1872 1.5718 21.7947
662 1872 1.5718 21.8114
660 1872 1.5718 21.8281
658 1872 1.5718 21.8447
657 1872 1.5718 21.8614
655 1872 1.5718 21.8781
654 1872 1.5718 21.8947
653 1872 1.5718 21.9114
651 1872 1.5718 21.9281
650 1872 1.5718 21.9447
648 1872 1.5718 21.9614
648 1872 1.5718 21.9781
647 1872 1.5718 21.9947
645 1872 1.5718 22.0114
644 1872 1.5718 22.0281
643 1872 1.5718 22.0447
642 1872 1.5718 22.0614
640 1872 1.5718 22.0781
639 1872 1.5718 22.0947
638 1872 1.5718 22.1114
638 1872 1.5718 22.1281
636 1872 1.5718 22.1447
636 1872 1.5718 22.1614
635 1872 1.5718 22.1781
634 1872 1.5718 22.1947
633 1872 1.5718 22.2114
632 1872 1.5718 22.2281
631 1872 1.5718 22.2447
630 1872 1.5718 22.2614
629 1872 1.5718 22.2781
628 1872 1.5718 22.2947
627 1872 1.5718 22.3114
626 1872 1.5718 22.3281
625 1872 1.5718 22.3447
624 1872 1.5718 22.3614
623 1872 1.5718 22.3781
621 1872 1.5718 22.3947
621 1872 1.5718 22.4114
619 1872 1.5718 22.4281
619 1872 1.5718 22.4447
619 1872 1.5718 22.4614
619 1872 1.5718 22.4781
616 1872 1.5718 22.4947
615 1872 1.5718 22.5114
615 1872 1.5718 22.5281
615 1872 1.5718 22.5447
614 1872 1.5718 22.5614
613 1872 1.5718 22.5781
612 1872 1.5718 22.5947
611 1872 1.5718 22.6114
611 1872 1.5718 22.6281
609 1872 1.5718 22.6447
608 1872 1.5718 22.6614
607 1872 1.5718 22.6781
606 1872 1.5718 22.6947
606 1872 1.5718 22.7114
605 1872 1.5718 22.7281
605 1872 1.5718 22.7447
605 1872 1.5718 22.7614
603 1872 1.5718 22.7781
603 1872 1.5718 22.7947
602 1872 1.5718 22.8114
601 1872 1.5718 22.8281
601 1872 1.5718 22.8447
600 1872 1.5718 22.8614
599 1872 1.5718 22.8781
599 1872 1.5718 22.8947
597 1872 1.5718 22.9114
597 1872 1.5718 22.9281
597 1872 1.5718 22.9447
596 1872 1.5718 22.9614
595 1872 1.5718 22.9781
594 1872 1.5718 22.9947
594 1872 1.5718 23.0114
594 1872 1.5718 23.0281
594 1872 1.5718 23.0447
594 1872 1.5718 23.0614
593 1872 1.5718 23.0781
592 1872 1.5718 23.0947
591 1872 1.5718 23.1114
591 1872 1.5718 23.1281
591 1872 1.5718 23.1447
591 1872 1.5718 23.1614
590 1872 1.5718 23.1781
590 1872 1.5718 23.1947
590 1872 1.5718 23.2114
588 1872 1.5718 23.2281
588 1872 1.5718 23.2447
588 1872 1.5718 23.2614
587 1872 1.5718 23.278
587 1872 1.5718 23.2947
585 1872 1.5718 23.3114
585 1872 1.5718 23.328
584 1872 1.5718 23.3447
584 1872 1.5718 23.3614
584 1872 1.5718 23.378
583 1872 1.5718 23.3947
583 1872 1.5718 23.4114
582 1872 1.5718 23.428
582 1872 1.5718 23.4447
582 1872 1.5718 23.4614
582 1872 1.5718 23.478
581 1872 1.5718 23.4947
581 1872 1.5718 23.5114
581 1872 1.5718 23.528
580 1872 1.5718 23.5447
580 1872 1.5718 23.5614
579 1872 1.5718 23.578
579 1872 1.5718 23.5947
578 1872 1.5718 23.6114
577 1872 1.5718 23.628
577 1872 1.5718 23.6447
577 1872 1.5718 23.6614
577 1872 1.5718 23.678
577 1872 1.5718 23.6947
576 1872 1.5718 23.7114
576 1872 1.5718 23.728
575 1872 1.5718 23.7447
575 1872 1.5718 23.7614
575 1872 1.5718 23.778
575 1872 1.5718 23.7947
575 1872 1.5718 23.8114
575 1872 1.5718 23.828
575 1872 1.5718 23.8447
574 1872 1.5718 23.8614
574 1872 1.5718 23.878
574 1872 1.5718 23.8947
574 1872 1.5718 23.9114
573 1872 1.5718 23.928
573 1872 1.5718 23.9447
573 1872 1.5718 23.9614
573 1872 1.5718 23.978
573 1872 1.5718 23.9947
572 1872 1.5718 24.0114
572 1872 1.5718 24.028
572 1872 1.5718 24.0447
572 1872 1.5718 24.0614
571 1872 1.5718 24.078
570 1872 1.5718 24.0947
570 1872 1.5718 24.1114
570 1872 1.5718 24.128
570 1872 1.5718 24.1447
570 1872 1.5718 24.1614
570 1872 1.5718 24.178
570 1872 1.5718 24.1947
570 1872 1.5718 24.2114
569 1872 1.5718 24.228
569 1872 1.5718 24.2447
568 1872 1.5718 24.2614
568 1872 1.5718 24.278
568 1872 1.5718 24.2947
568 1872 1.5718 24.3114
568 1872 1.5718 24.328
568 1872 1.5718 24.3447
567 1872 1.5718 24.3614
567 1872 1.5718 24.378
567 1872 1.5718 24.3947
567 1872 1.5718 24.4114
567 1872 1.5718 24.428
567 1872 1.5718 24.4447
567 1872 1.5718 24.4614
566 1872 1.5718 24.478
566 1872 1.5718 24.4947
566 1872 1.5718 24.5114
566 1872 1.5718 24.528
566 1872 1.5718 24.5447
566 1872 1.5718 24.5614
566 1872 1.5718 24.578
566 1872 1.5718 24.5947
566 1872 1.5718 24.6114
566 1872 1.5718 24.628
565 1872 1.5718 24.6447
565 1872 1.5718 24.6614
565 1872 1.5718 24.678
565 1872 1.5718 24.6947
564 1872 1.5718 24.7114
564 1872 1.5718 24.728
564 1872 1.5718 24.7447
564 1872 1.5718 24.7614
564 1872 1.5718 24.778
564 1872 1.5718 24.7947
564 1872 1.5718 24.8114
563 1872 1.5718 24.828
563 1872 1.5718 24.8447
563 1872 1.5718 24.8614
563 1872 1.5718 24.878
562 1872 1.5718 24.8947
562 1872 1.5718 24.9114
562 1872 1.5718 24.928
561 1872 1.5718 24.9447
561 1872 1.5718 24.9614
561 1872 1.5718 24.978
561 1872 1.5718 24.9947
561 1872 1.5718 25.0114
561 1872 1.5718 25.028
561 1872 1.5718 25.0447
561 1872 1.5718 25.0614
561 1872 1.5718 25.078
560 1872 1.5718 25.0947
560 1872 1.5718 25.1114
560 1872 1.5718 25.128
560 1872 1.5718 25.1447
559 1872 1.5718 25.1614
559 1872 1.5718 25.178
559 1872 1.5718 25.1947
559 1872 1.5718 25.2114
559 1872 1.5718 25.228
559 1872 1.5718 25.2447
559 1872 1.5718 25.2614
559 1872 1.5718 25.278
559 1872 1.5718 25.2947
559 1872 1.5718 25.3114
559 1872 1.5718 25.328
559 1872 1.5718 25.3447
559 1872 1.5718 25.3614
559 1872 1.5718 25.378
559 1872 1.5718 25.3947
559 1872 1.5718 25.4114
559 1872 1.5718 25.428
559 1872 1.5718 25.4447
559 1872 1.5718 25.4613
559 1872 1.5718 25.478
559 1872 1.5718 25.4947
559 1872 1.5718 25.5113
