9369 10166 0.000785962 0.0128326
9337 10166 0.000785962 0.0294991
9311 10166 0.000785962 0.0461655
9293 10166 0.000785962 0.0628319
9267 10166 0.000785962 0.0794983
9237 10166 0.000785962 0.0961647
9204 10166 0.000785962 0.112831
9171 10166 0.000785962 0.129498
9144 10166 0.000785962 0.146164
9111 10166 0.000785962 0.16283
9088 10166 0.000785962 0.179497
9074 10166 0.000785962 0.196163
9050 10166 0.000785962 0.21283
9032 10166 0.000785962 0.229496
9024 10166 0.000785962 0.246162
9009 10166 0.000785962 0.262829
8992 10166 0.000785962 0.279495
8982 10166 0.000785962 0.296162
8974 10166 0.000785962 0.312828
8967 10166 0.000785962 0.329494
8966 10166 0.000785962 0.346161
8965 10166 0.000785962 0.362827
8960 10166 0.000785962 0.379494
8958 10166 0.000785962 0.39616
8955 10166 0.000785962 0.412827
8952 10166 0.000785962 0.429493
8951 10166 0.000785962 0.446159
8950 10166 0.000785962 0.462826
8947 10166 0.000785962 0.479492
8947 10166 0.000785962 0.496159
8945 10166 0.000785962 0.512825
8945 10166 0.000785962 0.529491
8945 10166 0.000785962 0.546158
8944 10166 0.000785962 0.562824
8944 10166 0.000785962 0.579491
8941 10166 0.000785962 0.596157
8939 10166 0.000785962 0.612823
8939 10166 0.000785962 0.62949
8939 10166 0.000785962 0.646156
8939 10166 0.000785962 0.662823
8939 10166 0.000785962 0.679489
8939 10166 0.000785962 0.696156
8939 10166 0.000785962 0.712822
8939 10166 0.000785962 0.729488
8939 10166 0.000785962 0.746155
8939 10166 0.000785962 0.762821
8939 10166 0.000785962 0.779488
8939 10166 0.000785962 0.796154
8938 10166 0.000785962 0.81282
8938 10166 0.000785962 0.829487
8938 10166 0.000785962 0.846153
8938 10166 0.000785962 0.86282
8937 10166 0.000785962 0.879486
8937 10166 0.000785962 0.896152
8937 10166 0.000785962 0.912819
8937 10166 0.000785962 0.929485
8937 10166 0.000785962 0.946152
8937 10166 0.000785962 0.962818
8936 10166 0.000785962 0.979485
8936 10166 0.000785962 0.996151
8936 10166 0.000785962 1.01282
8936 10166 0.000785962 1.02948
8936 10166 0.000785962 1.04615
8936 10166 0.000785962 1.06282
8936 10166 0.000785962 1.07948
8936 10166 0.000785962 1.09615
8936 10166 0.000785962 1.11282
8936 10166 0.000785962 1.12948
8936 10166 0.000785962 1.14615
8935 10166 0.000785962 1.16282
8935 10166 0.000785962 1.17948
8935 10166 0.000785962 1.19615
8935 10166 0.000785962 1.21281
8935 10166 0.000785962 1.22948
8935 10166 0.000785962 1.24615
8935 10166 0.000785962 1.26281
8935 10166 0.000785962 1.27948
8935 10166 0.000785962 1.29615
8935 10166 0.000785962 1.31281
8935 10166 0.000785962 1.32948
8935 10166 0.000785962 1.34615
8935 10166 0.000785962 1.36281
8935 10166 0.000785962 1.37948
8935 10166 0.000785962 1.39614
8934 10166 0.000785962 1.41281
8933 10166 0.000785962 1.42948
8931 10166 0.000785962 1.44614
8931 10166 0.000785962 1.46281
8930 10166 0.000785962 1.47948
8930 10166 0.000785962 1.49614
8930 10166 0.000785962 1.51281
8930 10166 0.000785962 1.52948
8930 10166 0.000785962 1.54614
8928 10166 0.000785962 1.56281
8927 10166 0.000785962 1.57948
8926 10166 0.000785962 1.59614
8925 10166 0.000785962 1.61281
8925 10166 0.000785962 1.62947
8925 10166 0.000785962 1.64614
8925 10166 0.000785962 1.66281
8924 10166 0.000785962 1.67947
8924 10166 0.000785962 1.69614
8924 10166 0.000785962 1.71281
8924 10166 0.000785962 1.72947
8923 10166 0.000785962 1.74614
8923 10166 0.000785962 1.76281
8922 10166 0.000785962 1.77947
8922 10166 0.000785962 1.79614
8921 10166 0.000785962 1.81281
8921 10166 0.000785962 1.82947
8921 10166 0.000785962 1.84614
8921 10166 0.000785962 1.8628
8921 10166 0.000785962 1.87947
8919 10166 0.000785962 1.89614
8919 10166 0.000785962 1.9128
8918 10166 0.000785962 1.92947
8918 10166 0.000785962 1.94614
8918 10166 0.000785962 1.9628
8918 10166 0.000785962 1.97947
8918 10166 0.000785962 1.99614
8918 10166 0.000785962 2.0128
8918 10166 0.000785962 2.02947
8918 10166 0.000785962 2.04613
8918 10166 0.000785962 2.0628
8917 10166 0.000785962 2.07947
8917 10166 0.000785962 2.09613
8916 10166 0.000785962 2.1128
8915 10166 0.000785962 2.12947
8914 10166 0.000785962 2.14613
8913 10166 0.000785962 2.1628
8912 10166 0.000785962 2.17947
8912 10166 0.000785962 2.19613
8911 10166 0.000785962 2.2128
8911 10166 0.000785962 2.22947
8911 10166 0.000785962 2.24613
8911 10166 0.000785962 2.2628
8911 10166 0.000785962 2.27946
8909 10166 0.000785962 2.29613
8909 10166 0.000785962 2.3128
8907 10166 0.000785962 2.32946
8907 10166 0.000785962 2.34613
8907 10166 0.000785962 2.3628
8907 10166 0.000785962 2.37946
8905 10166 0.000785962 2.39613
8905 10166 0.000785962 2.4128
8905 10166 0.000785962 2.42946
8905 10166 0.000785962 2.44613
8905 10166 0.000785962 2.4628
8905 10166 0.000785962 2.47946
8905 10166 0.000785962 2.49613
8905 10166 0.000785962 2.51279
8904 10166 0.000785962 2.52946
8904 10166 0.000785962 2.54613
8903 10166 0.000785962 2.56279
8902 10166 0.000785962 2.57946
8902 10166 0.000785962 2.59613
8902 10166 0.000785962 2.61279
8902 10166 0.000785962 2.62946
8902 10166 0.000785962 2.64613
8901 10166 0.000785962 2.66279
8901 10166 0.000785962 2.67946
8901 10166 0.000785962 2.69613
8901 10166 0.000785962 2.71279
8901 10166 0.000785962 2.72946
8901 10166 0.000785962 2.74612
8901 10166 0.000785962 2.76279
8901 10166 0.000785962 2.77946
8901 10166 0.000785962 2.79612
8901 10166 0.000785962 2.81279
8901 10166 0.000785962 2.82946
8901 10166 0.000785962 2.84612
8901 10166 0.000785962 2.86279
8901 10166 0.000785962 2.87946
8901 10166 0.000785962 2.89612
8901 10166 0.000785962 2.91279
8900 10166 0.000785962 2.92945
8900 10166 0.000785962 2.94612
8900 10166 0.000785962 2.96279
8900 10166 0.000785962 2.97945
8900 10166 0.000785962 2.99612
8900 10166 0.000785962 3.01279
8900 10166 0.000785962 3.02945
8900 10166 0.000785962 3.04612
8900 10166 0.000785962 3.06279
8900 10166 0.000785962 3.07945
8900 10166 0.000785962 3.09612
8900 10166 0.000785962 3.11279
8900 10166 0.000785962 3.12945
8900 10166 0.000785962 3.14612
8900 10166 0.000785962 3.16278
8900 10166 0.000785962 3.17945
8900 10166 0.000785962 3.19612
8900 10166 0.000785962 3.21278
8900 10166 0.000785962 3.22945
8900 10166 0.000785962 3.24612
8900 10166 0.000785962 3.26278
8900 10166 0.000785962 3.27945
8900 10166 0.00157192 3.29612
8900 10166 0.00235788 3.31278
8900 10166 0.00314385 3.32945
8900 10166 0.00392981 3.34612
8899 10166 0.00471577 3.36278
8899 10166 0.00550173 3.37945
8899 10166 0.00628769 3.39611
8897 10166 0.00707365 3.41278
8897 10166 0.00785962 3.42945
8897 10166 0.00864558 3.44611
8897 10166 0.00943154 3.46278
8897 10166 0.0102175 3.47945
8897 10166 0.0110035 3.49611
8897 10166 0.0117894 3.51278
8897 10166 0.0125754 3.52945
8897 10166 0.0133613 3.54611
8897 10166 0.0141473 3.56278
8897 10166 0.0149333 3.57944
8897 10166 0.0157192 3.59611
8897 10166 0.0165052 3.61278
8896 10166 0.0172912 3.62944
8896 10166 0.0180771 3.64611
8896 10166 0.0188631 3.66278
8896 10166 0.019649 3.67944
8896 10166 0.020435 3.69611
8896 10166 0.021221 3.71278
8896 10166 0.0220069 3.72944
8896 10166 0.0227929 3.74611
8896 10166 0.0235789 3.76278
8896 10166 0.0243648 3.77944
8896 10166 0.0251508 3.79611
8896 10166 0.0259367 3.81277
8896 10166 0.0267227 3.82944
8896 10166 0.0275087 3.84611
8896 10166 0.0282946 3.86277
8896 10166 0.0290806 3.87944
8896 10166 0.0298665 3.89611
8895 10166 0.0306525 3.91277
8895 10166 0.0314385 3.92944
8895 10166 0.0322244 3.94611
8895 10166 0.0330104 3.96277
8895 10166 0.0337964 3.97944
8895 10166 0.0345823 3.99611
8895 10166 0.0353683 4.01277
8895 10166 0.0361542 4.02944
8895 10166 0.0369402 4.0461
8895 10166 0.0377262 4.06277
8895 10166 0.0385121 4.07944
8895 10166 0.0392981 4.0961
8895 10166 0.040084 4.11277
8895 10166 0.04087 4.12944
8895 10166 0.041656 4.1461
8895 10166 0.0424419 4.16277
8895 10166 0.0432279 4.17944
8895 10166 0.0440139 4.1961
8895 10166 0.0447998 4.21277
8895 10166 0.0455858 4.22943
8895 10166 0.0463717 4.2461
8895 10166 0.0471577 4.26277
8895 10166 0.0479437 4.27943
8894 10166 0.0487296 4.2961
8894 10166 0.0495156 4.31277
8894 10166 0.0503015 4.32943
8894 10166 0.0510875 4.3461
8894 10166 0.0518735 4.36277
8894 10166 0.0526594 4.37943
8894 10166 0.0534454 4.3961
8894 10166 0.0542314 4.41277
8894 10166 0.0550173 4.42943
8894 10166 0.0558033 4.4461
8894 10166 0.0565892 4.46276
8894 10166 0.0573752 4.47943
8894 10166 0.0581612 4.4961
8894 10166 0.0589471 4.51276
8894 10166 0.0597331 4.52943
8893 10166 0.0605191 4.5461
8893 10166 0.061305 4.56276
8893 10166 0.062091 4.57943
8893 10166 0.0628769 4.5961
8893 10166 0.0636629 4.61276
8893 10166 0.0644489 4.62943
8893 10166 0.0652348 4.6461
8890 10166 0.0660208 4.66276
8890 10166 0.0668067 4.67943
8890 10166 0.0675927 4.69609
8890 10166 0.0683787 4.71276
8890 10166 0.0691646 4.72943
8890 10166 0.0699506 4.74609
8890 10166 0.0707365 4.76276
8890 10166 0.0715225 4.77943
8890 10166 0.0723085 4.79609
8889 10166 0.0730944 4.81276
8889 10166 0.0738804 4.82943
8889 10166 0.0746664 4.84609
8888 10166 0.0754523 4.86276
8887 10166 0.0762383 4.87943
8887 10166 0.0770242 4.89609
8887 10166 0.0778102 4.91276
8886 10166 0.0785962 4.92942
8885 10166 0.0793821 4.94609
8885 10166 0.0801681 4.96276
8885 10166 0.0809541 4.97942
8885 10166 0.08174 4.99609
8885 10166 0.082526 5.01276
8885 10166 0.0833119 5.02942
8885 10166 0.0840979 5.04609
8885 10166 0.0848839 5.06276
8885 10166 0.0856698 5.07942
8885 10166 0.0864558 5.09609
8884 10166 0.0872417 5.11275
8884 10166 0.0880277 5.12942
8884 10166 0.0888137 5.14609
8884 10166 0.0895996 5.16275
8884 10166 0.0903856 5.17942
8884 10166 0.0911716 5.19609
8884 10166 0.0919575 5.21275
8884 10166 0.0927435 5.22942
8884 10166 0.0935294 5.24609
8884 10166 0.0943154 5.26275
8882 10166 0.0951014 5.27942
8882 10166 0.0958873 5.29609
8882 10166 0.0966733 5.31275
8882 10166 0.0974592 5.32942
8881 10166 0.0982452 5.34608
8881 10166 0.0990312 5.36275
8881 10166 0.0998171 5.37942
8880 10166 0.100603 5.39608
8880 10166 0.101389 5.41275
8880 10166 0.102175 5.42942
8880 10166 0.102961 5.44608
8878 10166 0.103747 5.46275
8878 10166 0.104533 5.47942
8877 10166 0.105319 5.49608
8877 10166 0.106105 5.51275
8877 10166 0.106891 5.52942
8877 10166 0.107677 5.54608
8874 10166 0.108463 5.56275
8874 10166 0.109249 5.57941
8874 10166 0.110035 5.59608
8874 10166 0.110821 5.61275
8872 10166 0.111607 5.62941
8872 10166 0.112393 5.64608
8872 10166 0.113178 5.66275
8871 10166 0.113964 5.67941
8870 10166 0.11475 5.69608
8868 10166 0.115536 5.71275
8868 10166 0.116322 5.72941
8868 10166 0.117108 5.74608
8868 10166 0.117894 5.76274
8868 10166 0.11868 5.77941
8866 10166 0.119466 5.79608
8865 10166 0.120252 5.81274
8865 10166 0.121038 5.82941
8865 10166 0.121824 5.84608
8865 10166 0.12261 5.86274
8864 10166 0.123396 5.87941
8863 10166 0.124182 5.89608
8863 10166 0.124968 5.91274
8863 10166 0.125754 5.92941
8863 10166 0.12654 5.94608
8862 10166 0.127326 5.96274
8861 10166 0.128112 5.97941
8859 10166 0.128898 5.99607
8858 10166 0.129684 6.01274
8857 10166 0.13047 6.02941
8856 10166 0.131256 6.04607
8855 10166 0.132042 6.06274
8854 10166 0.132828 6.07941
8853 10166 0.133613 6.09607
8853 10166 0.134399 6.11274
8853 10166 0.135185 6.12941
8853 10166 0.135971 6.14607
8853 10166 0.136757 6.16274
8852 10166 0.137543 6.17941
8852 10166 0.138329 6.19607
8852 10166 0.139115 6.21274
8851 10166 0.139901 6.2294
8851 10166 0.140687 6.24607
8851 10166 0.141473 6.26274
8850 10166 0.142259 6.2794
8849 10166 0.143045 6.29607
8849 10166 0.143831 6.31274
8849 10166 0.144617 6.3294
8848 10166 0.145403 6.34607
8848 10166 0.146189 6.36274
8848 10166 0.146975 6.3794
8847 10166 0.147761 6.39607
8847 10166 0.148547 6.41273
8847 10166 0.149333 6.4294
8846 10166 0.150119 6.44607
8845 10166 0.150905 6.46273
8844 10166 0.151691 6.4794
8843 10166 0.152477 6.49607
8842 10166 0.153263 6.51273
8842 10166 0.154048 6.5294
8842 10166 0.154834 6.54607
8842 10166 0.15562 6.56273
8841 10166 0.156406 6.5794
8840 10166 0.157192 6.59607
8840 10166 0.157978 6.61273
8839 10166 0.158764 6.6294
8838 10166 0.15955 6.64606
8837 10166 0.160336 6.66273
8836 10166 0.161122 6.6794
8834 10166 0.161908 6.69606
8834 10166 0.162694 6.71273
8832 10166 0.16348 6.7294
8831 10166 0.164266 6.74606
8831 10166 0.165052 6.76273
8831 10166 0.165838 6.7794
8830 10166 0.166624 6.79606
8830 10166 0.16741 6.81273
8829 10166 0.168196 6.8294
8826 10166 0.168982 6.84606
8826 10166 0.169768 6.86273
8826 10166 0.170554 6.87939
8825 10166 0.17134 6.89606
8825 10166 0.172126 6.91273
8823 10166 0.172912 6.92939
8821 10166 0.173698 6.94606
8817 10166 0.174483 6.96273
8817 10166 0.175269 6.97939
8817 10166 0.176055 6.99606
8816 10166 0.176841 7.01273
8815 10166 0.177627 7.02939
8814 10166 0.178413 7.04606
8814 10166 0.179199 7.06273
8811 10166 0.179985 7.07939
8810 10166 0.180771 7.09606
8809 10166 0.181557 7.11272
8807 10166 0.182343 7.12939
8806 10166 0.183129 7.14606
8805 10166 0.183915 7.16272
8804 10166 0.184701 7.17939
8802 10166 0.185487 7.19606
8802 10166 0.186273 7.21272
8800 10166 0.187059 7.22939
8797 10166 0.187845 7.24606
8796 10166 0.188631 7.26272
8796 10166 0.189417 7.27939
8796 10166 0.190203 7.29605
8794 10166 0.190989 7.31272
8794 10166 0.191775 7.32939
8793 10166 0.192561 7.34605
8792 10166 0.193347 7.36272
8790 10166 0.194133 7.37939
8788 10166 0.194918 7.39605
8787 10166 0.195704 7.41272
8787 10166 0.19649 7.42939
8787 10166 0.197276 7.44605
8786 10166 0.198062 7.46272
8784 10166 0.198848 7.47939
8783 10166 0.199634 7.49605
8783 10166 0.20042 7.51272
8783 10166 0.201206 7.52938
8782 10166 0.201992 7.54605
8782 10166 0.202778 7.56272
8780 10166 0.203564 7.57938
8778 10166 0.20435 7.59605
8777 10166 0.205136 7.61272
8775 10166 0.205922 7.62938
8774 10166 0.206708 7.64605
8774 10166 0.207494 7.66272
8773 10166 0.20828 7.67938
8771 10166 0.209066 7.69605
8771 10166 0.209852 7.71272
8771 10166 0.210638 7.72938
8768 10166 0.211424 7.74605
8766 10166 0.21221 7.76271
8766 10166 0.212996 7.77938
8763 10166 0.213782 7.79605
8762 10166 0.214568 7.81271
8761 10166 0.215354 7.82938
8761 10166 0.216139 7.84605
8760 10166 0.216925 7.86271
8759 10166 0.217711 7.87938
8759 10166 0.218497 7.89605
8756 10166 0.219283 7.91271
8755 10166 0.220069 7.92938
8752 10166 0.220855 7.94604
8751 10166 0.221641 7.96271
8750 10166 0.222427 7.97938
8748 10166 0.223213 7.99604
8747 10166 0.223999 8.01271
8745 10166 0.224785 8.02938
8743 10166 0.225571 8.04604
8743 10166 0.226357 8.06271
8741 10166 0.227143 8.07938
8740 10166 0.227929 8.09604
8737 10166 0.228715 8.11271
8735 10166 0.229501 8.12938
8734 10166 0.230287 8.14604
8733 10166 0.231073 8.16271
8732 10166 0.231859 8.17937
8732 10166 0.232645 8.19604
8729 10166 0.233431 8.21271
8729 10166 0.234217 8.22937
8727 10166 0.235003 8.24604
8723 10166 0.235789 8.26271
8723 10166 0.236574 8.27937
8722 10166 0.23736 8.29604
8720 10166 0.238146 8.31271
8718 10166 0.238932 8.32937
8717 10166 0.239718 8.34604
8717 10166 0.240504 8.36271
8714 10166 0.24129 8.37937
8712 10166 0.242076 8.39604
8710 10166 0.242862 8.4127
8708 10166 0.243648 8.42937
8707 10166 0.244434 8.44604
8706 10166 0.24522 8.4627
8705 10166 0.246006 8.47937
8705 10166 0.246792 8.49604
8704 10166 0.247578 8.5127
8703 10166 0.248364 8.52937
8703 10166 0.24915 8.54604
8700 10166 0.249936 8.5627
8700 10166 0.250722 8.57937
8700 10166 0.251508 8.59604
8698 10166 0.252294 8.6127
8697 10166 0.25308 8.62937
8695 10166 0.253866 8.64603
8695 10166 0.254652 8.6627
8693 10166 0.255437 8.67937
8692 10166 0.256223 8.69603
8690 10166 0.257009 8.7127
8690 10166 0.257795 8.72937
8689 10166 0.258581 8.74603
8688 10166 0.259367 8.7627
8688 10166 0.260153 8.77937
8686 10166 0.260939 8.79603
8684 10166 0.261725 8.8127
8683 10166 0.262511 8.82936
8682 10166 0.263297 8.84603
8680 10166 0.264083 8.8627
8679 10166 0.264869 8.87936
8679 10166 0.265655 8.89603
8679 10166 0.266441 8.9127
8678 10166 0.267227 8.92936
8676 10166 0.268013 8.94603
8675 10166 0.268799 8.9627
8673 10166 0.269585 8.97936
8672 10166 0.27037 8.99603
8671 10166 0.271156 9.0127
8668 10166 0.271942 9.02936
8668 10166 0.272728 9.04603
8667 10166 0.273514 9.06269
8667 10166 0.2743 9.07936
8664 10166 0.275086 9.09603
8664 10166 0.275872 9.11269
8663 10166 0.276658 9.12936
8661 10166 0.277444 9.14603
8659 10166 0.27823 9.16269
8658 10166 0.279016 9.17936
8655 10166 0.279802 9.19603
8654 10166 0.280588 9.21269
8652 10166 0.281374 9.22936
8650 10166 0.28216 9.24603
8648 10166 0.282946 9.26269
8648 10166 0.283732 9.27936
8646 10166 0.284517 9.29602
8645 10166 0.285303 9.31269
8643 10166 0.286089 9.32936
8642 10166 0.286875 9.34602
8640 10166 0.287661 9.36269
8640 10166 0.288447 9.37936
8639 10166 0.289233 9.39602
8639 10166 0.290019 9.41269
8637 10166 0.290805 9.42936
8636 10166 0.291591 9.44602
8636 10166 0.292377 9.46269
8634 10166 0.293163 9.47935
8632 10166 0.293949 9.49602
8632 10166 0.294735 9.51269
8632 10166 0.295521 9.52935
8629 10166 0.296307 9.54602
8629 10166 0.297093 9.56269
8627 10166 0.297879 9.57935
8627 10166 0.298665 9.59602
8627 10166 0.29945 9.61269
8626 10166 0.300236 9.62935
8624 10166 0.301022 9.64602
8622 10166 0.301808 9.66269
8622 10166 0.302594 9.67935
8621 10166 0.30338 9.69602
8620 10166 0.304166 9.71268
8620 10166 0.304952 9.72935
8620 10166 0.305738 9.74602
8620 10166 0.306524 9.76268
8618 10166 0.30731 9.77935
8618 10166 0.308096 9.79602
8616 10166 0.308882 9.81268
8615 10166 0.309668 9.82935
8614 10166 0.310454 9.84602
8613 10166 0.31124 9.86268
8613 10166 0.312026 9.87935
8611 10166 0.312812 9.89602
8610 10166 0.313598 9.91268
8608 10166 0.314383 9.92935
8605 10166 0.315169 9.94601
8604 10166 0.315955 9.96268
8604 10166 0.316741 9.97935
8603 10166 0.317527 9.99601
8602 10166 0.318313 10.0127
8600 10166 0.319099 10.0293
8598 10166 0.319885 10.046
8597 10166 0.320671 10.0627
8596 10166 0.321457 10.0793
8596 10166 0.322243 10.096
8593 10166 0.323029 10.1127
8593 10166 0.323815 10.1293
8591 10166 0.324601 10.146
8591 10166 0.325387 10.1627
8591 10166 0.326173 10.1793
8588 10166 0.326959 10.196
8586 10166 0.327745 10.2127
8585 10166 0.328531 10.2293
8585 10166 0.329316 10.246
8582 10166 0.330102 10.2627
8582 10166 0.330888 10.2793
8580 10166 0.331674 10.296
8579 10166 0.33246 10.3127
8577 10166 0.333246 10.3293
8576 10166 0.334032 10.346
8575 10166 0.334818 10.3627
8575 10166 0.335604 10.3793
8574 10166 0.33639 10.396
8573 10166 0.337176 10.4127
8570 10166 0.337962 10.4293
8570 10166 0.338748 10.446
8569 10166 0.339534 10.4627
8568 10166 0.34032 10.4793
8567 10166 0.341106 10.496
8566 10166 0.341892 10.5127
8563 10166 0.342678 10.5293
8563 10166 0.343464 10.546
8562 10166 0.344249 10.5627
8562 10166 0.345035 10.5793
8561 10166 0.345821 10.596
8559 10166 0.346607 10.6127
8556 10166 0.347393 10.6293
8555 10166 0.348179 10.646
8553 10166 0.348965 10.6627
8552 10166 0.349751 10.6793
8550 10166 0.350537 10.696
8549 10166 0.351323 10.7127
8546 10166 0.352109 10.7293
8545 10166 0.352895 10.746
8545 10166 0.353681 10.7627
8541 10166 0.354467 10.7793
8541 10166 0.355253 10.796
8541 10166 0.356039 10.8127
8539 10166 0.356825 10.8293
8536 10166 0.357611 10.846
8536 10166 0.358397 10.8627
8534 10166 0.359182 10.8793
8533 10166 0.359968 10.896
8530 10166 0.360754 10.9127
8530 10166 0.36154 10.9293
8527 10166 0.362326 10.946
8526 10166 0.363112 10.9627
8524 10166 0.363898 10.9793
8522 10166 0.364684 10.996
8520 10166 0.36547 11.0127
8518 10166 0.366256 11.0293
8518 10166 0.367042 11.046
8514 10166 0.367828 11.0627
8513 10166 0.368614 11.0793
8512 10166 0.3694 11.096
8510 10166 0.370186 11.1127
8509 10166 0.370972 11.1293
8506 10166 0.371758 11.146
8504 10166 0.372544 11.1627
8503 10166 0.373329 11.1793
8503 10166 0.374115 11.196
8501 10166 0.374901 11.2127
8501 10166 0.375687 11.2293
8500 10166 0.376473 11.246
8498 10166 0.377259 11.2627
8497 10166 0.378045 11.2793
8494 10166 0.378831 11.296
8492 10166 0.379617 11.3127
8489 10166 0.380403 11.3293
8488 10166 0.381189 11.346
8488 10166 0.381975 11.3627
8485 10166 0.382761 11.3793
8482 10166 0.383547 11.396
8482 10166 0.384333 11.4127
8479 10166 0.385119 11.4293
8477 10166 0.385905 11.446
8476 10166 0.386691 11.4627
8476 10166 0.387477 11.4793
8473 10166 0.388262 11.496
8473 10166 0.389048 11.5127
8471 10166 0.389834 11.5293
8469 10166 0.39062 11.546
8469 10166 0.391406 11.5627
8467 10166 0.392192 11.5793
8465 10166 0.392978 11.596
8462 10166 0.393764 11.6127
8461 10166 0.39455 11.6293
8461 10166 0.395336 11.646
8460 10166 0.396122 11.6627
8458 10166 0.396908 11.6793
8456 10166 0.397694 11.696
8456 10166 0.39848 11.7127
8456 10166 0.399266 11.7293
8456 10166 0.400052 11.746
8453 10166 0.400838 11.7627
8452 10166 0.401624 11.7793
8449 10166 0.40241 11.796
8449 10166 0.403195 11.8127
8447 10166 0.403981 11.8293
8445 10166 0.404767 11.846
8442 10166 0.405553 11.8627
8442 10166 0.406339 11.8793
8441 10166 0.407125 11.896
8439 10166 0.407911 11.9127
8438 10166 0.408697 11.9293
8436 10166 0.409483 11.946
8434 10166 0.409483 11.9627
8432 10166 0.409483 11.9793
8432 10166 0.409483 11.996
8431 10166 0.409483 12.0126
8428 10166 0.409483 12.0293
8426 10166 0.409483 12.046
8426 10166 0.409483 12.0626
8423 10166 0.409483 12.0793
8419 10166 0.409483 12.096
8419 10166 0.409483 12.1126
8418 10166 0.409483 12.1293
8417 10166 0.409483 12.146
8413 10166 0.409483 12.1626
8413 10166 0.409483 12.1793
8413 10166 0.409483 12.196
8411 10166 0.409483 12.2126
8408 10166 0.409483 12.2293
8406 10166 0.409483 12.246
8404 10166 0.409483 12.2626
8403 10166 0.409483 12.2793
8403 10166 0.409483 12.296
8401 10166 0.409483 12.3126
8399 10166 0.409483 12.3293
8397 10166 0.409483 12.346
8395 10166 0.409483 12.3626
8392 10166 0.409483 12.3793
8392 10166 0.409483 12.396
8390 10166 0.409483 12.4126
8388 10166 0.409483 12.4293
8386 10166 0.409483 12.446
8385 10166 0.409483 12.4626
8384 10166 0.409483 12.4793
8383 10166 0.409483 12.496
8380 10166 0.409483 12.5126
8378 10166 0.409483 12.5293
8376 10166 0.409483 12.546
8374 10166 0.409483 12.5626
8374 10166 0.409483 12.5793
8372 10166 0.409483 12.596
8370 10166 0.409483 12.6126
8370 10166 0.409483 12.6293
8368 10166 0.409483 12.646
8366 10166 0.409483 12.6626
8364 10166 0.409483 12.6793
8363 10166 0.409483 12.696
8361 10166 0.409483 12.7126
8360 10166 0.409483 12.7293
8358 10166 0.409483 12.746
8358 10166 0.409483 12.7626
8356 10166 0.409483 12.7793
8355 10166 0.409483 12.796
8354 10166 0.409483 12.8126
8352 10166 0.409483 12.8293
8351 10166 0.409483 12.846
8350 10166 0.409483 12.8626
8350 10166 0.409483 12.8793
8349 10166 0.409483 12.896
8347 10166 0.409483 12.9126
8345 10166 0.409483 12.9293
8344 10166 0.409483 12.946
8344 10166 0.409483 12.9626
8341 10166 0.409483 12.9793
8340 10166 0.409483 12.996
8340 10166 0.409483 13.0126
8339 10166 0.409483 13.0293
8338 10166 0.409483 13.046
8336 10166 0.409483 13.0626
8335 10166 0.409483 13.0793
8334 10166 0.409483 13.096
8334 10166 0.409483 13.1126
8332 10166 0.409483 13.1293
8332 10166 0.409483 13.146
8332 10166 0.409483 13.1626
8330 10166 0.409483 13.1793
8329 10166 0.409483 13.196
8328 10166 0.409483 13.2126
8328 10166 0.409483 13.2293
8326 10166 0.409483 13.246
8325 10166 0.409483 13.2626
8325 10166 0.409483 13.2793
8323 10166 0.409483 13.296
8322 10166 0.409483 13.3126
8321 10166 0.409483 13.3293
8321 10166 0.409483 13.346
8321 10166 0.409483 13.3626
8320 10166 0.409483 13.3793
8317 10166 0.409483 13.396
8317 10166 0.409483 13.4126
8317 10166 0.409483 13.4293
8317 10166 0.409483 13.446
8315 10166 0.409483 13.4626
8314 10166 0.409483 13.4793
8314 10166 0.409483 13.496
8314 10166 0.409483 13.5126
8314 10166 0.409483 13.5293
8314 10166 0.409483 13.546
8313 10166 0.409483 13.5626
8313 10166 0.409483 13.5793
8312 10166 0.409483 13.596
8312 10166 0.409483 13.6126
8312 10166 0.409483 13.6293
8312 10166 0.409483 13.646
8311 10166 0.409483 13.6626
8310 10166 0.409483 13.6793
8309 10166 0.409483 13.696
8309 10166 0.409483 13.7126
8309 10166 0.409483 13.7293
8308 10166 0.409483 13.746
8308 10166 0.409483 13.7626
8307 10166 0.409483 13.7793
8306 10166 0.409483 13.796
8305 10166 0.409483 13.8126
8305 10166 0.409483 13.8293
8305 10166 0.409483 13.846
8305 10166 0.409483 13.8626
8305 10166 0.409483 13.8793
8304 10166 0.409483 13.896
8304 10166 0.409483 13.9126
8303 10166 0.409483 13.9293
8302 10166 0.409483 13.946
8301 10166 0.409483 13.9626
8300 10166 0.409483 13.9793
8299 10166 0.409483 13.996
8299 10166 0.409483 14.0126
8297 10166 0.409483 14.0293
8297 10166 0.409483 14.046
8296 10166 0.409483 14.0626
8296 10166 0.409483 14.0793
8296 10166 0.409483 14.096
8296 10166 0.409483 14.1126
8296 10166 0.409483 14.1293
8294 10166 0.409483 14.146
8293 10166 0.409483 14.1626
8293 10166 0.409483 14.1793
8293 10166 0.409483 14.1959
8293 10166 0.409483 14.2126
8293 10166 0.409483 14.2293
8293 10166 0.409483 14.2459
8292 10166 0.409483 14.2626
8292 10166 0.409483 14.2793
8292 10166 0.409483 14.2959
8291 10166 0.409483 14.3126
8291 10166 0.409483 14.3293
8291 10166 0.409483 14.3459
8291 10166 0.409483 14.3626
8291 10166 0.409483 14.3793
8290 10166 0.409483 14.3959
8290 10166 0.409483 14.4126
8290 10166 0.409483 14.4293
8290 10166 0.409483 14.4459
8289 10166 0.409483 14.4626
8289 10166 0.409483 14.4793
8289 10166 0.409483 14.4959
8289 10166 0.409483 14.5126
8289 10166 0.409483 14.5293
8289 10166 0.409483 14.5459
8289 10166 0.409483 14.5626
8288 10166 0.409483 14.5793
8288 10166 0.409483 14.5959
8288 10166 0.409483 14.6126
8288 10166 0.409483 14.6293
8287 10166 0.409483 14.6459
8287 10166 0.409483 14.6626
8286 10166 0.409483 14.6793
8286 10166 0.409483 14.6959
8286 10166 0.409483 14.7126
8286 10166 0.409483 14.7293
8286 10166 0.409483 14.7459
8286 10166 0.409483 14.7626
8286 10166 0.409483 14.7793
8285 10166 0.409483 14.7959
8285 10166 0.409483 14.8126
8285 10166 0.409483 14.8293
8285 10166 0.409483 14.8459
8285 10166 0.409483 14.8626
8285 10166 0.409483 14.8793
8285 10166 0.409483 14.8959
8285 10166 0.409483 14.9126
8285 10166 0.409483 14.9293
8285 10166 0.409483 14.9459
8285 10166 0.409483 14.9626
8285 10166 0.409483 14.9793
8285 10166 0.409483 14.9959
8285 10166 0.409483 15.0126
8285 10166 0.409483 15.0293
8285 10166 0.409483 15.0459
8285 10166 0.409483 15.0626
8285 10166 0.409483 15.0793
8285 10166 0.409483 15.0959
8285 10166 0.409483 15.1126
8285 10166 0.409483 15.1293
8285 10166 0.409483 15.1459
