1550 1701 0.00242812 2.19345e-05
1546 1701 0.00242812 0.0166883
1537 1701 0.00242812 0.0333548
1530 1701 0.00242812 0.0500212
1523 1701 0.00242812 0.0666876
1517 1701 0.00242812 0.083354
1510 1701 0.00242812 0.10002
1508 1701 0.00242812 0.116687
1504 1701 0.00242812 0.133353
1495 1701 0.00242812 0.15002
1491 1701 0.00242812 0.166686
1488 1701 0.00242812 0.183352
1484 1701 0.00242812 0.200019
1483 1701 0.00242812 0.216685
1481 1701 0.00242812 0.233352
1478 1701 0.00242812 0.250018
1478 1701 0.00242812 0.266685
1478 1701 0.00242812 0.283351
1477 1701 0.00242812 0.300017
1476 1701 0.00242812 0.316684
1476 1701 0.00242812 0.33335
1476 1701 0.00242812 0.350017
1475 1701 0.00242812 0.366683
1475 1701 0.00242812 0.383349
1474 1701 0.00242812 0.400016
1474 1701 0.00242812 0.416682
1474 1701 0.00242812 0.433349
1474 1701 0.00242812 0.450015
1474 1701 0.00242812 0.466681
1473 1701 0.00242812 0.483348
1473 1701 0.00242812 0.500014
1473 1701 0.00242812 0.516681
1473 1701 0.00242812 0.533347
1473 1701 0.00242812 0.550014
1473 1701 0.00242812 0.56668
1473 1701 0.00242812 0.583346
1472 1701 0.00242812 0.600013
1472 1701 0.00242812 0.616679
1472 1701 0.00242812 0.633346
1472 1701 0.00242812 0.650012
1472 1701 0.00242812 0.666678
1472 1701 0.00242812 0.683345
1471 1701 0.00242812 0.700011
1471 1701 0.00242812 0.716678
1471 1701 0.00242812 0.733344
1471 1701 0.00242812 0.75001
1471 1701 0.00242812 0.766677
1471 1701 0.00242812 0.783343
1471 1701 0.00242812 0.80001
1471 1701 0.00242812 0.816676
1471 1701 0.00242812 0.833343
1471 1701 0.00242812 0.850009
1471 1701 0.00242812 0.866675
1471 1701 0.00242812 0.883342
1470 1701 0.00242812 0.900008
1470 1701 0.00242812 0.916675
1470 1701 0.00242812 0.933341
1470 1701 0.00242812 0.950007
1470 1701 0.00242812 0.966674
1470 1701 0.00242812 0.98334
1470 1701 0.00242812 1.00001
1470 1701 0.00242812 1.01667
1469 1701 0.00242812 1.03334
1469 1701 0.00242812 1.05001
1469 1701 0.00242812 1.06667
1469 1701 0.00242812 1.08334
1468 1701 0.00242812 1.10001
1468 1701 0.00242812 1.11667
1468 1701 0.00242812 1.13334
1468 1701 0.00242812 1.15
1468 1701 0.00242812 1.16667
1468 1701 0.00242812 1.18334
1468 1701 0.00242812 1.2
1468 1701 0.00242812 1.21667
1468 1701 0.00242812 1.23334
1468 1701 0.00242812 1.25
1468 1701 0.00242812 1.26667
1468 1701 0.00242812 1.28334
1468 1701 0.00242812 1.3
1468 1701 0.00242812 1.31667
1468 1701 0.00242812 1.33333
1467 1701 0.00242812 1.35
1467 1701 0.00242812 1.36667
1467 1701 0.00242812 1.38333
1467 1701 0.00242812 1.4
1467 1701 0.00242812 1.41667
1467 1701 0.00242812 1.43333
1467 1701 0.00242812 1.45
1467 1701 0.00242812 1.46667
1467 1701 0.00242812 1.48333
1467 1701 0.00242812 1.5
1465 1701 0.00242812 1.51667
1465 1701 0.00242812 1.53333
1465 1701 0.00242812 1.55
1465 1701 0.00242812 1.56666
1465 1701 0.00242812 1.58333
1465 1701 0.00242812 1.6
1465 1701 0.00242812 1.61666
1465 1701 0.00242812 1.63333
1465 1701 0.00242812 1.65
1465 1701 0.00242812 1.66666
1464 1701 0.00242812 1.68333
1464 1701 0.00242812 1.7
1464 1701 0.00242812 1.71666
1464 1701 0.00242812 1.73333
1464 1701 0.00242812 1.75
1464 1701 0.00242812 1.76666
1464 1701 0.00242812 1.78333
1464 1701 0.00242812 1.79999
1464 1701 0.00242812 1.81666
1464 1701 0.00242812 1.83333
1464 1701 0.00242812 1.84999
1464 1701 0.00242812 1.86666
1464 1701 0.00242812 1.88333
1464 1701 0.00242812 1.89999
1464 1701 0.00242812 1.91666
1464 1701 0.00242812 1.93333
1464 1701 0.00242812 1.94999
1464 1701 0.00242812 1.96666
1464 1701 0.00242812 1.98333
1464 1701 0.00242812 1.99999
1464 1701 0.00242812 2.01666
1464 1701 0.00242812 2.03332
1464 1701 0.00485624 2.04999
1464 1701 0.00728437 2.06666
1464 1701 0.00971249 2.08332
1464 1701 0.0121406 2.09999
1464 1701 0.0145687 2.11666
1464 1701 0.0169969 2.13332
1464 1701 0.019425 2.14999
1464 1701 0.0218531 2.16666
1464 1701 0.0242812 2.18332
1464 1701 0.0267093 2.19999
1464 1701 0.0291375 2.21665
1464 1701 0.0315656 2.23332
1464 1701 0.0339937 2.24999
1464 1701 0.0364218 2.26665
1464 1701 0.03885 2.28332
1464 1701 0.0412781 2.29999
1464 1701 0.0437062 2.31665
1464 1701 0.0461343 2.33332
1464 1701 0.0485624 2.34999
1464 1701 0.0509906 2.36665
1464 1701 0.0534187 2.38332
1464 1701 0.0558468 2.39999
1464 1701 0.0582749 2.41665
1464 1701 0.0607031 2.43332
1464 1701 0.0631312 2.44998
1464 1701 0.0655593 2.46665
1464 1701 0.0679874 2.48332
1464 1701 0.0704155 2.49998
1464 1701 0.0728437 2.51665
1464 1701 0.0752718 2.53332
1464 1701 0.0776999 2.54998
1464 1701 0.080128 2.56665
1463 1701 0.0825562 2.58332
1463 1701 0.0849843 2.59998
1463 1701 0.0874124 2.61665
1463 1701 0.0898405 2.63332
1463 1701 0.0922686 2.64998
1463 1701 0.0946968 2.66665
1463 1701 0.0971249 2.68331
1463 1701 0.099553 2.69998
1463 1701 0.101981 2.71665
1463 1701 0.104409 2.73331
1463 1701 0.106837 2.74998
1463 1701 0.109265 2.76665
1462 1701 0.111694 2.78331
1462 1701 0.114122 2.79998
1462 1701 0.11655 2.81665
1461 1701 0.118978 2.83331
1461 1701 0.121406 2.84998
1461 1701 0.123834 2.86664
1461 1701 0.126262 2.88331
1461 1701 0.12869 2.89998
1461 1701 0.131119 2.91664
1460 1701 0.133547 2.93331
1460 1701 0.135975 2.94998
1459 1701 0.138403 2.96664
1459 1701 0.140831 2.98331
1459 1701 0.143259 2.99998
1459 1701 0.145687 3.01664
1459 1701 0.148116 3.03331
1458 1701 0.150544 3.04998
1458 1701 0.152972 3.06664
1458 1701 0.1554 3.08331
1458 1701 0.157828 3.09997
1457 1701 0.160256 3.11664
1457 1701 0.162684 3.13331
1457 1701 0.165112 3.14997
1457 1701 0.167541 3.16664
1457 1701 0.169969 3.18331
1457 1701 0.172397 3.19997
1457 1701 0.174825 3.21664
1457 1701 0.177253 3.23331
1457 1701 0.179681 3.24997
1457 1701 0.182109 3.26664
1457 1701 0.184537 3.28331
1457 1701 0.186966 3.29997
1457 1701 0.189394 3.31664
1457 1701 0.191822 3.3333
1457 1701 0.19425 3.34997
1456 1701 0.196678 3.36664
1456 1701 0.199106 3.3833
1456 1701 0.201534 3.39997
1456 1701 0.203962 3.41664
1456 1701 0.206391 3.4333
1455 1701 0.208819 3.44997
1455 1701 0.211247 3.46664
1455 1701 0.213675 3.4833
1454 1701 0.216103 3.49997
1454 1701 0.218531 3.51663
1453 1701 0.220959 3.5333
1453 1701 0.223388 3.54997
1453 1701 0.225816 3.56663
1453 1701 0.228244 3.5833
1451 1701 0.230672 3.59997
1450 1701 0.2331 3.61663
1450 1701 0.235528 3.6333
1450 1701 0.237956 3.64997
1448 1701 0.240384 3.66663
1448 1701 0.242813 3.6833
1447 1701 0.245241 3.69997
1447 1701 0.247669 3.71663
1445 1701 0.250097 3.7333
1445 1701 0.252525 3.74996
1444 1701 0.254953 3.76663
1444 1701 0.257381 3.7833
1443 1701 0.259809 3.79996
1443 1701 0.262238 3.81663
1442 1701 0.264666 3.8333
1439 1701 0.267094 3.84996
1439 1701 0.269522 3.86663
1439 1701 0.27195 3.8833
1437 1701 0.274378 3.89996
1437 1701 0.276806 3.91663
1437 1701 0.279234 3.9333
1437 1701 0.281662 3.94996
1437 1701 0.284091 3.96663
1434 1701 0.286519 3.98329
1433 1701 0.288947 3.99996
1433 1701 0.291375 4.01663
1433 1701 0.293803 4.03329
1433 1701 0.296231 4.04996
1432 1701 0.298659 4.06663
1430 1701 0.301087 4.08329
1430 1701 0.303515 4.09996
1430 1701 0.305944 4.11663
1430 1701 0.308372 4.13329
1428 1701 0.3108 4.14996
1428 1701 0.313228 4.16663
1426 1701 0.315656 4.18329
1426 1701 0.318084 4.19996
1425 1701 0.320512 4.21662
1424 1701 0.32294 4.23329
1424 1701 0.325368 4.24996
1422 1701 0.327797 4.26662
1421 1701 0.330225 4.28329
1420 1701 0.332653 4.29996
1420 1701 0.335081 4.31662
1419 1701 0.337509 4.33329
1418 1701 0.339937 4.34996
1416 1701 0.342365 4.36662
1416 1701 0.344793 4.38329
1415 1701 0.347222 4.39995
1412 1701 0.34965 4.41662
1412 1701 0.352078 4.43329
1412 1701 0.354506 4.44995
1411 1701 0.356934 4.46662
1408 1701 0.359362 4.48329
1406 1701 0.36179 4.49995
1405 1701 0.364218 4.51662
1405 1701 0.366646 4.53329
1405 1701 0.369075 4.54995
1405 1701 0.371503 4.56662
1403 1701 0.373931 4.58329
1402 1701 0.376359 4.59995
1401 1701 0.378787 4.61662
1399 1701 0.381215 4.63328
1399 1701 0.383643 4.64995
1399 1701 0.386071 4.66662
1398 1701 0.388499 4.68328
1397 1701 0.390928 4.69995
1397 1701 0.393356 4.71662
1396 1701 0.395784 4.73328
1395 1701 0.398212 4.74995
1393 1701 0.40064 4.76662
1393 1701 0.403068 4.78328
1392 1701 0.405496 4.79995
1392 1701 0.407924 4.81662
1391 1701 0.410352 4.83328
1390 1701 0.412781 4.84995
1389 1701 0.415209 4.86661
1388 1701 0.417637 4.88328
1388 1701 0.420065 4.89995
1388 1701 0.422493 4.91661
1386 1701 0.424921 4.93328
1384 1701 0.427349 4.94995
1383 1701 0.429777 4.96661
1383 1701 0.432206 4.98328
1382 1701 0.434634 4.99995
1380 1701 0.437062 5.01661
1377 1701 0.43949 5.03328
1377 1701 0.441918 5.04994
1377 1701 0.444346 5.06661
1374 1701 0.446774 5.08328
1374 1701 0.449202 5.09994
1371 1701 0.45163 5.11661
1371 1701 0.454059 5.13328
1369 1701 0.456487 5.14994
1369 1701 0.458915 5.16661
1367 1701 0.461343 5.18328
1367 1701 0.463771 5.19994
1366 1701 0.466199 5.21661
1366 1701 0.468627 5.23328
1366 1701 0.471055 5.24994
1364 1701 0.473483 5.26661
1364 1701 0.475912 5.28327
1364 1701 0.47834 5.29994
1364 1701 0.480768 5.31661
1362 1701 0.483196 5.33327
1362 1701 0.485624 5.34994
1359 1701 0.488052 5.36661
1358 1701 0.49048 5.38327
1358 1701 0.492908 5.39994
1357 1701 0.495337 5.41661
1356 1701 0.495337 5.43327
1354 1701 0.495337 5.44994
1354 1701 0.495337 5.46661
1353 1701 0.495337 5.48327
1352 1701 0.495337 5.49994
1352 1701 0.495337 5.5166
1351 1701 0.495337 5.53327
1350 1701 0.495337 5.54994
1349 1701 0.495337 5.5666
1349 1701 0.495337 5.58327
1349 1701 0.495337 5.59994
1349 1701 0.495337 5.6166
1348 1701 0.495337 5.63327
1348 1701 0.495337 5.64994
1347 1701 0.495337 5.6666
1345 1701 0.495337 5.68327
1345 1701 0.495337 5.69993
1344 1701 0.495337 5.7166
1343 1701 0.495337 5.73327
1343 1701 0.495337 5.74993
1342 1701 0.495337 5.7666
1340 1701 0.495337 5.78327
1340 1701 0.495337 5.79993
1339 1701 0.495337 5.8166
1337 1701 0.495337 5.83327
1337 1701 0.495337 5.84993
1335 1701 0.495337 5.8666
1334 1701 0.495337 5.88327
1332 1701 0.495337 5.89993
1332 1701 0.495337 5.9166
1330 1701 0.495337 5.93326
1329 1701 0.495337 5.94993
1329 1701 0.495337 5.9666
1328 1701 0.495337 5.98326
1328 1701 0.495337 5.99993
1327 1701 0.495337 6.0166
1326 1701 0.495337 6.03326
1325 1701 0.495337 6.04993
1325 1701 0.495337 6.0666
1324 1701 0.495337 6.08326
1323 1701 0.495337 6.09993
1322 1701 0.495337 6.1166
1322 1701 0.495337 6.13326
1320 1701 0.495337 6.14993
1320 1701 0.495337 6.16659
1319 1701 0.495337 6.18326
1319 1701 0.495337 6.19993
1318 1701 0.495337 6.21659
1317 1701 0.495337 6.23326
1317 1701 0.495337 6.24993
1316 1701 0.495337 6.26659
1315 1701 0.495337 6.28326
1315 1701 0.495337 6.29993
1314 1701 0.495337 6.31659
1314 1701 0.495337 6.33326
1314 1701 0.495337 6.34993
1314 1701 0.495337 6.36659
1313 1701 0.495337 6.38326
1312 1701 0.495337 6.39992
1312 1701 0.495337 6.41659
1311 1701 0.495337 6.43326
1311 1701 0.495337 6.44992
1311 1701 0.495337 6.46659
1310 1701 0.495337 6.48326
1310 1701 0.495337 6.49992
1309 1701 0.495337 6.51659
1309 1701 0.495337 6.53326
1309 1701 0.495337 6.54992
1309 1701 0.495337 6.56659
1309 1701 0.495337 6.58325
1309 1701 0.495337 6.59992
1307 1701 0.495337 6.61659
1305 1701 0.495337 6.63325
1305 1701 0.495337 6.64992
1305 1701 0.495337 6.66659
1305 1701 0.495337 6.68325
1305 1701 0.495337 6.69992
1305 1701 0.495337 6.71659
1305 1701 0.495337 6.73325
1305 1701 0.495337 6.74992
1304 1701 0.495337 6.76659
1303 1701 0.495337 6.78325
1303 1701 0.495337 6.79992
1302 1701 0.495337 6.81658
1302 1701 0.495337 6.83325
1302 1701 0.495337 6.84992
1302 1701 0.495337 6.86658
1302 1701 0.495337 6.88325
1302 1701 0.495337 6.89992
1301 1701 0.495337 6.91658
1301 1701 0.495337 6.93325
1301 1701 0.495337 6.94992
1301 1701 0.495337 6.96658
1301 1701 0.495337 6.98325
1301 1701 0.495337 6.99992
1301 1701 0.495337 7.01658
1301 1701 0.495337 7.03325
1301 1701 0.495337 7.04991
1301 1701 0.495337 7.06658
1301 1701 0.495337 7.08325
1301 1701 0.495337 7.09991
1299 1701 0.495337 7.11658
1299 1701 0.495337 7.13325
1298 1701 0.495337 7.14991
1298 1701 0.495337 7.16658
1297 1701 0.495337 7.18325
1297 1701 0.495337 7.19991
1297 1701 0.495337 7.21658
1297 1701 0.495337 7.23324
1297 1701 0.495337 7.24991
1297 1701 0.495337 7.26658
1297 1701 0.495337 7.28324
1297 1701 0.495337 7.29991
1297 1701 0.495337 7.31658
1297 1701 0.495337 7.33324
1297 1701 0.495337 7.34991
1297 1701 0.495337 7.36658
1297 1701 0.495337 7.38324
1297 1701 0.495337 7.39991
1297 1701 0.495337 7.41658
1297 1701 0.495337 7.43324
1297 1701 0.495337 7.44991
1297 1701 0.495337 7.46657
1296 1701 0.495337 7.48324
1296 1701 0.495337 7.49991
1296 1701 0.495337 7.51657
1296 1701 0.495337 7.53324
1296 1701 0.495337 7.54991
1296 1701 0.495337 7.56657
1295 1701 0.495337 7.58324
1295 1701 0.495337 7.59991
1295 1701 0.495337 7.61657
1295 1701 0.495337 7.63324
1295 1701 0.495337 7.64991
1295 1701 0.495337 7.66657
1295 1701 0.495337 7.68324
1295 1701 0.495337 7.6999
1295 1701 0.495337 7.71657
1295 1701 0.495337 7.73324
1295 1701 0.495337 7.7499
1295 1701 0.495337 7.76657
1295 1701 0.495337 7.78324
1295 1701 0.495337 7.7999
1295 1701 0.495337 7.81657
1295 1701 0.495337 7.83324
1295 1701 0.495337 7.8499
1295 1701 0.495337 7.86657
1295 1701 0.495337 7.88323
1295 1701 0.495337 7.8999
1295 1701 0.495337 7.91657
1295 1701 0.495337 7.93323
