17265 17288 0.000922168 0.0137787
17265 17288 0.000922168 0.0304451
17265 17288 0.000922168 0.0471115
17265 17288 0.000922168 0.0637779
17265 17288 0.000922168 0.0804443
17265 17288 0.000922168 0.0971107
17265 17288 0.000922168 0.113777
17265 17288 0.000922168 0.130444
17265 17288 0.000922168 0.14711
17265 17288 0.000922168 0.163776
17265 17288 0.000922168 0.180443
17265 17288 0.000922168 0.197109
17265 17288 0.000922168 0.213776
17265 17288 0.000922168 0.230442
17265 17288 0.000922168 0.247108
17265 17288 0.000922168 0.263775
17265 17288 0.000922168 0.280441
17265 17288 0.000922168 0.297108
17265 17288 0.000922168 0.313774
17265 17288 0.000922168 0.330441
17265 17288 0.000922168 0.347107
17265 17288 0.000922168 0.363773
17265 17288 0.00184434 0.38044
17265 17288 0.0027665 0.397106
17265 17288 0.00368867 0.413773
17265 17288 0.00461084 0.430439
17265 17288 0.00553301 0.447105
17265 17288 0.00645518 0.463772
17265 17288 0.00737735 0.480438
17265 17288 0.00829951 0.497105
17265 17288 0.00922168 0.513771
17265 17288 0.0101439 0.530437
17265 17288 0.011066 0.547104
17265 17288 0.0119882 0.56377
17265 17288 0.0129104 0.580437
17265 17288 0.0138325 0.597103
17265 17288 0.0147547 0.61377
17265 17288 0.0156769 0.630436
17265 17288 0.016599 0.647102
17265 17288 0.0175212 0.663769
17265 17288 0.0184434 0.680435
17265 17288 0.0193655 0.697102
17265 17288 0.0202877 0.713768
17265 17288 0.0212099 0.730434
17265 17288 0.022132 0.747101
17265 17288 0.0230542 0.763767
17265 17288 0.0239764 0.780434
17265 17288 0.0248985 0.7971
17265 17288 0.0258207 0.813766
17265 17288 0.0267429 0.830433
17265 17288 0.027665 0.847099
17265 17288 0.0285872 0.863766
17265 17288 0.0295094 0.880432
17265 17288 0.0304315 0.897099
17265 17288 0.0313537 0.913765
17265 17288 0.0322759 0.930431
17265 17288 0.0331981 0.947098
17265 17288 0.0341202 0.963764
17265 17288 0.0350424 0.980431
17265 17288 0.0359646 0.997097
17265 17288 0.0368867 1.01376
17265 17288 0.0378089 1.03043
17265 17288 0.0387311 1.0471
17265 17288 0.0396532 1.06376
17265 17288 0.0405754 1.08043
17265 17288 0.0414976 1.0971
17265 17288 0.0424198 1.11376
17265 17288 0.0433419 1.13043
17265 17288 0.0442641 1.14709
17265 17288 0.0451863 1.16376
17265 17288 0.0461084 1.18043
17265 17288 0.0470306 1.19709
17265 17288 0.0479528 1.21376
17265 17288 0.0488749 1.23043
17265 17288 0.0497971 1.24709
17265 17288 0.0507193 1.26376
17265 17288 0.0516414 1.28043
17265 17288 0.0525636 1.29709
17265 17288 0.0534858 1.31376
17265 17288 0.054408 1.33043
17265 17288 0.0553301 1.34709
17265 17288 0.0562523 1.36376
17265 17288 0.0571745 1.38042
17265 17288 0.0580966 1.39709
17265 17288 0.0590188 1.41376
17265 17288 0.059941 1.43042
17265 17288 0.0608631 1.44709
17265 17288 0.0617853 1.46376
17265 17288 0.0627075 1.48042
17265 17288 0.0636296 1.49709
17265 17288 0.0645518 1.51376
17265 17288 0.065474 1.53042
17265 17288 0.0663961 1.54709
17265 17288 0.0673183 1.56376
17265 17288 0.0682405 1.58042
17265 17288 0.0691626 1.59709
17265 17288 0.0700848 1.61375
17265 17288 0.071007 1.63042
17265 17288 0.0719291 1.64709
17265 17288 0.0728513 1.66375
17265 17288 0.0737735 1.68042
17265 17288 0.0746956 1.69709
17265 17288 0.0756178 1.71375
17265 17288 0.07654 1.73042
17264 17288 0.0774621 1.74709
17264 17288 0.0783843 1.76375
17264 17288 0.0793065 1.78042
17264 17288 0.0802286 1.79708
17264 17288 0.0811508 1.81375
17264 17288 0.082073 1.83042
17264 17288 0.0829951 1.84708
17264 17288 0.0839173 1.86375
17264 17288 0.0848395 1.88042
17264 17288 0.0857616 1.89708
17264 17288 0.0866838 1.91375
17264 17288 0.087606 1.93042
17264 17288 0.0885281 1.94708
17264 17288 0.0894503 1.96375
17264 17288 0.0903725 1.98042
17264 17288 0.0912946 1.99708
17264 17288 0.0922168 2.01375
17264 17288 0.0931389 2.03041
17263 17288 0.0940611 2.04708
17263 17288 0.0949833 2.06375
17263 17288 0.0959054 2.08041
17263 17288 0.0968276 2.09708
17263 17288 0.0977498 2.11375
17263 17288 0.0986719 2.13041
17263 17288 0.0995941 2.14708
17263 17288 0.100516 2.16375
17263 17288 0.101438 2.18041
17263 17288 0.102361 2.19708
17263 17288 0.103283 2.21375
17263 17288 0.104205 2.23041
17263 17288 0.105127 2.24708
17263 17288 0.106049 2.26374
17263 17288 0.106971 2.28041
17263 17288 0.107894 2.29708
17263 17288 0.108816 2.31374
17263 17288 0.109738 2.33041
17263 17288 0.11066 2.34708
17263 17288 0.111582 2.36374
17263 17288 0.112504 2.38041
17263 17288 0.113427 2.39708
17263 17288 0.114349 2.41374
17263 17288 0.115271 2.43041
17263 17288 0.116193 2.44707
17263 17288 0.117115 2.46374
17263 17288 0.118037 2.48041
17263 17288 0.11896 2.49707
17263 17288 0.119882 2.51374
17263 17288 0.120804 2.53041
17262 17288 0.121726 2.54707
17262 17288 0.122648 2.56374
17262 17288 0.12357 2.58041
17259 17288 0.124493 2.59707
17259 17288 0.125415 2.61374
17258 17288 0.126337 2.63041
17258 17288 0.127259 2.64707
17258 17288 0.128181 2.66374
17258 17288 0.129103 2.6804
17258 17288 0.130026 2.69707
17257 17288 0.130948 2.71374
17257 17288 0.13187 2.7304
17256 17288 0.132792 2.74707
17256 17288 0.133714 2.76374
17256 17288 0.134636 2.7804
17256 17288 0.135559 2.79707
17256 17288 0.136481 2.81374
17256 17288 0.137403 2.8304
17254 17288 0.138325 2.84707
17253 17288 0.139247 2.86374
17253 17288 0.14017 2.8804
17253 17288 0.141092 2.89707
17252 17288 0.142014 2.91373
17251 17288 0.142936 2.9304
17251 17288 0.143858 2.94707
17251 17288 0.14478 2.96373
17250 17288 0.145703 2.9804
17250 17288 0.146625 2.99707
17248 17288 0.147547 3.01373
17248 17288 0.148469 3.0304
17247 17288 0.149391 3.04707
17247 17288 0.150313 3.06373
17247 17288 0.151236 3.0804
17245 17288 0.152158 3.09706
17244 17288 0.15308 3.11373
17244 17288 0.154002 3.1304
17244 17288 0.154924 3.14706
17243 17288 0.155846 3.16373
17240 17288 0.156769 3.1804
17239 17288 0.157691 3.19706
17238 17288 0.158613 3.21373
17237 17288 0.159535 3.2304
17237 17288 0.160457 3.24706
17237 17288 0.16138 3.26373
17235 17288 0.162302 3.2804
17234 17288 0.163224 3.29706
17233 17288 0.164146 3.31373
17233 17288 0.165068 3.33039
17232 17288 0.16599 3.34706
17231 17288 0.166913 3.36373
17230 17288 0.167835 3.38039
17230 17288 0.168757 3.39706
17228 17288 0.169679 3.41373
17227 17288 0.170601 3.43039
17227 17288 0.171523 3.44706
17224 17288 0.172446 3.46373
17222 17288 0.173368 3.48039
17222 17288 0.17429 3.49706
17221 17288 0.175212 3.51373
17220 17288 0.176134 3.53039
17218 17288 0.177056 3.54706
17218 17288 0.177979 3.56372
17215 17288 0.178901 3.58039
17214 17288 0.179823 3.59706
17214 17288 0.180745 3.61372
17212 17288 0.181667 3.63039
17211 17288 0.18259 3.64706
17209 17288 0.183512 3.66372
17208 17288 0.184434 3.68039
17206 17288 0.185356 3.69706
17205 17288 0.186278 3.71372
17205 17288 0.1872 3.73039
17204 17288 0.188123 3.74706
17204 17288 0.189045 3.76372
17202 17288 0.189967 3.78039
17200 17288 0.190889 3.79705
17198 17288 0.191811 3.81372
17196 17288 0.192733 3.83039
17194 17288 0.193656 3.84705
17194 17288 0.194578 3.86372
17192 17288 0.1955 3.88039
17192 17288 0.196422 3.89705
17191 17288 0.197344 3.91372
17191 17288 0.198266 3.93039
17191 17288 0.199189 3.94705
17187 17288 0.200111 3.96372
17187 17288 0.201033 3.98038
17185 17288 0.201955 3.99705
17185 17288 0.202877 4.01372
17183 17288 0.203799 4.03038
17180 17288 0.204722 4.04705
17179 17288 0.205644 4.06372
17178 17288 0.206566 4.08038
17176 17288 0.207488 4.09705
17175 17288 0.20841 4.11372
17172 17288 0.209333 4.13038
17171 17288 0.210255 4.14705
17170 17288 0.211177 4.16372
17168 17288 0.212099 4.18038
17166 17288 0.213021 4.19705
17164 17288 0.213943 4.21371
17162 17288 0.214866 4.23038
17161 17288 0.215788 4.24705
17159 17288 0.21671 4.26371
17156 17288 0.217632 4.28038
17155 17288 0.218554 4.29705
17154 17288 0.219476 4.31371
17152 17288 0.220399 4.33038
17151 17288 0.221321 4.34705
17148 17288 0.222243 4.36371
17147 17288 0.223165 4.38038
17144 17288 0.224087 4.39705
17143 17288 0.225009 4.41371
17140 17288 0.225932 4.43038
17139 17288 0.226854 4.44704
17139 17288 0.227776 4.46371
17137 17288 0.228698 4.48038
17135 17288 0.22962 4.49704
17135 17288 0.230543 4.51371
17134 17288 0.231465 4.53038
17133 17288 0.232387 4.54704
17131 17288 0.233309 4.56371
17130 17288 0.234231 4.58038
17130 17288 0.235153 4.59704
17128 17288 0.236076 4.61371
17126 17288 0.236998 4.63037
17123 17288 0.23792 4.64704
17122 17288 0.238842 4.66371
17121 17288 0.239764 4.68037
17120 17288 0.240686 4.69704
17117 17288 0.241609 4.71371
17117 17288 0.242531 4.73037
17116 17288 0.243453 4.74704
17115 17288 0.244375 4.76371
17113 17288 0.245297 4.78037
17111 17288 0.246219 4.79704
17111 17288 0.247142 4.81371
17106 17288 0.248064 4.83037
17105 17288 0.248986 4.84704
17104 17288 0.249908 4.8637
17102 17288 0.25083 4.88037
17101 17288 0.251752 4.89704
17099 17288 0.252675 4.9137
17096 17288 0.253597 4.93037
17096 17288 0.254519 4.94704
17093 17288 0.255441 4.9637
17092 17288 0.256363 4.98037
17091 17288 0.257286 4.99704
17088 17288 0.258208 5.0137
17085 17288 0.25913 5.03037
17085 17288 0.260052 5.04704
17083 17288 0.260974 5.0637
17080 17288 0.261896 5.08037
17077 17288 0.262819 5.09703
17074 17288 0.263741 5.1137
17074 17288 0.264663 5.13037
17073 17288 0.265585 5.14703
17071 17288 0.266507 5.1637
17069 17288 0.267429 5.18037
17066 17288 0.268352 5.19703
17064 17288 0.269274 5.2137
17064 17288 0.270196 5.23037
17062 17288 0.271118 5.24703
17059 17288 0.27204 5.2637
17056 17288 0.272962 5.28036
17056 17288 0.273885 5.29703
17055 17288 0.274807 5.3137
17053 17288 0.275729 5.33036
17051 17288 0.276651 5.34703
17050 17288 0.277573 5.3637
17050 17288 0.278496 5.38036
17047 17288 0.279418 5.39703
17045 17288 0.28034 5.4137
17043 17288 0.281262 5.43036
17042 17288 0.282184 5.44703
17041 17288 0.283106 5.4637
17040 17288 0.284029 5.48036
17040 17288 0.284951 5.49703
17037 17288 0.285873 5.51369
17036 17288 0.286795 5.53036
17036 17288 0.287717 5.54703
17035 17288 0.288639 5.56369
17034 17288 0.289562 5.58036
17032 17288 0.290484 5.59703
17031 17288 0.291406 5.61369
17030 17288 0.292328 5.63036
17027 17288 0.29325 5.64703
17026 17288 0.294172 5.66369
17024 17288 0.295095 5.68036
17023 17288 0.296017 5.69703
17021 17288 0.296939 5.71369
17018 17288 0.297861 5.73036
17018 17288 0.298783 5.74702
17017 17288 0.299706 5.76369
17016 17288 0.300628 5.78036
17016 17288 0.30155 5.79702
17013 17288 0.302472 5.81369
17012 17288 0.303394 5.83036
17009 17288 0.304316 5.84702
17008 17288 0.305239 5.86369
17006 17288 0.306161 5.88036
17006 17288 0.307083 5.89702
17003 17288 0.308005 5.91369
17001 17288 0.308927 5.93036
17000 17288 0.309849 5.94702
16999 17288 0.310772 5.96369
16999 17288 0.311694 5.98035
16998 17288 0.312616 5.99702
16996 17288 0.313538 6.01369
16994 17288 0.31446 6.03035
16993 17288 0.315382 6.04702
16991 17288 0.316305 6.06369
16991 17288 0.317227 6.08035
16989 17288 0.318149 6.09702
16986 17288 0.319071 6.11369
16984 17288 0.319993 6.13035
16984 17288 0.320915 6.14702
16979 17288 0.321838 6.16368
16979 17288 0.32276 6.18035
16978 17288 0.323682 6.19702
16977 17288 0.324604 6.21368
16975 17288 0.325526 6.23035
16972 17288 0.326449 6.24702
16970 17288 0.327371 6.26368
16969 17288 0.328293 6.28035
16967 17288 0.329215 6.29702
16965 17288 0.330137 6.31368
16964 17288 0.331059 6.33035
16962 17288 0.331982 6.34702
16961 17288 0.332904 6.36368
16960 17288 0.333826 6.38035
16956 17288 0.334748 6.39701
16956 17288 0.33567 6.41368
16953 17288 0.336592 6.43035
16951 17288 0.337515 6.44701
16950 17288 0.338437 6.46368
16949 17288 0.339359 6.48035
16947 17288 0.340281 6.49701
16945 17288 0.341203 6.51368
16942 17288 0.342125 6.53035
16941 17288 0.343048 6.54701
16939 17288 0.34397 6.56368
16936 17288 0.344892 6.58035
16935 17288 0.345814 6.59701
16931 17288 0.346736 6.61368
16930 17288 0.347659 6.63034
16928 17288 0.348581 6.64701
16926 17288 0.349503 6.66368
16925 17288 0.350425 6.68034
16924 17288 0.351347 6.69701
16921 17288 0.352269 6.71368
16919 17288 0.353192 6.73034
16917 17288 0.354114 6.74701
16916 17288 0.355036 6.76368
16914 17288 0.355958 6.78034
16912 17288 0.35688 6.79701
16907 17288 0.357802 6.81367
16907 17288 0.358725 6.83034
16907 17288 0.359647 6.84701
16901 17288 0.360569 6.86367
16900 17288 0.361491 6.88034
16898 17288 0.362413 6.89701
16897 17288 0.363335 6.91367
16894 17288 0.364258 6.93034
16893 17288 0.36518 6.94701
16892 17288 0.366102 6.96367
16890 17288 0.367024 6.98034
16890 17288 0.367946 6.99701
16888 17288 0.368868 7.01367
16886 17288 0.369791 7.03034
16884 17288 0.370713 7.047
16884 17288 0.371635 7.06367
16881 17288 0.372557 7.08034
16877 17288 0.373479 7.097
16874 17288 0.374402 7.11367
16873 17288 0.375324 7.13034
16870 17288 0.376246 7.147
16869 17288 0.377168 7.16367
16867 17288 0.37809 7.18034
16864 17288 0.379012 7.197
16863 17288 0.379935 7.21367
16861 17288 0.380857 7.23034
16859 17288 0.381779 7.247
16858 17288 0.382701 7.26367
16855 17288 0.383623 7.28033
16853 17288 0.384545 7.297
16848 17288 0.385468 7.31367
16846 17288 0.38639 7.33033
16844 17288 0.387312 7.347
16841 17288 0.388234 7.36367
16841 17288 0.389156 7.38033
16840 17288 0.390078 7.397
16839 17288 0.391001 7.41367
16838 17288 0.391923 7.43033
16833 17288 0.392845 7.447
16831 17288 0.393767 7.46367
16828 17288 0.394689 7.48033
16825 17288 0.395612 7.497
16823 17288 0.396534 7.51366
16821 17288 0.397456 7.53033
16818 17288 0.398378 7.547
16816 17288 0.3993 7.56366
16813 17288 0.400222 7.58033
16810 17288 0.401145 7.597
16808 17288 0.402067 7.61366
16808 17288 0.402989 7.63033
16806 17288 0.403911 7.647
16801 17288 0.404833 7.66366
16798 17288 0.405755 7.68033
16797 17288 0.406678 7.69699
16795 17288 0.4076 7.71366
16793 17288 0.408522 7.73033
16789 17288 0.409444 7.74699
16785 17288 0.410366 7.76366
16784 17288 0.411288 7.78033
16783 17288 0.412211 7.79699
16779 17288 0.413133 7.81366
16779 17288 0.414055 7.83033
16777 17288 0.414977 7.84699
16775 17288 0.415899 7.86366
16773 17288 0.416822 7.88033
16771 17288 0.417744 7.89699
16768 17288 0.418666 7.91366
16767 17288 0.419588 7.93032
16764 17288 0.42051 7.94699
16762 17288 0.421432 7.96366
16760 17288 0.422355 7.98032
16760 17288 0.423277 7.99699
16755 17288 0.424199 8.01366
16752 17288 0.425121 8.03032
16750 17288 0.426043 8.04699
16749 17288 0.426965 8.06366
16744 17288 0.427888 8.08032
16744 17288 0.42881 8.09699
16742 17288 0.429732 8.11366
16741 17288 0.430654 8.13032
16737 17288 0.431576 8.14699
16735 17288 0.432498 8.16365
16734 17288 0.433421 8.18032
16733 17288 0.434343 8.19699
16729 17288 0.435265 8.21365
16729 17288 0.436187 8.23032
16728 17288 0.437109 8.24699
16727 17288 0.438031 8.26365
16723 17288 0.438954 8.28032
16721 17288 0.439876 8.29699
16721 17288 0.440798 8.31365
16717 17288 0.44172 8.33032
16715 17288 0.442642 8.34698
16714 17288 0.443565 8.36365
16714 17288 0.444487 8.38032
16712 17288 0.445409 8.39698
16710 17288 0.446331 8.41365
16709 17288 0.447253 8.43032
16708 17288 0.448175 8.44698
16705 17288 0.449098 8.46365
16705 17288 0.45002 8.48032
16703 17288 0.450942 8.49698
16701 17288 0.451864 8.51365
16698 17288 0.452786 8.53032
16697 17288 0.453708 8.54698
16696 17288 0.454631 8.56365
16694 17288 0.455553 8.58031
16693 17288 0.456475 8.59698
16692 17288 0.457397 8.61365
16690 17288 0.458319 8.63031
16690 17288 0.459241 8.64698
16687 17288 0.460164 8.66365
16686 17288 0.461086 8.68031
16686 17288 0.462008 8.69698
16684 17288 0.46293 8.71365
16683 17288 0.463852 8.73031
16681 17288 0.464775 8.74698
16681 17288 0.465697 8.76365
16679 17288 0.466619 8.78031
16675 17288 0.467541 8.79698
16675 17288 0.468463 8.81364
16672 17288 0.469385 8.83031
16670 17288 0.470308 8.84698
16670 17288 0.47123 8.86364
16670 17288 0.472152 8.88031
16667 17288 0.473074 8.89698
16662 17288 0.473996 8.91364
16660 17288 0.474918 8.93031
16660 17288 0.475841 8.94698
16658 17288 0.476763 8.96364
16655 17288 0.477685 8.98031
16653 17288 0.478607 8.99697
16651 17288 0.479529 9.01364
16648 17288 0.480451 9.03031
16646 17288 0.481374 9.04697
16644 17288 0.482296 9.06364
16641 17288 0.483218 9.08031
16639 17288 0.48414 9.09697
16637 17288 0.485062 9.11364
16636 17288 0.485985 9.13031
16634 17288 0.486907 9.14697
16633 17288 0.487829 9.16364
16629 17288 0.488751 9.18031
16629 17288 0.489673 9.19697
16628 17288 0.490595 9.21364
16626 17288 0.491518 9.2303
16625 17288 0.49244 9.24697
16621 17288 0.493362 9.26364
16619 17288 0.494284 9.2803
16618 17288 0.495206 9.29697
16616 17288 0.496128 9.31364
16616 17288 0.497051 9.3303
16613 17288 0.497973 9.34697
16610 17288 0.498895 9.36364
16610 17288 0.499817 9.3803
16607 17288 0.500739 9.39697
16606 17288 0.501661 9.41364
16603 17288 0.502584 9.4303
16601 17288 0.503506 9.44697
16599 17288 0.504428 9.46363
16597 17288 0.50535 9.4803
16595 17288 0.506272 9.49697
16593 17288 0.507194 9.51363
16590 17288 0.508116 9.5303
16590 17288 0.509039 9.54697
16587 17288 0.509961 9.56363
16584 17288 0.510883 9.5803
16581 17288 0.511805 9.59697
16580 17288 0.512727 9.61363
16577 17288 0.513649 9.6303
16574 17288 0.514571 9.64697
16573 17288 0.515494 9.66363
16571 17288 0.516416 9.6803
16568 17288 0.517338 9.69696
16567 17288 0.51826 9.71363
16565 17288 0.519182 9.7303
16562 17288 0.520104 9.74696
16558 17288 0.521026 9.76363
16556 17288 0.521949 9.7803
16554 17288 0.522871 9.79696
16553 17288 0.523793 9.81363
16552 17288 0.524715 9.8303
16548 17288 0.525637 9.84696
16543 17288 0.526559 9.86363
16543 17288 0.527481 9.88029
16541 17288 0.528404 9.89696
16539 17288 0.529326 9.91363
16538 17288 0.530248 9.93029
16536 17288 0.53117 9.94696
16534 17288 0.532092 9.96363
16531 17288 0.533014 9.98029
16526 17288 0.533936 9.99696
16525 17288 0.534859 10.0136
16524 17288 0.535781 10.0303
16522 17288 0.536703 10.047
16521 17288 0.537625 10.0636
16519 17288 0.538547 10.0803
16515 17288 0.539469 10.097
16513 17288 0.540391 10.1136
16512 17288 0.541314 10.1303
16508 17288 0.542236 10.147
16505 17288 0.543158 10.1636
16504 17288 0.54408 10.1803
16502 17288 0.545002 10.197
16497 17288 0.545924 10.2136
16494 17288 0.546846 10.2303
16492 17288 0.547769 10.247
16490 17288 0.548691 10.2636
16490 17288 0.549613 10.2803
16486 17288 0.550535 10.297
16483 17288 0.551457 10.3136
16481 17288 0.552379 10.3303
16480 17288 0.553301 10.347
16477 17288 0.554224 10.3636
16474 17288 0.555146 10.3803
16473 17288 0.556068 10.397
16470 17288 0.55699 10.4136
16468 17288 0.557912 10.4303
16465 17288 0.558834 10.447
16462 17288 0.559756 10.4636
16462 17288 0.560679 10.4803
16459 17288 0.561601 10.497
16457 17288 0.562523 10.5136
16453 17288 0.563445 10.5303
16452 17288 0.564367 10.547
16450 17288 0.565289 10.5636
16447 17288 0.566211 10.5803
16445 17288 0.567134 10.597
16444 17288 0.568056 10.6136
16439 17288 0.568978 10.6303
16436 17288 0.568978 10.6469
16433 17288 0.568978 10.6636
16432 17288 0.568978 10.6803
16429 17288 0.568978 10.6969
16426 17288 0.568978 10.7136
16424 17288 0.568978 10.7303
16423 17288 0.568978 10.7469
16422 17288 0.568978 10.7636
16419 17288 0.568978 10.7803
16417 17288 0.568978 10.7969
16414 17288 0.568978 10.8136
16411 17288 0.568978 10.8303
16410 17288 0.568978 10.8469
16408 17288 0.568978 10.8636
16404 17288 0.568978 10.8803
16402 17288 0.568978 10.8969
16400 17288 0.568978 10.9136
16399 17288 0.568978 10.9303
16396 17288 0.568978 10.9469
16393 17288 0.568978 10.9636
16391 17288 0.568978 10.9803
16390 17288 0.568978 10.9969
16387 17288 0.568978 11.0136
16384 17288 0.568978 11.0303
16381 17288 0.568978 11.0469
16379 17288 0.568978 11.0636
16376 17288 0.568978 11.0803
16375 17288 0.568978 11.0969
16374 17288 0.568978 11.1136
16372 17288 0.568978 11.1303
16368 17288 0.568978 11.1469
16365 17288 0.568978 11.1636
16365 17288 0.568978 11.1803
16361 17288 0.568978 11.1969
16359 17288 0.568978 11.2136
16358 17288 0.568978 11.2303
16356 17288 0.568978 11.2469
16354 17288 0.568978 11.2636
16351 17288 0.568978 11.2803
16349 17288 0.568978 11.2969
16345 17288 0.568978 11.3136
16342 17288 0.568978 11.3303
16342 17288 0.568978 11.3469
16338 17288 0.568978 11.3636
16338 17288 0.568978 11.3803
16337 17288 0.568978 11.3969
16332 17288 0.568978 11.4136
16332 17288 0.568978 11.4303
16329 17288 0.568978 11.4469
16327 17288 0.568978 11.4636
16325 17288 0.568978 11.4803
16325 17288 0.568978 11.4969
16323 17288 0.568978 11.5136
16322 17288 0.568978 11.5303
16319 17288 0.568978 11.5469
16318 17288 0.568978 11.5636
16316 17288 0.568978 11.5803
16314 17288 0.568978 11.5969
16312 17288 0.568978 11.6136
16310 17288 0.568978 11.6303
16309 17288 0.568978 11.6469
16307 17288 0.568978 11.6636
16306 17288 0.568978 11.6803
16304 17288 0.568978 11.6969
16303 17288 0.568978 11.7136
16301 17288 0.568978 11.7303
16298 17288 0.568978 11.7469
16297 17288 0.568978 11.7636
16296 17288 0.568978 11.7803
16295 17288 0.568978 11.7969
16292 17288 0.568978 11.8136
16290 17288 0.568978 11.8303
16289 17288 0.568978 11.8469
16286 17288 0.568978 11.8636
16283 17288 0.568978 11.8803
16283 17288 0.568978 11.8969
16280 17288 0.568978 11.9136
16279 17288 0.568978 11.9303
16279 17288 0.568978 11.9469
16278 17288 0.568978 11.9636
16277 17288 0.568978 11.9803
16275 17288 0.568978 11.9969
16273 17288 0.568978 12.0136
16272 17288 0.568978 12.0303
16271 17288 0.568978 12.0469
16269 17288 0.568978 12.0636
16266 17288 0.568978 12.0803
16264 17288 0.568978 12.0969
16263 17288 0.568978 12.1136
16262 17288 0.568978 12.1303
16260 17288 0.568978 12.1469
16260 17288 0.568978 12.1636
16258 17288 0.568978 12.1803
16258 17288 0.568978 12.1969
16257 17288 0.568978 12.2136
16256 17288 0.568978 12.2303
16255 17288 0.568978 12.2469
16252 17288 0.568978 12.2636
16252 17288 0.568978 12.2803
16250 17288 0.568978 12.2969
16247 17288 0.568978 12.3136
16247 17288 0.568978 12.3303
16246 17288 0.568978 12.3469
16244 17288 0.568978 12.3636
16244 17288 0.568978 12.3803
16244 17288 0.568978 12.3969
16243 17288 0.568978 12.4136
16242 17288 0.568978 12.4303
16241 17288 0.568978 12.4469
16241 17288 0.568978 12.4636
16240 17288 0.568978 12.4803
16239 17288 0.568978 12.4969
16238 17288 0.568978 12.5136
16237 17288 0.568978 12.5303
16237 17288 0.568978 12.5469
16235 17288 0.568978 12.5636
16235 17288 0.568978 12.5803
16234 17288 0.568978 12.5969
16233 17288 0.568978 12.6136
16233 17288 0.568978 12.6303
16233 17288 0.568978 12.6469
16231 17288 0.568978 12.6636
16231 17288 0.568978 12.6803
16230 17288 0.568978 12.6969
16229 17288 0.568978 12.7136
16228 17288 0.568978 12.7303
16228 17288 0.568978 12.7469
16228 17288 0.568978 12.7636
16227 17288 0.568978 12.7803
16227 17288 0.568978 12.7969
16226 17288 0.568978 12.8136
16226 17288 0.568978 12.8302
16225 17288 0.568978 12.8469
16223 17288 0.568978 12.8636
16222 17288 0.568978 12.8802
16222 17288 0.568978 12.8969
16222 17288 0.568978 12.9136
16221 17288 0.568978 12.9302
16221 17288 0.568978 12.9469
16220 17288 0.568978 12.9636
16219 17288 0.568978 12.9802
16219 17288 0.568978 12.9969
16219 17288 0.568978 13.0136
16218 17288 0.568978 13.0302
16217 17288 0.568978 13.0469
16215 17288 0.568978 13.0636
16214 17288 0.568978 13.0802
16214 17288 0.568978 13.0969
16213 17288 0.568978 13.1136
16213 17288 0.568978 13.1302
16213 17288 0.568978 13.1469
16212 17288 0.568978 13.1636
16212 17288 0.568978 13.1802
16211 17288 0.568978 13.1969
16211 17288 0.568978 13.2136
16211 17288 0.568978 13.2302
16211 17288 0.568978 13.2469
16211 17288 0.568978 13.2636
16211 17288 0.568978 13.2802
16209 17288 0.568978 13.2969
16209 17288 0.568978 13.3136
16209 17288 0.568978 13.3302
16209 17288 0.568978 13.3469
16209 17288 0.568978 13.3636
16208 17288 0.568978 13.3802
16208 17288 0.568978 13.3969
16208 17288 0.568978 13.4136
16208 17288 0.568978 13.4302
16208 17288 0.568978 13.4469
16208 17288 0.568978 13.4636
16208 17288 0.568978 13.4802
16208 17288 0.568978 13.4969
16208 17288 0.568978 13.5136
16208 17288 0.568978 13.5302
16207 17288 0.568978 13.5469
16207 17288 0.568978 13.5636
16207 17288 0.568978 13.5802
16207 17288 0.568978 13.5969
16207 17288 0.568978 13.6136
16206 17288 0.568978 13.6302
16206 17288 0.568978 13.6469
16206 17288 0.568978 13.6636
16206 17288 0.568978 13.6802
16205 17288 0.568978 13.6969
16205 17288 0.568978 13.7136
16205 17288 0.568978 13.7302
16205 17288 0.568978 13.7469
16205 17288 0.568978 13.7636
16205 17288 0.568978 13.7802
16204 17288 0.568978 13.7969
16204 17288 0.568978 13.8136
16203 17288 0.568978 13.8302
16203 17288 0.568978 13.8469
16203 17288 0.568978 13.8636
16203 17288 0.568978 13.8802
16202 17288 0.568978 13.8969
16202 17288 0.568978 13.9136
16202 17288 0.568978 13.9302
16202 17288 0.568978 13.9469
16202 17288 0.568978 13.9636
16202 17288 0.568978 13.9802
16202 17288 0.568978 13.9969
16202 17288 0.568978 14.0136
16201 17288 0.568978 14.0302
16201 17288 0.568978 14.0469
16201 17288 0.568978 14.0636
16201 17288 0.568978 14.0802
16201 17288 0.568978 14.0969
16200 17288 0.568978 14.1136
16199 17288 0.568978 14.1302
16199 17288 0.568978 14.1469
16199 17288 0.568978 14.1636
16199 17288 0.568978 14.1802
16199 17288 0.568978 14.1969
16198 17288 0.568978 14.2136
16197 17288 0.568978 14.2302
16196 17288 0.568978 14.2469
16195 17288 0.568978 14.2636
16195 17288 0.568978 14.2802
16195 17288 0.568978 14.2969
16194 17288 0.568978 14.3136
16194 17288 0.568978 14.3302
16193 17288 0.568978 14.3469
16193 17288 0.568978 14.3636
16193 17288 0.568978 14.3802
16192 17288 0.568978 14.3969
16191 17288 0.568978 14.4136
16191 17288 0.568978 14.4302
16189 17288 0.568978 14.4469
16188 17288 0.568978 14.4636
16187 17288 0.568978 14.4802
16187 17288 0.568978 14.4969
16187 17288 0.568978 14.5136
16185 17288 0.568978 14.5302
16184 17288 0.568978 14.5469
16184 17288 0.568978 14.5636
16184 17288 0.568978 14.5802
16183 17288 0.568978 14.5969
16183 17288 0.568978 14.6136
16182 17288 0.568978 14.6302
16181 17288 0.568978 14.6469
16181 17288 0.568978 14.6636
16181 17288 0.568978 14.6802
16180 17288 0.568978 14.6969
16179 17288 0.568978 14.7136
16179 17288 0.568978 14.7302
16179 17288 0.568978 14.7469
16178 17288 0.568978 14.7636
16178 17288 0.568978 14.7802
16177 17288 0.568978 14.7969
16177 17288 0.568978 14.8136
16177 17288 0.568978 14.8302
16176 17288 0.568978 14.8469
16176 17288 0.568978 14.8636
16175 17288 0.568978 14.8802
16175 17288 0.568978 14.8969
16175 17288 0.568978 14.9136
16174 17288 0.568978 14.9302
16173 17288 0.568978 14.9469
16173 17288 0.568978 14.9636
16173 17288 0.568978 14.9802
16173 17288 0.568978 14.9969
16171 17288 0.568978 15.0135
16171 17288 0.568978 15.0302
16171 17288 0.568978 15.0469
16171 17288 0.568978 15.0635
16171 17288 0.568978 15.0802
16170 17288 0.568978 15.0969
16170 17288 0.568978 15.1135
16170 17288 0.568978 15.1302
16169 17288 0.568978 15.1469
16169 17288 0.568978 15.1635
16168 17288 0.568978 15.1802
16168 17288 0.568978 15.1969
16168 17288 0.568978 15.2135
16168 17288 0.568978 15.2302
16167 17288 0.568978 15.2469
16166 17288 0.568978 15.2635
16166 17288 0.568978 15.2802
16166 17288 0.568978 15.2969
16166 17288 0.568978 15.3135
16166 17288 0.568978 15.3302
16166 17288 0.568978 15.3469
16166 17288 0.568978 15.3635
16165 17288 0.568978 15.3802
16165 17288 0.568978 15.3969
16164 17288 0.568978 15.4135
16164 17288 0.568978 15.4302
16164 17288 0.568978 15.4469
16163 17288 0.568978 15.4635
16163 17288 0.568978 15.4802
16163 17288 0.568978 15.4969
16163 17288 0.568978 15.5135
16163 17288 0.568978 15.5302
16162 17288 0.568978 15.5469
16161 17288 0.568978 15.5635
16161 17288 0.568978 15.5802
16160 17288 0.568978 15.5969
16160 17288 0.568978 15.6135
16159 17288 0.568978 15.6302
16159 17288 0.568978 15.6469
16159 17288 0.568978 15.6635
16159 17288 0.568978 15.6802
16158 17288 0.568978 15.6969
16158 17288 0.568978 15.7135
16158 17288 0.568978 15.7302
16158 17288 0.568978 15.7469
16158 17288 0.568978 15.7635
16158 17288 0.568978 15.7802
16158 17288 0.568978 15.7969
16158 17288 0.568978 15.8135
16157 17288 0.568978 15.8302
16157 17288 0.568978 15.8469
16157 17288 0.568978 15.8635
16157 17288 0.568978 15.8802
16157 17288 0.568978 15.8969
16157 17288 0.568978 15.9135
16157 17288 0.568978 15.9302
16157 17288 0.568978 15.9469
16157 17288 0.568978 15.9635
16156 17288 0.568978 15.9802
16156 17288 0.568978 15.9969
16156 17288 0.568978 16.0135
16155 17288 0.568978 16.0302
16155 17288 0.568978 16.0469
16155 17288 0.568978 16.0635
16155 17288 0.568978 16.0802
16154 17288 0.568978 16.0969
16154 17288 0.568978 16.1135
16154 17288 0.568978 16.1302
16154 17288 0.568978 16.1469
16154 17288 0.568978 16.1635
16154 17288 0.568978 16.1802
16152 17288 0.568978 16.1969
16152 17288 0.568978 16.2135
16152 17288 0.568978 16.2302
16152 17288 0.568978 16.2469
16152 17288 0.568978 16.2635
16151 17288 0.568978 16.2802
16151 17288 0.568978 16.2969
16151 17288 0.568978 16.3135
16151 17288 0.568978 16.3302
16151 17288 0.568978 16.3469
16150 17288 0.568978 16.3635
16150 17288 0.568978 16.3802
16150 17288 0.568978 16.3969
16150 17288 0.568978 16.4135
16150 17288 0.568978 16.4302
16150 17288 0.568978 16.4469
16150 17288 0.568978 16.4635
16149 17288 0.568978 16.4802
16149 17288 0.568978 16.4969
16149 17288 0.568978 16.5135
16149 17288 0.568978 16.5302
16149 17288 0.568978 16.5469
16149 17288 0.568978 16.5635
16149 17288 0.568978 16.5802
16149 17288 0.568978 16.5969
16149 17288 0.568978 16.6135
16149 17288 0.568978 16.6302
16148 17288 0.568978 16.6469
16147 17288 0.568978 16.6635
16147 17288 0.568978 16.6802
16147 17288 0.568978 16.6969
16147 17288 0.568978 16.7135
16147 17288 0.568978 16.7302
16147 17288 0.568978 16.7469
16147 17288 0.568978 16.7635
16147 17288 0.568978 16.7802
16147 17288 0.568978 16.7969
16147 17288 0.568978 16.8135
16146 17288 0.568978 16.8302
16146 17288 0.568978 16.8469
16146 17288 0.568978 16.8635
16146 17288 0.568978 16.8802
16146 17288 0.568978 16.8969
16146 17288 0.568978 16.9135
16146 17288 0.568978 16.9302
16146 17288 0.568978 16.9469
16145 17288 0.568978 16.9635
16145 17288 0.568978 16.9802
16145 17288 0.568978 16.9969
16145 17288 0.568978 17.0135
16145 17288 0.568978 17.0302
16145 17288 0.568978 17.0469
16145 17288 0.568978 17.0635
16145 17288 0.568978 17.0802
16145 17288 0.568978 17.0969
16144 17288 0.568978 17.1135
16144 17288 0.568978 17.1302
16144 17288 0.568978 17.1469
16144 17288 0.568978 17.1635
16144 17288 0.568978 17.1802
16144 17288 0.568978 17.1968
16144 17288 0.568978 17.2135
16144 17288 0.568978 17.2302
16144 17288 0.568978 17.2468
16144 17288 0.568978 17.2635
16144 17288 0.568978 17.2802
16143 17288 0.568978 17.2968
16143 17288 0.568978 17.3135
16142 17288 0.568978 17.3302
16142 17288 0.568978 17.3468
16142 17288 0.568978 17.3635
16142 17288 0.568978 17.3802
16142 17288 0.568978 17.3968
16141 17288 0.568978 17.4135
16141 17288 0.568978 17.4302
16141 17288 0.568978 17.4468
16141 17288 0.568978 17.4635
16140 17288 0.568978 17.4802
16140 17288 0.568978 17.4968
16140 17288 0.568978 17.5135
16140 17288 0.568978 17.5302
16139 17288 0.568978 17.5468
16139 17288 0.568978 17.5635
16139 17288 0.568978 17.5802
16139 17288 0.568978 17.5968
16139 17288 0.568978 17.6135
16139 17288 0.568978 17.6302
16139 17288 0.568978 17.6468
16139 17288 0.568978 17.6635
16139 17288 0.568978 17.6802
16139 17288 0.568978 17.6968
16139 17288 0.568978 17.7135
16139 17288 0.568978 17.7302
16139 17288 0.568978 17.7468
16139 17288 0.568978 17.7635
16139 17288 0.568978 17.7802
16139 17288 0.568978 17.7968
16139 17288 0.568978 17.8135
16139 17288 0.568978 17.8302
16139 17288 0.568978 17.8468
16139 17288 0.568978 17.8635
16138 17288 0.568978 17.8802
16138 17288 0.568978 17.8968
16138 17288 0.568978 17.9135
16138 17288 0.568978 17.9302
16138 17288 0.568978 17.9468
16138 17288 0.568978 17.9635
16138 17288 0.568978 17.9802
16138 17288 0.568978 17.9968
16138 17288 0.568978 18.0135
16138 17288 0.568978 18.0302
16138 17288 0.568978 18.0468
16138 17288 0.568978 18.0635
16138 17288 0.568978 18.0802
16138 17288 0.568978 18.0968
16138 17288 0.568978 18.1135
16138 17288 0.568978 18.1302
16138 17288 0.568978 18.1468
16138 17288 0.568978 18.1635
16138 17288 0.568978 18.1802
16138 17288 0.568978 18.1968
16138 17288 0.568978 18.2135
16138 17288 0.568978 18.2302
