27437 27440 0.00110344 0.00649643
27437 27440 0.00110344 0.0231628
27437 27440 0.00110344 0.0398293
27437 27440 0.00110344 0.0564957
27437 27440 0.00110344 0.0731621
27437 27440 0.00110344 0.0898285
27437 27440 0.00110344 0.106495
27437 27440 0.00110344 0.123161
27437 27440 0.00110344 0.139828
27437 27440 0.00110344 0.156494
27436 27440 0.00110344 0.173161
27436 27440 0.00110344 0.189827
27436 27440 0.00110344 0.206493
27436 27440 0.00110344 0.22316
27436 27440 0.00110344 0.239826
27436 27440 0.00110344 0.256493
27436 27440 0.00110344 0.273159
27436 27440 0.00110344 0.289825
27436 27440 0.00110344 0.306492
27436 27440 0.00110344 0.323158
27436 27440 0.00110344 0.339825
27436 27440 0.00110344 0.356491
27436 27440 0.00110344 0.373158
27436 27440 0.00110344 0.389824
27436 27440 0.00110344 0.40649
27436 27440 0.00110344 0.423157
27436 27440 0.00110344 0.439823
27436 27440 0.00110344 0.45649
27436 27440 0.00110344 0.473156
27436 27440 0.00110344 0.489822
27436 27440 0.00110344 0.506489
27436 27440 0.00110344 0.523155
27436 27440 0.00220688 0.539822
27436 27440 0.00331032 0.556488
27436 27440 0.00441376 0.573154
27436 27440 0.0055172 0.589821
27436 27440 0.00662064 0.606487
27436 27440 0.00772408 0.623154
27436 27440 0.00882752 0.63982
27436 27440 0.00993096 0.656487
27436 27440 0.0110344 0.673153
27436 27440 0.0121378 0.689819
27436 27440 0.0132413 0.706486
27436 27440 0.0143447 0.723152
27436 27440 0.0154482 0.739819
27436 27440 0.0165516 0.756485
27436 27440 0.017655 0.773151
27436 27440 0.0187585 0.789818
27436 27440 0.0198619 0.806484
27436 27440 0.0209654 0.823151
27436 27440 0.0220688 0.839817
27436 27440 0.0231722 0.856483
27436 27440 0.0242757 0.87315
27436 27440 0.0253791 0.889816
27436 27440 0.0264826 0.906483
27436 27440 0.027586 0.923149
27436 27440 0.0286894 0.939816
27436 27440 0.0297929 0.956482
27436 27440 0.0308963 0.973148
27436 27440 0.0319998 0.989815
27436 27440 0.0331032 1.00648
27436 27440 0.0342066 1.02315
27436 27440 0.0353101 1.03981
27436 27440 0.0364135 1.05648
27436 27440 0.0375169 1.07315
27435 27440 0.0386204 1.08981
27435 27440 0.0397238 1.10648
27435 27440 0.0408273 1.12315
27435 27440 0.0419307 1.13981
27435 27440 0.0430341 1.15648
27435 27440 0.0441376 1.17315
27435 27440 0.045241 1.18981
27435 27440 0.0463445 1.20648
27435 27440 0.0474479 1.22314
27435 27440 0.0485513 1.23981
27435 27440 0.0496548 1.25648
27435 27440 0.0507582 1.27314
27435 27440 0.0518616 1.28981
27435 27440 0.0529651 1.30648
27435 27440 0.0540685 1.32314
27435 27440 0.055172 1.33981
27435 27440 0.0562754 1.35648
27435 27440 0.0573788 1.37314
27435 27440 0.0584823 1.38981
27435 27440 0.0595857 1.40648
27435 27440 0.0606892 1.42314
27435 27440 0.0617926 1.43981
27435 27440 0.062896 1.45647
27435 27440 0.0639995 1.47314
27435 27440 0.0651029 1.48981
27435 27440 0.0662064 1.50647
27434 27440 0.0673098 1.52314
27434 27440 0.0684132 1.53981
27434 27440 0.0695167 1.55647
27434 27440 0.0706201 1.57314
27434 27440 0.0717235 1.58981
27434 27440 0.072827 1.60647
27433 27440 0.0739304 1.62314
27433 27440 0.0750339 1.6398
27433 27440 0.0761373 1.65647
27433 27440 0.0772407 1.67314
27432 27440 0.0783442 1.6898
27431 27440 0.0794476 1.70647
27431 27440 0.0805511 1.72314
27431 27440 0.0816545 1.7398
27431 27440 0.0827579 1.75647
27430 27440 0.0838614 1.77314
27429 27440 0.0849648 1.7898
27429 27440 0.0860682 1.80647
27428 27440 0.0871717 1.82314
27428 27440 0.0882751 1.8398
27426 27440 0.0893786 1.85647
27425 27440 0.090482 1.87313
27424 27440 0.0915854 1.8898
27423 27440 0.0926889 1.90647
27422 27440 0.0937923 1.92313
27420 27440 0.0948958 1.9398
27418 27440 0.0959992 1.95647
27415 27440 0.0971026 1.97313
27414 27440 0.0982061 1.9898
27412 27440 0.0993095 2.00647
27412 27440 0.100413 2.02313
27410 27440 0.101516 2.0398
27407 27440 0.10262 2.05647
27406 27440 0.103723 2.07313
27406 27440 0.104827 2.0898
27403 27440 0.10593 2.10646
27400 27440 0.107034 2.12313
27399 27440 0.108137 2.1398
27399 27440 0.10924 2.15646
27397 27440 0.110344 2.17313
27394 27440 0.111447 2.1898
27390 27440 0.112551 2.20646
27382 27440 0.113654 2.22313
27381 27440 0.114758 2.2398
27380 27440 0.115861 2.25646
27371 27440 0.116965 2.27313
27366 27440 0.118068 2.28979
27363 27440 0.119171 2.30646
27361 27440 0.120275 2.32313
27358 27440 0.121378 2.33979
27353 27440 0.122482 2.35646
27347 27440 0.123585 2.37313
27344 27440 0.124689 2.38979
27341 27440 0.125792 2.40646
27333 27440 0.126895 2.42313
27329 27440 0.127999 2.43979
27325 27440 0.129102 2.45646
27320 27440 0.130206 2.47313
27314 27440 0.131309 2.48979
27310 27440 0.132413 2.50646
27303 27440 0.133516 2.52312
27295 27440 0.13462 2.53979
27289 27440 0.135723 2.55646
27283 27440 0.136826 2.57312
27273 27440 0.13793 2.58979
27268 27440 0.139033 2.60646
27266 27440 0.140137 2.62312
27258 27440 0.14124 2.63979
27247 27440 0.142344 2.65646
27243 27440 0.143447 2.67312
27236 27440 0.144551 2.68979
27230 27440 0.145654 2.70646
27224 27440 0.146757 2.72312
27212 27440 0.147861 2.73979
27205 27440 0.148964 2.75645
27201 27440 0.150068 2.77312
27197 27440 0.151171 2.78979
27192 27440 0.152275 2.80645
27186 27440 0.153378 2.82312
27173 27440 0.154482 2.83979
27169 27440 0.155585 2.85645
27162 27440 0.156689 2.87312
27154 27440 0.157792 2.88979
27146 27440 0.158895 2.90645
27140 27440 0.159999 2.92312
27135 27440 0.161102 2.93979
27130 27440 0.162206 2.95645
27120 27440 0.163309 2.97312
27113 27440 0.164413 2.98978
27105 27440 0.165516 3.00645
27101 27440 0.16662 3.02312
27093 27440 0.167723 3.03978
27087 27440 0.168826 3.05645
27079 27440 0.16993 3.07312
27073 27440 0.171033 3.08978
27066 27440 0.172137 3.10645
27055 27440 0.17324 3.12312
27050 27440 0.174344 3.13978
27043 27440 0.175447 3.15645
27036 27440 0.176551 3.17311
27030 27440 0.177654 3.18978
27024 27440 0.178757 3.20645
27018 27440 0.179861 3.22311
27011 27440 0.180964 3.23978
27003 27440 0.182068 3.25645
26999 27440 0.183171 3.27311
26988 27440 0.184275 3.28978
26984 27440 0.185378 3.30645
26979 27440 0.186482 3.32311
26969 27440 0.187585 3.33978
26962 27440 0.188688 3.35645
26955 27440 0.189792 3.37311
26949 27440 0.190895 3.38978
26941 27440 0.191999 3.40644
26935 27440 0.193102 3.42311
26929 27440 0.194206 3.43978
26919 27440 0.195309 3.45644
26909 27440 0.196413 3.47311
26903 27440 0.197516 3.48978
26895 27440 0.198619 3.50644
26890 27440 0.199723 3.52311
26882 27440 0.200826 3.53978
26874 27440 0.20193 3.55644
26864 27440 0.203033 3.57311
26862 27440 0.204137 3.58978
26854 27440 0.20524 3.60644
26844 27440 0.206344 3.62311
26833 27440 0.207447 3.63977
26829 27440 0.20855 3.65644
26822 27440 0.209654 3.67311
26814 27440 0.210757 3.68977
26807 27440 0.211861 3.70644
26799 27440 0.212964 3.72311
26792 27440 0.214068 3.73977
26780 27440 0.215171 3.75644
26777 27440 0.216275 3.77311
26770 27440 0.217378 3.78977
26762 27440 0.218481 3.80644
26754 27440 0.219585 3.8231
26745 27440 0.220688 3.83977
26739 27440 0.221792 3.85644
26733 27440 0.222895 3.8731
26726 27440 0.223999 3.88977
26712 27440 0.225102 3.90644
26707 27440 0.226206 3.9231
26698 27440 0.227309 3.93977
26692 27440 0.228412 3.95644
26683 27440 0.229516 3.9731
26672 27440 0.230619 3.98977
26667 27440 0.231723 4.00644
26660 27440 0.232826 4.0231
26651 27440 0.23393 4.03977
26639 27440 0.235033 4.05643
26630 27440 0.236137 4.0731
26627 27440 0.23724 4.08977
26617 27440 0.238344 4.10643
26610 27440 0.239447 4.1231
26599 27440 0.24055 4.13977
26592 27440 0.241654 4.15643
26586 27440 0.242757 4.1731
26582 27440 0.243861 4.18977
26569 27440 0.244964 4.20643
26563 27440 0.246068 4.2231
26556 27440 0.247171 4.23977
26550 27440 0.248275 4.25643
26541 27440 0.249378 4.2731
26534 27440 0.250481 4.28976
26525 27440 0.251585 4.30643
26520 27440 0.252688 4.3231
26511 27440 0.253792 4.33976
26504 27440 0.254895 4.35643
26494 27440 0.255999 4.3731
26487 27440 0.257102 4.38976
26482 27440 0.258205 4.40643
26474 27440 0.259309 4.4231
26465 27440 0.260412 4.43976
26456 27440 0.261516 4.45643
26448 27440 0.262619 4.47309
26439 27440 0.263723 4.48976
26433 27440 0.264826 4.50643
26424 27440 0.265929 4.52309
26414 27440 0.267033 4.53976
26411 27440 0.268136 4.55643
26403 27440 0.26924 4.57309
26394 27440 0.270343 4.58976
26390 27440 0.271447 4.60643
26381 27440 0.27255 4.62309
26375 27440 0.273653 4.63976
26365 27440 0.274757 4.65643
26357 27440 0.27586 4.67309
26347 27440 0.276964 4.68976
26339 27440 0.278067 4.70642
26328 27440 0.279171 4.72309
26320 27440 0.280274 4.73976
26312 27440 0.281377 4.75642
26304 27440 0.282481 4.77309
26298 27440 0.283584 4.78976
26284 27440 0.284688 4.80642
26274 27440 0.285791 4.82309
26266 27440 0.286895 4.83976
26260 27440 0.287998 4.85642
26249 27440 0.289101 4.87309
26241 27440 0.290205 4.88976
26230 27440 0.291308 4.90642
26223 27440 0.292412 4.92309
26215 27440 0.293515 4.93975
26204 27440 0.294619 4.95642
26198 27440 0.295722 4.97309
26189 27440 0.296825 4.98975
26179 27440 0.297929 5.00642
26172 27440 0.299032 5.02309
26162 27440 0.300136 5.03975
26156 27440 0.301239 5.05642
26145 27440 0.302343 5.07309
26132 27440 0.303446 5.08975
26129 27440 0.30455 5.10642
26115 27440 0.305653 5.12309
26109 27440 0.306756 5.13975
26099 27440 0.30786 5.15642
26090 27440 0.308963 5.17308
26082 27440 0.310067 5.18975
26073 27440 0.31117 5.20642
26058 27440 0.312274 5.22308
26053 27440 0.313377 5.23975
26045 27440 0.31448 5.25642
26033 27440 0.315584 5.27308
26028 27440 0.316687 5.28975
26022 27440 0.317791 5.30642
26010 27440 0.318894 5.32308
26000 27440 0.319998 5.33975
25993 27440 0.321101 5.35641
25984 27440 0.322204 5.37308
25975 27440 0.323308 5.38975
25964 27440 0.324411 5.40641
25958 27440 0.325515 5.42308
25952 27440 0.326618 5.43975
25940 27440 0.327722 5.45641
25933 27440 0.328825 5.47308
25927 27440 0.329928 5.48975
25919 27440 0.331032 5.50641
25909 27440 0.332135 5.52308
25900 27440 0.333239 5.53975
25889 27440 0.334342 5.55641
25882 27440 0.335446 5.57308
25874 27440 0.336549 5.58974
25864 27440 0.337652 5.60641
25856 27440 0.338756 5.62308
25846 27440 0.339859 5.63974
25839 27440 0.340963 5.65641
25833 27440 0.342066 5.67308
25827 27440 0.34317 5.68974
25819 27440 0.344273 5.70641
25808 27440 0.345376 5.72308
25800 27440 0.34648 5.73974
25795 27440 0.347583 5.75641
25785 27440 0.348687 5.77308
25774 27440 0.34979 5.78974
25768 27440 0.350894 5.80641
25757 27440 0.351997 5.82307
25751 27440 0.3531 5.83974
25742 27440 0.354204 5.85641
25729 27440 0.355307 5.87307
25722 27440 0.356411 5.88974
25711 27440 0.357514 5.90641
25703 27440 0.358618 5.92307
25692 27440 0.359721 5.93974
25681 27440 0.360824 5.95641
25675 27440 0.361928 5.97307
25669 27440 0.363031 5.98974
25655 27440 0.364135 6.0064
25652 27440 0.365238 6.02307
25643 27440 0.366342 6.03974
25632 27440 0.367445 6.0564
25622 27440 0.368549 6.07307
25614 27440 0.369652 6.08974
25605 27440 0.370755 6.1064
25595 27440 0.371859 6.12307
25587 27440 0.372962 6.13974
25575 27440 0.374066 6.1564
25566 27440 0.375169 6.17307
25560 27440 0.376273 6.18974
25550 27440 0.377376 6.2064
25542 27440 0.378479 6.22307
25531 27440 0.379583 6.23973
25522 27440 0.380686 6.2564
25516 27440 0.38179 6.27307
25503 27440 0.382893 6.28973
25493 27440 0.383997 6.3064
25486 27440 0.3851 6.32307
25479 27440 0.386203 6.33973
25466 27440 0.387307 6.3564
25461 27440 0.38841 6.37307
25445 27440 0.389514 6.38973
25439 27440 0.390617 6.4064
25430 27440 0.391721 6.42307
25420 27440 0.392824 6.43973
25410 27440 0.393927 6.4564
25401 27440 0.395031 6.47306
25392 27440 0.396134 6.48973
25381 27440 0.397238 6.5064
25371 27440 0.398341 6.52306
25361 27440 0.399445 6.53973
25348 27440 0.400548 6.5564
25343 27440 0.401651 6.57306
25332 27440 0.402755 6.58973
25322 27440 0.403858 6.6064
25311 27440 0.404962 6.62306
25301 27440 0.406065 6.63973
25295 27440 0.407169 6.65639
25284 27440 0.408272 6.67306
25274 27440 0.409375 6.68973
25264 27440 0.410479 6.70639
25255 27440 0.411582 6.72306
25245 27440 0.412686 6.73973
25234 27440 0.413789 6.75639
25225 27440 0.414893 6.77306
25214 27440 0.415996 6.78973
25208 27440 0.417099 6.80639
25196 27440 0.418203 6.82306
25187 27440 0.419306 6.83973
25179 27440 0.42041 6.85639
25169 27440 0.421513 6.87306
25158 27440 0.422617 6.88972
25150 27440 0.42372 6.90639
25143 27440 0.424823 6.92306
25132 27440 0.425927 6.93972
25122 27440 0.42703 6.95639
25114 27440 0.428134 6.97306
25102 27440 0.429237 6.98972
25093 27440 0.430341 7.00639
25081 27440 0.431444 7.02306
25074 27440 0.432548 7.03972
25061 27440 0.433651 7.05639
25052 27440 0.434754 7.07306
25043 27440 0.435858 7.08972
25033 27440 0.436961 7.10639
25024 27440 0.438065 7.12305
25012 27440 0.439168 7.13972
25004 27440 0.440272 7.15639
24995 27440 0.441375 7.17305
24982 27440 0.442478 7.18972
24974 27440 0.443582 7.20639
24967 27440 0.444685 7.22305
24956 27440 0.445789 7.23972
24947 27440 0.446892 7.25639
24940 27440 0.447996 7.27305
24926 27440 0.449099 7.28972
24917 27440 0.450202 7.30639
24906 27440 0.451306 7.32305
24898 27440 0.452409 7.33972
24883 27440 0.453513 7.35638
24874 27440 0.454616 7.37305
24865 27440 0.45572 7.38972
24854 27440 0.456823 7.40638
24846 27440 0.457926 7.42305
24835 27440 0.45903 7.43972
24828 27440 0.460133 7.45638
24816 27440 0.461237 7.47305
24808 27440 0.46234 7.48972
24802 27440 0.463444 7.50638
24788 27440 0.464547 7.52305
24777 27440 0.46565 7.53971
24771 27440 0.466754 7.55638
24760 27440 0.467857 7.57305
24750 27440 0.468961 7.58971
24737 27440 0.470064 7.60638
24722 27440 0.471168 7.62305
24713 27440 0.472271 7.63971
24705 27440 0.473374 7.65638
24694 27440 0.474478 7.67305
24685 27440 0.475581 7.68971
24676 27440 0.476685 7.70638
24661 27440 0.477788 7.72305
24651 27440 0.478892 7.73971
24644 27440 0.479995 7.75638
24634 27440 0.481098 7.77304
24622 27440 0.482202 7.78971
24612 27440 0.483305 7.80638
24600 27440 0.484409 7.82304
24588 27440 0.485512 7.83971
24580 27440 0.486616 7.85638
24565 27440 0.487719 7.87304
24558 27440 0.488822 7.88971
24551 27440 0.489926 7.90638
24536 27440 0.491029 7.92304
24527 27440 0.492133 7.93971
24518 27440 0.493236 7.95638
24508 27440 0.49434 7.97304
24496 27440 0.495443 7.98971
24482 27440 0.496547 8.00637
24472 27440 0.49765 8.02304
24464 27440 0.498753 8.03971
24448 27440 0.499857 8.05637
24438 27440 0.50096 8.07304
24430 27440 0.502064 8.08971
24419 27440 0.503167 8.10637
24408 27440 0.504271 8.12304
24399 27440 0.505374 8.13971
24387 27440 0.506478 8.15637
24374 27440 0.507581 8.17304
24363 27440 0.508684 8.1897
24356 27440 0.509788 8.20637
24342 27440 0.510891 8.22304
24334 27440 0.511995 8.2397
24323 27440 0.513098 8.25637
24307 27440 0.514202 8.27304
24295 27440 0.515305 8.2897
24287 27440 0.516409 8.30637
24278 27440 0.517512 8.32304
24264 27440 0.518616 8.3397
24252 27440 0.519719 8.35637
24241 27440 0.520823 8.37304
24230 27440 0.521926 8.3897
24220 27440 0.523029 8.40637
24207 27440 0.524133 8.42303
24196 27440 0.525236 8.4397
24187 27440 0.52634 8.45637
24173 27440 0.527443 8.47303
24158 27440 0.528547 8.4897
24151 27440 0.52965 8.50637
24137 27440 0.530754 8.52303
24127 27440 0.531857 8.5397
24117 27440 0.532961 8.55637
24102 27440 0.534064 8.57303
24090 27440 0.535168 8.5897
24085 27440 0.536271 8.60637
24073 27440 0.537374 8.62303
24060 27440 0.538478 8.6397
24048 27440 0.539581 8.65636
24040 27440 0.540685 8.67303
24027 27440 0.541788 8.6897
24020 27440 0.542892 8.70636
24006 27440 0.543995 8.72303
23994 27440 0.545099 8.7397
23984 27440 0.546202 8.75636
23972 27440 0.547306 8.77303
23956 27440 0.548409 8.7897
23946 27440 0.549513 8.80636
23934 27440 0.550616 8.82303
23926 27440 0.551719 8.83969
23911 27440 0.552823 8.85636
23899 27440 0.553926 8.87303
23887 27440 0.55503 8.88969
23874 27440 0.556133 8.90636
23867 27440 0.557237 8.92303
23853 27440 0.55834 8.93969
23844 27440 0.559444 8.95636
23833 27440 0.560547 8.97303
23819 27440 0.561651 8.98969
23808 27440 0.562754 9.00636
23795 27440 0.563857 9.02303
23785 27440 0.564961 9.03969
23776 27440 0.566064 9.05636
23762 27440 0.567168 9.07302
23749 27440 0.568271 9.08969
23734 27440 0.569375 9.10636
23726 27440 0.570478 9.12302
23715 27440 0.571582 9.13969
23700 27440 0.572685 9.15636
23691 27440 0.573789 9.17302
23678 27440 0.574892 9.18969
23662 27440 0.575996 9.20636
23654 27440 0.577099 9.22302
23644 27440 0.578202 9.23969
23628 27440 0.579306 9.25636
23615 27440 0.580409 9.27302
23605 27440 0.581513 9.28969
23598 27440 0.582616 9.30635
23580 27440 0.58372 9.32302
23567 27440 0.58372 9.33969
23563 27440 0.58372 9.35635
23546 27440 0.58372 9.37302
23536 27440 0.58372 9.38969
23523 27440 0.58372 9.40635
23513 27440 0.58372 9.42302
23498 27440 0.58372 9.43969
23488 27440 0.58372 9.45635
23476 27440 0.58372 9.47302
23458 27440 0.58372 9.48969
23448 27440 0.58372 9.50635
23438 27440 0.58372 9.52302
23424 27440 0.58372 9.53968
23416 27440 0.58372 9.55635
23403 27440 0.58372 9.57302
23393 27440 0.58372 9.58968
23378 27440 0.58372 9.60635
23363 27440 0.58372 9.62302
23355 27440 0.58372 9.63968
23343 27440 0.58372 9.65635
23333 27440 0.58372 9.67302
23321 27440 0.58372 9.68968
23307 27440 0.58372 9.70635
23295 27440 0.58372 9.72301
23284 27440 0.58372 9.73968
23270 27440 0.58372 9.75635
23260 27440 0.58372 9.77301
23243 27440 0.58372 9.78968
23233 27440 0.58372 9.80635
23221 27440 0.58372 9.82301
23208 27440 0.58372 9.83968
23195 27440 0.58372 9.85635
23183 27440 0.58372 9.87301
23170 27440 0.58372 9.88968
23159 27440 0.58372 9.90635
23146 27440 0.58372 9.92301
23134 27440 0.58372 9.93968
23123 27440 0.58372 9.95634
23111 27440 0.58372 9.97301
23101 27440 0.58372 9.98968
23087 27440 0.58372 10.0063
23075 27440 0.58372 10.023
23065 27440 0.58372 10.0397
23051 27440 0.58372 10.0563
23041 27440 0.58372 10.073
23030 27440 0.58372 10.0897
23017 27440 0.58372 10.1063
23005 27440 0.58372 10.123
22993 27440 0.58372 10.1397
22979 27440 0.58372 10.1563
22968 27440 0.58372 10.173
22959 27440 0.58372 10.1897
22945 27440 0.58372 10.2063
22937 27440 0.58372 10.223
22929 27440 0.58372 10.2397
22915 27440 0.58372 10.2563
22905 27440 0.58372 10.273
22895 27440 0.58372 10.2897
22885 27440 0.58372 10.3063
22876 27440 0.58372 10.323
22865 27440 0.58372 10.3397
22858 27440 0.58372 10.3563
22850 27440 0.58372 10.373
22839 27440 0.58372 10.3897
22834 27440 0.58372 10.4063
22822 27440 0.58372 10.423
22811 27440 0.58372 10.4397
22806 27440 0.58372 10.4563
22797 27440 0.58372 10.473
22789 27440 0.58372 10.4897
22781 27440 0.58372 10.5063
22774 27440 0.58372 10.523
22766 27440 0.58372 10.5397
22760 27440 0.58372 10.5563
22748 27440 0.58372 10.573
22739 27440 0.58372 10.5897
22734 27440 0.58372 10.6063
22725 27440 0.58372 10.623
22721 27440 0.58372 10.6397
22712 27440 0.58372 10.6563
22706 27440 0.58372 10.673
22696 27440 0.58372 10.6897
22688 27440 0.58372 10.7063
22681 27440 0.58372 10.723
22674 27440 0.58372 10.7397
22671 27440 0.58372 10.7563
22661 27440 0.58372 10.773
22655 27440 0.58372 10.7897
22648 27440 0.58372 10.8063
22644 27440 0.58372 10.823
22637 27440 0.58372 10.8397
22632 27440 0.58372 10.8563
22626 27440 0.58372 10.873
22619 27440 0.58372 10.8897
22615 27440 0.58372 10.9063
22606 27440 0.58372 10.923
22601 27440 0.58372 10.9397
22595 27440 0.58372 10.9563
22589 27440 0.58372 10.973
22583 27440 0.58372 10.9897
22575 27440 0.58372 11.0063
22568 27440 0.58372 11.023
22563 27440 0.58372 11.0397
22557 27440 0.58372 11.0563
22552 27440 0.58372 11.073
22549 27440 0.58372 11.0897
22541 27440 0.58372 11.1063
22536 27440 0.58372 11.123
22528 27440 0.58372 11.1397
22524 27440 0.58372 11.1563
22521 27440 0.58372 11.173
22513 27440 0.58372 11.1897
22507 27440 0.58372 11.2063
22502 27440 0.58372 11.223
22497 27440 0.58372 11.2397
22492 27440 0.58372 11.2563
22489 27440 0.58372 11.273
22485 27440 0.58372 11.2897
22483 27440 0.58372 11.3063
22474 27440 0.58372 11.323
22467 27440 0.58372 11.3397
22467 27440 0.58372 11.3563
22464 27440 0.58372 11.373
22458 27440 0.58372 11.3897
22453 27440 0.58372 11.4063
22446 27440 0.58372 11.423
22444 27440 0.58372 11.4397
22439 27440 0.58372 11.4563
22434 27440 0.58372 11.473
22430 27440 0.58372 11.4897
22426 27440 0.58372 11.5063
22420 27440 0.58372 11.523
22419 27440 0.58372 11.5397
22414 27440 0.58372 11.5563
22411 27440 0.58372 11.573
22405 27440 0.58372 11.5897
22402 27440 0.58372 11.6063
22397 27440 0.58372 11.623
22391 27440 0.58372 11.6397
22388 27440 0.58372 11.6563
22384 27440 0.58372 11.673
22380 27440 0.58372 11.6897
22377 27440 0.58372 11.7063
22373 27440 0.58372 11.723
22372 27440 0.58372 11.7397
22369 27440 0.58372 11.7563
22364 27440 0.58372 11.773
22359 27440 0.58372 11.7896
22356 27440 0.58372 11.8063
22352 27440 0.58372 11.823
22348 27440 0.58372 11.8396
22348 27440 0.58372 11.8563
22342 27440 0.58372 11.873
22337 27440 0.58372 11.8896
22334 27440 0.58372 11.9063
22333 27440 0.58372 11.923
22331 27440 0.58372 11.9396
22326 27440 0.58372 11.9563
22323 27440 0.58372 11.973
22322 27440 0.58372 11.9896
22315 27440 0.58372 12.0063
22314 27440 0.58372 12.023
22310 27440 0.58372 12.0396
22306 27440 0.58372 12.0563
22303 27440 0.58372 12.073
22300 27440 0.58372 12.0896
22293 27440 0.58372 12.1063
22292 27440 0.58372 12.123
22290 27440 0.58372 12.1396
22288 27440 0.58372 12.1563
22285 27440 0.58372 12.173
22283 27440 0.58372 12.1896
22281 27440 0.58372 12.2063
22279 27440 0.58372 12.223
22278 27440 0.58372 12.2396
22271 27440 0.58372 12.2563
22268 27440 0.58372 12.273
22266 27440 0.58372 12.2896
22263 27440 0.58372 12.3063
22259 27440 0.58372 12.323
22258 27440 0.58372 12.3396
22255 27440 0.58372 12.3563
22254 27440 0.58372 12.373
22249 27440 0.58372 12.3896
22246 27440 0.58372 12.4063
22242 27440 0.58372 12.423
22240 27440 0.58372 12.4396
22238 27440 0.58372 12.4563
22237 27440 0.58372 12.473
22233 27440 0.58372 12.4896
22232 27440 0.58372 12.5063
22230 27440 0.58372 12.523
22229 27440 0.58372 12.5396
22223 27440 0.58372 12.5563
22222 27440 0.58372 12.573
22220 27440 0.58372 12.5896
22217 27440 0.58372 12.6063
22213 27440 0.58372 12.623
22210 27440 0.58372 12.6396
22209 27440 0.58372 12.6563
22208 27440 0.58372 12.673
22202 27440 0.58372 12.6896
22201 27440 0.58372 12.7063
22199 27440 0.58372 12.723
22197 27440 0.58372 12.7396
22195 27440 0.58372 12.7563
22194 27440 0.58372 12.773
22193 27440 0.58372 12.7896
22190 27440 0.58372 12.8063
22188 27440 0.58372 12.823
22186 27440 0.58372 12.8396
22184 27440 0.58372 12.8563
22183 27440 0.58372 12.873
22183 27440 0.58372 12.8896
22180 27440 0.58372 12.9063
22180 27440 0.58372 12.923
22178 27440 0.58372 12.9396
22177 27440 0.58372 12.9563
22173 27440 0.58372 12.973
22173 27440 0.58372 12.9896
22170 27440 0.58372 13.0063
22170 27440 0.58372 13.023
22166 27440 0.58372 13.0396
22165 27440 0.58372 13.0563
22163 27440 0.58372 13.073
22162 27440 0.58372 13.0896
22159 27440 0.58372 13.1063
22157 27440 0.58372 13.123
22155 27440 0.58372 13.1396
22152 27440 0.58372 13.1563
22152 27440 0.58372 13.173
22152 27440 0.58372 13.1896
22148 27440 0.58372 13.2063
22146 27440 0.58372 13.223
22144 27440 0.58372 13.2396
22143 27440 0.58372 13.2563
22143 27440 0.58372 13.273
22140 27440 0.58372 13.2896
22138 27440 0.58372 13.3063
22138 27440 0.58372 13.323
22136 27440 0.58372 13.3396
22136 27440 0.58372 13.3563
22133 27440 0.58372 13.373
22131 27440 0.58372 13.3896
22128 27440 0.58372 13.4063
22128 27440 0.58372 13.423
22126 27440 0.58372 13.4396
22123 27440 0.58372 13.4563
22123 27440 0.58372 13.473
22121 27440 0.58372 13.4896
22119 27440 0.58372 13.5063
22118 27440 0.58372 13.523
22117 27440 0.58372 13.5396
22117 27440 0.58372 13.5563
22114 27440 0.58372 13.573
22112 27440 0.58372 13.5896
22112 27440 0.58372 13.6063
22110 27440 0.58372 13.623
22108 27440 0.58372 13.6396
22108 27440 0.58372 13.6563
22107 27440 0.58372 13.673
22105 27440 0.58372 13.6896
22104 27440 0.58372 13.7063
22103 27440 0.58372 13.723
22101 27440 0.58372 13.7396
22099 27440 0.58372 13.7563
22098 27440 0.58372 13.773
22097 27440 0.58372 13.7896
22094 27440 0.58372 13.8063
22091 27440 0.58372 13.823
22087 27440 0.58372 13.8396
22087 27440 0.58372 13.8563
22085 27440 0.58372 13.873
22084 27440 0.58372 13.8896
22082 27440 0.58372 13.9063
22082 27440 0.58372 13.923
22079 27440 0.58372 13.9396
22077 27440 0.58372 13.9563
22076 27440 0.58372 13.9729
22073 27440 0.58372 13.9896
22071 27440 0.58372 14.0063
22070 27440 0.58372 14.0229
22069 27440 0.58372 14.0396
22069 27440 0.58372 14.0563
22069 27440 0.58372 14.0729
22067 27440 0.58372 14.0896
22065 27440 0.58372 14.1063
22063 27440 0.58372 14.1229
22061 27440 0.58372 14.1396
22061 27440 0.58372 14.1563
22059 27440 0.58372 14.1729
22058 27440 0.58372 14.1896
22058 27440 0.58372 14.2063
22054 27440 0.58372 14.2229
22053 27440 0.58372 14.2396
22053 27440 0.58372 14.2563
22051 27440 0.58372 14.2729
22046 27440 0.58372 14.2896
22045 27440 0.58372 14.3063
22043 27440 0.58372 14.3229
22043 27440 0.58372 14.3396
22042 27440 0.58372 14.3563
22042 27440 0.58372 14.3729
22042 27440 0.58372 14.3896
22038 27440 0.58372 14.4063
22038 27440 0.58372 14.4229
22037 27440 0.58372 14.4396
22035 27440 0.58372 14.4563
22035 27440 0.58372 14.4729
22032 27440 0.58372 14.4896
22029 27440 0.58372 14.5063
22029 27440 0.58372 14.5229
22028 27440 0.58372 14.5396
22028 27440 0.58372 14.5563
22027 27440 0.58372 14.5729
22026 27440 0.58372 14.5896
22024 27440 0.58372 14.6063
22022 27440 0.58372 14.6229
22021 27440 0.58372 14.6396
22020 27440 0.58372 14.6563
22019 27440 0.58372 14.6729
22017 27440 0.58372 14.6896
22016 27440 0.58372 14.7063
22014 27440 0.58372 14.7229
22014 27440 0.58372 14.7396
22013 27440 0.58372 14.7563
22010 27440 0.58372 14.7729
22009 27440 0.58372 14.7896
22009 27440 0.58372 14.8063
22008 27440 0.58372 14.8229
22007 27440 0.58372 14.8396
22006 27440 0.58372 14.8563
22006 27440 0.58372 14.8729
22006 27440 0.58372 14.8896
22005 27440 0.58372 14.9063
22003 27440 0.58372 14.9229
22001 27440 0.58372 14.9396
22000 27440 0.58372 14.9563
22000 27440 0.58372 14.9729
22000 27440 0.58372 14.9896
21997 27440 0.58372 15.0063
21995 27440 0.58372 15.0229
21994 27440 0.58372 15.0396
21993 27440 0.58372 15.0563
21992 27440 0.58372 15.0729
21992 27440 0.58372 15.0896
21992 27440 0.58372 15.1063
21992 27440 0.58372 15.1229
21991 27440 0.58372 15.1396
21990 27440 0.58372 15.1563
21989 27440 0.58372 15.1729
21988 27440 0.58372 15.1896
21987 27440 0.58372 15.2063
21986 27440 0.58372 15.2229
21986 27440 0.58372 15.2396
21985 27440 0.58372 15.2563
21985 27440 0.58372 15.2729
21985 27440 0.58372 15.2896
21982 27440 0.58372 15.3063
21980 27440 0.58372 15.3229
21980 27440 0.58372 15.3396
21979 27440 0.58372 15.3563
21978 27440 0.58372 15.3729
21978 27440 0.58372 15.3896
21977 27440 0.58372 15.4063
21973 27440 0.58372 15.4229
21972 27440 0.58372 15.4396
21972 27440 0.58372 15.4563
21970 27440 0.58372 15.4729
21970 27440 0.58372 15.4896
21969 27440 0.58372 15.5063
21967 27440 0.58372 15.5229
21966 27440 0.58372 15.5396
21965 27440 0.58372 15.5563
21965 27440 0.58372 15.5729
21965 27440 0.58372 15.5896
21965 27440 0.58372 15.6063
21963 27440 0.58372 15.6229
21961 27440 0.58372 15.6396
21961 27440 0.58372 15.6563
21961 27440 0.58372 15.6729
21961 27440 0.58372 15.6896
21960 27440 0.58372 15.7063
21960 27440 0.58372 15.7229
21960 27440 0.58372 15.7396
21960 27440 0.58372 15.7563
21959 27440 0.58372 15.7729
21957 27440 0.58372 15.7896
21955 27440 0.58372 15.8063
21954 27440 0.58372 15.8229
21953 27440 0.58372 15.8396
21953 27440 0.58372 15.8563
21951 27440 0.58372 15.8729
21951 27440 0.58372 15.8896
21949 27440 0.58372 15.9063
21948 27440 0.58372 15.9229
21947 27440 0.58372 15.9396
21947 27440 0.58372 15.9563
21947 27440 0.58372 15.9729
21947 27440 0.58372 15.9896
21944 27440 0.58372 16.0063
21944 27440 0.58372 16.0229
21944 27440 0.58372 16.0396
21943 27440 0.58372 16.0563
21943 27440 0.58372 16.0729
21942 27440 0.58372 16.0896
21939 27440 0.58372 16.1063
21938 27440 0.58372 16.1229
21938 27440 0.58372 16.1396
21937 27440 0.58372 16.1563
21935 27440 0.58372 16.1729
21934 27440 0.58372 16.1896
21934 27440 0.58372 16.2062
21934 27440 0.58372 16.2229
21932 27440 0.58372 16.2396
21932 27440 0.58372 16.2562
21932 27440 0.58372 16.2729
21930 27440 0.58372 16.2896
21930 27440 0.58372 16.3062
21928 27440 0.58372 16.3229
21928 27440 0.58372 16.3396
21928 27440 0.58372 16.3562
21927 27440 0.58372 16.3729
21926 27440 0.58372 16.3896
21925 27440 0.58372 16.4062
21925 27440 0.58372 16.4229
21923 27440 0.58372 16.4396
21923 27440 0.58372 16.4562
21923 27440 0.58372 16.4729
21923 27440 0.58372 16.4896
21922 27440 0.58372 16.5062
21920 27440 0.58372 16.5229
21918 27440 0.58372 16.5396
21917 27440 0.58372 16.5562
21917 27440 0.58372 16.5729
21916 27440 0.58372 16.5896
21916 27440 0.58372 16.6062
21916 27440 0.58372 16.6229
21913 27440 0.58372 16.6396
21912 27440 0.58372 16.6562
21911 27440 0.58372 16.6729
21909 27440 0.58372 16.6896
21908 27440 0.58372 16.7062
21907 27440 0.58372 16.7229
21907 27440 0.58372 16.7396
21907 27440 0.58372 16.7562
21906 27440 0.58372 16.7729
21906 27440 0.58372 16.7896
21906 27440 0.58372 16.8062
21904 27440 0.58372 16.8229
21903 27440 0.58372 16.8396
21902 27440 0.58372 16.8562
21901 27440 0.58372 16.8729
21901 27440 0.58372 16.8896
21899 27440 0.58372 16.9062
21899 27440 0.58372 16.9229
21898 27440 0.58372 16.9396
21898 27440 0.58372 16.9562
21898 27440 0.58372 16.9729
21896 27440 0.58372 16.9896
21896 27440 0.58372 17.0062
21896 27440 0.58372 17.0229
21896 27440 0.58372 17.0396
21895 27440 0.58372 17.0562
21892 27440 0.58372 17.0729
21891 27440 0.58372 17.0896
21889 27440 0.58372 17.1062
21888 27440 0.58372 17.1229
21886 27440 0.58372 17.1396
21886 27440 0.58372 17.1562
21886 27440 0.58372 17.1729
21884 27440 0.58372 17.1896
21884 27440 0.58372 17.2062
21883 27440 0.58372 17.2229
21881 27440 0.58372 17.2396
21881 27440 0.58372 17.2562
21881 27440 0.58372 17.2729
21881 27440 0.58372 17.2896
21880 27440 0.58372 17.3062
21877 27440 0.58372 17.3229
21877 27440 0.58372 17.3396
21876 27440 0.58372 17.3562
21875 27440 0.58372 17.3729
21874 27440 0.58372 17.3896
21873 27440 0.58372 17.4062
21873 27440 0.58372 17.4229
21872 27440 0.58372 17.4396
21870 27440 0.58372 17.4562
21870 27440 0.58372 17.4729
21870 27440 0.58372 17.4896
21867 27440 0.58372 17.5062
21867 27440 0.58372 17.5229
21867 27440 0.58372 17.5396
21867 27440 0.58372 17.5562
21867 27440 0.58372 17.5729
21866 27440 0.58372 17.5896
21865 27440 0.58372 17.6062
21864 27440 0.58372 17.6229
21863 27440 0.58372 17.6396
21863 27440 0.58372 17.6562
21863 27440 0.58372 17.6729
21862 27440 0.58372 17.6896
21861 27440 0.58372 17.7062
21861 27440 0.58372 17.7229
21861 27440 0.58372 17.7396
21861 27440 0.58372 17.7562
21860 27440 0.58372 17.7729
21859 27440 0.58372 17.7896
21857 27440 0.58372 17.8062
21856 27440 0.58372 17.8229
21855 27440 0.58372 17.8396
21854 27440 0.58372 17.8562
21853 27440 0.58372 17.8729
21853 27440 0.58372 17.8896
21853 27440 0.58372 17.9062
21852 27440 0.58372 17.9229
21852 27440 0.58372 17.9396
21851 27440 0.58372 17.9562
21849 27440 0.58372 17.9729
21848 27440 0.58372 17.9896
21847 27440 0.58372 18.0062
21846 27440 0.58372 18.0229
21846 27440 0.58372 18.0396
21844 27440 0.58372 18.0562
21844 27440 0.58372 18.0729
21842 27440 0.58372 18.0896
21842 27440 0.58372 18.1062
21841 27440 0.58372 18.1229
21841 27440 0.58372 18.1396
21840 27440 0.58372 18.1562
21840 27440 0.58372 18.1729
21839 27440 0.58372 18.1896
21838 27440 0.58372 18.2062
21838 27440 0.58372 18.2229
21838 27440 0.58372 18.2396
21837 27440 0.58372 18.2562
21835 27440 0.58372 18.2729
21835 27440 0.58372 18.2896
21834 27440 0.58372 18.3062
21833 27440 0.58372 18.3229
21833 27440 0.58372 18.3396
21833 27440 0.58372 18.3562
21832 27440 0.58372 18.3729
21831 27440 0.58372 18.3895
21830 27440 0.58372 18.4062
21830 27440 0.58372 18.4229
21829 27440 0.58372 18.4395
21828 27440 0.58372 18.4562
21828 27440 0.58372 18.4729
21828 27440 0.58372 18.4895
21827 27440 0.58372 18.5062
21826 27440 0.58372 18.5229
21826 27440 0.58372 18.5395
21826 27440 0.58372 18.5562
21825 27440 0.58372 18.5729
21825 27440 0.58372 18.5895
21824 27440 0.58372 18.6062
21824 27440 0.58372 18.6229
21824 27440 0.58372 18.6395
21824 27440 0.58372 18.6562
21824 27440 0.58372 18.6729
21824 27440 0.58372 18.6895
21823 27440 0.58372 18.7062
21823 27440 0.58372 18.7229
21823 27440 0.58372 18.7395
21821 27440 0.58372 18.7562
21821 27440 0.58372 18.7729
21821 27440 0.58372 18.7895
21821 27440 0.58372 18.8062
21820 27440 0.58372 18.8229
21820 27440 0.58372 18.8395
21819 27440 0.58372 18.8562
21819 27440 0.58372 18.8729
21819 27440 0.58372 18.8895
21819 27440 0.58372 18.9062
21818 27440 0.58372 18.9229
21818 27440 0.58372 18.9395
21818 27440 0.58372 18.9562
21818 27440 0.58372 18.9729
21817 27440 0.58372 18.9895
21816 27440 0.58372 19.0062
21815 27440 0.58372 19.0229
21815 27440 0.58372 19.0395
21815 27440 0.58372 19.0562
21815 27440 0.58372 19.0729
21815 27440 0.58372 19.0895
21815 27440 0.58372 19.1062
21814 27440 0.58372 19.1229
21813 27440 0.58372 19.1395
21813 27440 0.58372 19.1562
21812 27440 0.58372 19.1729
21812 27440 0.58372 19.1895
21811 27440 0.58372 19.2062
21811 27440 0.58372 19.2229
21811 27440 0.58372 19.2395
21811 27440 0.58372 19.2562
21810 27440 0.58372 19.2729
21809 27440 0.58372 19.2895
21809 27440 0.58372 19.3062
21809 27440 0.58372 19.3229
21809 27440 0.58372 19.3395
21809 27440 0.58372 19.3562
21808 27440 0.58372 19.3729
21806 27440 0.58372 19.3895
21806 27440 0.58372 19.4062
21804 27440 0.58372 19.4229
21804 27440 0.58372 19.4395
21804 27440 0.58372 19.4562
21804 27440 0.58372 19.4729
21802 27440 0.58372 19.4895
21802 27440 0.58372 19.5062
21802 27440 0.58372 19.5229
21801 27440 0.58372 19.5395
21801 27440 0.58372 19.5562
21801 27440 0.58372 19.5729
21800 27440 0.58372 19.5895
21800 27440 0.58372 19.6062
21800 27440 0.58372 19.6229
21800 27440 0.58372 19.6395
21800 27440 0.58372 19.6562
21800 27440 0.58372 19.6729
21799 27440 0.58372 19.6895
21799 27440 0.58372 19.7062
21799 27440 0.58372 19.7229
21798 27440 0.58372 19.7395
21798 27440 0.58372 19.7562
21797 27440 0.58372 19.7729
21797 27440 0.58372 19.7895
21797 27440 0.58372 19.8062
21797 27440 0.58372 19.8229
21796 27440 0.58372 19.8395
21796 27440 0.58372 19.8562
21795 27440 0.58372 19.8729
21795 27440 0.58372 19.8895
21794 27440 0.58372 19.9062
21792 27440 0.58372 19.9229
21790 27440 0.58372 19.9395
21790 27440 0.58372 19.9562
21790 27440 0.58372 19.9729
21790 27440 0.58372 19.9895
21790 27440 0.58372 20.0062
21790 27440 0.58372 20.0229
21790 27440 0.58372 20.0395
21788 27440 0.58372 20.0562
21788 27440 0.58372 20.0729
21787 27440 0.58372 20.0895
21787 27440 0.58372 20.1062
21786 27440 0.58372 20.1229
21785 27440 0.58372 20.1395
21785 27440 0.58372 20.1562
21784 27440 0.58372 20.1729
21783 27440 0.58372 20.1895
21783 27440 0.58372 20.2062
21783 27440 0.58372 20.2229
21782 27440 0.58372 20.2395
21781 27440 0.58372 20.2562
21780 27440 0.58372 20.2729
21780 27440 0.58372 20.2895
21779 27440 0.58372 20.3062
21779 27440 0.58372 20.3229
21778 27440 0.58372 20.3395
21777 27440 0.58372 20.3562
21777 27440 0.58372 20.3729
21777 27440 0.58372 20.3895
21777 27440 0.58372 20.4062
21776 27440 0.58372 20.4229
21776 27440 0.58372 20.4395
21776 27440 0.58372 20.4562
21776 27440 0.58372 20.4729
21775 27440 0.58372 20.4895
21774 27440 0.58372 20.5062
21774 27440 0.58372 20.5229
21773 27440 0.58372 20.5395
21772 27440 0.58372 20.5562
21772 27440 0.58372 20.5728
21772 27440 0.58372 20.5895
21772 27440 0.58372 20.6062
21771 27440 0.58372 20.6228
21771 27440 0.58372 20.6395
21771 27440 0.58372 20.6562
21771 27440 0.58372 20.6728
21771 27440 0.58372 20.6895
21771 27440 0.58372 20.7062
21771 27440 0.58372 20.7228
21770 27440 0.58372 20.7395
21770 27440 0.58372 20.7562
21770 27440 0.58372 20.7728
21770 27440 0.58372 20.7895
21768 27440 0.58372 20.8062
21768 27440 0.58372 20.8228
21766 27440 0.58372 20.8395
21766 27440 0.58372 20.8562
21766 27440 0.58372 20.8728
21766 27440 0.58372 20.8895
21766 27440 0.58372 20.9062
21764 27440 0.58372 20.9228
21764 27440 0.58372 20.9395
21764 27440 0.58372 20.9562
21764 27440 0.58372 20.9728
21763 27440 0.58372 20.9895
21763 27440 0.58372 21.0062
21763 27440 0.58372 21.0228
21762 27440 0.58372 21.0395
21762 27440 0.58372 21.0562
21762 27440 0.58372 21.0728
21761 27440 0.58372 21.0895
21761 27440 0.58372 21.1062
21761 27440 0.58372 21.1228
21761 27440 0.58372 21.1395
21761 27440 0.58372 21.1562
21761 27440 0.58372 21.1728
21760 27440 0.58372 21.1895
21760 27440 0.58372 21.2062
21759 27440 0.58372 21.2228
21759 27440 0.58372 21.2395
21758 27440 0.58372 21.2562
21758 27440 0.58372 21.2728
21758 27440 0.58372 21.2895
21758 27440 0.58372 21.3062
21758 27440 0.58372 21.3228
21757 27440 0.58372 21.3395
21756 27440 0.58372 21.3562
21756 27440 0.58372 21.3728
21756 27440 0.58372 21.3895
21756 27440 0.58372 21.4062
21756 27440 0.58372 21.4228
21756 27440 0.58372 21.4395
21756 27440 0.58372 21.4562
21756 27440 0.58372 21.4728
21756 27440 0.58372 21.4895
21754 27440 0.58372 21.5062
21754 27440 0.58372 21.5228
21754 27440 0.58372 21.5395
21754 27440 0.58372 21.5562
21754 27440 0.58372 21.5728
21754 27440 0.58372 21.5895
21753 27440 0.58372 21.6062
21753 27440 0.58372 21.6228
21753 27440 0.58372 21.6395
21751 27440 0.58372 21.6562
21750 27440 0.58372 21.6728
21750 27440 0.58372 21.6895
21750 27440 0.58372 21.7062
21750 27440 0.58372 21.7228
21750 27440 0.58372 21.7395
21748 27440 0.58372 21.7562
21748 27440 0.58372 21.7728
21748 27440 0.58372 21.7895
21748 27440 0.58372 21.8062
21747 27440 0.58372 21.8228
21747 27440 0.58372 21.8395
21747 27440 0.58372 21.8562
21747 27440 0.58372 21.8728
21747 27440 0.58372 21.8895
21747 27440 0.58372 21.9062
21746 27440 0.58372 21.9228
21746 27440 0.58372 21.9395
21745 27440 0.58372 21.9562
21745 27440 0.58372 21.9728
21745 27440 0.58372 21.9895
21745 27440 0.58372 22.0062
21744 27440 0.58372 22.0228
21741 27440 0.58372 22.0395
21740 27440 0.58372 22.0562
21740 27440 0.58372 22.0728
21740 27440 0.58372 22.0895
21740 27440 0.58372 22.1062
21739 27440 0.58372 22.1228
21738 27440 0.58372 22.1395
21738 27440 0.58372 22.1562
21737 27440 0.58372 22.1728
21736 27440 0.58372 22.1895
21736 27440 0.58372 22.2062
21736 27440 0.58372 22.2228
21736 27440 0.58372 22.2395
21736 27440 0.58372 22.2562
21736 27440 0.58372 22.2728
21735 27440 0.58372 22.2895
21735 27440 0.58372 22.3062
21735 27440 0.58372 22.3228
21735 27440 0.58372 22.3395
21735 27440 0.58372 22.3562
21735 27440 0.58372 22.3728
21735 27440 0.58372 22.3895
21735 27440 0.58372 22.4062
21735 27440 0.58372 22.4228
21734 27440 0.58372 22.4395
21733 27440 0.58372 22.4562
21733 27440 0.58372 22.4728
21733 27440 0.58372 22.4895
21733 27440 0.58372 22.5062
21733 27440 0.58372 22.5228
21733 27440 0.58372 22.5395
21733 27440 0.58372 22.5562
21733 27440 0.58372 22.5728
21733 27440 0.58372 22.5895
21733 27440 0.58372 22.6062
21733 27440 0.58372 22.6228
21733 27440 0.58372 22.6395
21733 27440 0.58372 22.6562
21733 27440 0.58372 22.6728
21733 27440 0.58372 22.6895
21733 27440 0.58372 22.7062
21732 27440 0.58372 22.7228
21732 27440 0.58372 22.7395
21732 27440 0.58372 22.7561
21731 27440 0.58372 22.7728
21731 27440 0.58372 22.7895
21730 27440 0.58372 22.8061
21729 27440 0.58372 22.8228
21729 27440 0.58372 22.8395
21728 27440 0.58372 22.8561
21728 27440 0.58372 22.8728
21728 27440 0.58372 22.8895
21728 27440 0.58372 22.9061
21728 27440 0.58372 22.9228
21728 27440 0.58372 22.9395
21727 27440 0.58372 22.9561
21727 27440 0.58372 22.9728
21727 27440 0.58372 22.9895
21727 27440 0.58372 23.0061
21727 27440 0.58372 23.0228
21727 27440 0.58372 23.0395
21727 27440 0.58372 23.0561
21727 27440 0.58372 23.0728
21727 27440 0.58372 23.0895
21727 27440 0.58372 23.1061
21726 27440 0.58372 23.1228
21726 27440 0.58372 23.1395
21726 27440 0.58372 23.1561
21726 27440 0.58372 23.1728
21726 27440 0.58372 23.1895
21726 27440 0.58372 23.2061
21726 27440 0.58372 23.2228
21726 27440 0.58372 23.2395
21726 27440 0.58372 23.2561
21726 27440 0.58372 23.2728
21725 27440 0.58372 23.2895
21725 27440 0.58372 23.3061
21724 27440 0.58372 23.3228
21724 27440 0.58372 23.3395
21723 27440 0.58372 23.3561
21723 27440 0.58372 23.3728
21723 27440 0.58372 23.3895
21723 27440 0.58372 23.4061
21723 27440 0.58372 23.4228
21723 27440 0.58372 23.4395
21721 27440 0.58372 23.4561
21721 27440 0.58372 23.4728
21721 27440 0.58372 23.4895
21721 27440 0.58372 23.5061
21721 27440 0.58372 23.5228
21721 27440 0.58372 23.5395
21721 27440 0.58372 23.5561
21721 27440 0.58372 23.5728
21721 27440 0.58372 23.5895
21721 27440 0.58372 23.6061
21721 27440 0.58372 23.6228
21721 27440 0.58372 23.6395
21721 27440 0.58372 23.6561
21720 27440 0.58372 23.6728
21720 27440 0.58372 23.6895
21719 27440 0.58372 23.7061
21718 27440 0.58372 23.7228
21717 27440 0.58372 23.7395
21717 27440 0.58372 23.7561
21717 27440 0.58372 23.7728
21717 27440 0.58372 23.7895
21717 27440 0.58372 23.8061
21717 27440 0.58372 23.8228
21717 27440 0.58372 23.8395
21716 27440 0.58372 23.8561
21716 27440 0.58372 23.8728
21716 27440 0.58372 23.8895
21716 27440 0.58372 23.9061
21716 27440 0.58372 23.9228
21716 27440 0.58372 23.9395
21716 27440 0.58372 23.9561
21713 27440 0.58372 23.9728
21713 27440 0.58372 23.9895
21713 27440 0.58372 24.0061
21713 27440 0.58372 24.0228
21713 27440 0.58372 24.0395
21712 27440 0.58372 24.0561
21712 27440 0.58372 24.0728
21711 27440 0.58372 24.0895
21711 27440 0.58372 24.1061
21711 27440 0.58372 24.1228
21711 27440 0.58372 24.1395
21711 27440 0.58372 24.1561
21711 27440 0.58372 24.1728
21708 27440 0.58372 24.1895
21708 27440 0.58372 24.2061
21707 27440 0.58372 24.2228
21707 27440 0.58372 24.2395
21707 27440 0.58372 24.2561
21707 27440 0.58372 24.2728
21707 27440 0.58372 24.2895
21707 27440 0.58372 24.3061
21707 27440 0.58372 24.3228
21707 27440 0.58372 24.3395
21707 27440 0.58372 24.3561
21707 27440 0.58372 24.3728
21707 27440 0.58372 24.3895
21707 27440 0.58372 24.4061
21707 27440 0.58372 24.4228
21707 27440 0.58372 24.4395
21707 27440 0.58372 24.4561
21706 27440 0.58372 24.4728
21706 27440 0.58372 24.4895
21706 27440 0.58372 24.5061
21706 27440 0.58372 24.5228
21706 27440 0.58372 24.5395
21706 27440 0.58372 24.5561
21706 27440 0.58372 24.5728
21706 27440 0.58372 24.5895
21706 27440 0.58372 24.6061
21706 27440 0.58372 24.6228
21706 27440 0.58372 24.6395
21706 27440 0.58372 24.6561
21706 27440 0.58372 24.6728
21706 27440 0.58372 24.6895
21706 27440 0.58372 24.7061
21706 27440 0.58372 24.7228
21706 27440 0.58372 24.7395
21705 27440 0.58372 24.7561
21705 27440 0.58372 24.7728
21705 27440 0.58372 24.7895
21705 27440 0.58372 24.8061
21705 27440 0.58372 24.8228
21705 27440 0.58372 24.8395
21705 27440 0.58372 24.8561
21705 27440 0.58372 24.8728
21704 27440 0.58372 24.8895
21704 27440 0.58372 24.9061
21703 27440 0.58372 24.9228
21703 27440 0.58372 24.9394
21703 27440 0.58372 24.9561
21703 27440 0.58372 24.9728
21702 27440 0.58372 24.9894
21702 27440 0.58372 25.0061
21702 27440 0.58372 25.0228
21702 27440 0.58372 25.0394
21702 27440 0.58372 25.0561
21702 27440 0.58372 25.0728
21701 27440 0.58372 25.0894
21701 27440 0.58372 25.1061
21701 27440 0.58372 25.1228
21701 27440 0.58372 25.1394
21701 27440 0.58372 25.1561
21701 27440 0.58372 25.1728
21701 27440 0.58372 25.1894
21700 27440 0.58372 25.2061
21700 27440 0.58372 25.2228
21700 27440 0.58372 25.2394
21700 27440 0.58372 25.2561
21700 27440 0.58372 25.2728
21697 27440 0.58372 25.2894
21697 27440 0.58372 25.3061
21697 27440 0.58372 25.3228
21697 27440 0.58372 25.3394
21697 27440 0.58372 25.3561
21697 27440 0.58372 25.3728
21697 27440 0.58372 25.3894
21697 27440 0.58372 25.4061
21696 27440 0.58372 25.4228
21695 27440 0.58372 25.4394
21695 27440 0.58372 25.4561
21695 27440 0.58372 25.4728
21695 27440 0.58372 25.4894
21695 27440 0.58372 25.5061
21695 27440 0.58372 25.5228
21695 27440 0.58372 25.5394
21695 27440 0.58372 25.5561
21695 27440 0.58372 25.5728
21695 27440 0.58372 25.5894
21694 27440 0.58372 25.6061
21693 27440 0.58372 25.6228
21693 27440 0.58372 25.6394
21693 27440 0.58372 25.6561
21693 27440 0.58372 25.6728
21693 27440 0.58372 25.6894
21693 27440 0.58372 25.7061
21693 27440 0.58372 25.7228
21693 27440 0.58372 25.7394
21693 27440 0.58372 25.7561
21693 27440 0.58372 25.7728
21693 27440 0.58372 25.7894
21692 27440 0.58372 25.8061
21692 27440 0.58372 25.8228
21692 27440 0.58372 25.8394
21692 27440 0.58372 25.8561
21692 27440 0.58372 25.8728
21691 27440 0.58372 25.8894
21691 27440 0.58372 25.9061
21691 27440 0.58372 25.9228
21690 27440 0.58372 25.9394
21690 27440 0.58372 25.9561
21690 27440 0.58372 25.9728
21690 27440 0.58372 25.9894
21690 27440 0.58372 26.0061
21690 27440 0.58372 26.0228
21689 27440 0.58372 26.0394
21689 27440 0.58372 26.0561
21689 27440 0.58372 26.0728
21689 27440 0.58372 26.0894
21689 27440 0.58372 26.1061
21689 27440 0.58372 26.1228
21689 27440 0.58372 26.1394
21688 27440 0.58372 26.1561
21688 27440 0.58372 26.1728
21688 27440 0.58372 26.1894
21687 27440 0.58372 26.2061
21687 27440 0.58372 26.2228
21687 27440 0.58372 26.2394
21687 27440 0.58372 26.2561
21686 27440 0.58372 26.2728
21686 27440 0.58372 26.2894
21686 27440 0.58372 26.3061
21686 27440 0.58372 26.3228
21685 27440 0.58372 26.3394
21685 27440 0.58372 26.3561
21685 27440 0.58372 26.3728
21685 27440 0.58372 26.3894
21685 27440 0.58372 26.4061
21685 27440 0.58372 26.4228
21685 27440 0.58372 26.4394
21685 27440 0.58372 26.4561
21685 27440 0.58372 26.4728
21684 27440 0.58372 26.4894
21684 27440 0.58372 26.5061
21684 27440 0.58372 26.5228
21684 27440 0.58372 26.5394
21684 27440 0.58372 26.5561
21684 27440 0.58372 26.5728
21684 27440 0.58372 26.5894
21684 27440 0.58372 26.6061
21684 27440 0.58372 26.6228
21684 27440 0.58372 26.6394
21684 27440 0.58372 26.6561
21684 27440 0.58372 26.6728
21683 27440 0.58372 26.6894
21683 27440 0.58372 26.7061
21683 27440 0.58372 26.7228
21683 27440 0.58372 26.7394
21683 27440 0.58372 26.7561
21683 27440 0.58372 26.7728
21683 27440 0.58372 26.7894
21683 27440 0.58372 26.8061
21683 27440 0.58372 26.8228
21683 27440 0.58372 26.8394
21683 27440 0.58372 26.8561
21683 27440 0.58372 26.8728
21683 27440 0.58372 26.8894
21683 27440 0.58372 26.9061
21683 27440 0.58372 26.9228
21683 27440 0.58372 26.9394
21683 27440 0.58372 26.9561
21683 27440 0.58372 26.9728
21683 27440 0.58372 26.9894
21682 27440 0.58372 27.0061
21682 27440 0.58372 27.0228
21682 27440 0.58372 27.0394
21682 27440 0.58372 27.0561
21682 27440 0.58372 27.0728
21682 27440 0.58372 27.0894
21681 27440 0.58372 27.1061
21681 27440 0.58372 27.1227
21680 27440 0.58372 27.1394
21680 27440 0.58372 27.1561
21680 27440 0.58372 27.1727
21680 27440 0.58372 27.1894
21680 27440 0.58372 27.2061
21680 27440 0.58372 27.2227
21680 27440 0.58372 27.2394
21680 27440 0.58372 27.2561
21680 27440 0.58372 27.2727
21679 27440 0.58372 27.2894
21679 27440 0.58372 27.3061
21679 27440 0.58372 27.3227
21679 27440 0.58372 27.3394
21679 27440 0.58372 27.3561
21679 27440 0.58372 27.3727
21679 27440 0.58372 27.3894
21678 27440 0.58372 27.4061
21678 27440 0.58372 27.4227
21678 27440 0.58372 27.4394
21678 27440 0.58372 27.4561
21678 27440 0.58372 27.4727
21678 27440 0.58372 27.4894
21678 27440 0.58372 27.5061
21678 27440 0.58372 27.5227
21678 27440 0.58372 27.5394
21678 27440 0.58372 27.5561
21678 27440 0.58372 27.5727
21678 27440 0.58372 27.5894
21678 27440 0.58372 27.6061
21678 27440 0.58372 27.6227
21678 27440 0.58372 27.6394
21678 27440 0.58372 27.6561
21677 27440 0.58372 27.6727
21677 27440 0.58372 27.6894
21677 27440 0.58372 27.7061
21677 27440 0.58372 27.7227
21677 27440 0.58372 27.7394
21677 27440 0.58372 27.7561
21677 27440 0.58372 27.7727
21676 27440 0.58372 27.7894
21676 27440 0.58372 27.8061
21676 27440 0.58372 27.8227
21676 27440 0.58372 27.8394
21676 27440 0.58372 27.8561
21676 27440 0.58372 27.8727
21676 27440 0.58372 27.8894
21676 27440 0.58372 27.9061
21676 27440 0.58372 27.9227
21676 27440 0.58372 27.9394
21676 27440 0.58372 27.9561
21676 27440 0.58372 27.9727
21676 27440 0.58372 27.9894
21676 27440 0.58372 28.0061
21676 27440 0.58372 28.0227
21676 27440 0.58372 28.0394
21676 27440 0.58372 28.0561
21676 27440 0.58372 28.0727
21675 27440 0.58372 28.0894
21675 27440 0.58372 28.1061
21675 27440 0.58372 28.1227
21675 27440 0.58372 28.1394
21675 27440 0.58372 28.1561
21675 27440 0.58372 28.1727
21675 27440 0.58372 28.1894
21675 27440 0.58372 28.2061
21675 27440 0.58372 28.2227
21675 27440 0.58372 28.2394
21675 27440 0.58372 28.2561
21675 27440 0.58372 28.2727
21675 27440 0.58372 28.2894
21674 27440 0.58372 28.3061
21674 27440 0.58372 28.3227
21673 27440 0.58372 28.3394
21673 27440 0.58372 28.3561
21673 27440 0.58372 28.3727
21673 27440 0.58372 28.3894
21673 27440 0.58372 28.4061
21673 27440 0.58372 28.4227
21672 27440 0.58372 28.4394
21672 27440 0.58372 28.4561
21672 27440 0.58372 28.4727
21672 27440 0.58372 28.4894
21672 27440 0.58372 28.5061
21671 27440 0.58372 28.5227
21670 27440 0.58372 28.5394
21670 27440 0.58372 28.5561
21670 27440 0.58372 28.5727
21670 27440 0.58372 28.5894
21670 27440 0.58372 28.6061
21669 27440 0.58372 28.6227
21669 27440 0.58372 28.6394
21668 27440 0.58372 28.6561
21667 27440 0.58372 28.6727
21667 27440 0.58372 28.6894
21667 27440 0.58372 28.7061
21666 27440 0.58372 28.7227
21666 27440 0.58372 28.7394
21666 27440 0.58372 28.7561
21665 27440 0.58372 28.7727
21665 27440 0.58372 28.7894
21665 27440 0.58372 28.8061
21664 27440 0.58372 28.8227
21663 27440 0.58372 28.8394
21663 27440 0.58372 28.8561
21663 27440 0.58372 28.8727
21663 27440 0.58372 28.8894
21663 27440 0.58372 28.9061
21663 27440 0.58372 28.9227
21662 27440 0.58372 28.9394
21662 27440 0.58372 28.9561
21662 27440 0.58372 28.9727
21662 27440 0.58372 28.9894
21662 27440 0.58372 29.0061
21662 27440 0.58372 29.0227
21662 27440 0.58372 29.0394
21662 27440 0.58372 29.0561
21661 27440 0.58372 29.0727
21661 27440 0.58372 29.0894
21660 27440 0.58372 29.1061
21660 27440 0.58372 29.1227
21660 27440 0.58372 29.1394
21660 27440 0.58372 29.1561
21660 27440 0.58372 29.1727
21660 27440 0.58372 29.1894
21660 27440 0.58372 29.2061
21659 27440 0.58372 29.2227
21659 27440 0.58372 29.2394
21659 27440 0.58372 29.2561
21659 27440 0.58372 29.2727
21659 27440 0.58372 29.2894
21659 27440 0.58372 29.306
21658 27440 0.58372 29.3227
21658 27440 0.58372 29.3394
21658 27440 0.58372 29.356
21658 27440 0.58372 29.3727
21658 27440 0.58372 29.3894
21658 27440 0.58372 29.406
21657 27440 0.58372 29.4227
21657 27440 0.58372 29.4394
21657 27440 0.58372 29.456
21657 27440 0.58372 29.4727
21657 27440 0.58372 29.4894
21657 27440 0.58372 29.506
21657 27440 0.58372 29.5227
21657 27440 0.58372 29.5394
21657 27440 0.58372 29.556
21657 27440 0.58372 29.5727
21656 27440 0.58372 29.5894
21656 27440 0.58372 29.606
21656 27440 0.58372 29.6227
21656 27440 0.58372 29.6394
21656 27440 0.58372 29.656
21656 27440 0.58372 29.6727
21656 27440 0.58372 29.6894
21656 27440 0.58372 29.706
21656 27440 0.58372 29.7227
21656 27440 0.58372 29.7394
21655 27440 0.58372 29.756
21655 27440 0.58372 29.7727
21655 27440 0.58372 29.7894
21655 27440 0.58372 29.806
21655 27440 0.58372 29.8227
21655 27440 0.58372 29.8394
21655 27440 0.58372 29.856
21655 27440 0.58372 29.8727
21655 27440 0.58372 29.8894
21654 27440 0.58372 29.906
21654 27440 0.58372 29.9227
21654 27440 0.58372 29.9394
21654 27440 0.58372 29.956
21654 27440 0.58372 29.9727
21654 27440 0.58372 29.9894
21654 27440 0.58372 30.006
21654 27440 0.58372 30.0227
21654 27440 0.58372 30.0394
21653 27440 0.58372 30.056
21653 27440 0.58372 30.0727
21653 27440 0.58372 30.0894
21653 27440 0.58372 30.106
21653 27440 0.58372 30.1227
21653 27440 0.58372 30.1394
21653 27440 0.58372 30.156
21653 27440 0.58372 30.1727
21653 27440 0.58372 30.1894
21653 27440 0.58372 30.206
21653 27440 0.58372 30.2227
21653 27440 0.58372 30.2394
21653 27440 0.58372 30.256
21652 27440 0.58372 30.2727
21651 27440 0.58372 30.2894
21651 27440 0.58372 30.306
21651 27440 0.58372 30.3227
21651 27440 0.58372 30.3394
21651 27440 0.58372 30.356
21651 27440 0.58372 30.3727
21650 27440 0.58372 30.3894
21650 27440 0.58372 30.406
21650 27440 0.58372 30.4227
21650 27440 0.58372 30.4394
21650 27440 0.58372 30.456
21650 27440 0.58372 30.4727
21650 27440 0.58372 30.4894
21650 27440 0.58372 30.506
21650 27440 0.58372 30.5227
21650 27440 0.58372 30.5394
21650 27440 0.58372 30.556
21650 27440 0.58372 30.5727
21650 27440 0.58372 30.5894
21650 27440 0.58372 30.606
21650 27440 0.58372 30.6227
21650 27440 0.58372 30.6394
21650 27440 0.58372 30.656
21650 27440 0.58372 30.6727
21650 27440 0.58372 30.6894
21650 27440 0.58372 30.706
21650 27440 0.58372 30.7227
21650 27440 0.58372 30.7394
