5350 5355 0.00203516 0.00697613
5350 5355 0.00203516 0.023643
5349 5355 0.00203516 0.0403099
5349 5355 0.00203516 0.0569768
5348 5355 0.00203516 0.0736437
5346 5355 0.00203516 0.0903106
5346 5355 0.00203516 0.106977
5346 5355 0.00203516 0.123644
5346 5355 0.00203516 0.140311
5346 5355 0.00203516 0.156978
5346 5355 0.00203516 0.173645
5345 5355 0.00203516 0.190312
5345 5355 0.00203516 0.206979
5345 5355 0.00203516 0.223646
5345 5355 0.00203516 0.240313
5345 5355 0.00203516 0.256979
5345 5355 0.00203516 0.273646
5345 5355 0.00203516 0.290312
5344 5355 0.00203516 0.306979
5344 5355 0.00203516 0.323645
5344 5355 0.00203516 0.340312
5344 5355 0.00203516 0.356978
5344 5355 0.00203516 0.373644
5344 5355 0.00203516 0.390311
5343 5355 0.00203516 0.406977
5343 5355 0.00203516 0.423644
5342 5355 0.00203516 0.44031
5342 5355 0.00203516 0.456976
5342 5355 0.00203516 0.473643
5342 5355 0.00203516 0.490309
5341 5355 0.00203516 0.506976
5341 5355 0.00203516 0.523642
5341 5355 0.00203516 0.540308
5341 5355 0.00203516 0.556975
5341 5355 0.00203516 0.573641
5341 5355 0.00203516 0.590308
5341 5355 0.00203516 0.606974
5341 5355 0.00203516 0.623641
5341 5355 0.00203516 0.640307
5339 5355 0.00203516 0.656973
5339 5355 0.00203516 0.67364
5339 5355 0.00203516 0.690306
5339 5355 0.00203516 0.706973
5338 5355 0.00203516 0.723639
5338 5355 0.00203516 0.740305
5338 5355 0.00203516 0.756972
5338 5355 0.00203516 0.773638
5337 5355 0.00203516 0.790305
5337 5355 0.00203516 0.806971
5336 5355 0.00203516 0.823637
5336 5355 0.00203516 0.840304
5336 5355 0.00203516 0.85697
5336 5355 0.00203516 0.873637
5336 5355 0.00203516 0.890303
5336 5355 0.00203516 0.90697
5336 5355 0.00203516 0.923636
5336 5355 0.00203516 0.940302
5335 5355 0.00203516 0.956969
5335 5355 0.00203516 0.973635
5335 5355 0.00203516 0.990302
5335 5355 0.00203516 1.00697
5335 5355 0.00203516 1.02363
5334 5355 0.00203516 1.0403
5334 5355 0.00203516 1.05697
5334 5355 0.00203516 1.07363
5334 5355 0.00203516 1.0903
5334 5355 0.00203516 1.10697
5334 5355 0.00203516 1.12363
5334 5355 0.00203516 1.1403
5334 5355 0.00203516 1.15697
5334 5355 0.00203516 1.17363
5334 5355 0.00203516 1.1903
5333 5355 0.00203516 1.20696
5333 5355 0.00203516 1.22363
5333 5355 0.00203516 1.2403
5333 5355 0.00203516 1.25696
5333 5355 0.00203516 1.27363
5333 5355 0.00203516 1.2903
5333 5355 0.00203516 1.30696
5333 5355 0.00203516 1.32363
5333 5355 0.00203516 1.3403
5333 5355 0.00203516 1.35696
5333 5355 0.00203516 1.37363
5333 5355 0.00203516 1.3903
5333 5355 0.00203516 1.40696
5333 5355 0.00203516 1.42363
5333 5355 0.00203516 1.44029
5333 5355 0.00203516 1.45696
5332 5355 0.00203516 1.47363
5331 5355 0.00203516 1.49029
5330 5355 0.00203516 1.50696
5330 5355 0.00203516 1.52363
5330 5355 0.00203516 1.54029
5330 5355 0.00203516 1.55696
5329 5355 0.00203516 1.57363
5329 5355 0.00203516 1.59029
5329 5355 0.00203516 1.60696
5329 5355 0.00203516 1.62363
5329 5355 0.00203516 1.64029
5329 5355 0.00203516 1.65696
5329 5355 0.00203516 1.67362
5329 5355 0.00203516 1.69029
5329 5355 0.00203516 1.70696
5329 5355 0.00203516 1.72362
5329 5355 0.00203516 1.74029
5329 5355 0.00203516 1.75696
5329 5355 0.00203516 1.77362
5328 5355 0.00203516 1.79029
5328 5355 0.00203516 1.80696
5328 5355 0.00203516 1.82362
5328 5355 0.00203516 1.84029
5328 5355 0.00203516 1.85696
5328 5355 0.00203516 1.87362
5328 5355 0.00203516 1.89029
5328 5355 0.00203516 1.90695
5328 5355 0.00203516 1.92362
5328 5355 0.00203516 1.94029
5328 5355 0.00203516 1.95695
5328 5355 0.00203516 1.97362
5328 5355 0.00203516 1.99029
5328 5355 0.00203516 2.00695
5328 5355 0.00203516 2.02362
5328 5355 0.00203516 2.04029
5328 5355 0.00203516 2.05695
5328 5355 0.00203516 2.07362
5328 5355 0.00203516 2.09028
5328 5355 0.00203516 2.10695
5328 5355 0.00203516 2.12362
5328 5355 0.00203516 2.14028
5327 5355 0.00407032 2.15695
5327 5355 0.00610548 2.17362
5327 5355 0.00814064 2.19028
5326 5355 0.0101758 2.20695
5326 5355 0.012211 2.22362
5326 5355 0.0142461 2.24028
5326 5355 0.0162813 2.25695
5326 5355 0.0183164 2.27362
5326 5355 0.0203516 2.29028
5326 5355 0.0223868 2.30695
5326 5355 0.0244219 2.32361
5326 5355 0.0264571 2.34028
5326 5355 0.0284922 2.35695
5326 5355 0.0305274 2.37361
5326 5355 0.0325626 2.39028
5326 5355 0.0345977 2.40695
5326 5355 0.0366329 2.42361
5326 5355 0.038668 2.44028
5326 5355 0.0407032 2.45695
5325 5355 0.0427384 2.47361
5325 5355 0.0447735 2.49028
5324 5355 0.0468087 2.50695
5324 5355 0.0488438 2.52361
5324 5355 0.050879 2.54028
5324 5355 0.0529142 2.55694
5324 5355 0.0549493 2.57361
5324 5355 0.0569845 2.59028
5324 5355 0.0590196 2.60694
5324 5355 0.0610548 2.62361
5324 5355 0.06309 2.64028
5324 5355 0.0651251 2.65694
5324 5355 0.0671603 2.67361
5324 5355 0.0691954 2.69028
5324 5355 0.0712306 2.70694
5324 5355 0.0732658 2.72361
5324 5355 0.0753009 2.74027
5324 5355 0.0773361 2.75694
5324 5355 0.0793713 2.77361
5323 5355 0.0814064 2.79027
5323 5355 0.0834416 2.80694
5323 5355 0.0854767 2.82361
5322 5355 0.0875119 2.84027
5322 5355 0.0895471 2.85694
5322 5355 0.0915822 2.87361
5321 5355 0.0936174 2.89027
5321 5355 0.0956526 2.90694
5321 5355 0.0976877 2.92361
5320 5355 0.0997229 2.94027
5320 5355 0.101758 2.95694
5320 5355 0.103793 2.9736
5319 5355 0.105828 2.99027
5319 5355 0.107864 3.00694
5319 5355 0.109899 3.0236
5319 5355 0.111934 3.04027
5319 5355 0.113969 3.05694
5319 5355 0.116004 3.0736
5319 5355 0.118039 3.09027
5318 5355 0.120075 3.10694
5318 5355 0.12211 3.1236
5318 5355 0.124145 3.14027
5318 5355 0.12618 3.15694
5318 5355 0.128215 3.1736
5318 5355 0.13025 3.19027
5318 5355 0.132285 3.20693
5318 5355 0.134321 3.2236
5316 5355 0.136356 3.24027
5316 5355 0.138391 3.25693
5316 5355 0.140426 3.2736
5315 5355 0.142461 3.29027
5315 5355 0.144496 3.30693
5315 5355 0.146532 3.3236
5315 5355 0.148567 3.34027
5315 5355 0.150602 3.35693
5315 5355 0.152637 3.3736
5315 5355 0.154672 3.39026
5315 5355 0.156707 3.40693
5314 5355 0.158743 3.4236
5314 5355 0.160778 3.44026
5314 5355 0.162813 3.45693
5314 5355 0.164848 3.4736
5313 5355 0.166883 3.49026
5312 5355 0.168918 3.50693
5310 5355 0.170953 3.5236
5310 5355 0.172989 3.54026
5310 5355 0.175024 3.55693
5310 5355 0.177059 3.5736
5309 5355 0.179094 3.59026
5307 5355 0.181129 3.60693
5305 5355 0.183164 3.62359
5303 5355 0.1852 3.64026
5303 5355 0.187235 3.65693
5301 5355 0.18927 3.67359
5300 5355 0.191305 3.69026
5298 5355 0.19334 3.70693
5298 5355 0.195375 3.72359
5298 5355 0.19741 3.74026
5298 5355 0.199446 3.75693
5296 5355 0.201481 3.77359
5294 5355 0.203516 3.79026
5291 5355 0.205551 3.80693
5291 5355 0.207586 3.82359
5290 5355 0.209621 3.84026
5289 5355 0.211657 3.85692
5287 5355 0.213692 3.87359
5286 5355 0.215727 3.89026
5280 5355 0.217762 3.90692
5280 5355 0.219797 3.92359
5278 5355 0.221832 3.94026
5277 5355 0.223867 3.95692
5275 5355 0.225903 3.97359
5275 5355 0.227938 3.99026
5274 5355 0.229973 4.00692
5269 5355 0.232008 4.02359
5265 5355 0.234043 4.04026
5263 5355 0.236078 4.05692
5261 5355 0.238114 4.07359
5259 5355 0.240149 4.09025
5255 5355 0.242184 4.10692
5255 5355 0.244219 4.12359
5251 5355 0.246254 4.14025
5251 5355 0.248289 4.15692
5251 5355 0.250325 4.17359
5247 5355 0.25236 4.19025
5245 5355 0.254395 4.20692
5242 5355 0.25643 4.22359
5239 5355 0.258465 4.24025
5236 5355 0.2605 4.25692
5235 5355 0.262536 4.27358
5232 5355 0.264571 4.29025
5232 5355 0.266606 4.30692
5230 5355 0.268641 4.32358
5226 5355 0.270676 4.34025
5224 5355 0.272711 4.35692
5220 5355 0.274747 4.37358
5219 5355 0.276782 4.39025
5216 5355 0.278817 4.40692
5214 5355 0.280852 4.42358
5211 5355 0.282887 4.44025
5208 5355 0.284922 4.45692
5206 5355 0.286958 4.47358
5201 5355 0.288993 4.49025
5200 5355 0.291028 4.50691
5196 5355 0.293063 4.52358
5194 5355 0.295098 4.54025
5190 5355 0.297133 4.55691
5186 5355 0.299169 4.57358
5183 5355 0.301204 4.59025
5181 5355 0.303239 4.60691
5177 5355 0.305274 4.62358
5173 5355 0.307309 4.64025
5171 5355 0.309344 4.65691
5170 5355 0.31138 4.67358
5167 5355 0.313415 4.69025
5165 5355 0.31545 4.70691
5160 5355 0.317485 4.72358
5157 5355 0.31952 4.74024
5155 5355 0.321555 4.75691
5153 5355 0.323591 4.77358
5149 5355 0.325626 4.79024
5147 5355 0.327661 4.80691
5144 5355 0.329696 4.82358
5140 5355 0.331731 4.84024
5138 5355 0.333767 4.85691
5135 5355 0.335802 4.87358
5130 5355 0.337837 4.89024
5128 5355 0.339872 4.90691
5125 5355 0.341907 4.92357
5123 5355 0.343942 4.94024
5121 5355 0.345978 4.95691
5116 5355 0.348013 4.97357
5114 5355 0.350048 4.99024
5111 5355 0.352083 5.00691
5109 5355 0.354118 5.02357
5106 5355 0.356153 5.04024
5103 5355 0.358189 5.05691
5100 5355 0.360224 5.07357
5098 5355 0.362259 5.09024
5094 5355 0.364294 5.10691
5090 5355 0.366329 5.12357
5088 5355 0.368364 5.14024
5087 5355 0.3704 5.1569
5083 5355 0.372435 5.17357
5078 5355 0.37447 5.19024
5074 5355 0.376505 5.2069
5072 5355 0.37854 5.22357
5069 5355 0.380575 5.24024
5066 5355 0.382611 5.2569
5063 5355 0.384646 5.27357
5060 5355 0.386681 5.29024
5057 5355 0.388716 5.3069
5055 5355 0.390751 5.32357
5051 5355 0.392786 5.34024
5050 5355 0.394822 5.3569
5045 5355 0.396857 5.37357
5039 5355 0.398892 5.39023
5038 5355 0.400927 5.4069
5037 5355 0.402962 5.42357
5035 5355 0.404997 5.44023
5031 5355 0.407033 5.4569
5028 5355 0.409068 5.47357
5025 5355 0.411103 5.49023
5021 5355 0.413138 5.5069
5019 5355 0.415173 5.52357
5018 5355 0.417209 5.54023
5016 5355 0.419244 5.5569
5012 5355 0.421279 5.57357
5008 5355 0.423314 5.59023
5006 5355 0.425349 5.6069
5003 5355 0.427384 5.62356
5001 5355 0.42942 5.64023
4997 5355 0.431455 5.6569
4994 5355 0.43349 5.67356
4991 5355 0.435525 5.69023
4991 5355 0.43756 5.7069
4984 5355 0.439595 5.72356
4984 5355 0.441631 5.74023
4982 5355 0.443666 5.7569
4978 5355 0.445701 5.77356
4975 5355 0.447736 5.79023
4974 5355 0.449771 5.80689
4970 5355 0.451806 5.82356
4967 5355 0.453842 5.84023
4962 5355 0.455877 5.85689
4959 5355 0.457912 5.87356
4957 5355 0.459947 5.89023
4954 5355 0.461982 5.90689
4952 5355 0.464017 5.92356
4949 5355 0.466053 5.94023
4946 5355 0.468088 5.95689
4942 5355 0.470123 5.97356
4939 5355 0.472158 5.99023
4936 5355 0.474193 6.00689
4935 5355 0.476228 6.02356
4933 5355 0.478264 6.04022
4931 5355 0.480299 6.05689
4926 5355 0.482334 6.07356
4921 5355 0.484369 6.09022
4920 5355 0.486404 6.10689
4916 5355 0.48844 6.12356
4913 5355 0.490475 6.14022
4910 5355 0.49251 6.15689
4908 5355 0.494545 6.17356
4904 5355 0.49658 6.19022
4902 5355 0.498615 6.20689
4898 5355 0.500651 6.22356
4895 5355 0.502686 6.24022
4895 5355 0.504721 6.25689
4892 5355 0.506756 6.27355
4889 5355 0.508791 6.29022
4885 5355 0.510826 6.30689
4883 5355 0.512861 6.32355
4879 5355 0.514897 6.34022
4874 5355 0.516932 6.35689
4873 5355 0.518967 6.37355
4871 5355 0.521002 6.39022
4869 5355 0.523037 6.40689
4866 5355 0.525072 6.42355
4863 5355 0.527107 6.44022
4860 5355 0.529142 6.45688
4856 5355 0.531178 6.47355
4854 5355 0.533213 6.49022
4850 5355 0.535248 6.50688
4847 5355 0.537283 6.52355
4846 5355 0.539318 6.54022
4841 5355 0.541353 6.55688
4838 5355 0.543388 6.57355
4836 5355 0.545424 6.59022
4831 5355 0.547459 6.60688
4828 5355 0.549494 6.62355
4827 5355 0.551529 6.64022
4825 5355 0.553564 6.65688
4821 5355 0.555599 6.67355
4820 5355 0.557634 6.69021
4816 5355 0.55967 6.70688
4814 5355 0.561705 6.72355
4809 5355 0.56374 6.74021
4805 5355 0.565775 6.75688
4803 5355 0.56781 6.77355
4798 5355 0.569845 6.79021
4796 5355 0.57188 6.80688
4791 5355 0.573916 6.82355
4786 5355 0.575951 6.84021
4784 5355 0.577986 6.85688
4780 5355 0.580021 6.87355
4778 5355 0.582056 6.89021
4775 5355 0.584091 6.90688
4771 5355 0.586126 6.92354
4767 5355 0.588162 6.94021
4765 5355 0.590197 6.95688
4763 5355 0.592232 6.97354
4759 5355 0.594267 6.99021
4755 5355 0.596302 7.00688
4747 5355 0.598337 7.02354
4746 5355 0.600372 7.04021
4743 5355 0.602408 7.05688
4740 5355 0.604443 7.07354
4734 5355 0.606478 7.09021
4732 5355 0.608513 7.10687
4731 5355 0.610548 7.12354
4727 5355 0.612583 7.14021
4722 5355 0.614618 7.15687
4719 5355 0.616654 7.17354
4717 5355 0.618689 7.19021
4712 5355 0.620724 7.20687
4710 5355 0.622759 7.22354
4708 5355 0.624794 7.24021
4701 5355 0.626829 7.25687
4699 5355 0.628864 7.27354
4699 5355 0.6309 7.29021
4694 5355 0.632935 7.30687
4692 5355 0.63497 7.32354
4690 5355 0.637005 7.3402
4686 5355 0.63904 7.35687
4682 5355 0.641075 7.37354
4679 5355 0.64311 7.3902
4678 5355 0.645146 7.40687
4673 5355 0.647181 7.42354
4671 5355 0.649216 7.4402
4667 5355 0.651251 7.45687
4663 5355 0.653286 7.47354
4658 5355 0.655321 7.4902
4656 5355 0.657356 7.50687
4653 5355 0.659392 7.52354
4649 5355 0.661427 7.5402
4644 5355 0.663462 7.55687
4642 5355 0.665497 7.57353
4640 5355 0.667532 7.5902
4635 5355 0.669567 7.60687
4629 5355 0.671602 7.62353
4627 5355 0.673638 7.6402
4623 5355 0.675673 7.65687
4621 5355 0.677708 7.67353
4616 5355 0.679743 7.6902
4610 5355 0.681778 7.70687
4606 5355 0.683813 7.72353
4602 5355 0.685848 7.7402
4600 5355 0.687883 7.75687
4594 5355 0.689919 7.77353
4591 5355 0.691954 7.7902
4589 5355 0.693989 7.80686
4587 5355 0.696024 7.82353
4581 5355 0.698059 7.8402
4579 5355 0.700094 7.85686
4575 5355 0.702129 7.87353
4571 5355 0.704165 7.8902
4567 5355 0.7062 7.90686
4562 5355 0.708235 7.92353
4559 5355 0.71027 7.9402
4557 5355 0.712305 7.95686
4554 5355 0.71434 7.97353
4551 5355 0.716375 7.99019
4545 5355 0.718411 8.00686
4541 5355 0.720446 8.02353
4539 5355 0.722481 8.04019
4537 5355 0.724516 8.05686
4533 5355 0.726551 8.07353
4528 5355 0.728586 8.09019
4526 5355 0.730621 8.10686
4522 5355 0.732657 8.12353
4516 5355 0.734692 8.14019
4514 5355 0.736727 8.15686
4508 5355 0.738762 8.17352
4506 5355 0.740797 8.19019
4501 5355 0.742832 8.20686
4497 5355 0.744867 8.22352
4495 5355 0.746903 8.24019
4490 5355 0.748938 8.25686
4488 5355 0.750973 8.27352
4485 5355 0.753008 8.29019
4478 5355 0.755043 8.30686
4476 5355 0.757078 8.32352
4473 5355 0.759113 8.34019
4467 5355 0.761149 8.35686
4464 5355 0.763184 8.37352
4459 5355 0.765219 8.39019
4455 5355 0.767254 8.40685
4451 5355 0.769289 8.42352
4448 5355 0.771324 8.44019
4445 5355 0.773359 8.45685
4440 5355 0.775395 8.47352
4437 5355 0.77743 8.49019
4432 5355 0.779465 8.50685
4429 5355 0.7815 8.52352
4425 5355 0.783535 8.54019
4421 5355 0.78557 8.55685
4416 5355 0.787605 8.57352
4413 5355 0.789641 8.59019
4409 5355 0.791676 8.60685
4402 5355 0.793711 8.62352
4400 5355 0.795746 8.64018
4397 5355 0.797781 8.65685
4392 5355 0.799816 8.67352
4388 5355 0.801851 8.69018
4382 5355 0.803887 8.70685
4377 5355 0.805922 8.72352
4376 5355 0.807957 8.74018
4372 5355 0.809992 8.75685
4367 5355 0.812027 8.77352
4364 5355 0.814062 8.79018
4360 5355 0.816097 8.80685
4355 5355 0.818133 8.82351
4352 5355 0.820168 8.84018
4348 5355 0.822203 8.85685
4346 5355 0.824238 8.87351
4342 5355 0.826273 8.89018
4333 5355 0.828308 8.90685
4331 5355 0.830343 8.92351
4329 5355 0.832379 8.94018
4325 5355 0.834414 8.95685
4319 5355 0.836449 8.97351
4314 5355 0.838484 8.99018
4309 5355 0.840519 9.00685
4307 5355 0.842554 9.02351
4302 5355 0.844589 9.04018
4299 5355 0.846624 9.05684
4293 5355 0.84866 9.07351
4291 5355 0.850695 9.09018
4285 5355 0.85273 9.10684
4280 5355 0.854765 9.12351
4276 5355 0.8568 9.14018
4272 5355 0.858835 9.15684
4266 5355 0.86087 9.17351
4263 5355 0.862906 9.19018
4257 5355 0.864941 9.20684
4254 5355 0.866976 9.22351
4250 5355 0.869011 9.24018
4246 5355 0.871046 9.25684
4241 5355 0.873081 9.27351
4238 5355 0.875116 9.29017
4233 5355 0.877152 9.30684
4228 5355 0.879187 9.32351
4220 5355 0.881222 9.34017
4219 5355 0.883257 9.35684
4214 5355 0.885292 9.37351
4212 5355 0.887327 9.39017
4207 5355 0.889362 9.40684
4200 5355 0.891398 9.42351
4194 5355 0.893433 9.44017
4190 5355 0.895468 9.45684
4187 5355 0.897503 9.47351
4183 5355 0.899538 9.49017
4179 5355 0.901573 9.50684
4175 5355 0.903608 9.5235
4166 5355 0.905644 9.54017
4162 5355 0.907679 9.55684
4157 5355 0.909714 9.5735
4152 5355 0.911749 9.59017
4148 5355 0.913784 9.60684
4146 5355 0.915819 9.6235
4141 5355 0.917854 9.64017
4135 5355 0.91989 9.65684
4128 5355 0.921925 9.6735
4125 5355 0.92396 9.69017
4116 5355 0.925995 9.70683
4113 5355 0.92803 9.7235
4108 5355 0.930065 9.74017
4105 5355 0.9321 9.75683
4101 5355 0.934136 9.7735
4093 5355 0.936171 9.79017
4089 5355 0.938206 9.80683
4084 5355 0.940241 9.8235
4082 5355 0.942276 9.84017
4077 5355 0.944311 9.85683
4070 5355 0.946346 9.8735
4066 5355 0.948382 9.89017
4061 5355 0.950417 9.90683
4059 5355 0.952452 9.9235
4052 5355 0.954487 9.94016
4046 5355 0.956522 9.95683
4044 5355 0.958557 9.9735
4040 5355 0.960592 9.99016
4029 5355 0.962628 10.0068
4026 5355 0.964663 10.0235
4023 5355 0.966698 10.0402
4016 5355 0.968733 10.0568
4011 5355 0.970768 10.0735
4004 5355 0.972803 10.0902
3998 5355 0.974838 10.1068
3994 5355 0.976874 10.1235
3988 5355 0.978909 10.1402
3985 5355 0.980944 10.1568
3978 5355 0.982979 10.1735
3973 5355 0.985014 10.1902
3969 5355 0.987049 10.2068
3961 5355 0.989084 10.2235
3957 5355 0.99112 10.2402
3951 5355 0.993155 10.2568
3948 5355 0.99519 10.2735
3942 5355 0.997225 10.2902
3935 5355 0.99926 10.3068
3931 5355 1.0013 10.3235
3927 5355 1.00333 10.3402
3921 5355 1.00537 10.3568
3916 5355 1.0074 10.3735
3909 5355 1.00944 10.3902
3903 5355 1.01147 10.4068
3897 5355 1.01351 10.4235
3895 5355 1.01554 10.4402
3888 5355 1.01758 10.4568
3883 5355 1.01961 10.4735
3879 5355 1.02165 10.4902
3870 5355 1.02368 10.5068
3866 5355 1.02572 10.5235
3860 5355 1.02775 10.5402
3854 5355 1.02979 10.5568
3847 5355 1.03182 10.5735
3840 5355 1.03386 10.5902
3833 5355 1.03589 10.6068
3827 5355 1.03793 10.6235
3823 5355 1.03996 10.6402
3818 5355 1.042 10.6568
3813 5355 1.04403 10.6735
3805 5355 1.04607 10.6902
3797 5355 1.0481 10.7068
3793 5355 1.05014 10.7235
3787 5355 1.05217 10.7402
3781 5355 1.05421 10.7568
3775 5355 1.05624 10.7735
3770 5355 1.05828 10.7902
3762 5355 1.06031 10.8068
3757 5355 1.06235 10.8235
3750 5355 1.06438 10.8402
3743 5355 1.06642 10.8568
3736 5355 1.06845 10.8735
3730 5355 1.07049 10.8902
3722 5355 1.07253 10.9068
3716 5355 1.07456 10.9235
3708 5355 1.0766 10.9401
3703 5355 1.07863 10.9568
3693 5355 1.08067 10.9735
3688 5355 1.0827 10.9901
3684 5355 1.08474 11.0068
3674 5355 1.08677 11.0235
3665 5355 1.08881 11.0401
3661 5355 1.09084 11.0568
3652 5355 1.09288 11.0735
3648 5355 1.09491 11.0901
3641 5355 1.09695 11.1068
3629 5355 1.09898 11.1235
3623 5355 1.10102 11.1401
3615 5355 1.10305 11.1568
3612 5355 1.10509 11.1735
3604 5355 1.10712 11.1901
3596 5355 1.10916 11.2068
3587 5355 1.11119 11.2235
3580 5355 1.11323 11.2401
3572 5355 1.11526 11.2568
3567 5355 1.1173 11.2735
3557 5355 1.11933 11.2901
3549 5355 1.12137 11.3068
3544 5355 1.1234 11.3235
3538 5355 1.12544 11.3401
3527 5355 1.12747 11.3568
3522 5355 1.12951 11.3735
3515 5355 1.13154 11.3901
3507 5355 1.13358 11.4068
3499 5355 1.13561 11.4235
3491 5355 1.13765 11.4401
3483 5355 1.13968 11.4568
3477 5355 1.14172 11.4735
3469 5355 1.14376 11.4901
3460 5355 1.14579 11.5068
3452 5355 1.14783 11.5235
3446 5355 1.14986 11.5401
3436 5355 1.1519 11.5568
3430 5355 1.15393 11.5735
3422 5355 1.15597 11.5901
3415 5355 1.158 11.6068
3406 5355 1.16004 11.6235
3397 5355 1.16207 11.6401
3391 5355 1.16411 11.6568
3381 5355 1.16614 11.6735
3369 5355 1.16818 11.6901
3364 5355 1.17021 11.7068
3359 5355 1.17225 11.7235
3343 5355 1.17428 11.7401
3337 5355 1.17632 11.7568
3326 5355 1.17835 11.7735
3318 5355 1.18039 11.7901
3308 5355 1.18242 11.8068
3298 5355 1.18446 11.8235
3288 5355 1.18649 11.8401
3280 5355 1.18853 11.8568
3271 5355 1.19056 11.8735
3263 5355 1.1926 11.8901
3252 5355 1.19463 11.9068
3241 5355 1.19667 11.9235
3231 5355 1.1987 11.9401
3222 5355 1.20074 11.9568
3212 5355 1.20277 11.9735
3202 5355 1.20481 11.9901
3193 5355 1.20684 12.0068
3182 5355 1.20888 12.0235
3174 5355 1.21091 12.0401
3161 5355 1.21295 12.0568
3155 5355 1.21499 12.0735
3143 5355 1.21702 12.0901
3136 5355 1.21906 12.1068
3127 5355 1.22109 12.1235
3117 5355 1.22313 12.1401
3107 5355 1.22516 12.1568
3096 5355 1.2272 12.1735
3090 5355 1.22923 12.1901
3074 5355 1.23127 12.2068
3067 5355 1.2333 12.2235
3058 5355 1.23534 12.2401
3048 5355 1.23737 12.2568
3038 5355 1.23941 12.2735
3023 5355 1.24144 12.2901
3016 5355 1.24348 12.3068
3008 5355 1.24551 12.3235
2998 5355 1.24755 12.3401
2987 5355 1.24958 12.3568
2976 5355 1.25162 12.3735
2967 5355 1.25365 12.3901
2957 5355 1.25569 12.4068
2946 5355 1.25772 12.4235
2932 5355 1.25976 12.4401
2924 5355 1.26179 12.4568
2912 5355 1.26383 12.4735
2902 5355 1.26586 12.4901
2891 5355 1.2679 12.5068
2880 5355 1.26993 12.5235
2874 5355 1.27197 12.5401
2859 5355 1.274 12.5568
2848 5355 1.27604 12.5735
2836 5355 1.27807 12.5901
2828 5355 1.28011 12.6068
2819 5355 1.28214 12.6235
2809 5355 1.28418 12.6401
2798 5355 1.28621 12.6568
2787 5355 1.28825 12.6735
2775 5355 1.29029 12.6901
2767 5355 1.29232 12.7068
2757 5355 1.29436 12.7235
2746 5355 1.29639 12.7401
2733 5355 1.29843 12.7568
2723 5355 1.30046 12.7735
2713 5355 1.3025 12.7901
2705 5355 1.30453 12.8068
2690 5355 1.30657 12.8235
2680 5355 1.3086 12.8401
2670 5355 1.31064 12.8568
2661 5355 1.31267 12.8735
2649 5355 1.31471 12.8901
2637 5355 1.31674 12.9068
2627 5355 1.31878 12.9235
2615 5355 1.32081 12.9401
2606 5355 1.32285 12.9568
2593 5355 1.32488 12.9735
2580 5355 1.32692 12.9901
2570 5355 1.32895 13.0068
2560 5355 1.33099 13.0235
2548 5355 1.33302 13.0401
2536 5355 1.33506 13.0568
2525 5355 1.33709 13.0735
2517 5355 1.33913 13.0901
2506 5355 1.34116 13.1068
2495 5355 1.3432 13.1234
2481 5355 1.34523 13.1401
2473 5355 1.34727 13.1568
2458 5355 1.3493 13.1734
2452 5355 1.35134 13.1901
2435 5355 1.35337 13.2068
2427 5355 1.35541 13.2234
2413 5355 1.35744 13.2401
2407 5355 1.35948 13.2568
2391 5355 1.36152 13.2734
2383 5355 1.36355 13.2901
2370 5355 1.36559 13.3068
2359 5355 1.36762 13.3234
2347 5355 1.36966 13.3401
2339 5355 1.37169 13.3568
2322 5355 1.37373 13.3734
2313 5355 1.37576 13.3901
2301 5355 1.3778 13.4068
2289 5355 1.37983 13.4234
2279 5355 1.38187 13.4401
2267 5355 1.3839 13.4568
2255 5355 1.38594 13.4734
2244 5355 1.38797 13.4901
2232 5355 1.39001 13.5068
2219 5355 1.39204 13.5234
2212 5355 1.39408 13.5401
2197 5355 1.39611 13.5568
2187 5355 1.39815 13.5734
2177 5355 1.40018 13.5901
2163 5355 1.40222 13.6068
2157 5355 1.40425 13.6234
2141 5355 1.40629 13.6401
2133 5355 1.40832 13.6568
2118 5355 1.41036 13.6734
2108 5355 1.41239 13.6901
2094 5355 1.41443 13.7068
2087 5355 1.41646 13.7234
2074 5355 1.4185 13.7401
2064 5355 1.42053 13.7568
2054 5355 1.42257 13.7734
2049 5355 1.4246 13.7901
2030 5355 1.42664 13.8068
2022 5355 1.42867 13.8234
2008 5355 1.43071 13.8401
2001 5355 1.43275 13.8568
1989 5355 1.43478 13.8734
1980 5355 1.43682 13.8901
1969 5355 1.43885 13.9068
1956 5355 1.44089 13.9234
1947 5355 1.44292 13.9401
1936 5355 1.44496 13.9568
1925 5355 1.44699 13.9734
1915 5355 1.44903 13.9901
1902 5355 1.45106 14.0068
1890 5355 1.4531 14.0234
1885 5355 1.45513 14.0401
1872 5355 1.45717 14.0568
1859 5355 1.4592 14.0734
1851 5355 1.46124 14.0901
1837 5355 1.46327 14.1068
1828 5355 1.46531 14.1234
1816 5355 1.46734 14.1401
1805 5355 1.46938 14.1568
1799 5355 1.47141 14.1734
1787 5355 1.47345 14.1901
1774 5355 1.47548 14.2068
1764 5355 1.47752 14.2234
1752 5355 1.47955 14.2401
1741 5355 1.48159 14.2568
1729 5355 1.48362 14.2734
1722 5355 1.48566 14.2901
1711 5355 1.48769 14.3068
1702 5355 1.48973 14.3234
1691 5355 1.49176 14.3401
1680 5355 1.4938 14.3568
1670 5355 1.49583 14.3734
1662 5355 1.49787 14.3901
1647 5355 1.4999 14.4068
1638 5355 1.50194 14.4234
1627 5355 1.50398 14.4401
1615 5355 1.50601 14.4568
1604 5355 1.50805 14.4734
1593 5355 1.51008 14.4901
1581 5355 1.51212 14.5068
1573 5355 1.51415 14.5234
1564 5355 1.51619 14.5401
1555 5355 1.51822 14.5568
1543 5355 1.52026 14.5734
1535 5355 1.52229 14.5901
1519 5355 1.52433 14.6068
1510 5355 1.52636 14.6234
1503 5355 1.5284 14.6401
1495 5355 1.53043 14.6568
1485 5355 1.53247 14.6734
1475 5355 1.5345 14.6901
1465 5355 1.53654 14.7068
1457 5355 1.53857 14.7234
1446 5355 1.54061 14.7401
1440 5355 1.54264 14.7568
1426 5355 1.54468 14.7734
1415 5355 1.54671 14.7901
1409 5355 1.54875 14.8068
1401 5355 1.55078 14.8234
1388 5355 1.55282 14.8401
1378 5355 1.55485 14.8568
1368 5355 1.55689 14.8734
1358 5355 1.55892 14.8901
1350 5355 1.56096 14.9068
1341 5355 1.56299 14.9234
1331 5355 1.56503 14.9401
1321 5355 1.56706 14.9568
1310 5355 1.5691 14.9734
1300 5355 1.57113 14.9901
1290 5355 1.57317 15.0068
1281 5355 1.5752 15.0234
1270 5355 1.57724 15.0401
1261 5355 1.57928 15.0568
1253 5355 1.58131 15.0734
1245 5355 1.58335 15.0901
1234 5355 1.58538 15.1068
1226 5355 1.58742 15.1234
1214 5355 1.58945 15.1401
1205 5355 1.59149 15.1568
1194 5355 1.59352 15.1734
1183 5355 1.59556 15.1901
1176 5355 1.59759 15.2068
1167 5355 1.59963 15.2234
1158 5355 1.60166 15.2401
1149 5355 1.6037 15.2568
1140 5355 1.60573 15.2734
1129 5355 1.60777 15.2901
1120 5355 1.6098 15.3067
1109 5355 1.61184 15.3234
1100 5355 1.61387 15.3401
1089 5355 1.61591 15.3567
1080 5355 1.61794 15.3734
1073 5355 1.61998 15.3901
1062 5355 1.62201 15.4067
1050 5355 1.62405 15.4234
1039 5355 1.62608 15.4401
1028 5355 1.62812 15.4567
1017 5355 1.63015 15.4734
1008 5355 1.63219 15.4901
998 5355 1.63422 15.5067
986 5355 1.63626 15.5234
975 5355 1.63829 15.5401
965 5355 1.64033 15.5567
952 5355 1.64236 15.5734
941 5355 1.6444 15.5901
931 5355 1.64643 15.6067
919 5355 1.64847 15.6234
910 5355 1.65051 15.6401
900 5355 1.65254 15.6567
889 5355 1.65458 15.6734
880 5355 1.65661 15.6901
867 5355 1.65865 15.7067
856 5355 1.66068 15.7234
848 5355 1.66272 15.7401
840 5355 1.66475 15.7567
828 5355 1.66679 15.7734
820 5355 1.66882 15.7901
806 5355 1.67086 15.8067
798 5355 1.67289 15.8234
790 5355 1.67493 15.8401
778 5355 1.67696 15.8567
770 5355 1.679 15.8734
758 5355 1.68103 15.8901
749 5355 1.68307 15.9067
738 5355 1.6851 15.9234
727 5355 1.68714 15.9401
719 5355 1.68917 15.9567
707 5355 1.69121 15.9734
697 5355 1.69324 15.9901
687 5355 1.69528 16.0067
677 5355 1.69731 16.0234
666 5355 1.69935 16.0401
657 5355 1.70138 16.0567
643 5355 1.70342 16.0734
637 5355 1.70545 16.0901
625 5355 1.70749 16.1067
616 5355 1.70952 16.1234
608 5355 1.71156 16.1401
598 5355 1.71359 16.1567
593 5355 1.71563 16.1734
579 5355 1.71766 16.1901
572 5355 1.7197 16.2067
562 5355 1.72174 16.2234
556 5355 1.72377 16.2401
544 5355 1.72581 16.2567
537 5355 1.72784 16.2734
530 5355 1.72988 16.2901
522 5355 1.73191 16.3067
515 5355 1.73395 16.3234
507 5355 1.73598 16.3401
498 5355 1.73802 16.3567
489 5355 1.74005 16.3734
482 5355 1.74209 16.3901
475 5355 1.74412 16.4067
467 5355 1.74616 16.4234
458 5355 1.74819 16.4401
451 5355 1.75023 16.4567
443 5355 1.75226 16.4734
438 5355 1.7543 16.4901
430 5355 1.75633 16.5067
423 5355 1.75837 16.5234
415 5355 1.7604 16.5401
408 5355 1.76244 16.5567
403 5355 1.76447 16.5734
396 5355 1.76651 16.5901
390 5355 1.76854 16.6067
383 5355 1.77058 16.6234
376 5355 1.77261 16.6401
369 5355 1.77465 16.6567
364 5355 1.77668 16.6734
357 5355 1.77872 16.6901
350 5355 1.78075 16.7067
344 5355 1.78279 16.7234
336 5355 1.78482 16.7401
332 5355 1.78686 16.7567
326 5355 1.78889 16.7734
322 5355 1.79093 16.7901
314 5355 1.79297 16.8067
307 5355 1.795 16.8234
301 5355 1.79704 16.8401
297 5355 1.79907 16.8567
290 5355 1.80111 16.8734
284 5355 1.80314 16.8901
280 5355 1.80518 16.9067
274 5355 1.80721 16.9234
270 5355 1.80925 16.9401
264 5355 1.81128 16.9567
259 5355 1.81332 16.9734
253 5355 1.81535 16.9901
250 5355 1.81739 17.0067
243 5355 1.81942 17.0234
240 5355 1.82146 17.0401
237 5355 1.82349 17.0567
231 5355 1.82553 17.0734
227 5355 1.82756 17.0901
223 5355 1.8296 17.1067
217 5355 1.83163 17.1234
214 5355 1.83367 17.1401
208 5355 1.8357 17.1567
205 5355 1.83774 17.1734
201 5355 1.83977 17.1901
198 5355 1.84181 17.2067
192 5355 1.84384 17.2234
189 5355 1.84588 17.2401
185 5355 1.84791 17.2567
182 5355 1.84995 17.2734
178 5355 1.85198 17.2901
175 5355 1.85402 17.3067
172 5355 1.85605 17.3234
168 5355 1.85809 17.3401
164 5355 1.86012 17.3567
161 5355 1.86216 17.3734
158 5355 1.86419 17.3901
153 5355 1.86623 17.4067
151 5355 1.86827 17.4234
148 5355 1.8703 17.4401
146 5355 1.87234 17.4567
142 5355 1.87437 17.4734
138 5355 1.87641 17.49
134 5355 1.87844 17.5067
133 5355 1.88048 17.5234
130 5355 1.88251 17.54
127 5355 1.88455 17.5567
125 5355 1.88658 17.5734
123 5355 1.88862 17.59
119 5355 1.89065 17.6067
117 5355 1.89269 17.6234
114 5355 1.89472 17.64
113 5355 1.89676 17.6567
110 5355 1.89879 17.6734
108 5355 1.90083 17.69
106 5355 1.90286 17.7067
103 5355 1.9049 17.7234
101 5355 1.90693 17.74
99 5355 1.90897 17.7567
96 5355 1.911 17.7734
94 5355 1.911 17.79
92 5355 1.911 17.8067
90 5355 1.911 17.8234
87 5355 1.911 17.84
86 5355 1.911 17.8567
85 5355 1.911 17.8734
82 5355 1.911 17.89
80 5355 1.911 17.9067
78 5355 1.911 17.9234
76 5355 1.911 17.94
73 5355 1.911 17.9567
72 5355 1.911 17.9734
70 5355 1.911 17.99
67 5355 1.911 18.0067
66 5355 1.911 18.0234
64 5355 1.911 18.04
62 5355 1.911 18.0567
61 5355 1.911 18.0734
59 5355 1.911 18.09
58 5355 1.911 18.1067
57 5355 1.911 18.1234
56 5355 1.911 18.14
53 5355 1.911 18.1567
52 5355 1.911 18.1734
51 5355 1.911 18.19
49 5355 1.911 18.2067
48 5355 1.911 18.2234
46 5355 1.911 18.24
45 5355 1.911 18.2567
43 5355 1.911 18.2734
43 5355 1.911 18.29
41 5355 1.911 18.3067
40 5355 1.911 18.3234
37 5355 1.911 18.34
37 5355 1.911 18.3567
36 5355 1.911 18.3734
34 5355 1.911 18.39
33 5355 1.911 18.4067
30 5355 1.911 18.4234
30 5355 1.911 18.44
27 5355 1.911 18.4567
27 5355 1.911 18.4734
27 5355 1.911 18.49
27 5355 1.911 18.5067
25 5355 1.911 18.5234
23 5355 1.911 18.54
22 5355 1.911 18.5567
21 5355 1.911 18.5734
20 5355 1.911 18.59
19 5355 1.911 18.6067
19 5355 1.911 18.6234
18 5355 1.911 18.64
16 5355 1.911 18.6567
14 5355 1.911 18.6734
14 5355 1.911 18.69
13 5355 1.911 18.7067
12 5355 1.911 18.7234
10 5355 1.911 18.74
10 5355 1.911 18.7567
10 5355 1.911 18.7734
10 5355 1.911 18.79
10 5355 1.911 18.8067
9 5355 1.911 18.8234
9 5355 1.911 18.84
8 5355 1.911 18.8567
6 5355 1.911 18.8734
5 5355 1.911 18.89
5 5355 1.911 18.9067
5 5355 1.911 18.9234
3 5355 1.911 18.94
3 5355 1.911 18.9567
3 5355 1.911 18.9734
2 5355 1.911 18.99
1 5355 1.911 19.0067
1 5355 1.911 19.0234
1 5355 1.911 19.04
1 5355 1.911 19.0567
1 5355 1.911 19.0734
1 5355 1.911 19.09
1 5355 1.911 19.1067
1 5355 1.911 19.1234
1 5355 1.911 19.14
1 5355 1.911 19.1567
1 5355 1.911 19.1734
1 5355 1.911 19.19
1 5355 1.911 19.2067
1 5355 1.911 19.2234
1 5355 1.911 19.24
1 5355 1.911 19.2567
1 5355 1.911 19.2734
1 5355 1.911 19.29
1 5355 1.911 19.3067
1 5355 1.911 19.3234
1 5355 1.911 19.34
1 5355 1.911 19.3567
