4740 4761 0.00281973 0.00613451
4739 4761 0.00281973 0.0228014
4738 4761 0.00281973 0.0394683
4738 4761 0.00281973 0.0561352
4738 4761 0.00281973 0.0728021
4738 4761 0.00281973 0.089469
4737 4761 0.00281973 0.106136
4736 4761 0.00281973 0.122803
4736 4761 0.00281973 0.13947
4736 4761 0.00281973 0.156137
4736 4761 0.00281973 0.172803
4735 4761 0.00281973 0.18947
4735 4761 0.00281973 0.206137
4734 4761 0.00281973 0.222804
4734 4761 0.00281973 0.239471
4734 4761 0.00281973 0.256138
4734 4761 0.00281973 0.272805
4733 4761 0.00281973 0.289472
4732 4761 0.00281973 0.306139
4731 4761 0.00281973 0.322805
4730 4761 0.00281973 0.339472
4730 4761 0.00281973 0.356139
4730 4761 0.00281973 0.372806
4729 4761 0.00281973 0.389473
4728 4761 0.00281973 0.40614
4728 4761 0.00281973 0.422807
4728 4761 0.00281973 0.439474
4728 4761 0.00281973 0.456141
4728 4761 0.00281973 0.472807
4728 4761 0.00281973 0.489474
4728 4761 0.00281973 0.506141
4728 4761 0.00281973 0.522808
4728 4761 0.00281973 0.539475
4728 4761 0.00281973 0.556142
4728 4761 0.00281973 0.572809
4727 4761 0.00281973 0.589476
4727 4761 0.00281973 0.606143
4727 4761 0.00281973 0.622809
4726 4761 0.00281973 0.639476
4726 4761 0.00281973 0.656143
4726 4761 0.00281973 0.67281
4726 4761 0.00281973 0.689477
4725 4761 0.00281973 0.706144
4725 4761 0.00281973 0.722811
4725 4761 0.00281973 0.739478
4725 4761 0.00281973 0.756145
4725 4761 0.00281973 0.772811
4725 4761 0.00281973 0.789478
4725 4761 0.00281973 0.806145
4725 4761 0.00281973 0.822812
4725 4761 0.00281973 0.839479
4725 4761 0.00281973 0.856146
4725 4761 0.00281973 0.872813
4724 4761 0.00281973 0.88948
4724 4761 0.00281973 0.906147
4724 4761 0.00281973 0.922813
4724 4761 0.00281973 0.93948
4724 4761 0.00281973 0.956147
4724 4761 0.00281973 0.972814
4724 4761 0.00281973 0.989481
4724 4761 0.00281973 1.00615
4724 4761 0.00281973 1.02281
4724 4761 0.00281973 1.03948
4724 4761 0.00281973 1.05615
4723 4761 0.00281973 1.07282
4723 4761 0.00281973 1.08948
4723 4761 0.00281973 1.10615
4723 4761 0.00281973 1.12282
4723 4761 0.00281973 1.13948
4723 4761 0.00281973 1.15615
4723 4761 0.00281973 1.17282
4723 4761 0.00281973 1.18948
4723 4761 0.00281973 1.20615
4723 4761 0.00281973 1.22282
4722 4761 0.00281973 1.23948
4722 4761 0.00281973 1.25615
4722 4761 0.00281973 1.27282
4722 4761 0.00281973 1.28948
4722 4761 0.00281973 1.30615
4722 4761 0.00281973 1.32282
4721 4761 0.00281973 1.33949
4721 4761 0.00281973 1.35615
4721 4761 0.00281973 1.37282
4721 4761 0.00281973 1.38949
4721 4761 0.00281973 1.40615
4721 4761 0.00281973 1.42282
4720 4761 0.00281973 1.43949
4720 4761 0.00281973 1.45615
4720 4761 0.00281973 1.47282
4720 4761 0.00281973 1.48949
4720 4761 0.00281973 1.50615
4720 4761 0.00281973 1.52282
4720 4761 0.00281973 1.53949
4720 4761 0.00281973 1.55616
4720 4761 0.00281973 1.57282
4720 4761 0.00281973 1.58949
4720 4761 0.00281973 1.60616
4720 4761 0.00281973 1.62282
4720 4761 0.00281973 1.63949
4720 4761 0.00281973 1.65616
4720 4761 0.00281973 1.67282
4720 4761 0.00281973 1.68949
4720 4761 0.00281973 1.70616
4720 4761 0.00281973 1.72282
4720 4761 0.00281973 1.73949
4720 4761 0.00281973 1.75616
4720 4761 0.00281973 1.77282
4720 4761 0.00281973 1.78949
4720 4761 0.00563946 1.80616
4720 4761 0.0084592 1.82283
4720 4761 0.0112789 1.83949
4720 4761 0.0140987 1.85616
4720 4761 0.0169184 1.87283
4719 4761 0.0197381 1.88949
4719 4761 0.0225579 1.90616
4719 4761 0.0253776 1.92283
4719 4761 0.0281973 1.93949
4719 4761 0.0310171 1.95616
4719 4761 0.0338368 1.97283
4719 4761 0.0366565 1.98949
4719 4761 0.0394762 2.00616
4718 4761 0.042296 2.02283
4718 4761 0.0451157 2.03949
4718 4761 0.0479354 2.05616
4718 4761 0.0507552 2.07282
4718 4761 0.0535749 2.08949
4718 4761 0.0563946 2.10616
4718 4761 0.0592144 2.12282
4718 4761 0.0620341 2.13949
4718 4761 0.0648538 2.15616
4718 4761 0.0676736 2.17282
4718 4761 0.0704933 2.18949
4718 4761 0.073313 2.20616
4718 4761 0.0761328 2.22282
4718 4761 0.0789525 2.23949
4718 4761 0.0817722 2.25616
4718 4761 0.084592 2.27282
4718 4761 0.0874117 2.28949
4718 4761 0.0902314 2.30615
4718 4761 0.0930512 2.32282
4718 4761 0.0958709 2.33949
4718 4761 0.0986906 2.35615
4718 4761 0.10151 2.37282
4718 4761 0.10433 2.38949
4718 4761 0.10715 2.40615
4718 4761 0.10997 2.42282
4718 4761 0.112789 2.43949
4718 4761 0.115609 2.45615
4718 4761 0.118429 2.47282
4718 4761 0.121248 2.48949
4718 4761 0.124068 2.50615
4717 4761 0.126888 2.52282
4717 4761 0.129708 2.53948
4717 4761 0.132527 2.55615
4717 4761 0.135347 2.57282
4717 4761 0.138167 2.58948
4717 4761 0.140987 2.60615
4717 4761 0.143806 2.62282
4717 4761 0.146626 2.63948
4717 4761 0.149446 2.65615
4717 4761 0.152266 2.67282
4717 4761 0.155085 2.68948
4717 4761 0.157905 2.70615
4717 4761 0.160725 2.72282
4717 4761 0.163544 2.73948
4716 4761 0.166364 2.75615
4715 4761 0.169184 2.77281
4714 4761 0.172004 2.78948
4713 4761 0.174823 2.80615
4712 4761 0.177643 2.82281
4710 4761 0.180463 2.83948
4709 4761 0.183283 2.85615
4707 4761 0.186102 2.87281
4705 4761 0.188922 2.88948
4705 4761 0.191742 2.90615
4704 4761 0.194562 2.92281
4704 4761 0.197381 2.93948
4701 4761 0.200201 2.95614
4701 4761 0.203021 2.97281
4700 4761 0.20584 2.98948
4699 4761 0.20866 3.00614
4697 4761 0.21148 3.02281
4694 4761 0.2143 3.03948
4692 4761 0.217119 3.05614
4690 4761 0.219939 3.07281
4687 4761 0.222759 3.08948
4684 4761 0.225579 3.10614
4680 4761 0.228398 3.12281
4676 4761 0.231218 3.13948
4674 4761 0.234038 3.15614
4670 4761 0.236857 3.17281
4665 4761 0.239677 3.18947
4662 4761 0.242497 3.20614
4654 4761 0.245317 3.22281
4652 4761 0.248136 3.23947
4645 4761 0.250956 3.25614
4644 4761 0.253776 3.27281
4639 4761 0.256596 3.28947
4633 4761 0.259415 3.30614
4628 4761 0.262235 3.32281
4623 4761 0.265055 3.33947
4619 4761 0.267875 3.35614
4613 4761 0.270694 3.37281
4609 4761 0.273514 3.38947
4604 4761 0.276334 3.40614
4598 4761 0.279154 3.4228
4595 4761 0.281973 3.43947
4588 4761 0.284793 3.45614
4584 4761 0.287613 3.4728
4579 4761 0.290433 3.48947
4577 4761 0.293252 3.50614
4568 4761 0.296072 3.5228
4566 4761 0.298892 3.53947
4563 4761 0.301712 3.55614
4559 4761 0.304531 3.5728
4555 4761 0.307351 3.58947
4547 4761 0.310171 3.60613
4539 4761 0.312991 3.6228
4535 4761 0.31581 3.63947
4529 4761 0.31863 3.65613
4524 4761 0.32145 3.6728
4518 4761 0.32427 3.68947
4513 4761 0.327089 3.70613
4506 4761 0.329909 3.7228
4505 4761 0.332729 3.73947
4500 4761 0.335549 3.75613
4495 4761 0.338368 3.7728
4491 4761 0.341188 3.78947
4482 4761 0.344008 3.80613
4474 4761 0.346828 3.8228
4469 4761 0.349647 3.83946
4463 4761 0.352467 3.85613
4458 4761 0.355287 3.8728
4452 4761 0.358107 3.88946
4446 4761 0.360926 3.90613
4440 4761 0.363746 3.9228
4433 4761 0.366566 3.93946
4428 4761 0.369386 3.95613
4419 4761 0.372205 3.9728
4414 4761 0.375025 3.98946
4408 4761 0.377845 4.00613
4404 4761 0.380664 4.0228
4398 4761 0.383484 4.03946
4392 4761 0.386304 4.05613
4390 4761 0.389124 4.07279
4385 4761 0.391943 4.08946
4381 4761 0.394763 4.10613
4374 4761 0.397583 4.12279
4367 4761 0.400403 4.13946
4364 4761 0.403222 4.15613
4360 4761 0.406042 4.17279
4355 4761 0.408862 4.18946
4351 4761 0.411682 4.20613
4344 4761 0.414501 4.22279
4339 4761 0.417321 4.23946
4334 4761 0.420141 4.25612
4327 4761 0.422961 4.27279
4322 4761 0.42578 4.28946
4318 4761 0.4286 4.30612
4310 4761 0.43142 4.32279
4306 4761 0.43424 4.33946
4302 4761 0.437059 4.35612
4297 4761 0.439879 4.37279
4290 4761 0.442699 4.38946
4283 4761 0.445519 4.40612
4279 4761 0.448338 4.42279
4277 4761 0.451158 4.43946
4266 4761 0.453978 4.45612
4263 4761 0.456798 4.47279
4256 4761 0.459617 4.48945
4252 4761 0.462437 4.50612
4247 4761 0.465257 4.52279
4242 4761 0.468077 4.53945
4240 4761 0.470896 4.55612
4232 4761 0.473716 4.57279
4229 4761 0.476536 4.58945
4220 4761 0.479356 4.60612
4216 4761 0.482175 4.62279
4209 4761 0.484995 4.63945
4207 4761 0.487815 4.65612
4199 4761 0.490635 4.67279
4194 4761 0.493454 4.68945
4190 4761 0.496274 4.70612
4187 4761 0.499094 4.72278
4179 4761 0.501914 4.73945
4174 4761 0.504733 4.75612
4168 4761 0.507553 4.77278
4163 4761 0.510373 4.78945
4158 4761 0.513192 4.80612
4156 4761 0.516012 4.82278
4148 4761 0.518832 4.83945
4143 4761 0.521652 4.85612
4137 4761 0.524471 4.87278
4134 4761 0.527291 4.88945
4129 4761 0.530111 4.90612
4121 4761 0.53293 4.92278
4117 4761 0.53575 4.93945
4107 4761 0.53857 4.95611
4099 4761 0.54139 4.97278
4094 4761 0.544209 4.98945
4092 4761 0.547029 5.00611
4086 4761 0.549849 5.02278
4077 4761 0.552669 5.03945
4073 4761 0.555488 5.05611
4069 4761 0.558308 5.07278
4061 4761 0.561128 5.08945
4056 4761 0.563947 5.10611
4048 4761 0.566767 5.12278
4044 4761 0.569587 5.13944
4036 4761 0.572407 5.15611
4031 4761 0.575226 5.17278
4026 4761 0.578046 5.18944
4022 4761 0.580866 5.20611
4014 4761 0.583685 5.22278
4013 4761 0.586505 5.23944
4006 4761 0.589325 5.25611
4000 4761 0.592145 5.27278
3992 4761 0.594964 5.28944
3990 4761 0.597784 5.30611
3983 4761 0.600604 5.32278
3976 4761 0.603423 5.33944
3968 4761 0.606243 5.35611
3963 4761 0.609063 5.37277
3956 4761 0.611883 5.38944
3950 4761 0.614702 5.40611
3945 4761 0.617522 5.42277
3939 4761 0.620342 5.43944
3935 4761 0.623161 5.45611
3929 4761 0.625981 5.47277
3923 4761 0.628801 5.48944
3919 4761 0.631621 5.50611
3911 4761 0.63444 5.52277
3905 4761 0.63726 5.53944
3901 4761 0.64008 5.55611
3896 4761 0.642899 5.57277
3890 4761 0.645719 5.58944
3883 4761 0.648539 5.6061
3880 4761 0.651359 5.62277
3874 4761 0.654178 5.63944
3868 4761 0.656998 5.6561
3860 4761 0.659818 5.67277
3855 4761 0.662637 5.68944
3851 4761 0.665457 5.7061
3845 4761 0.668277 5.72277
3839 4761 0.671097 5.73944
3833 4761 0.673916 5.7561
3828 4761 0.676736 5.77277
3821 4761 0.679556 5.78943
3811 4761 0.682375 5.8061
3807 4761 0.685195 5.82277
3799 4761 0.688015 5.83943
3796 4761 0.690835 5.8561
3788 4761 0.693654 5.87277
3783 4761 0.696474 5.88943
3775 4761 0.699294 5.9061
3768 4761 0.702114 5.92277
3765 4761 0.704933 5.93943
3760 4761 0.707753 5.9561
3751 4761 0.710573 5.97277
3746 4761 0.713392 5.98943
3740 4761 0.716212 6.0061
3732 4761 0.719032 6.02276
3725 4761 0.721852 6.03943
3720 4761 0.724671 6.0561
3712 4761 0.727491 6.07276
3709 4761 0.730311 6.08943
3699 4761 0.73313 6.1061
3691 4761 0.73595 6.12276
3686 4761 0.73877 6.13943
3678 4761 0.74159 6.1561
3672 4761 0.744409 6.17276
3669 4761 0.747229 6.18943
3659 4761 0.750049 6.2061
3653 4761 0.752868 6.22276
3648 4761 0.755688 6.23943
3638 4761 0.758508 6.25609
3634 4761 0.761328 6.27276
3627 4761 0.764147 6.28943
3618 4761 0.766967 6.30609
3613 4761 0.769787 6.32276
3604 4761 0.772606 6.33943
3599 4761 0.775426 6.35609
3592 4761 0.778246 6.37276
3586 4761 0.781066 6.38943
3579 4761 0.783885 6.40609
3572 4761 0.786705 6.42276
3563 4761 0.789525 6.43942
3558 4761 0.792344 6.45609
3547 4761 0.795164 6.47276
3542 4761 0.797984 6.48942
3537 4761 0.800804 6.50609
3530 4761 0.803623 6.52276
3521 4761 0.806443 6.53942
3513 4761 0.809263 6.55609
3506 4761 0.812082 6.57276
3499 4761 0.814902 6.58942
3493 4761 0.817722 6.60609
3489 4761 0.820542 6.62276
3479 4761 0.823361 6.63942
3469 4761 0.826181 6.65609
3463 4761 0.829001 6.67275
3457 4761 0.83182 6.68942
3451 4761 0.83464 6.70609
3441 4761 0.83746 6.72275
3437 4761 0.84028 6.73942
3431 4761 0.843099 6.75609
3424 4761 0.845919 6.77275
3413 4761 0.848739 6.78942
3408 4761 0.851559 6.80609
3399 4761 0.854378 6.82275
3390 4761 0.857198 6.83942
3384 4761 0.860018 6.85609
3379 4761 0.862837 6.87275
3368 4761 0.865657 6.88942
3364 4761 0.868477 6.90608
3355 4761 0.871297 6.92275
3347 4761 0.874116 6.93942
3337 4761 0.876936 6.95608
3330 4761 0.879756 6.97275
3325 4761 0.882575 6.98942
3314 4761 0.885395 7.00608
3306 4761 0.885395 7.02275
3299 4761 0.885395 7.03942
3291 4761 0.885395 7.05608
3284 4761 0.885395 7.07275
3277 4761 0.885395 7.08942
3267 4761 0.885395 7.10608
3262 4761 0.885395 7.12275
3254 4761 0.885395 7.13941
3245 4761 0.885395 7.15608
3237 4761 0.885395 7.17275
3227 4761 0.885395 7.18941
3218 4761 0.885395 7.20608
3211 4761 0.885395 7.22275
3205 4761 0.885395 7.23941
3199 4761 0.885395 7.25608
3191 4761 0.885395 7.27275
3182 4761 0.885395 7.28941
3175 4761 0.885395 7.30608
3167 4761 0.885395 7.32274
3157 4761 0.885395 7.33941
3150 4761 0.885395 7.35608
3140 4761 0.885395 7.37274
3132 4761 0.885395 7.38941
3125 4761 0.885395 7.40608
3118 4761 0.885395 7.42274
3111 4761 0.885395 7.43941
3103 4761 0.885395 7.45608
3092 4761 0.885395 7.47274
3084 4761 0.885395 7.48941
3077 4761 0.885395 7.50608
3068 4761 0.885395 7.52274
3055 4761 0.885395 7.53941
3045 4761 0.885395 7.55607
3039 4761 0.885395 7.57274
3028 4761 0.885395 7.58941
3021 4761 0.885395 7.60607
3015 4761 0.885395 7.62274
3004 4761 0.885395 7.63941
2999 4761 0.885395 7.65607
2988 4761 0.885395 7.67274
2982 4761 0.885395 7.68941
2975 4761 0.885395 7.70607
2967 4761 0.885395 7.72274
2957 4761 0.885395 7.73941
2953 4761 0.885395 7.75607
2944 4761 0.885395 7.77274
2940 4761 0.885395 7.7894
2928 4761 0.885395 7.80607
2924 4761 0.885395 7.82274
2920 4761 0.885395 7.8394
2911 4761 0.885395 7.85607
2903 4761 0.885395 7.87274
2897 4761 0.885395 7.8894
2891 4761 0.885395 7.90607
2884 4761 0.885395 7.92274
2882 4761 0.885395 7.9394
2875 4761 0.885395 7.95607
2870 4761 0.885395 7.97273
2864 4761 0.885395 7.9894
2861 4761 0.885395 8.00607
2857 4761 0.885395 8.02273
2852 4761 0.885395 8.0394
2844 4761 0.885395 8.05607
2842 4761 0.885395 8.07273
2838 4761 0.885395 8.0894
2834 4761 0.885395 8.10607
2829 4761 0.885395 8.12273
2825 4761 0.885395 8.1394
2822 4761 0.885395 8.15606
2814 4761 0.885395 8.17273
2809 4761 0.885395 8.1894
2807 4761 0.885395 8.20606
2805 4761 0.885395 8.22273
2802 4761 0.885395 8.2394
2796 4761 0.885395 8.25606
2795 4761 0.885395 8.27273
2792 4761 0.885395 8.2894
2788 4761 0.885395 8.30606
2784 4761 0.885395 8.32273
2779 4761 0.885395 8.3394
2776 4761 0.885395 8.35606
2773 4761 0.885395 8.37273
2771 4761 0.885395 8.38939
2770 4761 0.885395 8.40606
2769 4761 0.885395 8.42273
2764 4761 0.885395 8.43939
2762 4761 0.885395 8.45606
2756 4761 0.885395 8.47273
2755 4761 0.885395 8.48939
2754 4761 0.885395 8.50606
2752 4761 0.885395 8.52273
2750 4761 0.885395 8.53939
2748 4761 0.885395 8.55606
2743 4761 0.885395 8.57273
2741 4761 0.885395 8.58939
2741 4761 0.885395 8.60606
2737 4761 0.885395 8.62272
2736 4761 0.885395 8.63939
2733 4761 0.885395 8.65606
2729 4761 0.885395 8.67272
2728 4761 0.885395 8.68939
2726 4761 0.885395 8.70606
2725 4761 0.885395 8.72272
2722 4761 0.885395 8.73939
2718 4761 0.885395 8.75606
2716 4761 0.885395 8.77272
2713 4761 0.885395 8.78939
2713 4761 0.885395 8.80606
2712 4761 0.885395 8.82272
2709 4761 0.885395 8.83939
2708 4761 0.885395 8.85605
2704 4761 0.885395 8.87272
2700 4761 0.885395 8.88939
2699 4761 0.885395 8.90605
2698 4761 0.885395 8.92272
2696 4761 0.885395 8.93939
2695 4761 0.885395 8.95605
2691 4761 0.885395 8.97272
2690 4761 0.885395 8.98939
2689 4761 0.885395 9.00605
2686 4761 0.885395 9.02272
2683 4761 0.885395 9.03938
2681 4761 0.885395 9.05605
2680 4761 0.885395 9.07272
2677 4761 0.885395 9.08938
2677 4761 0.885395 9.10605
2675 4761 0.885395 9.12272
2674 4761 0.885395 9.13938
2673 4761 0.885395 9.15605
2671 4761 0.885395 9.17272
2671 4761 0.885395 9.18938
2669 4761 0.885395 9.20605
2667 4761 0.885395 9.22272
2665 4761 0.885395 9.23938
2663 4761 0.885395 9.25605
2661 4761 0.885395 9.27271
2660 4761 0.885395 9.28938
2659 4761 0.885395 9.30605
2658 4761 0.885395 9.32271
2657 4761 0.885395 9.33938
2655 4761 0.885395 9.35605
2654 4761 0.885395 9.37271
2653 4761 0.885395 9.38938
2652 4761 0.885395 9.40605
2649 4761 0.885395 9.42271
2649 4761 0.885395 9.43938
2648 4761 0.885395 9.45605
2648 4761 0.885395 9.47271
2647 4761 0.885395 9.48938
2646 4761 0.885395 9.50604
2645 4761 0.885395 9.52271
2644 4761 0.885395 9.53938
2643 4761 0.885395 9.55604
2641 4761 0.885395 9.57271
2640 4761 0.885395 9.58938
2638 4761 0.885395 9.60604
2638 4761 0.885395 9.62271
2637 4761 0.885395 9.63938
2636 4761 0.885395 9.65604
2635 4761 0.885395 9.67271
2635 4761 0.885395 9.68937
2635 4761 0.885395 9.70604
2633 4761 0.885395 9.72271
2632 4761 0.885395 9.73937
2629 4761 0.885395 9.75604
2629 4761 0.885395 9.77271
2629 4761 0.885395 9.78937
2626 4761 0.885395 9.80604
2626 4761 0.885395 9.82271
2626 4761 0.885395 9.83937
2624 4761 0.885395 9.85604
2624 4761 0.885395 9.87271
2624 4761 0.885395 9.88937
2623 4761 0.885395 9.90604
2622 4761 0.885395 9.9227
2622 4761 0.885395 9.93937
2620 4761 0.885395 9.95604
2618 4761 0.885395 9.9727
2618 4761 0.885395 9.98937
2617 4761 0.885395 10.006
2616 4761 0.885395 10.0227
2614 4761 0.885395 10.0394
2614 4761 0.885395 10.056
2613 4761 0.885395 10.0727
2613 4761 0.885395 10.0894
2611 4761 0.885395 10.106
2610 4761 0.885395 10.1227
2610 4761 0.885395 10.1394
2610 4761 0.885395 10.156
2608 4761 0.885395 10.1727
2607 4761 0.885395 10.1894
2607 4761 0.885395 10.206
2606 4761 0.885395 10.2227
2606 4761 0.885395 10.2394
2605 4761 0.885395 10.256
2604 4761 0.885395 10.2727
2604 4761 0.885395 10.2894
2603 4761 0.885395 10.306
2603 4761 0.885395 10.3227
2602 4761 0.885395 10.3394
2599 4761 0.885395 10.356
2598 4761 0.885395 10.3727
2598 4761 0.885395 10.3894
2598 4761 0.885395 10.406
2598 4761 0.885395 10.4227
2598 4761 0.885395 10.4394
2598 4761 0.885395 10.456
2598 4761 0.885395 10.4727
2596 4761 0.885395 10.4894
2596 4761 0.885395 10.506
2596 4761 0.885395 10.5227
2596 4761 0.885395 10.5394
2595 4761 0.885395 10.556
2594 4761 0.885395 10.5727
2593 4761 0.885395 10.5894
2593 4761 0.885395 10.606
2593 4761 0.885395 10.6227
2593 4761 0.885395 10.6394
2593 4761 0.885395 10.656
2592 4761 0.885395 10.6727
2591 4761 0.885395 10.6894
2591 4761 0.885395 10.706
2591 4761 0.885395 10.7227
2591 4761 0.885395 10.7394
2589 4761 0.885395 10.756
2589 4761 0.885395 10.7727
2589 4761 0.885395 10.7894
2588 4761 0.885395 10.806
2587 4761 0.885395 10.8227
2587 4761 0.885395 10.8394
2587 4761 0.885395 10.856
2585 4761 0.885395 10.8727
2585 4761 0.885395 10.8894
2585 4761 0.885395 10.906
2584 4761 0.885395 10.9227
2584 4761 0.885395 10.9394
2583 4761 0.885395 10.956
2582 4761 0.885395 10.9727
2581 4761 0.885395 10.9894
2581 4761 0.885395 11.006
2581 4761 0.885395 11.0227
2581 4761 0.885395 11.0394
2580 4761 0.885395 11.056
2580 4761 0.885395 11.0727
2580 4761 0.885395 11.0894
2580 4761 0.885395 11.106
2579 4761 0.885395 11.1227
2578 4761 0.885395 11.1394
2578 4761 0.885395 11.156
2577 4761 0.885395 11.1727
2577 4761 0.885395 11.1894
2576 4761 0.885395 11.206
2576 4761 0.885395 11.2227
2574 4761 0.885395 11.2394
2574 4761 0.885395 11.256
2574 4761 0.885395 11.2727
2574 4761 0.885395 11.2894
2574 4761 0.885395 11.306
2574 4761 0.885395 11.3227
2573 4761 0.885395 11.3393
2572 4761 0.885395 11.356
2571 4761 0.885395 11.3727
2571 4761 0.885395 11.3893
2571 4761 0.885395 11.406
2571 4761 0.885395 11.4227
2570 4761 0.885395 11.4393
2570 4761 0.885395 11.456
2570 4761 0.885395 11.4727
2570 4761 0.885395 11.4893
2570 4761 0.885395 11.506
2570 4761 0.885395 11.5227
2568 4761 0.885395 11.5393
2568 4761 0.885395 11.556
2568 4761 0.885395 11.5727
2568 4761 0.885395 11.5893
2568 4761 0.885395 11.606
2568 4761 0.885395 11.6227
2568 4761 0.885395 11.6393
2567 4761 0.885395 11.656
2566 4761 0.885395 11.6727
2566 4761 0.885395 11.6893
2566 4761 0.885395 11.706
2565 4761 0.885395 11.7227
2565 4761 0.885395 11.7393
2565 4761 0.885395 11.756
2565 4761 0.885395 11.7727
2565 4761 0.885395 11.7893
2565 4761 0.885395 11.806
2563 4761 0.885395 11.8227
2563 4761 0.885395 11.8393
2563 4761 0.885395 11.856
2563 4761 0.885395 11.8727
2563 4761 0.885395 11.8893
2563 4761 0.885395 11.906
2563 4761 0.885395 11.9227
2563 4761 0.885395 11.9393
2563 4761 0.885395 11.956
2561 4761 0.885395 11.9727
2561 4761 0.885395 11.9893
2561 4761 0.885395 12.006
2560 4761 0.885395 12.0227
2560 4761 0.885395 12.0393
2560 4761 0.885395 12.056
2560 4761 0.885395 12.0727
2560 4761 0.885395 12.0893
2560 4761 0.885395 12.106
2560 4761 0.885395 12.1227
2560 4761 0.885395 12.1393
2560 4761 0.885395 12.156
2560 4761 0.885395 12.1727
2559 4761 0.885395 12.1893
2558 4761 0.885395 12.206
2558 4761 0.885395 12.2227
2558 4761 0.885395 12.2393
2558 4761 0.885395 12.256
2558 4761 0.885395 12.2727
2558 4761 0.885395 12.2893
2558 4761 0.885395 12.306
2558 4761 0.885395 12.3227
2557 4761 0.885395 12.3393
2557 4761 0.885395 12.356
2557 4761 0.885395 12.3727
2557 4761 0.885395 12.3893
2557 4761 0.885395 12.406
2557 4761 0.885395 12.4227
2557 4761 0.885395 12.4393
2557 4761 0.885395 12.456
2557 4761 0.885395 12.4727
2556 4761 0.885395 12.4893
2556 4761 0.885395 12.506
2555 4761 0.885395 12.5227
2555 4761 0.885395 12.5393
2554 4761 0.885395 12.556
2553 4761 0.885395 12.5727
2553 4761 0.885395 12.5893
2553 4761 0.885395 12.606
2553 4761 0.885395 12.6227
2553 4761 0.885395 12.6393
2553 4761 0.885395 12.656
2553 4761 0.885395 12.6727
2552 4761 0.885395 12.6893
2552 4761 0.885395 12.706
2551 4761 0.885395 12.7227
2551 4761 0.885395 12.7393
2551 4761 0.885395 12.756
2551 4761 0.885395 12.7727
2551 4761 0.885395 12.7893
2551 4761 0.885395 12.806
2551 4761 0.885395 12.8227
2550 4761 0.885395 12.8393
2550 4761 0.885395 12.856
2550 4761 0.885395 12.8727
2550 4761 0.885395 12.8893
2550 4761 0.885395 12.906
2550 4761 0.885395 12.9227
2550 4761 0.885395 12.9393
2550 4761 0.885395 12.956
2550 4761 0.885395 12.9727
2550 4761 0.885395 12.9893
2550 4761 0.885395 13.006
2550 4761 0.885395 13.0227
2550 4761 0.885395 13.0393
2550 4761 0.885395 13.056
2550 4761 0.885395 13.0727
2550 4761 0.885395 13.0893
2548 4761 0.885395 13.106
2548 4761 0.885395 13.1227
2547 4761 0.885395 13.1393
2547 4761 0.885395 13.156
2547 4761 0.885395 13.1727
2547 4761 0.885395 13.1893
2546 4761 0.885395 13.206
2546 4761 0.885395 13.2227
2545 4761 0.885395 13.2393
2545 4761 0.885395 13.256
2545 4761 0.885395 13.2727
2544 4761 0.885395 13.2893
2544 4761 0.885395 13.306
2544 4761 0.885395 13.3227
2544 4761 0.885395 13.3393
2544 4761 0.885395 13.356
2544 4761 0.885395 13.3727
2544 4761 0.885395 13.3893
2544 4761 0.885395 13.406
2544 4761 0.885395 13.4227
2543 4761 0.885395 13.4393
2543 4761 0.885395 13.456
2542 4761 0.885395 13.4727
2542 4761 0.885395 13.4893
2542 4761 0.885395 13.506
2542 4761 0.885395 13.5226
2541 4761 0.885395 13.5393
2541 4761 0.885395 13.556
2540 4761 0.885395 13.5726
2539 4761 0.885395 13.5893
2539 4761 0.885395 13.606
2539 4761 0.885395 13.6226
2539 4761 0.885395 13.6393
2539 4761 0.885395 13.656
2538 4761 0.885395 13.6726
2538 4761 0.885395 13.6893
2538 4761 0.885395 13.706
2538 4761 0.885395 13.7226
2537 4761 0.885395 13.7393
2537 4761 0.885395 13.756
2537 4761 0.885395 13.7726
2537 4761 0.885395 13.7893
2537 4761 0.885395 13.806
2536 4761 0.885395 13.8226
2536 4761 0.885395 13.8393
2536 4761 0.885395 13.856
2536 4761 0.885395 13.8726
2536 4761 0.885395 13.8893
2536 4761 0.885395 13.906
2536 4761 0.885395 13.9226
2536 4761 0.885395 13.9393
2536 4761 0.885395 13.956
2536 4761 0.885395 13.9726
2536 4761 0.885395 13.9893
2536 4761 0.885395 14.006
2536 4761 0.885395 14.0226
2535 4761 0.885395 14.0393
2535 4761 0.885395 14.056
2535 4761 0.885395 14.0726
2535 4761 0.885395 14.0893
2535 4761 0.885395 14.106
2533 4761 0.885395 14.1226
2533 4761 0.885395 14.1393
2533 4761 0.885395 14.156
2533 4761 0.885395 14.1726
2533 4761 0.885395 14.1893
2532 4761 0.885395 14.206
2532 4761 0.885395 14.2226
2532 4761 0.885395 14.2393
2532 4761 0.885395 14.256
2531 4761 0.885395 14.2726
2531 4761 0.885395 14.2893
2530 4761 0.885395 14.306
2530 4761 0.885395 14.3226
2530 4761 0.885395 14.3393
2530 4761 0.885395 14.356
2530 4761 0.885395 14.3726
2529 4761 0.885395 14.3893
2529 4761 0.885395 14.406
2528 4761 0.885395 14.4226
2528 4761 0.885395 14.4393
2528 4761 0.885395 14.456
2527 4761 0.885395 14.4726
2527 4761 0.885395 14.4893
2527 4761 0.885395 14.506
2527 4761 0.885395 14.5226
2526 4761 0.885395 14.5393
2526 4761 0.885395 14.556
2525 4761 0.885395 14.5726
2525 4761 0.885395 14.5893
2525 4761 0.885395 14.606
2525 4761 0.885395 14.6226
2525 4761 0.885395 14.6393
2525 4761 0.885395 14.656
2524 4761 0.885395 14.6726
2524 4761 0.885395 14.6893
2524 4761 0.885395 14.706
2523 4761 0.885395 14.7226
2523 4761 0.885395 14.7393
2523 4761 0.885395 14.756
2523 4761 0.885395 14.7726
2523 4761 0.885395 14.7893
2523 4761 0.885395 14.806
2523 4761 0.885395 14.8226
2523 4761 0.885395 14.8393
2523 4761 0.885395 14.856
2523 4761 0.885395 14.8726
2523 4761 0.885395 14.8893
2523 4761 0.885395 14.906
2522 4761 0.885395 14.9226
2522 4761 0.885395 14.9393
2522 4761 0.885395 14.956
2521 4761 0.885395 14.9726
2521 4761 0.885395 14.9893
2521 4761 0.885395 15.006
2520 4761 0.885395 15.0226
2520 4761 0.885395 15.0393
2520 4761 0.885395 15.056
2520 4761 0.885395 15.0726
2520 4761 0.885395 15.0893
2520 4761 0.885395 15.106
2520 4761 0.885395 15.1226
2520 4761 0.885395 15.1393
2520 4761 0.885395 15.156
2520 4761 0.885395 15.1726
2520 4761 0.885395 15.1893
2520 4761 0.885395 15.206
2519 4761 0.885395 15.2226
2519 4761 0.885395 15.2393
2519 4761 0.885395 15.256
2519 4761 0.885395 15.2726
2519 4761 0.885395 15.2893
2519 4761 0.885395 15.306
2519 4761 0.885395 15.3226
2519 4761 0.885395 15.3393
2516 4761 0.885395 15.356
2516 4761 0.885395 15.3726
2516 4761 0.885395 15.3893
2516 4761 0.885395 15.406
2516 4761 0.885395 15.4226
2516 4761 0.885395 15.4393
2516 4761 0.885395 15.456
2516 4761 0.885395 15.4726
2515 4761 0.885395 15.4893
2515 4761 0.885395 15.506
2515 4761 0.885395 15.5226
2515 4761 0.885395 15.5393
2514 4761 0.885395 15.556
2514 4761 0.885395 15.5726
2514 4761 0.885395 15.5893
2514 4761 0.885395 15.606
2514 4761 0.885395 15.6226
2514 4761 0.885395 15.6393
2514 4761 0.885395 15.656
2514 4761 0.885395 15.6726
2514 4761 0.885395 15.6893
2513 4761 0.885395 15.7059
2513 4761 0.885395 15.7226
2513 4761 0.885395 15.7393
2512 4761 0.885395 15.7559
2512 4761 0.885395 15.7726
2512 4761 0.885395 15.7893
2511 4761 0.885395 15.8059
2511 4761 0.885395 15.8226
2511 4761 0.885395 15.8393
2510 4761 0.885395 15.8559
2510 4761 0.885395 15.8726
2510 4761 0.885395 15.8893
2510 4761 0.885395 15.9059
2510 4761 0.885395 15.9226
2510 4761 0.885395 15.9393
2509 4761 0.885395 15.9559
2509 4761 0.885395 15.9726
2509 4761 0.885395 15.9893
2509 4761 0.885395 16.0059
2509 4761 0.885395 16.0226
2509 4761 0.885395 16.0393
2509 4761 0.885395 16.0559
2508 4761 0.885395 16.0726
2508 4761 0.885395 16.0893
2508 4761 0.885395 16.1059
2508 4761 0.885395 16.1226
2508 4761 0.885395 16.1393
2508 4761 0.885395 16.1559
2508 4761 0.885395 16.1726
2507 4761 0.885395 16.1893
2507 4761 0.885395 16.2059
2507 4761 0.885395 16.2226
2507 4761 0.885395 16.2393
2507 4761 0.885395 16.2559
2507 4761 0.885395 16.2726
2506 4761 0.885395 16.2893
2506 4761 0.885395 16.3059
2506 4761 0.885395 16.3226
2506 4761 0.885395 16.3393
2506 4761 0.885395 16.3559
2506 4761 0.885395 16.3726
2506 4761 0.885395 16.3893
2506 4761 0.885395 16.4059
2506 4761 0.885395 16.4226
2506 4761 0.885395 16.4393
2506 4761 0.885395 16.4559
2506 4761 0.885395 16.4726
2505 4761 0.885395 16.4893
2505 4761 0.885395 16.5059
2505 4761 0.885395 16.5226
2505 4761 0.885395 16.5393
2504 4761 0.885395 16.5559
2504 4761 0.885395 16.5726
2503 4761 0.885395 16.5893
2503 4761 0.885395 16.6059
2503 4761 0.885395 16.6226
2502 4761 0.885395 16.6393
2502 4761 0.885395 16.6559
2502 4761 0.885395 16.6726
2502 4761 0.885395 16.6893
2502 4761 0.885395 16.7059
2502 4761 0.885395 16.7226
2502 4761 0.885395 16.7393
2502 4761 0.885395 16.7559
2502 4761 0.885395 16.7726
2502 4761 0.885395 16.7893
2502 4761 0.885395 16.8059
2502 4761 0.885395 16.8226
2502 4761 0.885395 16.8393
2502 4761 0.885395 16.8559
2502 4761 0.885395 16.8726
2502 4761 0.885395 16.8893
2502 4761 0.885395 16.9059
2502 4761 0.885395 16.9226
2502 4761 0.885395 16.9393
2502 4761 0.885395 16.9559
2502 4761 0.885395 16.9726
2501 4761 0.885395 16.9893
2501 4761 0.885395 17.0059
2500 4761 0.885395 17.0226
2500 4761 0.885395 17.0393
2500 4761 0.885395 17.0559
2500 4761 0.885395 17.0726
2499 4761 0.885395 17.0893
2499 4761 0.885395 17.1059
2499 4761 0.885395 17.1226
2499 4761 0.885395 17.1393
2499 4761 0.885395 17.1559
2499 4761 0.885395 17.1726
2499 4761 0.885395 17.1893
2499 4761 0.885395 17.2059
2499 4761 0.885395 17.2226
2498 4761 0.885395 17.2393
2498 4761 0.885395 17.2559
2498 4761 0.885395 17.2726
2497 4761 0.885395 17.2893
2497 4761 0.885395 17.3059
2497 4761 0.885395 17.3226
2497 4761 0.885395 17.3393
2497 4761 0.885395 17.3559
2497 4761 0.885395 17.3726
2497 4761 0.885395 17.3893
2497 4761 0.885395 17.4059
2497 4761 0.885395 17.4226
2497 4761 0.885395 17.4393
2497 4761 0.885395 17.4559
2497 4761 0.885395 17.4726
2497 4761 0.885395 17.4893
2497 4761 0.885395 17.5059
2497 4761 0.885395 17.5226
2497 4761 0.885395 17.5393
2497 4761 0.885395 17.5559
2497 4761 0.885395 17.5726
2497 4761 0.885395 17.5893
2497 4761 0.885395 17.6059
2497 4761 0.885395 17.6226
2496 4761 0.885395 17.6393
2496 4761 0.885395 17.6559
2496 4761 0.885395 17.6726
2496 4761 0.885395 17.6893
2496 4761 0.885395 17.7059
2496 4761 0.885395 17.7226
2496 4761 0.885395 17.7393
2496 4761 0.885395 17.7559
2496 4761 0.885395 17.7726
2496 4761 0.885395 17.7893
2496 4761 0.885395 17.8059
2496 4761 0.885395 17.8226
2496 4761 0.885395 17.8393
2496 4761 0.885395 17.8559
2496 4761 0.885395 17.8726
2496 4761 0.885395 17.8892
2496 4761 0.885395 17.9059
2496 4761 0.885395 17.9226
2496 4761 0.885395 17.9392
2496 4761 0.885395 17.9559
2496 4761 0.885395 17.9726
2496 4761 0.885395 17.9892
