4173 4176 0.00246532 0.0120926
4173 4176 0.00246532 0.028759
4173 4176 0.00246532 0.0454254
4173 4176 0.00246532 0.0620918
4173 4176 0.00246532 0.0787582
4173 4176 0.00246532 0.0954247
4173 4176 0.00246532 0.112091
4173 4176 0.00246532 0.128757
4173 4176 0.00246532 0.145424
4173 4176 0.00246532 0.16209
4173 4176 0.00246532 0.178757
4173 4176 0.00246532 0.195423
4173 4176 0.00246532 0.21209
4173 4176 0.00246532 0.228756
4173 4176 0.00246532 0.245422
4173 4176 0.00246532 0.262089
4173 4176 0.00246532 0.278755
4173 4176 0.00246532 0.295422
4173 4176 0.00246532 0.312088
4173 4176 0.00246532 0.328754
4173 4176 0.00246532 0.345421
4173 4176 0.00246532 0.362087
4173 4176 0.00493064 0.378754
4173 4176 0.00739596 0.39542
4173 4176 0.00986128 0.412086
4173 4176 0.0123266 0.428753
4173 4176 0.0147919 0.445419
4173 4176 0.0172572 0.462086
4173 4176 0.0197226 0.478752
4173 4176 0.0221879 0.495419
4173 4176 0.0246532 0.512085
4173 4176 0.0271185 0.528751
4173 4176 0.0295839 0.545418
4173 4176 0.0320492 0.562084
4173 4176 0.0345145 0.578751
4173 4176 0.0369798 0.595417
4173 4176 0.0394451 0.612083
4173 4176 0.0419105 0.62875
4173 4176 0.0443758 0.645416
4173 4176 0.0468411 0.662083
4173 4176 0.0493064 0.678749
4173 4176 0.0517718 0.695415
4173 4176 0.0542371 0.712082
4173 4176 0.0567024 0.728748
4173 4176 0.0591677 0.745415
4173 4176 0.061633 0.762081
4173 4176 0.0640984 0.778748
4173 4176 0.0665637 0.795414
4173 4176 0.069029 0.81208
4173 4176 0.0714943 0.828747
4173 4176 0.0739597 0.845413
4173 4176 0.076425 0.86208
4173 4176 0.0788903 0.878746
4173 4176 0.0813556 0.895412
4173 4176 0.0838209 0.912079
4173 4176 0.0862863 0.928745
4173 4176 0.0887516 0.945412
4173 4176 0.0912169 0.962078
4173 4176 0.0936822 0.978745
4173 4176 0.0961476 0.995411
4173 4176 0.0986129 1.01208
4173 4176 0.101078 1.02874
4173 4176 0.103544 1.04541
4173 4176 0.106009 1.06208
4173 4176 0.108474 1.07874
4173 4176 0.110939 1.09541
4173 4176 0.113405 1.11208
4173 4176 0.11587 1.12874
4173 4176 0.118335 1.14541
4173 4176 0.120801 1.16208
4173 4176 0.123266 1.17874
4173 4176 0.125731 1.19541
4173 4176 0.128197 1.21207
4173 4176 0.130662 1.22874
4173 4176 0.133127 1.24541
4173 4176 0.135593 1.26207
4173 4176 0.138058 1.27874
4172 4176 0.140523 1.29541
4172 4176 0.142989 1.31207
4172 4176 0.145454 1.32874
4172 4176 0.147919 1.34541
4172 4176 0.150385 1.36207
4171 4176 0.15285 1.37874
4171 4176 0.155315 1.3954
4171 4176 0.157781 1.41207
4171 4176 0.160246 1.42874
4170 4176 0.162711 1.4454
4170 4176 0.165177 1.46207
4170 4176 0.167642 1.47874
4170 4176 0.170107 1.4954
4170 4176 0.172573 1.51207
4170 4176 0.175038 1.52874
4170 4176 0.177503 1.5454
4170 4176 0.179969 1.56207
4170 4176 0.182434 1.57874
4170 4176 0.184899 1.5954
4170 4176 0.187364 1.61207
4170 4176 0.18983 1.62873
4170 4176 0.192295 1.6454
4170 4176 0.19476 1.66207
4170 4176 0.197226 1.67873
4170 4176 0.199691 1.6954
4170 4176 0.202156 1.71207
4170 4176 0.204622 1.72873
4170 4176 0.207087 1.7454
4170 4176 0.209552 1.76207
4170 4176 0.212018 1.77873
4170 4176 0.214483 1.7954
4169 4176 0.216948 1.81207
4168 4176 0.219414 1.82873
4167 4176 0.221879 1.8454
4167 4176 0.224344 1.86206
4167 4176 0.22681 1.87873
4167 4176 0.229275 1.8954
4167 4176 0.23174 1.91206
4165 4176 0.234206 1.92873
4165 4176 0.236671 1.9454
4165 4176 0.239136 1.96206
4164 4176 0.241602 1.97873
4164 4176 0.244067 1.9954
4164 4176 0.246532 2.01206
4162 4176 0.248998 2.02873
4161 4176 0.251463 2.04539
4161 4176 0.253928 2.06206
4160 4176 0.256393 2.07873
4158 4176 0.258859 2.09539
4157 4176 0.261324 2.11206
4157 4176 0.263789 2.12873
4156 4176 0.266255 2.14539
4156 4176 0.26872 2.16206
4155 4176 0.271185 2.17873
4155 4176 0.273651 2.19539
4149 4176 0.276116 2.21206
4149 4176 0.278581 2.22873
4148 4176 0.281047 2.24539
4148 4176 0.283512 2.26206
4147 4176 0.285977 2.27872
4146 4176 0.288442 2.29539
4145 4176 0.290908 2.31206
4143 4176 0.293373 2.32872
4143 4176 0.295838 2.34539
4142 4176 0.298304 2.36206
4140 4176 0.300769 2.37872
4139 4176 0.303234 2.39539
4137 4176 0.3057 2.41206
4136 4176 0.308165 2.42872
4134 4176 0.31063 2.44539
4132 4176 0.313096 2.46206
4130 4176 0.315561 2.47872
4129 4176 0.318026 2.49539
4128 4176 0.320491 2.51205
4125 4176 0.322957 2.52872
4125 4176 0.325422 2.54539
4122 4176 0.327887 2.56205
4122 4176 0.330353 2.57872
4120 4176 0.332818 2.59539
4118 4176 0.335283 2.61205
4116 4176 0.337749 2.62872
4115 4176 0.340214 2.64539
4114 4176 0.342679 2.66205
4113 4176 0.345145 2.67872
4110 4176 0.34761 2.69538
4109 4176 0.350075 2.71205
4109 4176 0.35254 2.72872
4108 4176 0.355006 2.74538
4107 4176 0.357471 2.76205
4103 4176 0.359936 2.77872
4102 4176 0.362402 2.79538
4098 4176 0.364867 2.81205
4097 4176 0.367332 2.82872
4097 4176 0.369798 2.84538
4093 4176 0.372263 2.86205
4093 4176 0.374728 2.87872
4092 4176 0.377194 2.89538
4088 4176 0.379659 2.91205
4088 4176 0.382124 2.92871
4087 4176 0.384589 2.94538
4086 4176 0.387055 2.96205
4085 4176 0.38952 2.97871
4084 4176 0.391985 2.99538
4082 4176 0.394451 3.01205
4081 4176 0.396916 3.02871
4076 4176 0.399381 3.04538
4074 4176 0.401847 3.06205
4073 4176 0.404312 3.07871
4070 4176 0.406777 3.09538
4069 4176 0.409243 3.11205
4068 4176 0.411708 3.12871
4066 4176 0.414173 3.14538
4064 4176 0.416638 3.16204
4063 4176 0.419104 3.17871
4062 4176 0.421569 3.19538
4058 4176 0.424034 3.21204
4058 4176 0.4265 3.22871
4057 4176 0.428965 3.24538
4052 4176 0.43143 3.26204
4050 4176 0.433896 3.27871
4050 4176 0.436361 3.29538
4046 4176 0.438826 3.31204
4044 4176 0.441292 3.32871
4041 4176 0.443757 3.34538
4040 4176 0.446222 3.36204
4039 4176 0.448687 3.37871
4036 4176 0.451153 3.39537
4033 4176 0.453618 3.41204
4031 4176 0.456083 3.42871
4030 4176 0.458549 3.44537
4029 4176 0.461014 3.46204
4029 4176 0.463479 3.47871
4027 4176 0.465945 3.49537
4023 4176 0.46841 3.51204
4021 4176 0.470875 3.52871
4019 4176 0.473341 3.54537
4018 4176 0.475806 3.56204
4016 4176 0.478271 3.5787
4014 4176 0.480736 3.59537
4011 4176 0.483202 3.61204
4009 4176 0.485667 3.6287
4008 4176 0.488132 3.64537
4007 4176 0.490598 3.66204
4005 4176 0.493063 3.6787
4004 4176 0.495528 3.69537
4002 4176 0.497994 3.71204
4001 4176 0.500459 3.7287
3997 4176 0.502924 3.74537
3996 4176 0.50539 3.76204
3995 4176 0.507855 3.7787
3992 4176 0.51032 3.79537
3991 4176 0.512785 3.81203
3990 4176 0.515251 3.8287
3987 4176 0.517716 3.84537
3987 4176 0.520181 3.86203
3985 4176 0.522647 3.8787
3983 4176 0.525112 3.89537
3981 4176 0.527577 3.91203
3981 4176 0.530043 3.9287
3979 4176 0.532508 3.94537
3977 4176 0.534973 3.96203
3976 4176 0.537439 3.9787
3975 4176 0.539904 3.99537
3972 4176 0.542369 4.01203
3971 4176 0.544834 4.0287
3970 4176 0.5473 4.04536
3969 4176 0.549765 4.06203
3968 4176 0.55223 4.0787
3966 4176 0.554696 4.09536
3964 4176 0.557161 4.11203
3961 4176 0.559626 4.1287
3960 4176 0.562092 4.14536
3960 4176 0.564557 4.16203
3956 4176 0.567022 4.1787
3955 4176 0.569488 4.19536
3954 4176 0.571953 4.21203
3953 4176 0.574418 4.22869
3950 4176 0.576883 4.24536
3947 4176 0.579349 4.26203
3946 4176 0.581814 4.27869
3945 4176 0.584279 4.29536
3942 4176 0.586745 4.31203
3938 4176 0.58921 4.32869
3938 4176 0.591675 4.34536
3937 4176 0.594141 4.36203
3934 4176 0.596606 4.37869
3932 4176 0.599071 4.39536
3930 4176 0.601537 4.41203
3928 4176 0.604002 4.42869
3925 4176 0.606467 4.44536
3923 4176 0.608932 4.46202
3920 4176 0.611398 4.47869
3917 4176 0.613863 4.49536
3916 4176 0.616328 4.51202
3914 4176 0.618794 4.52869
3913 4176 0.621259 4.54536
3912 4176 0.623724 4.56202
3909 4176 0.62619 4.57869
3908 4176 0.628655 4.59536
3903 4176 0.63112 4.61202
3902 4176 0.633586 4.62869
3901 4176 0.636051 4.64536
3899 4176 0.638516 4.66202
3896 4176 0.640981 4.67869
3894 4176 0.643447 4.69535
3890 4176 0.645912 4.71202
3890 4176 0.648377 4.72869
3887 4176 0.650843 4.74535
3885 4176 0.653308 4.76202
3882 4176 0.655773 4.77869
3878 4176 0.658239 4.79535
3877 4176 0.660704 4.81202
3875 4176 0.663169 4.82869
3874 4176 0.665635 4.84535
3872 4176 0.6681 4.86202
3870 4176 0.670565 4.87868
3867 4176 0.67303 4.89535
3867 4176 0.675496 4.91202
3866 4176 0.677961 4.92868
3863 4176 0.680426 4.94535
3861 4176 0.682892 4.96202
3859 4176 0.685357 4.97868
3857 4176 0.687822 4.99535
3854 4176 0.690288 5.01202
3851 4176 0.692753 5.02868
3850 4176 0.695218 5.04535
3847 4176 0.697684 5.06202
3846 4176 0.700149 5.07868
3841 4176 0.702614 5.09535
3839 4176 0.705079 5.11201
3836 4176 0.707545 5.12868
3833 4176 0.71001 5.14535
3833 4176 0.712475 5.16201
3828 4176 0.714941 5.17868
3827 4176 0.717406 5.19535
3825 4176 0.719871 5.21201
3820 4176 0.722337 5.22868
3820 4176 0.724802 5.24535
3817 4176 0.727267 5.26201
3814 4176 0.729733 5.27868
3811 4176 0.732198 5.29535
3809 4176 0.734663 5.31201
3806 4176 0.737128 5.32868
3805 4176 0.739594 5.34534
3804 4176 0.742059 5.36201
3801 4176 0.744524 5.37868
3799 4176 0.74699 5.39534
3796 4176 0.749455 5.41201
3795 4176 0.75192 5.42868
3792 4176 0.754386 5.44534
3789 4176 0.756851 5.46201
3787 4176 0.759316 5.47868
3786 4176 0.761782 5.49534
3783 4176 0.764247 5.51201
3780 4176 0.766712 5.52868
3777 4176 0.769177 5.54534
3776 4176 0.771643 5.56201
3774 4176 0.774108 5.57867
3771 4176 0.776573 5.59534
3769 4176 0.779039 5.61201
3766 4176 0.781504 5.62867
3764 4176 0.783969 5.64534
3760 4176 0.786435 5.66201
3758 4176 0.7889 5.67867
3757 4176 0.791365 5.69534
3754 4176 0.793831 5.71201
3750 4176 0.796296 5.72867
3749 4176 0.798761 5.74534
3745 4176 0.801226 5.762
3741 4176 0.803692 5.77867
3740 4176 0.806157 5.79534
3738 4176 0.808622 5.812
3734 4176 0.811088 5.82867
3732 4176 0.813553 5.84534
3728 4176 0.816018 5.862
3724 4176 0.818484 5.87867
3719 4176 0.820949 5.89534
3718 4176 0.823414 5.912
3713 4176 0.82588 5.92867
3712 4176 0.828345 5.94534
3709 4176 0.83081 5.962
3704 4176 0.833275 5.97867
3701 4176 0.835741 5.99533
3699 4176 0.838206 6.012
3696 4176 0.840671 6.02867
3691 4176 0.843137 6.04533
3688 4176 0.845602 6.062
3688 4176 0.848067 6.07867
3681 4176 0.850533 6.09533
3679 4176 0.852998 6.112
3679 4176 0.855463 6.12867
3674 4176 0.857929 6.14533
3671 4176 0.860394 6.162
3668 4176 0.862859 6.17867
3664 4176 0.865324 6.19533
3663 4176 0.86779 6.212
3659 4176 0.870255 6.22866
3657 4176 0.87272 6.24533
3654 4176 0.875186 6.262
3649 4176 0.877651 6.27866
3647 4176 0.880116 6.29533
3643 4176 0.882582 6.312
3641 4176 0.885047 6.32866
3638 4176 0.887512 6.34533
3636 4176 0.889978 6.362
3633 4176 0.892443 6.37866
3628 4176 0.894908 6.39533
3626 4176 0.897373 6.41199
3623 4176 0.899839 6.42866
3619 4176 0.902304 6.44533
3615 4176 0.904769 6.46199
3610 4176 0.907235 6.47866
3608 4176 0.9097 6.49533
3606 4176 0.912165 6.51199
3600 4176 0.914631 6.52866
3598 4176 0.917096 6.54533
3594 4176 0.919561 6.56199
3590 4176 0.922027 6.57866
3589 4176 0.924492 6.59533
3584 4176 0.926957 6.61199
3580 4176 0.929422 6.62866
3575 4176 0.931888 6.64532
3574 4176 0.934353 6.66199
3571 4176 0.936818 6.67866
3565 4176 0.939284 6.69532
3559 4176 0.941749 6.71199
3556 4176 0.944214 6.72866
3553 4176 0.94668 6.74532
3549 4176 0.949145 6.76199
3546 4176 0.95161 6.77866
3540 4176 0.954076 6.79532
3538 4176 0.956541 6.81199
3536 4176 0.959006 6.82866
3530 4176 0.961471 6.84532
3527 4176 0.963937 6.86199
3522 4176 0.966402 6.87865
3521 4176 0.968867 6.89532
3515 4176 0.971333 6.91199
3511 4176 0.973798 6.92865
3506 4176 0.976263 6.94532
3501 4176 0.978729 6.96199
3495 4176 0.981194 6.97865
3494 4176 0.983659 6.99532
3489 4176 0.986125 7.01199
3485 4176 0.98859 7.02865
3479 4176 0.991055 7.04532
3476 4176 0.99352 7.06199
3473 4176 0.995986 7.07865
3467 4176 0.998451 7.09532
3461 4176 1.00092 7.11198
3457 4176 1.00338 7.12865
3454 4176 1.00585 7.14532
3450 4176 1.00831 7.16198
3447 4176 1.01078 7.17865
3443 4176 1.01324 7.19532
3436 4176 1.01571 7.21198
3430 4176 1.01817 7.22865
3428 4176 1.02064 7.24532
3423 4176 1.0231 7.26198
3418 4176 1.02557 7.27865
3413 4176 1.02804 7.29531
3409 4176 1.0305 7.31198
3405 4176 1.03297 7.32865
3398 4176 1.03543 7.34531
3396 4176 1.0379 7.36198
3391 4176 1.04036 7.37865
3384 4176 1.04283 7.39531
3379 4176 1.04529 7.41198
3373 4176 1.04776 7.42865
3369 4176 1.05022 7.44531
3362 4176 1.05269 7.46198
3360 4176 1.05515 7.47865
3353 4176 1.05762 7.49531
3347 4176 1.06009 7.51198
3340 4176 1.06255 7.52864
3339 4176 1.06502 7.54531
3333 4176 1.06748 7.56198
3327 4176 1.06995 7.57864
3322 4176 1.07241 7.59531
3317 4176 1.07488 7.61198
3314 4176 1.07734 7.62864
3308 4176 1.07981 7.64531
3299 4176 1.08227 7.66198
3296 4176 1.08474 7.67864
3288 4176 1.0872 7.69531
3283 4176 1.08967 7.71198
3276 4176 1.09214 7.72864
3271 4176 1.0946 7.74531
3266 4176 1.09707 7.76197
3261 4176 1.09953 7.77864
3254 4176 1.102 7.79531
3249 4176 1.10446 7.81197
3241 4176 1.10693 7.82864
3234 4176 1.10939 7.84531
3228 4176 1.11186 7.86197
3221 4176 1.11432 7.87864
3217 4176 1.11679 7.89531
3210 4176 1.11925 7.91197
3203 4176 1.12172 7.92864
3196 4176 1.12418 7.9453
3188 4176 1.12665 7.96197
3182 4176 1.12912 7.97864
3176 4176 1.13158 7.9953
3171 4176 1.13405 8.01197
3166 4176 1.13651 8.02864
3157 4176 1.13898 8.0453
3151 4176 1.14144 8.06197
3145 4176 1.14391 8.07864
3135 4176 1.14637 8.0953
3128 4176 1.14884 8.11197
3119 4176 1.1513 8.12864
3110 4176 1.15377 8.1453
3106 4176 1.15623 8.16197
3100 4176 1.1587 8.17863
3094 4176 1.16117 8.1953
3084 4176 1.16363 8.21197
3079 4176 1.1661 8.22863
3071 4176 1.16856 8.2453
3062 4176 1.17103 8.26197
3052 4176 1.17349 8.27863
3048 4176 1.17596 8.2953
3044 4176 1.17842 8.31197
3031 4176 1.18089 8.32863
3022 4176 1.18335 8.3453
3016 4176 1.18582 8.36197
3008 4176 1.18828 8.37863
3002 4176 1.19075 8.3953
2994 4176 1.19322 8.41196
2986 4176 1.19568 8.42863
2980 4176 1.19815 8.4453
2971 4176 1.20061 8.46196
2963 4176 1.20308 8.47863
2953 4176 1.20554 8.4953
2948 4176 1.20801 8.51196
2939 4176 1.21047 8.52863
2932 4176 1.21294 8.5453
2921 4176 1.2154 8.56196
2915 4176 1.21787 8.57863
2903 4176 1.22033 8.59529
2898 4176 1.2228 8.61196
2893 4176 1.22526 8.62863
2880 4176 1.22773 8.64529
2867 4176 1.2302 8.66196
2860 4176 1.23266 8.67863
2851 4176 1.23513 8.69529
2841 4176 1.23759 8.71196
2832 4176 1.24006 8.72863
2822 4176 1.24252 8.74529
2819 4176 1.24499 8.76196
2807 4176 1.24745 8.77863
2798 4176 1.24992 8.79529
2788 4176 1.25238 8.81196
2780 4176 1.25485 8.82862
2771 4176 1.25731 8.84529
2765 4176 1.25978 8.86196
2751 4176 1.26225 8.87862
2746 4176 1.26471 8.89529
2738 4176 1.26718 8.91196
2725 4176 1.26964 8.92862
2718 4176 1.27211 8.94529
2711 4176 1.27457 8.96196
2702 4176 1.27704 8.97862
2692 4176 1.2795 8.99529
2685 4176 1.28197 9.01196
2672 4176 1.28443 9.02862
2665 4176 1.2869 9.04529
2655 4176 1.28936 9.06195
2646 4176 1.29183 9.07862
2639 4176 1.2943 9.09529
2627 4176 1.29676 9.11195
2621 4176 1.29923 9.12862
2610 4176 1.30169 9.14529
2600 4176 1.30416 9.16195
2596 4176 1.30662 9.17862
2584 4176 1.30909 9.19529
2574 4176 1.31155 9.21195
2563 4176 1.31402 9.22862
2552 4176 1.31648 9.24529
2545 4176 1.31895 9.26195
2535 4176 1.32141 9.27862
2526 4176 1.32388 9.29528
2517 4176 1.32634 9.31195
2508 4176 1.32881 9.32862
2496 4176 1.33128 9.34528
2490 4176 1.33374 9.36195
2475 4176 1.33621 9.37862
2468 4176 1.33867 9.39528
2459 4176 1.34114 9.41195
2447 4176 1.3436 9.42862
2440 4176 1.34607 9.44528
2433 4176 1.34853 9.46195
2420 4176 1.351 9.47861
2412 4176 1.35346 9.49528
2403 4176 1.35593 9.51195
2391 4176 1.35839 9.52861
2381 4176 1.36086 9.54528
2373 4176 1.36333 9.56195
2362 4176 1.36579 9.57861
2354 4176 1.36826 9.59528
2345 4176 1.37072 9.61195
2334 4176 1.37319 9.62861
2325 4176 1.37565 9.64528
2313 4176 1.37812 9.66195
2307 4176 1.38058 9.67861
2295 4176 1.38305 9.69528
2283 4176 1.38551 9.71194
2278 4176 1.38798 9.72861
2266 4176 1.39044 9.74528
2258 4176 1.39291 9.76194
2249 4176 1.39538 9.77861
2237 4176 1.39784 9.79528
2226 4176 1.40031 9.81194
2216 4176 1.40277 9.82861
2209 4176 1.40524 9.84528
2197 4176 1.4077 9.86194
2189 4176 1.41017 9.87861
2180 4176 1.41263 9.89528
2169 4176 1.4151 9.91194
2162 4176 1.41756 9.92861
2150 4176 1.42003 9.94527
2139 4176 1.42249 9.96194
2131 4176 1.42496 9.97861
2119 4176 1.42743 9.99527
2111 4176 1.42989 10.0119
2100 4176 1.43236 10.0286
2090 4176 1.43482 10.0453
2080 4176 1.43729 10.0619
2074 4176 1.43975 10.0786
2063 4176 1.44222 10.0953
2053 4176 1.44468 10.1119
2047 4176 1.44715 10.1286
2037 4176 1.44961 10.1453
2027 4176 1.45208 10.1619
2016 4176 1.45454 10.1786
2006 4176 1.45701 10.1953
1994 4176 1.45947 10.2119
1987 4176 1.46194 10.2286
1975 4176 1.46441 10.2453
1968 4176 1.46687 10.2619
1959 4176 1.46934 10.2786
1949 4176 1.4718 10.2953
1939 4176 1.47427 10.3119
1933 4176 1.47673 10.3286
1922 4176 1.4792 10.3453
1910 4176 1.48166 10.3619
1902 4176 1.48413 10.3786
1894 4176 1.48659 10.3953
1884 4176 1.48906 10.4119
1874 4176 1.49152 10.4286
1866 4176 1.49399 10.4453
1859 4176 1.49646 10.4619
1850 4176 1.49892 10.4786
1836 4176 1.50139 10.4953
1831 4176 1.50385 10.5119
1820 4176 1.50632 10.5286
1812 4176 1.50878 10.5453
1802 4176 1.51125 10.5619
1794 4176 1.51371 10.5786
1783 4176 1.51618 10.5953
1777 4176 1.51864 10.6119
1765 4176 1.52111 10.6286
1755 4176 1.52357 10.6453
1745 4176 1.52604 10.6619
1737 4176 1.52851 10.6786
1726 4176 1.53097 10.6953
1719 4176 1.53344 10.7119
1711 4176 1.5359 10.7286
1699 4176 1.53837 10.7453
1691 4176 1.54083 10.7619
1681 4176 1.5433 10.7786
1673 4176 1.54576 10.7953
1662 4176 1.54823 10.8119
1654 4176 1.55069 10.8286
1647 4176 1.55316 10.8453
1637 4176 1.55562 10.8619
1623 4176 1.55809 10.8786
1618 4176 1.56055 10.8953
1609 4176 1.56302 10.9119
1596 4176 1.56549 10.9286
1588 4176 1.56795 10.9453
1581 4176 1.57042 10.9619
1572 4176 1.57288 10.9786
1565 4176 1.57535 10.9953
1556 4176 1.57781 11.0119
1546 4176 1.58028 11.0286
1535 4176 1.58274 11.0453
1530 4176 1.58521 11.0619
1519 4176 1.58767 11.0786
1510 4176 1.59014 11.0953
1501 4176 1.5926 11.1119
1492 4176 1.59507 11.1286
1484 4176 1.59754 11.1453
1477 4176 1.6 11.1619
1469 4176 1.60247 11.1786
1458 4176 1.60493 11.1953
1449 4176 1.6074 11.2119
1439 4176 1.60986 11.2286
1430 4176 1.61233 11.2453
1420 4176 1.61479 11.2619
1414 4176 1.61726 11.2786
1404 4176 1.61972 11.2953
1394 4176 1.62219 11.3119
1382 4176 1.62465 11.3286
1374 4176 1.62712 11.3453
1363 4176 1.62959 11.3619
1356 4176 1.63205 11.3786
1344 4176 1.63452 11.3953
1337 4176 1.63698 11.4119
1325 4176 1.63945 11.4286
1316 4176 1.64191 11.4453
1308 4176 1.64438 11.4619
1300 4176 1.64684 11.4786
1290 4176 1.64931 11.4953
1281 4176 1.65177 11.5119
1273 4176 1.65424 11.5286
1266 4176 1.6567 11.5452
1252 4176 1.65917 11.5619
1245 4176 1.66163 11.5786
1235 4176 1.6641 11.5952
1224 4176 1.66657 11.6119
1214 4176 1.66903 11.6286
1206 4176 1.6715 11.6452
1195 4176 1.67396 11.6619
1186 4176 1.67643 11.6786
1178 4176 1.67889 11.6952
1168 4176 1.68136 11.7119
1156 4176 1.68382 11.7286
1146 4176 1.68629 11.7452
1137 4176 1.68875 11.7619
1127 4176 1.69122 11.7786
1114 4176 1.69368 11.7952
1105 4176 1.69615 11.8119
1095 4176 1.69862 11.8286
1086 4176 1.70108 11.8452
1077 4176 1.70355 11.8619
1067 4176 1.70601 11.8786
1059 4176 1.70848 11.8952
1044 4176 1.71094 11.9119
1037 4176 1.71341 11.9286
1027 4176 1.71587 11.9452
1014 4176 1.71834 11.9619
1002 4176 1.7208 11.9786
993 4176 1.72327 11.9952
981 4176 1.72573 12.0119
974 4176 1.7282 12.0286
965 4176 1.73067 12.0452
950 4176 1.73313 12.0619
941 4176 1.7356 12.0786
933 4176 1.73806 12.0952
921 4176 1.74053 12.1119
915 4176 1.74299 12.1286
906 4176 1.74546 12.1452
898 4176 1.74792 12.1619
890 4176 1.75039 12.1786
880 4176 1.75285 12.1952
874 4176 1.75532 12.2119
866 4176 1.75778 12.2286
855 4176 1.76025 12.2452
851 4176 1.76271 12.2619
838 4176 1.76518 12.2786
830 4176 1.76765 12.2952
825 4176 1.77011 12.3119
815 4176 1.77258 12.3286
807 4176 1.77504 12.3452
797 4176 1.77751 12.3619
788 4176 1.77997 12.3786
781 4176 1.78244 12.3952
775 4176 1.7849 12.4119
765 4176 1.78737 12.4286
755 4176 1.78983 12.4452
748 4176 1.7923 12.4619
739 4176 1.79476 12.4786
731 4176 1.79723 12.4952
722 4176 1.7997 12.5119
716 4176 1.80216 12.5286
706 4176 1.80463 12.5452
702 4176 1.80709 12.5619
692 4176 1.80956 12.5786
686 4176 1.81202 12.5952
680 4176 1.81449 12.6119
670 4176 1.81695 12.6286
662 4176 1.81942 12.6452
655 4176 1.82188 12.6619
646 4176 1.82435 12.6786
638 4176 1.82681 12.6952
632 4176 1.82928 12.7119
622 4176 1.83175 12.7286
615 4176 1.83421 12.7452
609 4176 1.83668 12.7619
603 4176 1.83914 12.7786
595 4176 1.84161 12.7952
588 4176 1.84407 12.8119
578 4176 1.84654 12.8286
571 4176 1.849 12.8452
565 4176 1.85147 12.8619
558 4176 1.85393 12.8786
551 4176 1.8564 12.8952
545 4176 1.8564 12.9119
535 4176 1.8564 12.9286
529 4176 1.8564 12.9452
524 4176 1.8564 12.9619
517 4176 1.8564 12.9786
508 4176 1.8564 12.9952
504 4176 1.8564 13.0119
495 4176 1.8564 13.0286
487 4176 1.8564 13.0452
481 4176 1.8564 13.0619
475 4176 1.8564 13.0786
468 4176 1.8564 13.0952
463 4176 1.8564 13.1119
455 4176 1.8564 13.1286
448 4176 1.8564 13.1452
441 4176 1.8564 13.1619
435 4176 1.8564 13.1786
429 4176 1.8564 13.1952
422 4176 1.8564 13.2119
416 4176 1.8564 13.2286
411 4176 1.8564 13.2452
402 4176 1.8564 13.2619
397 4176 1.8564 13.2786
390 4176 1.8564 13.2952
383 4176 1.8564 13.3119
379 4176 1.8564 13.3286
371 4176 1.8564 13.3452
364 4176 1.8564 13.3619
358 4176 1.8564 13.3786
352 4176 1.8564 13.3952
347 4176 1.8564 13.4119
340 4176 1.8564 13.4286
333 4176 1.8564 13.4452
328 4176 1.8564 13.4619
321 4176 1.8564 13.4786
319 4176 1.8564 13.4952
311 4176 1.8564 13.5119
307 4176 1.8564 13.5286
299 4176 1.8564 13.5452
293 4176 1.8564 13.5619
288 4176 1.8564 13.5786
285 4176 1.8564 13.5952
278 4176 1.8564 13.6119
273 4176 1.8564 13.6286
269 4176 1.8564 13.6452
265 4176 1.8564 13.6619
259 4176 1.8564 13.6786
255 4176 1.8564 13.6952
251 4176 1.8564 13.7119
247 4176 1.8564 13.7285
242 4176 1.8564 13.7452
238 4176 1.8564 13.7619
235 4176 1.8564 13.7785
232 4176 1.8564 13.7952
228 4176 1.8564 13.8119
225 4176 1.8564 13.8285
223 4176 1.8564 13.8452
219 4176 1.8564 13.8619
215 4176 1.8564 13.8785
212 4176 1.8564 13.8952
210 4176 1.8564 13.9119
207 4176 1.8564 13.9285
206 4176 1.8564 13.9452
201 4176 1.8564 13.9619
200 4176 1.8564 13.9785
199 4176 1.8564 13.9952
195 4176 1.8564 14.0119
193 4176 1.8564 14.0285
192 4176 1.8564 14.0452
191 4176 1.8564 14.0619
188 4176 1.8564 14.0785
188 4176 1.8564 14.0952
184 4176 1.8564 14.1119
184 4176 1.8564 14.1285
183 4176 1.8564 14.1452
181 4176 1.8564 14.1619
179 4176 1.8564 14.1785
179 4176 1.8564 14.1952
178 4176 1.8564 14.2119
176 4176 1.8564 14.2285
176 4176 1.8564 14.2452
174 4176 1.8564 14.2619
172 4176 1.8564 14.2785
172 4176 1.8564 14.2952
172 4176 1.8564 14.3119
170 4176 1.8564 14.3285
169 4176 1.8564 14.3452
169 4176 1.8564 14.3619
168 4176 1.8564 14.3785
168 4176 1.8564 14.3952
167 4176 1.8564 14.4119
167 4176 1.8564 14.4285
166 4176 1.8564 14.4452
165 4176 1.8564 14.4619
164 4176 1.8564 14.4785
164 4176 1.8564 14.4952
163 4176 1.8564 14.5119
163 4176 1.8564 14.5285
163 4176 1.8564 14.5452
163 4176 1.8564 14.5619
163 4176 1.8564 14.5785
162 4176 1.8564 14.5952
162 4176 1.8564 14.6119
162 4176 1.8564 14.6285
162 4176 1.8564 14.6452
162 4176 1.8564 14.6619
162 4176 1.8564 14.6785
161 4176 1.8564 14.6952
160 4176 1.8564 14.7119
160 4176 1.8564 14.7285
160 4176 1.8564 14.7452
160 4176 1.8564 14.7619
160 4176 1.8564 14.7785
160 4176 1.8564 14.7952
159 4176 1.8564 14.8119
159 4176 1.8564 14.8285
159 4176 1.8564 14.8452
159 4176 1.8564 14.8619
159 4176 1.8564 14.8785
159 4176 1.8564 14.8952
159 4176 1.8564 14.9119
159 4176 1.8564 14.9285
158 4176 1.8564 14.9452
158 4176 1.8564 14.9619
158 4176 1.8564 14.9785
158 4176 1.8564 14.9952
158 4176 1.8564 15.0119
158 4176 1.8564 15.0285
158 4176 1.8564 15.0452
158 4176 1.8564 15.0619
158 4176 1.8564 15.0785
158 4176 1.8564 15.0952
158 4176 1.8564 15.1119
158 4176 1.8564 15.1285
158 4176 1.8564 15.1452
158 4176 1.8564 15.1619
158 4176 1.8564 15.1785
158 4176 1.8564 15.1952
158 4176 1.8564 15.2119
158 4176 1.8564 15.2285
158 4176 1.8564 15.2452
158 4176 1.8564 15.2619
158 4176 1.8564 15.2785
157 4176 1.8564 15.2952
157 4176 1.8564 15.3119
157 4176 1.8564 15.3285
157 4176 1.8564 15.3452
157 4176 1.8564 15.3619
157 4176 1.8564 15.3785
157 4176 1.8564 15.3952
157 4176 1.8564 15.4119
157 4176 1.8564 15.4285
157 4176 1.8564 15.4452
157 4176 1.8564 15.4619
157 4176 1.8564 15.4785
157 4176 1.8564 15.4952
156 4176 1.8564 15.5119
156 4176 1.8564 15.5285
156 4176 1.8564 15.5452
156 4176 1.8564 15.5619
156 4176 1.8564 15.5785
156 4176 1.8564 15.5952
156 4176 1.8564 15.6119
156 4176 1.8564 15.6285
156 4176 1.8564 15.6452
156 4176 1.8564 15.6619
156 4176 1.8564 15.6785
156 4176 1.8564 15.6952
156 4176 1.8564 15.7119
156 4176 1.8564 15.7285
156 4176 1.8564 15.7452
156 4176 1.8564 15.7619
156 4176 1.8564 15.7785
156 4176 1.8564 15.7952
156 4176 1.8564 15.8119
156 4176 1.8564 15.8285
156 4176 1.8564 15.8452
156 4176 1.8564 15.8619
