30101 30431 0.00201315 0.0104318
29991 30431 0.00201315 0.0270987
29875 30431 0.00201315 0.0437655
29798 30431 0.00201315 0.0604324
29698 30431 0.00201315 0.0770993
29586 30431 0.00201315 0.0937662
29462 30431 0.00201315 0.110433
29354 30431 0.00201315 0.1271
29271 30431 0.00201315 0.143767
29175 30431 0.00201315 0.160434
29070 30431 0.00201315 0.177101
28951 30431 0.00201315 0.193768
28835 30431 0.00201315 0.210434
28748 30431 0.00201315 0.227101
28650 30431 0.00201315 0.243768
28526 30431 0.00201315 0.260435
28412 30431 0.00201315 0.277102
28309 30431 0.00201315 0.293769
28230 30431 0.00201315 0.310436
28129 30431 0.00201315 0.327103
28012 30431 0.00201315 0.34377
27872 30431 0.00201315 0.360436
27751 30431 0.00201315 0.377103
27674 30431 0.00201315 0.39377
27592 30431 0.00201315 0.410437
27474 30431 0.00201315 0.427104
27334 30431 0.00201315 0.443771
27229 30431 0.00201315 0.460438
27158 30431 0.00201315 0.477105
27062 30431 0.00201315 0.493772
26938 30431 0.00201315 0.510438
26791 30431 0.00201315 0.527105
26685 30431 0.00201315 0.543772
26601 30431 0.00201315 0.560439
26525 30431 0.00201315 0.577106
26423 30431 0.00201315 0.593773
26350 30431 0.00201315 0.61044
26270 30431 0.00201315 0.627107
26216 30431 0.00201315 0.643774
26171 30431 0.00201315 0.66044
26123 30431 0.00201315 0.677107
26092 30431 0.00201315 0.693774
26070 30431 0.00201315 0.710441
26047 30431 0.00201315 0.727107
26033 30431 0.00201315 0.743773
26023 30431 0.00201315 0.76044
26017 30431 0.00201315 0.777106
26009 30431 0.00201315 0.793773
26001 30431 0.00201315 0.810439
25992 30431 0.00201315 0.827106
25982 30431 0.00201315 0.843772
25976 30431 0.00201315 0.860438
25968 30431 0.00201315 0.877105
25960 30431 0.00201315 0.893771
25950 30431 0.00201315 0.910438
25945 30431 0.00201315 0.927104
25941 30431 0.00201315 0.94377
25933 30431 0.00201315 0.960437
25930 30431 0.00201315 0.977103
25923 30431 0.00201315 0.99377
25918 30431 0.00201315 1.01044
25915 30431 0.00201315 1.0271
25914 30431 0.00201315 1.04377
25909 30431 0.00201315 1.06044
25907 30431 0.00201315 1.0771
25904 30431 0.00201315 1.09377
25904 30431 0.00201315 1.11043
25903 30431 0.00201315 1.1271
25902 30431 0.00201315 1.14377
25901 30431 0.00201315 1.16043
25900 30431 0.00201315 1.1771
25899 30431 0.00201315 1.19377
25899 30431 0.00201315 1.21043
25899 30431 0.00201315 1.2271
25894 30431 0.00201315 1.24377
25894 30431 0.00201315 1.26043
25894 30431 0.00201315 1.2771
25894 30431 0.00201315 1.29377
25894 30431 0.00201315 1.31043
25893 30431 0.00201315 1.3271
25893 30431 0.00201315 1.34376
25893 30431 0.00201315 1.36043
25893 30431 0.00201315 1.3771
25893 30431 0.00201315 1.39376
25893 30431 0.00201315 1.41043
25892 30431 0.00201315 1.4271
25892 30431 0.00201315 1.44376
25891 30431 0.00201315 1.46043
25891 30431 0.00201315 1.4771
25891 30431 0.00201315 1.49376
25890 30431 0.00201315 1.51043
25889 30431 0.00201315 1.52709
25889 30431 0.00201315 1.54376
25889 30431 0.00201315 1.56043
25889 30431 0.00201315 1.57709
25889 30431 0.00201315 1.59376
25888 30431 0.00201315 1.61043
25888 30431 0.00201315 1.62709
25888 30431 0.00201315 1.64376
25887 30431 0.00201315 1.66043
25887 30431 0.00201315 1.67709
25886 30431 0.00201315 1.69376
25885 30431 0.00201315 1.71043
25885 30431 0.00201315 1.72709
25885 30431 0.00201315 1.74376
25884 30431 0.00201315 1.76042
25883 30431 0.00201315 1.77709
25883 30431 0.00201315 1.79376
25882 30431 0.00201315 1.81042
25882 30431 0.00201315 1.82709
25882 30431 0.00201315 1.84376
25882 30431 0.00201315 1.86042
25882 30431 0.00201315 1.87709
25881 30431 0.00201315 1.89376
25881 30431 0.00201315 1.91042
25881 30431 0.00201315 1.92709
25880 30431 0.00201315 1.94376
25880 30431 0.00201315 1.96042
25880 30431 0.00201315 1.97709
25879 30431 0.00201315 1.99375
25879 30431 0.00201315 2.01042
25879 30431 0.00201315 2.02709
25879 30431 0.00201315 2.04375
25879 30431 0.00201315 2.06042
25879 30431 0.00201315 2.07709
25879 30431 0.00201315 2.09375
25879 30431 0.00201315 2.11042
25879 30431 0.00201315 2.12709
25879 30431 0.00201315 2.14375
25878 30431 0.00201315 2.16042
25878 30431 0.00201315 2.17708
25878 30431 0.00201315 2.19375
25878 30431 0.00201315 2.21042
25878 30431 0.00201315 2.22708
25878 30431 0.00201315 2.24375
25878 30431 0.00201315 2.26042
25878 30431 0.00201315 2.27708
25878 30431 0.00201315 2.29375
25878 30431 0.00201315 2.31042
25878 30431 0.00201315 2.32708
25878 30431 0.00201315 2.34375
25878 30431 0.00201315 2.36042
25878 30431 0.00201315 2.37708
25878 30431 0.00201315 2.39375
25878 30431 0.00201315 2.41041
25878 30431 0.00201315 2.42708
25878 30431 0.00201315 2.44375
25878 30431 0.00201315 2.46041
25878 30431 0.00201315 2.47708
25878 30431 0.00201315 2.49375
25878 30431 0.00201315 2.51041
25877 30431 0.0040263 2.52708
25877 30431 0.00603945 2.54375
25877 30431 0.0080526 2.56041
25877 30431 0.0100658 2.57708
25875 30431 0.0120789 2.59375
25875 30431 0.0140921 2.61041
25875 30431 0.0161052 2.62708
25875 30431 0.0181184 2.64374
25875 30431 0.0201315 2.66041
25875 30431 0.0221447 2.67708
25875 30431 0.0241578 2.69374
25875 30431 0.026171 2.71041
25874 30431 0.0281841 2.72708
25874 30431 0.0301973 2.74374
25874 30431 0.0322104 2.76041
25872 30431 0.0342236 2.77708
25872 30431 0.0362367 2.79374
25872 30431 0.0382499 2.81041
25872 30431 0.040263 2.82708
25871 30431 0.0422762 2.84374
25871 30431 0.0442893 2.86041
25871 30431 0.0463025 2.87707
25871 30431 0.0483156 2.89374
25871 30431 0.0503288 2.91041
25871 30431 0.0523419 2.92707
25871 30431 0.0543551 2.94374
25871 30431 0.0563682 2.96041
25871 30431 0.0583814 2.97707
25871 30431 0.0603945 2.99374
25871 30431 0.0624077 3.01041
25871 30431 0.0644208 3.02707
25871 30431 0.066434 3.04374
25869 30431 0.0684471 3.0604
25869 30431 0.0704603 3.07707
25869 30431 0.0724734 3.09374
25869 30431 0.0744866 3.1104
25869 30431 0.0764997 3.12707
25869 30431 0.0785128 3.14374
25869 30431 0.080526 3.1604
25869 30431 0.0825391 3.17707
25869 30431 0.0845523 3.19374
25867 30431 0.0865654 3.2104
25867 30431 0.0885786 3.22707
25867 30431 0.0905917 3.24374
25867 30431 0.0926049 3.2604
25867 30431 0.094618 3.27707
25866 30431 0.0966312 3.29373
25865 30431 0.0986443 3.3104
25864 30431 0.100657 3.32707
25864 30431 0.102671 3.34373
25864 30431 0.104684 3.3604
25864 30431 0.106697 3.37707
25863 30431 0.10871 3.39373
25863 30431 0.110723 3.4104
25863 30431 0.112736 3.42707
25863 30431 0.114749 3.44373
25863 30431 0.116763 3.4604
25861 30431 0.118776 3.47707
25860 30431 0.120789 3.49373
25858 30431 0.122802 3.5104
25855 30431 0.124815 3.52706
25853 30431 0.126828 3.54373
25851 30431 0.128842 3.5604
25848 30431 0.130855 3.57706
25847 30431 0.132868 3.59373
25847 30431 0.134881 3.6104
25845 30431 0.136894 3.62706
25842 30431 0.138907 3.64373
25840 30431 0.14092 3.6604
25838 30431 0.142934 3.67706
25833 30431 0.144947 3.69373
25830 30431 0.14696 3.71039
25826 30431 0.148973 3.72706
25824 30431 0.150986 3.74373
25823 30431 0.152999 3.76039
25819 30431 0.155012 3.77706
25814 30431 0.157026 3.79373
25813 30431 0.159039 3.81039
25811 30431 0.161052 3.82706
25809 30431 0.163065 3.84373
25801 30431 0.165078 3.86039
25795 30431 0.167091 3.87706
25794 30431 0.169104 3.89373
25790 30431 0.171118 3.91039
25785 30431 0.173131 3.92706
25780 30431 0.175144 3.94372
25777 30431 0.177157 3.96039
25770 30431 0.17917 3.97706
25768 30431 0.181183 3.99372
25761 30431 0.183196 4.01039
25757 30431 0.18521 4.02706
25755 30431 0.187223 4.04372
25750 30431 0.189236 4.06039
25746 30431 0.191249 4.07706
25739 30431 0.193262 4.09372
25733 30431 0.195275 4.11039
25727 30431 0.197289 4.12706
25721 30431 0.199302 4.14372
25717 30431 0.201315 4.16039
25711 30431 0.203328 4.17705
25705 30431 0.205341 4.19372
25703 30431 0.207354 4.21039
25695 30431 0.209367 4.22705
25690 30431 0.211381 4.24372
25682 30431 0.213394 4.26039
25679 30431 0.215407 4.27705
25674 30431 0.21742 4.29372
25668 30431 0.219433 4.31039
25662 30431 0.221446 4.32705
25653 30431 0.223459 4.34372
25648 30431 0.225473 4.36038
25641 30431 0.227486 4.37705
25633 30431 0.229499 4.39372
25629 30431 0.231512 4.41038
25619 30431 0.233525 4.42705
25612 30431 0.235538 4.44372
25606 30431 0.237551 4.46038
25600 30431 0.239565 4.47705
25589 30431 0.241578 4.49372
25580 30431 0.243591 4.51038
25571 30431 0.245604 4.52705
25566 30431 0.247617 4.54372
25558 30431 0.24963 4.56038
25553 30431 0.251643 4.57705
25543 30431 0.253657 4.59371
25535 30431 0.25567 4.61038
25526 30431 0.257683 4.62705
25516 30431 0.259696 4.64371
25510 30431 0.261709 4.66038
25502 30431 0.263722 4.67705
25490 30431 0.265736 4.69371
25483 30431 0.267749 4.71038
25478 30431 0.269762 4.72705
25471 30431 0.271775 4.74371
25462 30431 0.273788 4.76038
25452 30431 0.275801 4.77705
25447 30431 0.277814 4.79371
25437 30431 0.279828 4.81038
25425 30431 0.281841 4.82704
25418 30431 0.283854 4.84371
25408 30431 0.285867 4.86038
25401 30431 0.28788 4.87704
25389 30431 0.289893 4.89371
25383 30431 0.291906 4.91038
25372 30431 0.29392 4.92704
25364 30431 0.295933 4.94371
25357 30431 0.297946 4.96038
25351 30431 0.299959 4.97704
25342 30431 0.301972 4.99371
25333 30431 0.303985 5.01038
25324 30431 0.305998 5.02704
25316 30431 0.308012 5.04371
25306 30431 0.310025 5.06037
25297 30431 0.312038 5.07704
25290 30431 0.314051 5.09371
25284 30431 0.316064 5.11037
25276 30431 0.318077 5.12704
25271 30431 0.32009 5.14371
25259 30431 0.322104 5.16037
25253 30431 0.324117 5.17704
25242 30431 0.32613 5.19371
25238 30431 0.328143 5.21037
25228 30431 0.330156 5.22704
25216 30431 0.332169 5.2437
25208 30431 0.334183 5.26037
25201 30431 0.336196 5.27704
25192 30431 0.338209 5.2937
25183 30431 0.340222 5.31037
25178 30431 0.342235 5.32704
25168 30431 0.344248 5.3437
25160 30431 0.346261 5.36037
25149 30431 0.348275 5.37704
25141 30431 0.350288 5.3937
25137 30431 0.352301 5.41037
25123 30431 0.354314 5.42704
25112 30431 0.356327 5.4437
25105 30431 0.35834 5.46037
25096 30431 0.360353 5.47703
25087 30431 0.362367 5.4937
25076 30431 0.36438 5.51037
25069 30431 0.366393 5.52703
25056 30431 0.368406 5.5437
25049 30431 0.370419 5.56037
25039 30431 0.372432 5.57703
25032 30431 0.374445 5.5937
25021 30431 0.376459 5.61037
25012 30431 0.378472 5.62703
25006 30431 0.380485 5.6437
24998 30431 0.382498 5.66037
24984 30431 0.384511 5.67703
24978 30431 0.386524 5.6937
24968 30431 0.388537 5.71036
24958 30431 0.390551 5.72703
24948 30431 0.392564 5.7437
24939 30431 0.394577 5.76036
24930 30431 0.39659 5.77703
24921 30431 0.398603 5.7937
24909 30431 0.400616 5.81036
24903 30431 0.402629 5.82703
24894 30431 0.404643 5.8437
24882 30431 0.406656 5.86036
24874 30431 0.408669 5.87703
24860 30431 0.410682 5.89369
24854 30431 0.412695 5.91036
24848 30431 0.414708 5.92703
24837 30431 0.416722 5.94369
24830 30431 0.418735 5.96036
24818 30431 0.420748 5.97703
24808 30431 0.422761 5.99369
24799 30431 0.424774 6.01036
24794 30431 0.426787 6.02703
24780 30431 0.4288 6.04369
24769 30431 0.430814 6.06036
24761 30431 0.432827 6.07703
24752 30431 0.43484 6.09369
24737 30431 0.436853 6.11036
24731 30431 0.438866 6.12702
24719 30431 0.440879 6.14369
24708 30431 0.442892 6.16036
24700 30431 0.444906 6.17702
24690 30431 0.446919 6.19369
24679 30431 0.448932 6.21036
24668 30431 0.450945 6.22702
24657 30431 0.452958 6.24369
24644 30431 0.454971 6.26036
24635 30431 0.456984 6.27702
24622 30431 0.458998 6.29369
24616 30431 0.461011 6.31036
24608 30431 0.463024 6.32702
24597 30431 0.465037 6.34369
24581 30431 0.46705 6.36035
24569 30431 0.469063 6.37702
24559 30431 0.471076 6.39369
24546 30431 0.47309 6.41035
24534 30431 0.475103 6.42702
24520 30431 0.477116 6.44369
24512 30431 0.479129 6.46035
24500 30431 0.481142 6.47702
24490 30431 0.483155 6.49369
24476 30431 0.485169 6.51035
24469 30431 0.487182 6.52702
24455 30431 0.489195 6.54368
24445 30431 0.491208 6.56035
24434 30431 0.493221 6.57702
24422 30431 0.495234 6.59368
24413 30431 0.497247 6.61035
24407 30431 0.499261 6.62702
24387 30431 0.501274 6.64368
24378 30431 0.503287 6.66035
24368 30431 0.5053 6.67702
24351 30431 0.507313 6.69368
24343 30431 0.509326 6.71035
24333 30431 0.511339 6.72702
24321 30431 0.513353 6.74368
24310 30431 0.515366 6.76035
24299 30431 0.517379 6.77701
24288 30431 0.519392 6.79368
24276 30431 0.521405 6.81035
24265 30431 0.523418 6.82701
24255 30431 0.525431 6.84368
24245 30431 0.527445 6.86035
24233 30431 0.529458 6.87701
24219 30431 0.531471 6.89368
24210 30431 0.533484 6.91035
24196 30431 0.535497 6.92701
24186 30431 0.53751 6.94368
24173 30431 0.539523 6.96035
24161 30431 0.541537 6.97701
24147 30431 0.54355 6.99368
24137 30431 0.545563 7.01034
24122 30431 0.547576 7.02701
24112 30431 0.549589 7.04368
24094 30431 0.551602 7.06034
24085 30431 0.553616 7.07701
24076 30431 0.555629 7.09368
24061 30431 0.557642 7.11034
24051 30431 0.559655 7.12701
24037 30431 0.561668 7.14368
24022 30431 0.563681 7.16034
24013 30431 0.565694 7.17701
24001 30431 0.567708 7.19368
23991 30431 0.569721 7.21034
23978 30431 0.571734 7.22701
23960 30431 0.573747 7.24367
23948 30431 0.57576 7.26034
23936 30431 0.577773 7.27701
23924 30431 0.577773 7.29367
23909 30431 0.577773 7.31034
23898 30431 0.577773 7.32701
23884 30431 0.577773 7.34367
23875 30431 0.577773 7.36034
23861 30431 0.577773 7.37701
23850 30431 0.577773 7.39367
23842 30431 0.577773 7.41034
23823 30431 0.577773 7.427
23814 30431 0.577773 7.44367
23799 30431 0.577773 7.46034
23788 30431 0.577773 7.477
23775 30431 0.577773 7.49367
23768 30431 0.577773 7.51034
23751 30431 0.577773 7.527
23740 30431 0.577773 7.54367
23722 30431 0.577773 7.56034
23711 30431 0.577773 7.577
23695 30431 0.577773 7.59367
23684 30431 0.577773 7.61034
23671 30431 0.577773 7.627
23660 30431 0.577773 7.64367
23647 30431 0.577773 7.66033
23630 30431 0.577773 7.677
23620 30431 0.577773 7.69367
23606 30431 0.577773 7.71033
23587 30431 0.577773 7.727
23575 30431 0.577773 7.74367
23561 30431 0.577773 7.76033
23546 30431 0.577773 7.777
23535 30431 0.577773 7.79367
23519 30431 0.577773 7.81033
23506 30431 0.577773 7.827
23492 30431 0.577773 7.84367
23484 30431 0.577773 7.86033
23467 30431 0.577773 7.877
23452 30431 0.577773 7.89366
23439 30431 0.577773 7.91033
23426 30431 0.577773 7.927
23411 30431 0.577773 7.94366
23401 30431 0.577773 7.96033
23387 30431 0.577773 7.977
23372 30431 0.577773 7.99366
23361 30431 0.577773 8.01033
23347 30431 0.577773 8.027
23336 30431 0.577773 8.04366
23324 30431 0.577773 8.06033
23307 30431 0.577773 8.07699
23297 30431 0.577773 8.09366
23286 30431 0.577773 8.11033
23277 30431 0.577773 8.12699
23265 30431 0.577773 8.14366
23257 30431 0.577773 8.16033
23243 30431 0.577773 8.17699
23232 30431 0.577773 8.19366
23220 30431 0.577773 8.21033
23213 30431 0.577773 8.22699
23203 30431 0.577773 8.24366
23192 30431 0.577773 8.26033
23184 30431 0.577773 8.27699
23172 30431 0.577773 8.29366
23164 30431 0.577773 8.31032
23157 30431 0.577773 8.32699
23148 30431 0.577773 8.34366
23138 30431 0.577773 8.36032
23130 30431 0.577773 8.37699
23119 30431 0.577773 8.39366
23115 30431 0.577773 8.41032
23106 30431 0.577773 8.42699
23095 30431 0.577773 8.44366
23094 30431 0.577773 8.46032
23084 30431 0.577773 8.47699
23076 30431 0.577773 8.49366
23072 30431 0.577773 8.51032
23065 30431 0.577773 8.52699
23058 30431 0.577773 8.54365
23051 30431 0.577773 8.56032
23047 30431 0.577773 8.57699
23040 30431 0.577773 8.59365
23033 30431 0.577773 8.61032
23023 30431 0.577773 8.62699
23020 30431 0.577773 8.64365
23013 30431 0.577773 8.66032
23008 30431 0.577773 8.67699
22999 30431 0.577773 8.69365
22994 30431 0.577773 8.71032
22989 30431 0.577773 8.72698
22982 30431 0.577773 8.74365
22971 30431 0.577773 8.76032
22968 30431 0.577773 8.77698
22964 30431 0.577773 8.79365
22955 30431 0.577773 8.81032
22951 30431 0.577773 8.82698
22944 30431 0.577773 8.84365
22941 30431 0.577773 8.86032
22934 30431 0.577773 8.87698
22926 30431 0.577773 8.89365
22923 30431 0.577773 8.91032
22920 30431 0.577773 8.92698
22912 30431 0.577773 8.94365
22905 30431 0.577773 8.96031
22903 30431 0.577773 8.97698
22898 30431 0.577773 8.99365
22892 30431 0.577773 9.01031
22886 30431 0.577773 9.02698
22882 30431 0.577773 9.04365
22880 30431 0.577773 9.06031
22873 30431 0.577773 9.07698
22870 30431 0.577773 9.09365
22865 30431 0.577773 9.11031
22861 30431 0.577773 9.12698
22856 30431 0.577773 9.14365
22855 30431 0.577773 9.16031
22850 30431 0.577773 9.17698
22845 30431 0.577773 9.19364
22841 30431 0.577773 9.21031
22837 30431 0.577773 9.22698
22832 30431 0.577773 9.24364
22830 30431 0.577773 9.26031
22824 30431 0.577773 9.27698
22817 30431 0.577773 9.29364
22816 30431 0.577773 9.31031
22813 30431 0.577773 9.32698
22812 30431 0.577773 9.34364
22806 30431 0.577773 9.36031
22802 30431 0.577773 9.37698
22799 30431 0.577773 9.39364
22793 30431 0.577773 9.41031
22792 30431 0.577773 9.42697
22786 30431 0.577773 9.44364
22782 30431 0.577773 9.46031
22779 30431 0.577773 9.47697
22777 30431 0.577773 9.49364
22775 30431 0.577773 9.51031
22769 30431 0.577773 9.52697
22766 30431 0.577773 9.54364
22760 30431 0.577773 9.56031
22757 30431 0.577773 9.57697
22753 30431 0.577773 9.59364
22749 30431 0.577773 9.6103
22745 30431 0.577773 9.62697
22743 30431 0.577773 9.64364
22739 30431 0.577773 9.6603
22736 30431 0.577773 9.67697
22734 30431 0.577773 9.69364
22729 30431 0.577773 9.7103
22727 30431 0.577773 9.72697
22726 30431 0.577773 9.74364
22721 30431 0.577773 9.7603
22719 30431 0.577773 9.77697
22713 30431 0.577773 9.79364
22713 30431 0.577773 9.8103
22709 30431 0.577773 9.82697
22706 30431 0.577773 9.84363
22703 30431 0.577773 9.8603
22701 30431 0.577773 9.87697
22697 30431 0.577773 9.89363
22697 30431 0.577773 9.9103
22693 30431 0.577773 9.92697
22689 30431 0.577773 9.94363
22688 30431 0.577773 9.9603
22685 30431 0.577773 9.97697
22683 30431 0.577773 9.99363
22680 30431 0.577773 10.0103
22675 30431 0.577773 10.027
22673 30431 0.577773 10.0436
22671 30431 0.577773 10.0603
22670 30431 0.577773 10.077
22667 30431 0.577773 10.0936
22665 30431 0.577773 10.1103
22663 30431 0.577773 10.127
22658 30431 0.577773 10.1436
22657 30431 0.577773 10.1603
22656 30431 0.577773 10.177
22655 30431 0.577773 10.1936
22653 30431 0.577773 10.2103
22650 30431 0.577773 10.227
22644 30431 0.577773 10.2436
22643 30431 0.577773 10.2603
22643 30431 0.577773 10.277
22638 30431 0.577773 10.2936
22637 30431 0.577773 10.3103
22635 30431 0.577773 10.327
22634 30431 0.577773 10.3436
22632 30431 0.577773 10.3603
22629 30431 0.577773 10.377
22628 30431 0.577773 10.3936
22626 30431 0.577773 10.4103
22622 30431 0.577773 10.427
22620 30431 0.577773 10.4436
22619 30431 0.577773 10.4603
22616 30431 0.577773 10.477
22613 30431 0.577773 10.4936
22612 30431 0.577773 10.5103
22612 30431 0.577773 10.527
22607 30431 0.577773 10.5436
22604 30431 0.577773 10.5603
22603 30431 0.577773 10.577
22602 30431 0.577773 10.5936
22601 30431 0.577773 10.6103
22599 30431 0.577773 10.627
22598 30431 0.577773 10.6436
22595 30431 0.577773 10.6603
22595 30431 0.577773 10.677
22593 30431 0.577773 10.6936
22590 30431 0.577773 10.7103
22589 30431 0.577773 10.727
22587 30431 0.577773 10.7436
22587 30431 0.577773 10.7603
22585 30431 0.577773 10.777
22583 30431 0.577773 10.7936
22582 30431 0.577773 10.8103
22580 30431 0.577773 10.827
22576 30431 0.577773 10.8436
22574 30431 0.577773 10.8603
22573 30431 0.577773 10.877
22571 30431 0.577773 10.8936
22570 30431 0.577773 10.9103
22568 30431 0.577773 10.927
22567 30431 0.577773 10.9436
22566 30431 0.577773 10.9603
22566 30431 0.577773 10.977
22564 30431 0.577773 10.9936
22563 30431 0.577773 11.0103
22561 30431 0.577773 11.0269
22561 30431 0.577773 11.0436
22560 30431 0.577773 11.0603
22559 30431 0.577773 11.0769
22559 30431 0.577773 11.0936
22559 30431 0.577773 11.1103
22557 30431 0.577773 11.1269
22556 30431 0.577773 11.1436
22553 30431 0.577773 11.1603
22552 30431 0.577773 11.1769
22551 30431 0.577773 11.1936
22551 30431 0.577773 11.2103
22550 30431 0.577773 11.2269
22549 30431 0.577773 11.2436
22548 30431 0.577773 11.2603
22548 30431 0.577773 11.2769
22544 30431 0.577773 11.2936
22543 30431 0.577773 11.3103
22541 30431 0.577773 11.3269
22541 30431 0.577773 11.3436
22540 30431 0.577773 11.3603
22538 30431 0.577773 11.3769
22538 30431 0.577773 11.3936
22538 30431 0.577773 11.4103
22536 30431 0.577773 11.4269
22536 30431 0.577773 11.4436
22536 30431 0.577773 11.4603
22532 30431 0.577773 11.4769
22530 30431 0.577773 11.4936
22529 30431 0.577773 11.5103
22528 30431 0.577773 11.5269
22527 30431 0.577773 11.5436
22525 30431 0.577773 11.5603
22523 30431 0.577773 11.5769
22523 30431 0.577773 11.5936
22523 30431 0.577773 11.6103
22520 30431 0.577773 11.6269
22518 30431 0.577773 11.6436
22517 30431 0.577773 11.6603
22514 30431 0.577773 11.6769
22514 30431 0.577773 11.6936
22513 30431 0.577773 11.7103
22513 30431 0.577773 11.7269
22512 30431 0.577773 11.7436
22510 30431 0.577773 11.7603
22510 30431 0.577773 11.7769
22509 30431 0.577773 11.7936
22508 30431 0.577773 11.8103
22506 30431 0.577773 11.8269
22506 30431 0.577773 11.8436
22505 30431 0.577773 11.8603
22505 30431 0.577773 11.8769
22505 30431 0.577773 11.8936
22505 30431 0.577773 11.9103
22503 30431 0.577773 11.9269
22501 30431 0.577773 11.9436
22500 30431 0.577773 11.9603
22499 30431 0.577773 11.9769
22498 30431 0.577773 11.9936
22497 30431 0.577773 12.0103
22496 30431 0.577773 12.0269
22494 30431 0.577773 12.0436
22494 30431 0.577773 12.0603
22494 30431 0.577773 12.0769
22492 30431 0.577773 12.0936
22491 30431 0.577773 12.1103
22489 30431 0.577773 12.1269
22488 30431 0.577773 12.1436
22488 30431 0.577773 12.1603
22486 30431 0.577773 12.1769
22486 30431 0.577773 12.1936
22485 30431 0.577773 12.2103
22485 30431 0.577773 12.2269
22485 30431 0.577773 12.2436
22485 30431 0.577773 12.2603
22485 30431 0.577773 12.2769
22483 30431 0.577773 12.2936
22482 30431 0.577773 12.3103
22482 30431 0.577773 12.3269
22480 30431 0.577773 12.3436
22479 30431 0.577773 12.3603
22479 30431 0.577773 12.3769
22479 30431 0.577773 12.3936
22478 30431 0.577773 12.4103
22478 30431 0.577773 12.4269
22475 30431 0.577773 12.4436
22475 30431 0.577773 12.4603
22474 30431 0.577773 12.4769
22474 30431 0.577773 12.4936
22473 30431 0.577773 12.5103
22471 30431 0.577773 12.5269
22470 30431 0.577773 12.5436
22469 30431 0.577773 12.5603
22468 30431 0.577773 12.5769
22468 30431 0.577773 12.5936
22468 30431 0.577773 12.6103
22467 30431 0.577773 12.6269
22466 30431 0.577773 12.6436
22466 30431 0.577773 12.6603
22465 30431 0.577773 12.6769
22463 30431 0.577773 12.6936
22463 30431 0.577773 12.7103
22463 30431 0.577773 12.7269
22461 30431 0.577773 12.7436
22460 30431 0.577773 12.7603
22459 30431 0.577773 12.7769
22458 30431 0.577773 12.7936
22456 30431 0.577773 12.8103
22455 30431 0.577773 12.8269
22455 30431 0.577773 12.8436
22454 30431 0.577773 12.8603
22454 30431 0.577773 12.8769
22453 30431 0.577773 12.8936
22452 30431 0.577773 12.9103
22452 30431 0.577773 12.9269
22451 30431 0.577773 12.9436
22451 30431 0.577773 12.9603
22451 30431 0.577773 12.9769
22451 30431 0.577773 12.9936
22450 30431 0.577773 13.0103
22450 30431 0.577773 13.0269
22449 30431 0.577773 13.0436
22448 30431 0.577773 13.0603
22447 30431 0.577773 13.0769
22445 30431 0.577773 13.0936
22444 30431 0.577773 13.1103
22444 30431 0.577773 13.1269
22444 30431 0.577773 13.1436
22444 30431 0.577773 13.1603
22444 30431 0.577773 13.1769
22442 30431 0.577773 13.1936
22441 30431 0.577773 13.2102
22441 30431 0.577773 13.2269
22441 30431 0.577773 13.2436
22440 30431 0.577773 13.2602
22440 30431 0.577773 13.2769
22440 30431 0.577773 13.2936
22440 30431 0.577773 13.3102
22439 30431 0.577773 13.3269
22439 30431 0.577773 13.3436
22438 30431 0.577773 13.3602
22436 30431 0.577773 13.3769
22435 30431 0.577773 13.3936
22435 30431 0.577773 13.4102
22434 30431 0.577773 13.4269
22434 30431 0.577773 13.4436
22432 30431 0.577773 13.4602
22432 30431 0.577773 13.4769
22432 30431 0.577773 13.4936
22431 30431 0.577773 13.5102
22431 30431 0.577773 13.5269
22431 30431 0.577773 13.5436
22431 30431 0.577773 13.5602
22431 30431 0.577773 13.5769
22431 30431 0.577773 13.5936
22431 30431 0.577773 13.6102
22430 30431 0.577773 13.6269
22430 30431 0.577773 13.6436
22429 30431 0.577773 13.6602
22429 30431 0.577773 13.6769
22429 30431 0.577773 13.6936
22429 30431 0.577773 13.7102
22429 30431 0.577773 13.7269
22428 30431 0.577773 13.7436
22428 30431 0.577773 13.7602
22427 30431 0.577773 13.7769
22427 30431 0.577773 13.7936
22427 30431 0.577773 13.8102
22427 30431 0.577773 13.8269
22425 30431 0.577773 13.8436
22424 30431 0.577773 13.8602
22424 30431 0.577773 13.8769
22424 30431 0.577773 13.8936
22424 30431 0.577773 13.9102
22423 30431 0.577773 13.9269
22423 30431 0.577773 13.9436
22422 30431 0.577773 13.9602
22421 30431 0.577773 13.9769
22421 30431 0.577773 13.9936
22421 30431 0.577773 14.0102
22421 30431 0.577773 14.0269
22420 30431 0.577773 14.0436
22418 30431 0.577773 14.0602
22418 30431 0.577773 14.0769
22418 30431 0.577773 14.0936
22416 30431 0.577773 14.1102
22415 30431 0.577773 14.1269
22415 30431 0.577773 14.1436
22414 30431 0.577773 14.1602
22412 30431 0.577773 14.1769
22412 30431 0.577773 14.1936
22411 30431 0.577773 14.2102
22410 30431 0.577773 14.2269
22410 30431 0.577773 14.2436
22410 30431 0.577773 14.2602
22409 30431 0.577773 14.2769
22409 30431 0.577773 14.2936
22409 30431 0.577773 14.3102
22409 30431 0.577773 14.3269
22409 30431 0.577773 14.3436
22405 30431 0.577773 14.3602
22405 30431 0.577773 14.3769
22405 30431 0.577773 14.3936
22405 30431 0.577773 14.4102
22405 30431 0.577773 14.4269
22405 30431 0.577773 14.4436
22403 30431 0.577773 14.4602
22402 30431 0.577773 14.4769
22402 30431 0.577773 14.4936
22402 30431 0.577773 14.5102
22401 30431 0.577773 14.5269
22401 30431 0.577773 14.5436
22400 30431 0.577773 14.5602
22399 30431 0.577773 14.5769
22399 30431 0.577773 14.5936
22399 30431 0.577773 14.6102
22399 30431 0.577773 14.6269
22398 30431 0.577773 14.6436
22397 30431 0.577773 14.6602
22397 30431 0.577773 14.6769
22397 30431 0.577773 14.6936
22396 30431 0.577773 14.7102
22396 30431 0.577773 14.7269
22394 30431 0.577773 14.7436
22394 30431 0.577773 14.7602
22394 30431 0.577773 14.7769
22394 30431 0.577773 14.7936
22392 30431 0.577773 14.8102
22392 30431 0.577773 14.8269
22391 30431 0.577773 14.8436
22391 30431 0.577773 14.8602
22391 30431 0.577773 14.8769
22389 30431 0.577773 14.8936
22389 30431 0.577773 14.9102
22388 30431 0.577773 14.9269
22388 30431 0.577773 14.9436
22387 30431 0.577773 14.9602
22385 30431 0.577773 14.9769
22385 30431 0.577773 14.9936
22385 30431 0.577773 15.0102
22385 30431 0.577773 15.0269
22385 30431 0.577773 15.0436
22385 30431 0.577773 15.0602
22383 30431 0.577773 15.0769
22383 30431 0.577773 15.0936
22383 30431 0.577773 15.1102
22380 30431 0.577773 15.1269
22380 30431 0.577773 15.1436
22379 30431 0.577773 15.1602
22379 30431 0.577773 15.1769
22378 30431 0.577773 15.1936
22378 30431 0.577773 15.2102
22377 30431 0.577773 15.2269
22377 30431 0.577773 15.2436
22377 30431 0.577773 15.2602
22376 30431 0.577773 15.2769
22376 30431 0.577773 15.2936
22375 30431 0.577773 15.3102
22375 30431 0.577773 15.3269
22375 30431 0.577773 15.3436
22375 30431 0.577773 15.3602
22375 30431 0.577773 15.3769
22374 30431 0.577773 15.3935
22374 30431 0.577773 15.4102
22373 30431 0.577773 15.4269
22373 30431 0.577773 15.4435
22373 30431 0.577773 15.4602
22373 30431 0.577773 15.4769
22373 30431 0.577773 15.4935
22373 30431 0.577773 15.5102
22372 30431 0.577773 15.5269
22372 30431 0.577773 15.5435
22371 30431 0.577773 15.5602
22370 30431 0.577773 15.5769
22369 30431 0.577773 15.5935
22369 30431 0.577773 15.6102
22369 30431 0.577773 15.6269
22367 30431 0.577773 15.6435
22367 30431 0.577773 15.6602
22367 30431 0.577773 15.6769
22367 30431 0.577773 15.6935
22366 30431 0.577773 15.7102
22366 30431 0.577773 15.7269
22365 30431 0.577773 15.7435
22364 30431 0.577773 15.7602
22364 30431 0.577773 15.7769
22364 30431 0.577773 15.7935
22364 30431 0.577773 15.8102
22363 30431 0.577773 15.8269
22362 30431 0.577773 15.8435
22362 30431 0.577773 15.8602
22362 30431 0.577773 15.8769
22361 30431 0.577773 15.8935
22360 30431 0.577773 15.9102
22360 30431 0.577773 15.9269
22358 30431 0.577773 15.9435
22358 30431 0.577773 15.9602
22358 30431 0.577773 15.9769
22358 30431 0.577773 15.9935
22357 30431 0.577773 16.0102
22357 30431 0.577773 16.0269
22357 30431 0.577773 16.0435
22356 30431 0.577773 16.0602
22355 30431 0.577773 16.0769
22355 30431 0.577773 16.0935
22355 30431 0.577773 16.1102
22354 30431 0.577773 16.1269
22353 30431 0.577773 16.1435
22353 30431 0.577773 16.1602
22352 30431 0.577773 16.1769
22351 30431 0.577773 16.1935
22351 30431 0.577773 16.2102
22351 30431 0.577773 16.2269
22351 30431 0.577773 16.2435
22351 30431 0.577773 16.2602
22351 30431 0.577773 16.2769
22351 30431 0.577773 16.2935
22351 30431 0.577773 16.3102
22350 30431 0.577773 16.3269
22350 30431 0.577773 16.3435
22349 30431 0.577773 16.3602
22349 30431 0.577773 16.3769
22349 30431 0.577773 16.3935
22349 30431 0.577773 16.4102
22348 30431 0.577773 16.4269
22348 30431 0.577773 16.4435
22348 30431 0.577773 16.4602
22348 30431 0.577773 16.4769
22348 30431 0.577773 16.4935
22348 30431 0.577773 16.5102
22348 30431 0.577773 16.5269
22348 30431 0.577773 16.5435
22348 30431 0.577773 16.5602
22348 30431 0.577773 16.5769
22348 30431 0.577773 16.5935
22348 30431 0.577773 16.6102
22348 30431 0.577773 16.6269
22346 30431 0.577773 16.6435
22346 30431 0.577773 16.6602
22346 30431 0.577773 16.6769
22345 30431 0.577773 16.6935
22345 30431 0.577773 16.7102
22345 30431 0.577773 16.7269
22345 30431 0.577773 16.7435
22345 30431 0.577773 16.7602
22345 30431 0.577773 16.7769
22344 30431 0.577773 16.7935
22344 30431 0.577773 16.8102
22344 30431 0.577773 16.8269
22344 30431 0.577773 16.8435
22344 30431 0.577773 16.8602
22344 30431 0.577773 16.8769
22343 30431 0.577773 16.8935
22343 30431 0.577773 16.9102
22342 30431 0.577773 16.9269
22342 30431 0.577773 16.9435
22341 30431 0.577773 16.9602
22340 30431 0.577773 16.9769
22339 30431 0.577773 16.9935
22339 30431 0.577773 17.0102
22339 30431 0.577773 17.0269
22339 30431 0.577773 17.0435
22338 30431 0.577773 17.0602
22338 30431 0.577773 17.0769
22338 30431 0.577773 17.0935
22338 30431 0.577773 17.1102
22338 30431 0.577773 17.1269
22338 30431 0.577773 17.1435
22337 30431 0.577773 17.1602
22337 30431 0.577773 17.1769
22337 30431 0.577773 17.1935
22337 30431 0.577773 17.2102
22337 30431 0.577773 17.2269
22336 30431 0.577773 17.2435
22336 30431 0.577773 17.2602
22335 30431 0.577773 17.2769
22335 30431 0.577773 17.2935
22335 30431 0.577773 17.3102
22335 30431 0.577773 17.3269
22335 30431 0.577773 17.3435
22335 30431 0.577773 17.3602
22335 30431 0.577773 17.3769
22335 30431 0.577773 17.3935
22334 30431 0.577773 17.4102
22334 30431 0.577773 17.4269
22334 30431 0.577773 17.4435
22334 30431 0.577773 17.4602
22334 30431 0.577773 17.4769
22334 30431 0.577773 17.4935
22334 30431 0.577773 17.5102
22334 30431 0.577773 17.5269
22333 30431 0.577773 17.5435
22333 30431 0.577773 17.5602
22333 30431 0.577773 17.5769
22331 30431 0.577773 17.5935
22331 30431 0.577773 17.6102
22331 30431 0.577773 17.6269
22331 30431 0.577773 17.6435
22331 30431 0.577773 17.6602
22331 30431 0.577773 17.6768
22331 30431 0.577773 17.6935
22331 30431 0.577773 17.7102
22330 30431 0.577773 17.7268
22330 30431 0.577773 17.7435
22330 30431 0.577773 17.7602
22330 30431 0.577773 17.7768
22330 30431 0.577773 17.7935
22330 30431 0.577773 17.8102
22330 30431 0.577773 17.8268
22330 30431 0.577773 17.8435
22330 30431 0.577773 17.8602
22330 30431 0.577773 17.8768
22330 30431 0.577773 17.8935
22330 30431 0.577773 17.9102
22330 30431 0.577773 17.9268
22330 30431 0.577773 17.9435
22330 30431 0.577773 17.9602
22330 30431 0.577773 17.9768
22330 30431 0.577773 17.9935
22330 30431 0.577773 18.0102
22330 30431 0.577773 18.0268
22330 30431 0.577773 18.0435
22330 30431 0.577773 18.0602
22330 30431 0.577773 18.0768
