1139 1139 0.000726587 0.0160604
1139 1139 0.000726587 0.0327272
1139 1139 0.000726587 0.0493941
1139 1139 0.000726587 0.066061
1139 1139 0.000726587 0.0827279
1139 1139 0.000726587 0.0993948
1139 1139 0.000726587 0.116062
1139 1139 0.000726587 0.132729
1139 1139 0.000726587 0.149395
1139 1139 0.000726587 0.166062
1139 1139 0.000726587 0.182729
1139 1139 0.000726587 0.199396
1139 1139 0.000726587 0.216063
1139 1139 0.000726587 0.23273
1139 1139 0.000726587 0.249397
1139 1139 0.000726587 0.266064
1139 1139 0.000726587 0.282731
1139 1139 0.000726587 0.299397
1139 1139 0.000726587 0.316064
1139 1139 0.000726587 0.332731
1139 1139 0.000726587 0.349398
1139 1139 0.000726587 0.366065
1139 1139 0.00145317 0.382732
1139 1139 0.00217976 0.399399
1139 1139 0.00290635 0.416065
1139 1139 0.00363293 0.432732
1139 1139 0.00435952 0.449398
1139 1139 0.00508611 0.466064
1139 1139 0.00581269 0.482731
1139 1139 0.00653928 0.499397
1139 1139 0.00726587 0.516064
1139 1139 0.00799245 0.53273
1139 1139 0.00871904 0.549397
1138 1139 0.00944563 0.566063
1138 1139 0.0101722 0.582729
1138 1139 0.0108988 0.599396
1138 1139 0.0116254 0.616062
1138 1139 0.012352 0.632729
1138 1139 0.0130786 0.649395
1138 1139 0.0138052 0.666061
1138 1139 0.0145317 0.682728
1138 1139 0.0152583 0.699394
1138 1139 0.0159849 0.716061
1138 1139 0.0167115 0.732727
1138 1139 0.0174381 0.749393
1138 1139 0.0181647 0.76606
1138 1139 0.0188913 0.782726
1138 1139 0.0196178 0.799393
1138 1139 0.0203444 0.816059
1138 1139 0.021071 0.832726
1138 1139 0.0217976 0.849392
1138 1139 0.0225242 0.866058
1138 1139 0.0232508 0.882725
1138 1139 0.0239774 0.899391
1138 1139 0.0247039 0.916058
1138 1139 0.0254305 0.932724
1138 1139 0.0261571 0.94939
1138 1139 0.0268837 0.966057
1138 1139 0.0276103 0.982723
1138 1139 0.0283369 0.99939
1138 1139 0.0290635 1.01606
1138 1139 0.02979 1.03272
1138 1139 0.0305166 1.04939
1138 1139 0.0312432 1.06606
1138 1139 0.0319698 1.08272
1138 1139 0.0326964 1.09939
1138 1139 0.033423 1.11605
1138 1139 0.0341496 1.13272
1138 1139 0.0348762 1.14939
1138 1139 0.0356027 1.16605
1138 1139 0.0363293 1.18272
1137 1139 0.0370559 1.19939
1137 1139 0.0377825 1.21605
1137 1139 0.0385091 1.23272
1137 1139 0.0392357 1.24939
1137 1139 0.0399623 1.26605
1137 1139 0.0406889 1.28272
1137 1139 0.0414155 1.29939
1137 1139 0.042142 1.31605
1137 1139 0.0428686 1.33272
1137 1139 0.0435952 1.34938
1137 1139 0.0443218 1.36605
1137 1139 0.0450484 1.38272
1137 1139 0.045775 1.39938
1137 1139 0.0465016 1.41605
1137 1139 0.0472282 1.43272
1136 1139 0.0479547 1.44938
1136 1139 0.0486813 1.46605
1136 1139 0.0494079 1.48272
1136 1139 0.0501345 1.49938
1136 1139 0.0508611 1.51605
1136 1139 0.0515877 1.53271
1136 1139 0.0523143 1.54938
1135 1139 0.0530409 1.56605
1135 1139 0.0537675 1.58271
1135 1139 0.054494 1.59938
1135 1139 0.0552206 1.61605
1135 1139 0.0559472 1.63271
1135 1139 0.0566738 1.64938
1135 1139 0.0574004 1.66605
1135 1139 0.058127 1.68271
1135 1139 0.0588536 1.69938
1135 1139 0.0595802 1.71605
1135 1139 0.0603067 1.73271
1135 1139 0.0610333 1.74938
1135 1139 0.0617599 1.76604
1135 1139 0.0624865 1.78271
1134 1139 0.0632131 1.79938
1134 1139 0.0639397 1.81604
1134 1139 0.0646663 1.83271
1134 1139 0.0653929 1.84938
1134 1139 0.0661194 1.86604
1134 1139 0.066846 1.88271
1134 1139 0.0675726 1.89938
1134 1139 0.0682992 1.91604
1134 1139 0.0690258 1.93271
1134 1139 0.0697524 1.94938
1134 1139 0.070479 1.96604
1133 1139 0.0712056 1.98271
1133 1139 0.0719322 1.99937
1133 1139 0.0726587 2.01604
1133 1139 0.0733853 2.03271
1132 1139 0.0741119 2.04937
1132 1139 0.0748385 2.06604
1132 1139 0.0755651 2.08271
1132 1139 0.0762917 2.09937
1132 1139 0.0770183 2.11604
1132 1139 0.0777449 2.13271
1132 1139 0.0784714 2.14937
1132 1139 0.079198 2.16604
1132 1139 0.0799246 2.1827
1132 1139 0.0806512 2.19937
1132 1139 0.0813778 2.21604
1131 1139 0.0821044 2.2327
1131 1139 0.082831 2.24937
1131 1139 0.0835576 2.26604
1131 1139 0.0842841 2.2827
1131 1139 0.0850107 2.29937
1131 1139 0.0857373 2.31604
1131 1139 0.0864639 2.3327
1131 1139 0.0871905 2.34937
1131 1139 0.0879171 2.36604
1131 1139 0.0886437 2.3827
1131 1139 0.0893703 2.39937
1131 1139 0.0900969 2.41603
1131 1139 0.0908234 2.4327
1131 1139 0.09155 2.44937
1131 1139 0.0922766 2.46603
1131 1139 0.0930032 2.4827
1131 1139 0.0937298 2.49937
1131 1139 0.0944564 2.51603
1131 1139 0.095183 2.5327
1131 1139 0.0959096 2.54937
1131 1139 0.0966361 2.56603
1131 1139 0.0973627 2.5827
1131 1139 0.0980893 2.59937
1131 1139 0.0988159 2.61603
1131 1139 0.0995425 2.6327
1131 1139 0.100269 2.64936
1130 1139 0.100996 2.66603
1130 1139 0.101722 2.6827
1130 1139 0.102449 2.69936
1130 1139 0.103175 2.71603
1130 1139 0.103902 2.7327
1130 1139 0.104629 2.74936
1130 1139 0.105355 2.76603
1130 1139 0.106082 2.7827
1130 1139 0.106808 2.79936
1130 1139 0.107535 2.81603
1130 1139 0.108262 2.8327
1130 1139 0.108988 2.84936
1130 1139 0.109715 2.86603
1129 1139 0.110441 2.88269
1129 1139 0.111168 2.89936
1129 1139 0.111894 2.91603
1129 1139 0.112621 2.93269
1129 1139 0.113348 2.94936
1128 1139 0.114074 2.96603
1128 1139 0.114801 2.98269
1128 1139 0.115527 2.99936
1128 1139 0.116254 3.01603
1128 1139 0.116981 3.03269
1128 1139 0.117707 3.04936
1128 1139 0.118434 3.06602
1128 1139 0.11916 3.08269
1128 1139 0.119887 3.09936
1128 1139 0.120614 3.11602
1128 1139 0.12134 3.13269
1128 1139 0.122067 3.14936
1128 1139 0.122793 3.16602
1128 1139 0.12352 3.18269
1128 1139 0.124246 3.19936
1128 1139 0.124973 3.21602
1128 1139 0.1257 3.23269
1128 1139 0.126426 3.24936
1128 1139 0.127153 3.26602
1128 1139 0.127879 3.28269
1128 1139 0.128606 3.29935
1128 1139 0.129333 3.31602
1128 1139 0.130059 3.33269
1128 1139 0.130786 3.34935
1128 1139 0.131512 3.36602
1128 1139 0.132239 3.38269
1128 1139 0.132965 3.39935
1128 1139 0.133692 3.41602
1128 1139 0.134419 3.43269
1128 1139 0.135145 3.44935
1128 1139 0.135872 3.46602
1128 1139 0.136598 3.48269
1127 1139 0.137325 3.49935
1127 1139 0.138052 3.51602
1127 1139 0.138778 3.53268
1127 1139 0.139505 3.54935
1127 1139 0.140231 3.56602
1127 1139 0.140958 3.58268
1127 1139 0.141684 3.59935
1127 1139 0.142411 3.61602
1127 1139 0.143138 3.63268
1127 1139 0.143864 3.64935
1127 1139 0.144591 3.66602
1127 1139 0.145317 3.68268
1127 1139 0.146044 3.69935
1127 1139 0.146771 3.71601
1127 1139 0.147497 3.73268
1127 1139 0.148224 3.74935
1126 1139 0.14895 3.76601
1126 1139 0.149677 3.78268
1126 1139 0.150403 3.79935
1125 1139 0.15113 3.81601
1125 1139 0.151857 3.83268
1125 1139 0.152583 3.84935
1125 1139 0.15331 3.86601
1125 1139 0.154036 3.88268
1125 1139 0.154763 3.89935
1125 1139 0.155489 3.91601
1125 1139 0.156216 3.93268
1125 1139 0.156943 3.94934
1125 1139 0.157669 3.96601
1125 1139 0.158396 3.98268
1125 1139 0.159122 3.99934
1124 1139 0.159849 4.01601
1124 1139 0.160576 4.03268
1124 1139 0.161302 4.04934
1124 1139 0.162029 4.06601
1124 1139 0.162755 4.08268
1124 1139 0.163482 4.09934
1124 1139 0.164208 4.11601
1124 1139 0.164935 4.13268
1124 1139 0.165662 4.14934
1124 1139 0.166388 4.16601
1124 1139 0.167115 4.18267
1124 1139 0.167841 4.19934
1124 1139 0.168568 4.21601
1124 1139 0.169295 4.23267
1124 1139 0.170021 4.24934
1124 1139 0.170748 4.26601
1124 1139 0.171474 4.28267
1124 1139 0.172201 4.29934
1124 1139 0.172927 4.31601
1124 1139 0.173654 4.33267
1124 1139 0.174381 4.34934
1124 1139 0.175107 4.366
1124 1139 0.175834 4.38267
1124 1139 0.17656 4.39934
1123 1139 0.177287 4.416
1123 1139 0.178013 4.43267
1123 1139 0.17874 4.44934
1123 1139 0.179467 4.466
1123 1139 0.180193 4.48267
1123 1139 0.18092 4.49934
1123 1139 0.181646 4.516
1123 1139 0.182373 4.53267
1123 1139 0.1831 4.54934
1123 1139 0.183826 4.566
1123 1139 0.184553 4.58267
1123 1139 0.185279 4.59933
1122 1139 0.186006 4.616
1122 1139 0.186732 4.63267
1122 1139 0.187459 4.64933
1122 1139 0.188186 4.666
1122 1139 0.188912 4.68267
1122 1139 0.189639 4.69933
1122 1139 0.190365 4.716
1122 1139 0.191092 4.73267
1122 1139 0.191819 4.74933
1122 1139 0.192545 4.766
1122 1139 0.193272 4.78267
1122 1139 0.193998 4.79933
1122 1139 0.194725 4.816
1122 1139 0.195451 4.83266
1122 1139 0.196178 4.84933
1122 1139 0.196905 4.866
1121 1139 0.197631 4.88266
1121 1139 0.198358 4.89933
1121 1139 0.199084 4.916
1121 1139 0.199811 4.93266
1121 1139 0.200537 4.94933
1121 1139 0.201264 4.966
1121 1139 0.201991 4.98266
1121 1139 0.202717 4.99933
1121 1139 0.203444 5.016
1121 1139 0.20417 5.03266
1121 1139 0.204897 5.04933
1121 1139 0.205624 5.06599
1121 1139 0.20635 5.08266
1120 1139 0.207077 5.09933
1120 1139 0.207803 5.11599
1120 1139 0.20853 5.13266
1120 1139 0.209256 5.14933
1120 1139 0.209983 5.16599
1119 1139 0.21071 5.18266
1119 1139 0.211436 5.19933
1119 1139 0.212163 5.21599
1118 1139 0.212889 5.23266
1118 1139 0.213616 5.24932
1118 1139 0.214343 5.26599
1118 1139 0.215069 5.28266
1118 1139 0.215796 5.29932
1118 1139 0.216522 5.31599
1118 1139 0.217249 5.33266
1118 1139 0.217975 5.34932
1118 1139 0.218702 5.36599
1118 1139 0.219429 5.38266
1118 1139 0.220155 5.39932
1118 1139 0.220882 5.41599
1118 1139 0.221608 5.43266
1118 1139 0.222335 5.44932
1118 1139 0.223061 5.46599
1118 1139 0.223788 5.48265
1118 1139 0.224515 5.49932
1118 1139 0.225241 5.51599
1117 1139 0.225968 5.53265
1117 1139 0.226694 5.54932
1117 1139 0.227421 5.56599
1117 1139 0.228148 5.58265
1117 1139 0.228874 5.59932
1117 1139 0.229601 5.61599
1116 1139 0.230327 5.63265
1116 1139 0.231054 5.64932
1116 1139 0.23178 5.66599
1116 1139 0.232507 5.68265
1116 1139 0.233234 5.69932
1116 1139 0.23396 5.71598
1115 1139 0.234687 5.73265
1114 1139 0.235413 5.74932
1114 1139 0.23614 5.76598
1114 1139 0.236867 5.78265
1114 1139 0.237593 5.79932
1114 1139 0.23832 5.81598
1114 1139 0.239046 5.83265
1114 1139 0.239773 5.84932
1114 1139 0.240499 5.86598
1113 1139 0.241226 5.88265
1112 1139 0.241953 5.89931
1112 1139 0.242679 5.91598
1112 1139 0.243406 5.93265
1111 1139 0.244132 5.94931
1111 1139 0.244859 5.96598
1111 1139 0.245585 5.98265
1111 1139 0.246312 5.99931
1111 1139 0.247039 6.01598
1111 1139 0.247765 6.03265
1111 1139 0.248492 6.04931
1109 1139 0.249218 6.06598
1109 1139 0.249945 6.08265
1109 1139 0.250672 6.09931
1109 1139 0.251398 6.11598
1109 1139 0.252125 6.13264
1109 1139 0.252851 6.14931
1109 1139 0.253578 6.16598
1109 1139 0.254304 6.18264
1109 1139 0.255031 6.19931
1109 1139 0.255758 6.21598
1109 1139 0.256484 6.23264
1109 1139 0.257211 6.24931
1109 1139 0.257937 6.26598
1109 1139 0.258664 6.28264
1109 1139 0.259391 6.29931
1109 1139 0.260117 6.31598
1109 1139 0.260844 6.33264
1109 1139 0.26157 6.34931
1109 1139 0.262297 6.36597
1109 1139 0.263023 6.38264
1109 1139 0.26375 6.39931
1109 1139 0.264477 6.41597
1109 1139 0.265203 6.43264
1108 1139 0.26593 6.44931
1108 1139 0.266656 6.46597
1108 1139 0.267383 6.48264
1108 1139 0.268109 6.49931
1108 1139 0.268836 6.51597
1108 1139 0.269563 6.53264
1108 1139 0.270289 6.5493
1108 1139 0.271016 6.56597
1108 1139 0.271742 6.58264
1108 1139 0.272469 6.5993
1108 1139 0.273196 6.61597
1108 1139 0.273922 6.63264
1108 1139 0.274649 6.6493
1107 1139 0.275375 6.66597
1106 1139 0.276102 6.68264
1106 1139 0.276828 6.6993
1106 1139 0.277555 6.71597
1106 1139 0.278282 6.73264
1106 1139 0.279008 6.7493
1106 1139 0.279735 6.76597
1106 1139 0.280461 6.78263
1106 1139 0.281188 6.7993
1106 1139 0.281915 6.81597
1106 1139 0.282641 6.83263
1106 1139 0.283368 6.8493
1106 1139 0.284094 6.86597
1106 1139 0.284821 6.88263
1106 1139 0.285547 6.8993
1106 1139 0.286274 6.91597
1106 1139 0.287001 6.93263
1106 1139 0.287727 6.9493
1106 1139 0.288454 6.96597
1106 1139 0.28918 6.98263
1106 1139 0.289907 6.9993
1106 1139 0.290633 7.01596
1106 1139 0.29136 7.03263
1106 1139 0.292087 7.0493
1105 1139 0.292813 7.06596
1105 1139 0.29354 7.08263
1105 1139 0.294266 7.0993
1105 1139 0.294993 7.11596
1105 1139 0.29572 7.13263
1104 1139 0.296446 7.1493
1104 1139 0.297173 7.16596
1104 1139 0.297899 7.18263
1103 1139 0.298626 7.1993
1103 1139 0.299352 7.21596
1103 1139 0.300079 7.23263
1102 1139 0.300806 7.24929
1102 1139 0.301532 7.26596
1102 1139 0.302259 7.28263
1102 1139 0.302985 7.29929
1102 1139 0.303712 7.31596
1102 1139 0.304439 7.33263
1102 1139 0.305165 7.34929
1102 1139 0.305892 7.36596
1102 1139 0.306618 7.38263
1101 1139 0.307345 7.39929
1100 1139 0.308071 7.41596
1100 1139 0.308798 7.43262
1100 1139 0.309525 7.44929
1100 1139 0.310251 7.46596
1099 1139 0.310978 7.48262
1099 1139 0.311704 7.49929
1098 1139 0.312431 7.51596
1098 1139 0.313157 7.53262
1097 1139 0.313884 7.54929
1097 1139 0.314611 7.56596
1097 1139 0.315337 7.58262
1097 1139 0.316064 7.59929
1097 1139 0.31679 7.61596
1097 1139 0.317517 7.63262
1097 1139 0.318244 7.64929
1096 1139 0.31897 7.66595
1095 1139 0.319697 7.68262
1095 1139 0.320423 7.69929
1095 1139 0.32115 7.71595
1095 1139 0.321876 7.73262
1095 1139 0.322603 7.74929
1095 1139 0.32333 7.76595
1095 1139 0.324056 7.78262
1095 1139 0.324783 7.79929
1095 1139 0.325509 7.81595
1095 1139 0.326236 7.83262
1095 1139 0.326963 7.84929
1094 1139 0.327689 7.86595
1094 1139 0.328416 7.88262
1093 1139 0.329142 7.89928
1093 1139 0.329869 7.91595
1093 1139 0.330595 7.93262
1093 1139 0.331322 7.94928
1093 1139 0.332049 7.96595
1093 1139 0.332775 7.98262
1093 1139 0.333502 7.99928
1093 1139 0.334228 8.01595
1093 1139 0.334955 8.03262
1093 1139 0.335681 8.04928
1092 1139 0.336408 8.06595
1091 1139 0.337135 8.08261
1091 1139 0.337861 8.09928
1091 1139 0.338588 8.11595
1091 1139 0.339314 8.13261
1091 1139 0.340041 8.14928
1091 1139 0.340768 8.16595
1091 1139 0.341494 8.18261
1090 1139 0.342221 8.19928
1090 1139 0.342947 8.21595
1090 1139 0.343674 8.23261
1090 1139 0.3444 8.24928
1089 1139 0.345127 8.26595
1089 1139 0.345854 8.28261
1089 1139 0.34658 8.29928
1089 1139 0.347307 8.31594
1089 1139 0.348033 8.33261
1089 1139 0.34876 8.34928
1089 1139 0.349487 8.36594
1089 1139 0.350213 8.38261
1089 1139 0.35094 8.39928
1089 1139 0.351666 8.41594
1089 1139 0.352393 8.43261
1089 1139 0.353119 8.44928
1089 1139 0.353846 8.46594
1088 1139 0.354573 8.48261
1088 1139 0.355299 8.49928
1088 1139 0.356026 8.51594
1088 1139 0.356752 8.53261
1087 1139 0.357479 8.54927
1087 1139 0.358205 8.56594
1087 1139 0.358932 8.58261
1087 1139 0.359659 8.59927
1087 1139 0.360385 8.61594
1086 1139 0.361112 8.63261
1086 1139 0.361838 8.64927
1086 1139 0.362565 8.66594
1086 1139 0.363292 8.68261
1086 1139 0.364018 8.69927
1086 1139 0.364745 8.71594
1086 1139 0.365471 8.7326
1086 1139 0.366198 8.74927
1086 1139 0.366924 8.76594
1086 1139 0.367651 8.7826
1086 1139 0.368378 8.79927
1086 1139 0.369104 8.81594
1086 1139 0.369831 8.8326
1086 1139 0.370557 8.84927
1086 1139 0.371284 8.86594
1086 1139 0.37201 8.8826
1086 1139 0.372737 8.89927
1086 1139 0.373464 8.91594
1086 1139 0.37419 8.9326
1086 1139 0.374917 8.94927
1086 1139 0.375643 8.96593
1086 1139 0.37637 8.9826
1086 1139 0.377097 8.99927
1086 1139 0.377823 9.01593
1086 1139 0.37855 9.0326
1086 1139 0.379276 9.04927
1086 1139 0.380003 9.06593
1086 1139 0.380729 9.0826
1086 1139 0.381456 9.09927
1086 1139 0.382183 9.11593
1085 1139 0.382909 9.1326
1084 1139 0.383636 9.14927
1083 1139 0.384362 9.16593
1083 1139 0.385089 9.1826
1083 1139 0.385816 9.19926
1083 1139 0.386542 9.21593
1082 1139 0.387269 9.2326
1081 1139 0.387995 9.24926
1081 1139 0.388722 9.26593
1081 1139 0.389448 9.2826
1081 1139 0.390175 9.29926
1080 1139 0.390902 9.31593
1080 1139 0.391628 9.3326
1080 1139 0.392355 9.34926
1080 1139 0.393081 9.36593
1080 1139 0.393808 9.3826
1080 1139 0.394534 9.39926
1080 1139 0.395261 9.41593
1080 1139 0.395988 9.43259
1078 1139 0.396714 9.44926
1078 1139 0.397441 9.46593
1078 1139 0.398167 9.48259
1078 1139 0.398894 9.49926
1078 1139 0.399621 9.51593
1077 1139 0.400347 9.53259
1077 1139 0.401074 9.54926
1077 1139 0.4018 9.56593
1077 1139 0.402527 9.58259
1077 1139 0.403253 9.59926
1077 1139 0.40398 9.61592
1077 1139 0.404707 9.63259
1077 1139 0.405433 9.64926
1077 1139 0.40616 9.66592
1077 1139 0.406886 9.68259
1077 1139 0.407613 9.69926
1077 1139 0.40834 9.71592
1076 1139 0.409066 9.73259
1076 1139 0.409793 9.74926
1076 1139 0.410519 9.76592
1076 1139 0.411246 9.78259
1076 1139 0.411972 9.79926
1076 1139 0.412699 9.81592
1076 1139 0.413426 9.83259
1076 1139 0.414152 9.84925
1076 1139 0.414879 9.86592
1076 1139 0.415605 9.88259
1076 1139 0.416332 9.89925
1076 1139 0.417058 9.91592
1076 1139 0.417785 9.93259
1074 1139 0.418512 9.94925
1074 1139 0.419238 9.96592
1074 1139 0.419965 9.98259
1073 1139 0.420691 9.99925
1073 1139 0.421418 10.0159
1073 1139 0.422145 10.0326
1073 1139 0.422871 10.0493
1072 1139 0.423598 10.0659
1072 1139 0.424324 10.0826
1072 1139 0.425051 10.0993
1071 1139 0.425777 10.1159
1071 1139 0.426504 10.1326
1071 1139 0.427231 10.1493
1071 1139 0.427957 10.1659
1070 1139 0.428684 10.1826
1070 1139 0.42941 10.1992
1070 1139 0.430137 10.2159
1070 1139 0.430864 10.2326
1069 1139 0.43159 10.2492
1069 1139 0.432317 10.2659
1069 1139 0.433043 10.2826
1069 1139 0.43377 10.2992
1069 1139 0.434496 10.3159
1069 1139 0.435223 10.3326
1068 1139 0.43595 10.3492
1068 1139 0.436676 10.3659
1066 1139 0.437403 10.3826
1066 1139 0.438129 10.3992
1066 1139 0.438856 10.4159
1065 1139 0.439582 10.4326
1065 1139 0.440309 10.4492
1065 1139 0.441036 10.4659
1065 1139 0.441762 10.4826
1064 1139 0.442489 10.4992
1064 1139 0.443215 10.5159
1064 1139 0.443942 10.5326
1064 1139 0.444669 10.5492
1064 1139 0.445395 10.5659
1064 1139 0.446122 10.5826
1064 1139 0.446848 10.5992
1064 1139 0.447575 10.6159
1063 1139 0.448301 10.6326
1063 1139 0.449028 10.6492
1063 1139 0.449755 10.6659
1063 1139 0.450481 10.6826
1063 1139 0.451208 10.6992
1063 1139 0.451934 10.7159
1063 1139 0.452661 10.7326
1063 1139 0.453388 10.7492
1063 1139 0.454114 10.7659
1063 1139 0.454841 10.7826
1063 1139 0.455567 10.7992
1063 1139 0.456294 10.8159
1063 1139 0.45702 10.8326
1063 1139 0.457747 10.8492
1063 1139 0.458474 10.8659
1063 1139 0.4592 10.8826
1063 1139 0.459927 10.8992
1063 1139 0.460653 10.9159
1063 1139 0.46138 10.9326
1063 1139 0.462106 10.9492
1063 1139 0.462833 10.9659
1063 1139 0.46356 10.9826
1063 1139 0.464286 10.9992
1062 1139 0.465013 11.0159
1062 1139 0.465739 11.0326
1062 1139 0.466466 11.0492
1061 1139 0.467193 11.0659
1061 1139 0.467919 11.0826
1061 1139 0.468646 11.0992
1061 1139 0.469372 11.1159
1061 1139 0.470099 11.1326
1061 1139 0.470825 11.1492
1061 1139 0.471552 11.1659
1061 1139 0.472279 11.1826
1061 1139 0.473005 11.1992
1061 1139 0.473732 11.2159
1061 1139 0.474458 11.2326
1061 1139 0.475185 11.2492
1060 1139 0.475912 11.2659
1060 1139 0.476638 11.2826
1060 1139 0.477365 11.2992
1060 1139 0.478091 11.3159
1060 1139 0.478818 11.3326
1060 1139 0.479544 11.3492
1060 1139 0.480271 11.3659
1060 1139 0.480998 11.3826
1060 1139 0.481724 11.3992
1060 1139 0.482451 11.4159
1059 1139 0.483177 11.4326
1059 1139 0.483904 11.4492
1059 1139 0.48463 11.4659
1059 1139 0.485357 11.4826
1059 1139 0.486084 11.4992
1059 1139 0.48681 11.5159
1059 1139 0.487537 11.5326
1059 1139 0.488263 11.5492
1059 1139 0.48899 11.5659
1059 1139 0.489717 11.5826
1059 1139 0.490443 11.5992
1059 1139 0.49117 11.6159
1059 1139 0.491896 11.6326
1059 1139 0.492623 11.6492
1059 1139 0.493349 11.6659
1059 1139 0.494076 11.6826
1059 1139 0.494803 11.6992
1059 1139 0.495529 11.7159
1059 1139 0.496256 11.7326
1059 1139 0.496982 11.7492
1059 1139 0.497709 11.7659
1058 1139 0.498436 11.7826
1058 1139 0.499162 11.7992
1056 1139 0.499889 11.8159
1056 1139 0.500615 11.8326
1056 1139 0.501342 11.8492
1056 1139 0.502068 11.8659
1055 1139 0.502795 11.8826
1055 1139 0.503522 11.8992
1054 1139 0.504248 11.9159
1054 1139 0.504975 11.9326
1054 1139 0.505701 11.9492
1054 1139 0.506428 11.9659
1054 1139 0.507155 11.9826
1054 1139 0.507881 11.9992
1054 1139 0.508608 12.0159
1054 1139 0.509334 12.0326
1053 1139 0.510061 12.0492
1053 1139 0.510787 12.0659
1052 1139 0.511514 12.0826
1051 1139 0.512241 12.0992
1051 1139 0.512967 12.1159
1050 1139 0.513694 12.1326
1049 1139 0.51442 12.1492
1049 1139 0.515147 12.1659
1049 1139 0.515873 12.1826
1049 1139 0.5166 12.1992
1049 1139 0.517327 12.2159
1049 1139 0.518053 12.2326
1049 1139 0.51878 12.2492
1049 1139 0.519506 12.2659
1047 1139 0.520233 12.2826
1047 1139 0.52096 12.2992
1047 1139 0.521686 12.3159
1046 1139 0.522413 12.3326
1046 1139 0.523139 12.3492
1046 1139 0.523866 12.3659
1046 1139 0.524592 12.3825
1046 1139 0.525319 12.3992
1046 1139 0.526046 12.4159
1046 1139 0.526772 12.4325
1045 1139 0.527499 12.4492
1045 1139 0.528225 12.4659
1045 1139 0.528952 12.4825
1045 1139 0.529679 12.4992
1044 1139 0.530405 12.5159
1044 1139 0.531132 12.5325
1044 1139 0.531858 12.5492
1044 1139 0.532585 12.5659
1044 1139 0.533311 12.5825
1044 1139 0.534038 12.5992
1044 1139 0.534765 12.6159
1043 1139 0.535491 12.6325
1043 1139 0.536218 12.6492
1043 1139 0.536944 12.6659
1043 1139 0.537671 12.6825
1043 1139 0.538397 12.6992
1043 1139 0.539124 12.7159
1043 1139 0.539851 12.7325
1043 1139 0.540577 12.7492
1043 1139 0.541304 12.7659
1043 1139 0.54203 12.7825
1043 1139 0.542757 12.7992
1043 1139 0.543484 12.8159
1043 1139 0.54421 12.8325
1043 1139 0.544937 12.8492
1043 1139 0.545663 12.8659
1043 1139 0.54639 12.8825
1043 1139 0.547116 12.8992
1042 1139 0.547843 12.9159
1042 1139 0.54857 12.9325
1042 1139 0.549296 12.9492
1042 1139 0.550023 12.9659
1042 1139 0.550749 12.9825
1042 1139 0.551476 12.9992
1042 1139 0.552203 13.0159
1041 1139 0.552929 13.0325
1041 1139 0.553656 13.0492
1041 1139 0.554382 13.0659
1041 1139 0.555109 13.0825
1041 1139 0.555835 13.0992
1041 1139 0.556562 13.1159
1041 1139 0.557289 13.1325
1041 1139 0.558015 13.1492
1041 1139 0.558742 13.1659
1041 1139 0.559468 13.1825
1041 1139 0.560195 13.1992
1040 1139 0.560921 13.2159
1040 1139 0.561648 13.2325
1040 1139 0.562375 13.2492
1040 1139 0.563101 13.2659
1040 1139 0.563828 13.2825
1040 1139 0.564554 13.2992
1040 1139 0.565281 13.3159
1040 1139 0.566008 13.3325
1039 1139 0.566734 13.3492
1039 1139 0.567461 13.3659
1039 1139 0.568187 13.3825
1039 1139 0.568914 13.3992
1039 1139 0.56964 13.4159
1039 1139 0.570367 13.4325
1039 1139 0.571094 13.4492
1039 1139 0.57182 13.4659
1039 1139 0.572547 13.4825
1038 1139 0.573273 13.4992
1038 1139 0.574 13.5159
1036 1139 0.574727 13.5325
1036 1139 0.575453 13.5492
1036 1139 0.57618 13.5659
1036 1139 0.576906 13.5825
1035 1139 0.577633 13.5992
1035 1139 0.578359 13.6159
1035 1139 0.579086 13.6325
1034 1139 0.579813 13.6492
1034 1139 0.580539 13.6659
1034 1139 0.581266 13.6825
1034 1139 0.581992 13.6992
1034 1139 0.582719 13.7159
1033 1139 0.583445 13.7325
1033 1139 0.584172 13.7492
1033 1139 0.584899 13.7659
1033 1139 0.585625 13.7825
1032 1139 0.586352 13.7992
1032 1139 0.587078 13.8159
1032 1139 0.587805 13.8325
1032 1139 0.588532 13.8492
1032 1139 0.589258 13.8659
1032 1139 0.589985 13.8825
1031 1139 0.590711 13.8992
1031 1139 0.591438 13.9159
1031 1139 0.592164 13.9325
1030 1139 0.592891 13.9492
1030 1139 0.593618 13.9659
1029 1139 0.594344 13.9825
1029 1139 0.595071 13.9992
1029 1139 0.595797 14.0159
1028 1139 0.596524 14.0325
1028 1139 0.597251 14.0492
1028 1139 0.597977 14.0659
1028 1139 0.598704 14.0825
1028 1139 0.59943 14.0992
1028 1139 0.600157 14.1159
1026 1139 0.600883 14.1325
1026 1139 0.60161 14.1492
1026 1139 0.602337 14.1659
1026 1139 0.603063 14.1825
1026 1139 0.60379 14.1992
1026 1139 0.604516 14.2159
1026 1139 0.605243 14.2325
1025 1139 0.605969 14.2492
1025 1139 0.606696 14.2659
1025 1139 0.607423 14.2825
1025 1139 0.608149 14.2992
1025 1139 0.608876 14.3159
1025 1139 0.609602 14.3325
1025 1139 0.610329 14.3492
1025 1139 0.611056 14.3659
1025 1139 0.611782 14.3825
1025 1139 0.612509 14.3992
1025 1139 0.613235 14.4159
1025 1139 0.613962 14.4325
1025 1139 0.614688 14.4492
1025 1139 0.615415 14.4659
1025 1139 0.616142 14.4825
1025 1139 0.616868 14.4992
1023 1139 0.617595 14.5159
1023 1139 0.618321 14.5325
1022 1139 0.619048 14.5492
1022 1139 0.619775 14.5658
1022 1139 0.620501 14.5825
1022 1139 0.621228 14.5992
1022 1139 0.621954 14.6158
1022 1139 0.622681 14.6325
1022 1139 0.623407 14.6492
1022 1139 0.624134 14.6658
1022 1139 0.624861 14.6825
1022 1139 0.625587 14.6992
1022 1139 0.626314 14.7158
1022 1139 0.62704 14.7325
1022 1139 0.627767 14.7492
1022 1139 0.628493 14.7658
1021 1139 0.62922 14.7825
1020 1139 0.629947 14.7992
1020 1139 0.630673 14.8158
1019 1139 0.6314 14.8325
1019 1139 0.632126 14.8492
1019 1139 0.632853 14.8658
1019 1139 0.63358 14.8825
1019 1139 0.634306 14.8992
1019 1139 0.635033 14.9158
1019 1139 0.635759 14.9325
1019 1139 0.636486 14.9492
1018 1139 0.637212 14.9658
1018 1139 0.637939 14.9825
1018 1139 0.638666 14.9992
1018 1139 0.639392 15.0158
1016 1139 0.640119 15.0325
1016 1139 0.640845 15.0492
1016 1139 0.641572 15.0658
1016 1139 0.642299 15.0825
1016 1139 0.643025 15.0992
1015 1139 0.643752 15.1158
1015 1139 0.644478 15.1325
1015 1139 0.645205 15.1492
1014 1139 0.645931 15.1658
1014 1139 0.646658 15.1825
1014 1139 0.647385 15.1992
1014 1139 0.648111 15.2158
1013 1139 0.648838 15.2325
1013 1139 0.649564 15.2492
1013 1139 0.650291 15.2658
1013 1139 0.651017 15.2825
1013 1139 0.651744 15.2992
1012 1139 0.652471 15.3158
1012 1139 0.653197 15.3325
1012 1139 0.653924 15.3492
1012 1139 0.65465 15.3658
1012 1139 0.655377 15.3825
1011 1139 0.656104 15.3992
1011 1139 0.65683 15.4158
1011 1139 0.657557 15.4325
1011 1139 0.658283 15.4492
1011 1139 0.65901 15.4658
1010 1139 0.659736 15.4825
1010 1139 0.660463 15.4992
1009 1139 0.66119 15.5158
1009 1139 0.661916 15.5325
1009 1139 0.662643 15.5492
1009 1139 0.663369 15.5658
1009 1139 0.664096 15.5825
1009 1139 0.664823 15.5992
1009 1139 0.665549 15.6158
1009 1139 0.666276 15.6325
1009 1139 0.667002 15.6492
1007 1139 0.667729 15.6658
1007 1139 0.668455 15.6825
1006 1139 0.669182 15.6992
1006 1139 0.669909 15.7158
1006 1139 0.670635 15.7325
1006 1139 0.671362 15.7492
1006 1139 0.672088 15.7658
1006 1139 0.672815 15.7825
1005 1139 0.673541 15.7992
1005 1139 0.674268 15.8158
1005 1139 0.674995 15.8325
1005 1139 0.675721 15.8492
1005 1139 0.676448 15.8658
1005 1139 0.677174 15.8825
1005 1139 0.677901 15.8992
1005 1139 0.678628 15.9158
1005 1139 0.679354 15.9325
1005 1139 0.680081 15.9492
1004 1139 0.680807 15.9658
1003 1139 0.681534 15.9825
1003 1139 0.68226 15.9992
1002 1139 0.682987 16.0158
1002 1139 0.683714 16.0325
1002 1139 0.68444 16.0492
1002 1139 0.685167 16.0658
1002 1139 0.685893 16.0825
1002 1139 0.68662 16.0992
1002 1139 0.687347 16.1158
1002 1139 0.688073 16.1325
1002 1139 0.6888 16.1492
1002 1139 0.689526 16.1658
1002 1139 0.690253 16.1825
1002 1139 0.690979 16.1992
1001 1139 0.691706 16.2158
1001 1139 0.692433 16.2325
1000 1139 0.693159 16.2492
1000 1139 0.693886 16.2658
999 1139 0.694612 16.2825
999 1139 0.695339 16.2992
999 1139 0.696065 16.3158
999 1139 0.696792 16.3325
998 1139 0.697519 16.3492
998 1139 0.698245 16.3658
998 1139 0.698972 16.3825
998 1139 0.699698 16.3992
997 1139 0.700425 16.4158
997 1139 0.701152 16.4325
997 1139 0.701878 16.4492
997 1139 0.702605 16.4658
996 1139 0.703331 16.4825
996 1139 0.704058 16.4992
995 1139 0.704784 16.5158
995 1139 0.705511 16.5325
994 1139 0.706238 16.5492
994 1139 0.706964 16.5658
994 1139 0.707691 16.5825
994 1139 0.708417 16.5992
993 1139 0.709144 16.6158
991 1139 0.709871 16.6325
991 1139 0.710597 16.6492
991 1139 0.711324 16.6658
991 1139 0.71205 16.6825
991 1139 0.712777 16.6992
991 1139 0.713503 16.7158
991 1139 0.71423 16.7325
990 1139 0.714957 16.7491
990 1139 0.715683 16.7658
989 1139 0.71641 16.7825
989 1139 0.717136 16.7991
989 1139 0.717863 16.8158
989 1139 0.718589 16.8325
989 1139 0.719316 16.8491
989 1139 0.720043 16.8658
989 1139 0.720769 16.8825
989 1139 0.721496 16.8991
988 1139 0.722222 16.9158
988 1139 0.722949 16.9325
988 1139 0.723676 16.9491
988 1139 0.724402 16.9658
988 1139 0.725129 16.9825
988 1139 0.725855 16.9991
988 1139 0.726582 17.0158
988 1139 0.727308 17.0325
988 1139 0.728035 17.0491
988 1139 0.728762 17.0658
987 1139 0.729488 17.0825
986 1139 0.730215 17.0991
986 1139 0.730941 17.1158
986 1139 0.731668 17.1325
986 1139 0.732395 17.1491
986 1139 0.733121 17.1658
985 1139 0.733848 17.1825
985 1139 0.734574 17.1991
985 1139 0.735301 17.2158
985 1139 0.736027 17.2325
985 1139 0.736754 17.2491
985 1139 0.737481 17.2658
985 1139 0.738207 17.2825
985 1139 0.738934 17.2991
985 1139 0.73966 17.3158
985 1139 0.740387 17.3325
985 1139 0.741113 17.3491
985 1139 0.74184 17.3658
985 1139 0.742567 17.3825
985 1139 0.743293 17.3991
985 1139 0.74402 17.4158
985 1139 0.744746 17.4325
985 1139 0.745473 17.4491
985 1139 0.7462 17.4658
985 1139 0.746926 17.4825
985 1139 0.747653 17.4991
985 1139 0.748379 17.5158
984 1139 0.749106 17.5325
983 1139 0.749832 17.5491
983 1139 0.750559 17.5658
983 1139 0.751286 17.5825
983 1139 0.752012 17.5991
982 1139 0.752739 17.6158
982 1139 0.753465 17.6325
982 1139 0.754192 17.6491
982 1139 0.754919 17.6658
982 1139 0.755645 17.6825
981 1139 0.756372 17.6991
981 1139 0.757098 17.7158
981 1139 0.757825 17.7325
981 1139 0.758551 17.7491
981 1139 0.759278 17.7658
981 1139 0.760005 17.7825
981 1139 0.760731 17.7991
981 1139 0.761458 17.8158
981 1139 0.762184 17.8325
981 1139 0.762911 17.8491
980 1139 0.763637 17.8658
980 1139 0.764364 17.8825
980 1139 0.765091 17.8991
980 1139 0.765817 17.9158
979 1139 0.766544 17.9325
979 1139 0.76727 17.9491
979 1139 0.767997 17.9658
979 1139 0.768724 17.9825
979 1139 0.76945 17.9991
979 1139 0.770177 18.0158
978 1139 0.770903 18.0325
978 1139 0.77163 18.0491
977 1139 0.772356 18.0658
977 1139 0.773083 18.0825
976 1139 0.77381 18.0991
976 1139 0.774536 18.1158
976 1139 0.775263 18.1325
975 1139 0.775989 18.1491
975 1139 0.776716 18.1658
974 1139 0.777443 18.1825
974 1139 0.778169 18.1991
974 1139 0.778896 18.2158
974 1139 0.779622 18.2325
974 1139 0.780349 18.2491
974 1139 0.781075 18.2658
974 1139 0.781802 18.2825
974 1139 0.782529 18.2991
974 1139 0.783255 18.3158
974 1139 0.783982 18.3325
973 1139 0.784708 18.3491
973 1139 0.785435 18.3658
973 1139 0.786161 18.3825
971 1139 0.786888 18.3991
971 1139 0.787615 18.4158
971 1139 0.788341 18.4325
970 1139 0.789068 18.4491
970 1139 0.789794 18.4658
970 1139 0.790521 18.4825
970 1139 0.791248 18.4991
969 1139 0.791974 18.5158
969 1139 0.792701 18.5325
968 1139 0.793427 18.5491
968 1139 0.794154 18.5658
968 1139 0.79488 18.5825
968 1139 0.795607 18.5991
968 1139 0.796334 18.6158
968 1139 0.79706 18.6325
966 1139 0.797787 18.6491
965 1139 0.798513 18.6658
965 1139 0.79924 18.6825
965 1139 0.799967 18.6991
965 1139 0.800693 18.7158
965 1139 0.80142 18.7325
965 1139 0.802146 18.7491
965 1139 0.802873 18.7658
964 1139 0.803599 18.7825
964 1139 0.804326 18.7991
964 1139 0.805053 18.8158
964 1139 0.805779 18.8325
964 1139 0.806506 18.8491
964 1139 0.807232 18.8658
963 1139 0.807959 18.8825
963 1139 0.808685 18.8991
963 1139 0.809412 18.9158
963 1139 0.810139 18.9324
963 1139 0.810865 18.9491
963 1139 0.811592 18.9658
962 1139 0.812318 18.9824
962 1139 0.813045 18.9991
962 1139 0.813772 19.0158
962 1139 0.814498 19.0324
961 1139 0.815225 19.0491
961 1139 0.815951 19.0658
960 1139 0.816678 19.0824
959 1139 0.817404 19.0991
959 1139 0.818131 19.1158
959 1139 0.818858 19.1324
958 1139 0.819584 19.1491
958 1139 0.820311 19.1658
958 1139 0.821037 19.1824
958 1139 0.821764 19.1991
957 1139 0.822491 19.2158
957 1139 0.823217 19.2324
956 1139 0.823944 19.2491
956 1139 0.82467 19.2658
956 1139 0.825397 19.2824
956 1139 0.826123 19.2991
956 1139 0.82685 19.3158
955 1139 0.827577 19.3324
954 1139 0.828303 19.3491
954 1139 0.82903 19.3658
954 1139 0.829756 19.3824
954 1139 0.830483 19.3991
954 1139 0.831209 19.4158
953 1139 0.831936 19.4324
952 1139 0.832663 19.4491
952 1139 0.833389 19.4658
952 1139 0.834116 19.4824
952 1139 0.834842 19.4991
952 1139 0.835569 19.5158
952 1139 0.836296 19.5324
952 1139 0.837022 19.5491
951 1139 0.837749 19.5658
950 1139 0.838475 19.5824
950 1139 0.839202 19.5991
950 1139 0.839928 19.6158
949 1139 0.840655 19.6324
949 1139 0.841382 19.6491
949 1139 0.842108 19.6658
949 1139 0.842835 19.6824
949 1139 0.843561 19.6991
949 1139 0.844288 19.7158
948 1139 0.845015 19.7324
948 1139 0.845741 19.7491
948 1139 0.846468 19.7658
948 1139 0.847194 19.7824
948 1139 0.847921 19.7991
947 1139 0.848647 19.8158
946 1139 0.849374 19.8324
946 1139 0.850101 19.8491
946 1139 0.850827 19.8658
946 1139 0.851554 19.8824
945 1139 0.85228 19.8991
945 1139 0.853007 19.9158
945 1139 0.853733 19.9324
944 1139 0.85446 19.9491
943 1139 0.855187 19.9658
943 1139 0.855913 19.9824
942 1139 0.85664 19.9991
942 1139 0.857366 20.0158
942 1139 0.858093 20.0324
942 1139 0.85882 20.0491
942 1139 0.859546 20.0658
942 1139 0.860273 20.0824
942 1139 0.860999 20.0991
942 1139 0.861726 20.1158
941 1139 0.862452 20.1324
940 1139 0.863179 20.1491
940 1139 0.863906 20.1658
940 1139 0.864632 20.1824
939 1139 0.865359 20.1991
939 1139 0.866085 20.2158
939 1139 0.866812 20.2324
939 1139 0.867539 20.2491
938 1139 0.868265 20.2658
938 1139 0.868992 20.2824
938 1139 0.869718 20.2991
938 1139 0.870445 20.3158
938 1139 0.871171 20.3324
936 1139 0.871898 20.3491
936 1139 0.872625 20.3658
936 1139 0.873351 20.3824
936 1139 0.874078 20.3991
936 1139 0.874804 20.4158
936 1139 0.875531 20.4324
935 1139 0.876257 20.4491
935 1139 0.876984 20.4658
934 1139 0.877711 20.4824
934 1139 0.878437 20.4991
933 1139 0.879164 20.5158
933 1139 0.87989 20.5324
933 1139 0.880617 20.5491
933 1139 0.881344 20.5658
933 1139 0.88207 20.5824
933 1139 0.882797 20.5991
932 1139 0.883523 20.6158
932 1139 0.88425 20.6324
932 1139 0.884976 20.6491
932 1139 0.885703 20.6658
929 1139 0.88643 20.6824
928 1139 0.887156 20.6991
928 1139 0.887883 20.7158
928 1139 0.888609 20.7324
928 1139 0.889336 20.7491
928 1139 0.890063 20.7658
927 1139 0.890789 20.7824
927 1139 0.891516 20.7991
926 1139 0.892242 20.8158
926 1139 0.892969 20.8324
926 1139 0.893695 20.8491
926 1139 0.894422 20.8658
925 1139 0.895149 20.8824
924 1139 0.895875 20.8991
924 1139 0.896602 20.9158
923 1139 0.897328 20.9324
922 1139 0.898055 20.9491
922 1139 0.898781 20.9658
922 1139 0.899508 20.9824
922 1139 0.900235 20.9991
922 1139 0.900961 21.0158
922 1139 0.901688 21.0324
921 1139 0.902414 21.0491
921 1139 0.903141 21.0658
921 1139 0.903868 21.0824
921 1139 0.904594 21.0991
921 1139 0.905321 21.1157
921 1139 0.906047 21.1324
921 1139 0.906774 21.1491
920 1139 0.9075 21.1657
919 1139 0.908227 21.1824
919 1139 0.908954 21.1991
919 1139 0.90968 21.2157
919 1139 0.910407 21.2324
918 1139 0.911133 21.2491
918 1139 0.91186 21.2657
918 1139 0.912587 21.2824
918 1139 0.913313 21.2991
917 1139 0.91404 21.3157
917 1139 0.914766 21.3324
917 1139 0.915493 21.3491
917 1139 0.916219 21.3657
917 1139 0.916946 21.3824
917 1139 0.917673 21.3991
917 1139 0.918399 21.4157
917 1139 0.919126 21.4324
917 1139 0.919852 21.4491
915 1139 0.920579 21.4657
915 1139 0.921305 21.4824
915 1139 0.922032 21.4991
914 1139 0.922759 21.5157
913 1139 0.923485 21.5324
913 1139 0.924212 21.5491
912 1139 0.924938 21.5657
912 1139 0.925665 21.5824
912 1139 0.926392 21.5991
912 1139 0.927118 21.6157
912 1139 0.927845 21.6324
912 1139 0.928571 21.6491
912 1139 0.929298 21.6657
911 1139 0.930024 21.6824
909 1139 0.930751 21.6991
909 1139 0.931478 21.7157
908 1139 0.932204 21.7324
908 1139 0.932931 21.7491
907 1139 0.933657 21.7657
907 1139 0.934384 21.7824
907 1139 0.935111 21.7991
907 1139 0.935837 21.8157
906 1139 0.936564 21.8324
906 1139 0.93729 21.8491
906 1139 0.938017 21.8657
906 1139 0.938743 21.8824
906 1139 0.93947 21.8991
906 1139 0.940197 21.9157
906 1139 0.940923 21.9324
904 1139 0.94165 21.9491
903 1139 0.942376 21.9657
903 1139 0.943103 21.9824
903 1139 0.943829 21.9991
903 1139 0.944556 22.0157
902 1139 0.945283 22.0324
902 1139 0.946009 22.0491
902 1139 0.946736 22.0657
902 1139 0.947462 22.0824
900 1139 0.948189 22.0991
900 1139 0.948916 22.1157
900 1139 0.949642 22.1324
899 1139 0.950369 22.1491
899 1139 0.951095 22.1657
897 1139 0.951822 22.1824
896 1139 0.952548 22.1991
896 1139 0.953275 22.2157
896 1139 0.954002 22.2324
896 1139 0.954728 22.2491
896 1139 0.955455 22.2657
896 1139 0.956181 22.2824
895 1139 0.956908 22.2991
895 1139 0.957635 22.3157
893 1139 0.958361 22.3324
893 1139 0.959088 22.3491
893 1139 0.959814 22.3657
893 1139 0.960541 22.3824
892 1139 0.961267 22.3991
892 1139 0.961994 22.4157
891 1139 0.962721 22.4324
891 1139 0.963447 22.4491
891 1139 0.964174 22.4657
889 1139 0.9649 22.4824
889 1139 0.965627 22.4991
889 1139 0.966353 22.5157
889 1139 0.96708 22.5324
888 1139 0.967807 22.5491
887 1139 0.968533 22.5657
886 1139 0.96926 22.5824
886 1139 0.969986 22.5991
886 1139 0.970713 22.6157
886 1139 0.97144 22.6324
886 1139 0.972166 22.6491
886 1139 0.972893 22.6657
886 1139 0.973619 22.6824
885 1139 0.974346 22.6991
884 1139 0.975072 22.7157
883 1139 0.975799 22.7324
882 1139 0.976526 22.7491
882 1139 0.977252 22.7657
882 1139 0.977979 22.7824
880 1139 0.978705 22.7991
879 1139 0.979432 22.8157
879 1139 0.980159 22.8324
878 1139 0.980885 22.8491
878 1139 0.981612 22.8657
878 1139 0.982338 22.8824
878 1139 0.983065 22.8991
877 1139 0.983791 22.9157
876 1139 0.984518 22.9324
875 1139 0.985245 22.9491
874 1139 0.985971 22.9657
874 1139 0.986698 22.9824
874 1139 0.987424 22.9991
874 1139 0.988151 23.0157
872 1139 0.988877 23.0324
872 1139 0.989604 23.0491
870 1139 0.990331 23.0657
870 1139 0.991057 23.0824
869 1139 0.991784 23.0991
868 1139 0.99251 23.1157
868 1139 0.993237 23.1324
867 1139 0.993964 23.1491
867 1139 0.99469 23.1657
867 1139 0.995417 23.1824
866 1139 0.996143 23.1991
864 1139 0.99687 23.2157
863 1139 0.997596 23.2324
863 1139 0.998323 23.2491
863 1139 0.99905 23.2657
863 1139 0.999776 23.2824
863 1139 1.0005 23.299
863 1139 1.00123 23.3157
861 1139 1.00196 23.3324
861 1139 1.00268 23.349
861 1139 1.00341 23.3657
859 1139 1.00414 23.3824
859 1139 1.00486 23.399
859 1139 1.00559 23.4157
859 1139 1.00632 23.4324
857 1139 1.00704 23.449
857 1139 1.00777 23.4657
857 1139 1.0085 23.4824
857 1139 1.00922 23.499
857 1139 1.00995 23.5157
857 1139 1.01067 23.5324
856 1139 1.0114 23.549
856 1139 1.01213 23.5657
856 1139 1.01285 23.5824
856 1139 1.01358 23.599
856 1139 1.01431 23.6157
855 1139 1.01503 23.6324
854 1139 1.01576 23.649
854 1139 1.01649 23.6657
854 1139 1.01721 23.6824
854 1139 1.01794 23.699
853 1139 1.01867 23.7157
853 1139 1.01939 23.7324
853 1139 1.02012 23.749
853 1139 1.02085 23.7657
852 1139 1.02157 23.7824
852 1139 1.0223 23.799
851 1139 1.02303 23.8157
850 1139 1.02375 23.8324
850 1139 1.02448 23.849
850 1139 1.02521 23.8657
850 1139 1.02593 23.8824
850 1139 1.02666 23.899
849 1139 1.02739 23.9157
848 1139 1.02811 23.9324
847 1139 1.02884 23.949
847 1139 1.02957 23.9657
847 1139 1.03029 23.9824
847 1139 1.03102 23.999
847 1139 1.03175 24.0157
847 1139 1.03247 24.0324
847 1139 1.0332 24.049
846 1139 1.03393 24.0657
845 1139 1.03465 24.0824
843 1139 1.03538 24.099
842 1139 1.03611 24.1157
842 1139 1.03683 24.1324
842 1139 1.03756 24.149
842 1139 1.03829 24.1657
838 1139 1.03901 24.1824
838 1139 1.03974 24.199
837 1139 1.04046 24.2157
837 1139 1.04119 24.2324
835 1139 1.04192 24.249
835 1139 1.04264 24.2657
834 1139 1.04337 24.2824
833 1139 1.0441 24.299
833 1139 1.04482 24.3157
833 1139 1.04555 24.3324
831 1139 1.04628 24.349
831 1139 1.047 24.3657
831 1139 1.04773 24.3824
830 1139 1.04846 24.399
829 1139 1.04918 24.4157
829 1139 1.04991 24.4324
827 1139 1.05064 24.449
827 1139 1.05136 24.4657
826 1139 1.05209 24.4824
826 1139 1.05282 24.499
825 1139 1.05354 24.5157
824 1139 1.05427 24.5324
823 1139 1.055 24.549
823 1139 1.05572 24.5657
822 1139 1.05645 24.5824
822 1139 1.05718 24.599
822 1139 1.0579 24.6157
821 1139 1.05863 24.6324
819 1139 1.05936 24.649
819 1139 1.06008 24.6657
817 1139 1.06081 24.6824
817 1139 1.06154 24.699
816 1139 1.06226 24.7157
816 1139 1.06299 24.7324
816 1139 1.06372 24.749
815 1139 1.06444 24.7657
815 1139 1.06517 24.7824
814 1139 1.0659 24.799
813 1139 1.06662 24.8157
813 1139 1.06735 24.8324
812 1139 1.06807 24.849
812 1139 1.0688 24.8657
811 1139 1.06953 24.8824
810 1139 1.07025 24.899
810 1139 1.07098 24.9157
809 1139 1.07171 24.9324
808 1139 1.07243 24.949
808 1139 1.07316 24.9657
808 1139 1.07389 24.9824
808 1139 1.07461 24.999
807 1139 1.07534 25.0157
806 1139 1.07607 25.0324
804 1139 1.07679 25.049
804 1139 1.07752 25.0657
803 1139 1.07825 25.0824
803 1139 1.07897 25.099
803 1139 1.0797 25.1157
802 1139 1.08043 25.1324
802 1139 1.08115 25.149
801 1139 1.08188 25.1657
800 1139 1.08261 25.1824
800 1139 1.08333 25.199
799 1139 1.08406 25.2157
797 1139 1.08479 25.2324
797 1139 1.08551 25.249
797 1139 1.08624 25.2657
797 1139 1.08697 25.2824
796 1139 1.08769 25.299
795 1139 1.08842 25.3157
794 1139 1.08915 25.3324
793 1139 1.08987 25.349
791 1139 1.0906 25.3657
791 1139 1.09133 25.3824
791 1139 1.09205 25.399
790 1139 1.09278 25.4157
790 1139 1.09351 25.4324
790 1139 1.09423 25.449
789 1139 1.09496 25.4657
787 1139 1.09568 25.4823
786 1139 1.09641 25.499
786 1139 1.09714 25.5157
786 1139 1.09786 25.5323
785 1139 1.09859 25.549
783 1139 1.09932 25.5657
782 1139 1.10004 25.5823
782 1139 1.10077 25.599
782 1139 1.1015 25.6157
782 1139 1.10222 25.6323
781 1139 1.10295 25.649
780 1139 1.10368 25.6657
779 1139 1.1044 25.6823
778 1139 1.10513 25.699
778 1139 1.10586 25.7157
778 1139 1.10658 25.7323
776 1139 1.10731 25.749
776 1139 1.10804 25.7657
775 1139 1.10876 25.7823
773 1139 1.10949 25.799
773 1139 1.11022 25.8157
773 1139 1.11094 25.8323
772 1139 1.11167 25.849
772 1139 1.1124 25.8657
771 1139 1.11312 25.8823
769 1139 1.11385 25.899
769 1139 1.11458 25.9157
767 1139 1.1153 25.9323
767 1139 1.11603 25.949
767 1139 1.11676 25.9657
766 1139 1.11748 25.9823
764 1139 1.11821 25.999
764 1139 1.11894 26.0157
764 1139 1.11966 26.0323
764 1139 1.12039 26.049
763 1139 1.12112 26.0657
762 1139 1.12184 26.0823
761 1139 1.12257 26.099
761 1139 1.12329 26.1157
759 1139 1.12402 26.1323
759 1139 1.12475 26.149
759 1139 1.12547 26.1657
758 1139 1.1262 26.1823
758 1139 1.12693 26.199
757 1139 1.12765 26.2157
755 1139 1.12838 26.2323
754 1139 1.12911 26.249
754 1139 1.12983 26.2657
754 1139 1.13056 26.2823
753 1139 1.13129 26.299
753 1139 1.13201 26.3157
753 1139 1.13274 26.3323
752 1139 1.13347 26.349
751 1139 1.13419 26.3657
751 1139 1.13492 26.3823
749 1139 1.13565 26.399
749 1139 1.13637 26.4157
749 1139 1.1371 26.4323
748 1139 1.13783 26.449
747 1139 1.13855 26.4657
746 1139 1.13928 26.4823
745 1139 1.14001 26.499
745 1139 1.14073 26.5157
745 1139 1.14146 26.5323
744 1139 1.14219 26.549
744 1139 1.14291 26.5657
743 1139 1.14364 26.5823
741 1139 1.14437 26.599
741 1139 1.14509 26.6157
739 1139 1.14582 26.6323
739 1139 1.14655 26.649
737 1139 1.14727 26.6657
737 1139 1.148 26.6823
737 1139 1.14873 26.699
737 1139 1.14945 26.7157
736 1139 1.15018 26.7323
735 1139 1.15091 26.749
734 1139 1.15163 26.7657
734 1139 1.15236 26.7823
733 1139 1.15308 26.799
733 1139 1.15381 26.8157
733 1139 1.15454 26.8323
731 1139 1.15526 26.849
730 1139 1.15599 26.8657
728 1139 1.15672 26.8823
728 1139 1.15744 26.899
728 1139 1.15817 26.9157
728 1139 1.1589 26.9323
726 1139 1.15962 26.949
726 1139 1.16035 26.9657
726 1139 1.16108 26.9823
724 1139 1.1618 26.999
722 1139 1.16253 27.0157
722 1139 1.16326 27.0323
721 1139 1.16398 27.049
720 1139 1.16471 27.0657
719 1139 1.16544 27.0823
719 1139 1.16616 27.099
718 1139 1.16689 27.1157
717 1139 1.16762 27.1323
716 1139 1.16834 27.149
715 1139 1.16907 27.1657
715 1139 1.1698 27.1823
714 1139 1.17052 27.199
713 1139 1.17125 27.2157
711 1139 1.17198 27.2323
710 1139 1.1727 27.249
710 1139 1.17343 27.2657
709 1139 1.17416 27.2823
708 1139 1.17488 27.299
707 1139 1.17561 27.3157
706 1139 1.17634 27.3323
705 1139 1.17706 27.349
704 1139 1.17779 27.3657
704 1139 1.17852 27.3823
703 1139 1.17924 27.399
702 1139 1.17997 27.4157
702 1139 1.18069 27.4323
702 1139 1.18142 27.449
701 1139 1.18215 27.4657
699 1139 1.18287 27.4823
699 1139 1.1836 27.499
699 1139 1.18433 27.5157
698 1139 1.18505 27.5323
698 1139 1.18578 27.549
696 1139 1.18651 27.5657
696 1139 1.18723 27.5823
696 1139 1.18796 27.599
696 1139 1.18869 27.6157
694 1139 1.18941 27.6323
693 1139 1.19014 27.649
693 1139 1.19087 27.6656
692 1139 1.19159 27.6823
691 1139 1.19232 27.699
691 1139 1.19305 27.7156
690 1139 1.19377 27.7323
690 1139 1.1945 27.749
687 1139 1.19523 27.7656
686 1139 1.19595 27.7823
686 1139 1.19668 27.799
686 1139 1.19741 27.8156
685 1139 1.19813 27.8323
684 1139 1.19886 27.849
683 1139 1.19959 27.8656
683 1139 1.20031 27.8823
682 1139 1.20104 27.899
681 1139 1.20177 27.9156
680 1139 1.20249 27.9323
678 1139 1.20322 27.949
678 1139 1.20395 27.9656
678 1139 1.20467 27.9823
677 1139 1.2054 27.999
676 1139 1.20613 28.0156
674 1139 1.20685 28.0323
674 1139 1.20758 28.049
674 1139 1.2083 28.0656
674 1139 1.20903 28.0823
672 1139 1.20976 28.099
671 1139 1.21048 28.1156
671 1139 1.21121 28.1323
670 1139 1.21194 28.149
669 1139 1.21266 28.1656
667 1139 1.21339 28.1823
667 1139 1.21412 28.199
666 1139 1.21484 28.2156
666 1139 1.21557 28.2323
666 1139 1.2163 28.249
665 1139 1.21702 28.2656
664 1139 1.21775 28.2823
662 1139 1.21848 28.299
662 1139 1.2192 28.3156
661 1139 1.21993 28.3323
659 1139 1.22066 28.349
659 1139 1.22138 28.3656
658 1139 1.22211 28.3823
657 1139 1.22284 28.399
657 1139 1.22356 28.4156
656 1139 1.22429 28.4323
655 1139 1.22502 28.449
655 1139 1.22574 28.4656
654 1139 1.22647 28.4823
652 1139 1.2272 28.499
652 1139 1.22792 28.5156
651 1139 1.22865 28.5323
650 1139 1.22938 28.549
650 1139 1.2301 28.5656
649 1139 1.23083 28.5823
648 1139 1.23156 28.599
648 1139 1.23228 28.6156
646 1139 1.23301 28.6323
645 1139 1.23374 28.649
645 1139 1.23446 28.6656
645 1139 1.23519 28.6823
643 1139 1.23591 28.699
642 1139 1.23664 28.7156
640 1139 1.23737 28.7323
639 1139 1.23809 28.749
639 1139 1.23882 28.7656
638 1139 1.23955 28.7823
638 1139 1.24027 28.799
637 1139 1.241 28.8156
635 1139 1.24173 28.8323
634 1139 1.24245 28.849
634 1139 1.24318 28.8656
633 1139 1.24391 28.8823
633 1139 1.24463 28.899
631 1139 1.24536 28.9156
630 1139 1.24609 28.9323
630 1139 1.24681 28.949
630 1139 1.24754 28.9656
630 1139 1.24827 28.9823
628 1139 1.24899 28.999
628 1139 1.24972 29.0156
627 1139 1.25045 29.0323
627 1139 1.25117 29.049
625 1139 1.2519 29.0656
624 1139 1.25263 29.0823
624 1139 1.25335 29.099
623 1139 1.25408 29.1156
622 1139 1.25481 29.1323
620 1139 1.25553 29.149
619 1139 1.25626 29.1656
619 1139 1.25699 29.1823
619 1139 1.25771 29.199
618 1139 1.25844 29.2156
617 1139 1.25917 29.2323
617 1139 1.25989 29.249
616 1139 1.26062 29.2656
615 1139 1.26135 29.2823
614 1139 1.26207 29.299
614 1139 1.2628 29.3156
613 1139 1.26353 29.3323
612 1139 1.26425 29.349
611 1139 1.26498 29.3656
611 1139 1.2657 29.3823
611 1139 1.26643 29.399
610 1139 1.26716 29.4156
607 1139 1.26788 29.4323
607 1139 1.26861 29.449
606 1139 1.26934 29.4656
606 1139 1.27006 29.4823
606 1139 1.27079 29.499
604 1139 1.27152 29.5156
603 1139 1.27224 29.5323
602 1139 1.27297 29.549
602 1139 1.2737 29.5656
602 1139 1.27442 29.5823
600 1139 1.27515 29.599
599 1139 1.27588 29.6156
598 1139 1.2766 29.6323
597 1139 1.27733 29.649
596 1139 1.27806 29.6656
596 1139 1.27878 29.6823
595 1139 1.27951 29.699
595 1139 1.28024 29.7156
593 1139 1.28096 29.7323
593 1139 1.28169 29.749
592 1139 1.28242 29.7656
592 1139 1.28314 29.7823
592 1139 1.28387 29.799
592 1139 1.2846 29.8156
591 1139 1.28532 29.8323
589 1139 1.28605 29.8489
589 1139 1.28678 29.8656
589 1139 1.2875 29.8823
589 1139 1.28823 29.8989
589 1139 1.28896 29.9156
588 1139 1.28968 29.9323
587 1139 1.29041 29.9489
586 1139 1.29114 29.9656
584 1139 1.29186 29.9823
584 1139 1.29259 29.9989
583 1139 1.29331 30.0156
582 1139 1.29404 30.0323
580 1139 1.29477 30.0489
580 1139 1.29549 30.0656
580 1139 1.29622 30.0823
580 1139 1.29695 30.0989
577 1139 1.29767 30.1156
577 1139 1.2984 30.1323
577 1139 1.29913 30.1489
576 1139 1.29985 30.1656
575 1139 1.30058 30.1823
574 1139 1.30131 30.1989
573 1139 1.30203 30.2156
573 1139 1.30276 30.2323
573 1139 1.30349 30.2489
571 1139 1.30421 30.2656
570 1139 1.30494 30.2823
570 1139 1.30567 30.2989
570 1139 1.30639 30.3156
569 1139 1.30712 30.3323
567 1139 1.30785 30.3489
565 1139 1.30857 30.3656
565 1139 1.3093 30.3823
565 1139 1.31003 30.3989
564 1139 1.31075 30.4156
563 1139 1.31148 30.4323
563 1139 1.31221 30.4489
561 1139 1.31293 30.4656
559 1139 1.31366 30.4823
559 1139 1.31366 30.4989
559 1139 1.31366 30.5156
559 1139 1.31366 30.5323
558 1139 1.31366 30.5489
557 1139 1.31366 30.5656
555 1139 1.31366 30.5823
555 1139 1.31366 30.5989
555 1139 1.31366 30.6156
553 1139 1.31366 30.6323
553 1139 1.31366 30.6489
552 1139 1.31366 30.6656
551 1139 1.31366 30.6823
550 1139 1.31366 30.6989
549 1139 1.31366 30.7156
548 1139 1.31366 30.7323
548 1139 1.31366 30.7489
547 1139 1.31366 30.7656
546 1139 1.31366 30.7823
546 1139 1.31366 30.7989
546 1139 1.31366 30.8156
544 1139 1.31366 30.8323
544 1139 1.31366 30.8489
543 1139 1.31366 30.8656
543 1139 1.31366 30.8823
540 1139 1.31366 30.8989
539 1139 1.31366 30.9156
539 1139 1.31366 30.9323
539 1139 1.31366 30.9489
538 1139 1.31366 30.9656
538 1139 1.31366 30.9823
537 1139 1.31366 30.9989
537 1139 1.31366 31.0156
535 1139 1.31366 31.0323
535 1139 1.31366 31.0489
533 1139 1.31366 31.0656
533 1139 1.31366 31.0823
531 1139 1.31366 31.0989
531 1139 1.31366 31.1156
530 1139 1.31366 31.1323
530 1139 1.31366 31.1489
529 1139 1.31366 31.1656
528 1139 1.31366 31.1823
528 1139 1.31366 31.1989
528 1139 1.31366 31.2156
528 1139 1.31366 31.2323
528 1139 1.31366 31.2489
525 1139 1.31366 31.2656
525 1139 1.31366 31.2823
525 1139 1.31366 31.2989
524 1139 1.31366 31.3156
522 1139 1.31366 31.3323
522 1139 1.31366 31.3489
522 1139 1.31366 31.3656
522 1139 1.31366 31.3823
520 1139 1.31366 31.3989
520 1139 1.31366 31.4156
519 1139 1.31366 31.4323
518 1139 1.31366 31.4489
518 1139 1.31366 31.4656
518 1139 1.31366 31.4823
518 1139 1.31366 31.4989
517 1139 1.31366 31.5156
517 1139 1.31366 31.5323
517 1139 1.31366 31.5489
517 1139 1.31366 31.5656
517 1139 1.31366 31.5823
517 1139 1.31366 31.5989
517 1139 1.31366 31.6156
517 1139 1.31366 31.6323
517 1139 1.31366 31.6489
516 1139 1.31366 31.6656
516 1139 1.31366 31.6823
516 1139 1.31366 31.6989
516 1139 1.31366 31.7156
516 1139 1.31366 31.7323
516 1139 1.31366 31.7489
516 1139 1.31366 31.7656
515 1139 1.31366 31.7823
515 1139 1.31366 31.7989
514 1139 1.31366 31.8156
514 1139 1.31366 31.8323
514 1139 1.31366 31.8489
514 1139 1.31366 31.8656
514 1139 1.31366 31.8823
513 1139 1.31366 31.8989
513 1139 1.31366 31.9156
512 1139 1.31366 31.9323
512 1139 1.31366 31.9489
512 1139 1.31366 31.9656
511 1139 1.31366 31.9823
511 1139 1.31366 31.9989
511 1139 1.31366 32.0156
511 1139 1.31366 32.0322
511 1139 1.31366 32.0489
511 1139 1.31366 32.0656
511 1139 1.31366 32.0822
511 1139 1.31366 32.0989
511 1139 1.31366 32.1156
511 1139 1.31366 32.1322
509 1139 1.31366 32.1489
509 1139 1.31366 32.1656
509 1139 1.31366 32.1822
509 1139 1.31366 32.1989
509 1139 1.31366 32.2156
509 1139 1.31366 32.2322
509 1139 1.31366 32.2489
509 1139 1.31366 32.2656
509 1139 1.31366 32.2822
508 1139 1.31366 32.2989
508 1139 1.31366 32.3156
506 1139 1.31366 32.3322
506 1139 1.31366 32.3489
506 1139 1.31366 32.3656
506 1139 1.31366 32.3822
506 1139 1.31366 32.3989
506 1139 1.31366 32.4156
506 1139 1.31366 32.4322
505 1139 1.31366 32.4489
505 1139 1.31366 32.4656
505 1139 1.31366 32.4822
504 1139 1.31366 32.4989
504 1139 1.31366 32.5156
504 1139 1.31366 32.5322
504 1139 1.31366 32.5489
504 1139 1.31366 32.5656
504 1139 1.31366 32.5822
504 1139 1.31366 32.5989
504 1139 1.31366 32.6156
504 1139 1.31366 32.6322
504 1139 1.31366 32.6489
504 1139 1.31366 32.6656
504 1139 1.31366 32.6822
504 1139 1.31366 32.6989
504 1139 1.31366 32.7156
504 1139 1.31366 32.7322
504 1139 1.31366 32.7489
504 1139 1.31366 32.7656
504 1139 1.31366 32.7822
504 1139 1.31366 32.7989
504 1139 1.31366 32.8156
503 1139 1.31366 32.8322
503 1139 1.31366 32.8489
503 1139 1.31366 32.8656
502 1139 1.31366 32.8822
502 1139 1.31366 32.8989
502 1139 1.31366 32.9156
502 1139 1.31366 32.9322
502 1139 1.31366 32.9489
502 1139 1.31366 32.9656
501 1139 1.31366 32.9822
501 1139 1.31366 32.9989
500 1139 1.31366 33.0156
500 1139 1.31366 33.0322
500 1139 1.31366 33.0489
500 1139 1.31366 33.0656
500 1139 1.31366 33.0822
500 1139 1.31366 33.0989
499 1139 1.31366 33.1156
499 1139 1.31366 33.1322
499 1139 1.31366 33.1489
499 1139 1.31366 33.1656
498 1139 1.31366 33.1822
498 1139 1.31366 33.1989
498 1139 1.31366 33.2156
498 1139 1.31366 33.2322
498 1139 1.31366 33.2489
498 1139 1.31366 33.2656
498 1139 1.31366 33.2822
498 1139 1.31366 33.2989
498 1139 1.31366 33.3156
498 1139 1.31366 33.3322
498 1139 1.31366 33.3489
498 1139 1.31366 33.3656
498 1139 1.31366 33.3822
498 1139 1.31366 33.3989
497 1139 1.31366 33.4156
497 1139 1.31366 33.4322
497 1139 1.31366 33.4489
497 1139 1.31366 33.4656
497 1139 1.31366 33.4822
496 1139 1.31366 33.4989
496 1139 1.31366 33.5156
496 1139 1.31366 33.5322
496 1139 1.31366 33.5489
496 1139 1.31366 33.5656
495 1139 1.31366 33.5822
495 1139 1.31366 33.5989
495 1139 1.31366 33.6156
495 1139 1.31366 33.6322
495 1139 1.31366 33.6489
495 1139 1.31366 33.6656
495 1139 1.31366 33.6822
495 1139 1.31366 33.6989
495 1139 1.31366 33.7156
495 1139 1.31366 33.7322
495 1139 1.31366 33.7489
495 1139 1.31366 33.7656
494 1139 1.31366 33.7822
494 1139 1.31366 33.7989
494 1139 1.31366 33.8156
494 1139 1.31366 33.8322
494 1139 1.31366 33.8489
494 1139 1.31366 33.8656
494 1139 1.31366 33.8822
494 1139 1.31366 33.8989
494 1139 1.31366 33.9156
494 1139 1.31366 33.9322
494 1139 1.31366 33.9489
494 1139 1.31366 33.9656
493 1139 1.31366 33.9822
493 1139 1.31366 33.9989
493 1139 1.31366 34.0156
493 1139 1.31366 34.0322
493 1139 1.31366 34.0489
493 1139 1.31366 34.0656
493 1139 1.31366 34.0822
493 1139 1.31366 34.0989
493 1139 1.31366 34.1156
492 1139 1.31366 34.1322
492 1139 1.31366 34.1489
492 1139 1.31366 34.1656
492 1139 1.31366 34.1822
492 1139 1.31366 34.1989
492 1139 1.31366 34.2155
492 1139 1.31366 34.2322
492 1139 1.31366 34.2489
492 1139 1.31366 34.2655
492 1139 1.31366 34.2822
492 1139 1.31366 34.2989
492 1139 1.31366 34.3155
491 1139 1.31366 34.3322
491 1139 1.31366 34.3489
491 1139 1.31366 34.3655
491 1139 1.31366 34.3822
491 1139 1.31366 34.3989
490 1139 1.31366 34.4155
490 1139 1.31366 34.4322
490 1139 1.31366 34.4489
490 1139 1.31366 34.4655
490 1139 1.31366 34.4822
490 1139 1.31366 34.4989
490 1139 1.31366 34.5155
490 1139 1.31366 34.5322
490 1139 1.31366 34.5489
490 1139 1.31366 34.5655
490 1139 1.31366 34.5822
490 1139 1.31366 34.5989
490 1139 1.31366 34.6155
490 1139 1.31366 34.6322
490 1139 1.31366 34.6489
490 1139 1.31366 34.6655
490 1139 1.31366 34.6822
490 1139 1.31366 34.6989
490 1139 1.31366 34.7155
489 1139 1.31366 34.7322
488 1139 1.31366 34.7489
488 1139 1.31366 34.7655
488 1139 1.31366 34.7822
487 1139 1.31366 34.7989
487 1139 1.31366 34.8155
487 1139 1.31366 34.8322
487 1139 1.31366 34.8489
487 1139 1.31366 34.8655
487 1139 1.31366 34.8822
487 1139 1.31366 34.8989
487 1139 1.31366 34.9155
487 1139 1.31366 34.9322
487 1139 1.31366 34.9489
487 1139 1.31366 34.9655
487 1139 1.31366 34.9822
487 1139 1.31366 34.9989
487 1139 1.31366 35.0155
487 1139 1.31366 35.0322
487 1139 1.31366 35.0489
487 1139 1.31366 35.0655
487 1139 1.31366 35.0822
487 1139 1.31366 35.0989
487 1139 1.31366 35.1155
487 1139 1.31366 35.1322
487 1139 1.31366 35.1489
