17116 18696 0.00156014 0.00180817
17102 18696 0.00156014 0.0184746
17083 18696 0.00156014 0.035141
17062 18696 0.00156014 0.0518074
17052 18696 0.00156014 0.0684738
17043 18696 0.00156014 0.0851402
17032 18696 0.00156014 0.101807
17018 18696 0.00156014 0.118473
17005 18696 0.00156014 0.135139
16997 18696 0.00156014 0.151806
16986 18696 0.00156014 0.168472
16979 18696 0.00156014 0.185139
16974 18696 0.00156014 0.201805
16970 18696 0.00156014 0.218472
16963 18696 0.00156014 0.235138
16956 18696 0.00156014 0.251804
16947 18696 0.00156014 0.268471
16940 18696 0.00156014 0.285137
16940 18696 0.00156014 0.301804
16932 18696 0.00156014 0.31847
16928 18696 0.00156014 0.335136
16924 18696 0.00156014 0.351803
16918 18696 0.00156014 0.368469
16914 18696 0.00156014 0.385136
16910 18696 0.00156014 0.401802
16907 18696 0.00156014 0.418468
16899 18696 0.00156014 0.435135
16897 18696 0.00156014 0.451801
16893 18696 0.00156014 0.468468
16887 18696 0.00156014 0.485134
16887 18696 0.00156014 0.501801
16884 18696 0.00156014 0.518467
16884 18696 0.00156014 0.535133
16884 18696 0.00156014 0.5518
16884 18696 0.00156014 0.568466
16883 18696 0.00156014 0.585133
16879 18696 0.00156014 0.601799
16878 18696 0.00156014 0.618465
16874 18696 0.00156014 0.635132
16873 18696 0.00156014 0.651798
16872 18696 0.00156014 0.668465
16870 18696 0.00156014 0.685131
16869 18696 0.00156014 0.701797
16867 18696 0.00156014 0.718464
16866 18696 0.00156014 0.73513
16861 18696 0.00156014 0.751797
16860 18696 0.00156014 0.768463
16859 18696 0.00156014 0.78513
16857 18696 0.00156014 0.801796
16856 18696 0.00156014 0.818462
16855 18696 0.00156014 0.835129
16855 18696 0.00156014 0.851795
16855 18696 0.00156014 0.868462
16854 18696 0.00156014 0.885128
16852 18696 0.00156014 0.901794
16851 18696 0.00156014 0.918461
16851 18696 0.00156014 0.935127
16851 18696 0.00156014 0.951794
16849 18696 0.00156014 0.96846
16848 18696 0.00156014 0.985126
16848 18696 0.00156014 1.00179
16847 18696 0.00156014 1.01846
16844 18696 0.00156014 1.03513
16844 18696 0.00156014 1.05179
16844 18696 0.00156014 1.06846
16843 18696 0.00156014 1.08512
16840 18696 0.00156014 1.10179
16840 18696 0.00156014 1.11846
16840 18696 0.00156014 1.13512
16839 18696 0.00156014 1.15179
16839 18696 0.00156014 1.16846
16837 18696 0.00156014 1.18512
16836 18696 0.00156014 1.20179
16834 18696 0.00156014 1.21846
16834 18696 0.00156014 1.23512
16833 18696 0.00156014 1.25179
16832 18696 0.00156014 1.26846
16832 18696 0.00156014 1.28512
16831 18696 0.00156014 1.30179
16831 18696 0.00156014 1.31845
16831 18696 0.00156014 1.33512
16831 18696 0.00156014 1.35179
16830 18696 0.00156014 1.36845
16828 18696 0.00156014 1.38512
16828 18696 0.00156014 1.40179
16828 18696 0.00156014 1.41845
16828 18696 0.00156014 1.43512
16826 18696 0.00156014 1.45179
16825 18696 0.00156014 1.46845
16825 18696 0.00156014 1.48512
16825 18696 0.00156014 1.50179
16825 18696 0.00156014 1.51845
16825 18696 0.00156014 1.53512
16825 18696 0.00156014 1.55178
16824 18696 0.00156014 1.56845
16824 18696 0.00156014 1.58512
16824 18696 0.00156014 1.60178
16824 18696 0.00156014 1.61845
16824 18696 0.00156014 1.63512
16824 18696 0.00156014 1.65178
16824 18696 0.00156014 1.66845
16824 18696 0.00156014 1.68512
16824 18696 0.00156014 1.70178
16824 18696 0.00156014 1.71845
16824 18696 0.00156014 1.73512
16824 18696 0.00156014 1.75178
16824 18696 0.00156014 1.76845
16823 18696 0.00156014 1.78511
16823 18696 0.00156014 1.80178
16822 18696 0.00156014 1.81845
16822 18696 0.00156014 1.83511
16822 18696 0.00156014 1.85178
16822 18696 0.00156014 1.86845
16822 18696 0.00156014 1.88511
16821 18696 0.00156014 1.90178
16821 18696 0.00156014 1.91845
16821 18696 0.00156014 1.93511
16821 18696 0.00156014 1.95178
16821 18696 0.00156014 1.96844
16821 18696 0.00156014 1.98511
16821 18696 0.00156014 2.00178
16821 18696 0.00156014 2.01844
16820 18696 0.00156014 2.03511
16820 18696 0.00156014 2.05178
16820 18696 0.00156014 2.06844
16819 18696 0.00156014 2.08511
16819 18696 0.00156014 2.10178
16818 18696 0.00156014 2.11844
16817 18696 0.00156014 2.13511
16816 18696 0.00156014 2.15178
16816 18696 0.00156014 2.16844
16814 18696 0.00156014 2.18511
16814 18696 0.00156014 2.20177
16813 18696 0.00156014 2.21844
16813 18696 0.00156014 2.23511
16813 18696 0.00156014 2.25177
16811 18696 0.00156014 2.26844
16811 18696 0.00156014 2.28511
16811 18696 0.00156014 2.30177
16811 18696 0.00156014 2.31844
16811 18696 0.00156014 2.33511
16811 18696 0.00156014 2.35177
16811 18696 0.00156014 2.36844
16811 18696 0.00156014 2.38511
16811 18696 0.00156014 2.40177
16811 18696 0.00156014 2.41844
16811 18696 0.00156014 2.4351
16811 18696 0.00156014 2.45177
16811 18696 0.00156014 2.46844
16811 18696 0.00156014 2.4851
16810 18696 0.00156014 2.50177
16809 18696 0.00156014 2.51844
16809 18696 0.00156014 2.5351
16809 18696 0.00156014 2.55177
16808 18696 0.00156014 2.56844
16807 18696 0.00156014 2.5851
16806 18696 0.00156014 2.60177
16806 18696 0.00156014 2.61843
16806 18696 0.00156014 2.6351
16806 18696 0.00156014 2.65177
16806 18696 0.00156014 2.66843
16806 18696 0.00156014 2.6851
16806 18696 0.00156014 2.70177
16806 18696 0.00156014 2.71843
16806 18696 0.00156014 2.7351
16806 18696 0.00156014 2.75177
16806 18696 0.00156014 2.76843
16806 18696 0.00156014 2.7851
16806 18696 0.00156014 2.80177
16805 18696 0.00156014 2.81843
16805 18696 0.00156014 2.8351
16805 18696 0.00156014 2.85176
16805 18696 0.00156014 2.86843
16805 18696 0.00156014 2.8851
16805 18696 0.00156014 2.90176
16805 18696 0.00156014 2.91843
16805 18696 0.00156014 2.9351
16805 18696 0.00156014 2.95176
16805 18696 0.00156014 2.96843
16804 18696 0.00156014 2.9851
16804 18696 0.00156014 3.00176
16804 18696 0.00156014 3.01843
16804 18696 0.00156014 3.0351
16804 18696 0.00156014 3.05176
16804 18696 0.00156014 3.06843
16802 18696 0.00156014 3.08509
16802 18696 0.00156014 3.10176
16802 18696 0.00156014 3.11843
16802 18696 0.00156014 3.13509
16802 18696 0.00156014 3.15176
16802 18696 0.00156014 3.16843
16802 18696 0.00156014 3.18509
16802 18696 0.00156014 3.20176
16802 18696 0.00156014 3.21843
16801 18696 0.00156014 3.23509
16801 18696 0.00156014 3.25176
16801 18696 0.00156014 3.26842
16801 18696 0.00156014 3.28509
16800 18696 0.00156014 3.30176
16800 18696 0.00156014 3.31842
16800 18696 0.00156014 3.33509
16800 18696 0.00156014 3.35176
16799 18696 0.00156014 3.36842
16799 18696 0.00156014 3.38509
16799 18696 0.00156014 3.40176
16799 18696 0.00156014 3.41842
16799 18696 0.00156014 3.43509
16799 18696 0.00156014 3.45176
16799 18696 0.00156014 3.46842
16799 18696 0.00156014 3.48509
16797 18696 0.00156014 3.50175
16797 18696 0.00156014 3.51842
16797 18696 0.00156014 3.53509
16796 18696 0.00156014 3.55175
16796 18696 0.00156014 3.56842
16796 18696 0.00156014 3.58509
16796 18696 0.00156014 3.60175
16796 18696 0.00156014 3.61842
16796 18696 0.00156014 3.63509
16795 18696 0.00156014 3.65175
16795 18696 0.00156014 3.66842
16795 18696 0.00156014 3.68509
16794 18696 0.00156014 3.70175
16794 18696 0.00156014 3.71842
16794 18696 0.00156014 3.73508
16793 18696 0.00156014 3.75175
16793 18696 0.00156014 3.76842
16793 18696 0.00156014 3.78508
16791 18696 0.00156014 3.80175
16790 18696 0.00156014 3.81842
16790 18696 0.00156014 3.83508
16789 18696 0.00156014 3.85175
16788 18696 0.00156014 3.86842
16788 18696 0.00156014 3.88508
16788 18696 0.00156014 3.90175
16788 18696 0.00156014 3.91842
16788 18696 0.00156014 3.93508
16787 18696 0.00156014 3.95175
16786 18696 0.00156014 3.96841
16785 18696 0.00156014 3.98508
16785 18696 0.00156014 4.00175
16785 18696 0.00156014 4.01841
16785 18696 0.00156014 4.03508
16785 18696 0.00156014 4.05175
16785 18696 0.00156014 4.06841
16782 18696 0.00156014 4.08508
16782 18696 0.00156014 4.10175
16782 18696 0.00156014 4.11841
16782 18696 0.00156014 4.13508
16782 18696 0.00156014 4.15174
16782 18696 0.00156014 4.16841
16782 18696 0.00156014 4.18508
16782 18696 0.00156014 4.20174
16781 18696 0.00156014 4.21841
16781 18696 0.00156014 4.23508
16781 18696 0.00156014 4.25174
16781 18696 0.00156014 4.26841
16781 18696 0.00156014 4.28508
16781 18696 0.00156014 4.30174
16781 18696 0.00156014 4.31841
16781 18696 0.00156014 4.33508
16781 18696 0.00156014 4.35174
16781 18696 0.00156014 4.36841
16781 18696 0.00156014 4.38507
16781 18696 0.00156014 4.40174
16781 18696 0.00156014 4.41841
16781 18696 0.00156014 4.43507
16781 18696 0.00156014 4.45174
16781 18696 0.00156014 4.46841
16781 18696 0.00156014 4.48507
16781 18696 0.00156014 4.50174
16781 18696 0.00156014 4.51841
16780 18696 0.00156014 4.53507
16780 18696 0.00156014 4.55174
16780 18696 0.00156014 4.56841
16780 18696 0.00156014 4.58507
16780 18696 0.00156014 4.60174
16780 18696 0.00156014 4.6184
16780 18696 0.00156014 4.63507
16780 18696 0.00156014 4.65174
16780 18696 0.00156014 4.6684
16780 18696 0.00156014 4.68507
16780 18696 0.00156014 4.70174
16780 18696 0.00156014 4.7184
16780 18696 0.00156014 4.73507
16780 18696 0.00156014 4.75174
16780 18696 0.00156014 4.7684
16780 18696 0.00156014 4.78507
16779 18696 0.00156014 4.80173
16779 18696 0.00156014 4.8184
16779 18696 0.00156014 4.83507
16779 18696 0.00156014 4.85173
16779 18696 0.00156014 4.8684
16779 18696 0.00156014 4.88507
16779 18696 0.00156014 4.90173
16779 18696 0.00156014 4.9184
16779 18696 0.00156014 4.93507
16779 18696 0.00156014 4.95173
16779 18696 0.00156014 4.9684
16779 18696 0.00156014 4.98507
16779 18696 0.00156014 5.00173
16779 18696 0.00156014 5.0184
16779 18696 0.00156014 5.03506
16779 18696 0.00156014 5.05173
16779 18696 0.00156014 5.0684
16779 18696 0.00156014 5.08506
16778 18696 0.00156014 5.10173
16778 18696 0.00156014 5.1184
16778 18696 0.00156014 5.13506
16778 18696 0.00156014 5.15173
16778 18696 0.00156014 5.1684
16778 18696 0.00156014 5.18506
16778 18696 0.00156014 5.20173
16778 18696 0.00156014 5.2184
16778 18696 0.00156014 5.23506
16778 18696 0.00156014 5.25173
16778 18696 0.00156014 5.26839
16778 18696 0.00156014 5.28506
16778 18696 0.00156014 5.30173
16778 18696 0.00156014 5.31839
16778 18696 0.00156014 5.33506
16778 18696 0.00156014 5.35173
16778 18696 0.00156014 5.36839
16778 18696 0.00156014 5.38506
16778 18696 0.00156014 5.40173
16778 18696 0.00156014 5.41839
16778 18696 0.00156014 5.43506
16778 18696 0.00156014 5.45173
16778 18696 0.00312028 5.46839
16778 18696 0.00468043 5.48506
16778 18696 0.00624057 5.50172
16777 18696 0.00780071 5.51839
16777 18696 0.00936085 5.53506
16777 18696 0.010921 5.55172
16777 18696 0.0124811 5.56839
16777 18696 0.0140413 5.58506
16777 18696 0.0156014 5.60172
16777 18696 0.0171616 5.61839
16777 18696 0.0187217 5.63506
16777 18696 0.0202818 5.65172
16777 18696 0.021842 5.66839
16777 18696 0.0234021 5.68505
16777 18696 0.0249623 5.70172
16777 18696 0.0265224 5.71839
16777 18696 0.0280826 5.73505
16777 18696 0.0296427 5.75172
16777 18696 0.0312028 5.76839
16777 18696 0.032763 5.78505
16777 18696 0.0343231 5.80172
16777 18696 0.0358833 5.81839
16777 18696 0.0374434 5.83505
16777 18696 0.0390036 5.85172
16777 18696 0.0405637 5.86839
16777 18696 0.0421239 5.88505
16777 18696 0.043684 5.90172
16777 18696 0.0452441 5.91838
16777 18696 0.0468043 5.93505
16777 18696 0.0483644 5.95172
16777 18696 0.0499246 5.96838
16777 18696 0.0514847 5.98505
16777 18696 0.0530449 6.00172
16777 18696 0.054605 6.01838
16777 18696 0.0561652 6.03505
16777 18696 0.0577253 6.05172
16777 18696 0.0592854 6.06838
16777 18696 0.0608456 6.08505
16777 18696 0.0624057 6.10172
16776 18696 0.0639659 6.11838
16775 18696 0.065526 6.13505
16775 18696 0.0670862 6.15171
16775 18696 0.0686463 6.16838
16775 18696 0.0702064 6.18505
16775 18696 0.0717666 6.20171
16775 18696 0.0733267 6.21838
16775 18696 0.0748869 6.23505
16775 18696 0.076447 6.25171
16775 18696 0.0780072 6.26838
16775 18696 0.0795673 6.28505
16775 18696 0.0811275 6.30171
16774 18696 0.0826876 6.31838
16773 18696 0.0842477 6.33504
16773 18696 0.0858079 6.35171
16772 18696 0.087368 6.36838
16770 18696 0.0889282 6.38504
16770 18696 0.0904883 6.40171
16770 18696 0.0920485 6.41838
16770 18696 0.0936086 6.43504
16769 18696 0.0951688 6.45171
16769 18696 0.0967289 6.46838
16768 18696 0.098289 6.48504
16768 18696 0.0998492 6.50171
16765 18696 0.101409 6.51838
16765 18696 0.102969 6.53504
16765 18696 0.10453 6.55171
16763 18696 0.10609 6.56837
16762 18696 0.10765 6.58504
16761 18696 0.10921 6.60171
16760 18696 0.11077 6.61837
16757 18696 0.11233 6.63504
16757 18696 0.11389 6.65171
16755 18696 0.115451 6.66837
16753 18696 0.117011 6.68504
16752 18696 0.118571 6.70171
16745 18696 0.120131 6.71837
16744 18696 0.121691 6.73504
16742 18696 0.123251 6.75171
16740 18696 0.124811 6.76837
16735 18696 0.126372 6.78504
16733 18696 0.127932 6.8017
16729 18696 0.129492 6.81837
16725 18696 0.131052 6.83504
16719 18696 0.132612 6.8517
16717 18696 0.134172 6.86837
16711 18696 0.135732 6.88504
16704 18696 0.137293 6.9017
16702 18696 0.138853 6.91837
16695 18696 0.140413 6.93504
16687 18696 0.141973 6.9517
16678 18696 0.143533 6.96837
16674 18696 0.145093 6.98503
16667 18696 0.146653 7.0017
16657 18696 0.148214 7.01837
16650 18696 0.149774 7.03503
16644 18696 0.151334 7.0517
16636 18696 0.152894 7.06837
16626 18696 0.154454 7.08503
16618 18696 0.156014 7.1017
16608 18696 0.157574 7.11837
16600 18696 0.159135 7.13503
16587 18696 0.160695 7.1517
16582 18696 0.162255 7.16837
16571 18696 0.163815 7.18503
16559 18696 0.165375 7.2017
16547 18696 0.166935 7.21836
16535 18696 0.168495 7.23503
16525 18696 0.170055 7.2517
16511 18696 0.171616 7.26836
16502 18696 0.173176 7.28503
16491 18696 0.174736 7.3017
16477 18696 0.176296 7.31836
16466 18696 0.177856 7.33503
16454 18696 0.179416 7.3517
16443 18696 0.180976 7.36836
16431 18696 0.182537 7.38503
16423 18696 0.184097 7.4017
16407 18696 0.185657 7.41836
16395 18696 0.187217 7.43503
16383 18696 0.188777 7.45169
16369 18696 0.190337 7.46836
16356 18696 0.191897 7.48503
16344 18696 0.193458 7.50169
16331 18696 0.195018 7.51836
16318 18696 0.196578 7.53503
16301 18696 0.198138 7.55169
16287 18696 0.199698 7.56836
16278 18696 0.201258 7.58503
16262 18696 0.202818 7.60169
16251 18696 0.204378 7.61836
16239 18696 0.205939 7.63503
16230 18696 0.207499 7.65169
16214 18696 0.209059 7.66836
16196 18696 0.210619 7.68502
16187 18696 0.212179 7.70169
16170 18696 0.213739 7.71836
16159 18696 0.215299 7.73502
16144 18696 0.21686 7.75169
16131 18696 0.21842 7.76836
16115 18696 0.21998 7.78502
16098 18696 0.22154 7.80169
16083 18696 0.2231 7.81836
16070 18696 0.22466 7.83502
16058 18696 0.22622 7.85169
16043 18696 0.227781 7.86835
16031 18696 0.229341 7.88502
16017 18696 0.230901 7.90169
15998 18696 0.232461 7.91835
15986 18696 0.234021 7.93502
15977 18696 0.235581 7.95169
15958 18696 0.237141 7.96835
15949 18696 0.238701 7.98502
15937 18696 0.240262 8.00169
15918 18696 0.241822 8.01835
15905 18696 0.243382 8.03502
15894 18696 0.244942 8.05169
15879 18696 0.246502 8.06835
15866 18696 0.248062 8.08502
15854 18696 0.249622 8.10168
15842 18696 0.251183 8.11835
15826 18696 0.252743 8.13502
15813 18696 0.254303 8.15168
15800 18696 0.255863 8.16835
15787 18696 0.257423 8.18502
15774 18696 0.258983 8.20168
15756 18696 0.260543 8.21835
15739 18696 0.262104 8.23502
15730 18696 0.263664 8.25168
15713 18696 0.265224 8.26835
15698 18696 0.266784 8.28502
15685 18696 0.268344 8.30168
15673 18696 0.269904 8.31835
15655 18696 0.271465 8.33501
15644 18696 0.273025 8.35168
15627 18696 0.274585 8.36835
15614 18696 0.276145 8.38501
15603 18696 0.277705 8.40168
15594 18696 0.279265 8.41835
15578 18696 0.280825 8.43501
15568 18696 0.282386 8.45168
15553 18696 0.283946 8.46835
15537 18696 0.285506 8.48501
15519 18696 0.287066 8.50168
15506 18696 0.288626 8.51834
15495 18696 0.290186 8.53501
15478 18696 0.291747 8.55168
15464 18696 0.293307 8.56834
15450 18696 0.294867 8.58501
15433 18696 0.296427 8.60168
15421 18696 0.297987 8.61834
15408 18696 0.299547 8.63501
15396 18696 0.301107 8.65168
15382 18696 0.302668 8.66834
15367 18696 0.304228 8.68501
15351 18696 0.305788 8.70168
15338 18696 0.307348 8.71834
15321 18696 0.308908 8.73501
15307 18696 0.310468 8.75167
15293 18696 0.312028 8.76834
15281 18696 0.313589 8.78501
15260 18696 0.315149 8.80167
15252 18696 0.316709 8.81834
15241 18696 0.318269 8.83501
15230 18696 0.319829 8.85167
15215 18696 0.321389 8.86834
15195 18696 0.32295 8.88501
15179 18696 0.32451 8.90167
15167 18696 0.32607 8.91834
15152 18696 0.32763 8.93501
15135 18696 0.32919 8.95167
15120 18696 0.33075 8.96834
15108 18696 0.33231 8.985
15092 18696 0.333871 9.00167
15078 18696 0.335431 9.01834
15061 18696 0.336991 9.035
15050 18696 0.338551 9.05167
15031 18696 0.340111 9.06834
15020 18696 0.341671 9.085
15009 18696 0.343232 9.10167
14998 18696 0.344792 9.11834
14985 18696 0.346352 9.135
14971 18696 0.347912 9.15167
14958 18696 0.349472 9.16833
14946 18696 0.351032 9.185
14925 18696 0.352592 9.20167
14909 18696 0.354153 9.21833
14896 18696 0.355713 9.235
14883 18696 0.357273 9.25167
14868 18696 0.358833 9.26833
14850 18696 0.360393 9.285
14839 18696 0.361953 9.30167
14824 18696 0.363513 9.31833
14810 18696 0.365074 9.335
14796 18696 0.366634 9.35167
14779 18696 0.368194 9.36833
14766 18696 0.369754 9.385
14756 18696 0.371314 9.40166
14737 18696 0.372874 9.41833
14724 18696 0.374435 9.435
14709 18696 0.375995 9.45166
14698 18696 0.377555 9.46833
14683 18696 0.379115 9.485
14665 18696 0.380675 9.50166
14653 18696 0.382235 9.51833
14636 18696 0.383795 9.535
14622 18696 0.385356 9.55166
14605 18696 0.386916 9.56833
14594 18696 0.388476 9.585
14575 18696 0.390036 9.60166
14564 18696 0.391596 9.61833
14547 18696 0.393156 9.63499
14540 18696 0.394717 9.65166
14521 18696 0.396277 9.66833
14506 18696 0.397837 9.68499
14492 18696 0.399397 9.70166
14474 18696 0.400957 9.71833
14458 18696 0.402517 9.73499
14448 18696 0.404077 9.75166
14435 18696 0.405638 9.76833
14416 18696 0.407198 9.78499
14407 18696 0.408758 9.80166
14388 18696 0.410318 9.81833
14371 18696 0.411878 9.83499
14357 18696 0.413438 9.85166
14343 18696 0.414999 9.86832
14331 18696 0.416559 9.88499
14311 18696 0.418119 9.90166
14299 18696 0.419679 9.91832
14281 18696 0.421239 9.93499
14261 18696 0.422799 9.95166
14253 18696 0.424359 9.96832
14239 18696 0.42592 9.98499
14221 18696 0.42748 10.0017
14209 18696 0.42904 10.0183
14193 18696 0.4306 10.035
14179 18696 0.43216 10.0517
14167 18696 0.43372 10.0683
14152 18696 0.43528 10.085
14140 18696 0.436841 10.1017
14119 18696 0.438401 10.1183
14107 18696 0.439961 10.135
14090 18696 0.441521 10.1517
14077 18696 0.443081 10.1683
14067 18696 0.444641 10.185
14049 18696 0.446202 10.2017
14035 18696 0.447762 10.2183
14021 18696 0.449322 10.235
13999 18696 0.450882 10.2517
13987 18696 0.452442 10.2683
13969 18696 0.454002 10.285
13957 18696 0.455562 10.3017
13940 18696 0.457123 10.3183
13923 18696 0.458683 10.335
13914 18696 0.460243 10.3517
13900 18696 0.461803 10.3683
13884 18696 0.463363 10.385
13862 18696 0.464923 10.4016
13852 18696 0.466484 10.4183
13833 18696 0.468044 10.435
13818 18696 0.469604 10.4516
13798 18696 0.471164 10.4683
13789 18696 0.472724 10.485
13770 18696 0.474284 10.5016
13759 18696 0.475844 10.5183
13739 18696 0.477405 10.535
13724 18696 0.478965 10.5516
13710 18696 0.480525 10.5683
13699 18696 0.482085 10.585
13682 18696 0.483645 10.6016
13668 18696 0.485205 10.6183
13654 18696 0.486765 10.635
13640 18696 0.488326 10.6516
13623 18696 0.489886 10.6683
13605 18696 0.491446 10.685
13594 18696 0.493006 10.7016
13579 18696 0.494566 10.7183
13565 18696 0.496126 10.735
13542 18696 0.497687 10.7516
13531 18696 0.499247 10.7683
13515 18696 0.500807 10.785
13500 18696 0.502367 10.8016
13478 18696 0.503927 10.8183
13466 18696 0.505487 10.835
13452 18696 0.507047 10.8516
13435 18696 0.508608 10.8683
13422 18696 0.510168 10.885
13405 18696 0.511728 10.9016
13384 18696 0.513288 10.9183
13372 18696 0.514848 10.935
13360 18696 0.516408 10.9516
13339 18696 0.517968 10.9683
13328 18696 0.519529 10.985
13310 18696 0.521089 11.0016
13299 18696 0.522649 11.0183
13280 18696 0.524209 11.035
13263 18696 0.525769 11.0516
13248 18696 0.527329 11.0683
13237 18696 0.52889 11.085
13221 18696 0.53045 11.1016
13206 18696 0.53201 11.1183
13187 18696 0.53357 11.135
13174 18696 0.53513 11.1516
13161 18696 0.53669 11.1683
13146 18696 0.53825 11.185
13133 18696 0.539811 11.2016
13115 18696 0.541371 11.2183
13097 18696 0.542931 11.235
13083 18696 0.544491 11.2516
13070 18696 0.546051 11.2683
13052 18696 0.547611 11.285
13033 18696 0.549172 11.3016
13022 18696 0.550732 11.3183
13006 18696 0.552292 11.335
12990 18696 0.553852 11.3516
12977 18696 0.555412 11.3683
12957 18696 0.556972 11.385
12948 18696 0.558532 11.4016
12931 18696 0.560093 11.4183
12911 18696 0.561653 11.435
12899 18696 0.563213 11.4516
12880 18696 0.564773 11.4683
12869 18696 0.566333 11.485
12850 18696 0.567893 11.5016
12836 18696 0.569453 11.5183
12823 18696 0.571014 11.535
12808 18696 0.572574 11.5516
12793 18696 0.574134 11.5683
12774 18696 0.575694 11.585
12755 18696 0.577254 11.6016
12742 18696 0.578814 11.6183
12726 18696 0.580375 11.635
12709 18696 0.581935 11.6516
12698 18696 0.583495 11.6683
12685 18696 0.585055 11.685
12663 18696 0.586615 11.7016
12648 18696 0.588175 11.7183
12632 18696 0.589735 11.735
12612 18696 0.591296 11.7516
12595 18696 0.592856 11.7683
12583 18696 0.594416 11.785
12569 18696 0.595976 11.8016
12552 18696 0.597536 11.8183
12533 18696 0.599096 11.835
12516 18696 0.600657 11.8516
12498 18696 0.602217 11.8683
12485 18696 0.603777 11.885
12464 18696 0.605337 11.9016
12454 18696 0.606897 11.9183
12443 18696 0.608457 11.935
12419 18696 0.610017 11.9516
12404 18696 0.611578 11.9683
12391 18696 0.613138 11.985
12375 18696 0.614698 12.0016
12356 18696 0.616258 12.0183
12339 18696 0.617818 12.035
12320 18696 0.619378 12.0516
12309 18696 0.620938 12.0683
12293 18696 0.622499 12.085
12275 18696 0.624059 12.1016
12258 18696 0.625619 12.1183
12243 18696 0.627179 12.135
12226 18696 0.628739 12.1516
12212 18696 0.630299 12.1683
12195 18696 0.63186 12.185
12174 18696 0.63342 12.2016
12155 18696 0.63498 12.2183
12141 18696 0.63654 12.235
12125 18696 0.6381 12.2516
12113 18696 0.63966 12.2683
12097 18696 0.64122 12.285
12078 18696 0.642781 12.3016
12065 18696 0.644341 12.3183
12045 18696 0.645901 12.335
12028 18696 0.647461 12.3516
12014 18696 0.649021 12.3683
11999 18696 0.650581 12.385
11981 18696 0.652142 12.4016
11967 18696 0.653702 12.4183
11949 18696 0.655262 12.435
11930 18696 0.656822 12.4516
11916 18696 0.658382 12.4683
11903 18696 0.659942 12.485
11886 18696 0.661502 12.5016
11868 18696 0.663063 12.5183
11850 18696 0.664623 12.535
11833 18696 0.666183 12.5516
11815 18696 0.667743 12.5683
11801 18696 0.669303 12.5849
11782 18696 0.670863 12.6016
11767 18696 0.672423 12.6183
11751 18696 0.673984 12.6349
11734 18696 0.675544 12.6516
11719 18696 0.677104 12.6683
11704 18696 0.678664 12.6849
11691 18696 0.680224 12.7016
11671 18696 0.681784 12.7183
11656 18696 0.683345 12.7349
11639 18696 0.684905 12.7516
11623 18696 0.686465 12.7683
11604 18696 0.688025 12.7849
11588 18696 0.689585 12.8016
11575 18696 0.691145 12.8183
11557 18696 0.692705 12.8349
11537 18696 0.694266 12.8516
11521 18696 0.695826 12.8683
11508 18696 0.697386 12.8849
11491 18696 0.698946 12.9016
11476 18696 0.700506 12.9183
11459 18696 0.702066 12.9349
11444 18696 0.703627 12.9516
11427 18696 0.705187 12.9683
11414 18696 0.706747 12.9849
11395 18696 0.708307 13.0016
11379 18696 0.709867 13.0183
11358 18696 0.711427 13.0349
11345 18696 0.712987 13.0516
11326 18696 0.714548 13.0683
11310 18696 0.716108 13.0849
11296 18696 0.717668 13.1016
11275 18696 0.719228 13.1183
11254 18696 0.720788 13.1349
11247 18696 0.722348 13.1516
11229 18696 0.723908 13.1683
11213 18696 0.725469 13.1849
11190 18696 0.727029 13.2016
11178 18696 0.728589 13.2183
11159 18696 0.730149 13.2349
11141 18696 0.731709 13.2516
11124 18696 0.733269 13.2683
11109 18696 0.73483 13.2849
11090 18696 0.73639 13.3016
11074 18696 0.73795 13.3183
11065 18696 0.73951 13.3349
11042 18696 0.74107 13.3516
11026 18696 0.74263 13.3683
11013 18696 0.74419 13.3849
10993 18696 0.745751 13.4016
10978 18696 0.747311 13.4183
10962 18696 0.748871 13.4349
10944 18696 0.750431 13.4516
10926 18696 0.751991 13.4683
10909 18696 0.753551 13.4849
10896 18696 0.755112 13.5016
10881 18696 0.756672 13.5183
10862 18696 0.758232 13.5349
10846 18696 0.759792 13.5516
10828 18696 0.761352 13.5683
10807 18696 0.762912 13.5849
10793 18696 0.764472 13.6016
10780 18696 0.766033 13.6183
10758 18696 0.767593 13.6349
10737 18696 0.769153 13.6516
10728 18696 0.770713 13.6683
10707 18696 0.772273 13.6849
10692 18696 0.773833 13.7016
10672 18696 0.775393 13.7183
10658 18696 0.776954 13.7349
10642 18696 0.778514 13.7516
10624 18696 0.778514 13.7683
10607 18696 0.778514 13.7849
10588 18696 0.778514 13.8016
10569 18696 0.778514 13.8183
10558 18696 0.778514 13.8349
10539 18696 0.778514 13.8516
10522 18696 0.778514 13.8683
10497 18696 0.778514 13.8849
10488 18696 0.778514 13.9016
10461 18696 0.778514 13.9183
10449 18696 0.778514 13.9349
10432 18696 0.778514 13.9516
10411 18696 0.778514 13.9683
10393 18696 0.778514 13.9849
10379 18696 0.778514 14.0016
10362 18696 0.778514 14.0183
10341 18696 0.778514 14.0349
10325 18696 0.778514 14.0516
10308 18696 0.778514 14.0683
10291 18696 0.778514 14.0849
10274 18696 0.778514 14.1016
10255 18696 0.778514 14.1183
10236 18696 0.778514 14.1349
10223 18696 0.778514 14.1516
10202 18696 0.778514 14.1683
10184 18696 0.778514 14.1849
10167 18696 0.778514 14.2016
10151 18696 0.778514 14.2183
10129 18696 0.778514 14.2349
10113 18696 0.778514 14.2516
10098 18696 0.778514 14.2683
10082 18696 0.778514 14.2849
10068 18696 0.778514 14.3016
10045 18696 0.778514 14.3183
10028 18696 0.778514 14.3349
10013 18696 0.778514 14.3516
9996 18696 0.778514 14.3683
9979 18696 0.778514 14.3849
9960 18696 0.778514 14.4016
9946 18696 0.778514 14.4183
9932 18696 0.778514 14.4349
9916 18696 0.778514 14.4516
9902 18696 0.778514 14.4683
9885 18696 0.778514 14.4849
9872 18696 0.778514 14.5016
9852 18696 0.778514 14.5183
9837 18696 0.778514 14.5349
9820 18696 0.778514 14.5516
9808 18696 0.778514 14.5683
9794 18696 0.778514 14.5849
9781 18696 0.778514 14.6016
9763 18696 0.778514 14.6183
9748 18696 0.778514 14.6349
9735 18696 0.778514 14.6516
9722 18696 0.778514 14.6683
9708 18696 0.778514 14.6849
9696 18696 0.778514 14.7016
9684 18696 0.778514 14.7183
9675 18696 0.778514 14.7349
9656 18696 0.778514 14.7516
9648 18696 0.778514 14.7682
9638 18696 0.778514 14.7849
9625 18696 0.778514 14.8016
9614 18696 0.778514 14.8182
9603 18696 0.778514 14.8349
9591 18696 0.778514 14.8516
9583 18696 0.778514 14.8682
9571 18696 0.778514 14.8849
9563 18696 0.778514 14.9016
9550 18696 0.778514 14.9182
9541 18696 0.778514 14.9349
9534 18696 0.778514 14.9516
9523 18696 0.778514 14.9682
9517 18696 0.778514 14.9849
9510 18696 0.778514 15.0016
9498 18696 0.778514 15.0182
9488 18696 0.778514 15.0349
9479 18696 0.778514 15.0516
9472 18696 0.778514 15.0682
9459 18696 0.778514 15.0849
9455 18696 0.778514 15.1016
9446 18696 0.778514 15.1182
9438 18696 0.778514 15.1349
9434 18696 0.778514 15.1516
9424 18696 0.778514 15.1682
9416 18696 0.778514 15.1849
9409 18696 0.778514 15.2016
9400 18696 0.778514 15.2182
9393 18696 0.778514 15.2349
9387 18696 0.778514 15.2516
9381 18696 0.778514 15.2682
9375 18696 0.778514 15.2849
9366 18696 0.778514 15.3016
9355 18696 0.778514 15.3182
9349 18696 0.778514 15.3349
9342 18696 0.778514 15.3516
9339 18696 0.778514 15.3682
9328 18696 0.778514 15.3849
9321 18696 0.778514 15.4016
9318 18696 0.778514 15.4182
9313 18696 0.778514 15.4349
9304 18696 0.778514 15.4516
9300 18696 0.778514 15.4682
9290 18696 0.778514 15.4849
9285 18696 0.778514 15.5016
9281 18696 0.778514 15.5182
9271 18696 0.778514 15.5349
9266 18696 0.778514 15.5516
9262 18696 0.778514 15.5682
9254 18696 0.778514 15.5849
9247 18696 0.778514 15.6016
9243 18696 0.778514 15.6182
9236 18696 0.778514 15.6349
9233 18696 0.778514 15.6516
9228 18696 0.778514 15.6682
9224 18696 0.778514 15.6849
9218 18696 0.778514 15.7016
9212 18696 0.778514 15.7182
9209 18696 0.778514 15.7349
9204 18696 0.778514 15.7516
9199 18696 0.778514 15.7682
9189 18696 0.778514 15.7849
9189 18696 0.778514 15.8016
9181 18696 0.778514 15.8182
9177 18696 0.778514 15.8349
9167 18696 0.778514 15.8516
9164 18696 0.778514 15.8682
9162 18696 0.778514 15.8849
9156 18696 0.778514 15.9016
9153 18696 0.778514 15.9182
9148 18696 0.778514 15.9349
9142 18696 0.778514 15.9516
9141 18696 0.778514 15.9682
9135 18696 0.778514 15.9849
9133 18696 0.778514 16.0016
9127 18696 0.778514 16.0182
9120 18696 0.778514 16.0349
9119 18696 0.778514 16.0516
9116 18696 0.778514 16.0682
9110 18696 0.778514 16.0849
9107 18696 0.778514 16.1016
9104 18696 0.778514 16.1182
9098 18696 0.778514 16.1349
9094 18696 0.778514 16.1516
9090 18696 0.778514 16.1682
9088 18696 0.778514 16.1849
9083 18696 0.778514 16.2016
9079 18696 0.778514 16.2182
9076 18696 0.778514 16.2349
9074 18696 0.778514 16.2516
9072 18696 0.778514 16.2682
9068 18696 0.778514 16.2849
9063 18696 0.778514 16.3016
9059 18696 0.778514 16.3182
9056 18696 0.778514 16.3349
9052 18696 0.778514 16.3516
9050 18696 0.778514 16.3682
9046 18696 0.778514 16.3849
9041 18696 0.778514 16.4016
9039 18696 0.778514 16.4182
9038 18696 0.778514 16.4349
9033 18696 0.778514 16.4516
9029 18696 0.778514 16.4682
9027 18696 0.778514 16.4849
9024 18696 0.778514 16.5016
9019 18696 0.778514 16.5182
9017 18696 0.778514 16.5349
9013 18696 0.778514 16.5516
9010 18696 0.778514 16.5682
9009 18696 0.778514 16.5849
9005 18696 0.778514 16.6016
9002 18696 0.778514 16.6182
9000 18696 0.778514 16.6349
8998 18696 0.778514 16.6516
8993 18696 0.778514 16.6682
8990 18696 0.778514 16.6849
8987 18696 0.778514 16.7016
8985 18696 0.778514 16.7182
8982 18696 0.778514 16.7349
8982 18696 0.778514 16.7516
8980 18696 0.778514 16.7682
8975 18696 0.778514 16.7849
8972 18696 0.778514 16.8016
8972 18696 0.778514 16.8182
8971 18696 0.778514 16.8349
8968 18696 0.778514 16.8516
8964 18696 0.778514 16.8682
8961 18696 0.778514 16.8849
8959 18696 0.778514 16.9016
8957 18696 0.778514 16.9182
8956 18696 0.778514 16.9349
8951 18696 0.778514 16.9515
8951 18696 0.778514 16.9682
8950 18696 0.778514 16.9849
8946 18696 0.778514 17.0015
8943 18696 0.778514 17.0182
8941 18696 0.778514 17.0349
8941 18696 0.778514 17.0515
8936 18696 0.778514 17.0682
8934 18696 0.778514 17.0849
8929 18696 0.778514 17.1015
8929 18696 0.778514 17.1182
8927 18696 0.778514 17.1349
8923 18696 0.778514 17.1515
8922 18696 0.778514 17.1682
8921 18696 0.778514 17.1849
8919 18696 0.778514 17.2015
8915 18696 0.778514 17.2182
8913 18696 0.778514 17.2349
8910 18696 0.778514 17.2515
8909 18696 0.778514 17.2682
8905 18696 0.778514 17.2849
8904 18696 0.778514 17.3015
8903 18696 0.778514 17.3182
8900 18696 0.778514 17.3349
8899 18696 0.778514 17.3515
8894 18696 0.778514 17.3682
8894 18696 0.778514 17.3849
8893 18696 0.778514 17.4015
8889 18696 0.778514 17.4182
8888 18696 0.778514 17.4349
8885 18696 0.778514 17.4515
8883 18696 0.778514 17.4682
8880 18696 0.778514 17.4849
8879 18696 0.778514 17.5015
8878 18696 0.778514 17.5182
8876 18696 0.778514 17.5349
8873 18696 0.778514 17.5515
8871 18696 0.778514 17.5682
8870 18696 0.778514 17.5849
8869 18696 0.778514 17.6015
8868 18696 0.778514 17.6182
8865 18696 0.778514 17.6349
8864 18696 0.778514 17.6515
8861 18696 0.778514 17.6682
8859 18696 0.778514 17.6849
8859 18696 0.778514 17.7015
8858 18696 0.778514 17.7182
8854 18696 0.778514 17.7349
8852 18696 0.778514 17.7515
8849 18696 0.778514 17.7682
8847 18696 0.778514 17.7849
8846 18696 0.778514 17.8015
8845 18696 0.778514 17.8182
8844 18696 0.778514 17.8349
8843 18696 0.778514 17.8515
8841 18696 0.778514 17.8682
8840 18696 0.778514 17.8849
8838 18696 0.778514 17.9015
8836 18696 0.778514 17.9182
8834 18696 0.778514 17.9349
8833 18696 0.778514 17.9515
8831 18696 0.778514 17.9682
8831 18696 0.778514 17.9849
8828 18696 0.778514 18.0015
8827 18696 0.778514 18.0182
8825 18696 0.778514 18.0349
8823 18696 0.778514 18.0515
8821 18696 0.778514 18.0682
8820 18696 0.778514 18.0849
8819 18696 0.778514 18.1015
8818 18696 0.778514 18.1182
8818 18696 0.778514 18.1349
8816 18696 0.778514 18.1515
8813 18696 0.778514 18.1682
8812 18696 0.778514 18.1849
8811 18696 0.778514 18.2015
8810 18696 0.778514 18.2182
8809 18696 0.778514 18.2349
8808 18696 0.778514 18.2515
8808 18696 0.778514 18.2682
8808 18696 0.778514 18.2849
8804 18696 0.778514 18.3015
8803 18696 0.778514 18.3182
8802 18696 0.778514 18.3349
8799 18696 0.778514 18.3515
8798 18696 0.778514 18.3682
8797 18696 0.778514 18.3849
8795 18696 0.778514 18.4015
8794 18696 0.778514 18.4182
8792 18696 0.778514 18.4349
8792 18696 0.778514 18.4515
8792 18696 0.778514 18.4682
8789 18696 0.778514 18.4849
8788 18696 0.778514 18.5015
8788 18696 0.778514 18.5182
8786 18696 0.778514 18.5349
8785 18696 0.778514 18.5515
8783 18696 0.778514 18.5682
8782 18696 0.778514 18.5849
8780 18696 0.778514 18.6015
8779 18696 0.778514 18.6182
8779 18696 0.778514 18.6349
8777 18696 0.778514 18.6515
8777 18696 0.778514 18.6682
8775 18696 0.778514 18.6849
8774 18696 0.778514 18.7015
8774 18696 0.778514 18.7182
8771 18696 0.778514 18.7349
8769 18696 0.778514 18.7515
8769 18696 0.778514 18.7682
8768 18696 0.778514 18.7849
8767 18696 0.778514 18.8015
8764 18696 0.778514 18.8182
8764 18696 0.778514 18.8349
8763 18696 0.778514 18.8515
8762 18696 0.778514 18.8682
8761 18696 0.778514 18.8849
8760 18696 0.778514 18.9015
8758 18696 0.778514 18.9182
8758 18696 0.778514 18.9349
8756 18696 0.778514 18.9515
8756 18696 0.778514 18.9682
8755 18696 0.778514 18.9849
8753 18696 0.778514 19.0015
8751 18696 0.778514 19.0182
8750 18696 0.778514 19.0349
8750 18696 0.778514 19.0515
8749 18696 0.778514 19.0682
8748 18696 0.778514 19.0849
8747 18696 0.778514 19.1015
8747 18696 0.778514 19.1182
8744 18696 0.778514 19.1348
8744 18696 0.778514 19.1515
8744 18696 0.778514 19.1682
8744 18696 0.778514 19.1848
8743 18696 0.778514 19.2015
8742 18696 0.778514 19.2182
8741 18696 0.778514 19.2348
8741 18696 0.778514 19.2515
8736 18696 0.778514 19.2682
8735 18696 0.778514 19.2848
8735 18696 0.778514 19.3015
8735 18696 0.778514 19.3182
8734 18696 0.778514 19.3348
8732 18696 0.778514 19.3515
8731 18696 0.778514 19.3682
8730 18696 0.778514 19.3848
8730 18696 0.778514 19.4015
8728 18696 0.778514 19.4182
8727 18696 0.778514 19.4348
8726 18696 0.778514 19.4515
8724 18696 0.778514 19.4682
8724 18696 0.778514 19.4848
8723 18696 0.778514 19.5015
8721 18696 0.778514 19.5182
8720 18696 0.778514 19.5348
8719 18696 0.778514 19.5515
8718 18696 0.778514 19.5682
8717 18696 0.778514 19.5848
8716 18696 0.778514 19.6015
8716 18696 0.778514 19.6182
8714 18696 0.778514 19.6348
8713 18696 0.778514 19.6515
8711 18696 0.778514 19.6682
8711 18696 0.778514 19.6848
8710 18696 0.778514 19.7015
8710 18696 0.778514 19.7182
8709 18696 0.778514 19.7348
8709 18696 0.778514 19.7515
8708 18696 0.778514 19.7682
8706 18696 0.778514 19.7848
8704 18696 0.778514 19.8015
8703 18696 0.778514 19.8182
8703 18696 0.778514 19.8348
8703 18696 0.778514 19.8515
8703 18696 0.778514 19.8682
8703 18696 0.778514 19.8848
8701 18696 0.778514 19.9015
8700 18696 0.778514 19.9182
8698 18696 0.778514 19.9348
8697 18696 0.778514 19.9515
8696 18696 0.778514 19.9682
8696 18696 0.778514 19.9848
8695 18696 0.778514 20.0015
8694 18696 0.778514 20.0182
8694 18696 0.778514 20.0348
8694 18696 0.778514 20.0515
8693 18696 0.778514 20.0682
8693 18696 0.778514 20.0848
8693 18696 0.778514 20.1015
8691 18696 0.778514 20.1182
8691 18696 0.778514 20.1348
8690 18696 0.778514 20.1515
8690 18696 0.778514 20.1682
8688 18696 0.778514 20.1848
8686 18696 0.778514 20.2015
8686 18696 0.778514 20.2182
8686 18696 0.778514 20.2348
8685 18696 0.778514 20.2515
8685 18696 0.778514 20.2682
8685 18696 0.778514 20.2848
8683 18696 0.778514 20.3015
8682 18696 0.778514 20.3182
8681 18696 0.778514 20.3348
8679 18696 0.778514 20.3515
8679 18696 0.778514 20.3682
8678 18696 0.778514 20.3848
8678 18696 0.778514 20.4015
8677 18696 0.778514 20.4182
8674 18696 0.778514 20.4348
8673 18696 0.778514 20.4515
8673 18696 0.778514 20.4682
8672 18696 0.778514 20.4848
8671 18696 0.778514 20.5015
8671 18696 0.778514 20.5182
8671 18696 0.778514 20.5348
8670 18696 0.778514 20.5515
8669 18696 0.778514 20.5682
8669 18696 0.778514 20.5848
8669 18696 0.778514 20.6015
8668 18696 0.778514 20.6182
8665 18696 0.778514 20.6348
8665 18696 0.778514 20.6515
8665 18696 0.778514 20.6682
8665 18696 0.778514 20.6848
8664 18696 0.778514 20.7015
8664 18696 0.778514 20.7182
8664 18696 0.778514 20.7348
8663 18696 0.778514 20.7515
8661 18696 0.778514 20.7682
8661 18696 0.778514 20.7848
8661 18696 0.778514 20.8015
8661 18696 0.778514 20.8182
8661 18696 0.778514 20.8348
8660 18696 0.778514 20.8515
8658 18696 0.778514 20.8682
8658 18696 0.778514 20.8848
8658 18696 0.778514 20.9015
8657 18696 0.778514 20.9182
8657 18696 0.778514 20.9348
8656 18696 0.778514 20.9515
8655 18696 0.778514 20.9682
8654 18696 0.778514 20.9848
8654 18696 0.778514 21.0015
8652 18696 0.778514 21.0182
8652 18696 0.778514 21.0348
8651 18696 0.778514 21.0515
8651 18696 0.778514 21.0682
8651 18696 0.778514 21.0848
8651 18696 0.778514 21.1015
8649 18696 0.778514 21.1182
8649 18696 0.778514 21.1348
8648 18696 0.778514 21.1515
8648 18696 0.778514 21.1682
8648 18696 0.778514 21.1848
8647 18696 0.778514 21.2015
8647 18696 0.778514 21.2182
8646 18696 0.778514 21.2348
8645 18696 0.778514 21.2515
8645 18696 0.778514 21.2682
8645 18696 0.778514 21.2848
8644 18696 0.778514 21.3015
8643 18696 0.778514 21.3181
8643 18696 0.778514 21.3348
8643 18696 0.778514 21.3515
8642 18696 0.778514 21.3681
8642 18696 0.778514 21.3848
8642 18696 0.778514 21.4015
8640 18696 0.778514 21.4181
8640 18696 0.778514 21.4348
8640 18696 0.778514 21.4515
8640 18696 0.778514 21.4681
8639 18696 0.778514 21.4848
8639 18696 0.778514 21.5015
8637 18696 0.778514 21.5181
8637 18696 0.778514 21.5348
8637 18696 0.778514 21.5515
8636 18696 0.778514 21.5681
8635 18696 0.778514 21.5848
8634 18696 0.778514 21.6015
8634 18696 0.778514 21.6181
8633 18696 0.778514 21.6348
8632 18696 0.778514 21.6515
8632 18696 0.778514 21.6681
8632 18696 0.778514 21.6848
8632 18696 0.778514 21.7015
8632 18696 0.778514 21.7181
8632 18696 0.778514 21.7348
8631 18696 0.778514 21.7515
8631 18696 0.778514 21.7681
8631 18696 0.778514 21.7848
8630 18696 0.778514 21.8015
8630 18696 0.778514 21.8181
8629 18696 0.778514 21.8348
8628 18696 0.778514 21.8515
8627 18696 0.778514 21.8681
8626 18696 0.778514 21.8848
8626 18696 0.778514 21.9015
8626 18696 0.778514 21.9181
8625 18696 0.778514 21.9348
8625 18696 0.778514 21.9515
8625 18696 0.778514 21.9681
8624 18696 0.778514 21.9848
8622 18696 0.778514 22.0015
8622 18696 0.778514 22.0181
8622 18696 0.778514 22.0348
8621 18696 0.778514 22.0515
8620 18696 0.778514 22.0681
8620 18696 0.778514 22.0848
8618 18696 0.778514 22.1015
8617 18696 0.778514 22.1181
8617 18696 0.778514 22.1348
8617 18696 0.778514 22.1515
8617 18696 0.778514 22.1681
8617 18696 0.778514 22.1848
8616 18696 0.778514 22.2015
8615 18696 0.778514 22.2181
8615 18696 0.778514 22.2348
8614 18696 0.778514 22.2515
8614 18696 0.778514 22.2681
8614 18696 0.778514 22.2848
8614 18696 0.778514 22.3015
8613 18696 0.778514 22.3181
8612 18696 0.778514 22.3348
8612 18696 0.778514 22.3515
8611 18696 0.778514 22.3681
8611 18696 0.778514 22.3848
8609 18696 0.778514 22.4015
8609 18696 0.778514 22.4181
8609 18696 0.778514 22.4348
8608 18696 0.778514 22.4515
8607 18696 0.778514 22.4681
8607 18696 0.778514 22.4848
8607 18696 0.778514 22.5015
8607 18696 0.778514 22.5181
8606 18696 0.778514 22.5348
8606 18696 0.778514 22.5515
8606 18696 0.778514 22.5681
8606 18696 0.778514 22.5848
8605 18696 0.778514 22.6015
8604 18696 0.778514 22.6181
8604 18696 0.778514 22.6348
8602 18696 0.778514 22.6515
8602 18696 0.778514 22.6681
8602 18696 0.778514 22.6848
8602 18696 0.778514 22.7015
8601 18696 0.778514 22.7181
8601 18696 0.778514 22.7348
8601 18696 0.778514 22.7515
8599 18696 0.778514 22.7681
8598 18696 0.778514 22.7848
8598 18696 0.778514 22.8015
8597 18696 0.778514 22.8181
8596 18696 0.778514 22.8348
8595 18696 0.778514 22.8515
8595 18696 0.778514 22.8681
8595 18696 0.778514 22.8848
8595 18696 0.778514 22.9015
8595 18696 0.778514 22.9181
8595 18696 0.778514 22.9348
8594 18696 0.778514 22.9515
8593 18696 0.778514 22.9681
8593 18696 0.778514 22.9848
8593 18696 0.778514 23.0015
8593 18696 0.778514 23.0181
8593 18696 0.778514 23.0348
8592 18696 0.778514 23.0515
8591 18696 0.778514 23.0681
8591 18696 0.778514 23.0848
8591 18696 0.778514 23.1015
8591 18696 0.778514 23.1181
8590 18696 0.778514 23.1348
8588 18696 0.778514 23.1515
8588 18696 0.778514 23.1681
8588 18696 0.778514 23.1848
8586 18696 0.778514 23.2015
8586 18696 0.778514 23.2181
8586 18696 0.778514 23.2348
8586 18696 0.778514 23.2515
8586 18696 0.778514 23.2681
8586 18696 0.778514 23.2848
8585 18696 0.778514 23.3015
8584 18696 0.778514 23.3181
8584 18696 0.778514 23.3348
8583 18696 0.778514 23.3515
8582 18696 0.778514 23.3681
8582 18696 0.778514 23.3848
8582 18696 0.778514 23.4015
8582 18696 0.778514 23.4181
8581 18696 0.778514 23.4348
8581 18696 0.778514 23.4515
8581 18696 0.778514 23.4681
8580 18696 0.778514 23.4848
8579 18696 0.778514 23.5014
8579 18696 0.778514 23.5181
8579 18696 0.778514 23.5348
8579 18696 0.778514 23.5514
8579 18696 0.778514 23.5681
8578 18696 0.778514 23.5848
8578 18696 0.778514 23.6014
8577 18696 0.778514 23.6181
8577 18696 0.778514 23.6348
8576 18696 0.778514 23.6514
8575 18696 0.778514 23.6681
8575 18696 0.778514 23.6848
8575 18696 0.778514 23.7014
8574 18696 0.778514 23.7181
8574 18696 0.778514 23.7348
8574 18696 0.778514 23.7514
8574 18696 0.778514 23.7681
8574 18696 0.778514 23.7848
8574 18696 0.778514 23.8014
8574 18696 0.778514 23.8181
8572 18696 0.778514 23.8348
8572 18696 0.778514 23.8514
8572 18696 0.778514 23.8681
8572 18696 0.778514 23.8848
8572 18696 0.778514 23.9014
8572 18696 0.778514 23.9181
8572 18696 0.778514 23.9348
8571 18696 0.778514 23.9514
8570 18696 0.778514 23.9681
8570 18696 0.778514 23.9848
8570 18696 0.778514 24.0014
8570 18696 0.778514 24.0181
8570 18696 0.778514 24.0348
8570 18696 0.778514 24.0514
8570 18696 0.778514 24.0681
8568 18696 0.778514 24.0848
8567 18696 0.778514 24.1014
8567 18696 0.778514 24.1181
8567 18696 0.778514 24.1348
8567 18696 0.778514 24.1514
8567 18696 0.778514 24.1681
8565 18696 0.778514 24.1848
8564 18696 0.778514 24.2014
8564 18696 0.778514 24.2181
8564 18696 0.778514 24.2348
8563 18696 0.778514 24.2514
8563 18696 0.778514 24.2681
8563 18696 0.778514 24.2848
8563 18696 0.778514 24.3014
8563 18696 0.778514 24.3181
8562 18696 0.778514 24.3348
8562 18696 0.778514 24.3514
8562 18696 0.778514 24.3681
8562 18696 0.778514 24.3848
8562 18696 0.778514 24.4014
8562 18696 0.778514 24.4181
8562 18696 0.778514 24.4348
8561 18696 0.778514 24.4514
8560 18696 0.778514 24.4681
8560 18696 0.778514 24.4848
8560 18696 0.778514 24.5014
8560 18696 0.778514 24.5181
8560 18696 0.778514 24.5348
8559 18696 0.778514 24.5514
8558 18696 0.778514 24.5681
8557 18696 0.778514 24.5848
8557 18696 0.778514 24.6014
8557 18696 0.778514 24.6181
8557 18696 0.778514 24.6348
8557 18696 0.778514 24.6514
8557 18696 0.778514 24.6681
8557 18696 0.778514 24.6848
8557 18696 0.778514 24.7014
8557 18696 0.778514 24.7181
8557 18696 0.778514 24.7348
8557 18696 0.778514 24.7514
8557 18696 0.778514 24.7681
8557 18696 0.778514 24.7848
8555 18696 0.778514 24.8014
8555 18696 0.778514 24.8181
8555 18696 0.778514 24.8348
8555 18696 0.778514 24.8514
8554 18696 0.778514 24.8681
8554 18696 0.778514 24.8848
8554 18696 0.778514 24.9014
8554 18696 0.778514 24.9181
8553 18696 0.778514 24.9348
8553 18696 0.778514 24.9514
8553 18696 0.778514 24.9681
8553 18696 0.778514 24.9848
8553 18696 0.778514 25.0014
8553 18696 0.778514 25.0181
8552 18696 0.778514 25.0348
8552 18696 0.778514 25.0514
8552 18696 0.778514 25.0681
8552 18696 0.778514 25.0848
8552 18696 0.778514 25.1014
8552 18696 0.778514 25.1181
8552 18696 0.778514 25.1348
8552 18696 0.778514 25.1514
8552 18696 0.778514 25.1681
8552 18696 0.778514 25.1848
8551 18696 0.778514 25.2014
8551 18696 0.778514 25.2181
8551 18696 0.778514 25.2348
8551 18696 0.778514 25.2514
8551 18696 0.778514 25.2681
8550 18696 0.778514 25.2848
8550 18696 0.778514 25.3014
8550 18696 0.778514 25.3181
8550 18696 0.778514 25.3348
8550 18696 0.778514 25.3514
8549 18696 0.778514 25.3681
8549 18696 0.778514 25.3848
8549 18696 0.778514 25.4014
8548 18696 0.778514 25.4181
8548 18696 0.778514 25.4348
8547 18696 0.778514 25.4514
8546 18696 0.778514 25.4681
8545 18696 0.778514 25.4848
8545 18696 0.778514 25.5014
8545 18696 0.778514 25.5181
8545 18696 0.778514 25.5348
8544 18696 0.778514 25.5514
8544 18696 0.778514 25.5681
8544 18696 0.778514 25.5848
8544 18696 0.778514 25.6014
8544 18696 0.778514 25.6181
8544 18696 0.778514 25.6348
8544 18696 0.778514 25.6514
8543 18696 0.778514 25.6681
8543 18696 0.778514 25.6847
8543 18696 0.778514 25.7014
8543 18696 0.778514 25.7181
8542 18696 0.778514 25.7347
8542 18696 0.778514 25.7514
8542 18696 0.778514 25.7681
8542 18696 0.778514 25.7847
8541 18696 0.778514 25.8014
8541 18696 0.778514 25.8181
8541 18696 0.778514 25.8347
8541 18696 0.778514 25.8514
8541 18696 0.778514 25.8681
8541 18696 0.778514 25.8847
8541 18696 0.778514 25.9014
8541 18696 0.778514 25.9181
8540 18696 0.778514 25.9347
8540 18696 0.778514 25.9514
8540 18696 0.778514 25.9681
8540 18696 0.778514 25.9847
8540 18696 0.778514 26.0014
8540 18696 0.778514 26.0181
8540 18696 0.778514 26.0347
8540 18696 0.778514 26.0514
8540 18696 0.778514 26.0681
8540 18696 0.778514 26.0847
8540 18696 0.778514 26.1014
8540 18696 0.778514 26.1181
8539 18696 0.778514 26.1347
8538 18696 0.778514 26.1514
8537 18696 0.778514 26.1681
8536 18696 0.778514 26.1847
8536 18696 0.778514 26.2014
8536 18696 0.778514 26.2181
8535 18696 0.778514 26.2347
8535 18696 0.778514 26.2514
8535 18696 0.778514 26.2681
8535 18696 0.778514 26.2847
8535 18696 0.778514 26.3014
8535 18696 0.778514 26.3181
8535 18696 0.778514 26.3347
8535 18696 0.778514 26.3514
8535 18696 0.778514 26.3681
8534 18696 0.778514 26.3847
8534 18696 0.778514 26.4014
8534 18696 0.778514 26.4181
8534 18696 0.778514 26.4347
8534 18696 0.778514 26.4514
8534 18696 0.778514 26.4681
8534 18696 0.778514 26.4847
8534 18696 0.778514 26.5014
8534 18696 0.778514 26.5181
8534 18696 0.778514 26.5347
8534 18696 0.778514 26.5514
8534 18696 0.778514 26.5681
8532 18696 0.778514 26.5847
8532 18696 0.778514 26.6014
8532 18696 0.778514 26.6181
8532 18696 0.778514 26.6347
8531 18696 0.778514 26.6514
8531 18696 0.778514 26.6681
8531 18696 0.778514 26.6847
8531 18696 0.778514 26.7014
8530 18696 0.778514 26.7181
8530 18696 0.778514 26.7347
8530 18696 0.778514 26.7514
8530 18696 0.778514 26.7681
8530 18696 0.778514 26.7847
8529 18696 0.778514 26.8014
8529 18696 0.778514 26.8181
8529 18696 0.778514 26.8347
8529 18696 0.778514 26.8514
8529 18696 0.778514 26.8681
8529 18696 0.778514 26.8847
8529 18696 0.778514 26.9014
8529 18696 0.778514 26.9181
8529 18696 0.778514 26.9347
8528 18696 0.778514 26.9514
8527 18696 0.778514 26.9681
8527 18696 0.778514 26.9847
8527 18696 0.778514 27.0014
8526 18696 0.778514 27.0181
8526 18696 0.778514 27.0347
8526 18696 0.778514 27.0514
8526 18696 0.778514 27.0681
8526 18696 0.778514 27.0847
8526 18696 0.778514 27.1014
8526 18696 0.778514 27.1181
8525 18696 0.778514 27.1347
8525 18696 0.778514 27.1514
8525 18696 0.778514 27.1681
8525 18696 0.778514 27.1847
8525 18696 0.778514 27.2014
8525 18696 0.778514 27.2181
8525 18696 0.778514 27.2347
8525 18696 0.778514 27.2514
8524 18696 0.778514 27.2681
8524 18696 0.778514 27.2847
8524 18696 0.778514 27.3014
8524 18696 0.778514 27.3181
8524 18696 0.778514 27.3347
8523 18696 0.778514 27.3514
8523 18696 0.778514 27.3681
8523 18696 0.778514 27.3847
8523 18696 0.778514 27.4014
8523 18696 0.778514 27.4181
8523 18696 0.778514 27.4347
8523 18696 0.778514 27.4514
8523 18696 0.778514 27.4681
8523 18696 0.778514 27.4847
8523 18696 0.778514 27.5014
8523 18696 0.778514 27.5181
8523 18696 0.778514 27.5347
8523 18696 0.778514 27.5514
8523 18696 0.778514 27.5681
8523 18696 0.778514 27.5847
8523 18696 0.778514 27.6014
8523 18696 0.778514 27.6181
8521 18696 0.778514 27.6347
8519 18696 0.778514 27.6514
8518 18696 0.778514 27.6681
8518 18696 0.778514 27.6847
8518 18696 0.778514 27.7014
8518 18696 0.778514 27.7181
8518 18696 0.778514 27.7347
8518 18696 0.778514 27.7514
8518 18696 0.778514 27.7681
8518 18696 0.778514 27.7847
8518 18696 0.778514 27.8014
8518 18696 0.778514 27.8181
8518 18696 0.778514 27.8347
8516 18696 0.778514 27.8514
8516 18696 0.778514 27.868
8516 18696 0.778514 27.8847
8516 18696 0.778514 27.9014
8516 18696 0.778514 27.918
8516 18696 0.778514 27.9347
8516 18696 0.778514 27.9514
8516 18696 0.778514 27.968
8516 18696 0.778514 27.9847
8516 18696 0.778514 28.0014
8516 18696 0.778514 28.018
8516 18696 0.778514 28.0347
8516 18696 0.778514 28.0514
8515 18696 0.778514 28.068
8514 18696 0.778514 28.0847
8514 18696 0.778514 28.1014
8514 18696 0.778514 28.118
8514 18696 0.778514 28.1347
8514 18696 0.778514 28.1514
8514 18696 0.778514 28.168
8514 18696 0.778514 28.1847
8514 18696 0.778514 28.2014
8514 18696 0.778514 28.218
8514 18696 0.778514 28.2347
8514 18696 0.778514 28.2514
8514 18696 0.778514 28.268
8513 18696 0.778514 28.2847
8513 18696 0.778514 28.3014
8513 18696 0.778514 28.318
8513 18696 0.778514 28.3347
8512 18696 0.778514 28.3514
8512 18696 0.778514 28.368
8511 18696 0.778514 28.3847
8511 18696 0.778514 28.4014
8511 18696 0.778514 28.418
8511 18696 0.778514 28.4347
8511 18696 0.778514 28.4514
8511 18696 0.778514 28.468
8511 18696 0.778514 28.4847
8511 18696 0.778514 28.5014
8510 18696 0.778514 28.518
8510 18696 0.778514 28.5347
8510 18696 0.778514 28.5514
8510 18696 0.778514 28.568
8510 18696 0.778514 28.5847
8510 18696 0.778514 28.6014
8510 18696 0.778514 28.618
8510 18696 0.778514 28.6347
8510 18696 0.778514 28.6514
8510 18696 0.778514 28.668
8510 18696 0.778514 28.6847
8510 18696 0.778514 28.7014
8510 18696 0.778514 28.718
8510 18696 0.778514 28.7347
8510 18696 0.778514 28.7514
8510 18696 0.778514 28.768
8509 18696 0.778514 28.7847
8509 18696 0.778514 28.8014
8509 18696 0.778514 28.818
8509 18696 0.778514 28.8347
8509 18696 0.778514 28.8514
8509 18696 0.778514 28.868
8509 18696 0.778514 28.8847
8509 18696 0.778514 28.9014
8508 18696 0.778514 28.918
8508 18696 0.778514 28.9347
8508 18696 0.778514 28.9514
8508 18696 0.778514 28.968
8508 18696 0.778514 28.9847
8507 18696 0.778514 29.0014
8507 18696 0.778514 29.018
8507 18696 0.778514 29.0347
8507 18696 0.778514 29.0514
8507 18696 0.778514 29.068
8507 18696 0.778514 29.0847
8507 18696 0.778514 29.1014
8507 18696 0.778514 29.118
8507 18696 0.778514 29.1347
8507 18696 0.778514 29.1514
8507 18696 0.778514 29.168
8507 18696 0.778514 29.1847
8507 18696 0.778514 29.2014
8507 18696 0.778514 29.218
8507 18696 0.778514 29.2347
8506 18696 0.778514 29.2514
8506 18696 0.778514 29.268
8505 18696 0.778514 29.2847
8505 18696 0.778514 29.3014
8505 18696 0.778514 29.318
8505 18696 0.778514 29.3347
8505 18696 0.778514 29.3514
8505 18696 0.778514 29.368
8505 18696 0.778514 29.3847
8505 18696 0.778514 29.4014
8505 18696 0.778514 29.418
8504 18696 0.778514 29.4347
8503 18696 0.778514 29.4514
8503 18696 0.778514 29.468
8503 18696 0.778514 29.4847
8503 18696 0.778514 29.5014
8503 18696 0.778514 29.518
8502 18696 0.778514 29.5347
8502 18696 0.778514 29.5514
8502 18696 0.778514 29.568
8502 18696 0.778514 29.5847
8501 18696 0.778514 29.6014
8500 18696 0.778514 29.618
8500 18696 0.778514 29.6347
8500 18696 0.778514 29.6514
8500 18696 0.778514 29.668
8500 18696 0.778514 29.6847
8500 18696 0.778514 29.7014
8500 18696 0.778514 29.718
8500 18696 0.778514 29.7347
8500 18696 0.778514 29.7514
8500 18696 0.778514 29.768
8500 18696 0.778514 29.7847
8500 18696 0.778514 29.8014
8500 18696 0.778514 29.818
8500 18696 0.778514 29.8347
8500 18696 0.778514 29.8514
8500 18696 0.778514 29.868
8500 18696 0.778514 29.8847
8500 18696 0.778514 29.9014
8499 18696 0.778514 29.918
8499 18696 0.778514 29.9347
8499 18696 0.778514 29.9514
8499 18696 0.778514 29.968
8499 18696 0.778514 29.9847
8499 18696 0.778514 30.0014
8499 18696 0.778514 30.018
8499 18696 0.778514 30.0347
8499 18696 0.778514 30.0513
8499 18696 0.778514 30.068
8499 18696 0.778514 30.0847
8499 18696 0.778514 30.1013
8499 18696 0.778514 30.118
8499 18696 0.778514 30.1347
8499 18696 0.778514 30.1513
8499 18696 0.778514 30.168
8499 18696 0.778514 30.1847
8499 18696 0.778514 30.2013
8499 18696 0.778514 30.218
8499 18696 0.778514 30.2347
8499 18696 0.778514 30.2513
8499 18696 0.778514 30.268
