14958 16214 0.00295384 0.00766563
14948 16214 0.00295384 0.024332
14939 16214 0.00295384 0.0409985
14932 16214 0.00295384 0.0576649
14925 16214 0.00295384 0.0743313
14923 16214 0.00295384 0.0909977
14921 16214 0.00295384 0.107664
14919 16214 0.00295384 0.124331
14914 16214 0.00295384 0.140997
14914 16214 0.00295384 0.157663
14904 16214 0.00295384 0.17433
14902 16214 0.00295384 0.190996
14900 16214 0.00295384 0.207663
14896 16214 0.00295384 0.224329
14895 16214 0.00295384 0.240995
14893 16214 0.00295384 0.257662
14892 16214 0.00295384 0.274328
14891 16214 0.00295384 0.290995
14888 16214 0.00295384 0.307661
14888 16214 0.00295384 0.324327
14887 16214 0.00295384 0.340994
14887 16214 0.00295384 0.35766
14887 16214 0.00295384 0.374327
14887 16214 0.00295384 0.390993
14887 16214 0.00295384 0.40766
14885 16214 0.00295384 0.424326
14884 16214 0.00295384 0.440992
14883 16214 0.00295384 0.457659
14883 16214 0.00295384 0.474325
14882 16214 0.00295384 0.490992
14881 16214 0.00295384 0.507658
14880 16214 0.00295384 0.524324
14879 16214 0.00295384 0.540991
14878 16214 0.00295384 0.557657
14878 16214 0.00295384 0.574324
14878 16214 0.00295384 0.59099
14878 16214 0.00295384 0.607656
14878 16214 0.00295384 0.624323
14878 16214 0.00295384 0.640989
14878 16214 0.00295384 0.657656
14877 16214 0.00295384 0.674322
14876 16214 0.00295384 0.690989
14876 16214 0.00295384 0.707655
14876 16214 0.00295384 0.724321
14876 16214 0.00295384 0.740988
14876 16214 0.00295384 0.757654
14876 16214 0.00295384 0.774321
14876 16214 0.00295384 0.790987
14876 16214 0.00295384 0.807653
14876 16214 0.00295384 0.82432
14875 16214 0.00295384 0.840986
14875 16214 0.00295384 0.857653
14875 16214 0.00295384 0.874319
14875 16214 0.00295384 0.890985
14875 16214 0.00295384 0.907652
14874 16214 0.00295384 0.924318
14874 16214 0.00295384 0.940985
14872 16214 0.00295384 0.957651
14872 16214 0.00295384 0.974318
14872 16214 0.00295384 0.990984
14872 16214 0.00295384 1.00765
14872 16214 0.00295384 1.02432
14872 16214 0.00295384 1.04098
14872 16214 0.00295384 1.05765
14872 16214 0.00295384 1.07432
14872 16214 0.00295384 1.09098
14872 16214 0.00295384 1.10765
14872 16214 0.00295384 1.12432
14871 16214 0.00295384 1.14098
14871 16214 0.00295384 1.15765
14871 16214 0.00295384 1.17431
14871 16214 0.00295384 1.19098
14871 16214 0.00295384 1.20765
14871 16214 0.00295384 1.22431
14871 16214 0.00295384 1.24098
14871 16214 0.00295384 1.25765
14871 16214 0.00295384 1.27431
14870 16214 0.00295384 1.29098
14869 16214 0.00295384 1.30765
14869 16214 0.00295384 1.32431
14869 16214 0.00295384 1.34098
14869 16214 0.00295384 1.35765
14869 16214 0.00295384 1.37431
14869 16214 0.00295384 1.39098
14869 16214 0.00295384 1.40764
14869 16214 0.00295384 1.42431
14869 16214 0.00295384 1.44098
14869 16214 0.00295384 1.45764
14869 16214 0.00295384 1.47431
14869 16214 0.00295384 1.49098
14869 16214 0.00295384 1.50764
14869 16214 0.00295384 1.52431
14869 16214 0.00295384 1.54098
14869 16214 0.00295384 1.55764
14869 16214 0.00295384 1.57431
14868 16214 0.00295384 1.59097
14868 16214 0.00295384 1.60764
14868 16214 0.00295384 1.62431
14868 16214 0.00295384 1.64097
14868 16214 0.00295384 1.65764
14868 16214 0.00295384 1.67431
14868 16214 0.00295384 1.69097
14868 16214 0.00295384 1.70764
14867 16214 0.00295384 1.72431
14867 16214 0.00295384 1.74097
14867 16214 0.00295384 1.75764
14867 16214 0.00295384 1.77431
14867 16214 0.00295384 1.79097
14867 16214 0.00295384 1.80764
14867 16214 0.00295384 1.8243
14867 16214 0.00295384 1.84097
14867 16214 0.00295384 1.85764
14867 16214 0.00295384 1.8743
14866 16214 0.00295384 1.89097
14866 16214 0.00295384 1.90764
14866 16214 0.00295384 1.9243
14866 16214 0.00295384 1.94097
14866 16214 0.00295384 1.95764
14866 16214 0.00295384 1.9743
14866 16214 0.00295384 1.99097
14866 16214 0.00295384 2.00764
14866 16214 0.00295384 2.0243
14866 16214 0.00295384 2.04097
14866 16214 0.00295384 2.05763
14866 16214 0.00295384 2.0743
14866 16214 0.00295384 2.09097
14866 16214 0.00295384 2.10763
14866 16214 0.00295384 2.1243
14866 16214 0.00295384 2.14097
14866 16214 0.00295384 2.15763
14866 16214 0.00295384 2.1743
14866 16214 0.00295384 2.19097
14866 16214 0.00295384 2.20763
14866 16214 0.00295384 2.2243
14866 16214 0.00295384 2.24096
14865 16214 0.00590769 2.25763
14865 16214 0.00886153 2.2743
14865 16214 0.0118154 2.29096
14865 16214 0.0147692 2.30763
14865 16214 0.0177231 2.3243
14865 16214 0.0206769 2.34096
14865 16214 0.0236308 2.35763
14865 16214 0.0265846 2.3743
14865 16214 0.0295384 2.39096
14865 16214 0.0324923 2.40763
14865 16214 0.0354461 2.4243
14865 16214 0.0384 2.44096
14865 16214 0.0413538 2.45763
14865 16214 0.0443077 2.47429
14865 16214 0.0472615 2.49096
14865 16214 0.0502154 2.50763
14865 16214 0.0531692 2.52429
14865 16214 0.0561231 2.54096
14865 16214 0.0590769 2.55763
14865 16214 0.0620307 2.57429
14865 16214 0.0649846 2.59096
14865 16214 0.0679384 2.60763
14865 16214 0.0708923 2.62429
14865 16214 0.0738461 2.64096
14865 16214 0.0768 2.65763
14865 16214 0.0797538 2.67429
14865 16214 0.0827076 2.69096
14865 16214 0.0856615 2.70762
14865 16214 0.0886153 2.72429
14865 16214 0.0915692 2.74096
14865 16214 0.094523 2.75762
14865 16214 0.0974769 2.77429
14865 16214 0.100431 2.79096
14865 16214 0.103385 2.80762
14865 16214 0.106338 2.82429
14865 16214 0.109292 2.84096
14865 16214 0.112246 2.85762
14865 16214 0.1152 2.87429
14865 16214 0.118154 2.89095
14865 16214 0.121108 2.90762
14865 16214 0.124061 2.92429
14865 16214 0.127015 2.94095
14865 16214 0.129969 2.95762
14865 16214 0.132923 2.97429
14864 16214 0.135877 2.99095
14864 16214 0.138831 3.00762
14864 16214 0.141784 3.02429
14864 16214 0.144738 3.04095
14863 16214 0.147692 3.05762
14863 16214 0.150646 3.07429
14861 16214 0.1536 3.09095
14861 16214 0.156554 3.10762
14861 16214 0.159508 3.12428
14861 16214 0.162461 3.14095
14861 16214 0.165415 3.15762
14860 16214 0.168369 3.17428
14860 16214 0.171323 3.19095
14859 16214 0.174277 3.20762
14858 16214 0.177231 3.22428
14855 16214 0.180184 3.24095
14855 16214 0.183138 3.25762
14855 16214 0.186092 3.27428
14853 16214 0.189046 3.29095
14853 16214 0.192 3.30762
14851 16214 0.194954 3.32428
14847 16214 0.197907 3.34095
14843 16214 0.200861 3.35761
14843 16214 0.203815 3.37428
14838 16214 0.206769 3.39095
14835 16214 0.209723 3.40761
14831 16214 0.212677 3.42428
14825 16214 0.215631 3.44095
14822 16214 0.218584 3.45761
14817 16214 0.221538 3.47428
14813 16214 0.224492 3.49095
14811 16214 0.227446 3.50761
14806 16214 0.2304 3.52428
14795 16214 0.233354 3.54095
14793 16214 0.236307 3.55761
14786 16214 0.239261 3.57428
14782 16214 0.242215 3.59094
14774 16214 0.245169 3.60761
14767 16214 0.248123 3.62428
14762 16214 0.251077 3.64094
14755 16214 0.254031 3.65761
14750 16214 0.256984 3.67428
14744 16214 0.259938 3.69094
14739 16214 0.262892 3.70761
14731 16214 0.265846 3.72428
14718 16214 0.2688 3.74094
14709 16214 0.271754 3.75761
14701 16214 0.274708 3.77427
14695 16214 0.277661 3.79094
14686 16214 0.280615 3.80761
14680 16214 0.283569 3.82427
14672 16214 0.286523 3.84094
14660 16214 0.289477 3.85761
14650 16214 0.292431 3.87427
14641 16214 0.295385 3.89094
14634 16214 0.298338 3.90761
14624 16214 0.301292 3.92427
14616 16214 0.304246 3.94094
14607 16214 0.3072 3.95761
14599 16214 0.310154 3.97427
14590 16214 0.313108 3.99094
14581 16214 0.316062 4.0076
14572 16214 0.319015 4.02427
14565 16214 0.321969 4.04094
14555 16214 0.324923 4.0576
14546 16214 0.327877 4.07427
14534 16214 0.330831 4.09094
14526 16214 0.333785 4.1076
14518 16214 0.336739 4.12427
14507 16214 0.339692 4.14094
14505 16214 0.342646 4.1576
14493 16214 0.3456 4.17427
14482 16214 0.348554 4.19094
14474 16214 0.351508 4.2076
14463 16214 0.354462 4.22427
14449 16214 0.357416 4.24093
14441 16214 0.360369 4.2576
14434 16214 0.363323 4.27427
14422 16214 0.366277 4.29093
14414 16214 0.369231 4.3076
14403 16214 0.372185 4.32427
14395 16214 0.375139 4.34093
14390 16214 0.378093 4.3576
14379 16214 0.381046 4.37427
14364 16214 0.384 4.39093
14357 16214 0.386954 4.4076
14343 16214 0.389908 4.42426
14332 16214 0.392862 4.44093
14322 16214 0.395816 4.4576
14314 16214 0.39877 4.47426
14302 16214 0.401723 4.49093
14291 16214 0.404677 4.5076
14285 16214 0.407631 4.52426
14274 16214 0.410585 4.54093
14263 16214 0.413539 4.5576
14253 16214 0.416493 4.57426
14238 16214 0.419447 4.59093
14226 16214 0.4224 4.6076
14218 16214 0.425354 4.62426
14212 16214 0.428308 4.64093
14198 16214 0.431262 4.65759
14190 16214 0.434216 4.67426
14179 16214 0.43717 4.69093
14166 16214 0.440124 4.70759
14154 16214 0.443077 4.72426
14147 16214 0.446031 4.74093
14138 16214 0.448985 4.75759
14123 16214 0.451939 4.77426
14117 16214 0.454893 4.79093
14105 16214 0.457847 4.80759
14093 16214 0.460801 4.82426
14082 16214 0.463754 4.84093
14072 16214 0.466708 4.85759
14059 16214 0.469662 4.87426
14048 16214 0.472616 4.89092
14039 16214 0.47557 4.90759
14029 16214 0.478524 4.92426
14013 16214 0.481478 4.94092
14007 16214 0.484431 4.95759
13995 16214 0.487385 4.97426
13979 16214 0.490339 4.99092
13968 16214 0.493293 5.00759
13959 16214 0.496247 5.02426
13949 16214 0.499201 5.04092
13936 16214 0.502155 5.05759
13927 16214 0.505108 5.07425
13913 16214 0.508062 5.09092
13902 16214 0.511016 5.10759
13892 16214 0.51397 5.12425
13880 16214 0.516924 5.14092
13868 16214 0.519877 5.15759
13859 16214 0.522831 5.17425
13840 16214 0.525785 5.19092
13829 16214 0.528739 5.20759
13816 16214 0.531693 5.22425
13807 16214 0.534647 5.24092
13796 16214 0.5376 5.25759
13783 16214 0.540554 5.27425
13773 16214 0.543508 5.29092
13762 16214 0.546462 5.30758
13751 16214 0.549416 5.32425
13735 16214 0.55237 5.34092
13727 16214 0.555323 5.35758
13711 16214 0.558277 5.37425
13700 16214 0.561231 5.39092
13688 16214 0.564185 5.40758
13680 16214 0.567139 5.42425
13665 16214 0.570093 5.44092
13650 16214 0.573046 5.45758
13637 16214 0.576 5.47425
13626 16214 0.578954 5.49092
13613 16214 0.581908 5.50758
13602 16214 0.584862 5.52425
13590 16214 0.587816 5.54091
13579 16214 0.590769 5.55758
13564 16214 0.593723 5.57425
13549 16214 0.596677 5.59091
13535 16214 0.599631 5.60758
13524 16214 0.602585 5.62425
13508 16214 0.605538 5.64091
13497 16214 0.608492 5.65758
13483 16214 0.611446 5.67425
13471 16214 0.6144 5.69091
13451 16214 0.617354 5.70758
13436 16214 0.620308 5.72425
13426 16214 0.623261 5.74091
13411 16214 0.626215 5.75758
13395 16214 0.629169 5.77424
13386 16214 0.632123 5.79091
13375 16214 0.635077 5.80758
13356 16214 0.638031 5.82424
13342 16214 0.640984 5.84091
13329 16214 0.643938 5.85758
13312 16214 0.646892 5.87424
13304 16214 0.649846 5.89091
13291 16214 0.6528 5.90758
13277 16214 0.655754 5.92424
13261 16214 0.658707 5.94091
13249 16214 0.661661 5.95757
13234 16214 0.664615 5.97424
13220 16214 0.667569 5.99091
13205 16214 0.670523 6.00757
13189 16214 0.673477 6.02424
13174 16214 0.67643 6.04091
13159 16214 0.679384 6.05757
13148 16214 0.682338 6.07424
13134 16214 0.685292 6.09091
13117 16214 0.688246 6.10757
13104 16214 0.691199 6.12424
13091 16214 0.694153 6.14091
13073 16214 0.697107 6.15757
13059 16214 0.700061 6.17424
13047 16214 0.703015 6.1909
13034 16214 0.705969 6.20757
13015 16214 0.708922 6.22424
13004 16214 0.711876 6.2409
12990 16214 0.71483 6.25757
12972 16214 0.717784 6.27424
12958 16214 0.720738 6.2909
12944 16214 0.723692 6.30757
12927 16214 0.726645 6.32424
12917 16214 0.729599 6.3409
12899 16214 0.732553 6.35757
12887 16214 0.735507 6.37424
12870 16214 0.738461 6.3909
12852 16214 0.741415 6.40757
12844 16214 0.744368 6.42423
12822 16214 0.747322 6.4409
12810 16214 0.750276 6.45757
12791 16214 0.75323 6.47423
12777 16214 0.756184 6.4909
12762 16214 0.759138 6.50757
12747 16214 0.762091 6.52423
12731 16214 0.765045 6.5409
12720 16214 0.767999 6.55757
12704 16214 0.770953 6.57423
12685 16214 0.773907 6.5909
12670 16214 0.77686 6.60756
12656 16214 0.779814 6.62423
12644 16214 0.782768 6.6409
12621 16214 0.785722 6.65756
12605 16214 0.788676 6.67423
12589 16214 0.79163 6.6909
12571 16214 0.794583 6.70756
12554 16214 0.797537 6.72423
12536 16214 0.800491 6.7409
12519 16214 0.803445 6.75756
12506 16214 0.806399 6.77423
12492 16214 0.809353 6.7909
12471 16214 0.812306 6.80756
12461 16214 0.81526 6.82423
12441 16214 0.818214 6.84089
12423 16214 0.821168 6.85756
12407 16214 0.824122 6.87423
12385 16214 0.827076 6.89089
12375 16214 0.830029 6.90756
12358 16214 0.832983 6.92423
12339 16214 0.835937 6.94089
12319 16214 0.838891 6.95756
12302 16214 0.841845 6.97423
12290 16214 0.844799 6.99089
12268 16214 0.847752 7.00756
12248 16214 0.850706 7.02423
12237 16214 0.85366 7.04089
12215 16214 0.856614 7.05756
12192 16214 0.859568 7.07422
12180 16214 0.862521 7.09089
12165 16214 0.865475 7.10756
12141 16214 0.868429 7.12422
12126 16214 0.871383 7.14089
12110 16214 0.874337 7.15756
12087 16214 0.877291 7.17422
12071 16214 0.880244 7.19089
12058 16214 0.883198 7.20756
12040 16214 0.886152 7.22422
12020 16214 0.889106 7.24089
12001 16214 0.89206 7.25756
11980 16214 0.895014 7.27422
11962 16214 0.897967 7.29089
11947 16214 0.900921 7.30755
11927 16214 0.903875 7.32422
11908 16214 0.906829 7.34089
11886 16214 0.909783 7.35755
11868 16214 0.912737 7.37422
11842 16214 0.91569 7.39089
11823 16214 0.918644 7.40755
11812 16214 0.921598 7.42422
11793 16214 0.924552 7.44089
11767 16214 0.927506 7.45755
11751 16214 0.930459 7.47422
11728 16214 0.933413 7.49088
11710 16214 0.936367 7.50755
11695 16214 0.939321 7.52422
11675 16214 0.942275 7.54088
11649 16214 0.945229 7.55755
11627 16214 0.948182 7.57422
11608 16214 0.951136 7.59088
11587 16214 0.95409 7.60755
11568 16214 0.957044 7.62422
11544 16214 0.959998 7.64088
11528 16214 0.962952 7.65755
11503 16214 0.965905 7.67422
11483 16214 0.968859 7.69088
11463 16214 0.971813 7.70755
11439 16214 0.974767 7.72421
11420 16214 0.977721 7.74088
11399 16214 0.980675 7.75755
11378 16214 0.983628 7.77421
11357 16214 0.986582 7.79088
11337 16214 0.989536 7.80755
11312 16214 0.99249 7.82421
11296 16214 0.995444 7.84088
11269 16214 0.998398 7.85755
11247 16214 1.00135 7.87421
11225 16214 1.00431 7.89088
11206 16214 1.00726 7.90755
11186 16214 1.01021 7.92421
11156 16214 1.01317 7.94088
11136 16214 1.01612 7.95754
11110 16214 1.01907 7.97421
11090 16214 1.02203 7.99088
11068 16214 1.02498 8.00754
11046 16214 1.02794 8.02421
11021 16214 1.03089 8.04088
11000 16214 1.03384 8.05754
10965 16214 1.0368 8.07421
10947 16214 1.03975 8.09088
10924 16214 1.04271 8.10754
10899 16214 1.04566 8.12421
10878 16214 1.04861 8.14087
10852 16214 1.05157 8.15754
10829 16214 1.05452 8.17421
10806 16214 1.05748 8.19087
10779 16214 1.06043 8.20754
10754 16214 1.06338 8.22421
10728 16214 1.06634 8.24087
10701 16214 1.06929 8.25754
10673 16214 1.07224 8.27421
10652 16214 1.0752 8.29087
10621 16214 1.07815 8.30754
10597 16214 1.08111 8.32421
10572 16214 1.08406 8.34087
10546 16214 1.08701 8.35754
10522 16214 1.08997 8.3742
10498 16214 1.09292 8.39087
10471 16214 1.09588 8.40754
10443 16214 1.09883 8.4242
10422 16214 1.10178 8.44087
10392 16214 1.10474 8.45754
10359 16214 1.10769 8.4742
10334 16214 1.11065 8.49087
10306 16214 1.1136 8.50754
10278 16214 1.11655 8.5242
10251 16214 1.11951 8.54087
10222 16214 1.12246 8.55754
10196 16214 1.12541 8.5742
10171 16214 1.12837 8.59087
10141 16214 1.13132 8.60753
10112 16214 1.13428 8.6242
10084 16214 1.13723 8.64087
10053 16214 1.14018 8.65753
10022 16214 1.14314 8.6742
9996 16214 1.14609 8.69087
9967 16214 1.14905 8.70753
9933 16214 1.152 8.7242
9902 16214 1.15495 8.74087
9866 16214 1.15791 8.75753
9838 16214 1.16086 8.7742
9800 16214 1.16382 8.79086
9770 16214 1.16677 8.80753
9740 16214 1.16972 8.8242
9711 16214 1.17268 8.84086
9676 16214 1.17563 8.85753
9636 16214 1.17858 8.8742
9603 16214 1.18154 8.89086
9568 16214 1.18449 8.90753
9540 16214 1.18745 8.9242
9504 16214 1.1904 8.94086
9464 16214 1.19335 8.95753
9437 16214 1.19631 8.9742
9405 16214 1.19926 8.99086
9363 16214 1.20222 9.00753
9325 16214 1.20517 9.02419
9293 16214 1.20812 9.04086
9259 16214 1.21108 9.05753
9227 16214 1.21403 9.07419
9187 16214 1.21699 9.09086
9151 16214 1.21994 9.10753
9114 16214 1.22289 9.12419
9077 16214 1.22585 9.14086
9043 16214 1.2288 9.15753
9007 16214 1.23175 9.17419
8972 16214 1.23471 9.19086
8930 16214 1.23766 9.20753
8902 16214 1.24062 9.22419
8859 16214 1.24357 9.24086
8822 16214 1.24652 9.25752
8777 16214 1.24948 9.27419
8746 16214 1.25243 9.29086
8704 16214 1.25243 9.30752
8668 16214 1.25243 9.32419
8632 16214 1.25243 9.34086
8586 16214 1.25243 9.35752
8554 16214 1.25243 9.37419
8514 16214 1.25243 9.39086
8466 16214 1.25243 9.40752
8434 16214 1.25243 9.42419
8395 16214 1.25243 9.44086
8349 16214 1.25243 9.45752
8310 16214 1.25243 9.47419
8275 16214 1.25243 9.49085
8236 16214 1.25243 9.50752
8201 16214 1.25243 9.52419
8156 16214 1.25243 9.54085
8114 16214 1.25243 9.55752
8083 16214 1.25243 9.57419
8036 16214 1.25243 9.59085
8000 16214 1.25243 9.60752
7962 16214 1.25243 9.62419
7919 16214 1.25243 9.64085
7883 16214 1.25243 9.65752
7844 16214 1.25243 9.67418
7800 16214 1.25243 9.69085
7755 16214 1.25243 9.70752
7715 16214 1.25243 9.72418
7679 16214 1.25243 9.74085
7635 16214 1.25243 9.75752
7595 16214 1.25243 9.77418
7553 16214 1.25243 9.79085
7513 16214 1.25243 9.80752
7476 16214 1.25243 9.82418
7429 16214 1.25243 9.84085
7386 16214 1.25243 9.85752
7345 16214 1.25243 9.87418
7312 16214 1.25243 9.89085
7273 16214 1.25243 9.90751
7231 16214 1.25243 9.92418
7190 16214 1.25243 9.94085
7157 16214 1.25243 9.95751
7117 16214 1.25243 9.97418
7079 16214 1.25243 9.99085
7045 16214 1.25243 10.0075
7002 16214 1.25243 10.0242
6975 16214 1.25243 10.0408
6943 16214 1.25243 10.0575
6905 16214 1.25243 10.0742
6879 16214 1.25243 10.0908
6842 16214 1.25243 10.1075
6807 16214 1.25243 10.1242
6777 16214 1.25243 10.1408
6738 16214 1.25243 10.1575
6717 16214 1.25243 10.1742
6684 16214 1.25243 10.1908
6658 16214 1.25243 10.2075
6628 16214 1.25243 10.2242
6603 16214 1.25243 10.2408
6574 16214 1.25243 10.2575
6546 16214 1.25243 10.2742
6521 16214 1.25243 10.2908
6498 16214 1.25243 10.3075
6475 16214 1.25243 10.3242
6454 16214 1.25243 10.3408
6432 16214 1.25243 10.3575
6406 16214 1.25243 10.3742
6393 16214 1.25243 10.3908
6370 16214 1.25243 10.4075
6346 16214 1.25243 10.4242
6326 16214 1.25243 10.4408
6311 16214 1.25243 10.4575
6289 16214 1.25243 10.4742
6274 16214 1.25243 10.4908
6254 16214 1.25243 10.5075
6236 16214 1.25243 10.5242
6217 16214 1.25243 10.5408
6197 16214 1.25243 10.5575
6179 16214 1.25243 10.5742
6167 16214 1.25243 10.5908
6155 16214 1.25243 10.6075
6135 16214 1.25243 10.6242
6118 16214 1.25243 10.6408
6101 16214 1.25243 10.6575
6084 16214 1.25243 10.6742
6073 16214 1.25243 10.6908
6055 16214 1.25243 10.7075
6038 16214 1.25243 10.7242
6023 16214 1.25243 10.7408
6014 16214 1.25243 10.7575
6000 16214 1.25243 10.7742
5982 16214 1.25243 10.7908
5972 16214 1.25243 10.8075
5961 16214 1.25243 10.8242
5944 16214 1.25243 10.8408
5932 16214 1.25243 10.8575
5920 16214 1.25243 10.8742
5907 16214 1.25243 10.8908
5897 16214 1.25243 10.9075
5888 16214 1.25243 10.9242
5876 16214 1.25243 10.9408
5861 16214 1.25243 10.9575
5853 16214 1.25243 10.9742
5839 16214 1.25243 10.9908
5828 16214 1.25243 11.0075
5820 16214 1.25243 11.0242
5802 16214 1.25243 11.0408
5795 16214 1.25243 11.0575
5784 16214 1.25243 11.0742
5771 16214 1.25243 11.0908
5762 16214 1.25243 11.1075
5757 16214 1.25243 11.1242
5741 16214 1.25243 11.1408
5735 16214 1.25243 11.1575
5722 16214 1.25243 11.1742
5714 16214 1.25243 11.1908
5709 16214 1.25243 11.2075
5698 16214 1.25243 11.2242
5687 16214 1.25243 11.2408
5677 16214 1.25243 11.2575
5670 16214 1.25243 11.2742
5662 16214 1.25243 11.2908
5651 16214 1.25243 11.3075
5641 16214 1.25243 11.3242
5633 16214 1.25243 11.3408
5625 16214 1.25243 11.3575
5616 16214 1.25243 11.3742
5608 16214 1.25243 11.3908
5599 16214 1.25243 11.4075
5593 16214 1.25243 11.4242
5585 16214 1.25243 11.4408
5576 16214 1.25243 11.4575
5569 16214 1.25243 11.4742
5565 16214 1.25243 11.4908
5558 16214 1.25243 11.5075
5546 16214 1.25243 11.5242
5541 16214 1.25243 11.5408
5534 16214 1.25243 11.5575
5528 16214 1.25243 11.5742
5519 16214 1.25243 11.5908
5514 16214 1.25243 11.6075
5505 16214 1.25243 11.6242
5498 16214 1.25243 11.6408
5493 16214 1.25243 11.6575
5485 16214 1.25243 11.6742
5481 16214 1.25243 11.6908
5476 16214 1.25243 11.7075
5467 16214 1.25243 11.7242
5463 16214 1.25243 11.7408
5455 16214 1.25243 11.7575
5448 16214 1.25243 11.7742
5443 16214 1.25243 11.7908
5437 16214 1.25243 11.8075
5434 16214 1.25243 11.8242
5427 16214 1.25243 11.8408
5419 16214 1.25243 11.8575
5413 16214 1.25243 11.8742
5410 16214 1.25243 11.8908
5403 16214 1.25243 11.9075
5397 16214 1.25243 11.9242
5392 16214 1.25243 11.9408
5385 16214 1.25243 11.9575
5380 16214 1.25243 11.9741
5376 16214 1.25243 11.9908
5372 16214 1.25243 12.0075
5364 16214 1.25243 12.0241
5360 16214 1.25243 12.0408
5355 16214 1.25243 12.0575
5351 16214 1.25243 12.0741
5345 16214 1.25243 12.0908
5338 16214 1.25243 12.1075
5335 16214 1.25243 12.1241
5331 16214 1.25243 12.1408
5327 16214 1.25243 12.1575
5323 16214 1.25243 12.1741
5317 16214 1.25243 12.1908
5312 16214 1.25243 12.2075
5308 16214 1.25243 12.2241
5305 16214 1.25243 12.2408
5301 16214 1.25243 12.2575
5296 16214 1.25243 12.2741
5292 16214 1.25243 12.2908
5287 16214 1.25243 12.3075
5285 16214 1.25243 12.3241
5280 16214 1.25243 12.3408
5276 16214 1.25243 12.3575
5273 16214 1.25243 12.3741
5266 16214 1.25243 12.3908
5264 16214 1.25243 12.4075
5256 16214 1.25243 12.4241
5254 16214 1.25243 12.4408
5250 16214 1.25243 12.4575
5246 16214 1.25243 12.4741
5243 16214 1.25243 12.4908
5237 16214 1.25243 12.5075
5233 16214 1.25243 12.5241
5232 16214 1.25243 12.5408
5228 16214 1.25243 12.5575
5224 16214 1.25243 12.5741
5220 16214 1.25243 12.5908
5217 16214 1.25243 12.6075
5212 16214 1.25243 12.6241
5211 16214 1.25243 12.6408
5208 16214 1.25243 12.6575
5204 16214 1.25243 12.6741
5201 16214 1.25243 12.6908
5196 16214 1.25243 12.7075
5193 16214 1.25243 12.7241
5191 16214 1.25243 12.7408
5183 16214 1.25243 12.7575
5181 16214 1.25243 12.7741
5180 16214 1.25243 12.7908
5176 16214 1.25243 12.8075
5171 16214 1.25243 12.8241
5168 16214 1.25243 12.8408
5164 16214 1.25243 12.8575
5161 16214 1.25243 12.8741
5158 16214 1.25243 12.8908
5155 16214 1.25243 12.9075
5151 16214 1.25243 12.9241
5151 16214 1.25243 12.9408
5145 16214 1.25243 12.9575
5142 16214 1.25243 12.9741
5139 16214 1.25243 12.9908
5137 16214 1.25243 13.0075
5135 16214 1.25243 13.0241
5129 16214 1.25243 13.0408
5128 16214 1.25243 13.0575
5126 16214 1.25243 13.0741
5122 16214 1.25243 13.0908
5118 16214 1.25243 13.1075
5116 16214 1.25243 13.1241
5113 16214 1.25243 13.1408
5110 16214 1.25243 13.1575
5107 16214 1.25243 13.1741
5105 16214 1.25243 13.1908
5101 16214 1.25243 13.2075
5100 16214 1.25243 13.2241
5096 16214 1.25243 13.2408
5092 16214 1.25243 13.2575
5091 16214 1.25243 13.2741
5087 16214 1.25243 13.2908
5083 16214 1.25243 13.3075
5083 16214 1.25243 13.3241
5081 16214 1.25243 13.3408
5078 16214 1.25243 13.3575
5075 16214 1.25243 13.3741
5073 16214 1.25243 13.3908
5072 16214 1.25243 13.4075
5068 16214 1.25243 13.4241
5065 16214 1.25243 13.4408
5063 16214 1.25243 13.4575
5061 16214 1.25243 13.4741
5059 16214 1.25243 13.4908
5056 16214 1.25243 13.5075
5055 16214 1.25243 13.5241
5051 16214 1.25243 13.5408
5049 16214 1.25243 13.5575
5048 16214 1.25243 13.5741
5045 16214 1.25243 13.5908
5043 16214 1.25243 13.6075
5039 16214 1.25243 13.6241
5038 16214 1.25243 13.6408
5036 16214 1.25243 13.6575
5033 16214 1.25243 13.6741
5032 16214 1.25243 13.6908
5030 16214 1.25243 13.7075
5027 16214 1.25243 13.7241
5024 16214 1.25243 13.7408
5023 16214 1.25243 13.7575
5020 16214 1.25243 13.7741
5019 16214 1.25243 13.7908
5016 16214 1.25243 13.8075
5015 16214 1.25243 13.8241
5013 16214 1.25243 13.8408
5011 16214 1.25243 13.8575
5006 16214 1.25243 13.8741
5006 16214 1.25243 13.8908
5005 16214 1.25243 13.9075
5001 16214 1.25243 13.9241
4999 16214 1.25243 13.9408
4999 16214 1.25243 13.9575
4996 16214 1.25243 13.9741
4993 16214 1.25243 13.9908
4992 16214 1.25243 14.0075
4992 16214 1.25243 14.0241
4989 16214 1.25243 14.0408
4987 16214 1.25243 14.0575
4985 16214 1.25243 14.0741
4983 16214 1.25243 14.0908
4982 16214 1.25243 14.1075
4979 16214 1.25243 14.1241
4978 16214 1.25243 14.1408
4978 16214 1.25243 14.1574
4974 16214 1.25243 14.1741
4972 16214 1.25243 14.1908
4970 16214 1.25243 14.2074
4968 16214 1.25243 14.2241
4966 16214 1.25243 14.2408
4965 16214 1.25243 14.2574
4964 16214 1.25243 14.2741
4963 16214 1.25243 14.2908
4960 16214 1.25243 14.3074
4958 16214 1.25243 14.3241
4957 16214 1.25243 14.3408
4956 16214 1.25243 14.3574
4954 16214 1.25243 14.3741
4951 16214 1.25243 14.3908
4951 16214 1.25243 14.4074
4951 16214 1.25243 14.4241
4947 16214 1.25243 14.4408
4945 16214 1.25243 14.4574
4944 16214 1.25243 14.4741
4944 16214 1.25243 14.4908
4942 16214 1.25243 14.5074
4940 16214 1.25243 14.5241
4937 16214 1.25243 14.5408
4937 16214 1.25243 14.5574
4937 16214 1.25243 14.5741
4935 16214 1.25243 14.5908
4934 16214 1.25243 14.6074
4933 16214 1.25243 14.6241
4931 16214 1.25243 14.6408
4928 16214 1.25243 14.6574
4927 16214 1.25243 14.6741
4926 16214 1.25243 14.6908
4923 16214 1.25243 14.7074
4922 16214 1.25243 14.7241
4922 16214 1.25243 14.7408
4920 16214 1.25243 14.7574
4920 16214 1.25243 14.7741
4918 16214 1.25243 14.7908
4917 16214 1.25243 14.8074
4917 16214 1.25243 14.8241
4916 16214 1.25243 14.8408
4914 16214 1.25243 14.8574
4912 16214 1.25243 14.8741
4912 16214 1.25243 14.8908
4912 16214 1.25243 14.9074
4908 16214 1.25243 14.9241
4907 16214 1.25243 14.9408
4907 16214 1.25243 14.9574
4906 16214 1.25243 14.9741
4905 16214 1.25243 14.9908
4904 16214 1.25243 15.0074
4902 16214 1.25243 15.0241
4901 16214 1.25243 15.0408
4899 16214 1.25243 15.0574
4898 16214 1.25243 15.0741
4897 16214 1.25243 15.0908
4895 16214 1.25243 15.1074
4894 16214 1.25243 15.1241
4893 16214 1.25243 15.1408
4892 16214 1.25243 15.1574
4890 16214 1.25243 15.1741
4889 16214 1.25243 15.1908
4888 16214 1.25243 15.2074
4886 16214 1.25243 15.2241
4884 16214 1.25243 15.2408
4884 16214 1.25243 15.2574
4882 16214 1.25243 15.2741
4882 16214 1.25243 15.2908
4880 16214 1.25243 15.3074
4878 16214 1.25243 15.3241
4877 16214 1.25243 15.3408
4877 16214 1.25243 15.3574
4874 16214 1.25243 15.3741
4873 16214 1.25243 15.3908
4873 16214 1.25243 15.4074
4873 16214 1.25243 15.4241
4872 16214 1.25243 15.4408
4869 16214 1.25243 15.4574
4868 16214 1.25243 15.4741
4867 16214 1.25243 15.4908
4866 16214 1.25243 15.5074
4865 16214 1.25243 15.5241
4864 16214 1.25243 15.5408
4863 16214 1.25243 15.5574
4863 16214 1.25243 15.5741
4863 16214 1.25243 15.5908
4862 16214 1.25243 15.6074
4861 16214 1.25243 15.6241
4859 16214 1.25243 15.6408
4858 16214 1.25243 15.6574
4858 16214 1.25243 15.6741
4857 16214 1.25243 15.6908
4853 16214 1.25243 15.7074
4852 16214 1.25243 15.7241
4852 16214 1.25243 15.7408
4851 16214 1.25243 15.7574
4850 16214 1.25243 15.7741
4848 16214 1.25243 15.7908
4848 16214 1.25243 15.8074
4847 16214 1.25243 15.8241
4845 16214 1.25243 15.8408
4845 16214 1.25243 15.8574
4843 16214 1.25243 15.8741
4843 16214 1.25243 15.8908
4843 16214 1.25243 15.9074
4842 16214 1.25243 15.9241
4841 16214 1.25243 15.9408
4840 16214 1.25243 15.9574
4839 16214 1.25243 15.9741
4837 16214 1.25243 15.9908
4837 16214 1.25243 16.0074
4837 16214 1.25243 16.0241
4837 16214 1.25243 16.0408
4835 16214 1.25243 16.0574
4835 16214 1.25243 16.0741
4833 16214 1.25243 16.0908
4832 16214 1.25243 16.1074
4832 16214 1.25243 16.1241
4831 16214 1.25243 16.1408
4830 16214 1.25243 16.1574
4830 16214 1.25243 16.1741
4829 16214 1.25243 16.1908
4827 16214 1.25243 16.2074
4827 16214 1.25243 16.2241
4827 16214 1.25243 16.2408
4825 16214 1.25243 16.2574
4825 16214 1.25243 16.2741
4825 16214 1.25243 16.2908
4823 16214 1.25243 16.3074
4823 16214 1.25243 16.3241
4823 16214 1.25243 16.3407
4821 16214 1.25243 16.3574
4821 16214 1.25243 16.3741
4821 16214 1.25243 16.3907
4820 16214 1.25243 16.4074
4818 16214 1.25243 16.4241
4818 16214 1.25243 16.4407
4817 16214 1.25243 16.4574
4816 16214 1.25243 16.4741
4814 16214 1.25243 16.4907
4814 16214 1.25243 16.5074
4812 16214 1.25243 16.5241
4811 16214 1.25243 16.5407
4810 16214 1.25243 16.5574
4810 16214 1.25243 16.5741
4810 16214 1.25243 16.5907
4809 16214 1.25243 16.6074
4807 16214 1.25243 16.6241
4807 16214 1.25243 16.6407
4805 16214 1.25243 16.6574
4804 16214 1.25243 16.6741
4804 16214 1.25243 16.6907
4804 16214 1.25243 16.7074
4804 16214 1.25243 16.7241
4803 16214 1.25243 16.7407
4802 16214 1.25243 16.7574
4802 16214 1.25243 16.7741
4801 16214 1.25243 16.7907
4801 16214 1.25243 16.8074
4800 16214 1.25243 16.8241
4800 16214 1.25243 16.8407
4799 16214 1.25243 16.8574
4798 16214 1.25243 16.8741
4798 16214 1.25243 16.8907
4798 16214 1.25243 16.9074
4797 16214 1.25243 16.9241
4797 16214 1.25243 16.9407
4796 16214 1.25243 16.9574
4794 16214 1.25243 16.9741
4794 16214 1.25243 16.9907
4794 16214 1.25243 17.0074
4794 16214 1.25243 17.0241
4792 16214 1.25243 17.0407
4792 16214 1.25243 17.0574
4791 16214 1.25243 17.0741
4791 16214 1.25243 17.0907
4791 16214 1.25243 17.1074
4790 16214 1.25243 17.1241
4789 16214 1.25243 17.1407
4788 16214 1.25243 17.1574
4788 16214 1.25243 17.1741
4787 16214 1.25243 17.1907
4787 16214 1.25243 17.2074
4787 16214 1.25243 17.2241
4787 16214 1.25243 17.2407
4786 16214 1.25243 17.2574
4786 16214 1.25243 17.2741
4784 16214 1.25243 17.2907
4783 16214 1.25243 17.3074
4783 16214 1.25243 17.3241
4781 16214 1.25243 17.3407
4780 16214 1.25243 17.3574
4780 16214 1.25243 17.3741
4780 16214 1.25243 17.3907
4779 16214 1.25243 17.4074
4779 16214 1.25243 17.4241
4777 16214 1.25243 17.4407
4777 16214 1.25243 17.4574
4777 16214 1.25243 17.4741
4776 16214 1.25243 17.4907
4775 16214 1.25243 17.5074
4775 16214 1.25243 17.5241
4774 16214 1.25243 17.5407
4773 16214 1.25243 17.5574
4773 16214 1.25243 17.5741
4772 16214 1.25243 17.5907
4771 16214 1.25243 17.6074
4771 16214 1.25243 17.6241
4771 16214 1.25243 17.6407
4771 16214 1.25243 17.6574
4771 16214 1.25243 17.6741
4771 16214 1.25243 17.6907
4770 16214 1.25243 17.7074
4769 16214 1.25243 17.7241
4769 16214 1.25243 17.7407
4768 16214 1.25243 17.7574
4768 16214 1.25243 17.7741
4768 16214 1.25243 17.7907
4767 16214 1.25243 17.8074
4767 16214 1.25243 17.8241
4767 16214 1.25243 17.8407
4766 16214 1.25243 17.8574
4765 16214 1.25243 17.8741
4764 16214 1.25243 17.8907
4764 16214 1.25243 17.9074
4763 16214 1.25243 17.9241
4763 16214 1.25243 17.9407
4762 16214 1.25243 17.9574
4762 16214 1.25243 17.9741
4762 16214 1.25243 17.9907
4762 16214 1.25243 18.0074
4761 16214 1.25243 18.0241
4761 16214 1.25243 18.0407
4761 16214 1.25243 18.0574
4761 16214 1.25243 18.0741
4760 16214 1.25243 18.0907
4760 16214 1.25243 18.1074
4760 16214 1.25243 18.1241
4760 16214 1.25243 18.1407
4759 16214 1.25243 18.1574
4758 16214 1.25243 18.1741
4757 16214 1.25243 18.1907
4757 16214 1.25243 18.2074
4757 16214 1.25243 18.2241
4757 16214 1.25243 18.2407
4757 16214 1.25243 18.2574
4755 16214 1.25243 18.2741
4754 16214 1.25243 18.2907
4754 16214 1.25243 18.3074
4753 16214 1.25243 18.3241
4753 16214 1.25243 18.3407
4751 16214 1.25243 18.3574
4751 16214 1.25243 18.3741
4751 16214 1.25243 18.3907
4751 16214 1.25243 18.4074
4750 16214 1.25243 18.4241
4750 16214 1.25243 18.4407
4750 16214 1.25243 18.4574
4750 16214 1.25243 18.4741
4749 16214 1.25243 18.4907
4749 16214 1.25243 18.5074
4749 16214 1.25243 18.524
4748 16214 1.25243 18.5407
4746 16214 1.25243 18.5574
4746 16214 1.25243 18.574
4746 16214 1.25243 18.5907
4746 16214 1.25243 18.6074
4744 16214 1.25243 18.624
4742 16214 1.25243 18.6407
4742 16214 1.25243 18.6574
4742 16214 1.25243 18.674
4742 16214 1.25243 18.6907
4741 16214 1.25243 18.7074
4741 16214 1.25243 18.724
4741 16214 1.25243 18.7407
4741 16214 1.25243 18.7574
4741 16214 1.25243 18.774
4741 16214 1.25243 18.7907
4741 16214 1.25243 18.8074
4741 16214 1.25243 18.824
4741 16214 1.25243 18.8407
4740 16214 1.25243 18.8574
4739 16214 1.25243 18.874
4739 16214 1.25243 18.8907
4739 16214 1.25243 18.9074
4737 16214 1.25243 18.924
4737 16214 1.25243 18.9407
4737 16214 1.25243 18.9574
4737 16214 1.25243 18.974
4737 16214 1.25243 18.9907
4737 16214 1.25243 19.0074
4736 16214 1.25243 19.024
4735 16214 1.25243 19.0407
4735 16214 1.25243 19.0574
4734 16214 1.25243 19.074
4734 16214 1.25243 19.0907
4734 16214 1.25243 19.1074
4733 16214 1.25243 19.124
4733 16214 1.25243 19.1407
4733 16214 1.25243 19.1574
4732 16214 1.25243 19.174
4732 16214 1.25243 19.1907
4732 16214 1.25243 19.2074
4731 16214 1.25243 19.224
4730 16214 1.25243 19.2407
4730 16214 1.25243 19.2574
4730 16214 1.25243 19.274
4730 16214 1.25243 19.2907
4730 16214 1.25243 19.3074
4730 16214 1.25243 19.324
4730 16214 1.25243 19.3407
4729 16214 1.25243 19.3574
4729 16214 1.25243 19.374
4728 16214 1.25243 19.3907
4728 16214 1.25243 19.4074
4728 16214 1.25243 19.424
4728 16214 1.25243 19.4407
4728 16214 1.25243 19.4574
4726 16214 1.25243 19.474
4726 16214 1.25243 19.4907
4726 16214 1.25243 19.5074
4725 16214 1.25243 19.524
4725 16214 1.25243 19.5407
4725 16214 1.25243 19.5574
4725 16214 1.25243 19.574
4724 16214 1.25243 19.5907
4723 16214 1.25243 19.6074
4723 16214 1.25243 19.624
4723 16214 1.25243 19.6407
4723 16214 1.25243 19.6574
4723 16214 1.25243 19.674
4723 16214 1.25243 19.6907
4721 16214 1.25243 19.7074
4721 16214 1.25243 19.724
4721 16214 1.25243 19.7407
4721 16214 1.25243 19.7574
4721 16214 1.25243 19.774
4720 16214 1.25243 19.7907
4720 16214 1.25243 19.8074
4720 16214 1.25243 19.824
4720 16214 1.25243 19.8407
4719 16214 1.25243 19.8574
4719 16214 1.25243 19.874
4719 16214 1.25243 19.8907
4718 16214 1.25243 19.9074
4718 16214 1.25243 19.924
4718 16214 1.25243 19.9407
4718 16214 1.25243 19.9574
4718 16214 1.25243 19.974
4716 16214 1.25243 19.9907
4716 16214 1.25243 20.0074
4716 16214 1.25243 20.024
4715 16214 1.25243 20.0407
4715 16214 1.25243 20.0574
4715 16214 1.25243 20.074
4715 16214 1.25243 20.0907
4715 16214 1.25243 20.1074
4715 16214 1.25243 20.124
4715 16214 1.25243 20.1407
4714 16214 1.25243 20.1574
4714 16214 1.25243 20.174
4714 16214 1.25243 20.1907
4713 16214 1.25243 20.2074
4713 16214 1.25243 20.224
4713 16214 1.25243 20.2407
4712 16214 1.25243 20.2574
4712 16214 1.25243 20.274
4712 16214 1.25243 20.2907
4710 16214 1.25243 20.3074
4710 16214 1.25243 20.324
4710 16214 1.25243 20.3407
4709 16214 1.25243 20.3574
4708 16214 1.25243 20.374
4708 16214 1.25243 20.3907
4708 16214 1.25243 20.4074
4708 16214 1.25243 20.424
4707 16214 1.25243 20.4407
4707 16214 1.25243 20.4574
4707 16214 1.25243 20.474
4705 16214 1.25243 20.4907
4705 16214 1.25243 20.5074
4705 16214 1.25243 20.524
4705 16214 1.25243 20.5407
4704 16214 1.25243 20.5574
4704 16214 1.25243 20.574
4704 16214 1.25243 20.5907
4704 16214 1.25243 20.6074
4703 16214 1.25243 20.624
4703 16214 1.25243 20.6407
4703 16214 1.25243 20.6574
4701 16214 1.25243 20.674
4700 16214 1.25243 20.6907
4700 16214 1.25243 20.7073
4700 16214 1.25243 20.724
4700 16214 1.25243 20.7407
4700 16214 1.25243 20.7573
4700 16214 1.25243 20.774
4700 16214 1.25243 20.7907
4700 16214 1.25243 20.8073
4700 16214 1.25243 20.824
4700 16214 1.25243 20.8407
4700 16214 1.25243 20.8573
4699 16214 1.25243 20.874
4699 16214 1.25243 20.8907
4699 16214 1.25243 20.9073
4699 16214 1.25243 20.924
4699 16214 1.25243 20.9407
4698 16214 1.25243 20.9573
4698 16214 1.25243 20.974
4697 16214 1.25243 20.9907
4697 16214 1.25243 21.0073
4697 16214 1.25243 21.024
4696 16214 1.25243 21.0407
4695 16214 1.25243 21.0573
4695 16214 1.25243 21.074
4695 16214 1.25243 21.0907
4695 16214 1.25243 21.1073
4695 16214 1.25243 21.124
4695 16214 1.25243 21.1407
4694 16214 1.25243 21.1573
4694 16214 1.25243 21.174
4694 16214 1.25243 21.1907
4694 16214 1.25243 21.2073
4693 16214 1.25243 21.224
4692 16214 1.25243 21.2407
4692 16214 1.25243 21.2573
4692 16214 1.25243 21.274
4692 16214 1.25243 21.2907
4691 16214 1.25243 21.3073
4691 16214 1.25243 21.324
4691 16214 1.25243 21.3407
4690 16214 1.25243 21.3573
4690 16214 1.25243 21.374
4690 16214 1.25243 21.3907
4690 16214 1.25243 21.4073
4690 16214 1.25243 21.424
4689 16214 1.25243 21.4407
4688 16214 1.25243 21.4573
4688 16214 1.25243 21.474
4688 16214 1.25243 21.4907
4688 16214 1.25243 21.5073
4688 16214 1.25243 21.524
4688 16214 1.25243 21.5407
4688 16214 1.25243 21.5573
4688 16214 1.25243 21.574
4688 16214 1.25243 21.5907
4687 16214 1.25243 21.6073
4687 16214 1.25243 21.624
4687 16214 1.25243 21.6407
4687 16214 1.25243 21.6573
4687 16214 1.25243 21.674
4687 16214 1.25243 21.6907
4686 16214 1.25243 21.7073
4686 16214 1.25243 21.724
4686 16214 1.25243 21.7407
4685 16214 1.25243 21.7573
4685 16214 1.25243 21.774
4685 16214 1.25243 21.7907
4685 16214 1.25243 21.8073
4685 16214 1.25243 21.824
4684 16214 1.25243 21.8407
4684 16214 1.25243 21.8573
4684 16214 1.25243 21.874
4684 16214 1.25243 21.8907
4684 16214 1.25243 21.9073
4684 16214 1.25243 21.924
4682 16214 1.25243 21.9407
4682 16214 1.25243 21.9573
4682 16214 1.25243 21.974
4682 16214 1.25243 21.9907
4682 16214 1.25243 22.0073
4682 16214 1.25243 22.024
4681 16214 1.25243 22.0407
4681 16214 1.25243 22.0573
4680 16214 1.25243 22.074
4680 16214 1.25243 22.0907
4680 16214 1.25243 22.1073
4680 16214 1.25243 22.124
4680 16214 1.25243 22.1407
4680 16214 1.25243 22.1573
4680 16214 1.25243 22.174
4680 16214 1.25243 22.1907
4680 16214 1.25243 22.2073
4680 16214 1.25243 22.224
4680 16214 1.25243 22.2407
4679 16214 1.25243 22.2573
4679 16214 1.25243 22.274
4679 16214 1.25243 22.2907
4678 16214 1.25243 22.3073
4678 16214 1.25243 22.324
4678 16214 1.25243 22.3407
4678 16214 1.25243 22.3573
4678 16214 1.25243 22.374
4678 16214 1.25243 22.3907
4678 16214 1.25243 22.4073
4678 16214 1.25243 22.424
4678 16214 1.25243 22.4407
4678 16214 1.25243 22.4573
4677 16214 1.25243 22.474
4677 16214 1.25243 22.4907
4677 16214 1.25243 22.5073
4677 16214 1.25243 22.524
4676 16214 1.25243 22.5407
4675 16214 1.25243 22.5573
4675 16214 1.25243 22.574
4674 16214 1.25243 22.5907
4673 16214 1.25243 22.6073
4673 16214 1.25243 22.624
4673 16214 1.25243 22.6407
4673 16214 1.25243 22.6573
4673 16214 1.25243 22.674
4673 16214 1.25243 22.6907
4673 16214 1.25243 22.7073
4673 16214 1.25243 22.724
4672 16214 1.25243 22.7407
4672 16214 1.25243 22.7573
4672 16214 1.25243 22.774
4672 16214 1.25243 22.7907
4672 16214 1.25243 22.8073
4672 16214 1.25243 22.824
4672 16214 1.25243 22.8407
4672 16214 1.25243 22.8573
4672 16214 1.25243 22.874
4672 16214 1.25243 22.8906
4671 16214 1.25243 22.9073
4670 16214 1.25243 22.924
4669 16214 1.25243 22.9406
4669 16214 1.25243 22.9573
4669 16214 1.25243 22.974
4668 16214 1.25243 22.9906
4668 16214 1.25243 23.0073
4667 16214 1.25243 23.024
4667 16214 1.25243 23.0406
4667 16214 1.25243 23.0573
4667 16214 1.25243 23.074
4667 16214 1.25243 23.0906
4666 16214 1.25243 23.1073
4666 16214 1.25243 23.124
4666 16214 1.25243 23.1406
4666 16214 1.25243 23.1573
4666 16214 1.25243 23.174
4666 16214 1.25243 23.1906
4666 16214 1.25243 23.2073
4666 16214 1.25243 23.224
4666 16214 1.25243 23.2406
4666 16214 1.25243 23.2573
4666 16214 1.25243 23.274
4665 16214 1.25243 23.2906
4665 16214 1.25243 23.3073
4664 16214 1.25243 23.324
4664 16214 1.25243 23.3406
4663 16214 1.25243 23.3573
4663 16214 1.25243 23.374
4663 16214 1.25243 23.3906
4663 16214 1.25243 23.4073
4663 16214 1.25243 23.424
4663 16214 1.25243 23.4406
4663 16214 1.25243 23.4573
4663 16214 1.25243 23.474
4663 16214 1.25243 23.4906
4663 16214 1.25243 23.5073
4663 16214 1.25243 23.524
4662 16214 1.25243 23.5406
4662 16214 1.25243 23.5573
4662 16214 1.25243 23.574
4662 16214 1.25243 23.5906
4662 16214 1.25243 23.6073
4662 16214 1.25243 23.624
4661 16214 1.25243 23.6406
4661 16214 1.25243 23.6573
4661 16214 1.25243 23.674
4661 16214 1.25243 23.6906
4660 16214 1.25243 23.7073
4660 16214 1.25243 23.724
4660 16214 1.25243 23.7406
4660 16214 1.25243 23.7573
4660 16214 1.25243 23.774
4660 16214 1.25243 23.7906
4660 16214 1.25243 23.8073
4660 16214 1.25243 23.824
4660 16214 1.25243 23.8406
4660 16214 1.25243 23.8573
4660 16214 1.25243 23.874
4660 16214 1.25243 23.8906
4660 16214 1.25243 23.9073
4660 16214 1.25243 23.924
4660 16214 1.25243 23.9406
4660 16214 1.25243 23.9573
4659 16214 1.25243 23.974
4659 16214 1.25243 23.9906
4659 16214 1.25243 24.0073
4659 16214 1.25243 24.024
4659 16214 1.25243 24.0406
4658 16214 1.25243 24.0573
4658 16214 1.25243 24.074
4657 16214 1.25243 24.0906
4657 16214 1.25243 24.1073
4657 16214 1.25243 24.124
4657 16214 1.25243 24.1406
4657 16214 1.25243 24.1573
4655 16214 1.25243 24.174
4655 16214 1.25243 24.1906
4654 16214 1.25243 24.2073
4654 16214 1.25243 24.224
4654 16214 1.25243 24.2406
4654 16214 1.25243 24.2573
4654 16214 1.25243 24.274
4654 16214 1.25243 24.2906
4654 16214 1.25243 24.3073
4654 16214 1.25243 24.324
4654 16214 1.25243 24.3406
4654 16214 1.25243 24.3573
4653 16214 1.25243 24.374
4653 16214 1.25243 24.3906
4653 16214 1.25243 24.4073
4653 16214 1.25243 24.424
4652 16214 1.25243 24.4406
4652 16214 1.25243 24.4573
4652 16214 1.25243 24.474
4652 16214 1.25243 24.4906
4652 16214 1.25243 24.5073
4651 16214 1.25243 24.524
4651 16214 1.25243 24.5406
4651 16214 1.25243 24.5573
4651 16214 1.25243 24.574
4651 16214 1.25243 24.5906
4651 16214 1.25243 24.6073
4651 16214 1.25243 24.624
4651 16214 1.25243 24.6406
4651 16214 1.25243 24.6573
4651 16214 1.25243 24.674
4651 16214 1.25243 24.6906
4651 16214 1.25243 24.7073
4651 16214 1.25243 24.724
4651 16214 1.25243 24.7406
4650 16214 1.25243 24.7573
4650 16214 1.25243 24.774
4650 16214 1.25243 24.7906
4649 16214 1.25243 24.8073
4649 16214 1.25243 24.824
4649 16214 1.25243 24.8406
4649 16214 1.25243 24.8573
4648 16214 1.25243 24.874
4648 16214 1.25243 24.8906
4648 16214 1.25243 24.9073
4647 16214 1.25243 24.924
4647 16214 1.25243 24.9406
4647 16214 1.25243 24.9573
4647 16214 1.25243 24.974
4646 16214 1.25243 24.9906
4646 16214 1.25243 25.0073
4646 16214 1.25243 25.024
4645 16214 1.25243 25.0406
4645 16214 1.25243 25.0573
4645 16214 1.25243 25.0739
4645 16214 1.25243 25.0906
4645 16214 1.25243 25.1073
4645 16214 1.25243 25.1239
4645 16214 1.25243 25.1406
4645 16214 1.25243 25.1573
4645 16214 1.25243 25.1739
4645 16214 1.25243 25.1906
4644 16214 1.25243 25.2073
4644 16214 1.25243 25.2239
4644 16214 1.25243 25.2406
4644 16214 1.25243 25.2573
4644 16214 1.25243 25.2739
4643 16214 1.25243 25.2906
4643 16214 1.25243 25.3073
4643 16214 1.25243 25.3239
4643 16214 1.25243 25.3406
4643 16214 1.25243 25.3573
4643 16214 1.25243 25.3739
4643 16214 1.25243 25.3906
4642 16214 1.25243 25.4073
4642 16214 1.25243 25.4239
4642 16214 1.25243 25.4406
4641 16214 1.25243 25.4573
4641 16214 1.25243 25.4739
4640 16214 1.25243 25.4906
4640 16214 1.25243 25.5073
4640 16214 1.25243 25.5239
4640 16214 1.25243 25.5406
4640 16214 1.25243 25.5573
4639 16214 1.25243 25.5739
4639 16214 1.25243 25.5906
4639 16214 1.25243 25.6073
4639 16214 1.25243 25.6239
4638 16214 1.25243 25.6406
4638 16214 1.25243 25.6573
4637 16214 1.25243 25.6739
4637 16214 1.25243 25.6906
4637 16214 1.25243 25.7073
4637 16214 1.25243 25.7239
4637 16214 1.25243 25.7406
4637 16214 1.25243 25.7573
4637 16214 1.25243 25.7739
4637 16214 1.25243 25.7906
4636 16214 1.25243 25.8073
4636 16214 1.25243 25.8239
4636 16214 1.25243 25.8406
4635 16214 1.25243 25.8573
4635 16214 1.25243 25.8739
4635 16214 1.25243 25.8906
4634 16214 1.25243 25.9073
4634 16214 1.25243 25.9239
4634 16214 1.25243 25.9406
4634 16214 1.25243 25.9573
4634 16214 1.25243 25.9739
4633 16214 1.25243 25.9906
4633 16214 1.25243 26.0073
4633 16214 1.25243 26.0239
4633 16214 1.25243 26.0406
4633 16214 1.25243 26.0573
4633 16214 1.25243 26.0739
4633 16214 1.25243 26.0906
4633 16214 1.25243 26.1073
4632 16214 1.25243 26.1239
4631 16214 1.25243 26.1406
4631 16214 1.25243 26.1573
4631 16214 1.25243 26.1739
4631 16214 1.25243 26.1906
4631 16214 1.25243 26.2073
4631 16214 1.25243 26.2239
4631 16214 1.25243 26.2406
4631 16214 1.25243 26.2573
4631 16214 1.25243 26.2739
4631 16214 1.25243 26.2906
4631 16214 1.25243 26.3073
4631 16214 1.25243 26.3239
4631 16214 1.25243 26.3406
4631 16214 1.25243 26.3573
4631 16214 1.25243 26.3739
4631 16214 1.25243 26.3906
4631 16214 1.25243 26.4073
4631 16214 1.25243 26.4239
4631 16214 1.25243 26.4406
4631 16214 1.25243 26.4573
4631 16214 1.25243 26.4739
4631 16214 1.25243 26.4906
