27159 27171 0.00318417 0.0159512
27159 27171 0.00318417 0.0326176
27159 27171 0.00318417 0.049284
27159 27171 0.00318417 0.0659504
27159 27171 0.00318417 0.0826168
27159 27171 0.00318417 0.0992832
27159 27171 0.00318417 0.11595
27159 27171 0.00318417 0.132616
27159 27171 0.00318417 0.149282
27159 27171 0.00318417 0.165949
27159 27171 0.00318417 0.182615
27159 27171 0.00318417 0.199282
27159 27171 0.00318417 0.215948
27159 27171 0.00318417 0.232615
27159 27171 0.00318417 0.249281
27158 27171 0.00318417 0.265947
27158 27171 0.00318417 0.282614
27157 27171 0.00318417 0.29928
27157 27171 0.00318417 0.315947
27157 27171 0.00318417 0.332613
27157 27171 0.00318417 0.349279
27157 27171 0.00318417 0.365946
27157 27171 0.00318417 0.382612
27157 27171 0.00318417 0.399279
27157 27171 0.00318417 0.415945
27157 27171 0.00318417 0.432611
27157 27171 0.00318417 0.449278
27157 27171 0.00318417 0.465944
27156 27171 0.00318417 0.482611
27156 27171 0.00318417 0.499277
27156 27171 0.00318417 0.515944
27156 27171 0.00318417 0.53261
27156 27171 0.00318417 0.549276
27155 27171 0.00318417 0.565943
27155 27171 0.00318417 0.582609
27155 27171 0.00318417 0.599276
27155 27171 0.00318417 0.615942
27155 27171 0.00318417 0.632608
27154 27171 0.00318417 0.649275
27154 27171 0.00318417 0.665941
27154 27171 0.00318417 0.682608
27154 27171 0.00318417 0.699274
27154 27171 0.00318417 0.71594
27154 27171 0.00318417 0.732607
27154 27171 0.00318417 0.749273
27154 27171 0.00318417 0.76594
27154 27171 0.00318417 0.782606
27154 27171 0.00318417 0.799273
27154 27171 0.00318417 0.815939
27154 27171 0.00318417 0.832605
27153 27171 0.00318417 0.849272
27153 27171 0.00318417 0.865938
27153 27171 0.00318417 0.882605
27153 27171 0.00318417 0.899271
27152 27171 0.00318417 0.915937
27152 27171 0.00318417 0.932604
27152 27171 0.00318417 0.94927
27152 27171 0.00318417 0.965937
27152 27171 0.00318417 0.982603
27152 27171 0.00318417 0.999269
27152 27171 0.00318417 1.01594
27151 27171 0.00318417 1.0326
27151 27171 0.00318417 1.04927
27151 27171 0.00318417 1.06594
27151 27171 0.00318417 1.0826
27151 27171 0.00318417 1.09927
27151 27171 0.00318417 1.11593
27151 27171 0.00318417 1.1326
27151 27171 0.00318417 1.14927
27151 27171 0.00318417 1.16593
27149 27171 0.00318417 1.1826
27149 27171 0.00318417 1.19927
27149 27171 0.00318417 1.21593
27149 27171 0.00318417 1.2326
27149 27171 0.00318417 1.24927
27149 27171 0.00318417 1.26593
27149 27171 0.00318417 1.2826
27149 27171 0.00318417 1.29926
27149 27171 0.00318417 1.31593
27149 27171 0.00318417 1.3326
27149 27171 0.00318417 1.34926
27149 27171 0.00318417 1.36593
27149 27171 0.00318417 1.3826
27149 27171 0.00318417 1.39926
27149 27171 0.00318417 1.41593
27149 27171 0.00318417 1.4326
27149 27171 0.00318417 1.44926
27149 27171 0.00318417 1.46593
27149 27171 0.00318417 1.4826
27149 27171 0.00318417 1.49926
27149 27171 0.00318417 1.51593
27149 27171 0.00318417 1.53259
27149 27171 0.00636834 1.54926
27149 27171 0.00955251 1.56593
27149 27171 0.0127367 1.58259
27149 27171 0.0159209 1.59926
27149 27171 0.019105 1.61593
27149 27171 0.0222892 1.63259
27149 27171 0.0254734 1.64926
27148 27171 0.0286575 1.66593
27148 27171 0.0318417 1.68259
27148 27171 0.0350259 1.69926
27148 27171 0.03821 1.71593
27148 27171 0.0413942 1.73259
27148 27171 0.0445784 1.74926
27148 27171 0.0477626 1.76592
27148 27171 0.0509467 1.78259
27148 27171 0.0541309 1.79926
27148 27171 0.0573151 1.81592
27148 27171 0.0604992 1.83259
27148 27171 0.0636834 1.84926
27148 27171 0.0668676 1.86592
27148 27171 0.0700517 1.88259
27148 27171 0.0732359 1.89926
27148 27171 0.0764201 1.91592
27148 27171 0.0796043 1.93259
27148 27171 0.0827884 1.94925
27148 27171 0.0859726 1.96592
27148 27171 0.0891568 1.98259
27148 27171 0.0923409 1.99925
27148 27171 0.0955251 2.01592
27148 27171 0.0987093 2.03259
27148 27171 0.101893 2.04925
27148 27171 0.105078 2.06592
27148 27171 0.108262 2.08259
27148 27171 0.111446 2.09925
27148 27171 0.11463 2.11592
27148 27171 0.117814 2.13259
27147 27171 0.120998 2.14925
27147 27171 0.124183 2.16592
27147 27171 0.127367 2.18258
27147 27171 0.130551 2.19925
27147 27171 0.133735 2.21592
27146 27171 0.136919 2.23258
27146 27171 0.140103 2.24925
27146 27171 0.143288 2.26592
27146 27171 0.146472 2.28258
27146 27171 0.149656 2.29925
27146 27171 0.15284 2.31592
27146 27171 0.156024 2.33258
27146 27171 0.159208 2.34925
27146 27171 0.162393 2.36592
27146 27171 0.165577 2.38258
27146 27171 0.168761 2.39925
27146 27171 0.171945 2.41591
27146 27171 0.175129 2.43258
27145 27171 0.178314 2.44925
27145 27171 0.181498 2.46591
27143 27171 0.184682 2.48258
27138 27171 0.187866 2.49925
27135 27171 0.19105 2.51591
27128 27171 0.194234 2.53258
27119 27171 0.197419 2.54925
27112 27171 0.200603 2.56591
27105 27171 0.203787 2.58258
27094 27171 0.206971 2.59925
27088 27171 0.210155 2.61591
27078 27171 0.213339 2.63258
27072 27171 0.216524 2.64924
27062 27171 0.219708 2.66591
27050 27171 0.222892 2.68258
27041 27171 0.226076 2.69924
27028 27171 0.22926 2.71591
27015 27171 0.232444 2.73258
27002 27171 0.235629 2.74924
26988 27171 0.238813 2.76591
26973 27171 0.241997 2.78258
26957 27171 0.245181 2.79924
26945 27171 0.248365 2.81591
26932 27171 0.251549 2.83257
26913 27171 0.254734 2.84924
26901 27171 0.257918 2.86591
26882 27171 0.261102 2.88257
26860 27171 0.264286 2.89924
26849 27171 0.26747 2.91591
26830 27171 0.270654 2.93257
26818 27171 0.273839 2.94924
26800 27171 0.277023 2.96591
26780 27171 0.280207 2.98257
26760 27171 0.283391 2.99924
26740 27171 0.283391 3.01591
26722 27171 0.283391 3.03257
26701 27171 0.283391 3.04924
26686 27171 0.283391 3.0659
26662 27171 0.283391 3.08257
26643 27171 0.283391 3.09924
26624 27171 0.283391 3.1159
26602 27171 0.283391 3.13257
26581 27171 0.283391 3.14924
26562 27171 0.283391 3.1659
26539 27171 0.283391 3.18257
26517 27171 0.283391 3.19924
26500 27171 0.283391 3.2159
26485 27171 0.283391 3.23257
26456 27171 0.283391 3.24924
26430 27171 0.283391 3.2659
26412 27171 0.283391 3.28257
26388 27171 0.283391 3.29923
26368 27171 0.283391 3.3159
26347 27171 0.283391 3.33257
26323 27171 0.283391 3.34923
26302 27171 0.283391 3.3659
26277 27171 0.283391 3.38257
26252 27171 0.283391 3.39923
26227 27171 0.283391 3.4159
26207 27171 0.283391 3.43257
26188 27171 0.283391 3.44923
26168 27171 0.283391 3.4659
26144 27171 0.283391 3.48256
26116 27171 0.283391 3.49923
26095 27171 0.283391 3.5159
26072 27171 0.283391 3.53256
26046 27171 0.283391 3.54923
26027 27171 0.283391 3.5659
26001 27171 0.283391 3.58256
25978 27171 0.283391 3.59923
25955 27171 0.283391 3.6159
25934 27171 0.283391 3.63256
25910 27171 0.283391 3.64923
25890 27171 0.283391 3.6659
25872 27171 0.283391 3.68256
25847 27171 0.283391 3.69923
25827 27171 0.283391 3.71589
25804 27171 0.283391 3.73256
25781 27171 0.283391 3.74923
25762 27171 0.283391 3.76589
25739 27171 0.283391 3.78256
25720 27171 0.283391 3.79923
25696 27171 0.283391 3.81589
25679 27171 0.283391 3.83256
25664 27171 0.283391 3.84923
25645 27171 0.283391 3.86589
25627 27171 0.283391 3.88256
25611 27171 0.283391 3.89923
25596 27171 0.283391 3.91589
25577 27171 0.283391 3.93256
25570 27171 0.283391 3.94922
25554 27171 0.283391 3.96589
25539 27171 0.283391 3.98256
25525 27171 0.283391 3.99922
25514 27171 0.283391 4.01589
25499 27171 0.283391 4.03256
25486 27171 0.283391 4.04922
25477 27171 0.283391 4.06589
25468 27171 0.283391 4.08256
25456 27171 0.283391 4.09922
25445 27171 0.283391 4.11589
25435 27171 0.283391 4.13256
25421 27171 0.283391 4.14922
25412 27171 0.283391 4.16589
25405 27171 0.283391 4.18255
25391 27171 0.283391 4.19922
25380 27171 0.283391 4.21589
25374 27171 0.283391 4.23255
25364 27171 0.283391 4.24922
25352 27171 0.283391 4.26589
25344 27171 0.283391 4.28255
25337 27171 0.283391 4.29922
25328 27171 0.283391 4.31589
25323 27171 0.283391 4.33255
25314 27171 0.283391 4.34922
25307 27171 0.283391 4.36588
25301 27171 0.283391 4.38255
25294 27171 0.283391 4.39922
25287 27171 0.283391 4.41588
25279 27171 0.283391 4.43255
25271 27171 0.283391 4.44922
25266 27171 0.283391 4.46588
25256 27171 0.283391 4.48255
25249 27171 0.283391 4.49922
25242 27171 0.283391 4.51588
25233 27171 0.283391 4.53255
25229 27171 0.283391 4.54922
25222 27171 0.283391 4.56588
25218 27171 0.283391 4.58255
25212 27171 0.283391 4.59921
25206 27171 0.283391 4.61588
25202 27171 0.283391 4.63255
25196 27171 0.283391 4.64921
25188 27171 0.283391 4.66588
25182 27171 0.283391 4.68255
25175 27171 0.283391 4.69921
25171 27171 0.283391 4.71588
25167 27171 0.283391 4.73255
25162 27171 0.283391 4.74921
25157 27171 0.283391 4.76588
25151 27171 0.283391 4.78255
25145 27171 0.283391 4.79921
25142 27171 0.283391 4.81588
25137 27171 0.283391 4.83254
25132 27171 0.283391 4.84921
25126 27171 0.283391 4.86588
25121 27171 0.283391 4.88254
25118 27171 0.283391 4.89921
25116 27171 0.283391 4.91588
25110 27171 0.283391 4.93254
25105 27171 0.283391 4.94921
25102 27171 0.283391 4.96588
25099 27171 0.283391 4.98254
25093 27171 0.283391 4.99921
25088 27171 0.283391 5.01587
25086 27171 0.283391 5.03254
25083 27171 0.283391 5.04921
25078 27171 0.283391 5.06587
25075 27171 0.283391 5.08254
25070 27171 0.283391 5.09921
25069 27171 0.283391 5.11587
25066 27171 0.283391 5.13254
25063 27171 0.283391 5.14921
25061 27171 0.283391 5.16587
25057 27171 0.283391 5.18254
25054 27171 0.283391 5.19921
25051 27171 0.283391 5.21587
25047 27171 0.283391 5.23254
25044 27171 0.283391 5.2492
25043 27171 0.283391 5.26587
25040 27171 0.283391 5.28254
25038 27171 0.283391 5.2992
25037 27171 0.283391 5.31587
25033 27171 0.283391 5.33254
25028 27171 0.283391 5.3492
25027 27171 0.283391 5.36587
25025 27171 0.283391 5.38254
25024 27171 0.283391 5.3992
25023 27171 0.283391 5.41587
25021 27171 0.283391 5.43254
25016 27171 0.283391 5.4492
25014 27171 0.283391 5.46587
25012 27171 0.283391 5.48253
25011 27171 0.283391 5.4992
25008 27171 0.283391 5.51587
25003 27171 0.283391 5.53253
25002 27171 0.283391 5.5492
25001 27171 0.283391 5.56587
25000 27171 0.283391 5.58253
24998 27171 0.283391 5.5992
24992 27171 0.283391 5.61587
24990 27171 0.283391 5.63253
24989 27171 0.283391 5.6492
24986 27171 0.283391 5.66586
24982 27171 0.283391 5.68253
24980 27171 0.283391 5.6992
24980 27171 0.283391 5.71586
24977 27171 0.283391 5.73253
24973 27171 0.283391 5.7492
24971 27171 0.283391 5.76586
24970 27171 0.283391 5.78253
24968 27171 0.283391 5.7992
24967 27171 0.283391 5.81586
24964 27171 0.283391 5.83253
24961 27171 0.283391 5.8492
24960 27171 0.283391 5.86586
24957 27171 0.283391 5.88253
24954 27171 0.283391 5.89919
24953 27171 0.283391 5.91586
24952 27171 0.283391 5.93253
24949 27171 0.283391 5.94919
24947 27171 0.283391 5.96586
24946 27171 0.283391 5.98253
24945 27171 0.283391 5.99919
24942 27171 0.283391 6.01586
24940 27171 0.283391 6.03253
24939 27171 0.283391 6.04919
24939 27171 0.283391 6.06586
24936 27171 0.283391 6.08253
24934 27171 0.283391 6.09919
24930 27171 0.283391 6.11586
24928 27171 0.283391 6.13252
24924 27171 0.283391 6.14919
24923 27171 0.283391 6.16586
24923 27171 0.283391 6.18252
24917 27171 0.283391 6.19919
24917 27171 0.283391 6.21586
24916 27171 0.283391 6.23252
24913 27171 0.283391 6.24919
24911 27171 0.283391 6.26586
24910 27171 0.283391 6.28252
24908 27171 0.283391 6.29919
24907 27171 0.283391 6.31586
24904 27171 0.283391 6.33252
24901 27171 0.283391 6.34919
24900 27171 0.283391 6.36585
24899 27171 0.283391 6.38252
24897 27171 0.283391 6.39919
24896 27171 0.283391 6.41585
24894 27171 0.283391 6.43252
24892 27171 0.283391 6.44919
24889 27171 0.283391 6.46585
24886 27171 0.283391 6.48252
24885 27171 0.283391 6.49919
24885 27171 0.283391 6.51585
24884 27171 0.283391 6.53252
24884 27171 0.283391 6.54918
24879 27171 0.283391 6.56585
24877 27171 0.283391 6.58252
24877 27171 0.283391 6.59918
24875 27171 0.283391 6.61585
24873 27171 0.283391 6.63252
24872 27171 0.283391 6.64918
24872 27171 0.283391 6.66585
24869 27171 0.283391 6.68252
24866 27171 0.283391 6.69918
24865 27171 0.283391 6.71585
24863 27171 0.283391 6.73252
24862 27171 0.283391 6.74918
24861 27171 0.283391 6.76585
24861 27171 0.283391 6.78251
24861 27171 0.283391 6.79918
24859 27171 0.283391 6.81585
24856 27171 0.283391 6.83251
24853 27171 0.283391 6.84918
24852 27171 0.283391 6.86585
24852 27171 0.283391 6.88251
24852 27171 0.283391 6.89918
24851 27171 0.283391 6.91585
24850 27171 0.283391 6.93251
24848 27171 0.283391 6.94918
24846 27171 0.283391 6.96585
24845 27171 0.283391 6.98251
24844 27171 0.283391 6.99918
24844 27171 0.283391 7.01584
24844 27171 0.283391 7.03251
24842 27171 0.283391 7.04918
24838 27171 0.283391 7.06584
24837 27171 0.283391 7.08251
24837 27171 0.283391 7.09918
24836 27171 0.283391 7.11584
24835 27171 0.283391 7.13251
24832 27171 0.283391 7.14918
24832 27171 0.283391 7.16584
24831 27171 0.283391 7.18251
24828 27171 0.283391 7.19917
24828 27171 0.283391 7.21584
24828 27171 0.283391 7.23251
24827 27171 0.283391 7.24917
24825 27171 0.283391 7.26584
24825 27171 0.283391 7.28251
24823 27171 0.283391 7.29917
24821 27171 0.283391 7.31584
24820 27171 0.283391 7.33251
24819 27171 0.283391 7.34917
24817 27171 0.283391 7.36584
24816 27171 0.283391 7.38251
24814 27171 0.283391 7.39917
24814 27171 0.283391 7.41584
24812 27171 0.283391 7.4325
24812 27171 0.283391 7.44917
24811 27171 0.283391 7.46584
24811 27171 0.283391 7.4825
24809 27171 0.283391 7.49917
24808 27171 0.283391 7.51584
24807 27171 0.283391 7.5325
24805 27171 0.283391 7.54917
24805 27171 0.283391 7.56584
24804 27171 0.283391 7.5825
24802 27171 0.283391 7.59917
24801 27171 0.283391 7.61584
24800 27171 0.283391 7.6325
24799 27171 0.283391 7.64917
24797 27171 0.283391 7.66583
24797 27171 0.283391 7.6825
24797 27171 0.283391 7.69917
24796 27171 0.283391 7.71583
24793 27171 0.283391 7.7325
24793 27171 0.283391 7.74917
24793 27171 0.283391 7.76583
24792 27171 0.283391 7.7825
24792 27171 0.283391 7.79917
24790 27171 0.283391 7.81583
24789 27171 0.283391 7.8325
24789 27171 0.283391 7.84916
24788 27171 0.283391 7.86583
24788 27171 0.283391 7.8825
24786 27171 0.283391 7.89916
24785 27171 0.283391 7.91583
24785 27171 0.283391 7.9325
24784 27171 0.283391 7.94916
24783 27171 0.283391 7.96583
24782 27171 0.283391 7.9825
24782 27171 0.283391 7.99916
24780 27171 0.283391 8.01583
24779 27171 0.283391 8.0325
24777 27171 0.283391 8.04916
24777 27171 0.283391 8.06583
24776 27171 0.283391 8.08249
24775 27171 0.283391 8.09916
24775 27171 0.283391 8.11583
24775 27171 0.283391 8.13249
24773 27171 0.283391 8.14916
24773 27171 0.283391 8.16583
24772 27171 0.283391 8.18249
24769 27171 0.283391 8.19916
24769 27171 0.283391 8.21583
24768 27171 0.283391 8.23249
24768 27171 0.283391 8.24916
24767 27171 0.283391 8.26583
24767 27171 0.283391 8.28249
24767 27171 0.283391 8.29916
24766 27171 0.283391 8.31582
24765 27171 0.283391 8.33249
24764 27171 0.283391 8.34916
24764 27171 0.283391 8.36582
24763 27171 0.283391 8.38249
24762 27171 0.283391 8.39916
24762 27171 0.283391 8.41582
24761 27171 0.283391 8.43249
24761 27171 0.283391 8.44916
24761 27171 0.283391 8.46582
24759 27171 0.283391 8.48249
24759 27171 0.283391 8.49916
24759 27171 0.283391 8.51582
24759 27171 0.283391 8.53249
24758 27171 0.283391 8.54915
24758 27171 0.283391 8.56582
24757 27171 0.283391 8.58249
24753 27171 0.283391 8.59915
24753 27171 0.283391 8.61582
24753 27171 0.283391 8.63249
24752 27171 0.283391 8.64915
24751 27171 0.283391 8.66582
24750 27171 0.283391 8.68249
24749 27171 0.283391 8.69915
24748 27171 0.283391 8.71582
24748 27171 0.283391 8.73248
24748 27171 0.283391 8.74915
24748 27171 0.283391 8.76582
24747 27171 0.283391 8.78248
24747 27171 0.283391 8.79915
24745 27171 0.283391 8.81582
24745 27171 0.283391 8.83248
24745 27171 0.283391 8.84915
24744 27171 0.283391 8.86582
24743 27171 0.283391 8.88248
24742 27171 0.283391 8.89915
24742 27171 0.283391 8.91582
24740 27171 0.283391 8.93248
24740 27171 0.283391 8.94915
24740 27171 0.283391 8.96581
24738 27171 0.283391 8.98248
24738 27171 0.283391 8.99915
24736 27171 0.283391 9.01581
24736 27171 0.283391 9.03248
24736 27171 0.283391 9.04915
24735 27171 0.283391 9.06581
24735 27171 0.283391 9.08248
24733 27171 0.283391 9.09915
24732 27171 0.283391 9.11581
24732 27171 0.283391 9.13248
24732 27171 0.283391 9.14915
24732 27171 0.283391 9.16581
24732 27171 0.283391 9.18248
24732 27171 0.283391 9.19914
24730 27171 0.283391 9.21581
24729 27171 0.283391 9.23248
24729 27171 0.283391 9.24914
24728 27171 0.283391 9.26581
24727 27171 0.283391 9.28248
24725 27171 0.283391 9.29914
24725 27171 0.283391 9.31581
24725 27171 0.283391 9.33248
24724 27171 0.283391 9.34914
24723 27171 0.283391 9.36581
24723 27171 0.283391 9.38247
24723 27171 0.283391 9.39914
24723 27171 0.283391 9.41581
24723 27171 0.283391 9.43247
24722 27171 0.283391 9.44914
24721 27171 0.283391 9.46581
24720 27171 0.283391 9.48247
24720 27171 0.283391 9.49914
24720 27171 0.283391 9.51581
24719 27171 0.283391 9.53247
24719 27171 0.283391 9.54914
24719 27171 0.283391 9.56581
24718 27171 0.283391 9.58247
24718 27171 0.283391 9.59914
24717 27171 0.283391 9.6158
24717 27171 0.283391 9.63247
24716 27171 0.283391 9.64914
24716 27171 0.283391 9.6658
24716 27171 0.283391 9.68247
24716 27171 0.283391 9.69914
24715 27171 0.283391 9.7158
24715 27171 0.283391 9.73247
24714 27171 0.283391 9.74914
24714 27171 0.283391 9.7658
24714 27171 0.283391 9.78247
24714 27171 0.283391 9.79914
24713 27171 0.283391 9.8158
24713 27171 0.283391 9.83247
24712 27171 0.283391 9.84913
24712 27171 0.283391 9.8658
24712 27171 0.283391 9.88247
24712 27171 0.283391 9.89913
24712 27171 0.283391 9.9158
24712 27171 0.283391 9.93247
24711 27171 0.283391 9.94913
24711 27171 0.283391 9.9658
24711 27171 0.283391 9.98247
24711 27171 0.283391 9.99913
24710 27171 0.283391 10.0158
24710 27171 0.283391 10.0325
24710 27171 0.283391 10.0491
24710 27171 0.283391 10.0658
24709 27171 0.283391 10.0825
24709 27171 0.283391 10.0991
24709 27171 0.283391 10.1158
24709 27171 0.283391 10.1325
24709 27171 0.283391 10.1491
24709 27171 0.283391 10.1658
24709 27171 0.283391 10.1825
24708 27171 0.283391 10.1991
24708 27171 0.283391 10.2158
24706 27171 0.283391 10.2325
24704 27171 0.283391 10.2491
24704 27171 0.283391 10.2658
24703 27171 0.283391 10.2825
24703 27171 0.283391 10.2991
24703 27171 0.283391 10.3158
24703 27171 0.283391 10.3325
24702 27171 0.283391 10.3491
24700 27171 0.283391 10.3658
24700 27171 0.283391 10.3825
24700 27171 0.283391 10.3991
24699 27171 0.283391 10.4158
24699 27171 0.283391 10.4325
24699 27171 0.283391 10.4491
24698 27171 0.283391 10.4658
24698 27171 0.283391 10.4825
24698 27171 0.283391 10.4991
24698 27171 0.283391 10.5158
24697 27171 0.283391 10.5325
24695 27171 0.283391 10.5491
24693 27171 0.283391 10.5658
24693 27171 0.283391 10.5825
24692 27171 0.283391 10.5991
24692 27171 0.283391 10.6158
24691 27171 0.283391 10.6325
24691 27171 0.283391 10.6491
24691 27171 0.283391 10.6658
24691 27171 0.283391 10.6825
24690 27171 0.283391 10.6991
24690 27171 0.283391 10.7158
24689 27171 0.283391 10.7325
24689 27171 0.283391 10.7491
24686 27171 0.283391 10.7658
24686 27171 0.283391 10.7825
24686 27171 0.283391 10.7991
24686 27171 0.283391 10.8158
24686 27171 0.283391 10.8325
24686 27171 0.283391 10.8491
24686 27171 0.283391 10.8658
24685 27171 0.283391 10.8825
24685 27171 0.283391 10.8991
24685 27171 0.283391 10.9158
24684 27171 0.283391 10.9325
24683 27171 0.283391 10.9491
24682 27171 0.283391 10.9658
24682 27171 0.283391 10.9825
24681 27171 0.283391 10.9991
24681 27171 0.283391 11.0158
24681 27171 0.283391 11.0324
24680 27171 0.283391 11.0491
24679 27171 0.283391 11.0658
24679 27171 0.283391 11.0824
24678 27171 0.283391 11.0991
24677 27171 0.283391 11.1158
24677 27171 0.283391 11.1324
24677 27171 0.283391 11.1491
24676 27171 0.283391 11.1658
24675 27171 0.283391 11.1824
24675 27171 0.283391 11.1991
24675 27171 0.283391 11.2158
24674 27171 0.283391 11.2324
24673 27171 0.283391 11.2491
24673 27171 0.283391 11.2658
24673 27171 0.283391 11.2824
24673 27171 0.283391 11.2991
24673 27171 0.283391 11.3158
24673 27171 0.283391 11.3324
24672 27171 0.283391 11.3491
24672 27171 0.283391 11.3658
24672 27171 0.283391 11.3824
24672 27171 0.283391 11.3991
24672 27171 0.283391 11.4158
24672 27171 0.283391 11.4324
24671 27171 0.283391 11.4491
24671 27171 0.283391 11.4658
24671 27171 0.283391 11.4824
24671 27171 0.283391 11.4991
24670 27171 0.283391 11.5158
24670 27171 0.283391 11.5324
24670 27171 0.283391 11.5491
24669 27171 0.283391 11.5658
24669 27171 0.283391 11.5824
24669 27171 0.283391 11.5991
24669 27171 0.283391 11.6158
24669 27171 0.283391 11.6324
24669 27171 0.283391 11.6491
24669 27171 0.283391 11.6658
24669 27171 0.283391 11.6824
24668 27171 0.283391 11.6991
24668 27171 0.283391 11.7158
24668 27171 0.283391 11.7324
24668 27171 0.283391 11.7491
24668 27171 0.283391 11.7658
24666 27171 0.283391 11.7824
24666 27171 0.283391 11.7991
24666 27171 0.283391 11.8158
24665 27171 0.283391 11.8324
24665 27171 0.283391 11.8491
24665 27171 0.283391 11.8658
24665 27171 0.283391 11.8824
24665 27171 0.283391 11.8991
24665 27171 0.283391 11.9158
24665 27171 0.283391 11.9324
24665 27171 0.283391 11.9491
24664 27171 0.283391 11.9658
24664 27171 0.283391 11.9824
24664 27171 0.283391 11.9991
24663 27171 0.283391 12.0158
24663 27171 0.283391 12.0324
24663 27171 0.283391 12.0491
24662 27171 0.283391 12.0658
24662 27171 0.283391 12.0824
24662 27171 0.283391 12.0991
24662 27171 0.283391 12.1158
24660 27171 0.283391 12.1324
24659 27171 0.283391 12.1491
24659 27171 0.283391 12.1658
24659 27171 0.283391 12.1824
24659 27171 0.283391 12.1991
24659 27171 0.283391 12.2158
24658 27171 0.283391 12.2324
24658 27171 0.283391 12.2491
24658 27171 0.283391 12.2658
24656 27171 0.283391 12.2824
24656 27171 0.283391 12.2991
24656 27171 0.283391 12.3158
24656 27171 0.283391 12.3324
24656 27171 0.283391 12.3491
24655 27171 0.283391 12.3658
24655 27171 0.283391 12.3824
24655 27171 0.283391 12.3991
24655 27171 0.283391 12.4158
24655 27171 0.283391 12.4324
24654 27171 0.283391 12.4491
24654 27171 0.283391 12.4658
24654 27171 0.283391 12.4824
24653 27171 0.283391 12.4991
24653 27171 0.283391 12.5158
24653 27171 0.283391 12.5324
24653 27171 0.283391 12.5491
24653 27171 0.283391 12.5658
24653 27171 0.283391 12.5824
24653 27171 0.283391 12.5991
24652 27171 0.283391 12.6158
24651 27171 0.283391 12.6324
24651 27171 0.283391 12.6491
24651 27171 0.283391 12.6658
24651 27171 0.283391 12.6824
24649 27171 0.283391 12.6991
24649 27171 0.283391 12.7158
24649 27171 0.283391 12.7324
24649 27171 0.283391 12.7491
24649 27171 0.283391 12.7658
24647 27171 0.283391 12.7824
24646 27171 0.283391 12.7991
24646 27171 0.283391 12.8158
24645 27171 0.283391 12.8324
24645 27171 0.283391 12.8491
24645 27171 0.283391 12.8658
24644 27171 0.283391 12.8824
24644 27171 0.283391 12.8991
24644 27171 0.283391 12.9158
24643 27171 0.283391 12.9324
24642 27171 0.283391 12.9491
24642 27171 0.283391 12.9658
24642 27171 0.283391 12.9824
24641 27171 0.283391 12.9991
24641 27171 0.283391 13.0158
24641 27171 0.283391 13.0324
24641 27171 0.283391 13.0491
24640 27171 0.283391 13.0658
24640 27171 0.283391 13.0824
24639 27171 0.283391 13.0991
24639 27171 0.283391 13.1158
24639 27171 0.283391 13.1324
24639 27171 0.283391 13.1491
24639 27171 0.283391 13.1658
24639 27171 0.283391 13.1824
24639 27171 0.283391 13.1991
24638 27171 0.283391 13.2157
24637 27171 0.283391 13.2324
24637 27171 0.283391 13.2491
24637 27171 0.283391 13.2657
24637 27171 0.283391 13.2824
24637 27171 0.283391 13.2991
24636 27171 0.283391 13.3157
24636 27171 0.283391 13.3324
24635 27171 0.283391 13.3491
24635 27171 0.283391 13.3657
24635 27171 0.283391 13.3824
24634 27171 0.283391 13.3991
24634 27171 0.283391 13.4157
24634 27171 0.283391 13.4324
24633 27171 0.283391 13.4491
24633 27171 0.283391 13.4657
24633 27171 0.283391 13.4824
24632 27171 0.283391 13.4991
24631 27171 0.283391 13.5157
24631 27171 0.283391 13.5324
24631 27171 0.283391 13.5491
24631 27171 0.283391 13.5657
24631 27171 0.283391 13.5824
24631 27171 0.283391 13.5991
24631 27171 0.283391 13.6157
24631 27171 0.283391 13.6324
24631 27171 0.283391 13.6491
24631 27171 0.283391 13.6657
24631 27171 0.283391 13.6824
24631 27171 0.283391 13.6991
24631 27171 0.283391 13.7157
24631 27171 0.283391 13.7324
24631 27171 0.283391 13.7491
24631 27171 0.283391 13.7657
24631 27171 0.283391 13.7824
24631 27171 0.283391 13.7991
24631 27171 0.283391 13.8157
24630 27171 0.283391 13.8324
24630 27171 0.283391 13.8491
24630 27171 0.283391 13.8657
24629 27171 0.283391 13.8824
24629 27171 0.283391 13.8991
24628 27171 0.283391 13.9157
24628 27171 0.283391 13.9324
24628 27171 0.283391 13.9491
24628 27171 0.283391 13.9657
24628 27171 0.283391 13.9824
24628 27171 0.283391 13.9991
24628 27171 0.283391 14.0157
24628 27171 0.283391 14.0324
24627 27171 0.283391 14.0491
24627 27171 0.283391 14.0657
24627 27171 0.283391 14.0824
24626 27171 0.283391 14.0991
24626 27171 0.283391 14.1157
24626 27171 0.283391 14.1324
24626 27171 0.283391 14.1491
24626 27171 0.283391 14.1657
24626 27171 0.283391 14.1824
24626 27171 0.283391 14.1991
24625 27171 0.283391 14.2157
24625 27171 0.283391 14.2324
24625 27171 0.283391 14.2491
24625 27171 0.283391 14.2657
24625 27171 0.283391 14.2824
24625 27171 0.283391 14.2991
24625 27171 0.283391 14.3157
24625 27171 0.283391 14.3324
24625 27171 0.283391 14.3491
24625 27171 0.283391 14.3657
24625 27171 0.283391 14.3824
24625 27171 0.283391 14.3991
24625 27171 0.283391 14.4157
24625 27171 0.283391 14.4324
24625 27171 0.283391 14.4491
24625 27171 0.283391 14.4657
24625 27171 0.283391 14.4824
24625 27171 0.283391 14.4991
24625 27171 0.283391 14.5157
24625 27171 0.283391 14.5324
24625 27171 0.283391 14.5491
24625 27171 0.283391 14.5657
