22651 24513 0.00156761 0.00585127
22525 24513 0.00156761 0.0225182
22446 24513 0.00156761 0.039185
22374 24513 0.00156761 0.0558519
22296 24513 0.00156761 0.0725188
22223 24513 0.00156761 0.0891857
22092 24513 0.00156761 0.105853
22015 24513 0.00156761 0.122519
21934 24513 0.00156761 0.139186
21851 24513 0.00156761 0.155853
21758 24513 0.00156761 0.17252
21661 24513 0.00156761 0.189187
21587 24513 0.00156761 0.205854
21504 24513 0.00156761 0.222521
21430 24513 0.00156761 0.239188
21352 24513 0.00156761 0.255855
21280 24513 0.00156761 0.272521
21206 24513 0.00156761 0.289188
21127 24513 0.00156761 0.305855
21051 24513 0.00156761 0.322522
20976 24513 0.00156761 0.339189
20923 24513 0.00156761 0.355856
20863 24513 0.00156761 0.372523
20801 24513 0.00156761 0.38919
20747 24513 0.00156761 0.405857
20707 24513 0.00156761 0.422523
20657 24513 0.00156761 0.43919
20611 24513 0.00156761 0.455857
20578 24513 0.00156761 0.472524
20537 24513 0.00156761 0.489191
20500 24513 0.00156761 0.505858
20470 24513 0.00156761 0.522525
20443 24513 0.00156761 0.539192
20414 24513 0.00156761 0.555859
20383 24513 0.00156761 0.572526
20360 24513 0.00156761 0.589192
20340 24513 0.00156761 0.605859
20317 24513 0.00156761 0.622526
20294 24513 0.00156761 0.639193
20272 24513 0.00156761 0.65586
20253 24513 0.00156761 0.672527
20233 24513 0.00156761 0.689194
20220 24513 0.00156761 0.705861
20207 24513 0.00156761 0.722528
20192 24513 0.00156761 0.739194
20170 24513 0.00156761 0.755861
20155 24513 0.00156761 0.772528
20148 24513 0.00156761 0.789195
20141 24513 0.00156761 0.805862
20134 24513 0.00156761 0.822529
20124 24513 0.00156761 0.839196
20116 24513 0.00156761 0.855863
20103 24513 0.00156761 0.87253
20094 24513 0.00156761 0.889196
20084 24513 0.00156761 0.905863
20074 24513 0.00156761 0.92253
20065 24513 0.00156761 0.939197
20059 24513 0.00156761 0.955864
20053 24513 0.00156761 0.972531
20049 24513 0.00156761 0.989198
20042 24513 0.00156761 1.00586
20034 24513 0.00156761 1.02253
20029 24513 0.00156761 1.0392
20027 24513 0.00156761 1.05587
20024 24513 0.00156761 1.07253
20021 24513 0.00156761 1.0892
20018 24513 0.00156761 1.10586
20015 24513 0.00156761 1.12253
20013 24513 0.00156761 1.1392
20010 24513 0.00156761 1.15586
20004 24513 0.00156761 1.17253
20000 24513 0.00156761 1.1892
19994 24513 0.00156761 1.20586
19992 24513 0.00156761 1.22253
19988 24513 0.00156761 1.2392
19985 24513 0.00156761 1.25586
19981 24513 0.00156761 1.27253
19979 24513 0.00156761 1.2892
19977 24513 0.00156761 1.30586
19975 24513 0.00156761 1.32253
19972 24513 0.00156761 1.33919
19968 24513 0.00156761 1.35586
19965 24513 0.00156761 1.37253
19963 24513 0.00156761 1.38919
19962 24513 0.00156761 1.40586
19960 24513 0.00156761 1.42253
19958 24513 0.00156761 1.43919
19956 24513 0.00156761 1.45586
19955 24513 0.00156761 1.47253
19955 24513 0.00156761 1.48919
19952 24513 0.00156761 1.50586
19950 24513 0.00156761 1.52252
19947 24513 0.00156761 1.53919
19945 24513 0.00156761 1.55586
19941 24513 0.00156761 1.57252
19938 24513 0.00156761 1.58919
19935 24513 0.00156761 1.60586
19931 24513 0.00156761 1.62252
19929 24513 0.00156761 1.63919
19927 24513 0.00156761 1.65586
19927 24513 0.00156761 1.67252
19927 24513 0.00156761 1.68919
19923 24513 0.00156761 1.70586
19921 24513 0.00156761 1.72252
19920 24513 0.00156761 1.73919
19917 24513 0.00156761 1.75585
19913 24513 0.00156761 1.77252
19912 24513 0.00156761 1.78919
19912 24513 0.00156761 1.80585
19910 24513 0.00156761 1.82252
19909 24513 0.00156761 1.83919
19909 24513 0.00156761 1.85585
19908 24513 0.00156761 1.87252
19907 24513 0.00156761 1.88919
19907 24513 0.00156761 1.90585
19907 24513 0.00156761 1.92252
19906 24513 0.00156761 1.93919
19906 24513 0.00156761 1.95585
19905 24513 0.00156761 1.97252
19904 24513 0.00156761 1.98918
19901 24513 0.00156761 2.00585
19900 24513 0.00156761 2.02252
19899 24513 0.00156761 2.03918
19899 24513 0.00156761 2.05585
19898 24513 0.00156761 2.07252
19897 24513 0.00156761 2.08918
19896 24513 0.00156761 2.10585
19896 24513 0.00156761 2.12252
19895 24513 0.00156761 2.13918
19893 24513 0.00156761 2.15585
19891 24513 0.00156761 2.17251
19889 24513 0.00156761 2.18918
19889 24513 0.00156761 2.20585
19886 24513 0.00156761 2.22251
19886 24513 0.00156761 2.23918
19886 24513 0.00156761 2.25585
19884 24513 0.00156761 2.27251
19883 24513 0.00156761 2.28918
19881 24513 0.00156761 2.30585
19880 24513 0.00156761 2.32251
19879 24513 0.00156761 2.33918
19877 24513 0.00156761 2.35585
19877 24513 0.00156761 2.37251
19876 24513 0.00156761 2.38918
19874 24513 0.00156761 2.40584
19874 24513 0.00156761 2.42251
19874 24513 0.00156761 2.43918
19874 24513 0.00156761 2.45584
19873 24513 0.00156761 2.47251
19873 24513 0.00156761 2.48918
19871 24513 0.00156761 2.50584
19871 24513 0.00156761 2.52251
19871 24513 0.00156761 2.53918
19871 24513 0.00156761 2.55584
19871 24513 0.00156761 2.57251
19870 24513 0.00156761 2.58918
19869 24513 0.00156761 2.60584
19868 24513 0.00156761 2.62251
19868 24513 0.00156761 2.63917
19868 24513 0.00156761 2.65584
19868 24513 0.00156761 2.67251
19868 24513 0.00156761 2.68917
19868 24513 0.00156761 2.70584
19868 24513 0.00156761 2.72251
19867 24513 0.00156761 2.73917
19865 24513 0.00156761 2.75584
19864 24513 0.00156761 2.77251
19863 24513 0.00156761 2.78917
19862 24513 0.00156761 2.80584
19861 24513 0.00156761 2.8225
19860 24513 0.00156761 2.83917
19860 24513 0.00156761 2.85584
19859 24513 0.00156761 2.8725
19858 24513 0.00156761 2.88917
19858 24513 0.00156761 2.90584
19858 24513 0.00156761 2.9225
19856 24513 0.00156761 2.93917
19853 24513 0.00156761 2.95584
19853 24513 0.00156761 2.9725
19853 24513 0.00156761 2.98917
19852 24513 0.00156761 3.00584
19851 24513 0.00156761 3.0225
19851 24513 0.00156761 3.03917
19851 24513 0.00156761 3.05583
19851 24513 0.00156761 3.0725
19851 24513 0.00156761 3.08917
19851 24513 0.00156761 3.10583
19851 24513 0.00156761 3.1225
19851 24513 0.00156761 3.13917
19850 24513 0.00156761 3.15583
19850 24513 0.00156761 3.1725
19849 24513 0.00156761 3.18917
19847 24513 0.00156761 3.20583
19847 24513 0.00156761 3.2225
19847 24513 0.00156761 3.23917
19845 24513 0.00156761 3.25583
19845 24513 0.00156761 3.2725
19845 24513 0.00156761 3.28916
19844 24513 0.00156761 3.30583
19844 24513 0.00156761 3.3225
19844 24513 0.00156761 3.33916
19843 24513 0.00156761 3.35583
19843 24513 0.00156761 3.3725
19842 24513 0.00156761 3.38916
19839 24513 0.00156761 3.40583
19838 24513 0.00156761 3.4225
19838 24513 0.00156761 3.43916
19838 24513 0.00156761 3.45583
19838 24513 0.00156761 3.4725
19836 24513 0.00156761 3.48916
19836 24513 0.00156761 3.50583
19836 24513 0.00156761 3.52249
19836 24513 0.00156761 3.53916
19836 24513 0.00156761 3.55583
19835 24513 0.00156761 3.57249
19834 24513 0.00156761 3.58916
19834 24513 0.00156761 3.60583
19834 24513 0.00156761 3.62249
19833 24513 0.00156761 3.63916
19833 24513 0.00156761 3.65583
19833 24513 0.00156761 3.67249
19832 24513 0.00156761 3.68916
19832 24513 0.00156761 3.70582
19832 24513 0.00156761 3.72249
19830 24513 0.00156761 3.73916
19829 24513 0.00156761 3.75582
19829 24513 0.00156761 3.77249
19827 24513 0.00156761 3.78916
19827 24513 0.00156761 3.80582
19825 24513 0.00156761 3.82249
19824 24513 0.00156761 3.83916
19824 24513 0.00156761 3.85582
19823 24513 0.00156761 3.87249
19823 24513 0.00156761 3.88916
19823 24513 0.00156761 3.90582
19822 24513 0.00156761 3.92249
19821 24513 0.00156761 3.93915
19821 24513 0.00156761 3.95582
19820 24513 0.00156761 3.97249
19819 24513 0.00156761 3.98915
19819 24513 0.00156761 4.00582
19819 24513 0.00156761 4.02249
19818 24513 0.00156761 4.03915
19817 24513 0.00156761 4.05582
19817 24513 0.00156761 4.07249
19817 24513 0.00156761 4.08915
19816 24513 0.00156761 4.10582
19816 24513 0.00156761 4.12249
19816 24513 0.00156761 4.13915
19816 24513 0.00156761 4.15582
19816 24513 0.00156761 4.17248
19816 24513 0.00156761 4.18915
19816 24513 0.00156761 4.20582
19816 24513 0.00156761 4.22248
19816 24513 0.00156761 4.23915
19816 24513 0.00156761 4.25582
19816 24513 0.00156761 4.27248
19815 24513 0.00156761 4.28915
19815 24513 0.00156761 4.30582
19815 24513 0.00156761 4.32248
19815 24513 0.00156761 4.33915
19815 24513 0.00156761 4.35581
19815 24513 0.00156761 4.37248
19814 24513 0.00156761 4.38915
19813 24513 0.00156761 4.40581
19812 24513 0.00156761 4.42248
19812 24513 0.00156761 4.43915
19812 24513 0.00156761 4.45581
19811 24513 0.00156761 4.47248
19811 24513 0.00156761 4.48915
19811 24513 0.00156761 4.50581
19810 24513 0.00156761 4.52248
19810 24513 0.00156761 4.53915
19810 24513 0.00156761 4.55581
19810 24513 0.00156761 4.57248
19807 24513 0.00156761 4.58914
19807 24513 0.00156761 4.60581
19807 24513 0.00156761 4.62248
19806 24513 0.00156761 4.63914
19806 24513 0.00156761 4.65581
19804 24513 0.00156761 4.67248
19804 24513 0.00156761 4.68914
19804 24513 0.00156761 4.70581
19804 24513 0.00156761 4.72248
19803 24513 0.00156761 4.73914
19802 24513 0.00156761 4.75581
19802 24513 0.00156761 4.77248
19802 24513 0.00156761 4.78914
19801 24513 0.00156761 4.80581
19801 24513 0.00156761 4.82247
19801 24513 0.00156761 4.83914
19801 24513 0.00156761 4.85581
19801 24513 0.00156761 4.87247
19801 24513 0.00156761 4.88914
19801 24513 0.00156761 4.90581
19801 24513 0.00156761 4.92247
19801 24513 0.00156761 4.93914
19801 24513 0.00156761 4.95581
19800 24513 0.00156761 4.97247
19799 24513 0.00156761 4.98914
19799 24513 0.00156761 5.00581
19799 24513 0.00156761 5.02247
19799 24513 0.00156761 5.03914
19799 24513 0.00156761 5.0558
19799 24513 0.00156761 5.07247
19799 24513 0.00156761 5.08914
19799 24513 0.00156761 5.1058
19799 24513 0.00156761 5.12247
19799 24513 0.00156761 5.13914
19798 24513 0.00156761 5.1558
19798 24513 0.00156761 5.17247
19798 24513 0.00156761 5.18914
19798 24513 0.00156761 5.2058
19798 24513 0.00156761 5.22247
19798 24513 0.00156761 5.23913
19798 24513 0.00156761 5.2558
19798 24513 0.00156761 5.27247
19798 24513 0.00156761 5.28913
19798 24513 0.00156761 5.3058
19798 24513 0.00156761 5.32247
19797 24513 0.00156761 5.33913
19797 24513 0.00156761 5.3558
19797 24513 0.00156761 5.37247
19797 24513 0.00156761 5.38913
19797 24513 0.00156761 5.4058
19797 24513 0.00156761 5.42247
19797 24513 0.00156761 5.43913
19797 24513 0.00156761 5.4558
19797 24513 0.00156761 5.47246
19797 24513 0.00156761 5.48913
19796 24513 0.00156761 5.5058
19795 24513 0.00156761 5.52246
19795 24513 0.00156761 5.53913
19795 24513 0.00156761 5.5558
19795 24513 0.00156761 5.57246
19795 24513 0.00156761 5.58913
19795 24513 0.00156761 5.6058
19793 24513 0.00156761 5.62246
19792 24513 0.00156761 5.63913
19792 24513 0.00156761 5.6558
19792 24513 0.00156761 5.67246
19792 24513 0.00156761 5.68913
19791 24513 0.00156761 5.70579
19791 24513 0.00156761 5.72246
19790 24513 0.00156761 5.73913
19789 24513 0.00156761 5.75579
19789 24513 0.00156761 5.77246
19789 24513 0.00156761 5.78913
19789 24513 0.00156761 5.80579
19789 24513 0.00156761 5.82246
19789 24513 0.00156761 5.83913
19789 24513 0.00156761 5.85579
19789 24513 0.00156761 5.87246
19789 24513 0.00156761 5.88912
19789 24513 0.00156761 5.90579
19789 24513 0.00156761 5.92246
19788 24513 0.00156761 5.93912
19788 24513 0.00156761 5.95579
19788 24513 0.00156761 5.97246
19788 24513 0.00156761 5.98912
19788 24513 0.00156761 6.00579
19788 24513 0.00156761 6.02246
19788 24513 0.00156761 6.03912
19788 24513 0.00156761 6.05579
19788 24513 0.00156761 6.07246
19788 24513 0.00156761 6.08912
19788 24513 0.00156761 6.10579
19788 24513 0.00156761 6.12245
19788 24513 0.00156761 6.13912
19787 24513 0.00156761 6.15579
19787 24513 0.00156761 6.17245
19787 24513 0.00156761 6.18912
19787 24513 0.00156761 6.20579
19787 24513 0.00156761 6.22245
19787 24513 0.00156761 6.23912
19787 24513 0.00156761 6.25579
19786 24513 0.00156761 6.27245
19785 24513 0.00156761 6.28912
19785 24513 0.00156761 6.30579
19785 24513 0.00156761 6.32245
19784 24513 0.00156761 6.33912
19784 24513 0.00156761 6.35578
19784 24513 0.00156761 6.37245
19784 24513 0.00156761 6.38912
19784 24513 0.00156761 6.40578
19784 24513 0.00156761 6.42245
19784 24513 0.00156761 6.43912
19784 24513 0.00156761 6.45578
19784 24513 0.00156761 6.47245
19784 24513 0.00156761 6.48912
19784 24513 0.00156761 6.50578
19784 24513 0.00156761 6.52245
19783 24513 0.00156761 6.53911
19782 24513 0.00156761 6.55578
19781 24513 0.00156761 6.57245
19781 24513 0.00156761 6.58911
19781 24513 0.00156761 6.60578
19781 24513 0.00156761 6.62245
19781 24513 0.00156761 6.63911
19781 24513 0.00156761 6.65578
19781 24513 0.00156761 6.67245
19781 24513 0.00156761 6.68911
19781 24513 0.00156761 6.70578
19781 24513 0.00156761 6.72245
19781 24513 0.00156761 6.73911
19781 24513 0.00156761 6.75578
19781 24513 0.00156761 6.77244
19781 24513 0.00156761 6.78911
19781 24513 0.00156761 6.80578
19781 24513 0.00156761 6.82244
19781 24513 0.00156761 6.83911
19781 24513 0.00156761 6.85578
19781 24513 0.00156761 6.87244
19781 24513 0.00156761 6.88911
19781 24513 0.00156761 6.90578
19781 24513 0.00156761 6.92244
19781 24513 0.00313521 6.93911
19780 24513 0.00470282 6.95578
19780 24513 0.00627042 6.97244
19780 24513 0.00783803 6.98911
19780 24513 0.00940564 7.00577
19780 24513 0.0109732 7.02244
19780 24513 0.0125408 7.03911
19779 24513 0.0141085 7.05577
19779 24513 0.0156761 7.07244
19779 24513 0.0172437 7.08911
19779 24513 0.0188113 7.10577
19779 24513 0.0203789 7.12244
19779 24513 0.0219465 7.13911
19779 24513 0.0235141 7.15577
19779 24513 0.0250817 7.17244
19779 24513 0.0266493 7.18911
19779 24513 0.0282169 7.20577
19779 24513 0.0297845 7.22244
19779 24513 0.0313521 7.2391
19779 24513 0.0329197 7.25577
19779 24513 0.0344873 7.27244
19779 24513 0.0360549 7.2891
19779 24513 0.0376225 7.30577
19779 24513 0.0391902 7.32244
19779 24513 0.0407578 7.3391
19779 24513 0.0423254 7.35577
19779 24513 0.043893 7.37244
19779 24513 0.0454606 7.3891
19779 24513 0.0470282 7.40577
19779 24513 0.0485958 7.42243
19778 24513 0.0501634 7.4391
19778 24513 0.051731 7.45577
19778 24513 0.0532986 7.47243
19778 24513 0.0548662 7.4891
19777 24513 0.0564338 7.50577
19777 24513 0.0580014 7.52243
19777 24513 0.059569 7.5391
19777 24513 0.0611366 7.55577
19777 24513 0.0627042 7.57243
19777 24513 0.0642719 7.5891
19777 24513 0.0658395 7.60577
19776 24513 0.0674071 7.62243
19774 24513 0.0689747 7.6391
19774 24513 0.0705423 7.65576
19773 24513 0.0721099 7.67243
19773 24513 0.0736775 7.6891
19773 24513 0.0752451 7.70576
19772 24513 0.0768127 7.72243
19770 24513 0.0783803 7.7391
19769 24513 0.0799479 7.75576
19768 24513 0.0815156 7.77243
19767 24513 0.0830832 7.7891
19767 24513 0.0846508 7.80576
19767 24513 0.0862184 7.82243
19767 24513 0.087786 7.8391
19764 24513 0.0893536 7.85576
19763 24513 0.0909212 7.87243
19761 24513 0.0924888 7.88909
19760 24513 0.0940564 7.90576
19759 24513 0.095624 7.92243
19757 24513 0.0971917 7.93909
19753 24513 0.0987593 7.95576
19748 24513 0.100327 7.97243
19744 24513 0.101894 7.98909
19741 24513 0.103462 8.00576
19738 24513 0.10503 8.02243
19733 24513 0.106597 8.03909
19725 24513 0.108165 8.05576
19721 24513 0.109733 8.07242
19713 24513 0.1113 8.08909
19702 24513 0.112868 8.10576
19694 24513 0.114435 8.12242
19692 24513 0.116003 8.13909
19685 24513 0.117571 8.15576
19675 24513 0.119138 8.17242
19668 24513 0.120706 8.18909
19656 24513 0.122273 8.20576
19645 24513 0.123841 8.22242
19636 24513 0.125409 8.23909
19626 24513 0.126976 8.25576
19618 24513 0.128544 8.27242
19600 24513 0.130111 8.28909
19592 24513 0.131679 8.30575
19576 24513 0.133247 8.32242
19561 24513 0.134814 8.33909
19552 24513 0.136382 8.35575
19541 24513 0.137949 8.37242
19525 24513 0.139517 8.38909
19502 24513 0.141085 8.40575
19491 24513 0.142652 8.42242
19473 24513 0.14422 8.43909
19459 24513 0.145787 8.45575
19441 24513 0.147355 8.47242
19421 24513 0.148923 8.48909
19406 24513 0.15049 8.50575
19386 24513 0.152058 8.52242
19363 24513 0.153625 8.53908
19343 24513 0.155193 8.55575
19324 24513 0.156761 8.57242
19309 24513 0.158328 8.58908
19290 24513 0.159896 8.60575
19259 24513 0.161463 8.62242
19241 24513 0.163031 8.63908
19216 24513 0.164599 8.65575
19193 24513 0.166166 8.67242
19175 24513 0.167734 8.68908
19152 24513 0.169301 8.70575
19119 24513 0.170869 8.72241
19100 24513 0.172437 8.73908
19082 24513 0.174004 8.75575
19055 24513 0.175572 8.77241
19032 24513 0.177139 8.78908
19007 24513 0.178707 8.80575
18985 24513 0.180275 8.82241
18953 24513 0.181842 8.83908
18929 24513 0.18341 8.85575
18908 24513 0.184978 8.87241
18879 24513 0.186545 8.88908
18859 24513 0.188113 8.90575
18824 24513 0.18968 8.92241
18796 24513 0.191248 8.93908
18775 24513 0.192816 8.95574
18748 24513 0.194383 8.97241
18720 24513 0.195951 8.98908
18692 24513 0.197518 9.00574
18660 24513 0.199086 9.02241
18633 24513 0.200654 9.03908
18608 24513 0.202221 9.05574
18580 24513 0.203789 9.07241
18553 24513 0.205356 9.08908
18525 24513 0.206924 9.10574
18495 24513 0.208492 9.12241
18463 24513 0.210059 9.13908
18437 24513 0.211627 9.15574
18413 24513 0.213194 9.17241
18389 24513 0.214762 9.18907
18352 24513 0.21633 9.20574
18333 24513 0.217897 9.22241
18303 24513 0.219465 9.23907
18277 24513 0.221032 9.25574
18244 24513 0.2226 9.27241
18218 24513 0.224168 9.28907
18189 24513 0.225735 9.30574
18160 24513 0.227303 9.32241
18133 24513 0.22887 9.33907
18096 24513 0.230438 9.35574
18071 24513 0.232006 9.37241
18043 24513 0.233573 9.38907
18012 24513 0.235141 9.40574
17988 24513 0.236708 9.4224
17957 24513 0.238276 9.43907
17928 24513 0.239844 9.45574
17897 24513 0.241411 9.4724
17867 24513 0.242979 9.48907
17842 24513 0.244546 9.50574
17805 24513 0.246114 9.5224
17772 24513 0.247682 9.53907
17747 24513 0.249249 9.55574
17716 24513 0.250817 9.5724
17681 24513 0.252384 9.58907
17653 24513 0.253952 9.60573
17624 24513 0.25552 9.6224
17595 24513 0.257087 9.63907
17566 24513 0.258655 9.65573
17538 24513 0.260222 9.6724
17510 24513 0.26179 9.68907
17475 24513 0.263358 9.70573
17449 24513 0.264925 9.7224
17422 24513 0.266493 9.73907
17392 24513 0.26806 9.75573
17362 24513 0.269628 9.7724
17335 24513 0.271196 9.78907
17297 24513 0.272763 9.80573
17266 24513 0.274331 9.8224
17234 24513 0.275898 9.83906
17208 24513 0.277466 9.85573
17174 24513 0.279034 9.8724
17149 24513 0.280601 9.88906
17121 24513 0.282169 9.90573
17083 24513 0.283736 9.9224
17055 24513 0.285304 9.93906
17022 24513 0.286872 9.95573
16994 24513 0.288439 9.9724
16965 24513 0.290007 9.98906
16939 24513 0.291574 10.0057
16904 24513 0.293142 10.0224
16874 24513 0.29471 10.0391
16842 24513 0.296277 10.0557
16815 24513 0.297845 10.0724
16785 24513 0.299412 10.0891
16754 24513 0.30098 10.1057
16724 24513 0.302548 10.1224
16692 24513 0.304115 10.1391
16663 24513 0.305683 10.1557
16633 24513 0.30725 10.1724
16607 24513 0.308818 10.1891
16569 24513 0.310386 10.2057
16548 24513 0.311953 10.2224
16512 24513 0.313521 10.2391
16479 24513 0.315088 10.2557
16448 24513 0.316656 10.2724
16427 24513 0.318224 10.2891
16400 24513 0.319791 10.3057
16363 24513 0.321359 10.3224
16333 24513 0.322926 10.3391
16313 24513 0.324494 10.3557
16274 24513 0.326062 10.3724
16242 24513 0.327629 10.3891
16212 24513 0.329197 10.4057
16188 24513 0.330765 10.4224
16159 24513 0.332332 10.4391
16131 24513 0.3339 10.4557
16103 24513 0.335467 10.4724
16075 24513 0.337035 10.4891
16039 24513 0.338603 10.5057
16007 24513 0.34017 10.5224
15985 24513 0.341738 10.5391
15954 24513 0.343305 10.5557
15927 24513 0.344873 10.5724
15891 24513 0.346441 10.5891
15870 24513 0.348008 10.6057
15836 24513 0.349576 10.6224
15805 24513 0.351143 10.6391
15780 24513 0.352711 10.6557
15749 24513 0.354279 10.6724
15720 24513 0.355846 10.6891
15681 24513 0.357414 10.7057
15658 24513 0.358981 10.7224
15623 24513 0.360549 10.7391
15600 24513 0.362117 10.7557
15568 24513 0.363684 10.7724
15545 24513 0.365252 10.7891
15519 24513 0.366819 10.8057
15491 24513 0.368387 10.8224
15455 24513 0.369955 10.839
15423 24513 0.371522 10.8557
15389 24513 0.37309 10.8724
15363 24513 0.374657 10.889
15328 24513 0.376225 10.9057
15303 24513 0.377793 10.9224
15272 24513 0.37936 10.939
15238 24513 0.380928 10.9557
15212 24513 0.382495 10.9724
15183 24513 0.384063 10.989
15154 24513 0.385631 11.0057
15125 24513 0.387198 11.0224
15093 24513 0.388766 11.039
15060 24513 0.390333 11.0557
15038 24513 0.391901 11.0724
15005 24513 0.393469 11.089
14976 24513 0.395036 11.1057
14947 24513 0.396604 11.1224
14922 24513 0.398171 11.139
14893 24513 0.399739 11.1557
14867 24513 0.401307 11.1724
14832 24513 0.402874 11.189
14804 24513 0.404442 11.2057
14783 24513 0.406009 11.2224
14749 24513 0.407577 11.239
14717 24513 0.409145 11.2557
14684 24513 0.410712 11.2724
14655 24513 0.41228 11.289
14625 24513 0.413847 11.3057
14596 24513 0.415415 11.3224
14568 24513 0.416983 11.339
14530 24513 0.41855 11.3557
14504 24513 0.420118 11.3724
14478 24513 0.421685 11.389
14449 24513 0.423253 11.4057
14418 24513 0.424821 11.4224
14396 24513 0.426388 11.439
14365 24513 0.427956 11.4557
14332 24513 0.429523 11.4724
14301 24513 0.431091 11.489
14268 24513 0.432659 11.5057
14241 24513 0.434226 11.5224
14211 24513 0.435794 11.539
14181 24513 0.437361 11.5557
14158 24513 0.438929 11.5724
14126 24513 0.440497 11.589
14094 24513 0.442064 11.6057
14071 24513 0.443632 11.6224
14040 24513 0.445199 11.639
14010 24513 0.446767 11.6557
13987 24513 0.448335 11.6724
13957 24513 0.449902 11.689
13926 24513 0.45147 11.7057
13898 24513 0.453037 11.7224
13875 24513 0.454605 11.739
13843 24513 0.456173 11.7557
13815 24513 0.45774 11.7724
13786 24513 0.459308 11.789
13760 24513 0.460875 11.8057
13730 24513 0.462443 11.8224
13699 24513 0.464011 11.839
13673 24513 0.465578 11.8557
13648 24513 0.467146 11.8724
13615 24513 0.468713 11.889
13591 24513 0.470281 11.9057
13557 24513 0.471849 11.9224
13526 24513 0.473416 11.939
13503 24513 0.474984 11.9557
13474 24513 0.476552 11.9724
13444 24513 0.478119 11.989
13426 24513 0.479687 12.0057
13395 24513 0.481254 12.0224
13364 24513 0.482822 12.039
13335 24513 0.48439 12.0557
13307 24513 0.485957 12.0724
13277 24513 0.487525 12.089
13248 24513 0.489092 12.1057
13220 24513 0.49066 12.1224
13196 24513 0.492228 12.139
13164 24513 0.493795 12.1557
13138 24513 0.495363 12.1724
13103 24513 0.49693 12.189
13078 24513 0.498498 12.2057
13047 24513 0.500066 12.2224
13016 24513 0.501633 12.239
12992 24513 0.503201 12.2557
12967 24513 0.504768 12.2724
12939 24513 0.506336 12.289
12911 24513 0.507904 12.3057
12884 24513 0.509471 12.3224
12855 24513 0.511039 12.339
12824 24513 0.512606 12.3557
12799 24513 0.514174 12.3724
12773 24513 0.515742 12.389
12749 24513 0.517309 12.4057
12717 24513 0.518877 12.4224
12686 24513 0.520444 12.439
12661 24513 0.522012 12.4557
12633 24513 0.52358 12.4724
12606 24513 0.525147 12.489
12574 24513 0.526715 12.5057
12551 24513 0.528282 12.5224
12519 24513 0.52985 12.539
12489 24513 0.531418 12.5557
12467 24513 0.532985 12.5724
12432 24513 0.534553 12.589
12405 24513 0.53612 12.6057
12384 24513 0.537688 12.6224
12354 24513 0.539256 12.639
12321 24513 0.540823 12.6557
12299 24513 0.542391 12.6724
12265 24513 0.543958 12.689
12240 24513 0.545526 12.7057
12211 24513 0.547094 12.7224
12179 24513 0.548661 12.739
12154 24513 0.550229 12.7557
12131 24513 0.551796 12.7724
12096 24513 0.553364 12.789
12072 24513 0.554932 12.8057
12044 24513 0.556499 12.8224
12015 24513 0.558067 12.839
11988 24513 0.559634 12.8557
11956 24513 0.561202 12.8724
11937 24513 0.56277 12.889
11904 24513 0.564337 12.9057
11878 24513 0.565905 12.9224
11846 24513 0.567472 12.939
11823 24513 0.56904 12.9557
11786 24513 0.570608 12.9724
11761 24513 0.572175 12.989
11735 24513 0.573743 13.0057
11704 24513 0.57531 13.0223
11674 24513 0.576878 13.039
11649 24513 0.578446 13.0557
11626 24513 0.580013 13.0723
11599 24513 0.581581 13.089
11571 24513 0.583148 13.1057
11542 24513 0.584716 13.1223
11520 24513 0.586284 13.139
11493 24513 0.587851 13.1557
11457 24513 0.589419 13.1723
11430 24513 0.590986 13.189
11402 24513 0.592554 13.2057
11374 24513 0.594122 13.2223
11350 24513 0.595689 13.239
11324 24513 0.597257 13.2557
11294 24513 0.598825 13.2723
11275 24513 0.600392 13.289
11246 24513 0.60196 13.3057
11216 24513 0.603527 13.3223
11189 24513 0.605095 13.339
11157 24513 0.606663 13.3557
11129 24513 0.60823 13.3723
11103 24513 0.609798 13.389
11079 24513 0.611365 13.4057
11046 24513 0.612933 13.4223
11019 24513 0.614501 13.439
10995 24513 0.616068 13.4557
10971 24513 0.617636 13.4723
10942 24513 0.619203 13.489
10903 24513 0.620771 13.5057
10885 24513 0.622339 13.5223
10860 24513 0.623906 13.539
10829 24513 0.625474 13.5557
10799 24513 0.627041 13.5723
10776 24513 0.628609 13.589
10741 24513 0.630177 13.6057
10717 24513 0.631744 13.6223
10693 24513 0.633312 13.639
10664 24513 0.634879 13.6557
10645 24513 0.636447 13.6723
10605 24513 0.638015 13.689
10577 24513 0.639582 13.7057
10557 24513 0.64115 13.7223
10534 24513 0.642717 13.739
10503 24513 0.644285 13.7557
10480 24513 0.645853 13.7723
10454 24513 0.64742 13.789
10422 24513 0.648988 13.8057
10390 24513 0.650555 13.8223
10368 24513 0.652123 13.839
10339 24513 0.653691 13.8557
10310 24513 0.655258 13.8723
10285 24513 0.656826 13.889
10262 24513 0.658393 13.9057
10232 24513 0.659961 13.9223
10211 24513 0.661529 13.939
10179 24513 0.663096 13.9557
10152 24513 0.664664 13.9723
10127 24513 0.666231 13.989
10102 24513 0.667799 14.0057
10071 24513 0.669367 14.0223
10047 24513 0.670934 14.039
10020 24513 0.672502 14.0557
9997 24513 0.674069 14.0723
9971 24513 0.675637 14.089
9942 24513 0.677205 14.1057
9920 24513 0.678772 14.1223
9884 24513 0.68034 14.139
9865 24513 0.681907 14.1557
9838 24513 0.683475 14.1723
9811 24513 0.685043 14.189
9787 24513 0.68661 14.2057
9761 24513 0.688178 14.2223
9735 24513 0.689745 14.239
9710 24513 0.691313 14.2557
9685 24513 0.692881 14.2723
9658 24513 0.694448 14.289
9632 24513 0.696016 14.3057
9605 24513 0.697583 14.3223
9578 24513 0.699151 14.339
9554 24513 0.700719 14.3557
9523 24513 0.702286 14.3723
9500 24513 0.703854 14.389
9475 24513 0.705421 14.4057
9451 24513 0.706989 14.4223
9421 24513 0.708557 14.439
9391 24513 0.710124 14.4557
9373 24513 0.711692 14.4723
9348 24513 0.713259 14.489
9321 24513 0.714827 14.5057
9286 24513 0.716395 14.5223
9266 24513 0.717962 14.539
9237 24513 0.71953 14.5557
9208 24513 0.721097 14.5723
9191 24513 0.722665 14.589
9164 24513 0.724233 14.6057
9131 24513 0.7258 14.6223
9114 24513 0.727368 14.639
9084 24513 0.728935 14.6557
9060 24513 0.730503 14.6723
9032 24513 0.732071 14.689
9003 24513 0.733638 14.7057
8978 24513 0.735206 14.7223
8962 24513 0.736773 14.739
8929 24513 0.738341 14.7557
8900 24513 0.739909 14.7723
8875 24513 0.741476 14.789
8844 24513 0.743044 14.8057
8816 24513 0.744612 14.8223
8794 24513 0.746179 14.839
8763 24513 0.747747 14.8557
8738 24513 0.749314 14.8723
8714 24513 0.750882 14.889
8690 24513 0.75245 14.9057
8659 24513 0.754017 14.9223
8625 24513 0.755585 14.939
8612 24513 0.757152 14.9557
8582 24513 0.75872 14.9723
8553 24513 0.760288 14.989
8531 24513 0.761855 15.0057
8498 24513 0.763423 15.0223
8473 24513 0.76499 15.039
8451 24513 0.766558 15.0557
8425 24513 0.768126 15.0723
8397 24513 0.769693 15.089
8373 24513 0.771261 15.1057
8342 24513 0.772828 15.1223
8316 24513 0.774396 15.139
8292 24513 0.775964 15.1557
8264 24513 0.777531 15.1723
8239 24513 0.779099 15.189
8214 24513 0.780666 15.2056
8184 24513 0.782234 15.2223
8162 24513 0.783802 15.239
8132 24513 0.785369 15.2556
8107 24513 0.786937 15.2723
8083 24513 0.788504 15.289
8056 24513 0.790072 15.3056
8033 24513 0.79164 15.3223
8010 24513 0.793207 15.339
7977 24513 0.794775 15.3556
7957 24513 0.796342 15.3723
7934 24513 0.79791 15.389
7907 24513 0.799478 15.4056
7880 24513 0.801045 15.4223
7850 24513 0.802613 15.439
7831 24513 0.80418 15.4556
7806 24513 0.805748 15.4723
7777 24513 0.807316 15.489
7752 24513 0.808883 15.5056
7726 24513 0.810451 15.5223
7704 24513 0.812018 15.539
7679 24513 0.813586 15.5556
7647 24513 0.815154 15.5723
7623 24513 0.816721 15.589
7596 24513 0.818289 15.6056
7572 24513 0.819856 15.6223
7545 24513 0.821424 15.639
7519 24513 0.822992 15.6556
7496 24513 0.824559 15.6723
7468 24513 0.826127 15.689
7442 24513 0.827694 15.7056
7415 24513 0.829262 15.7223
7394 24513 0.83083 15.739
7365 24513 0.832397 15.7556
7338 24513 0.833965 15.7723
7325 24513 0.835532 15.789
7289 24513 0.8371 15.8056
7260 24513 0.838668 15.8223
7236 24513 0.840235 15.839
7209 24513 0.841803 15.8556
7187 24513 0.84337 15.8723
7162 24513 0.844938 15.889
7133 24513 0.846506 15.9056
7108 24513 0.848073 15.9223
7080 24513 0.849641 15.939
7053 24513 0.851208 15.9556
7030 24513 0.852776 15.9723
7009 24513 0.854344 15.989
6976 24513 0.855911 16.0056
6950 24513 0.857479 16.0223
6929 24513 0.859046 16.039
6904 24513 0.860614 16.0556
6875 24513 0.862182 16.0723
6857 24513 0.863749 16.089
6829 24513 0.865317 16.1056
6799 24513 0.866884 16.1223
6776 24513 0.868452 16.139
6753 24513 0.87002 16.1556
6725 24513 0.871587 16.1723
6703 24513 0.873155 16.189
6676 24513 0.874722 16.2056
6652 24513 0.87629 16.2223
6624 24513 0.877858 16.239
6600 24513 0.879425 16.2556
6577 24513 0.880993 16.2723
6551 24513 0.88256 16.289
6526 24513 0.884128 16.3056
6499 24513 0.885696 16.3223
6473 24513 0.887263 16.339
6451 24513 0.888831 16.3556
6419 24513 0.890399 16.3723
6399 24513 0.891966 16.389
6369 24513 0.893534 16.4056
6346 24513 0.895101 16.4223
6326 24513 0.896669 16.439
6293 24513 0.898237 16.4556
6272 24513 0.899804 16.4723
6243 24513 0.901372 16.489
6220 24513 0.902939 16.5056
6187 24513 0.904507 16.5223
6164 24513 0.906075 16.539
6145 24513 0.907642 16.5556
6120 24513 0.90921 16.5723
6096 24513 0.910777 16.589
6067 24513 0.912345 16.6056
6051 24513 0.913913 16.6223
6020 24513 0.91548 16.639
5992 24513 0.917048 16.6556
5973 24513 0.918615 16.6723
5944 24513 0.920183 16.689
5922 24513 0.921751 16.7056
5893 24513 0.923318 16.7223
5870 24513 0.924886 16.739
5848 24513 0.926453 16.7556
5816 24513 0.928021 16.7723
5793 24513 0.929589 16.789
5767 24513 0.931156 16.8056
5746 24513 0.932724 16.8223
5719 24513 0.934291 16.839
5695 24513 0.935859 16.8556
5665 24513 0.937427 16.8723
5645 24513 0.938994 16.889
5627 24513 0.940562 16.9056
5597 24513 0.942129 16.9223
5575 24513 0.943697 16.939
5543 24513 0.945265 16.9556
5519 24513 0.946832 16.9723
5500 24513 0.9484 16.989
5466 24513 0.949967 17.0056
5444 24513 0.951535 17.0223
5423 24513 0.953103 17.039
5395 24513 0.95467 17.0556
5372 24513 0.956238 17.0723
5354 24513 0.957805 17.089
5318 24513 0.959373 17.1056
5298 24513 0.960941 17.1223
5273 24513 0.962508 17.139
5248 24513 0.964076 17.1556
5226 24513 0.965643 17.1723
5198 24513 0.967211 17.189
5174 24513 0.968779 17.2056
5148 24513 0.970346 17.2223
5127 24513 0.971914 17.239
5098 24513 0.973481 17.2556
5073 24513 0.975049 17.2723
5048 24513 0.976617 17.289
5031 24513 0.978184 17.3056
5005 24513 0.979752 17.3223
4977 24513 0.981319 17.339
4956 24513 0.982887 17.3556
4933 24513 0.984455 17.3723
4909 24513 0.986022 17.389
4882 24513 0.98759 17.4056
4852 24513 0.989157 17.4223
4832 24513 0.990725 17.4389
4810 24513 0.992293 17.4556
4784 24513 0.99386 17.4723
4760 24513 0.995428 17.4889
4736 24513 0.996995 17.5056
4710 24513 0.998563 17.5223
4690 24513 1.00013 17.5389
4658 24513 1.0017 17.5556
4634 24513 1.00327 17.5723
4608 24513 1.00483 17.5889
4587 24513 1.0064 17.6056
4562 24513 1.00797 17.6223
4540 24513 1.00954 17.6389
4512 24513 1.0111 17.6556
4487 24513 1.01267 17.6723
4463 24513 1.01424 17.6889
4433 24513 1.01581 17.7056
4419 24513 1.01737 17.7223
4390 24513 1.01894 17.7389
4361 24513 1.02051 17.7556
4339 24513 1.02208 17.7723
4314 24513 1.02364 17.7889
4292 24513 1.02521 17.8056
4259 24513 1.02678 17.8223
4240 24513 1.02835 17.8389
4214 24513 1.02992 17.8556
4190 24513 1.03148 17.8723
4170 24513 1.03305 17.8889
4144 24513 1.03462 17.9056
4121 24513 1.03619 17.9223
4097 24513 1.03775 17.9389
4075 24513 1.03932 17.9556
4046 24513 1.04089 17.9723
4029 24513 1.04246 17.9889
3998 24513 1.04402 18.0056
3975 24513 1.04559 18.0223
3950 24513 1.04716 18.0389
3921 24513 1.04873 18.0556
3900 24513 1.05029 18.0723
3881 24513 1.05186 18.0889
3852 24513 1.05343 18.1056
3826 24513 1.055 18.1223
3804 24513 1.05656 18.1389
3780 24513 1.05813 18.1556
3756 24513 1.0597 18.1723
3730 24513 1.06127 18.1889
3705 24513 1.06283 18.2056
3680 24513 1.0644 18.2223
3659 24513 1.06597 18.2389
3631 24513 1.06754 18.2556
3608 24513 1.06911 18.2723
3584 24513 1.07067 18.2889
3563 24513 1.07224 18.3056
3539 24513 1.07381 18.3223
3519 24513 1.07538 18.3389
3498 24513 1.07694 18.3556
3468 24513 1.07851 18.3723
3448 24513 1.08008 18.3889
3425 24513 1.08165 18.4056
3398 24513 1.08321 18.4223
3376 24513 1.08478 18.4389
3354 24513 1.08635 18.4556
3333 24513 1.08792 18.4723
3304 24513 1.08948 18.4889
3284 24513 1.09105 18.5056
3258 24513 1.09262 18.5223
3235 24513 1.09419 18.5389
3215 24513 1.09575 18.5556
3188 24513 1.09732 18.5723
3162 24513 1.09889 18.5889
3142 24513 1.10046 18.6056
3121 24513 1.10202 18.6223
3098 24513 1.10359 18.6389
3075 24513 1.10516 18.6556
3049 24513 1.10673 18.6723
3030 24513 1.1083 18.6889
3007 24513 1.10986 18.7056
2983 24513 1.11143 18.7223
2960 24513 1.113 18.7389
2934 24513 1.11457 18.7556
2907 24513 1.11613 18.7723
2892 24513 1.1177 18.7889
2869 24513 1.11927 18.8056
2844 24513 1.12084 18.8223
2824 24513 1.1224 18.8389
2802 24513 1.12397 18.8556
2782 24513 1.12554 18.8723
2758 24513 1.12711 18.8889
2734 24513 1.12867 18.9056
2720 24513 1.13024 18.9223
2692 24513 1.13181 18.9389
2669 24513 1.13338 18.9556
2648 24513 1.13494 18.9723
2631 24513 1.13651 18.9889
2605 24513 1.13808 19.0056
2588 24513 1.13965 19.0223
2563 24513 1.14121 19.0389
2542 24513 1.14278 19.0556
2522 24513 1.14435 19.0723
2497 24513 1.14592 19.0889
2478 24513 1.14749 19.1056
2460 24513 1.14905 19.1223
2437 24513 1.15062 19.1389
2416 24513 1.15219 19.1556
2396 24513 1.15376 19.1723
2369 24513 1.15532 19.1889
2356 24513 1.15689 19.2056
2332 24513 1.15846 19.2223
2309 24513 1.16003 19.2389
2291 24513 1.16159 19.2556
2268 24513 1.16316 19.2723
2249 24513 1.16473 19.2889
2229 24513 1.1663 19.3056
2212 24513 1.16786 19.3223
2188 24513 1.16943 19.3389
2166 24513 1.171 19.3556
2147 24513 1.17257 19.3723
2130 24513 1.17413 19.3889
2112 24513 1.1757 19.4056
2085 24513 1.17727 19.4223
2068 24513 1.17884 19.4389
2051 24513 1.1804 19.4556
2030 24513 1.18197 19.4723
2009 24513 1.18354 19.4889
1990 24513 1.18511 19.5056
1973 24513 1.18668 19.5223
1953 24513 1.18824 19.5389
1935 24513 1.18981 19.5556
1916 24513 1.19138 19.5723
1892 24513 1.19295 19.5889
1875 24513 1.19451 19.6056
1856 24513 1.19608 19.6222
1834 24513 1.19765 19.6389
1818 24513 1.19922 19.6556
1799 24513 1.20078 19.6722
1776 24513 1.20235 19.6889
1756 24513 1.20392 19.7056
1739 24513 1.20549 19.7222
1721 24513 1.20705 19.7389
1695 24513 1.20862 19.7556
1681 24513 1.21019 19.7722
1662 24513 1.21176 19.7889
1644 24513 1.21332 19.8056
1627 24513 1.21489 19.8222
1610 24513 1.21646 19.8389
1590 24513 1.21803 19.8556
1570 24513 1.21959 19.8722
1556 24513 1.22116 19.8889
1533 24513 1.22273 19.9056
1519 24513 1.2243 19.9222
1500 24513 1.22587 19.9389
1482 24513 1.22743 19.9556
1464 24513 1.229 19.9722
1447 24513 1.23057 19.9889
1430 24513 1.23214 20.0056
1411 24513 1.2337 20.0222
1393 24513 1.23527 20.0389
1377 24513 1.23684 20.0556
1360 24513 1.23841 20.0722
1341 24513 1.23997 20.0889
1324 24513 1.24154 20.1056
1307 24513 1.24311 20.1222
1288 24513 1.24468 20.1389
1272 24513 1.24624 20.1556
1257 24513 1.24781 20.1722
1239 24513 1.24938 20.1889
1223 24513 1.25095 20.2056
1206 24513 1.25251 20.2222
1190 24513 1.25408 20.2389
1171 24513 1.25565 20.2556
1155 24513 1.25722 20.2722
1141 24513 1.25879 20.2889
1123 24513 1.26035 20.3056
1107 24513 1.26192 20.3222
1091 24513 1.26349 20.3389
1075 24513 1.26506 20.3556
1059 24513 1.26662 20.3722
1043 24513 1.26819 20.3889
1028 24513 1.26976 20.4056
1011 24513 1.27133 20.4222
996 24513 1.27289 20.4389
978 24513 1.27446 20.4556
965 24513 1.27603 20.4722
947 24513 1.2776 20.4889
935 24513 1.27916 20.5056
919 24513 1.28073 20.5222
906 24513 1.2823 20.5389
892 24513 1.28387 20.5556
877 24513 1.28543 20.5722
862 24513 1.287 20.5889
847 24513 1.28857 20.6056
834 24513 1.29014 20.6222
817 24513 1.2917 20.6389
805 24513 1.29327 20.6556
792 24513 1.29484 20.6722
776 24513 1.29641 20.6889
763 24513 1.29798 20.7056
750 24513 1.29954 20.7222
736 24513 1.30111 20.7389
720 24513 1.30268 20.7556
710 24513 1.30425 20.7722
696 24513 1.30581 20.7889
684 24513 1.30738 20.8056
670 24513 1.30895 20.8222
658 24513 1.31052 20.8389
646 24513 1.31208 20.8556
631 24513 1.31365 20.8722
625 24513 1.31522 20.8889
608 24513 1.31679 20.9056
595 24513 1.31835 20.9222
586 24513 1.31992 20.9389
574 24513 1.32149 20.9556
560 24513 1.32306 20.9722
548 24513 1.32462 20.9889
541 24513 1.32619 21.0056
527 24513 1.32776 21.0222
518 24513 1.32933 21.0389
507 24513 1.33089 21.0556
494 24513 1.33246 21.0722
485 24513 1.33403 21.0889
474 24513 1.3356 21.1056
462 24513 1.33717 21.1222
452 24513 1.33873 21.1389
445 24513 1.3403 21.1556
433 24513 1.34187 21.1722
424 24513 1.34344 21.1889
413 24513 1.345 21.2056
405 24513 1.34657 21.2222
395 24513 1.34814 21.2389
385 24513 1.34971 21.2556
374 24513 1.35127 21.2722
367 24513 1.35284 21.2889
359 24513 1.35441 21.3056
349 24513 1.35598 21.3222
341 24513 1.35754 21.3389
332 24513 1.35911 21.3556
323 24513 1.36068 21.3722
315 24513 1.36225 21.3889
307 24513 1.36381 21.4056
298 24513 1.36538 21.4222
290 24513 1.36695 21.4389
281 24513 1.36852 21.4556
274 24513 1.37008 21.4722
265 24513 1.37165 21.4889
256 24513 1.37322 21.5056
248 24513 1.37479 21.5222
242 24513 1.37636 21.5389
235 24513 1.37792 21.5556
225 24513 1.37949 21.5722
216 24513 1.38106 21.5889
209 24513 1.38263 21.6056
200 24513 1.38419 21.6222
194 24513 1.38576 21.6389
186 24513 1.38733 21.6556
178 24513 1.3889 21.6722
171 24513 1.39046 21.6889
165 24513 1.39203 21.7056
156 24513 1.3936 21.7222
149 24513 1.39517 21.7389
143 24513 1.39673 21.7556
134 24513 1.3983 21.7722
129 24513 1.39987 21.7889
121 24513 1.40144 21.8055
114 24513 1.403 21.8222
109 24513 1.40457 21.8389
102 24513 1.40614 21.8555
96 24513 1.40771 21.8722
89 24513 1.40927 21.8889
82 24513 1.41084 21.9055
77 24513 1.41241 21.9222
70 24513 1.41398 21.9389
65 24513 1.41555 21.9555
59 24513 1.41711 21.9722
55 24513 1.41868 21.9889
51 24513 1.42025 22.0055
47 24513 1.42182 22.0222
41 24513 1.42338 22.0389
37 24513 1.42495 22.0555
33 24513 1.42652 22.0722
29 24513 1.42809 22.0889
25 24513 1.42965 22.1055
23 24513 1.43122 22.1222
19 24513 1.43279 22.1389
18 24513 1.43436 22.1555
15 24513 1.43592 22.1722
11 24513 1.43749 22.1889
8 24513 1.43906 22.2055
5 24513 1.44063 22.2222
3 24513 1.44219 22.2389
1 24513 1.44376 22.2555
0 24513 1.44533 22.2722
0 24513 1.4469 22.2889
0 24513 1.44846 22.3055
0 24513 1.45003 22.3222
0 24513 1.4516 22.3389
0 24513 1.45317 22.3555
0 24513 1.45474 22.3722
0 24513 1.4563 22.3889
0 24513 1.45787 22.4055
0 24513 1.45944 22.4222
0 24513 1.46101 22.4389
0 24513 1.46257 22.4555
0 24513 1.46414 22.4722
0 24513 1.46571 22.4889
0 24513 1.46728 22.5055
0 24513 1.46884 22.5222
0 24513 1.47041 22.5389
0 24513 1.47198 22.5555
0 24513 1.47355 22.5722
0 24513 1.47511 22.5889
0 24513 1.47668 22.6055
0 24513 1.47825 22.6222
0 24513 1.47982 22.6389
0 24513 1.48138 22.6555
0 24513 1.48295 22.6722
0 24513 1.48452 22.6889
0 24513 1.48609 22.7055
0 24513 1.48765 22.7222
0 24513 1.48922 22.7389
0 24513 1.49079 22.7555
0 24513 1.49236 22.7722
0 24513 1.49393 22.7889
0 24513 1.49549 22.8055
0 24513 1.49706 22.8222
0 24513 1.49863 22.8389
0 24513 1.5002 22.8555
0 24513 1.50176 22.8722
0 24513 1.50333 22.8889
0 24513 1.5049 22.9055
0 24513 1.50647 22.9222
0 24513 1.50803 22.9389
0 24513 1.5096 22.9555
0 24513 1.51117 22.9722
0 24513 1.51274 22.9889
0 24513 1.5143 23.0055
0 24513 1.51587 23.0222
0 24513 1.51744 23.0389
0 24513 1.51901 23.0555
0 24513 1.52057 23.0722
0 24513 1.52214 23.0889
0 24513 1.52371 23.1055
0 24513 1.52528 23.1222
0 24513 1.52684 23.1389
0 24513 1.52841 23.1555
0 24513 1.52998 23.1722
0 24513 1.53155 23.1889
0 24513 1.53312 23.2055
0 24513 1.53468 23.2222
0 24513 1.53625 23.2389
0 24513 1.53782 23.2555
0 24513 1.53939 23.2722
0 24513 1.54095 23.2889
0 24513 1.54252 23.3055
0 24513 1.54409 23.3222
0 24513 1.54566 23.3389
0 24513 1.54722 23.3555
0 24513 1.54879 23.3722
0 24513 1.55036 23.3889
0 24513 1.55193 23.4055
0 24513 1.55349 23.4222
0 24513 1.55506 23.4389
0 24513 1.55663 23.4555
0 24513 1.5582 23.4722
0 24513 1.55976 23.4889
0 24513 1.56133 23.5055
0 24513 1.5629 23.5222
0 24513 1.56447 23.5389
0 24513 1.56604 23.5555
0 24513 1.5676 23.5722
0 24513 1.56917 23.5889
0 24513 1.57074 23.6055
0 24513 1.57231 23.6222
0 24513 1.57387 23.6389
0 24513 1.57544 23.6555
0 24513 1.57701 23.6722
0 24513 1.57858 23.6889
0 24513 1.58014 23.7055
0 24513 1.58171 23.7222
0 24513 1.58328 23.7389
0 24513 1.58485 23.7555
0 24513 1.58641 23.7722
0 24513 1.58798 23.7889
0 24513 1.58955 23.8055
0 24513 1.59112 23.8222
0 24513 1.59268 23.8389
0 24513 1.59425 23.8555
0 24513 1.59582 23.8722
0 24513 1.59739 23.8889
0 24513 1.59895 23.9055
0 24513 1.60052 23.9222
0 24513 1.60209 23.9389
0 24513 1.60366 23.9555
0 24513 1.60523 23.9722
0 24513 1.60679 23.9888
0 24513 1.60836 24.0055
0 24513 1.60993 24.0222
0 24513 1.6115 24.0388
0 24513 1.61306 24.0555
0 24513 1.61463 24.0722
0 24513 1.6162 24.0888
0 24513 1.61777 24.1055
0 24513 1.61933 24.1222
0 24513 1.6209 24.1388
0 24513 1.62247 24.1555
0 24513 1.62404 24.1722
0 24513 1.6256 24.1888
0 24513 1.62717 24.2055
0 24513 1.62874 24.2222
0 24513 1.63031 24.2388
0 24513 1.63187 24.2555
0 24513 1.63344 24.2722
0 24513 1.63501 24.2888
0 24513 1.63658 24.3055
0 24513 1.63814 24.3222
0 24513 1.63971 24.3388
0 24513 1.64128 24.3555
0 24513 1.64285 24.3722
0 24513 1.64442 24.3888
0 24513 1.64598 24.4055
0 24513 1.64755 24.4222
0 24513 1.64912 24.4388
0 24513 1.65069 24.4555
0 24513 1.65225 24.4722
0 24513 1.65382 24.4888
0 24513 1.65539 24.5055
0 24513 1.65696 24.5222
0 24513 1.65852 24.5388
0 24513 1.66009 24.5555
0 24513 1.66166 24.5722
0 24513 1.66323 24.5888
0 24513 1.66479 24.6055
0 24513 1.66636 24.6222
0 24513 1.66793 24.6388
0 24513 1.6695 24.6555
0 24513 1.67106 24.6722
0 24513 1.67263 24.6888
0 24513 1.6742 24.7055
0 24513 1.67577 24.7222
0 24513 1.67733 24.7388
0 24513 1.6789 24.7555
0 24513 1.68047 24.7722
0 24513 1.68204 24.7888
0 24513 1.68361 24.8055
0 24513 1.68517 24.8222
0 24513 1.68674 24.8388
0 24513 1.68831 24.8555
0 24513 1.68988 24.8722
0 24513 1.69144 24.8888
0 24513 1.69301 24.9055
0 24513 1.69458 24.9222
0 24513 1.69615 24.9388
0 24513 1.69771 24.9555
0 24513 1.69928 24.9722
0 24513 1.70085 24.9888
0 24513 1.70242 25.0055
0 24513 1.70398 25.0222
0 24513 1.70555 25.0388
0 24513 1.70712 25.0555
0 24513 1.70869 25.0722
0 24513 1.71025 25.0888
0 24513 1.71182 25.1055
0 24513 1.71339 25.1222
0 24513 1.71496 25.1388
0 24513 1.71652 25.1555
0 24513 1.71809 25.1722
0 24513 1.71966 25.1888
0 24513 1.72123 25.2055
0 24513 1.7228 25.2222
0 24513 1.72436 25.2388
0 24513 1.72593 25.2555
0 24513 1.7275 25.2722
0 24513 1.72907 25.2888
0 24513 1.73063 25.3055
0 24513 1.7322 25.3222
0 24513 1.73377 25.3388
0 24513 1.73534 25.3555
0 24513 1.7369 25.3722
0 24513 1.73847 25.3888
0 24513 1.74004 25.4055
0 24513 1.74161 25.4222
0 24513 1.74317 25.4388
0 24513 1.74474 25.4555
0 24513 1.74631 25.4722
0 24513 1.74788 25.4888
0 24513 1.74944 25.5055
0 24513 1.75101 25.5222
0 24513 1.75258 25.5388
0 24513 1.75415 25.5555
0 24513 1.75571 25.5722
0 24513 1.75728 25.5888
0 24513 1.75885 25.6055
0 24513 1.76042 25.6222
0 24513 1.76199 25.6388
0 24513 1.76355 25.6555
0 24513 1.76512 25.6722
0 24513 1.76669 25.6888
0 24513 1.76826 25.7055
0 24513 1.76982 25.7222
0 24513 1.77139 25.7388
0 24513 1.77296 25.7555
0 24513 1.77453 25.7722
0 24513 1.77609 25.7888
0 24513 1.77766 25.8055
0 24513 1.77923 25.8222
0 24513 1.7808 25.8388
0 24513 1.78236 25.8555
0 24513 1.78393 25.8722
0 24513 1.7855 25.8888
0 24513 1.78707 25.9055
0 24513 1.78863 25.9222
0 24513 1.7902 25.9388
0 24513 1.79177 25.9555
0 24513 1.79334 25.9722
0 24513 1.7949 25.9888
0 24513 1.79647 26.0055
0 24513 1.79804 26.0222
0 24513 1.79961 26.0388
0 24513 1.80118 26.0555
0 24513 1.80274 26.0722
0 24513 1.80431 26.0888
0 24513 1.80588 26.1055
0 24513 1.80745 26.1222
0 24513 1.80901 26.1388
0 24513 1.81058 26.1555
0 24513 1.81215 26.1721
0 24513 1.81372 26.1888
0 24513 1.81528 26.2055
0 24513 1.81685 26.2221
0 24513 1.81842 26.2388
0 24513 1.81999 26.2555
0 24513 1.82155 26.2721
0 24513 1.82312 26.2888
0 24513 1.82469 26.3055
0 24513 1.82626 26.3221
0 24513 1.82782 26.3388
0 24513 1.82939 26.3555
0 24513 1.83096 26.3721
0 24513 1.83253 26.3888
0 24513 1.8341 26.4055
0 24513 1.83566 26.4221
0 24513 1.83723 26.4388
0 24513 1.8388 26.4555
0 24513 1.84037 26.4721
0 24513 1.84193 26.4888
0 24513 1.8435 26.5055
0 24513 1.84507 26.5221
0 24513 1.84664 26.5388
0 24513 1.8482 26.5555
0 24513 1.84977 26.5721
0 24513 1.85134 26.5888
0 24513 1.85291 26.6055
0 24513 1.85447 26.6221
0 24513 1.85604 26.6388
0 24513 1.85761 26.6555
0 24513 1.85918 26.6721
0 24513 1.86074 26.6888
0 24513 1.86231 26.7055
0 24513 1.86388 26.7221
0 24513 1.86545 26.7388
0 24513 1.86701 26.7555
0 24513 1.86858 26.7721
0 24513 1.87015 26.7888
0 24513 1.87172 26.8055
0 24513 1.87329 26.8221
0 24513 1.87485 26.8388
0 24513 1.87642 26.8555
0 24513 1.87799 26.8721
0 24513 1.87956 26.8888
0 24513 1.88112 26.9055
0 24513 1.88269 26.9221
0 24513 1.88426 26.9388
0 24513 1.88583 26.9555
0 24513 1.88739 26.9721
0 24513 1.88896 26.9888
0 24513 1.89053 27.0055
0 24513 1.8921 27.0221
0 24513 1.89366 27.0388
0 24513 1.89523 27.0555
0 24513 1.8968 27.0721
0 24513 1.89837 27.0888
0 24513 1.89993 27.1055
0 24513 1.9015 27.1221
0 24513 1.90307 27.1388
0 24513 1.90464 27.1555
0 24513 1.9062 27.1721
0 24513 1.90777 27.1888
0 24513 1.90934 27.2055
0 24513 1.91091 27.2221
0 24513 1.91248 27.2388
0 24513 1.91404 27.2555
0 24513 1.91561 27.2721
0 24513 1.91718 27.2888
0 24513 1.91875 27.3055
0 24513 1.92031 27.3221
0 24513 1.92188 27.3388
0 24513 1.92345 27.3555
0 24513 1.92502 27.3721
0 24513 1.92658 27.3888
0 24513 1.92815 27.4055
0 24513 1.92972 27.4221
0 24513 1.93129 27.4388
0 24513 1.93285 27.4555
0 24513 1.93442 27.4721
0 24513 1.93599 27.4888
0 24513 1.93756 27.5055
0 24513 1.93912 27.5221
0 24513 1.94069 27.5388
0 24513 1.94226 27.5555
0 24513 1.94383 27.5721
0 24513 1.94539 27.5888
0 24513 1.94696 27.6055
0 24513 1.94853 27.6221
0 24513 1.9501 27.6388
0 24513 1.95167 27.6555
0 24513 1.95323 27.6721
0 24513 1.9548 27.6888
0 24513 1.95637 27.7055
0 24513 1.95794 27.7221
0 24513 1.9595 27.7388
0 24513 1.96107 27.7555
0 24513 1.96264 27.7721
0 24513 1.96421 27.7888
0 24513 1.96577 27.8055
0 24513 1.96734 27.8221
0 24513 1.96891 27.8388
0 24513 1.97048 27.8555
0 24513 1.97204 27.8721
0 24513 1.97361 27.8888
0 24513 1.97518 27.9055
0 24513 1.97675 27.9221
0 24513 1.97831 27.9388
0 24513 1.97988 27.9555
0 24513 1.98145 27.9721
0 24513 1.98302 27.9888
0 24513 1.98458 28.0055
0 24513 1.98615 28.0221
0 24513 1.98772 28.0388
0 24513 1.98929 28.0555
0 24513 1.99086 28.0721
0 24513 1.99242 28.0888
0 24513 1.99399 28.1055
0 24513 1.99556 28.1221
0 24513 1.99713 28.1388
0 24513 1.99869 28.1555
0 24513 2.00026 28.1721
0 24513 2.00183 28.1888
0 24513 2.0034 28.2055
0 24513 2.00496 28.2221
0 24513 2.00653 28.2388
0 24513 2.0081 28.2555
0 24513 2.00967 28.2721
0 24513 2.01123 28.2888
0 24513 2.0128 28.3055
0 24513 2.01437 28.3221
0 24513 2.01594 28.3388
0 24513 2.0175 28.3554
0 24513 2.01907 28.3721
0 24513 2.02064 28.3888
0 24513 2.02221 28.4054
0 24513 2.02377 28.4221
0 24513 2.02534 28.4388
0 24513 2.02691 28.4554
0 24513 2.02848 28.4721
0 24513 2.03005 28.4888
0 24513 2.03161 28.5054
0 24513 2.03318 28.5221
0 24513 2.03475 28.5388
0 24513 2.03632 28.5554
0 24513 2.03788 28.5721
0 24513 2.03945 28.5888
0 24513 2.04102 28.6054
0 24513 2.04259 28.6221
0 24513 2.04415 28.6388
0 24513 2.04572 28.6554
0 24513 2.04729 28.6721
0 24513 2.04886 28.6888
0 24513 2.05042 28.7054
0 24513 2.05199 28.7221
0 24513 2.05356 28.7388
0 24513 2.05513 28.7554
0 24513 2.05669 28.7721
0 24513 2.05826 28.7888
0 24513 2.05983 28.8054
0 24513 2.0614 28.8221
0 24513 2.06296 28.8388
0 24513 2.06453 28.8554
0 24513 2.0661 28.8721
0 24513 2.06767 28.8888
0 24513 2.06924 28.9054
0 24513 2.0708 28.9221
0 24513 2.07237 28.9388
0 24513 2.07394 28.9554
0 24513 2.07551 28.9721
0 24513 2.07707 28.9888
0 24513 2.07864 29.0054
0 24513 2.08021 29.0221
0 24513 2.08178 29.0388
0 24513 2.08334 29.0554
0 24513 2.08491 29.0721
0 24513 2.08648 29.0888
0 24513 2.08805 29.1054
0 24513 2.08961 29.1221
0 24513 2.09118 29.1388
0 24513 2.09275 29.1554
0 24513 2.09432 29.1721
0 24513 2.09588 29.1888
0 24513 2.09745 29.2054
0 24513 2.09902 29.2221
0 24513 2.10059 29.2388
0 24513 2.10215 29.2554
0 24513 2.10372 29.2721
0 24513 2.10529 29.2888
0 24513 2.10686 29.3054
0 24513 2.10843 29.3221
0 24513 2.10999 29.3388
0 24513 2.11156 29.3554
0 24513 2.11313 29.3721
0 24513 2.1147 29.3888
0 24513 2.11626 29.4054
0 24513 2.11783 29.4221
0 24513 2.1194 29.4388
0 24513 2.12097 29.4554
0 24513 2.12253 29.4721
0 24513 2.1241 29.4888
0 24513 2.12567 29.5054
0 24513 2.12724 29.5221
0 24513 2.1288 29.5388
0 24513 2.13037 29.5554
0 24513 2.13194 29.5721
0 24513 2.13351 29.5888
0 24513 2.13507 29.6054
0 24513 2.13664 29.6221
0 24513 2.13821 29.6388
0 24513 2.13978 29.6554
0 24513 2.14135 29.6721
0 24513 2.14291 29.6888
0 24513 2.14448 29.7054
0 24513 2.14605 29.7221
0 24513 2.14762 29.7388
0 24513 2.14918 29.7554
0 24513 2.15075 29.7721
0 24513 2.15232 29.7888
0 24513 2.15389 29.8054
0 24513 2.15545 29.8221
0 24513 2.15702 29.8388
0 24513 2.15859 29.8554
0 24513 2.16016 29.8721
0 24513 2.16172 29.8888
0 24513 2.16329 29.9054
0 24513 2.16486 29.9221
0 24513 2.16643 29.9388
0 24513 2.16799 29.9554
0 24513 2.16956 29.9721
0 24513 2.17113 29.9888
0 24513 2.1727 30.0054
0 24513 2.17426 30.0221
0 24513 2.17583 30.0388
0 24513 2.1774 30.0554
0 24513 2.17897 30.0721
0 24513 2.18054 30.0888
0 24513 2.1821 30.1054
0 24513 2.18367 30.1221
0 24513 2.18524 30.1388
0 24513 2.18681 30.1554
0 24513 2.18837 30.1721
0 24513 2.18994 30.1888
0 24513 2.19151 30.2054
0 24513 2.19308 30.2221
0 24513 2.19464 30.2388
0 24513 2.19621 30.2554
0 24513 2.19778 30.2721
0 24513 2.19935 30.2888
0 24513 2.20091 30.3054
0 24513 2.20248 30.3221
0 24513 2.20405 30.3388
0 24513 2.20562 30.3554
0 24513 2.20718 30.3721
0 24513 2.20875 30.3888
0 24513 2.21032 30.4054
0 24513 2.21189 30.4221
0 24513 2.21345 30.4388
0 24513 2.21502 30.4554
0 24513 2.21659 30.4721
0 24513 2.21816 30.4888
0 24513 2.21973 30.5054
0 24513 2.22129 30.5221
0 24513 2.22286 30.5387
0 24513 2.22443 30.5554
0 24513 2.226 30.5721
0 24513 2.22756 30.5887
0 24513 2.22913 30.6054
0 24513 2.2307 30.6221
0 24513 2.23227 30.6387
0 24513 2.23383 30.6554
0 24513 2.2354 30.6721
0 24513 2.23697 30.6887
0 24513 2.23854 30.7054
0 24513 2.2401 30.7221
0 24513 2.24167 30.7387
0 24513 2.24324 30.7554
0 24513 2.24481 30.7721
0 24513 2.24637 30.7887
0 24513 2.24794 30.8054
0 24513 2.24951 30.8221
0 24513 2.25108 30.8387
0 24513 2.25264 30.8554
0 24513 2.25421 30.8721
0 24513 2.25578 30.8887
0 24513 2.25735 30.9054
0 24513 2.25892 30.9221
0 24513 2.26048 30.9387
0 24513 2.26205 30.9554
0 24513 2.26362 30.9721
0 24513 2.26519 30.9887
0 24513 2.26675 31.0054
0 24513 2.26832 31.0221
0 24513 2.26989 31.0387
0 24513 2.27146 31.0554
0 24513 2.27302 31.0721
0 24513 2.27459 31.0887
0 24513 2.27616 31.1054
0 24513 2.27773 31.1221
0 24513 2.27929 31.1387
0 24513 2.28086 31.1554
0 24513 2.28243 31.1721
0 24513 2.284 31.1887
0 24513 2.28556 31.2054
0 24513 2.28713 31.2221
0 24513 2.2887 31.2387
0 24513 2.29027 31.2554
0 24513 2.29183 31.2721
0 24513 2.2934 31.2887
0 24513 2.29497 31.3054
0 24513 2.29654 31.3221
0 24513 2.29811 31.3387
0 24513 2.29967 31.3554
0 24513 2.30124 31.3721
0 24513 2.30281 31.3887
0 24513 2.30438 31.4054
0 24513 2.30594 31.4221
0 24513 2.30751 31.4387
0 24513 2.30908 31.4554
0 24513 2.31065 31.4721
0 24513 2.31221 31.4887
0 24513 2.31378 31.5054
0 24513 2.31535 31.5221
0 24513 2.31692 31.5387
0 24513 2.31848 31.5554
0 24513 2.32005 31.5721
0 24513 2.32162 31.5887
0 24513 2.32319 31.6054
0 24513 2.32475 31.6221
0 24513 2.32632 31.6387
0 24513 2.32789 31.6554
0 24513 2.32946 31.6721
0 24513 2.33102 31.6887
0 24513 2.33259 31.7054
0 24513 2.33416 31.7221
0 24513 2.33573 31.7387
0 24513 2.3373 31.7554
0 24513 2.33886 31.7721
0 24513 2.34043 31.7887
0 24513 2.342 31.8054
0 24513 2.34357 31.8221
0 24513 2.34513 31.8387
0 24513 2.3467 31.8554
0 24513 2.34827 31.8721
0 24513 2.34984 31.8887
0 24513 2.3514 31.9054
0 24513 2.35297 31.9221
0 24513 2.35454 31.9387
0 24513 2.35611 31.9554
0 24513 2.35767 31.9721
0 24513 2.35924 31.9887
0 24513 2.36081 32.0054
0 24513 2.36238 32.0221
0 24513 2.36394 32.0387
0 24513 2.36551 32.0554
0 24513 2.36708 32.0721
0 24513 2.36865 32.0887
0 24513 2.37021 32.1054
0 24513 2.37178 32.1221
0 24513 2.37335 32.1387
0 24513 2.37492 32.1554
0 24513 2.37649 32.1721
0 24513 2.37805 32.1887
0 24513 2.37962 32.2054
0 24513 2.38119 32.2221
0 24513 2.38276 32.2387
0 24513 2.38432 32.2554
0 24513 2.38589 32.2721
0 24513 2.38746 32.2887
0 24513 2.38903 32.3054
0 24513 2.39059 32.3221
0 24513 2.39216 32.3387
0 24513 2.39373 32.3554
0 24513 2.3953 32.3721
0 24513 2.39686 32.3887
0 24513 2.39843 32.4054
0 24513 2.4 32.4221
0 24513 2.40157 32.4387
0 24513 2.40313 32.4554
0 24513 2.4047 32.4721
0 24513 2.40627 32.4887
0 24513 2.40784 32.5054
0 24513 2.4094 32.5221
0 24513 2.41097 32.5387
0 24513 2.41254 32.5554
0 24513 2.41411 32.5721
0 24513 2.41568 32.5887
0 24513 2.41724 32.6054
0 24513 2.41881 32.6221
0 24513 2.42038 32.6387
0 24513 2.42195 32.6554
0 24513 2.42351 32.6721
0 24513 2.42508 32.6887
0 24513 2.42665 32.7054
0 24513 2.42822 32.722
0 24513 2.42978 32.7387
0 24513 2.43135 32.7554
0 24513 2.43292 32.772
0 24513 2.43449 32.7887
0 24513 2.43605 32.8054
0 24513 2.43762 32.822
0 24513 2.43919 32.8387
0 24513 2.44076 32.8554
0 24513 2.44232 32.872
0 24513 2.44389 32.8887
0 24513 2.44546 32.9054
0 24513 2.44703 32.922
0 24513 2.4486 32.9387
0 24513 2.45016 32.9554
0 24513 2.45173 32.972
0 24513 2.4533 32.9887
0 24513 2.45487 33.0054
0 24513 2.45643 33.022
0 24513 2.458 33.0387
0 24513 2.45957 33.0554
0 24513 2.46114 33.072
0 24513 2.4627 33.0887
0 24513 2.46427 33.1054
0 24513 2.46584 33.122
0 24513 2.46741 33.1387
0 24513 2.46897 33.1554
0 24513 2.47054 33.172
0 24513 2.47211 33.1887
0 24513 2.47368 33.2054
0 24513 2.47524 33.222
0 24513 2.47681 33.2387
0 24513 2.47838 33.2554
0 24513 2.47995 33.272
0 24513 2.48151 33.2887
0 24513 2.48308 33.3054
0 24513 2.48465 33.322
0 24513 2.48622 33.3387
0 24513 2.48779 33.3554
0 24513 2.48935 33.372
0 24513 2.49092 33.3887
0 24513 2.49249 33.4054
0 24513 2.49406 33.422
0 24513 2.49562 33.4387
0 24513 2.49719 33.4554
0 24513 2.49876 33.472
0 24513 2.50033 33.4887
0 24513 2.50189 33.5054
0 24513 2.50346 33.522
0 24513 2.50503 33.5387
0 24513 2.5066 33.5554
0 24513 2.50816 33.572
0 24513 2.50973 33.5887
0 24513 2.5113 33.6054
0 24513 2.51287 33.622
0 24513 2.51443 33.6387
0 24513 2.516 33.6554
0 24513 2.51757 33.672
0 24513 2.51914 33.6887
0 24513 2.5207 33.7054
0 24513 2.52227 33.722
0 24513 2.52384 33.7387
0 24513 2.52541 33.7554
0 24513 2.52698 33.772
0 24513 2.52854 33.7887
0 24513 2.53011 33.8054
0 24513 2.53168 33.822
0 24513 2.53325 33.8387
0 24513 2.53481 33.8554
0 24513 2.53638 33.872
0 24513 2.53795 33.8887
0 24513 2.53952 33.9054
0 24513 2.54108 33.922
0 24513 2.54265 33.9387
0 24513 2.54422 33.9554
0 24513 2.54579 33.972
0 24513 2.54735 33.9887
0 24513 2.54892 34.0054
0 24513 2.55049 34.022
0 24513 2.55206 34.0387
0 24513 2.55362 34.0554
0 24513 2.55519 34.072
0 24513 2.55676 34.0887
0 24513 2.55833 34.1054
0 24513 2.55989 34.122
0 24513 2.56146 34.1387
0 24513 2.56303 34.1554
0 24513 2.5646 34.172
0 24513 2.56617 34.1887
0 24513 2.56773 34.2054
0 24513 2.5693 34.222
0 24513 2.57087 34.2387
0 24513 2.57244 34.2554
0 24513 2.574 34.272
0 24513 2.57557 34.2887
0 24513 2.57714 34.3054
0 24513 2.57871 34.322
0 24513 2.58027 34.3387
0 24513 2.58184 34.3554
0 24513 2.58341 34.372
0 24513 2.58498 34.3887
0 24513 2.58654 34.4054
0 24513 2.58811 34.422
0 24513 2.58968 34.4387
0 24513 2.59125 34.4554
0 24513 2.59281 34.472
0 24513 2.59438 34.4887
0 24513 2.59595 34.5054
0 24513 2.59752 34.522
0 24513 2.59908 34.5387
0 24513 2.60065 34.5554
0 24513 2.60222 34.572
0 24513 2.60379 34.5887
0 24513 2.60536 34.6054
0 24513 2.60692 34.622
0 24513 2.60849 34.6387
0 24513 2.61006 34.6554
0 24513 2.61163 34.672
0 24513 2.61319 34.6887
0 24513 2.61476 34.7054
0 24513 2.61633 34.722
0 24513 2.6179 34.7387
0 24513 2.61946 34.7554
0 24513 2.62103 34.772
0 24513 2.6226 34.7887
0 24513 2.62417 34.8054
0 24513 2.62573 34.822
0 24513 2.6273 34.8387
0 24513 2.62887 34.8554
0 24513 2.63044 34.872
0 24513 2.632 34.8887
0 24513 2.63357 34.9053
0 24513 2.63514 34.922
0 24513 2.63671 34.9387
0 24513 2.63827 34.9553
0 24513 2.63984 34.972
0 24513 2.64141 34.9887
0 24513 2.64298 35.0053
0 24513 2.64455 35.022
0 24513 2.64611 35.0387
0 24513 2.64768 35.0553
0 24513 2.64925 35.072
0 24513 2.65082 35.0887
0 24513 2.65238 35.1053
0 24513 2.65395 35.122
0 24513 2.65552 35.1387
0 24513 2.65709 35.1553
0 24513 2.65865 35.172
0 24513 2.66022 35.1887
0 24513 2.66179 35.2053
0 24513 2.66336 35.222
0 24513 2.66492 35.2387
0 24513 2.66649 35.2553
0 24513 2.66806 35.272
0 24513 2.66963 35.2887
0 24513 2.67119 35.3053
0 24513 2.67276 35.322
0 24513 2.67433 35.3387
0 24513 2.6759 35.3553
0 24513 2.67746 35.372
0 24513 2.67903 35.3887
0 24513 2.6806 35.4053
0 24513 2.68217 35.422
0 24513 2.68374 35.4387
0 24513 2.6853 35.4553
0 24513 2.68687 35.472
0 24513 2.68844 35.4887
0 24513 2.69001 35.5053
0 24513 2.69157 35.522
0 24513 2.69314 35.5387
0 24513 2.69471 35.5553
0 24513 2.69628 35.572
0 24513 2.69784 35.5887
0 24513 2.69941 35.6053
0 24513 2.70098 35.622
0 24513 2.70255 35.6387
0 24513 2.70411 35.6553
0 24513 2.70568 35.672
0 24513 2.70725 35.6887
0 24513 2.70882 35.7053
0 24513 2.71038 35.722
0 24513 2.71195 35.7387
0 24513 2.71352 35.7553
0 24513 2.71509 35.772
0 24513 2.71666 35.7887
0 24513 2.71822 35.8053
0 24513 2.71979 35.822
0 24513 2.72136 35.8387
0 24513 2.72293 35.8553
0 24513 2.72449 35.872
0 24513 2.72606 35.8887
0 24513 2.72763 35.9053
0 24513 2.7292 35.922
0 24513 2.73076 35.9387
0 24513 2.73233 35.9553
0 24513 2.7339 35.972
0 24513 2.73547 35.9887
0 24513 2.73703 36.0053
0 24513 2.7386 36.022
0 24513 2.74017 36.0387
0 24513 2.74174 36.0553
0 24513 2.7433 36.072
0 24513 2.74487 36.0887
0 24513 2.74644 36.1053
0 24513 2.74801 36.122
0 24513 2.74957 36.1387
0 24513 2.75114 36.1553
0 24513 2.75271 36.172
0 24513 2.75428 36.1887
0 24513 2.75585 36.2053
0 24513 2.75741 36.222
0 24513 2.75898 36.2387
0 24513 2.76055 36.2553
0 24513 2.76212 36.272
0 24513 2.76368 36.2887
0 24513 2.76525 36.3053
0 24513 2.76682 36.322
0 24513 2.76839 36.3387
0 24513 2.76995 36.3553
0 24513 2.77152 36.372
0 24513 2.77309 36.3887
0 24513 2.77466 36.4053
0 24513 2.77622 36.422
0 24513 2.77779 36.4387
0 24513 2.77936 36.4553
0 24513 2.78093 36.472
0 24513 2.78249 36.4887
0 24513 2.78406 36.5053
0 24513 2.78563 36.522
0 24513 2.7872 36.5387
0 24513 2.78876 36.5553
0 24513 2.79033 36.572
0 24513 2.7919 36.5887
0 24513 2.79347 36.6053
0 24513 2.79504 36.622
0 24513 2.7966 36.6387
0 24513 2.79817 36.6553
0 24513 2.79974 36.672
0 24513 2.80131 36.6887
0 24513 2.80287 36.7053
0 24513 2.80444 36.722
0 24513 2.80601 36.7387
0 24513 2.80758 36.7553
0 24513 2.80914 36.772
0 24513 2.81071 36.7887
0 24513 2.81228 36.8053
0 24513 2.81385 36.822
0 24513 2.81541 36.8387
0 24513 2.81698 36.8553
0 24513 2.81855 36.872
0 24513 2.82012 36.8887
0 24513 2.82168 36.9053
0 24513 2.82325 36.922
0 24513 2.82482 36.9387
0 24513 2.82639 36.9553
0 24513 2.82795 36.972
0 24513 2.82952 36.9887
0 24513 2.83109 37.0053
0 24513 2.83266 37.022
0 24513 2.83423 37.0387
0 24513 2.83579 37.0553
0 24513 2.83736 37.072
0 24513 2.83893 37.0886
0 24513 2.8405 37.1053
0 24513 2.84206 37.122
0 24513 2.84363 37.1386
0 24513 2.8452 37.1553
0 24513 2.84677 37.172
0 24513 2.84833 37.1886
0 24513 2.8499 37.2053
0 24513 2.85147 37.222
0 24513 2.85304 37.2386
0 24513 2.8546 37.2553
0 24513 2.85617 37.272
0 24513 2.85774 37.2886
0 24513 2.85931 37.3053
0 24513 2.86087 37.322
0 24513 2.86244 37.3386
0 24513 2.86401 37.3553
0 24513 2.86558 37.372
0 24513 2.86714 37.3886
0 24513 2.86871 37.4053
0 24513 2.87028 37.422
0 24513 2.87185 37.4386
0 24513 2.87342 37.4553
0 24513 2.87498 37.472
0 24513 2.87655 37.4886
0 24513 2.87812 37.5053
0 24513 2.87969 37.522
0 24513 2.88125 37.5386
0 24513 2.88282 37.5553
0 24513 2.88439 37.572
0 24513 2.88596 37.5886
0 24513 2.88752 37.6053
0 24513 2.88909 37.622
0 24513 2.89066 37.6386
0 24513 2.89223 37.6553
0 24513 2.89379 37.672
0 24513 2.89536 37.6886
0 24513 2.89693 37.7053
0 24513 2.8985 37.722
0 24513 2.90006 37.7386
0 24513 2.90163 37.7553
0 24513 2.9032 37.772
0 24513 2.90477 37.7886
0 24513 2.90633 37.8053
0 24513 2.9079 37.822
0 24513 2.90947 37.8386
0 24513 2.91104 37.8553
0 24513 2.91261 37.872
0 24513 2.91417 37.8886
0 24513 2.91574 37.9053
0 24513 2.91731 37.922
0 24513 2.91888 37.9386
0 24513 2.92044 37.9553
0 24513 2.92201 37.972
0 24513 2.92358 37.9886
0 24513 2.92515 38.0053
0 24513 2.92671 38.022
0 24513 2.92828 38.0386
0 24513 2.92985 38.0553
0 24513 2.93142 38.072
0 24513 2.93298 38.0886
0 24513 2.93455 38.1053
0 24513 2.93612 38.122
0 24513 2.93769 38.1386
0 24513 2.93925 38.1553
0 24513 2.94082 38.172
0 24513 2.94239 38.1886
0 24513 2.94396 38.2053
0 24513 2.94552 38.222
0 24513 2.94709 38.2386
0 24513 2.94866 38.2553
0 24513 2.95023 38.272
0 24513 2.9518 38.2886
0 24513 2.95336 38.3053
0 24513 2.95493 38.322
0 24513 2.9565 38.3386
0 24513 2.95807 38.3553
0 24513 2.95963 38.372
0 24513 2.9612 38.3886
0 24513 2.96277 38.4053
0 24513 2.96434 38.422
0 24513 2.9659 38.4386
0 24513 2.96747 38.4553
0 24513 2.96904 38.472
0 24513 2.97061 38.4886
0 24513 2.97217 38.5053
0 24513 2.97374 38.522
0 24513 2.97531 38.5386
0 24513 2.97688 38.5553
0 24513 2.97844 38.572
0 24513 2.98001 38.5886
0 24513 2.98158 38.6053
0 24513 2.98315 38.622
0 24513 2.98471 38.6386
0 24513 2.98628 38.6553
0 24513 2.98785 38.672
0 24513 2.98942 38.6886
0 24513 2.99099 38.7053
0 24513 2.99255 38.722
0 24513 2.99412 38.7386
0 24513 2.99569 38.7553
0 24513 2.99726 38.772
0 24513 2.99882 38.7886
