1749 1753 0.000869414 0.0104403
1749 1753 0.000869414 0.0271072
1749 1753 0.000869414 0.0437741
1749 1753 0.000869414 0.060441
1749 1753 0.000869414 0.0771079
1749 1753 0.000869414 0.0937748
1749 1753 0.000869414 0.110442
1749 1753 0.000869414 0.127109
1749 1753 0.000869414 0.143775
1748 1753 0.000869414 0.160442
1748 1753 0.000869414 0.177109
1748 1753 0.000869414 0.193776
1748 1753 0.000869414 0.210443
1748 1753 0.000869414 0.22711
1748 1753 0.000869414 0.243777
1748 1753 0.000869414 0.260444
1748 1753 0.000869414 0.277111
1748 1753 0.000869414 0.293777
1748 1753 0.000869414 0.310444
1748 1753 0.000869414 0.327111
1748 1753 0.000869414 0.343778
1748 1753 0.000869414 0.360445
1748 1753 0.000869414 0.377112
1748 1753 0.000869414 0.393779
1748 1753 0.000869414 0.410446
1748 1753 0.000869414 0.427113
1748 1753 0.000869414 0.443779
1748 1753 0.000869414 0.460446
1748 1753 0.000869414 0.477113
1748 1753 0.000869414 0.49378
1748 1753 0.000869414 0.510447
1747 1753 0.00173883 0.527114
1747 1753 0.00260824 0.543781
1747 1753 0.00347766 0.560448
1747 1753 0.00434707 0.577115
1747 1753 0.00521649 0.593781
1747 1753 0.0060859 0.610448
1747 1753 0.00695532 0.627115
1747 1753 0.00782473 0.643782
1747 1753 0.00869414 0.660449
1747 1753 0.00956356 0.677116
1747 1753 0.010433 0.693783
1747 1753 0.0113024 0.71045
1747 1753 0.0121718 0.727117
1747 1753 0.0130412 0.743783
1747 1753 0.0139106 0.76045
1747 1753 0.01478 0.777117
1747 1753 0.0156495 0.793784
1747 1753 0.0165189 0.810451
1747 1753 0.0173883 0.827118
1747 1753 0.0182577 0.843785
1747 1753 0.0191271 0.860452
1747 1753 0.0199965 0.877119
1746 1753 0.0208659 0.893785
1746 1753 0.0217354 0.910452
1746 1753 0.0226048 0.927119
1746 1753 0.0234742 0.943786
1746 1753 0.0243436 0.960453
1746 1753 0.025213 0.97712
1746 1753 0.0260824 0.993787
1746 1753 0.0269518 1.01045
1746 1753 0.0278213 1.02712
1746 1753 0.0286907 1.04379
1746 1753 0.0295601 1.06045
1746 1753 0.0304295 1.07712
1746 1753 0.0312989 1.09379
1746 1753 0.0321683 1.11046
1746 1753 0.0330377 1.12712
1746 1753 0.0339072 1.14379
1746 1753 0.0347766 1.16046
1746 1753 0.035646 1.17712
1746 1753 0.0365154 1.19379
1746 1753 0.0373848 1.21046
1746 1753 0.0382542 1.22712
1746 1753 0.0391237 1.24379
1746 1753 0.0399931 1.26046
1746 1753 0.0408625 1.27712
1746 1753 0.0417319 1.29379
1745 1753 0.0426013 1.31046
1745 1753 0.0434707 1.32712
1745 1753 0.0443401 1.34379
1745 1753 0.0452096 1.36046
1745 1753 0.046079 1.37713
1745 1753 0.0469484 1.39379
1745 1753 0.0478178 1.41046
1745 1753 0.0486872 1.42713
1745 1753 0.0495566 1.44379
1745 1753 0.0504261 1.46046
1745 1753 0.0512955 1.47713
1745 1753 0.0521649 1.49379
1745 1753 0.0530343 1.51046
1745 1753 0.0539037 1.52713
1744 1753 0.0547731 1.54379
1744 1753 0.0556426 1.56046
1744 1753 0.056512 1.57713
1744 1753 0.0573814 1.59379
1744 1753 0.0582508 1.61046
1744 1753 0.0591202 1.62713
1744 1753 0.0599896 1.6438
1744 1753 0.060859 1.66046
1744 1753 0.0617285 1.67713
1744 1753 0.0625979 1.6938
1744 1753 0.0634673 1.71046
1744 1753 0.0643367 1.72713
1744 1753 0.0652061 1.7438
1744 1753 0.0660755 1.76046
1744 1753 0.066945 1.77713
1744 1753 0.0678144 1.7938
1743 1753 0.0686838 1.81046
1743 1753 0.0695532 1.82713
1743 1753 0.0704226 1.8438
1743 1753 0.071292 1.86047
1743 1753 0.0721615 1.87713
1743 1753 0.0730309 1.8938
1743 1753 0.0739003 1.91047
1743 1753 0.0747697 1.92713
1743 1753 0.0756391 1.9438
1743 1753 0.0765085 1.96047
1743 1753 0.0773779 1.97713
1743 1753 0.0782474 1.9938
1742 1753 0.0791168 2.01047
1742 1753 0.0799862 2.02713
1742 1753 0.0808556 2.0438
1742 1753 0.081725 2.06047
1742 1753 0.0825944 2.07713
1742 1753 0.0834639 2.0938
1741 1753 0.0843333 2.11046
1741 1753 0.0852027 2.12713
1741 1753 0.0860721 2.1438
1741 1753 0.0869415 2.16046
1741 1753 0.0878109 2.17713
1740 1753 0.0886803 2.1938
1740 1753 0.0895498 2.21046
1740 1753 0.0904192 2.22713
1740 1753 0.0912886 2.2438
1739 1753 0.092158 2.26046
1739 1753 0.0930274 2.27713
1739 1753 0.0938968 2.2938
1738 1753 0.0947663 2.31046
1738 1753 0.0956357 2.32713
1738 1753 0.0965051 2.34379
1738 1753 0.0973745 2.36046
1738 1753 0.0982439 2.37713
1738 1753 0.0991133 2.39379
1737 1753 0.0999828 2.41046
1737 1753 0.100852 2.42713
1737 1753 0.101722 2.44379
1737 1753 0.102591 2.46046
1737 1753 0.10346 2.47713
1737 1753 0.10433 2.49379
1737 1753 0.105199 2.51046
1737 1753 0.106069 2.52712
1737 1753 0.106938 2.54379
1737 1753 0.107807 2.56046
1737 1753 0.108677 2.57712
1737 1753 0.109546 2.59379
1737 1753 0.110416 2.61046
1737 1753 0.111285 2.62712
1737 1753 0.112155 2.64379
1737 1753 0.113024 2.66046
1737 1753 0.113893 2.67712
1737 1753 0.114763 2.69379
1735 1753 0.115632 2.71046
1735 1753 0.116502 2.72712
1733 1753 0.117371 2.74379
1733 1753 0.11824 2.76045
1733 1753 0.11911 2.77712
1733 1753 0.119979 2.79379
1733 1753 0.120849 2.81045
1733 1753 0.121718 2.82712
1733 1753 0.122588 2.84379
1732 1753 0.123457 2.86045
1732 1753 0.124326 2.87712
1732 1753 0.125196 2.89379
1731 1753 0.126065 2.91045
1731 1753 0.126935 2.92712
1731 1753 0.127804 2.94379
1730 1753 0.128673 2.96045
1729 1753 0.129543 2.97712
1729 1753 0.130412 2.99378
1729 1753 0.131282 3.01045
1727 1753 0.132151 3.02712
1725 1753 0.13302 3.04378
1725 1753 0.13389 3.06045
1725 1753 0.134759 3.07712
1725 1753 0.135629 3.09378
1725 1753 0.136498 3.11045
1724 1753 0.137368 3.12712
1724 1753 0.138237 3.14378
1723 1753 0.139106 3.16045
1723 1753 0.139976 3.17711
1723 1753 0.140845 3.19378
1721 1753 0.141715 3.21045
1721 1753 0.142584 3.22711
1721 1753 0.143453 3.24378
1721 1753 0.144323 3.26045
1720 1753 0.145192 3.27711
1718 1753 0.146062 3.29378
1717 1753 0.146931 3.31045
1717 1753 0.1478 3.32711
1717 1753 0.14867 3.34378
1717 1753 0.149539 3.36045
1716 1753 0.150409 3.37711
1716 1753 0.151278 3.39378
1715 1753 0.152147 3.41044
1715 1753 0.153017 3.42711
1715 1753 0.153886 3.44378
1714 1753 0.154756 3.46044
1714 1753 0.155625 3.47711
1713 1753 0.156494 3.49378
1713 1753 0.157364 3.51044
1713 1753 0.158233 3.52711
1713 1753 0.159103 3.54378
1712 1753 0.159972 3.56044
1710 1753 0.160842 3.57711
1710 1753 0.161711 3.59378
1710 1753 0.16258 3.61044
1706 1753 0.16345 3.62711
1706 1753 0.164319 3.64377
1705 1753 0.165189 3.66044
1704 1753 0.166058 3.67711
1704 1753 0.166927 3.69377
1703 1753 0.167797 3.71044
1702 1753 0.168666 3.72711
1701 1753 0.169536 3.74377
1701 1753 0.170405 3.76044
1700 1753 0.171274 3.77711
1700 1753 0.172144 3.79377
1700 1753 0.173013 3.81044
1698 1753 0.173883 3.82711
1697 1753 0.174752 3.84377
1696 1753 0.175621 3.86044
1696 1753 0.176491 3.8771
1694 1753 0.17736 3.89377
1694 1753 0.17823 3.91044
1693 1753 0.179099 3.9271
1692 1753 0.179969 3.94377
1691 1753 0.180838 3.96044
1691 1753 0.181707 3.9771
1690 1753 0.182577 3.99377
1690 1753 0.183446 4.01044
1690 1753 0.184316 4.0271
1687 1753 0.185185 4.04377
1687 1753 0.186054 4.06043
1686 1753 0.186924 4.0771
1686 1753 0.187793 4.09377
1684 1753 0.188663 4.11043
1683 1753 0.189532 4.1271
1682 1753 0.190401 4.14377
1681 1753 0.191271 4.16043
1681 1753 0.19214 4.1771
1681 1753 0.19301 4.19377
1680 1753 0.193879 4.21043
1680 1753 0.194748 4.2271
1680 1753 0.195618 4.24377
1678 1753 0.196487 4.26043
1676 1753 0.197357 4.2771
1676 1753 0.198226 4.29376
1673 1753 0.199096 4.31043
1673 1753 0.199965 4.3271
1671 1753 0.200834 4.34376
1671 1753 0.201704 4.36043
1670 1753 0.202573 4.3771
1670 1753 0.203443 4.39376
1670 1753 0.204312 4.41043
1668 1753 0.205181 4.4271
1667 1753 0.206051 4.44376
1665 1753 0.20692 4.46043
1665 1753 0.20779 4.4771
1664 1753 0.208659 4.49376
1661 1753 0.209528 4.51043
1660 1753 0.210398 4.52709
1660 1753 0.211267 4.54376
1659 1753 0.212137 4.56043
1658 1753 0.213006 4.57709
1657 1753 0.213875 4.59376
1657 1753 0.214745 4.61043
1656 1753 0.215614 4.62709
1655 1753 0.216484 4.64376
1655 1753 0.217353 4.66043
1654 1753 0.218222 4.67709
1653 1753 0.219092 4.69376
1651 1753 0.219961 4.71042
1650 1753 0.220831 4.72709
1650 1753 0.2217 4.74376
1650 1753 0.22257 4.76042
1650 1753 0.223439 4.77709
1650 1753 0.224308 4.79376
1649 1753 0.225178 4.81042
1649 1753 0.226047 4.82709
1648 1753 0.226917 4.84376
1647 1753 0.227786 4.86042
1646 1753 0.228655 4.87709
1645 1753 0.229525 4.89376
1645 1753 0.230394 4.91042
1644 1753 0.231264 4.92709
1644 1753 0.232133 4.94375
1644 1753 0.233002 4.96042
1643 1753 0.233872 4.97709
1642 1753 0.234741 4.99375
1642 1753 0.235611 5.01042
1642 1753 0.23648 5.02709
1641 1753 0.237349 5.04375
1641 1753 0.238219 5.06042
1640 1753 0.239088 5.07709
1640 1753 0.239958 5.09375
1638 1753 0.240827 5.11042
1638 1753 0.241697 5.12709
1636 1753 0.242566 5.14375
1636 1753 0.243435 5.16042
1635 1753 0.244305 5.17708
1635 1753 0.245174 5.19375
1634 1753 0.246044 5.21042
1634 1753 0.246913 5.22708
1634 1753 0.247782 5.24375
1634 1753 0.248652 5.26042
1633 1753 0.249521 5.27708
1631 1753 0.250391 5.29375
1631 1753 0.25126 5.31042
1631 1753 0.252129 5.32708
1631 1753 0.252999 5.34375
1629 1753 0.253868 5.36041
1629 1753 0.254738 5.37708
1629 1753 0.255607 5.39375
1629 1753 0.256477 5.41041
1628 1753 0.257346 5.42708
1628 1753 0.258215 5.44375
1627 1753 0.259085 5.46041
1627 1753 0.259954 5.47708
1624 1753 0.260824 5.49375
1624 1753 0.261693 5.51041
1624 1753 0.262563 5.52708
1624 1753 0.263432 5.54375
1623 1753 0.264301 5.56041
1623 1753 0.265171 5.57708
1622 1753 0.26604 5.59374
1622 1753 0.26691 5.61041
1619 1753 0.267779 5.62708
1618 1753 0.268648 5.64374
1618 1753 0.269518 5.66041
1618 1753 0.270387 5.67708
1617 1753 0.271257 5.69374
1616 1753 0.272126 5.71041
1616 1753 0.272996 5.72708
1616 1753 0.273865 5.74374
1614 1753 0.274734 5.76041
1614 1753 0.275604 5.77708
1611 1753 0.276473 5.79374
1611 1753 0.277343 5.81041
1611 1753 0.278212 5.82707
1611 1753 0.279082 5.84374
1609 1753 0.279951 5.86041
1609 1753 0.28082 5.87707
1608 1753 0.28169 5.89374
1607 1753 0.282559 5.91041
1607 1753 0.283429 5.92707
1607 1753 0.284298 5.94374
1606 1753 0.285168 5.96041
1605 1753 0.286037 5.97707
1603 1753 0.286906 5.99374
1602 1753 0.287776 6.01041
1602 1753 0.288645 6.02707
1602 1753 0.289515 6.04374
1602 1753 0.290384 6.0604
1599 1753 0.291253 6.07707
1598 1753 0.292123 6.09374
1598 1753 0.292992 6.1104
1598 1753 0.293862 6.12707
1598 1753 0.294731 6.14374
1595 1753 0.295601 6.1604
1594 1753 0.29647 6.17707
1593 1753 0.297339 6.19374
1592 1753 0.298209 6.2104
1592 1753 0.299078 6.22707
1592 1753 0.299948 6.24373
1591 1753 0.300817 6.2604
1590 1753 0.301687 6.27707
1589 1753 0.302556 6.29373
1589 1753 0.303425 6.3104
1589 1753 0.304295 6.32707
1588 1753 0.305164 6.34373
1587 1753 0.306034 6.3604
1587 1753 0.306903 6.37707
1586 1753 0.307773 6.39373
1586 1753 0.308642 6.4104
1586 1753 0.309511 6.42707
1586 1753 0.310381 6.44373
1584 1753 0.31125 6.4604
1583 1753 0.31212 6.47706
1583 1753 0.312989 6.49373
1583 1753 0.313858 6.5104
1583 1753 0.314728 6.52706
1582 1753 0.315597 6.54373
1581 1753 0.316467 6.5604
1580 1753 0.317336 6.57706
1579 1753 0.318206 6.59373
1577 1753 0.319075 6.6104
1576 1753 0.319944 6.62706
1576 1753 0.320814 6.64373
1576 1753 0.321683 6.6604
1576 1753 0.322553 6.67706
1574 1753 0.323422 6.69373
1574 1753 0.324292 6.71039
1573 1753 0.325161 6.72706
1573 1753 0.32603 6.74373
1572 1753 0.3269 6.76039
1572 1753 0.327769 6.77706
1572 1753 0.328639 6.79373
1572 1753 0.329508 6.81039
1571 1753 0.330378 6.82706
1568 1753 0.331247 6.84373
1568 1753 0.332116 6.86039
1568 1753 0.332986 6.87706
1568 1753 0.333855 6.89372
1567 1753 0.334725 6.91039
1567 1753 0.335594 6.92706
1565 1753 0.336463 6.94372
1564 1753 0.337333 6.96039
1564 1753 0.338202 6.97706
1564 1753 0.339072 6.99372
1564 1753 0.339941 7.01039
1564 1753 0.340811 7.02706
1564 1753 0.34168 7.04372
1563 1753 0.342549 7.06039
1562 1753 0.343419 7.07706
1560 1753 0.344288 7.09372
1560 1753 0.345158 7.11039
1560 1753 0.346027 7.12705
1559 1753 0.346897 7.14372
1558 1753 0.347766 7.16039
1558 1753 0.348635 7.17705
1558 1753 0.349505 7.19372
1558 1753 0.350374 7.21039
1557 1753 0.351244 7.22705
1555 1753 0.352113 7.24372
1555 1753 0.352983 7.26039
1555 1753 0.353852 7.27705
1554 1753 0.354721 7.29372
1554 1753 0.355591 7.31039
1554 1753 0.35646 7.32705
1553 1753 0.35733 7.34372
1552 1753 0.358199 7.36038
1551 1753 0.359068 7.37705
1551 1753 0.359938 7.39372
1549 1753 0.360807 7.41038
1549 1753 0.361677 7.42705
1549 1753 0.362546 7.44372
1549 1753 0.363416 7.46038
1549 1753 0.364285 7.47705
1548 1753 0.365154 7.49372
1547 1753 0.366024 7.51038
1546 1753 0.366893 7.52705
1546 1753 0.367763 7.54372
1546 1753 0.368632 7.56038
1546 1753 0.369502 7.57705
1545 1753 0.370371 7.59371
1544 1753 0.37124 7.61038
1543 1753 0.37211 7.62705
1543 1753 0.372979 7.64371
1543 1753 0.373849 7.66038
1542 1753 0.374718 7.67705
1541 1753 0.375588 7.69371
1539 1753 0.376457 7.71038
1539 1753 0.377326 7.72705
1539 1753 0.378196 7.74371
1539 1753 0.379065 7.76038
1538 1753 0.379935 7.77704
1538 1753 0.380804 7.79371
1537 1753 0.381673 7.81038
1535 1753 0.382543 7.82704
1535 1753 0.383412 7.84371
1534 1753 0.384282 7.86038
1533 1753 0.385151 7.87704
1532 1753 0.386021 7.89371
1531 1753 0.38689 7.91038
1530 1753 0.387759 7.92704
1530 1753 0.388629 7.94371
1529 1753 0.389498 7.96038
1528 1753 0.390368 7.97704
1528 1753 0.391237 7.99371
1528 1753 0.392107 8.01037
1528 1753 0.392976 8.02704
1526 1753 0.393845 8.04371
1526 1753 0.394715 8.06037
1524 1753 0.395584 8.07704
1524 1753 0.396454 8.09371
1523 1753 0.397323 8.11037
1522 1753 0.398193 8.12704
1522 1753 0.399062 8.14371
1520 1753 0.399931 8.16037
1518 1753 0.400801 8.17704
1518 1753 0.40167 8.1937
1517 1753 0.40254 8.21037
1517 1753 0.403409 8.22704
1517 1753 0.404278 8.2437
1516 1753 0.405148 8.26037
1515 1753 0.406017 8.27704
1513 1753 0.406887 8.2937
1512 1753 0.407756 8.31037
1510 1753 0.408626 8.32704
1509 1753 0.409495 8.3437
1509 1753 0.410364 8.36037
1509 1753 0.411234 8.37704
1508 1753 0.412103 8.3937
1508 1753 0.412973 8.41037
1507 1753 0.413842 8.42703
1505 1753 0.414712 8.4437
1505 1753 0.415581 8.46037
1504 1753 0.41645 8.47703
1503 1753 0.41732 8.4937
1502 1753 0.418189 8.51037
1502 1753 0.419059 8.52703
1501 1753 0.419928 8.5437
1501 1753 0.420798 8.56037
1499 1753 0.421667 8.57703
1499 1753 0.422536 8.5937
1499 1753 0.423406 8.61036
1498 1753 0.424275 8.62703
1498 1753 0.425145 8.6437
1497 1753 0.426014 8.66036
1496 1753 0.426883 8.67703
1496 1753 0.427753 8.6937
1496 1753 0.428622 8.71036
1495 1753 0.429492 8.72703
1494 1753 0.430361 8.7437
1494 1753 0.431231 8.76036
1494 1753 0.4321 8.77703
1494 1753 0.432969 8.7937
1493 1753 0.433839 8.81036
1493 1753 0.434708 8.82703
1492 1753 0.435578 8.84369
1491 1753 0.436447 8.86036
1490 1753 0.437317 8.87703
1490 1753 0.438186 8.89369
1490 1753 0.439055 8.91036
1490 1753 0.439925 8.92703
1489 1753 0.440794 8.94369
1489 1753 0.441664 8.96036
1488 1753 0.442533 8.97703
1486 1753 0.443403 8.99369
1486 1753 0.444272 9.01036
1484 1753 0.445141 9.02703
1483 1753 0.446011 9.04369
1482 1753 0.44688 9.06036
1482 1753 0.44775 9.07702
1481 1753 0.448619 9.09369
1481 1753 0.449488 9.11036
1480 1753 0.450358 9.12702
1480 1753 0.451227 9.14369
1480 1753 0.452097 9.16036
1479 1753 0.452966 9.17702
1479 1753 0.453836 9.19369
1478 1753 0.454705 9.21036
1477 1753 0.455574 9.22702
1476 1753 0.456444 9.24369
1475 1753 0.457313 9.26035
1475 1753 0.458183 9.27702
1475 1753 0.459052 9.29369
1474 1753 0.459922 9.31035
1473 1753 0.460791 9.32702
1472 1753 0.46166 9.34369
1472 1753 0.46253 9.36035
1471 1753 0.463399 9.37702
1471 1753 0.464269 9.39369
1471 1753 0.465138 9.41035
1471 1753 0.466008 9.42702
1471 1753 0.466877 9.44369
1471 1753 0.467746 9.46035
1470 1753 0.468616 9.47702
1469 1753 0.469485 9.49368
1468 1753 0.470355 9.51035
1467 1753 0.471224 9.52702
1466 1753 0.472093 9.54368
1466 1753 0.472963 9.56035
1466 1753 0.473832 9.57702
1465 1753 0.474702 9.59368
1464 1753 0.475571 9.61035
1463 1753 0.476441 9.62702
1462 1753 0.47731 9.64368
1462 1753 0.478179 9.66035
1461 1753 0.479049 9.67702
1460 1753 0.479918 9.69368
1459 1753 0.480788 9.71035
1457 1753 0.481657 9.72701
1457 1753 0.482527 9.74368
1457 1753 0.483396 9.76035
1457 1753 0.484265 9.77701
1455 1753 0.485135 9.79368
1455 1753 0.486004 9.81035
1454 1753 0.486874 9.82701
1453 1753 0.487743 9.84368
1453 1753 0.488613 9.86035
1452 1753 0.489482 9.87701
1452 1753 0.490351 9.89368
1449 1753 0.491221 9.91035
1449 1753 0.49209 9.92701
1449 1753 0.49296 9.94368
1449 1753 0.493829 9.96034
1446 1753 0.494698 9.97701
1446 1753 0.495568 9.99368
1443 1753 0.496437 10.0103
1443 1753 0.497307 10.027
1442 1753 0.498176 10.0437
1442 1753 0.499046 10.0603
1442 1753 0.499915 10.077
1439 1753 0.500784 10.0937
1439 1753 0.501654 10.1103
1439 1753 0.502523 10.127
1439 1753 0.503393 10.1437
1437 1753 0.504262 10.1603
1437 1753 0.505131 10.177
1435 1753 0.506001 10.1937
1435 1753 0.50687 10.2103
1435 1753 0.50774 10.227
1435 1753 0.508609 10.2437
1434 1753 0.509478 10.2603
1433 1753 0.510348 10.277
1430 1753 0.511217 10.2937
1429 1753 0.512087 10.3103
1429 1753 0.512956 10.327
1428 1753 0.513825 10.3437
1427 1753 0.514695 10.3603
1427 1753 0.515564 10.377
1426 1753 0.516434 10.3937
1425 1753 0.517303 10.4103
1425 1753 0.518172 10.427
1424 1753 0.519042 10.4437
1424 1753 0.519911 10.4603
1423 1753 0.520781 10.477
1422 1753 0.52165 10.4937
1422 1753 0.522519 10.5103
1421 1753 0.523389 10.527
1421 1753 0.524258 10.5437
1420 1753 0.525127 10.5603
1417 1753 0.525997 10.577
1417 1753 0.526866 10.5937
1417 1753 0.527736 10.6103
1417 1753 0.528605 10.627
1414 1753 0.529474 10.6437
1414 1753 0.530344 10.6603
1413 1753 0.531213 10.677
1413 1753 0.532083 10.6937
1412 1753 0.532952 10.7103
1412 1753 0.533821 10.727
1412 1753 0.534691 10.7437
1411 1753 0.53556 10.7603
1409 1753 0.53643 10.777
1409 1753 0.537299 10.7937
1409 1753 0.538168 10.8103
1409 1753 0.539038 10.827
1409 1753 0.539907 10.8437
1406 1753 0.540777 10.8603
1406 1753 0.541646 10.877
1406 1753 0.542515 10.8937
1406 1753 0.543385 10.9103
1405 1753 0.544254 10.927
1403 1753 0.545124 10.9437
1403 1753 0.545993 10.9603
1403 1753 0.546862 10.977
1402 1753 0.547732 10.9937
1401 1753 0.548601 11.0103
1401 1753 0.54947 11.027
1399 1753 0.55034 11.0437
1398 1753 0.551209 11.0603
1398 1753 0.552079 11.077
1398 1753 0.552948 11.0937
1396 1753 0.553817 11.1103
1395 1753 0.554687 11.127
1395 1753 0.555556 11.1437
1394 1753 0.556426 11.1603
1393 1753 0.557295 11.177
1392 1753 0.558164 11.1937
1392 1753 0.559034 11.2103
1391 1753 0.559903 11.227
1390 1753 0.560773 11.2437
1390 1753 0.561642 11.2603
1390 1753 0.562511 11.277
1389 1753 0.563381 11.2937
1388 1753 0.56425 11.3103
1386 1753 0.56512 11.327
1386 1753 0.565989 11.3437
1386 1753 0.566858 11.3603
1385 1753 0.567728 11.377
1385 1753 0.568597 11.3937
1384 1753 0.569467 11.4103
1384 1753 0.570336 11.427
1384 1753 0.571205 11.4437
1380 1753 0.572075 11.4603
1380 1753 0.572944 11.477
1379 1753 0.573813 11.4937
1379 1753 0.574683 11.5103
1377 1753 0.575552 11.527
1376 1753 0.576422 11.5437
1375 1753 0.577291 11.5603
1375 1753 0.57816 11.577
1375 1753 0.57903 11.5937
1374 1753 0.579899 11.6103
1374 1753 0.580769 11.627
1373 1753 0.581638 11.6437
1372 1753 0.582507 11.6603
1371 1753 0.583377 11.677
1369 1753 0.584246 11.6937
1369 1753 0.585116 11.7103
1368 1753 0.585985 11.727
1368 1753 0.586854 11.7437
1368 1753 0.587724 11.7603
1367 1753 0.588593 11.777
1366 1753 0.589463 11.7936
1365 1753 0.590332 11.8103
1365 1753 0.591201 11.827
1365 1753 0.592071 11.8436
1363 1753 0.59294 11.8603
1361 1753 0.59381 11.877
1360 1753 0.594679 11.8936
1359 1753 0.595548 11.9103
1359 1753 0.596418 11.927
1357 1753 0.597287 11.9436
1357 1753 0.598157 11.9603
1357 1753 0.599026 11.977
1356 1753 0.599895 11.9936
1356 1753 0.600765 12.0103
1356 1753 0.601634 12.027
1355 1753 0.602503 12.0436
1355 1753 0.603373 12.0603
1355 1753 0.604242 12.077
1354 1753 0.605112 12.0936
1353 1753 0.605981 12.1103
1352 1753 0.60685 12.127
1349 1753 0.60772 12.1436
1349 1753 0.608589 12.1603
1349 1753 0.609459 12.177
1348 1753 0.610328 12.1936
1348 1753 0.611197 12.2103
1347 1753 0.612067 12.227
1346 1753 0.612936 12.2436
1346 1753 0.613806 12.2603
1345 1753 0.614675 12.277
1345 1753 0.615544 12.2936
1344 1753 0.616414 12.3103
1344 1753 0.617283 12.327
1343 1753 0.618153 12.3436
1342 1753 0.619022 12.3603
1342 1753 0.619891 12.377
1340 1753 0.620761 12.3936
1340 1753 0.62163 12.4103
1338 1753 0.6225 12.427
1338 1753 0.623369 12.4436
1336 1753 0.624238 12.4603
1336 1753 0.625108 12.477
1335 1753 0.625977 12.4936
1333 1753 0.626846 12.5103
1333 1753 0.627716 12.527
1332 1753 0.628585 12.5436
1332 1753 0.629455 12.5603
1332 1753 0.630324 12.577
1331 1753 0.631193 12.5936
1331 1753 0.632063 12.6103
1329 1753 0.632932 12.627
1328 1753 0.633802 12.6436
1326 1753 0.634671 12.6603
1326 1753 0.63554 12.677
1325 1753 0.63641 12.6936
1325 1753 0.637279 12.7103
1324 1753 0.638149 12.727
1324 1753 0.639018 12.7436
1322 1753 0.639887 12.7603
1321 1753 0.640757 12.777
1321 1753 0.641626 12.7936
1320 1753 0.642496 12.8103
1319 1753 0.643365 12.827
1319 1753 0.644234 12.8436
1319 1753 0.645104 12.8603
1318 1753 0.645973 12.877
1316 1753 0.646843 12.8936
1316 1753 0.647712 12.9103
1315 1753 0.648581 12.927
1315 1753 0.649451 12.9436
1314 1753 0.65032 12.9603
1314 1753 0.65119 12.977
1312 1753 0.652059 12.9936
1312 1753 0.652928 13.0103
1312 1753 0.653798 13.027
1312 1753 0.654667 13.0436
1310 1753 0.655536 13.0603
1310 1753 0.656406 13.077
1309 1753 0.657275 13.0936
1309 1753 0.658145 13.1103
1309 1753 0.659014 13.127
1308 1753 0.659883 13.1436
1307 1753 0.660753 13.1603
1306 1753 0.661622 13.177
1306 1753 0.662492 13.1936
1305 1753 0.663361 13.2103
1305 1753 0.66423 13.227
1304 1753 0.6651 13.2436
1304 1753 0.665969 13.2603
1304 1753 0.666839 13.277
1304 1753 0.667708 13.2936
1302 1753 0.668577 13.3103
1302 1753 0.669447 13.327
1302 1753 0.670316 13.3436
1302 1753 0.671186 13.3603
1298 1753 0.672055 13.377
1298 1753 0.672924 13.3936
1298 1753 0.673794 13.4103
1297 1753 0.674663 13.427
1296 1753 0.675533 13.4436
1296 1753 0.676402 13.4603
1296 1753 0.677271 13.477
1295 1753 0.678141 13.4936
1295 1753 0.67901 13.5103
1293 1753 0.679879 13.527
1292 1753 0.680749 13.5436
1292 1753 0.681618 13.5603
1291 1753 0.682488 13.577
1288 1753 0.683357 13.5936
1288 1753 0.684226 13.6103
1288 1753 0.685096 13.627
1287 1753 0.685965 13.6436
1286 1753 0.686835 13.6603
1285 1753 0.687704 13.677
1284 1753 0.688573 13.6936
1284 1753 0.689443 13.7103
1282 1753 0.690312 13.727
1282 1753 0.691182 13.7436
1281 1753 0.692051 13.7603
1280 1753 0.69292 13.777
1280 1753 0.69379 13.7936
1279 1753 0.694659 13.8103
1277 1753 0.695529 13.827
1277 1753 0.696398 13.8436
1277 1753 0.697267 13.8603
1277 1753 0.698137 13.877
1275 1753 0.699006 13.8936
1273 1753 0.699876 13.9103
1273 1753 0.700745 13.927
1273 1753 0.701614 13.9436
1272 1753 0.702484 13.9603
1272 1753 0.703353 13.9769
1270 1753 0.704223 13.9936
1270 1753 0.705092 14.0103
1269 1753 0.705961 14.0269
1268 1753 0.706831 14.0436
1267 1753 0.7077 14.0603
1267 1753 0.708569 14.0769
1266 1753 0.709439 14.0936
1265 1753 0.710308 14.1103
1264 1753 0.711178 14.1269
1264 1753 0.712047 14.1436
1263 1753 0.712916 14.1603
1262 1753 0.713786 14.1769
1261 1753 0.714655 14.1936
1261 1753 0.715525 14.2103
1261 1753 0.716394 14.2269
1260 1753 0.717263 14.2436
1259 1753 0.718133 14.2603
1258 1753 0.719002 14.2769
1258 1753 0.719872 14.2936
1257 1753 0.720741 14.3103
1256 1753 0.72161 14.3269
1255 1753 0.72248 14.3436
1254 1753 0.723349 14.3603
1252 1753 0.724219 14.3769
1252 1753 0.725088 14.3936
1250 1753 0.725957 14.4103
1249 1753 0.726827 14.4269
1249 1753 0.727696 14.4436
1248 1753 0.728566 14.4603
1248 1753 0.729435 14.4769
1248 1753 0.730304 14.4936
1246 1753 0.731174 14.5103
1246 1753 0.732043 14.5269
1245 1753 0.732912 14.5436
1243 1753 0.733782 14.5603
1242 1753 0.734651 14.5769
1239 1753 0.735521 14.5936
1238 1753 0.73639 14.6103
1238 1753 0.737259 14.6269
1238 1753 0.738129 14.6436
1237 1753 0.738998 14.6603
1236 1753 0.739868 14.6769
1236 1753 0.740737 14.6936
1236 1753 0.741606 14.7103
1235 1753 0.742476 14.7269
1234 1753 0.743345 14.7436
1233 1753 0.744215 14.7603
1233 1753 0.745084 14.7769
1232 1753 0.745953 14.7936
1232 1753 0.746823 14.8103
1231 1753 0.747692 14.8269
1230 1753 0.748562 14.8436
1229 1753 0.749431 14.8603
1229 1753 0.7503 14.8769
1228 1753 0.75117 14.8936
1228 1753 0.752039 14.9103
1228 1753 0.752909 14.9269
1227 1753 0.753778 14.9436
1227 1753 0.754647 14.9603
1226 1753 0.755517 14.9769
1224 1753 0.756386 14.9936
1222 1753 0.757255 15.0103
1220 1753 0.758125 15.0269
1220 1753 0.758994 15.0436
1220 1753 0.759864 15.0603
1219 1753 0.760733 15.0769
1218 1753 0.761602 15.0936
1217 1753 0.762472 15.1103
1217 1753 0.763341 15.1269
1216 1753 0.764211 15.1436
1216 1753 0.76508 15.1603
1216 1753 0.765949 15.1769
1213 1753 0.766819 15.1936
1213 1753 0.767688 15.2103
1213 1753 0.768558 15.2269
1213 1753 0.769427 15.2436
1211 1753 0.770296 15.2603
1211 1753 0.771166 15.2769
1210 1753 0.772035 15.2936
1210 1753 0.772905 15.3103
1209 1753 0.773774 15.3269
1207 1753 0.774643 15.3436
1207 1753 0.775513 15.3603
1206 1753 0.776382 15.3769
1206 1753 0.777252 15.3936
1204 1753 0.778121 15.4103
1203 1753 0.77899 15.4269
1203 1753 0.77986 15.4436
1203 1753 0.780729 15.4603
1200 1753 0.781599 15.4769
1200 1753 0.782468 15.4936
1200 1753 0.783337 15.5103
1199 1753 0.784207 15.5269
1199 1753 0.785076 15.5436
1197 1753 0.785945 15.5603
1197 1753 0.786815 15.5769
1196 1753 0.787684 15.5936
1196 1753 0.788554 15.6103
1196 1753 0.789423 15.6269
1196 1753 0.790292 15.6436
1194 1753 0.791162 15.6603
1193 1753 0.792031 15.6769
1192 1753 0.792901 15.6936
1192 1753 0.79377 15.7103
1191 1753 0.794639 15.7269
1190 1753 0.795509 15.7436
1189 1753 0.796378 15.7603
1189 1753 0.797248 15.7769
1188 1753 0.798117 15.7936
1188 1753 0.798986 15.8103
1186 1753 0.799856 15.8269
1185 1753 0.800725 15.8436
1185 1753 0.801595 15.8603
1183 1753 0.802464 15.8769
1182 1753 0.803333 15.8936
1181 1753 0.804203 15.9103
1180 1753 0.805072 15.9269
1180 1753 0.805942 15.9436
1178 1753 0.806811 15.9603
1178 1753 0.80768 15.9769
1178 1753 0.80855 15.9936
1177 1753 0.809419 16.0103
1176 1753 0.810288 16.0269
1174 1753 0.811158 16.0436
1173 1753 0.812027 16.0603
1173 1753 0.812897 16.0769
1172 1753 0.813766 16.0936
1172 1753 0.814635 16.1103
1171 1753 0.815505 16.1269
1171 1753 0.816374 16.1436
1170 1753 0.817244 16.1602
1169 1753 0.818113 16.1769
1169 1753 0.818982 16.1936
1167 1753 0.819852 16.2102
1167 1753 0.820721 16.2269
1165 1753 0.821591 16.2436
1164 1753 0.82246 16.2602
1163 1753 0.823329 16.2769
1163 1753 0.824199 16.2936
1161 1753 0.825068 16.3102
1161 1753 0.825938 16.3269
1160 1753 0.826807 16.3436
1160 1753 0.827676 16.3602
1159 1753 0.828546 16.3769
1159 1753 0.829415 16.3936
1158 1753 0.830285 16.4102
1156 1753 0.831154 16.4269
1156 1753 0.832023 16.4436
1155 1753 0.832893 16.4602
1154 1753 0.833762 16.4769
1153 1753 0.834632 16.4936
1153 1753 0.835501 16.5102
1151 1753 0.83637 16.5269
1150 1753 0.83724 16.5436
1148 1753 0.838109 16.5602
1148 1753 0.838978 16.5769
1148 1753 0.839848 16.5936
1147 1753 0.840717 16.6102
1144 1753 0.841587 16.6269
1144 1753 0.842456 16.6436
1143 1753 0.843325 16.6602
1142 1753 0.844195 16.6769
1140 1753 0.845064 16.6936
1140 1753 0.845934 16.7102
1138 1753 0.846803 16.7269
1138 1753 0.847672 16.7436
1136 1753 0.848542 16.7602
1135 1753 0.849411 16.7769
1134 1753 0.850281 16.7936
1132 1753 0.85115 16.8102
1132 1753 0.852019 16.8269
1130 1753 0.852889 16.8436
1128 1753 0.853758 16.8602
1127 1753 0.854628 16.8769
1126 1753 0.855497 16.8936
1125 1753 0.856366 16.9102
1124 1753 0.857236 16.9269
1123 1753 0.858105 16.9436
1121 1753 0.858975 16.9602
1120 1753 0.859844 16.9769
1120 1753 0.860713 16.9936
1118 1753 0.861583 17.0102
1118 1753 0.862452 17.0269
1118 1753 0.863321 17.0436
1114 1753 0.864191 17.0602
1112 1753 0.86506 17.0769
1111 1753 0.86593 17.0936
1111 1753 0.866799 17.1102
1110 1753 0.867668 17.1269
1108 1753 0.868538 17.1436
1108 1753 0.869407 17.1602
1108 1753 0.870277 17.1769
1105 1753 0.871146 17.1936
1103 1753 0.872015 17.2102
1102 1753 0.872885 17.2269
1102 1753 0.873754 17.2436
1101 1753 0.874624 17.2602
1099 1753 0.875493 17.2769
1098 1753 0.876362 17.2936
1097 1753 0.877232 17.3102
1097 1753 0.878101 17.3269
1096 1753 0.878971 17.3436
1096 1753 0.87984 17.3602
1095 1753 0.880709 17.3769
1092 1753 0.881579 17.3936
1091 1753 0.882448 17.4102
1090 1753 0.883318 17.4269
1089 1753 0.884187 17.4436
1089 1753 0.885056 17.4602
1087 1753 0.885926 17.4769
1086 1753 0.886795 17.4936
1085 1753 0.887664 17.5102
1085 1753 0.888534 17.5269
1083 1753 0.889403 17.5436
1081 1753 0.890273 17.5602
1080 1753 0.891142 17.5769
1078 1753 0.892011 17.5936
1078 1753 0.892881 17.6102
1076 1753 0.89375 17.6269
1075 1753 0.89462 17.6436
1074 1753 0.895489 17.6602
1072 1753 0.896358 17.6769
1072 1753 0.897228 17.6936
1070 1753 0.898097 17.7102
1070 1753 0.898967 17.7269
1068 1753 0.899836 17.7436
1067 1753 0.900705 17.7602
1066 1753 0.901575 17.7769
1064 1753 0.902444 17.7936
1064 1753 0.903314 17.8102
1063 1753 0.904183 17.8269
1062 1753 0.905052 17.8436
1061 1753 0.905922 17.8602
1060 1753 0.906791 17.8769
1058 1753 0.907661 17.8936
1058 1753 0.90853 17.9102
1057 1753 0.909399 17.9269
1055 1753 0.910269 17.9436
1053 1753 0.911138 17.9602
1052 1753 0.912008 17.9769
1051 1753 0.912877 17.9936
1051 1753 0.913746 18.0102
1049 1753 0.914616 18.0269
1047 1753 0.915485 18.0436
1046 1753 0.916354 18.0602
1044 1753 0.917224 18.0769
1043 1753 0.918093 18.0936
1042 1753 0.918963 18.1102
1041 1753 0.919832 18.1269
1040 1753 0.920701 18.1436
1037 1753 0.921571 18.1602
1036 1753 0.92244 18.1769
1035 1753 0.92331 18.1936
1032 1753 0.924179 18.2102
1032 1753 0.925048 18.2269
1031 1753 0.925918 18.2436
1029 1753 0.926787 18.2602
1029 1753 0.927657 18.2769
1028 1753 0.928526 18.2936
1025 1753 0.929395 18.3102
1024 1753 0.930265 18.3269
1023 1753 0.931134 18.3435
1022 1753 0.932004 18.3602
1021 1753 0.932873 18.3769
1019 1753 0.933742 18.3935
1017 1753 0.934612 18.4102
1017 1753 0.935481 18.4269
1013 1753 0.936351 18.4435
1013 1753 0.93722 18.4602
1011 1753 0.938089 18.4769
1010 1753 0.938959 18.4935
1010 1753 0.939828 18.5102
1009 1753 0.940697 18.5269
1006 1753 0.941567 18.5435
1003 1753 0.942436 18.5602
1003 1753 0.943306 18.5769
1002 1753 0.944175 18.5935
1000 1753 0.945044 18.6102
999 1753 0.945914 18.6269
996 1753 0.946783 18.6435
995 1753 0.947653 18.6602
995 1753 0.948522 18.6769
993 1753 0.949391 18.6935
992 1753 0.950261 18.7102
990 1753 0.95113 18.7269
990 1753 0.952 18.7435
988 1753 0.952869 18.7602
986 1753 0.953738 18.7769
986 1753 0.954608 18.7935
983 1753 0.955477 18.8102
982 1753 0.956347 18.8269
980 1753 0.957216 18.8435
979 1753 0.958085 18.8602
977 1753 0.958955 18.8769
976 1753 0.959824 18.8935
975 1753 0.960694 18.9102
973 1753 0.961563 18.9269
971 1753 0.962432 18.9435
971 1753 0.963302 18.9602
971 1753 0.964171 18.9769
969 1753 0.965041 18.9935
966 1753 0.96591 19.0102
965 1753 0.966779 19.0269
963 1753 0.967649 19.0435
963 1753 0.968518 19.0602
963 1753 0.969387 19.0769
963 1753 0.970257 19.0935
960 1753 0.971126 19.1102
959 1753 0.971996 19.1269
959 1753 0.972865 19.1435
957 1753 0.973734 19.1602
955 1753 0.974604 19.1769
953 1753 0.975473 19.1935
953 1753 0.976343 19.2102
950 1753 0.977212 19.2269
949 1753 0.978081 19.2435
949 1753 0.978951 19.2602
948 1753 0.97982 19.2769
947 1753 0.98069 19.2935
945 1753 0.981559 19.3102
944 1753 0.982428 19.3269
942 1753 0.983298 19.3435
942 1753 0.984167 19.3602
941 1753 0.985037 19.3769
940 1753 0.985906 19.3935
938 1753 0.986775 19.4102
936 1753 0.987645 19.4269
936 1753 0.988514 19.4435
934 1753 0.989384 19.4602
933 1753 0.990253 19.4769
931 1753 0.991122 19.4935
931 1753 0.991992 19.5102
929 1753 0.992861 19.5269
928 1753 0.99373 19.5435
926 1753 0.9946 19.5602
926 1753 0.995469 19.5769
924 1753 0.996339 19.5935
923 1753 0.997208 19.6102
922 1753 0.998077 19.6269
920 1753 0.998947 19.6435
919 1753 0.999816 19.6602
918 1753 1.00069 19.6769
916 1753 1.00156 19.6935
915 1753 1.00242 19.7102
913 1753 1.00329 19.7269
912 1753 1.00416 19.7435
910 1753 1.00503 19.7602
909 1753 1.0059 19.7769
906 1753 1.00677 19.7935
906 1753 1.00764 19.8102
903 1753 1.00851 19.8269
901 1753 1.00938 19.8435
900 1753 1.01025 19.8602
900 1753 1.01112 19.8769
899 1753 1.01199 19.8935
898 1753 1.01286 19.9102
896 1753 1.01373 19.9269
895 1753 1.0146 19.9435
893 1753 1.01547 19.9602
892 1753 1.01633 19.9769
891 1753 1.0172 19.9935
889 1753 1.01807 20.0102
888 1753 1.01894 20.0269
888 1753 1.01981 20.0435
886 1753 1.02068 20.0602
885 1753 1.02155 20.0769
884 1753 1.02242 20.0935
882 1753 1.02329 20.1102
880 1753 1.02416 20.1269
878 1753 1.02503 20.1435
878 1753 1.0259 20.1602
876 1753 1.02677 20.1769
876 1753 1.02764 20.1935
874 1753 1.02851 20.2102
873 1753 1.02938 20.2269
872 1753 1.03025 20.2435
871 1753 1.03111 20.2602
868 1753 1.03198 20.2769
866 1753 1.03285 20.2935
865 1753 1.03372 20.3102
865 1753 1.03459 20.3269
863 1753 1.03546 20.3435
863 1753 1.03633 20.3602
862 1753 1.0372 20.3769
862 1753 1.03807 20.3935
861 1753 1.03894 20.4102
859 1753 1.03981 20.4269
857 1753 1.04068 20.4435
856 1753 1.04155 20.4602
855 1753 1.04242 20.4769
855 1753 1.04329 20.4935
852 1753 1.04416 20.5102
852 1753 1.04502 20.5268
852 1753 1.04589 20.5435
850 1753 1.04676 20.5602
849 1753 1.04763 20.5768
846 1753 1.0485 20.5935
845 1753 1.04937 20.6102
845 1753 1.05024 20.6268
844 1753 1.05111 20.6435
843 1753 1.05198 20.6602
841 1753 1.05285 20.6768
840 1753 1.05372 20.6935
840 1753 1.05459 20.7102
839 1753 1.05546 20.7268
837 1753 1.05633 20.7435
836 1753 1.0572 20.7602
834 1753 1.05807 20.7768
831 1753 1.05894 20.7935
830 1753 1.0598 20.8102
829 1753 1.06067 20.8268
828 1753 1.06154 20.8435
826 1753 1.06241 20.8602
825 1753 1.06328 20.8768
823 1753 1.06415 20.8935
822 1753 1.06502 20.9102
821 1753 1.06589 20.9268
821 1753 1.06676 20.9435
819 1753 1.06763 20.9602
816 1753 1.0685 20.9768
814 1753 1.06937 20.9935
814 1753 1.07024 21.0102
813 1753 1.07111 21.0268
812 1753 1.07198 21.0435
810 1753 1.07285 21.0602
809 1753 1.07371 21.0768
808 1753 1.07458 21.0935
806 1753 1.07545 21.1102
805 1753 1.07632 21.1268
802 1753 1.07719 21.1435
802 1753 1.07806 21.1602
801 1753 1.07893 21.1768
799 1753 1.0798 21.1935
798 1753 1.08067 21.2102
796 1753 1.08154 21.2268
795 1753 1.08241 21.2435
794 1753 1.08328 21.2602
792 1753 1.08415 21.2768
792 1753 1.08502 21.2935
790 1753 1.08589 21.3102
789 1753 1.08676 21.3268
789 1753 1.08763 21.3435
788 1753 1.08849 21.3602
784 1753 1.08936 21.3768
783 1753 1.09023 21.3935
783 1753 1.0911 21.4102
783 1753 1.09197 21.4268
782 1753 1.09284 21.4435
779 1753 1.09371 21.4602
779 1753 1.09458 21.4768
778 1753 1.09545 21.4935
778 1753 1.09632 21.5102
776 1753 1.09719 21.5268
775 1753 1.09806 21.5435
773 1753 1.09893 21.5602
771 1753 1.0998 21.5768
770 1753 1.10067 21.5935
769 1753 1.10154 21.6102
768 1753 1.1024 21.6268
765 1753 1.10327 21.6435
764 1753 1.10414 21.6602
764 1753 1.10501 21.6768
762 1753 1.10588 21.6935
761 1753 1.10675 21.7102
760 1753 1.10762 21.7268
758 1753 1.10849 21.7435
757 1753 1.10936 21.7602
756 1753 1.11023 21.7768
754 1753 1.1111 21.7935
753 1753 1.11197 21.8102
751 1753 1.11284 21.8268
751 1753 1.11371 21.8435
751 1753 1.11458 21.8602
748 1753 1.11545 21.8768
748 1753 1.11632 21.8935
748 1753 1.11718 21.9102
744 1753 1.11805 21.9268
744 1753 1.11892 21.9435
742 1753 1.11979 21.9602
742 1753 1.12066 21.9768
741 1753 1.12153 21.9935
740 1753 1.1224 22.0102
738 1753 1.12327 22.0268
737 1753 1.12414 22.0435
735 1753 1.12501 22.0602
734 1753 1.12588 22.0768
732 1753 1.12675 22.0935
731 1753 1.12762 22.1102
731 1753 1.12849 22.1268
730 1753 1.12936 22.1435
729 1753 1.13023 22.1602
727 1753 1.13109 22.1768
725 1753 1.13196 22.1935
725 1753 1.13283 22.2102
724 1753 1.1337 22.2268
723 1753 1.13457 22.2435
723 1753 1.13544 22.2602
722 1753 1.13631 22.2768
719 1753 1.13718 22.2935
718 1753 1.13805 22.3102
718 1753 1.13892 22.3268
716 1753 1.13979 22.3435
716 1753 1.14066 22.3602
712 1753 1.14153 22.3768
712 1753 1.1424 22.3935
711 1753 1.14327 22.4102
711 1753 1.14414 22.4268
711 1753 1.145 22.4435
707 1753 1.14587 22.4602
706 1753 1.14674 22.4768
705 1753 1.14761 22.4935
704 1753 1.14848 22.5102
702 1753 1.14935 22.5268
701 1753 1.15022 22.5435
700 1753 1.15109 22.5602
700 1753 1.15196 22.5768
697 1753 1.15283 22.5935
697 1753 1.1537 22.6102
697 1753 1.15457 22.6268
695 1753 1.15544 22.6435
691 1753 1.15631 22.6602
691 1753 1.15718 22.6768
690 1753 1.15805 22.6935
689 1753 1.15892 22.7101
688 1753 1.15978 22.7268
685 1753 1.16065 22.7435
685 1753 1.16152 22.7601
685 1753 1.16239 22.7768
683 1753 1.16326 22.7935
681 1753 1.16413 22.8101
680 1753 1.165 22.8268
678 1753 1.16587 22.8435
677 1753 1.16674 22.8601
676 1753 1.16761 22.8768
675 1753 1.16848 22.8935
672 1753 1.16935 22.9101
672 1753 1.17022 22.9268
672 1753 1.17109 22.9435
669 1753 1.17196 22.9601
668 1753 1.17283 22.9768
668 1753 1.17369 22.9935
666 1753 1.17456 23.0101
666 1753 1.17543 23.0268
664 1753 1.1763 23.0435
663 1753 1.17717 23.0601
662 1753 1.17804 23.0768
661 1753 1.17891 23.0935
660 1753 1.17978 23.1101
658 1753 1.18065 23.1268
656 1753 1.18152 23.1435
655 1753 1.18239 23.1601
655 1753 1.18326 23.1768
654 1753 1.18413 23.1935
653 1753 1.185 23.2101
652 1753 1.18587 23.2268
649 1753 1.18674 23.2435
649 1753 1.18761 23.2601
647 1753 1.18847 23.2768
646 1753 1.18934 23.2935
645 1753 1.19021 23.3101
645 1753 1.19108 23.3268
644 1753 1.19195 23.3435
642 1753 1.19282 23.3601
641 1753 1.19369 23.3768
641 1753 1.19456 23.3935
639 1753 1.19543 23.4101
638 1753 1.1963 23.4268
638 1753 1.19717 23.4435
636 1753 1.19804 23.4601
635 1753 1.19891 23.4768
633 1753 1.19978 23.4935
633 1753 1.20065 23.5101
633 1753 1.20152 23.5268
632 1753 1.20238 23.5435
629 1753 1.20325 23.5601
628 1753 1.20412 23.5768
628 1753 1.20499 23.5935
628 1753 1.20586 23.6101
625 1753 1.20673 23.6268
623 1753 1.2076 23.6435
623 1753 1.20847 23.6601
623 1753 1.20934 23.6768
621 1753 1.21021 23.6935
620 1753 1.21108 23.7101
619 1753 1.21195 23.7268
618 1753 1.21282 23.7435
616 1753 1.21369 23.7601
614 1753 1.21456 23.7768
614 1753 1.21543 23.7935
613 1753 1.2163 23.8101
612 1753 1.21716 23.8268
611 1753 1.21803 23.8435
610 1753 1.2189 23.8601
609 1753 1.21977 23.8768
609 1753 1.22064 23.8935
608 1753 1.22151 23.9101
607 1753 1.22238 23.9268
607 1753 1.22325 23.9435
607 1753 1.22412 23.9601
606 1753 1.22499 23.9768
604 1753 1.22586 23.9935
604 1753 1.22673 24.0101
603 1753 1.2276 24.0268
601 1753 1.22847 24.0435
600 1753 1.22934 24.0601
599 1753 1.23021 24.0768
599 1753 1.23107 24.0935
599 1753 1.23194 24.1101
597 1753 1.23281 24.1268
597 1753 1.23368 24.1435
596 1753 1.23455 24.1601
594 1753 1.23542 24.1768
593 1753 1.23629 24.1935
592 1753 1.23716 24.2101
591 1753 1.23803 24.2268
591 1753 1.2389 24.2435
591 1753 1.23977 24.2601
589 1753 1.24064 24.2768
589 1753 1.24151 24.2935
588 1753 1.24238 24.3101
586 1753 1.24325 24.3268
584 1753 1.24412 24.3435
583 1753 1.24499 24.3601
582 1753 1.24585 24.3768
582 1753 1.24672 24.3935
581 1753 1.24759 24.4101
578 1753 1.24846 24.4268
578 1753 1.24933 24.4435
578 1753 1.2502 24.4601
577 1753 1.25107 24.4768
576 1753 1.25194 24.4935
575 1753 1.25281 24.5101
572 1753 1.25368 24.5268
572 1753 1.25455 24.5435
572 1753 1.25542 24.5601
569 1753 1.25629 24.5768
568 1753 1.25716 24.5935
567 1753 1.25803 24.6101
566 1753 1.2589 24.6268
565 1753 1.25976 24.6435
565 1753 1.26063 24.6601
565 1753 1.2615 24.6768
562 1753 1.26237 24.6935
562 1753 1.26324 24.7101
560 1753 1.26411 24.7268
559 1753 1.26498 24.7435
559 1753 1.26585 24.7601
557 1753 1.26672 24.7768
557 1753 1.26759 24.7935
557 1753 1.26846 24.8101
554 1753 1.26933 24.8268
552 1753 1.2702 24.8435
552 1753 1.27107 24.8601
552 1753 1.27194 24.8768
550 1753 1.27281 24.8934
548 1753 1.27368 24.9101
548 1753 1.27454 24.9268
545 1753 1.27541 24.9434
543 1753 1.27628 24.9601
543 1753 1.27715 24.9768
542 1753 1.27802 24.9934
540 1753 1.27889 25.0101
539 1753 1.27976 25.0268
538 1753 1.28063 25.0434
538 1753 1.2815 25.0601
536 1753 1.28237 25.0768
536 1753 1.28324 25.0934
535 1753 1.28411 25.1101
534 1753 1.28498 25.1268
532 1753 1.28585 25.1434
531 1753 1.28672 25.1601
527 1753 1.28759 25.1768
526 1753 1.28845 25.1934
523 1753 1.28932 25.2101
523 1753 1.29019 25.2268
520 1753 1.29106 25.2434
517 1753 1.29193 25.2601
516 1753 1.2928 25.2768
513 1753 1.29367 25.2934
513 1753 1.29454 25.3101
511 1753 1.29541 25.3268
510 1753 1.29628 25.3434
509 1753 1.29715 25.3601
508 1753 1.29802 25.3768
507 1753 1.29889 25.3934
507 1753 1.29976 25.4101
505 1753 1.30063 25.4268
505 1753 1.3015 25.4434
505 1753 1.30237 25.4601
503 1753 1.30323 25.4768
502 1753 1.3041 25.4934
501 1753 1.30497 25.5101
500 1753 1.30584 25.5268
499 1753 1.30671 25.5434
499 1753 1.30758 25.5601
498 1753 1.30845 25.5768
498 1753 1.30932 25.5934
497 1753 1.31019 25.6101
496 1753 1.31106 25.6268
496 1753 1.31193 25.6434
495 1753 1.3128 25.6601
494 1753 1.31367 25.6768
494 1753 1.31454 25.6934
492 1753 1.31541 25.7101
492 1753 1.31628 25.7268
491 1753 1.31714 25.7434
490 1753 1.31801 25.7601
490 1753 1.31888 25.7768
489 1753 1.31975 25.7934
488 1753 1.32062 25.8101
487 1753 1.32149 25.8268
486 1753 1.32236 25.8434
484 1753 1.32323 25.8601
484 1753 1.3241 25.8768
484 1753 1.32497 25.8934
484 1753 1.32584 25.9101
482 1753 1.32671 25.9268
481 1753 1.32758 25.9434
480 1753 1.32845 25.9601
479 1753 1.32932 25.9768
479 1753 1.33019 25.9934
478 1753 1.33106 26.0101
478 1753 1.33192 26.0268
478 1753 1.33279 26.0434
475 1753 1.33366 26.0601
475 1753 1.33453 26.0768
475 1753 1.3354 26.0934
474 1753 1.33627 26.1101
474 1753 1.33714 26.1268
473 1753 1.33801 26.1434
472 1753 1.33888 26.1601
471 1753 1.33975 26.1768
471 1753 1.34062 26.1934
471 1753 1.34149 26.2101
470 1753 1.34236 26.2268
469 1753 1.34323 26.2434
468 1753 1.3441 26.2601
468 1753 1.34497 26.2768
467 1753 1.34583 26.2934
466 1753 1.3467 26.3101
465 1753 1.34757 26.3268
465 1753 1.34844 26.3434
464 1753 1.34931 26.3601
463 1753 1.35018 26.3768
461 1753 1.35105 26.3934
461 1753 1.35192 26.4101
461 1753 1.35279 26.4268
460 1753 1.35366 26.4434
459 1753 1.35453 26.4601
458 1753 1.3554 26.4768
457 1753 1.35627 26.4934
457 1753 1.35714 26.5101
456 1753 1.35801 26.5268
456 1753 1.35888 26.5434
454 1753 1.35975 26.5601
453 1753 1.36061 26.5768
453 1753 1.36148 26.5934
453 1753 1.36235 26.6101
452 1753 1.36322 26.6268
450 1753 1.36409 26.6434
450 1753 1.36496 26.6601
449 1753 1.36583 26.6768
449 1753 1.3667 26.6934
448 1753 1.36757 26.7101
447 1753 1.36844 26.7268
446 1753 1.36931 26.7434
446 1753 1.37018 26.7601
444 1753 1.37105 26.7768
444 1753 1.37192 26.7934
443 1753 1.37279 26.8101
443 1753 1.37366 26.8268
442 1753 1.37452 26.8434
442 1753 1.37539 26.8601
442 1753 1.37626 26.8768
441 1753 1.37713 26.8934
440 1753 1.378 26.9101
440 1753 1.37887 26.9268
440 1753 1.37974 26.9434
439 1753 1.38061 26.9601
439 1753 1.38148 26.9768
438 1753 1.38235 26.9934
437 1753 1.38322 27.0101
436 1753 1.38409 27.0268
436 1753 1.38496 27.0434
436 1753 1.38583 27.0601
436 1753 1.3867 27.0767
436 1753 1.38757 27.0934
434 1753 1.38844 27.1101
433 1753 1.3893 27.1267
432 1753 1.39017 27.1434
432 1753 1.39104 27.1601
431 1753 1.39191 27.1767
430 1753 1.39278 27.1934
429 1753 1.39365 27.2101
429 1753 1.39452 27.2267
429 1753 1.39539 27.2434
427 1753 1.39626 27.2601
427 1753 1.39713 27.2767
426 1753 1.398 27.2934
426 1753 1.39887 27.3101
424 1753 1.39974 27.3267
424 1753 1.40061 27.3434
423 1753 1.40148 27.3601
422 1753 1.40235 27.3767
422 1753 1.40321 27.3934
422 1753 1.40408 27.4101
419 1753 1.40495 27.4267
419 1753 1.40582 27.4434
419 1753 1.40669 27.4601
419 1753 1.40756 27.4767
418 1753 1.40843 27.4934
417 1753 1.4093 27.5101
416 1753 1.41017 27.5267
416 1753 1.41104 27.5434
416 1753 1.41191 27.5601
416 1753 1.41278 27.5767
415 1753 1.41365 27.5934
415 1753 1.41452 27.6101
414 1753 1.41539 27.6267
414 1753 1.41626 27.6434
413 1753 1.41713 27.6601
413 1753 1.41799 27.6767
411 1753 1.41886 27.6934
410 1753 1.41973 27.7101
410 1753 1.4206 27.7267
409 1753 1.42147 27.7434
408 1753 1.42234 27.7601
408 1753 1.42321 27.7767
408 1753 1.42408 27.7934
407 1753 1.42495 27.8101
407 1753 1.42582 27.8267
407 1753 1.42669 27.8434
406 1753 1.42756 27.8601
406 1753 1.42843 27.8767
406 1753 1.4293 27.8934
405 1753 1.43017 27.9101
405 1753 1.43104 27.9267
404 1753 1.4319 27.9434
404 1753 1.43277 27.9601
403 1753 1.43364 27.9767
403 1753 1.43451 27.9934
401 1753 1.43538 28.0101
401 1753 1.43625 28.0267
401 1753 1.43712 28.0434
400 1753 1.43799 28.0601
400 1753 1.43886 28.0767
399 1753 1.43973 28.0934
399 1753 1.4406 28.1101
399 1753 1.44147 28.1267
398 1753 1.44234 28.1434
398 1753 1.44321 28.1601
398 1753 1.44408 28.1767
398 1753 1.44495 28.1934
398 1753 1.44582 28.2101
397 1753 1.44668 28.2267
397 1753 1.44755 28.2434
396 1753 1.44842 28.2601
396 1753 1.44929 28.2767
396 1753 1.45016 28.2934
396 1753 1.45103 28.3101
395 1753 1.4519 28.3267
394 1753 1.45277 28.3434
394 1753 1.45364 28.3601
394 1753 1.45451 28.3767
393 1753 1.45538 28.3934
393 1753 1.45625 28.4101
392 1753 1.45712 28.4267
392 1753 1.45799 28.4434
391 1753 1.45886 28.4601
391 1753 1.45973 28.4767
389 1753 1.46059 28.4934
389 1753 1.46146 28.5101
389 1753 1.46233 28.5267
388 1753 1.4632 28.5434
388 1753 1.46407 28.5601
387 1753 1.46494 28.5767
387 1753 1.46581 28.5934
387 1753 1.46668 28.6101
387 1753 1.46755 28.6267
387 1753 1.46842 28.6434
387 1753 1.46929 28.6601
387 1753 1.47016 28.6767
385 1753 1.47103 28.6934
385 1753 1.4719 28.7101
384 1753 1.47277 28.7267
384 1753 1.47364 28.7434
383 1753 1.47451 28.7601
383 1753 1.47537 28.7767
382 1753 1.47624 28.7934
382 1753 1.47711 28.8101
381 1753 1.47798 28.8267
380 1753 1.47885 28.8434
380 1753 1.47972 28.8601
379 1753 1.48059 28.8767
379 1753 1.48146 28.8934
379 1753 1.48233 28.9101
379 1753 1.4832 28.9267
378 1753 1.48407 28.9434
377 1753 1.48494 28.9601
377 1753 1.48581 28.9767
377 1753 1.48668 28.9934
377 1753 1.48755 29.0101
376 1753 1.48842 29.0267
376 1753 1.48928 29.0434
375 1753 1.49015 29.0601
374 1753 1.49102 29.0767
374 1753 1.49189 29.0934
374 1753 1.49276 29.1101
374 1753 1.49363 29.1267
373 1753 1.4945 29.1434
373 1753 1.49537 29.1601
372 1753 1.49624 29.1767
371 1753 1.49711 29.1934
370 1753 1.49798 29.2101
370 1753 1.49885 29.2267
370 1753 1.49972 29.2434
368 1753 1.50059 29.26
368 1753 1.50146 29.2767
368 1753 1.50233 29.2934
367 1753 1.5032 29.31
367 1753 1.50406 29.3267
367 1753 1.50493 29.3434
367 1753 1.5058 29.36
366 1753 1.50667 29.3767
362 1753 1.50754 29.3934
359 1753 1.50841 29.41
355 1753 1.50928 29.4267
355 1753 1.51015 29.4434
354 1753 1.51102 29.46
352 1753 1.51189 29.4767
352 1753 1.51276 29.4934
352 1753 1.51363 29.51
351 1753 1.5145 29.5267
351 1753 1.51537 29.5434
351 1753 1.51624 29.56
351 1753 1.51711 29.5767
351 1753 1.51797 29.5934
351 1753 1.51884 29.61
349 1753 1.51971 29.6267
349 1753 1.52058 29.6434
349 1753 1.52145 29.66
349 1753 1.52232 29.6767
349 1753 1.52232 29.6934
349 1753 1.52232 29.71
349 1753 1.52232 29.7267
349 1753 1.52232 29.7434
348 1753 1.52232 29.76
348 1753 1.52232 29.7767
347 1753 1.52232 29.7934
347 1753 1.52232 29.81
347 1753 1.52232 29.8267
347 1753 1.52232 29.8434
347 1753 1.52232 29.86
346 1753 1.52232 29.8767
346 1753 1.52232 29.8934
344 1753 1.52232 29.91
342 1753 1.52232 29.9267
340 1753 1.52232 29.9434
339 1753 1.52232 29.96
338 1753 1.52232 29.9767
338 1753 1.52232 29.9934
337 1753 1.52232 30.01
334 1753 1.52232 30.0267
331 1753 1.52232 30.0434
328 1753 1.52232 30.06
325 1753 1.52232 30.0767
323 1753 1.52232 30.0934
322 1753 1.52232 30.11
322 1753 1.52232 30.1267
322 1753 1.52232 30.1434
321 1753 1.52232 30.16
320 1753 1.52232 30.1767
320 1753 1.52232 30.1934
318 1753 1.52232 30.21
316 1753 1.52232 30.2267
315 1753 1.52232 30.2434
313 1753 1.52232 30.26
310 1753 1.52232 30.2767
307 1753 1.52232 30.2934
306 1753 1.52232 30.31
305 1753 1.52232 30.3267
304 1753 1.52232 30.3434
302 1753 1.52232 30.36
300 1753 1.52232 30.3767
300 1753 1.52232 30.3934
300 1753 1.52232 30.41
299 1753 1.52232 30.4267
297 1753 1.52232 30.4434
297 1753 1.52232 30.46
297 1753 1.52232 30.4767
297 1753 1.52232 30.4934
297 1753 1.52232 30.51
295 1753 1.52232 30.5267
295 1753 1.52232 30.5434
293 1753 1.52232 30.56
292 1753 1.52232 30.5767
291 1753 1.52232 30.5934
290 1753 1.52232 30.61
290 1753 1.52232 30.6267
290 1753 1.52232 30.6434
289 1753 1.52232 30.66
289 1753 1.52232 30.6767
289 1753 1.52232 30.6934
289 1753 1.52232 30.71
289 1753 1.52232 30.7267
289 1753 1.52232 30.7434
288 1753 1.52232 30.76
287 1753 1.52232 30.7767
287 1753 1.52232 30.7934
287 1753 1.52232 30.81
286 1753 1.52232 30.8267
286 1753 1.52232 30.8434
286 1753 1.52232 30.86
286 1753 1.52232 30.8767
286 1753 1.52232 30.8934
286 1753 1.52232 30.91
286 1753 1.52232 30.9267
286 1753 1.52232 30.9434
286 1753 1.52232 30.96
286 1753 1.52232 30.9767
286 1753 1.52232 30.9934
286 1753 1.52232 31.01
286 1753 1.52232 31.0267
286 1753 1.52232 31.0434
286 1753 1.52232 31.06
286 1753 1.52232 31.0767
286 1753 1.52232 31.0934
286 1753 1.52232 31.11
286 1753 1.52232 31.1267
286 1753 1.52232 31.1434
286 1753 1.52232 31.16
286 1753 1.52232 31.1767
