4946 4941 0.00100417 0.0099411
4942 4941 0.00100417 0.0266075
4935 4941 0.00100417 0.0432739
4931 4941 0.00100417 0.0599403
4918 4941 0.00100417 0.0766068
4913 4941 0.00100417 0.0932732
4910 4941 0.00100417 0.10994
4903 4941 0.00100417 0.126606
4896 4941 0.00100417 0.143272
4892 4941 0.00100417 0.159939
4886 4941 0.00100417 0.176605
4879 4941 0.00100417 0.193272
4873 4941 0.00100417 0.209938
4867 4941 0.00100417 0.226604
4860 4941 0.00100417 0.243271
4854 4941 0.00100417 0.259937
4849 4941 0.00100417 0.276604
4846 4941 0.00100417 0.29327
4840 4941 0.00100417 0.309937
4827 4941 0.00100417 0.326603
4823 4941 0.00100417 0.343269
4823 4941 0.00100417 0.359936
4817 4941 0.00100417 0.376602
4812 4941 0.00100417 0.393269
4802 4941 0.00100417 0.409935
4797 4941 0.00100417 0.426601
4792 4941 0.00100417 0.443268
4788 4941 0.00100417 0.459934
4781 4941 0.00100417 0.476601
4777 4941 0.00100417 0.493267
4770 4941 0.00100417 0.509933
4763 4941 0.00100417 0.5266
4759 4941 0.00100417 0.543266
4752 4941 0.00100417 0.559933
4743 4941 0.00100417 0.576599
4737 4941 0.00100417 0.593266
4733 4941 0.00100417 0.609932
4730 4941 0.00100417 0.626598
4724 4941 0.00100417 0.643265
4719 4941 0.00100417 0.659931
4711 4941 0.00100417 0.676598
4707 4941 0.00100417 0.693264
4700 4941 0.00100417 0.70993
4694 4941 0.00100417 0.726597
4683 4941 0.00100417 0.743263
4681 4941 0.00100417 0.75993
4679 4941 0.00100417 0.776596
4671 4941 0.00100417 0.793262
4669 4941 0.00100417 0.809929
4660 4941 0.00100417 0.826595
4651 4941 0.00100417 0.843262
4646 4941 0.00100417 0.859928
4638 4941 0.00100417 0.876595
4635 4941 0.00100417 0.893261
4631 4941 0.00100417 0.909927
4623 4941 0.00100417 0.926594
4622 4941 0.00100417 0.94326
4616 4941 0.00100417 0.959927
4611 4941 0.00100417 0.976593
4604 4941 0.00100417 0.993259
4599 4941 0.00100417 1.00993
4593 4941 0.00100417 1.02659
4582 4941 0.00100417 1.04326
4576 4941 0.00100417 1.05993
4572 4941 0.00100417 1.07659
4563 4941 0.00100417 1.09326
4558 4941 0.00100417 1.10992
4552 4941 0.00100417 1.12659
4547 4941 0.00100417 1.14326
4544 4941 0.00100417 1.15992
4542 4941 0.00100417 1.17659
4541 4941 0.00100417 1.19326
4541 4941 0.00100417 1.20992
4541 4941 0.00100417 1.22659
4540 4941 0.00100417 1.24326
4538 4941 0.00100417 1.25992
4537 4941 0.00100417 1.27659
4536 4941 0.00100417 1.29325
4534 4941 0.00100417 1.30992
4534 4941 0.00100417 1.32659
4533 4941 0.00100417 1.34325
4532 4941 0.00100417 1.35992
4530 4941 0.00100417 1.37659
4530 4941 0.00100417 1.39325
4530 4941 0.00100417 1.40992
4530 4941 0.00100417 1.42659
4530 4941 0.00100417 1.44325
4530 4941 0.00100417 1.45992
4530 4941 0.00100417 1.47659
4529 4941 0.00100417 1.49325
4529 4941 0.00100417 1.50992
4529 4941 0.00100417 1.52658
4529 4941 0.00100417 1.54325
4529 4941 0.00100417 1.55992
4529 4941 0.00100417 1.57658
4529 4941 0.00100417 1.59325
4529 4941 0.00100417 1.60992
4529 4941 0.00100417 1.62658
4529 4941 0.00100417 1.64325
4529 4941 0.00100417 1.65992
4529 4941 0.00100417 1.67658
4529 4941 0.00100417 1.69325
4529 4941 0.00100417 1.70992
4529 4941 0.00100417 1.72658
4529 4941 0.00100417 1.74325
4529 4941 0.00100417 1.75991
4529 4941 0.00100417 1.77658
4529 4941 0.00100417 1.79325
4529 4941 0.00100417 1.80991
4529 4941 0.00100417 1.82658
4529 4941 0.00100417 1.84325
4529 4941 0.00200834 1.85991
4529 4941 0.00301252 1.87658
4529 4941 0.00401669 1.89325
4529 4941 0.00502086 1.90991
4529 4941 0.00602503 1.92658
4529 4941 0.00702921 1.94324
4529 4941 0.00803338 1.95991
4529 4941 0.00903755 1.97658
4529 4941 0.0100417 1.99324
4529 4941 0.0110459 2.00991
4529 4941 0.0120501 2.02658
4529 4941 0.0130542 2.04324
4529 4941 0.0140584 2.05991
4529 4941 0.0150626 2.07658
4529 4941 0.0160668 2.09324
4529 4941 0.0170709 2.10991
4529 4941 0.0180751 2.12658
4529 4941 0.0190793 2.14324
4529 4941 0.0200834 2.15991
4529 4941 0.0210876 2.17657
4529 4941 0.0220918 2.19324
4529 4941 0.023096 2.20991
4529 4941 0.0241001 2.22657
4529 4941 0.0251043 2.24324
4529 4941 0.0261085 2.25991
4529 4941 0.0271127 2.27657
4529 4941 0.0281168 2.29324
4529 4941 0.029121 2.30991
4529 4941 0.0301252 2.32657
4529 4941 0.0311293 2.34324
4529 4941 0.0321335 2.35991
4529 4941 0.0331377 2.37657
4529 4941 0.0341419 2.39324
4529 4941 0.035146 2.4099
4529 4941 0.0361502 2.42657
4529 4941 0.0371544 2.44324
4529 4941 0.0381585 2.4599
4529 4941 0.0391627 2.47657
4529 4941 0.0401669 2.49324
4529 4941 0.0411711 2.5099
4529 4941 0.0421752 2.52657
4529 4941 0.0431794 2.54324
4529 4941 0.0441836 2.5599
4529 4941 0.0451877 2.57657
4529 4941 0.0461919 2.59324
4529 4941 0.0471961 2.6099
4529 4941 0.0482002 2.62657
4529 4941 0.0492044 2.64323
4529 4941 0.0502086 2.6599
4529 4941 0.0512128 2.67657
4529 4941 0.0522169 2.69323
4529 4941 0.0532211 2.7099
4529 4941 0.0542253 2.72657
4529 4941 0.0552294 2.74323
4529 4941 0.0562336 2.7599
4529 4941 0.0572378 2.77657
4529 4941 0.058242 2.79323
4529 4941 0.0592461 2.8099
4529 4941 0.0602503 2.82656
4529 4941 0.0612545 2.84323
4529 4941 0.0622586 2.8599
4529 4941 0.0632628 2.87656
4529 4941 0.064267 2.89323
4529 4941 0.0652712 2.9099
4529 4941 0.0662753 2.92656
4529 4941 0.0672795 2.94323
4529 4941 0.0682837 2.9599
4529 4941 0.0692879 2.97656
4529 4941 0.070292 2.99323
4529 4941 0.0712962 3.0099
4529 4941 0.0723004 3.02656
4529 4941 0.0733045 3.04323
4529 4941 0.0743087 3.05989
4529 4941 0.0753129 3.07656
4529 4941 0.0763171 3.09323
4529 4941 0.0773212 3.10989
4529 4941 0.0783254 3.12656
4529 4941 0.0793296 3.14323
4529 4941 0.0803338 3.15989
4529 4941 0.0813379 3.17656
4529 4941 0.0823421 3.19323
4529 4941 0.0833463 3.20989
4529 4941 0.0843505 3.22656
4529 4941 0.0853546 3.24323
4529 4941 0.0863588 3.25989
4529 4941 0.087363 3.27656
4529 4941 0.0883672 3.29322
4529 4941 0.0893713 3.30989
4529 4941 0.0903755 3.32656
4528 4941 0.0913797 3.34322
4528 4941 0.0923839 3.35989
4528 4941 0.093388 3.37656
4527 4941 0.0943922 3.39322
4527 4941 0.0953964 3.40989
4527 4941 0.0964006 3.42656
4527 4941 0.0974047 3.44322
4527 4941 0.0984089 3.45989
4527 4941 0.0994131 3.47655
4527 4941 0.100417 3.49322
4527 4941 0.101421 3.50989
4527 4941 0.102426 3.52655
4527 4941 0.10343 3.54322
4526 4941 0.104434 3.55989
4525 4941 0.105438 3.57655
4525 4941 0.106442 3.59322
4524 4941 0.107446 3.60989
4523 4941 0.108451 3.62655
4523 4941 0.109455 3.64322
4523 4941 0.110459 3.65989
4522 4941 0.111463 3.67655
4522 4941 0.112467 3.69322
4521 4941 0.113472 3.70988
4520 4941 0.114476 3.72655
4519 4941 0.11548 3.74322
4518 4941 0.116484 3.75988
4518 4941 0.117488 3.77655
4517 4941 0.118492 3.79322
4517 4941 0.119497 3.80988
4517 4941 0.120501 3.82655
4516 4941 0.121505 3.84322
4516 4941 0.122509 3.85988
4515 4941 0.123513 3.87655
4514 4941 0.124517 3.89322
4514 4941 0.125522 3.90988
4513 4941 0.126526 3.92655
4513 4941 0.12753 3.94321
4513 4941 0.128534 3.95988
4513 4941 0.129538 3.97655
4512 4941 0.130542 3.99321
4511 4941 0.131547 4.00988
4510 4941 0.132551 4.02655
4510 4941 0.133555 4.04321
4510 4941 0.134559 4.05988
4509 4941 0.135563 4.07655
4508 4941 0.136568 4.09321
4508 4941 0.137572 4.10988
4508 4941 0.138576 4.12654
4508 4941 0.13958 4.14321
4507 4941 0.140584 4.15988
4507 4941 0.141588 4.17654
4506 4941 0.142593 4.19321
4506 4941 0.143597 4.20988
4506 4941 0.144601 4.22654
4506 4941 0.145605 4.24321
4505 4941 0.146609 4.25988
4505 4941 0.147613 4.27654
4505 4941 0.148618 4.29321
4504 4941 0.149622 4.30988
4503 4941 0.150626 4.32654
4501 4941 0.15163 4.34321
4501 4941 0.152634 4.35987
4500 4941 0.153638 4.37654
4499 4941 0.154643 4.39321
4498 4941 0.155647 4.40987
4498 4941 0.156651 4.42654
4497 4941 0.157655 4.44321
4496 4941 0.158659 4.45987
4495 4941 0.159664 4.47654
4495 4941 0.160668 4.49321
4495 4941 0.161672 4.50987
4494 4941 0.162676 4.52654
4493 4941 0.16368 4.54321
4493 4941 0.164684 4.55987
4492 4941 0.165689 4.57654
4490 4941 0.166693 4.5932
4489 4941 0.167697 4.60987
4487 4941 0.168701 4.62654
4487 4941 0.169705 4.6432
4487 4941 0.170709 4.65987
4487 4941 0.171714 4.67654
4487 4941 0.172718 4.6932
4487 4941 0.173722 4.70987
4485 4941 0.174726 4.72654
4484 4941 0.17573 4.7432
4483 4941 0.176735 4.75987
4481 4941 0.177739 4.77654
4480 4941 0.178743 4.7932
4479 4941 0.179747 4.80987
4479 4941 0.180751 4.82653
4479 4941 0.181755 4.8432
4479 4941 0.18276 4.85987
4478 4941 0.183764 4.87653
4478 4941 0.184768 4.8932
4477 4941 0.185772 4.90987
4476 4941 0.186776 4.92653
4475 4941 0.18778 4.9432
4475 4941 0.188785 4.95987
4475 4941 0.189789 4.97653
4474 4941 0.190793 4.9932
4473 4941 0.191797 5.00986
4472 4941 0.192801 5.02653
4472 4941 0.193805 5.0432
4471 4941 0.19481 5.05986
4469 4941 0.195814 5.07653
4469 4941 0.196818 5.0932
4469 4941 0.197822 5.10986
4469 4941 0.198826 5.12653
4468 4941 0.199831 5.1432
4465 4941 0.200835 5.15986
4465 4941 0.201839 5.17653
4464 4941 0.202843 5.1932
4464 4941 0.203847 5.20986
4464 4941 0.204851 5.22653
4462 4941 0.205856 5.24319
4462 4941 0.20686 5.25986
4461 4941 0.207864 5.27653
4461 4941 0.208868 5.29319
4460 4941 0.209872 5.30986
4459 4941 0.210876 5.32653
4459 4941 0.211881 5.34319
4457 4941 0.212885 5.35986
4455 4941 0.213889 5.37653
4454 4941 0.214893 5.39319
4454 4941 0.215897 5.40986
4453 4941 0.216901 5.42653
4451 4941 0.217906 5.44319
4451 4941 0.21891 5.45986
4450 4941 0.219914 5.47652
4449 4941 0.220918 5.49319
4449 4941 0.221922 5.50986
4447 4941 0.222927 5.52652
4446 4941 0.223931 5.54319
4445 4941 0.224935 5.55986
4445 4941 0.225939 5.57652
4445 4941 0.226943 5.59319
4444 4941 0.227947 5.60986
4442 4941 0.228952 5.62652
4441 4941 0.229956 5.64319
4440 4941 0.23096 5.65985
4440 4941 0.231964 5.67652
4440 4941 0.232968 5.69319
4439 4941 0.233972 5.70985
4439 4941 0.234977 5.72652
4438 4941 0.235981 5.74319
4437 4941 0.236985 5.75985
4436 4941 0.237989 5.77652
4435 4941 0.238993 5.79319
4434 4941 0.239997 5.80985
4434 4941 0.241002 5.82652
4434 4941 0.242006 5.84319
4434 4941 0.24301 5.85985
4434 4941 0.244014 5.87652
4432 4941 0.245018 5.89318
4432 4941 0.246023 5.90985
4431 4941 0.247027 5.92652
4431 4941 0.248031 5.94318
4430 4941 0.249035 5.95985
4430 4941 0.250039 5.97652
4429 4941 0.251043 5.99318
4428 4941 0.252048 6.00985
4427 4941 0.253052 6.02652
4427 4941 0.254056 6.04318
4427 4941 0.25506 6.05985
4426 4941 0.256064 6.07652
4426 4941 0.257068 6.09318
4424 4941 0.258072 6.10985
4423 4941 0.259077 6.12651
4422 4941 0.260081 6.14318
4422 4941 0.261085 6.15985
4422 4941 0.262089 6.17651
4421 4941 0.263093 6.19318
4419 4941 0.264097 6.20985
4418 4941 0.265102 6.22651
4415 4941 0.266106 6.24318
4415 4941 0.26711 6.25985
4415 4941 0.268114 6.27651
4415 4941 0.269118 6.29318
4413 4941 0.270122 6.30984
4411 4941 0.271127 6.32651
4410 4941 0.272131 6.34318
4409 4941 0.273135 6.35984
4408 4941 0.274139 6.37651
4407 4941 0.275143 6.39318
4407 4941 0.276147 6.40984
4407 4941 0.277152 6.42651
4406 4941 0.278156 6.44318
4404 4941 0.27916 6.45984
4402 4941 0.280164 6.47651
4400 4941 0.281168 6.49318
4399 4941 0.282172 6.50984
4397 4941 0.283176 6.52651
4397 4941 0.284181 6.54317
4396 4941 0.285185 6.55984
4396 4941 0.286189 6.57651
4393 4941 0.287193 6.59317
4392 4941 0.288197 6.60984
4391 4941 0.289201 6.62651
4391 4941 0.290206 6.64317
4391 4941 0.29121 6.65984
4391 4941 0.292214 6.67651
4389 4941 0.293218 6.69317
4389 4941 0.294222 6.70984
4386 4941 0.295226 6.72651
4386 4941 0.296231 6.74317
4385 4941 0.297235 6.75984
4385 4941 0.298239 6.7765
4383 4941 0.299243 6.79317
4380 4941 0.300247 6.80984
4379 4941 0.301251 6.8265
4379 4941 0.302256 6.84317
4377 4941 0.30326 6.85984
4375 4941 0.304264 6.8765
4374 4941 0.305268 6.89317
4373 4941 0.306272 6.90984
4373 4941 0.307276 6.9265
4371 4941 0.30828 6.94317
4370 4941 0.309285 6.95984
4370 4941 0.310289 6.9765
4368 4941 0.311293 6.99317
4366 4941 0.312297 7.00983
4365 4941 0.313301 7.0265
4365 4941 0.314305 7.04317
4365 4941 0.31531 7.05983
4363 4941 0.316314 7.0765
4362 4941 0.317318 7.09317
4359 4941 0.318322 7.10983
4358 4941 0.319326 7.1265
4358 4941 0.32033 7.14317
4357 4941 0.321335 7.15983
4357 4941 0.322339 7.1765
4355 4941 0.323343 7.19316
4354 4941 0.324347 7.20983
4353 4941 0.325351 7.2265
4352 4941 0.326355 7.24316
4352 4941 0.327359 7.25983
4350 4941 0.328364 7.2765
4350 4941 0.329368 7.29316
4349 4941 0.330372 7.30983
4347 4941 0.331376 7.3265
4346 4941 0.33238 7.34316
4346 4941 0.333384 7.35983
4345 4941 0.334389 7.3765
4343 4941 0.335393 7.39316
4343 4941 0.336397 7.40983
4342 4941 0.337401 7.42649
4338 4941 0.338405 7.44316
4337 4941 0.339409 7.45983
4336 4941 0.340414 7.47649
4335 4941 0.341418 7.49316
4333 4941 0.342422 7.50983
4332 4941 0.343426 7.52649
4331 4941 0.34443 7.54316
4329 4941 0.345434 7.55983
4327 4941 0.346439 7.57649
4325 4941 0.347443 7.59316
4325 4941 0.348447 7.60983
4324 4941 0.349451 7.62649
4322 4941 0.350455 7.64316
4320 4941 0.351459 7.65982
4319 4941 0.352463 7.67649
4318 4941 0.353468 7.69316
4317 4941 0.354472 7.70982
4315 4941 0.355476 7.72649
4314 4941 0.35648 7.74316
4314 4941 0.357484 7.75982
4314 4941 0.358488 7.77649
4313 4941 0.359493 7.79316
4311 4941 0.360497 7.80982
4309 4941 0.361501 7.82649
4309 4941 0.362505 7.84315
4309 4941 0.363509 7.85982
4309 4941 0.364513 7.87649
4309 4941 0.365518 7.89315
4306 4941 0.366522 7.90982
4306 4941 0.367526 7.92649
4304 4941 0.36853 7.94315
4301 4941 0.369534 7.95982
4301 4941 0.370538 7.97649
4300 4941 0.371543 7.99315
4298 4941 0.372547 8.00982
4298 4941 0.373551 8.02649
4295 4941 0.374555 8.04315
4294 4941 0.375559 8.05982
4294 4941 0.376563 8.07648
4293 4941 0.377567 8.09315
4292 4941 0.378572 8.10982
4290 4941 0.379576 8.12648
4289 4941 0.38058 8.14315
4289 4941 0.381584 8.15982
4285 4941 0.382588 8.17648
4283 4941 0.383592 8.19315
4283 4941 0.384597 8.20982
4282 4941 0.385601 8.22648
4281 4941 0.386605 8.24315
4276 4941 0.387609 8.25982
4276 4941 0.388613 8.27648
4275 4941 0.389617 8.29315
4275 4941 0.390622 8.30981
4274 4941 0.391626 8.32648
4272 4941 0.39263 8.34315
4269 4941 0.393634 8.35981
4269 4941 0.394638 8.37648
4268 4941 0.395642 8.39315
4267 4941 0.396646 8.40981
4267 4941 0.397651 8.42648
4266 4941 0.398655 8.44315
4264 4941 0.399659 8.45981
4263 4941 0.400663 8.47648
4261 4941 0.401667 8.49314
4258 4941 0.402671 8.50981
4256 4941 0.403676 8.52648
4254 4941 0.40468 8.54314
4254 4941 0.405684 8.55981
4254 4941 0.406688 8.57648
4252 4941 0.407692 8.59314
4249 4941 0.408696 8.60981
4248 4941 0.409701 8.62648
4247 4941 0.410705 8.64314
4246 4941 0.411709 8.65981
4246 4941 0.412713 8.67648
4244 4941 0.413717 8.69314
4243 4941 0.414721 8.70981
4242 4941 0.415726 8.72647
4241 4941 0.41673 8.74314
4239 4941 0.417734 8.75981
4239 4941 0.418738 8.77647
4237 4941 0.419742 8.79314
4237 4941 0.420746 8.80981
4235 4941 0.42175 8.82647
4232 4941 0.422755 8.84314
4232 4941 0.423759 8.85981
4229 4941 0.424763 8.87647
4229 4941 0.425767 8.89314
4228 4941 0.426771 8.90981
4225 4941 0.427775 8.92647
4223 4941 0.42878 8.94314
4223 4941 0.429784 8.9598
4220 4941 0.430788 8.97647
4220 4941 0.431792 8.99314
4217 4941 0.432796 9.0098
4215 4941 0.4338 9.02647
4215 4941 0.434805 9.04314
4215 4941 0.435809 9.0598
4211 4941 0.436813 9.07647
4210 4941 0.437817 9.09314
4209 4941 0.438821 9.1098
4206 4941 0.439825 9.12647
4205 4941 0.44083 9.14314
4203 4941 0.441834 9.1598
4202 4941 0.442838 9.17647
4201 4941 0.443842 9.19313
4200 4941 0.444846 9.2098
4198 4941 0.44585 9.22647
4197 4941 0.446854 9.24313
4197 4941 0.447859 9.2598
4193 4941 0.448863 9.27647
4192 4941 0.449867 9.29313
4190 4941 0.450871 9.3098
4190 4941 0.451875 9.32647
4188 4941 0.452879 9.34313
4184 4941 0.453884 9.3598
4184 4941 0.454888 9.37646
4184 4941 0.455892 9.39313
4183 4941 0.456896 9.4098
4182 4941 0.4579 9.42646
4178 4941 0.458904 9.44313
4176 4941 0.459909 9.4598
4175 4941 0.460913 9.47646
4171 4941 0.461917 9.49313
4168 4941 0.462921 9.5098
4167 4941 0.463925 9.52646
4165 4941 0.464929 9.54313
4163 4941 0.465934 9.5598
4162 4941 0.466938 9.57646
4162 4941 0.467942 9.59313
4161 4941 0.468946 9.60979
4160 4941 0.46995 9.62646
4157 4941 0.470954 9.64313
4154 4941 0.471958 9.65979
4154 4941 0.472963 9.67646
4153 4941 0.473967 9.69313
4151 4941 0.474971 9.70979
4148 4941 0.475975 9.72646
4145 4941 0.476979 9.74313
4145 4941 0.477983 9.75979
4144 4941 0.478988 9.77646
4143 4941 0.479992 9.79313
4141 4941 0.480996 9.80979
4141 4941 0.482 9.82646
4139 4941 0.483004 9.84312
4135 4941 0.484008 9.85979
4135 4941 0.485013 9.87646
4131 4941 0.486017 9.89312
4130 4941 0.487021 9.90979
4129 4941 0.488025 9.92646
4127 4941 0.489029 9.94312
4127 4941 0.490033 9.95979
4125 4941 0.491037 9.97646
4123 4941 0.492042 9.99312
4122 4941 0.493046 10.0098
4121 4941 0.49405 10.0265
4120 4941 0.495054 10.0431
4118 4941 0.496058 10.0598
4117 4941 0.497062 10.0765
4115 4941 0.498067 10.0931
4115 4941 0.499071 10.1098
4112 4941 0.500075 10.1265
4112 4941 0.501079 10.1431
4111 4941 0.502083 10.1598
4109 4941 0.503087 10.1765
4107 4941 0.504092 10.1931
4106 4941 0.505096 10.2098
4103 4941 0.5061 10.2265
4101 4941 0.507104 10.2431
4101 4941 0.508108 10.2598
4099 4941 0.509112 10.2765
4096 4941 0.510117 10.2931
4095 4941 0.511121 10.3098
4094 4941 0.512125 10.3265
4092 4941 0.513129 10.3431
4089 4941 0.514133 10.3598
4089 4941 0.515137 10.3764
4088 4941 0.516141 10.3931
4087 4941 0.517146 10.4098
4083 4941 0.51815 10.4264
4082 4941 0.519154 10.4431
4082 4941 0.520158 10.4598
4079 4941 0.521162 10.4764
4079 4941 0.522166 10.4931
4078 4941 0.523171 10.5098
4076 4941 0.524175 10.5264
4075 4941 0.525179 10.5431
4072 4941 0.526183 10.5598
4072 4941 0.527187 10.5764
4068 4941 0.528191 10.5931
4066 4941 0.529196 10.6098
4064 4941 0.5302 10.6264
4064 4941 0.531204 10.6431
4060 4941 0.532208 10.6598
4057 4941 0.533212 10.6764
4057 4941 0.534216 10.6931
4057 4941 0.535221 10.7098
4054 4941 0.536225 10.7264
4052 4941 0.537229 10.7431
4051 4941 0.538233 10.7598
4050 4941 0.539237 10.7764
4048 4941 0.540241 10.7931
4046 4941 0.541245 10.8098
4046 4941 0.54225 10.8264
4043 4941 0.543254 10.8431
4041 4941 0.544258 10.8598
4040 4941 0.545262 10.8764
4038 4941 0.546266 10.8931
4037 4941 0.54727 10.9098
4034 4941 0.548275 10.9264
4033 4941 0.549279 10.9431
4031 4941 0.550283 10.9598
4027 4941 0.551287 10.9764
4025 4941 0.552291 10.9931
4025 4941 0.553295 11.0098
4024 4941 0.5543 11.0264
4021 4941 0.555304 11.0431
4019 4941 0.556308 11.0598
4015 4941 0.557312 11.0764
4014 4941 0.558316 11.0931
4012 4941 0.55932 11.1098
4012 4941 0.560324 11.1264
4010 4941 0.561329 11.1431
4007 4941 0.562333 11.1598
4005 4941 0.563337 11.1764
4003 4941 0.564341 11.1931
4001 4941 0.565345 11.2098
4000 4941 0.566349 11.2264
3998 4941 0.567354 11.2431
3995 4941 0.568358 11.2598
3993 4941 0.569362 11.2764
3991 4941 0.570366 11.2931
3990 4941 0.57137 11.3098
3986 4941 0.572374 11.3264
3985 4941 0.573379 11.3431
3983 4941 0.574383 11.3598
3981 4941 0.575387 11.3764
3978 4941 0.576391 11.3931
3977 4941 0.577395 11.4098
3976 4941 0.578399 11.4264
3974 4941 0.579404 11.4431
3973 4941 0.580408 11.4598
3972 4941 0.581412 11.4764
3968 4941 0.582416 11.4931
3968 4941 0.58342 11.5098
3966 4941 0.584424 11.5264
3963 4941 0.585428 11.5431
3963 4941 0.586433 11.5598
3960 4941 0.587437 11.5764
3958 4941 0.588441 11.5931
3955 4941 0.589445 11.6098
3954 4941 0.590449 11.6264
3953 4941 0.591453 11.6431
3949 4941 0.592458 11.6598
3948 4941 0.593462 11.6764
3947 4941 0.594466 11.6931
3945 4941 0.59547 11.7098
3942 4941 0.596474 11.7264
3940 4941 0.597478 11.7431
3940 4941 0.598483 11.7598
3936 4941 0.599487 11.7764
3934 4941 0.600491 11.7931
3933 4941 0.601495 11.8098
3932 4941 0.602499 11.8264
3927 4941 0.603503 11.8431
3926 4941 0.604508 11.8598
3925 4941 0.605512 11.8764
3921 4941 0.606516 11.8931
3920 4941 0.60752 11.9098
3920 4941 0.608524 11.9264
3917 4941 0.609528 11.9431
3915 4941 0.610532 11.9598
3912 4941 0.611537 11.9764
3910 4941 0.612541 11.9931
3905 4941 0.613545 12.0098
3903 4941 0.614549 12.0264
3902 4941 0.615553 12.0431
3900 4941 0.616557 12.0598
3898 4941 0.617562 12.0764
3895 4941 0.618566 12.0931
3893 4941 0.61957 12.1098
3890 4941 0.620574 12.1264
3889 4941 0.621578 12.1431
3886 4941 0.622582 12.1598
3884 4941 0.623587 12.1764
3881 4941 0.624591 12.1931
3879 4941 0.625595 12.2098
3878 4941 0.626599 12.2264
3875 4941 0.627603 12.2431
3871 4941 0.628607 12.2598
3870 4941 0.629611 12.2764
3868 4941 0.630616 12.2931
3866 4941 0.63162 12.3098
3862 4941 0.632624 12.3264
3860 4941 0.633628 12.3431
3859 4941 0.634632 12.3598
3856 4941 0.635636 12.3764
3853 4941 0.636641 12.3931
3850 4941 0.637645 12.4098
3848 4941 0.638649 12.4264
3845 4941 0.639653 12.4431
3842 4941 0.640657 12.4598
3841 4941 0.641661 12.4764
3838 4941 0.642666 12.4931
3836 4941 0.64367 12.5098
3833 4941 0.644674 12.5264
3830 4941 0.645678 12.5431
3830 4941 0.646682 12.5597
3826 4941 0.647686 12.5764
3822 4941 0.648691 12.5931
3821 4941 0.649695 12.6097
3819 4941 0.650699 12.6264
3817 4941 0.651703 12.6431
3812 4941 0.652707 12.6597
3809 4941 0.653711 12.6764
3807 4941 0.654715 12.6931
3806 4941 0.65572 12.7097
3803 4941 0.656724 12.7264
3800 4941 0.657728 12.7431
3796 4941 0.658732 12.7597
3794 4941 0.659736 12.7764
3790 4941 0.66074 12.7931
3788 4941 0.661745 12.8097
3786 4941 0.662749 12.8264
3784 4941 0.663753 12.8431
3779 4941 0.664757 12.8597
3778 4941 0.665761 12.8764
3777 4941 0.666765 12.8931
3775 4941 0.66777 12.9097
3773 4941 0.668774 12.9264
3771 4941 0.669778 12.9431
3769 4941 0.670782 12.9597
3767 4941 0.671786 12.9764
3765 4941 0.67279 12.9931
3761 4941 0.673795 13.0097
3759 4941 0.674799 13.0264
3756 4941 0.675803 13.0431
3755 4941 0.676807 13.0597
3752 4941 0.677811 13.0764
3749 4941 0.678815 13.0931
3747 4941 0.679819 13.1097
3745 4941 0.680824 13.1264
3744 4941 0.681828 13.1431
3739 4941 0.682832 13.1597
3735 4941 0.683836 13.1764
3735 4941 0.68484 13.1931
3732 4941 0.685844 13.2097
3730 4941 0.686849 13.2264
3728 4941 0.687853 13.2431
3726 4941 0.688857 13.2597
3722 4941 0.689861 13.2764
3721 4941 0.690865 13.2931
3720 4941 0.691869 13.3097
3717 4941 0.692874 13.3264
3714 4941 0.693878 13.3431
3712 4941 0.694882 13.3597
3708 4941 0.695886 13.3764
3706 4941 0.69689 13.3931
3705 4941 0.697894 13.4097
3702 4941 0.698898 13.4264
3700 4941 0.699903 13.4431
3699 4941 0.700907 13.4597
3693 4941 0.701911 13.4764
3693 4941 0.702915 13.4931
3691 4941 0.703919 13.5097
3688 4941 0.704923 13.5264
3685 4941 0.705928 13.5431
3682 4941 0.706932 13.5597
3680 4941 0.707936 13.5764
3676 4941 0.70894 13.5931
3675 4941 0.709944 13.6097
3672 4941 0.710948 13.6264
3671 4941 0.711953 13.6431
3668 4941 0.712957 13.6597
3664 4941 0.713961 13.6764
3661 4941 0.714965 13.6931
3660 4941 0.715969 13.7097
3659 4941 0.716973 13.7264
3656 4941 0.717978 13.7431
3654 4941 0.718982 13.7597
3651 4941 0.719986 13.7764
3650 4941 0.72099 13.7931
3646 4941 0.721994 13.8097
3643 4941 0.722998 13.8264
3640 4941 0.724002 13.8431
3637 4941 0.725007 13.8597
3632 4941 0.726011 13.8764
3632 4941 0.727015 13.8931
3629 4941 0.728019 13.9097
3626 4941 0.729023 13.9264
3623 4941 0.730027 13.9431
3621 4941 0.731032 13.9597
3617 4941 0.732036 13.9764
3615 4941 0.73304 13.9931
3613 4941 0.734044 14.0097
3611 4941 0.735048 14.0264
3608 4941 0.736052 14.0431
3606 4941 0.737057 14.0597
3602 4941 0.738061 14.0764
3600 4941 0.739065 14.0931
3597 4941 0.740069 14.1097
3593 4941 0.741073 14.1264
3592 4941 0.742077 14.1431
3588 4941 0.743082 14.1597
3584 4941 0.744086 14.1764
3583 4941 0.74509 14.1931
3581 4941 0.746094 14.2097
3576 4941 0.747098 14.2264
3574 4941 0.748102 14.2431
3572 4941 0.749106 14.2597
3569 4941 0.750111 14.2764
3564 4941 0.751115 14.2931
3563 4941 0.752119 14.3097
3562 4941 0.753123 14.3264
3559 4941 0.754127 14.3431
3556 4941 0.755131 14.3597
3553 4941 0.756136 14.3764
3551 4941 0.75714 14.3931
3548 4941 0.758144 14.4097
3546 4941 0.759148 14.4264
3543 4941 0.760152 14.4431
3540 4941 0.761156 14.4597
3537 4941 0.762161 14.4764
3533 4941 0.763165 14.4931
3532 4941 0.764169 14.5097
3529 4941 0.765173 14.5264
3525 4941 0.766177 14.5431
3524 4941 0.767181 14.5597
3522 4941 0.768185 14.5764
3518 4941 0.76919 14.5931
3516 4941 0.770194 14.6097
3513 4941 0.771198 14.6264
3509 4941 0.772202 14.6431
3505 4941 0.773206 14.6597
3503 4941 0.77421 14.6764
3501 4941 0.775215 14.6931
3497 4941 0.776219 14.7097
3493 4941 0.777223 14.7264
3492 4941 0.778227 14.743
3490 4941 0.779231 14.7597
3488 4941 0.780235 14.7764
3485 4941 0.78124 14.793
3484 4941 0.782244 14.8097
3479 4941 0.783248 14.8264
3477 4941 0.784252 14.843
3474 4941 0.785256 14.8597
3471 4941 0.78626 14.8764
3469 4941 0.787265 14.893
3464 4941 0.788269 14.9097
3463 4941 0.789273 14.9264
3461 4941 0.790277 14.943
3456 4941 0.791281 14.9597
3453 4941 0.792285 14.9764
3453 4941 0.793289 14.993
3451 4941 0.794294 15.0097
3448 4941 0.795298 15.0264
3445 4941 0.796302 15.043
3440 4941 0.797306 15.0597
3438 4941 0.79831 15.0764
3435 4941 0.799314 15.093
3433 4941 0.800319 15.1097
3429 4941 0.801323 15.1264
3428 4941 0.802327 15.143
3424 4941 0.803331 15.1597
3422 4941 0.804335 15.1764
3421 4941 0.805339 15.193
3418 4941 0.806344 15.2097
3414 4941 0.807348 15.2264
3412 4941 0.808352 15.243
3411 4941 0.809356 15.2597
3408 4941 0.81036 15.2764
3404 4941 0.811364 15.293
3403 4941 0.812369 15.3097
3399 4941 0.813373 15.3264
3397 4941 0.814377 15.343
3396 4941 0.815381 15.3597
3393 4941 0.816385 15.3764
3390 4941 0.817389 15.393
3388 4941 0.818393 15.4097
3387 4941 0.819398 15.4264
3385 4941 0.820402 15.443
3382 4941 0.821406 15.4597
3380 4941 0.82241 15.4764
3376 4941 0.823414 15.493
3373 4941 0.824418 15.5097
3371 4941 0.825423 15.5264
3369 4941 0.826427 15.543
3365 4941 0.827431 15.5597
3360 4941 0.828435 15.5764
3359 4941 0.829439 15.593
3357 4941 0.830443 15.6097
3354 4941 0.831448 15.6264
3352 4941 0.832452 15.643
3349 4941 0.833456 15.6597
3345 4941 0.83446 15.6764
3342 4941 0.835464 15.693
3340 4941 0.836468 15.7097
3338 4941 0.837472 15.7264
3337 4941 0.838477 15.743
3334 4941 0.839481 15.7597
3331 4941 0.840485 15.7764
3329 4941 0.841489 15.793
3324 4941 0.842493 15.8097
3323 4941 0.843497 15.8264
3318 4941 0.844502 15.843
3314 4941 0.845506 15.8597
3312 4941 0.84651 15.8764
3311 4941 0.847514 15.893
3309 4941 0.848518 15.9097
3307 4941 0.849522 15.9264
3303 4941 0.850527 15.943
3300 4941 0.851531 15.9597
3298 4941 0.852535 15.9764
3296 4941 0.853539 15.993
3293 4941 0.854543 16.0097
3292 4941 0.855547 16.0264
3289 4941 0.856552 16.043
3285 4941 0.857556 16.0597
3283 4941 0.85856 16.0764
3281 4941 0.859564 16.093
3279 4941 0.860568 16.1097
3276 4941 0.861572 16.1264
3271 4941 0.862576 16.143
3270 4941 0.863581 16.1597
3267 4941 0.864585 16.1764
3265 4941 0.865589 16.193
3263 4941 0.866593 16.2097
3258 4941 0.867597 16.2264
3255 4941 0.868601 16.243
3252 4941 0.869606 16.2597
3250 4941 0.87061 16.2764
3247 4941 0.871614 16.293
3246 4941 0.872618 16.3097
3242 4941 0.873622 16.3264
3241 4941 0.874626 16.343
3238 4941 0.875631 16.3597
3235 4941 0.876635 16.3764
3232 4941 0.877639 16.393
3231 4941 0.878643 16.4097
3227 4941 0.879647 16.4264
3226 4941 0.880651 16.443
3225 4941 0.881656 16.4597
3222 4941 0.88266 16.4764
3219 4941 0.883664 16.493
3217 4941 0.884668 16.5097
3215 4941 0.885672 16.5264
3214 4941 0.886676 16.543
3210 4941 0.88768 16.5597
3207 4941 0.888685 16.5764
3204 4941 0.889689 16.593
3200 4941 0.890693 16.6097
3198 4941 0.891697 16.6264
3193 4941 0.892701 16.643
3191 4941 0.893705 16.6597
3188 4941 0.89471 16.6764
3187 4941 0.895714 16.693
3183 4941 0.896718 16.7097
3181 4941 0.897722 16.7264
3177 4941 0.898726 16.743
3175 4941 0.89973 16.7597
3173 4941 0.900735 16.7764
3167 4941 0.901739 16.793
3166 4941 0.902743 16.8097
3164 4941 0.903747 16.8264
3163 4941 0.904751 16.843
3161 4941 0.905755 16.8597
3159 4941 0.90676 16.8764
3155 4941 0.907764 16.893
3153 4941 0.908768 16.9097
3150 4941 0.909772 16.9263
3148 4941 0.910776 16.943
3144 4941 0.91178 16.9597
3143 4941 0.912784 16.9763
3140 4941 0.913789 16.993
3138 4941 0.914793 17.0097
3135 4941 0.915797 17.0263
3131 4941 0.916801 17.043
3129 4941 0.917805 17.0597
3126 4941 0.918809 17.0763
3125 4941 0.919814 17.093
3123 4941 0.920818 17.1097
3120 4941 0.921822 17.1263
3116 4941 0.922826 17.143
3113 4941 0.92383 17.1597
3110 4941 0.924834 17.1763
3106 4941 0.925839 17.193
3102 4941 0.926843 17.2097
3101 4941 0.927847 17.2263
3097 4941 0.928851 17.243
3095 4941 0.929855 17.2597
3092 4941 0.930859 17.2763
3091 4941 0.931863 17.293
3087 4941 0.932868 17.3097
3083 4941 0.933872 17.3263
3080 4941 0.934876 17.343
3080 4941 0.93588 17.3597
3078 4941 0.936884 17.3763
3073 4941 0.937888 17.393
3071 4941 0.938893 17.4097
3066 4941 0.939897 17.4263
3063 4941 0.940901 17.443
3061 4941 0.941905 17.4597
3061 4941 0.942909 17.4763
3058 4941 0.943913 17.493
3057 4941 0.944918 17.5097
3054 4941 0.945922 17.5263
3051 4941 0.946926 17.543
3050 4941 0.94793 17.5597
3046 4941 0.948934 17.5763
3043 4941 0.949938 17.593
3042 4941 0.950943 17.6097
3040 4941 0.951947 17.6263
3036 4941 0.952951 17.643
3033 4941 0.953955 17.6597
3032 4941 0.954959 17.6763
3030 4941 0.955963 17.693
3027 4941 0.956967 17.7097
3027 4941 0.957972 17.7263
3020 4941 0.958976 17.743
3016 4941 0.95998 17.7597
3015 4941 0.960984 17.7763
3013 4941 0.961988 17.793
3006 4941 0.962992 17.8097
3003 4941 0.963997 17.8263
3002 4941 0.965001 17.843
2999 4941 0.966005 17.8597
2997 4941 0.967009 17.8763
2995 4941 0.968013 17.893
2991 4941 0.969017 17.9097
2987 4941 0.970022 17.9263
2983 4941 0.971026 17.943
2981 4941 0.97203 17.9597
2979 4941 0.973034 17.9763
2977 4941 0.974038 17.993
2974 4941 0.975042 18.0097
2968 4941 0.976047 18.0263
2968 4941 0.977051 18.043
2966 4941 0.978055 18.0597
2965 4941 0.979059 18.0763
2960 4941 0.980063 18.093
2958 4941 0.981067 18.1097
2954 4941 0.982071 18.1263
2953 4941 0.983076 18.143
2949 4941 0.98408 18.1597
2946 4941 0.985084 18.1763
2945 4941 0.986088 18.193
2941 4941 0.987092 18.2097
2941 4941 0.988096 18.2263
2935 4941 0.989101 18.243
2932 4941 0.990105 18.2597
2929 4941 0.991109 18.2763
2927 4941 0.992113 18.293
2924 4941 0.993117 18.3097
2920 4941 0.994121 18.3263
2915 4941 0.995126 18.343
2913 4941 0.99613 18.3597
2913 4941 0.997134 18.3763
2905 4941 0.998138 18.393
2902 4941 0.999142 18.4097
2901 4941 1.00015 18.4263
2896 4941 1.00115 18.443
2892 4941 1.00215 18.4597
2890 4941 1.00316 18.4763
2888 4941 1.00416 18.493
2886 4941 1.00517 18.5097
2881 4941 1.00617 18.5263
2879 4941 1.00718 18.543
2875 4941 1.00818 18.5597
2872 4941 1.00918 18.5763
2872 4941 1.01019 18.593
2868 4941 1.01119 18.6097
2867 4941 1.0122 18.6263
2864 4941 1.0132 18.643
2859 4941 1.01421 18.6597
2856 4941 1.01521 18.6763
2853 4941 1.01621 18.693
2852 4941 1.01722 18.7097
2849 4941 1.01822 18.7263
2847 4941 1.01923 18.743
2843 4941 1.02023 18.7597
2839 4941 1.02123 18.7763
2836 4941 1.02224 18.793
2833 4941 1.02324 18.8097
2831 4941 1.02425 18.8263
2827 4941 1.02525 18.843
2824 4941 1.02626 18.8597
2820 4941 1.02726 18.8763
2817 4941 1.02826 18.893
2813 4941 1.02927 18.9097
2811 4941 1.03027 18.9263
2807 4941 1.03128 18.943
2805 4941 1.03228 18.9597
2801 4941 1.03329 18.9763
2799 4941 1.03429 18.993
2795 4941 1.03529 19.0097
2793 4941 1.0363 19.0263
2790 4941 1.0373 19.043
2787 4941 1.03831 19.0597
2784 4941 1.03931 19.0763
2782 4941 1.04032 19.093
2778 4941 1.04132 19.1096
2775 4941 1.04232 19.1263
2770 4941 1.04333 19.143
2769 4941 1.04433 19.1596
2768 4941 1.04534 19.1763
2764 4941 1.04634 19.193
2762 4941 1.04734 19.2096
2758 4941 1.04835 19.2263
2756 4941 1.04935 19.243
2751 4941 1.05036 19.2596
2748 4941 1.05136 19.2763
2745 4941 1.05237 19.293
2742 4941 1.05337 19.3096
2739 4941 1.05437 19.3263
2736 4941 1.05538 19.343
2733 4941 1.05638 19.3596
2731 4941 1.05739 19.3763
2729 4941 1.05839 19.393
2725 4941 1.0594 19.4096
2722 4941 1.0604 19.4263
2719 4941 1.0614 19.443
2717 4941 1.06241 19.4596
2717 4941 1.06341 19.4763
2714 4941 1.06442 19.493
2709 4941 1.06542 19.5096
2706 4941 1.06642 19.5263
2703 4941 1.06743 19.543
2700 4941 1.06843 19.5596
2697 4941 1.06944 19.5763
2694 4941 1.07044 19.593
2693 4941 1.07145 19.6096
2689 4941 1.07245 19.6263
2685 4941 1.07345 19.643
2683 4941 1.07446 19.6596
2679 4941 1.07546 19.6763
2676 4941 1.07647 19.693
2674 4941 1.07747 19.7096
2671 4941 1.07848 19.7263
2668 4941 1.07948 19.743
2666 4941 1.08048 19.7596
2661 4941 1.08149 19.7763
2657 4941 1.08249 19.793
2655 4941 1.0835 19.8096
2653 4941 1.0845 19.8263
2649 4941 1.08551 19.843
2647 4941 1.08651 19.8596
2643 4941 1.08751 19.8763
2642 4941 1.08852 19.893
2639 4941 1.08952 19.9096
2638 4941 1.09053 19.9263
2634 4941 1.09153 19.943
2631 4941 1.09253 19.9596
2627 4941 1.09354 19.9763
2625 4941 1.09454 19.993
2620 4941 1.09555 20.0096
2617 4941 1.09655 20.0263
2614 4941 1.09756 20.043
2611 4941 1.09856 20.0596
2607 4941 1.09956 20.0763
2603 4941 1.10057 20.093
2601 4941 1.10157 20.1096
2599 4941 1.10258 20.1263
2595 4941 1.10358 20.143
2594 4941 1.10459 20.1596
2592 4941 1.10559 20.1763
2587 4941 1.10659 20.193
2582 4941 1.1076 20.2096
2580 4941 1.1086 20.2263
2579 4941 1.10961 20.243
2575 4941 1.11061 20.2596
2572 4941 1.11161 20.2763
2569 4941 1.11262 20.293
2567 4941 1.11362 20.3096
2564 4941 1.11463 20.3263
2560 4941 1.11563 20.343
2558 4941 1.11664 20.3596
2556 4941 1.11764 20.3763
2553 4941 1.11864 20.393
2552 4941 1.11965 20.4096
2547 4941 1.12065 20.4263
2544 4941 1.12166 20.443
2542 4941 1.12266 20.4596
2541 4941 1.12367 20.4763
2537 4941 1.12467 20.493
2533 4941 1.12567 20.5096
2531 4941 1.12668 20.5263
2529 4941 1.12768 20.543
2525 4941 1.12869 20.5596
2522 4941 1.12969 20.5763
2520 4941 1.13069 20.593
2519 4941 1.1317 20.6096
2515 4941 1.1327 20.6263
2511 4941 1.13371 20.643
2510 4941 1.13471 20.6596
2509 4941 1.13572 20.6763
2507 4941 1.13672 20.693
2501 4941 1.13772 20.7096
2499 4941 1.13873 20.7263
2495 4941 1.13973 20.743
2493 4941 1.14074 20.7596
2491 4941 1.14174 20.7763
2489 4941 1.14275 20.793
2487 4941 1.14375 20.8096
2483 4941 1.14475 20.8263
2480 4941 1.14576 20.843
2479 4941 1.14676 20.8596
2476 4941 1.14777 20.8763
2473 4941 1.14877 20.893
2471 4941 1.14978 20.9096
2469 4941 1.15078 20.9263
2465 4941 1.15178 20.943
2462 4941 1.15279 20.9596
2458 4941 1.15379 20.9763
2454 4941 1.1548 20.993
2451 4941 1.1558 21.0096
2449 4941 1.1568 21.0263
2443 4941 1.15781 21.043
2441 4941 1.15781 21.0596
2440 4941 1.15781 21.0763
2439 4941 1.15781 21.093
2434 4941 1.15781 21.1096
2431 4941 1.15781 21.1263
2427 4941 1.15781 21.143
2424 4941 1.15781 21.1596
2421 4941 1.15781 21.1763
2418 4941 1.15781 21.193
2416 4941 1.15781 21.2096
2412 4941 1.15781 21.2263
2410 4941 1.15781 21.243
2408 4941 1.15781 21.2596
2406 4941 1.15781 21.2763
2400 4941 1.15781 21.2929
2399 4941 1.15781 21.3096
2397 4941 1.15781 21.3263
2394 4941 1.15781 21.3429
2392 4941 1.15781 21.3596
2387 4941 1.15781 21.3763
2386 4941 1.15781 21.3929
2383 4941 1.15781 21.4096
2380 4941 1.15781 21.4263
2378 4941 1.15781 21.4429
2375 4941 1.15781 21.4596
2374 4941 1.15781 21.4763
2370 4941 1.15781 21.4929
2368 4941 1.15781 21.5096
2365 4941 1.15781 21.5263
2362 4941 1.15781 21.5429
2359 4941 1.15781 21.5596
2358 4941 1.15781 21.5763
2356 4941 1.15781 21.5929
2353 4941 1.15781 21.6096
2350 4941 1.15781 21.6263
2347 4941 1.15781 21.6429
2343 4941 1.15781 21.6596
2340 4941 1.15781 21.6763
2339 4941 1.15781 21.6929
2338 4941 1.15781 21.7096
2334 4941 1.15781 21.7263
2330 4941 1.15781 21.7429
2327 4941 1.15781 21.7596
2325 4941 1.15781 21.7763
2323 4941 1.15781 21.7929
2321 4941 1.15781 21.8096
2317 4941 1.15781 21.8263
2316 4941 1.15781 21.8429
2314 4941 1.15781 21.8596
2311 4941 1.15781 21.8763
2308 4941 1.15781 21.8929
2304 4941 1.15781 21.9096
2303 4941 1.15781 21.9263
2301 4941 1.15781 21.9429
2296 4941 1.15781 21.9596
2295 4941 1.15781 21.9763
2294 4941 1.15781 21.9929
2293 4941 1.15781 22.0096
2288 4941 1.15781 22.0263
2287 4941 1.15781 22.0429
2284 4941 1.15781 22.0596
2283 4941 1.15781 22.0763
2279 4941 1.15781 22.0929
2278 4941 1.15781 22.1096
2276 4941 1.15781 22.1263
2276 4941 1.15781 22.1429
2274 4941 1.15781 22.1596
2270 4941 1.15781 22.1763
2266 4941 1.15781 22.1929
2265 4941 1.15781 22.2096
2263 4941 1.15781 22.2263
2261 4941 1.15781 22.2429
2259 4941 1.15781 22.2596
2256 4941 1.15781 22.2763
2253 4941 1.15781 22.2929
2253 4941 1.15781 22.3096
2250 4941 1.15781 22.3263
2246 4941 1.15781 22.3429
2244 4941 1.15781 22.3596
2241 4941 1.15781 22.3763
2241 4941 1.15781 22.3929
2239 4941 1.15781 22.4096
2238 4941 1.15781 22.4263
2234 4941 1.15781 22.4429
2233 4941 1.15781 22.4596
2232 4941 1.15781 22.4763
2230 4941 1.15781 22.4929
2227 4941 1.15781 22.5096
2225 4941 1.15781 22.5263
2223 4941 1.15781 22.5429
2221 4941 1.15781 22.5596
2219 4941 1.15781 22.5763
2217 4941 1.15781 22.5929
2215 4941 1.15781 22.6096
2214 4941 1.15781 22.6263
2212 4941 1.15781 22.6429
2210 4941 1.15781 22.6596
2208 4941 1.15781 22.6763
2207 4941 1.15781 22.6929
2205 4941 1.15781 22.7096
2205 4941 1.15781 22.7263
2204 4941 1.15781 22.7429
2202 4941 1.15781 22.7596
2201 4941 1.15781 22.7763
2199 4941 1.15781 22.7929
2199 4941 1.15781 22.8096
2197 4941 1.15781 22.8263
2195 4941 1.15781 22.8429
2194 4941 1.15781 22.8596
2193 4941 1.15781 22.8763
2192 4941 1.15781 22.8929
2192 4941 1.15781 22.9096
2191 4941 1.15781 22.9263
2189 4941 1.15781 22.9429
2189 4941 1.15781 22.9596
2187 4941 1.15781 22.9763
2185 4941 1.15781 22.9929
2184 4941 1.15781 23.0096
2182 4941 1.15781 23.0263
2182 4941 1.15781 23.0429
2181 4941 1.15781 23.0596
2180 4941 1.15781 23.0763
2179 4941 1.15781 23.0929
2178 4941 1.15781 23.1096
2177 4941 1.15781 23.1263
2176 4941 1.15781 23.1429
2175 4941 1.15781 23.1596
2175 4941 1.15781 23.1763
2174 4941 1.15781 23.1929
2173 4941 1.15781 23.2096
2172 4941 1.15781 23.2263
2171 4941 1.15781 23.2429
2171 4941 1.15781 23.2596
2169 4941 1.15781 23.2763
2168 4941 1.15781 23.2929
2167 4941 1.15781 23.3096
2167 4941 1.15781 23.3263
2167 4941 1.15781 23.3429
2166 4941 1.15781 23.3596
2164 4941 1.15781 23.3763
2164 4941 1.15781 23.3929
2164 4941 1.15781 23.4096
2164 4941 1.15781 23.4263
2161 4941 1.15781 23.4429
2161 4941 1.15781 23.4596
2161 4941 1.15781 23.4762
2160 4941 1.15781 23.4929
2160 4941 1.15781 23.5096
2159 4941 1.15781 23.5262
2158 4941 1.15781 23.5429
2156 4941 1.15781 23.5596
2156 4941 1.15781 23.5762
2156 4941 1.15781 23.5929
2155 4941 1.15781 23.6096
2155 4941 1.15781 23.6262
2155 4941 1.15781 23.6429
2155 4941 1.15781 23.6596
2155 4941 1.15781 23.6762
2155 4941 1.15781 23.6929
2155 4941 1.15781 23.7096
2155 4941 1.15781 23.7262
2155 4941 1.15781 23.7429
2153 4941 1.15781 23.7596
2152 4941 1.15781 23.7762
2152 4941 1.15781 23.7929
2152 4941 1.15781 23.8096
2152 4941 1.15781 23.8262
2151 4941 1.15781 23.8429
2151 4941 1.15781 23.8596
2151 4941 1.15781 23.8762
2151 4941 1.15781 23.8929
2150 4941 1.15781 23.9096
2149 4941 1.15781 23.9262
2149 4941 1.15781 23.9429
2148 4941 1.15781 23.9596
2148 4941 1.15781 23.9762
2147 4941 1.15781 23.9929
2147 4941 1.15781 24.0096
2146 4941 1.15781 24.0262
2146 4941 1.15781 24.0429
2145 4941 1.15781 24.0596
2145 4941 1.15781 24.0762
2145 4941 1.15781 24.0929
2144 4941 1.15781 24.1096
2143 4941 1.15781 24.1262
2143 4941 1.15781 24.1429
2143 4941 1.15781 24.1596
2142 4941 1.15781 24.1762
2140 4941 1.15781 24.1929
2139 4941 1.15781 24.2096
2138 4941 1.15781 24.2262
2138 4941 1.15781 24.2429
2137 4941 1.15781 24.2596
2137 4941 1.15781 24.2762
2137 4941 1.15781 24.2929
2134 4941 1.15781 24.3096
2133 4941 1.15781 24.3262
2133 4941 1.15781 24.3429
2133 4941 1.15781 24.3596
2132 4941 1.15781 24.3762
2131 4941 1.15781 24.3929
2130 4941 1.15781 24.4096
2130 4941 1.15781 24.4262
2129 4941 1.15781 24.4429
2128 4941 1.15781 24.4596
2126 4941 1.15781 24.4762
2126 4941 1.15781 24.4929
2126 4941 1.15781 24.5096
2126 4941 1.15781 24.5262
2125 4941 1.15781 24.5429
2125 4941 1.15781 24.5596
2125 4941 1.15781 24.5762
2124 4941 1.15781 24.5929
2122 4941 1.15781 24.6096
2122 4941 1.15781 24.6262
2122 4941 1.15781 24.6429
2121 4941 1.15781 24.6596
2121 4941 1.15781 24.6762
2121 4941 1.15781 24.6929
2121 4941 1.15781 24.7096
2120 4941 1.15781 24.7262
2118 4941 1.15781 24.7429
2118 4941 1.15781 24.7596
2117 4941 1.15781 24.7762
2117 4941 1.15781 24.7929
2115 4941 1.15781 24.8096
2115 4941 1.15781 24.8262
2115 4941 1.15781 24.8429
2114 4941 1.15781 24.8596
2113 4941 1.15781 24.8762
2112 4941 1.15781 24.8929
2112 4941 1.15781 24.9096
2112 4941 1.15781 24.9262
2112 4941 1.15781 24.9429
2112 4941 1.15781 24.9596
2112 4941 1.15781 24.9762
2111 4941 1.15781 24.9929
2109 4941 1.15781 25.0096
2109 4941 1.15781 25.0262
2108 4941 1.15781 25.0429
2108 4941 1.15781 25.0596
2108 4941 1.15781 25.0762
2107 4941 1.15781 25.0929
2107 4941 1.15781 25.1096
2106 4941 1.15781 25.1262
2106 4941 1.15781 25.1429
2104 4941 1.15781 25.1596
2103 4941 1.15781 25.1762
2103 4941 1.15781 25.1929
2102 4941 1.15781 25.2096
2101 4941 1.15781 25.2262
2101 4941 1.15781 25.2429
2100 4941 1.15781 25.2596
2100 4941 1.15781 25.2762
2098 4941 1.15781 25.2929
2098 4941 1.15781 25.3096
2098 4941 1.15781 25.3262
2097 4941 1.15781 25.3429
2095 4941 1.15781 25.3596
2095 4941 1.15781 25.3762
2095 4941 1.15781 25.3929
2095 4941 1.15781 25.4096
2094 4941 1.15781 25.4262
2094 4941 1.15781 25.4429
2094 4941 1.15781 25.4596
2093 4941 1.15781 25.4762
2092 4941 1.15781 25.4929
2092 4941 1.15781 25.5096
2091 4941 1.15781 25.5262
2091 4941 1.15781 25.5429
2091 4941 1.15781 25.5596
2091 4941 1.15781 25.5762
2091 4941 1.15781 25.5929
2090 4941 1.15781 25.6096
2090 4941 1.15781 25.6262
2090 4941 1.15781 25.6429
2090 4941 1.15781 25.6595
2090 4941 1.15781 25.6762
2089 4941 1.15781 25.6929
2089 4941 1.15781 25.7095
2089 4941 1.15781 25.7262
2089 4941 1.15781 25.7429
2089 4941 1.15781 25.7595
2089 4941 1.15781 25.7762
2089 4941 1.15781 25.7929
2089 4941 1.15781 25.8095
2089 4941 1.15781 25.8262
2089 4941 1.15781 25.8429
2089 4941 1.15781 25.8595
2089 4941 1.15781 25.8762
2089 4941 1.15781 25.8929
2089 4941 1.15781 25.9095
2089 4941 1.15781 25.9262
2087 4941 1.15781 25.9429
2087 4941 1.15781 25.9595
2087 4941 1.15781 25.9762
2086 4941 1.15781 25.9929
2086 4941 1.15781 26.0095
2086 4941 1.15781 26.0262
2085 4941 1.15781 26.0429
2085 4941 1.15781 26.0595
2084 4941 1.15781 26.0762
2083 4941 1.15781 26.0929
2083 4941 1.15781 26.1095
2083 4941 1.15781 26.1262
2081 4941 1.15781 26.1429
2081 4941 1.15781 26.1595
2081 4941 1.15781 26.1762
2080 4941 1.15781 26.1929
2079 4941 1.15781 26.2095
2079 4941 1.15781 26.2262
2079 4941 1.15781 26.2429
2079 4941 1.15781 26.2595
2077 4941 1.15781 26.2762
2077 4941 1.15781 26.2929
2077 4941 1.15781 26.3095
2076 4941 1.15781 26.3262
2076 4941 1.15781 26.3429
2076 4941 1.15781 26.3595
2075 4941 1.15781 26.3762
2074 4941 1.15781 26.3929
2074 4941 1.15781 26.4095
2073 4941 1.15781 26.4262
2073 4941 1.15781 26.4429
2073 4941 1.15781 26.4595
2073 4941 1.15781 26.4762
2072 4941 1.15781 26.4929
2072 4941 1.15781 26.5095
2072 4941 1.15781 26.5262
2071 4941 1.15781 26.5429
2071 4941 1.15781 26.5595
2070 4941 1.15781 26.5762
2070 4941 1.15781 26.5929
2070 4941 1.15781 26.6095
2070 4941 1.15781 26.6262
2068 4941 1.15781 26.6429
2068 4941 1.15781 26.6595
2068 4941 1.15781 26.6762
2068 4941 1.15781 26.6929
2068 4941 1.15781 26.7095
2067 4941 1.15781 26.7262
2067 4941 1.15781 26.7429
2067 4941 1.15781 26.7595
2067 4941 1.15781 26.7762
2066 4941 1.15781 26.7929
2066 4941 1.15781 26.8095
2065 4941 1.15781 26.8262
2065 4941 1.15781 26.8429
2065 4941 1.15781 26.8595
2065 4941 1.15781 26.8762
2065 4941 1.15781 26.8929
2064 4941 1.15781 26.9095
2064 4941 1.15781 26.9262
2064 4941 1.15781 26.9429
2064 4941 1.15781 26.9595
2063 4941 1.15781 26.9762
2063 4941 1.15781 26.9929
2062 4941 1.15781 27.0095
2061 4941 1.15781 27.0262
2061 4941 1.15781 27.0429
2061 4941 1.15781 27.0595
2061 4941 1.15781 27.0762
2061 4941 1.15781 27.0929
2060 4941 1.15781 27.1095
2060 4941 1.15781 27.1262
2060 4941 1.15781 27.1429
2060 4941 1.15781 27.1595
2060 4941 1.15781 27.1762
2060 4941 1.15781 27.1929
2060 4941 1.15781 27.2095
2059 4941 1.15781 27.2262
2059 4941 1.15781 27.2429
2058 4941 1.15781 27.2595
2058 4941 1.15781 27.2762
2058 4941 1.15781 27.2929
2058 4941 1.15781 27.3095
2057 4941 1.15781 27.3262
2057 4941 1.15781 27.3429
2057 4941 1.15781 27.3595
2057 4941 1.15781 27.3762
2057 4941 1.15781 27.3929
2057 4941 1.15781 27.4095
2056 4941 1.15781 27.4262
2056 4941 1.15781 27.4429
2055 4941 1.15781 27.4595
2055 4941 1.15781 27.4762
2055 4941 1.15781 27.4929
2055 4941 1.15781 27.5095
2055 4941 1.15781 27.5262
2055 4941 1.15781 27.5429
2055 4941 1.15781 27.5595
2055 4941 1.15781 27.5762
2055 4941 1.15781 27.5929
2054 4941 1.15781 27.6095
2054 4941 1.15781 27.6262
2054 4941 1.15781 27.6429
2054 4941 1.15781 27.6595
2054 4941 1.15781 27.6762
2053 4941 1.15781 27.6929
2053 4941 1.15781 27.7095
2053 4941 1.15781 27.7262
2053 4941 1.15781 27.7429
2053 4941 1.15781 27.7595
2053 4941 1.15781 27.7762
2053 4941 1.15781 27.7929
2053 4941 1.15781 27.8095
2053 4941 1.15781 27.8262
2053 4941 1.15781 27.8428
2052 4941 1.15781 27.8595
2052 4941 1.15781 27.8762
2052 4941 1.15781 27.8928
2052 4941 1.15781 27.9095
2052 4941 1.15781 27.9262
2052 4941 1.15781 27.9428
2052 4941 1.15781 27.9595
2052 4941 1.15781 27.9762
2052 4941 1.15781 27.9928
2051 4941 1.15781 28.0095
2051 4941 1.15781 28.0262
2051 4941 1.15781 28.0428
2051 4941 1.15781 28.0595
2051 4941 1.15781 28.0762
2051 4941 1.15781 28.0928
2051 4941 1.15781 28.1095
2051 4941 1.15781 28.1262
2051 4941 1.15781 28.1428
2051 4941 1.15781 28.1595
2051 4941 1.15781 28.1762
2051 4941 1.15781 28.1928
2051 4941 1.15781 28.2095
2051 4941 1.15781 28.2262
2051 4941 1.15781 28.2428
2051 4941 1.15781 28.2595
2051 4941 1.15781 28.2762
2049 4941 1.15781 28.2928
2049 4941 1.15781 28.3095
2049 4941 1.15781 28.3262
2049 4941 1.15781 28.3428
2049 4941 1.15781 28.3595
2049 4941 1.15781 28.3762
2049 4941 1.15781 28.3928
2049 4941 1.15781 28.4095
2049 4941 1.15781 28.4262
2048 4941 1.15781 28.4428
2048 4941 1.15781 28.4595
2048 4941 1.15781 28.4762
2048 4941 1.15781 28.4928
2048 4941 1.15781 28.5095
2048 4941 1.15781 28.5262
2048 4941 1.15781 28.5428
2048 4941 1.15781 28.5595
2048 4941 1.15781 28.5762
2048 4941 1.15781 28.5928
2048 4941 1.15781 28.6095
2048 4941 1.15781 28.6262
2048 4941 1.15781 28.6428
2048 4941 1.15781 28.6595
2048 4941 1.15781 28.6762
2048 4941 1.15781 28.6928
2048 4941 1.15781 28.7095
2048 4941 1.15781 28.7262
2048 4941 1.15781 28.7428
2048 4941 1.15781 28.7595
2048 4941 1.15781 28.7762
2048 4941 1.15781 28.7928
