2015 2016 0.00121588 0.00452614
2015 2016 0.00121588 0.021193
2015 2016 0.00121588 0.0378599
2015 2016 0.00121588 0.0545268
2015 2016 0.00121588 0.0711937
2015 2016 0.00121588 0.0878606
2015 2016 0.00121588 0.104527
2015 2016 0.00121588 0.121194
2015 2016 0.00121588 0.137861
2015 2016 0.00121588 0.154528
2015 2016 0.00121588 0.171195
2015 2016 0.00121588 0.187862
2015 2016 0.00121588 0.204529
2014 2016 0.00121588 0.221196
2014 2016 0.00121588 0.237863
2014 2016 0.00121588 0.254529
2014 2016 0.00121588 0.271196
2014 2016 0.00121588 0.287863
2014 2016 0.00121588 0.30453
2014 2016 0.00121588 0.321197
2014 2016 0.00121588 0.337864
2014 2016 0.00121588 0.354531
2014 2016 0.00121588 0.371198
2014 2016 0.00121588 0.387865
2014 2016 0.00121588 0.404531
2014 2016 0.00121588 0.421198
2014 2016 0.00121588 0.437865
2014 2016 0.00121588 0.454532
2014 2016 0.00121588 0.471199
2014 2016 0.00121588 0.487866
2014 2016 0.00121588 0.504533
2014 2016 0.00121588 0.5212
2014 2016 0.00121588 0.537867
2014 2016 0.00121588 0.554533
2014 2016 0.00121588 0.5712
2014 2016 0.00243176 0.587867
2014 2016 0.00364764 0.604534
2014 2016 0.00486352 0.621201
2013 2016 0.0060794 0.637868
2013 2016 0.00729528 0.654535
2013 2016 0.00851116 0.671202
2013 2016 0.00972704 0.687869
2013 2016 0.0109429 0.704535
2013 2016 0.0121588 0.721202
2013 2016 0.0133747 0.737869
2013 2016 0.0145906 0.754536
2013 2016 0.0158064 0.771203
2012 2016 0.0170223 0.78787
2012 2016 0.0182382 0.804537
2012 2016 0.0194541 0.821204
2012 2016 0.02067 0.837871
2012 2016 0.0218858 0.854537
2012 2016 0.0231017 0.871204
2012 2016 0.0243176 0.887871
2012 2016 0.0255335 0.904538
2012 2016 0.0267494 0.921205
2012 2016 0.0279652 0.937872
2012 2016 0.0291811 0.954539
2012 2016 0.030397 0.971206
2012 2016 0.0316129 0.987873
2012 2016 0.0328288 1.00454
2012 2016 0.0340446 1.02121
2012 2016 0.0352605 1.03787
2012 2016 0.0364764 1.05454
2012 2016 0.0376923 1.07121
2012 2016 0.0389082 1.08787
2012 2016 0.040124 1.10454
2012 2016 0.0413399 1.12121
2012 2016 0.0425558 1.13787
2012 2016 0.0437717 1.15454
2012 2016 0.0449876 1.17121
2012 2016 0.0462034 1.18788
2012 2016 0.0474193 1.20454
2012 2016 0.0486352 1.22121
2012 2016 0.0498511 1.23788
2012 2016 0.0510669 1.25454
2010 2016 0.0522828 1.27121
2010 2016 0.0534987 1.28788
2010 2016 0.0547146 1.30454
2010 2016 0.0559305 1.32121
2010 2016 0.0571463 1.33788
2010 2016 0.0583622 1.35454
2010 2016 0.0595781 1.37121
2010 2016 0.060794 1.38788
2010 2016 0.0620099 1.40454
2010 2016 0.0632257 1.42121
2010 2016 0.0644416 1.43788
2010 2016 0.0656575 1.45455
2010 2016 0.0668734 1.47121
2010 2016 0.0680893 1.48788
2010 2016 0.0693052 1.50455
2010 2016 0.070521 1.52121
2010 2016 0.0717369 1.53788
2010 2016 0.0729528 1.55455
2010 2016 0.0741687 1.57121
2010 2016 0.0753846 1.58788
2010 2016 0.0766004 1.60455
2010 2016 0.0778163 1.62121
2010 2016 0.0790322 1.63788
2010 2016 0.0802481 1.65455
2009 2016 0.081464 1.67122
2009 2016 0.0826799 1.68788
2009 2016 0.0838957 1.70455
2009 2016 0.0851116 1.72122
2009 2016 0.0863275 1.73788
2009 2016 0.0875434 1.75455
2009 2016 0.0887593 1.77122
2009 2016 0.0899752 1.78788
2009 2016 0.091191 1.80455
2009 2016 0.0924069 1.82122
2008 2016 0.0936228 1.83788
2008 2016 0.0948387 1.85455
2008 2016 0.0960546 1.87122
2008 2016 0.0972705 1.88788
2008 2016 0.0984863 1.90455
2008 2016 0.0997022 1.92122
2008 2016 0.100918 1.93789
2008 2016 0.102134 1.95455
2007 2016 0.10335 1.97122
2006 2016 0.104566 1.98789
2006 2016 0.105782 2.00455
2005 2016 0.106998 2.02122
2004 2016 0.108213 2.03789
2004 2016 0.109429 2.05455
2004 2016 0.110645 2.07122
2004 2016 0.111861 2.08789
2004 2016 0.113077 2.10455
2004 2016 0.114293 2.12122
2004 2016 0.115509 2.13789
2004 2016 0.116725 2.15455
2003 2016 0.11794 2.17122
2003 2016 0.119156 2.18789
2003 2016 0.120372 2.20456
2003 2016 0.121588 2.22122
2003 2016 0.122804 2.23789
2003 2016 0.12402 2.25456
2003 2016 0.125236 2.27122
2003 2016 0.126452 2.28789
2002 2016 0.127668 2.30456
2002 2016 0.128883 2.32122
2002 2016 0.130099 2.33789
2002 2016 0.131315 2.35456
2001 2016 0.132531 2.37122
2001 2016 0.133747 2.38789
2001 2016 0.134963 2.40456
2001 2016 0.136179 2.42123
2001 2016 0.137395 2.43789
2001 2016 0.13861 2.45456
2001 2016 0.139826 2.47123
2000 2016 0.141042 2.48789
2000 2016 0.142258 2.50456
2000 2016 0.143474 2.52123
2000 2016 0.14469 2.53789
2000 2016 0.145906 2.55456
1998 2016 0.147122 2.57123
1998 2016 0.148337 2.58789
1998 2016 0.149553 2.60456
1998 2016 0.150769 2.62123
1998 2016 0.151985 2.63789
1998 2016 0.153201 2.65456
1998 2016 0.154417 2.67123
1998 2016 0.155633 2.6879
1996 2016 0.156849 2.70456
1996 2016 0.158064 2.72123
1996 2016 0.15928 2.7379
1995 2016 0.160496 2.75456
1993 2016 0.161712 2.77123
1993 2016 0.162928 2.7879
1993 2016 0.164144 2.80456
1992 2016 0.16536 2.82123
1992 2016 0.166576 2.8379
1990 2016 0.167791 2.85456
1989 2016 0.169007 2.87123
1988 2016 0.170223 2.8879
1987 2016 0.171439 2.90456
1987 2016 0.172655 2.92123
1987 2016 0.173871 2.93789
1987 2016 0.175087 2.95456
1987 2016 0.176303 2.97123
1986 2016 0.177518 2.98789
1985 2016 0.178734 3.00456
1984 2016 0.17995 3.02123
1984 2016 0.181166 3.03789
1984 2016 0.182382 3.05456
1983 2016 0.183598 3.07123
1982 2016 0.184814 3.08789
1979 2016 0.18603 3.10456
1979 2016 0.187245 3.12123
1979 2016 0.188461 3.13789
1978 2016 0.189677 3.15456
1978 2016 0.190893 3.17122
1978 2016 0.192109 3.18789
1978 2016 0.193325 3.20456
1978 2016 0.194541 3.22122
1975 2016 0.195757 3.23789
1975 2016 0.196972 3.25456
1973 2016 0.198188 3.27122
1973 2016 0.199404 3.28789
1972 2016 0.20062 3.30456
1972 2016 0.201836 3.32122
1970 2016 0.203052 3.33789
1968 2016 0.204268 3.35456
1968 2016 0.205484 3.37122
1968 2016 0.206699 3.38789
1968 2016 0.207915 3.40455
1968 2016 0.209131 3.42122
1966 2016 0.210347 3.43789
1965 2016 0.211563 3.45455
1965 2016 0.212779 3.47122
1965 2016 0.213995 3.48789
1964 2016 0.215211 3.50455
1963 2016 0.216426 3.52122
1961 2016 0.217642 3.53789
1960 2016 0.218858 3.55455
1959 2016 0.220074 3.57122
1958 2016 0.22129 3.58788
1958 2016 0.222506 3.60455
1957 2016 0.223722 3.62122
1957 2016 0.224938 3.63788
1956 2016 0.226153 3.65455
1956 2016 0.227369 3.67122
1956 2016 0.228585 3.68788
1956 2016 0.229801 3.70455
1956 2016 0.231017 3.72122
1956 2016 0.232233 3.73788
1955 2016 0.233449 3.75455
1955 2016 0.234665 3.77122
1954 2016 0.23588 3.78788
1953 2016 0.237096 3.80455
1952 2016 0.238312 3.82121
1952 2016 0.239528 3.83788
1951 2016 0.240744 3.85455
1951 2016 0.24196 3.87121
1950 2016 0.243176 3.88788
1950 2016 0.244392 3.90455
1948 2016 0.245607 3.92121
1947 2016 0.246823 3.93788
1945 2016 0.248039 3.95455
1945 2016 0.249255 3.97121
1944 2016 0.250471 3.98788
1943 2016 0.251687 4.00455
1943 2016 0.252903 4.02121
1942 2016 0.254119 4.03788
1941 2016 0.255334 4.05454
1941 2016 0.25655 4.07121
1940 2016 0.257766 4.08788
1940 2016 0.258982 4.10454
1939 2016 0.260198 4.12121
1937 2016 0.261414 4.13788
1937 2016 0.26263 4.15454
1937 2016 0.263846 4.17121
1935 2016 0.265061 4.18788
1932 2016 0.266277 4.20454
1931 2016 0.267493 4.22121
1931 2016 0.268709 4.23787
1931 2016 0.269925 4.25454
1931 2016 0.271141 4.27121
1931 2016 0.272357 4.28787
1930 2016 0.273573 4.30454
1930 2016 0.274788 4.32121
1929 2016 0.276004 4.33787
1928 2016 0.27722 4.35454
1928 2016 0.278436 4.37121
1927 2016 0.279652 4.38787
1927 2016 0.280868 4.40454
1927 2016 0.282084 4.42121
1925 2016 0.2833 4.43787
1924 2016 0.284515 4.45454
1924 2016 0.285731 4.4712
1924 2016 0.286947 4.48787
1924 2016 0.288163 4.50454
1924 2016 0.289379 4.5212
1923 2016 0.290595 4.53787
1923 2016 0.291811 4.55454
1923 2016 0.293027 4.5712
1923 2016 0.294242 4.58787
1918 2016 0.295458 4.60454
1916 2016 0.296674 4.6212
1915 2016 0.29789 4.63787
1915 2016 0.299106 4.65454
1915 2016 0.300322 4.6712
1913 2016 0.301538 4.68787
1911 2016 0.302754 4.70453
1910 2016 0.303969 4.7212
1909 2016 0.305185 4.73787
1909 2016 0.306401 4.75453
1907 2016 0.307617 4.7712
1905 2016 0.308833 4.78787
1902 2016 0.310049 4.80453
1899 2016 0.311265 4.8212
1899 2016 0.312481 4.83787
1897 2016 0.313696 4.85453
1896 2016 0.314912 4.8712
1896 2016 0.316128 4.88787
1894 2016 0.317344 4.90453
1892 2016 0.31856 4.9212
1891 2016 0.319776 4.93786
1889 2016 0.320992 4.95453
1889 2016 0.322208 4.9712
1887 2016 0.323423 4.98786
1887 2016 0.324639 5.00453
1887 2016 0.325855 5.0212
1886 2016 0.327071 5.03786
1885 2016 0.328287 5.05453
1884 2016 0.329503 5.0712
1883 2016 0.330719 5.08786
1882 2016 0.331935 5.10453
1881 2016 0.33315 5.12119
1881 2016 0.334366 5.13786
1879 2016 0.335582 5.15453
1877 2016 0.336798 5.17119
1877 2016 0.338014 5.18786
1877 2016 0.33923 5.20453
1875 2016 0.340446 5.22119
1874 2016 0.341662 5.23786
1874 2016 0.342877 5.25453
1873 2016 0.344093 5.27119
1872 2016 0.345309 5.28786
1872 2016 0.346525 5.30453
1871 2016 0.347741 5.32119
1870 2016 0.348957 5.33786
1869 2016 0.350173 5.35452
1867 2016 0.351389 5.37119
1865 2016 0.352604 5.38786
1865 2016 0.35382 5.40452
1865 2016 0.355036 5.42119
1865 2016 0.356252 5.43786
1864 2016 0.357468 5.45452
1863 2016 0.358684 5.47119
1862 2016 0.3599 5.48786
1860 2016 0.361116 5.50452
1858 2016 0.362331 5.52119
1857 2016 0.363547 5.53786
1857 2016 0.364763 5.55452
1855 2016 0.365979 5.57119
1854 2016 0.367195 5.58785
1852 2016 0.368411 5.60452
1850 2016 0.369627 5.62119
1848 2016 0.370843 5.63785
1848 2016 0.372058 5.65452
1846 2016 0.373274 5.67119
1845 2016 0.37449 5.68785
1845 2016 0.375706 5.70452
1843 2016 0.376922 5.72119
1841 2016 0.378138 5.73785
1839 2016 0.379354 5.75452
1839 2016 0.38057 5.77118
1838 2016 0.381785 5.78785
1838 2016 0.383001 5.80452
1836 2016 0.384217 5.82118
1834 2016 0.385433 5.83785
1834 2016 0.386649 5.85452
1834 2016 0.387865 5.87118
1832 2016 0.389081 5.88785
1831 2016 0.390297 5.90452
1831 2016 0.391512 5.92118
1830 2016 0.392728 5.93785
1830 2016 0.393944 5.95452
1830 2016 0.39516 5.97118
1828 2016 0.396376 5.98785
1826 2016 0.397592 6.00451
1825 2016 0.398808 6.02118
1823 2016 0.400024 6.03785
1822 2016 0.401239 6.05451
1822 2016 0.402455 6.07118
1821 2016 0.403671 6.08785
1820 2016 0.404887 6.10451
1819 2016 0.406103 6.12118
1818 2016 0.407319 6.13785
1817 2016 0.408535 6.15451
1816 2016 0.409751 6.17118
1816 2016 0.410966 6.18785
1814 2016 0.412182 6.20451
1814 2016 0.413398 6.22118
1814 2016 0.414614 6.23784
1813 2016 0.41583 6.25451
1811 2016 0.417046 6.27118
1811 2016 0.418262 6.28784
1811 2016 0.419478 6.30451
1809 2016 0.420693 6.32118
1809 2016 0.421909 6.33784
1808 2016 0.423125 6.35451
1808 2016 0.424341 6.37118
1807 2016 0.425557 6.38784
1803 2016 0.426773 6.40451
1802 2016 0.427989 6.42118
1801 2016 0.429205 6.43784
1801 2016 0.43042 6.45451
1800 2016 0.431636 6.47117
1798 2016 0.432852 6.48784
1797 2016 0.434068 6.50451
1795 2016 0.435284 6.52117
1794 2016 0.4365 6.53784
1792 2016 0.437716 6.55451
1792 2016 0.438932 6.57117
1791 2016 0.440147 6.58784
1790 2016 0.441363 6.60451
1789 2016 0.442579 6.62117
1788 2016 0.443795 6.63784
1787 2016 0.445011 6.6545
1785 2016 0.446227 6.67117
1784 2016 0.447443 6.68784
1783 2016 0.448659 6.7045
1783 2016 0.449874 6.72117
1783 2016 0.45109 6.73784
1782 2016 0.452306 6.7545
1780 2016 0.453522 6.77117
1779 2016 0.454738 6.78784
1779 2016 0.455954 6.8045
1777 2016 0.45717 6.82117
1777 2016 0.458386 6.83784
1775 2016 0.459601 6.8545
1774 2016 0.460817 6.87117
1773 2016 0.462033 6.88783
1772 2016 0.463249 6.9045
1772 2016 0.464465 6.92117
1770 2016 0.465681 6.93783
1768 2016 0.466897 6.9545
1768 2016 0.468113 6.97117
1766 2016 0.469328 6.98783
1764 2016 0.470544 7.0045
1763 2016 0.47176 7.02117
1763 2016 0.472976 7.03783
1763 2016 0.474192 7.0545
1761 2016 0.475408 7.07117
1759 2016 0.476624 7.08783
1758 2016 0.47784 7.1045
1757 2016 0.479055 7.12116
1757 2016 0.480271 7.13783
1757 2016 0.481487 7.1545
1757 2016 0.482703 7.17116
1757 2016 0.483919 7.18783
1756 2016 0.485135 7.2045
1755 2016 0.486351 7.22116
1753 2016 0.487567 7.23783
1751 2016 0.488782 7.2545
1750 2016 0.489998 7.27116
1750 2016 0.491214 7.28783
1749 2016 0.49243 7.30449
1748 2016 0.493646 7.32116
1745 2016 0.494862 7.33783
1743 2016 0.496078 7.35449
1743 2016 0.497294 7.37116
1743 2016 0.498509 7.38783
1741 2016 0.499725 7.40449
1740 2016 0.500941 7.42116
1740 2016 0.502157 7.43783
1740 2016 0.503373 7.45449
1738 2016 0.504589 7.47116
1737 2016 0.505805 7.48783
1735 2016 0.507021 7.50449
1733 2016 0.508236 7.52116
1733 2016 0.509452 7.53782
1732 2016 0.510668 7.55449
1732 2016 0.511884 7.57116
1731 2016 0.5131 7.58782
1728 2016 0.514316 7.60449
1728 2016 0.515532 7.62116
1728 2016 0.516748 7.63782
1726 2016 0.517963 7.65449
1726 2016 0.519179 7.67116
1725 2016 0.520395 7.68782
1724 2016 0.521611 7.70449
1724 2016 0.522827 7.72116
1723 2016 0.524043 7.73782
1722 2016 0.525259 7.75449
1722 2016 0.526475 7.77115
1720 2016 0.52769 7.78782
1718 2016 0.528906 7.80449
1717 2016 0.530122 7.82115
1716 2016 0.531338 7.83782
1715 2016 0.532554 7.85449
1714 2016 0.53377 7.87115
1714 2016 0.534986 7.88782
1714 2016 0.536202 7.90449
1711 2016 0.537417 7.92115
1709 2016 0.538633 7.93782
1709 2016 0.539849 7.95448
1707 2016 0.541065 7.97115
1707 2016 0.542281 7.98782
1704 2016 0.543497 8.00448
1703 2016 0.544713 8.02115
1702 2016 0.545929 8.03782
1701 2016 0.547144 8.05448
1700 2016 0.54836 8.07115
1700 2016 0.549576 8.08782
1698 2016 0.550792 8.10448
1698 2016 0.552008 8.12115
1696 2016 0.553224 8.13782
1696 2016 0.55444 8.15448
1696 2016 0.555656 8.17115
1694 2016 0.556871 8.18781
1693 2016 0.558087 8.20448
1693 2016 0.559303 8.22115
1693 2016 0.560519 8.23781
1692 2016 0.561735 8.25448
1691 2016 0.562951 8.27115
1689 2016 0.564167 8.28781
1689 2016 0.565383 8.30448
1688 2016 0.566598 8.32115
1687 2016 0.567814 8.33781
1687 2016 0.56903 8.35448
1687 2016 0.570246 8.37115
1685 2016 0.571462 8.38781
1685 2016 0.572678 8.40448
1684 2016 0.573894 8.42114
1682 2016 0.57511 8.43781
1680 2016 0.576325 8.45448
1678 2016 0.577541 8.47114
1678 2016 0.578757 8.48781
1677 2016 0.579973 8.50448
1677 2016 0.581189 8.52114
1675 2016 0.582405 8.53781
1674 2016 0.583621 8.55448
1674 2016 0.584837 8.57114
1672 2016 0.586052 8.58781
1672 2016 0.587268 8.60448
1670 2016 0.588484 8.62114
1667 2016 0.5897 8.63781
1666 2016 0.590916 8.65447
1666 2016 0.592132 8.67114
1664 2016 0.593348 8.68781
1662 2016 0.594564 8.70447
1661 2016 0.595779 8.72114
1661 2016 0.596995 8.73781
1660 2016 0.598211 8.75447
1659 2016 0.599427 8.77114
1657 2016 0.600643 8.78781
1655 2016 0.601859 8.80447
1655 2016 0.603075 8.82114
1654 2016 0.604291 8.8378
1653 2016 0.605506 8.85447
1651 2016 0.606722 8.87114
1649 2016 0.607938 8.8878
1648 2016 0.609154 8.90447
1648 2016 0.61037 8.92114
1646 2016 0.611586 8.9378
1644 2016 0.612802 8.95447
1644 2016 0.614018 8.97114
1642 2016 0.615233 8.9878
1640 2016 0.616449 9.00447
1640 2016 0.617665 9.02114
1638 2016 0.618881 9.0378
1636 2016 0.620097 9.05447
1635 2016 0.621313 9.07113
1635 2016 0.622529 9.0878
1635 2016 0.623745 9.10447
1634 2016 0.62496 9.12113
1634 2016 0.626176 9.1378
1633 2016 0.627392 9.15447
1631 2016 0.628608 9.17113
1630 2016 0.629824 9.1878
1629 2016 0.63104 9.20447
1627 2016 0.632256 9.22113
1626 2016 0.633472 9.2378
1625 2016 0.634687 9.25447
1625 2016 0.635903 9.27113
1624 2016 0.637119 9.2878
1622 2016 0.638335 9.30446
1620 2016 0.639551 9.32113
1618 2016 0.640767 9.3378
1618 2016 0.641983 9.35446
1615 2016 0.643199 9.37113
1615 2016 0.644414 9.3878
1614 2016 0.64563 9.40446
1613 2016 0.646846 9.42113
1611 2016 0.648062 9.4378
1610 2016 0.649278 9.45446
1609 2016 0.650494 9.47113
1608 2016 0.65171 9.48779
1606 2016 0.652926 9.50446
1605 2016 0.654141 9.52113
1604 2016 0.655357 9.53779
1604 2016 0.656573 9.55446
1602 2016 0.657789 9.57113
1599 2016 0.659005 9.58779
1599 2016 0.660221 9.60446
1597 2016 0.661437 9.62113
1597 2016 0.662653 9.63779
1596 2016 0.663868 9.65446
1594 2016 0.665084 9.67113
1593 2016 0.6663 9.68779
1592 2016 0.667516 9.70446
1592 2016 0.668732 9.72112
1591 2016 0.669948 9.73779
1589 2016 0.671164 9.75446
1587 2016 0.67238 9.77112
1586 2016 0.673595 9.78779
1585 2016 0.674811 9.80446
1584 2016 0.676027 9.82112
1583 2016 0.677243 9.83779
1581 2016 0.678459 9.85446
1580 2016 0.679675 9.87112
1579 2016 0.680891 9.88779
1579 2016 0.682107 9.90446
1578 2016 0.683322 9.92112
1576 2016 0.684538 9.93779
1575 2016 0.685754 9.95445
1575 2016 0.68697 9.97112
1574 2016 0.688186 9.98779
1572 2016 0.689402 10.0045
1570 2016 0.690618 10.0211
1568 2016 0.691834 10.0378
1567 2016 0.693049 10.0545
1567 2016 0.694265 10.0711
1566 2016 0.695481 10.0878
1564 2016 0.696697 10.1045
1563 2016 0.697913 10.1211
1561 2016 0.699129 10.1378
1557 2016 0.700345 10.1545
1556 2016 0.701561 10.1711
1554 2016 0.702776 10.1878
1553 2016 0.703992 10.2045
1551 2016 0.705208 10.2211
1550 2016 0.706424 10.2378
1549 2016 0.70764 10.2544
1547 2016 0.708856 10.2711
1546 2016 0.710072 10.2878
1544 2016 0.711288 10.3044
1543 2016 0.712503 10.3211
1542 2016 0.713719 10.3378
1541 2016 0.714935 10.3544
1539 2016 0.716151 10.3711
1538 2016 0.717367 10.3878
1538 2016 0.718583 10.4044
1536 2016 0.719799 10.4211
1536 2016 0.721015 10.4378
1535 2016 0.72223 10.4544
1533 2016 0.723446 10.4711
1531 2016 0.724662 10.4878
1529 2016 0.725878 10.5044
1529 2016 0.727094 10.5211
1528 2016 0.72831 10.5378
1528 2016 0.729526 10.5544
1527 2016 0.730742 10.5711
1526 2016 0.731957 10.5878
1524 2016 0.733173 10.6044
1524 2016 0.734389 10.6211
1523 2016 0.735605 10.6378
1522 2016 0.736821 10.6544
1521 2016 0.738037 10.6711
1520 2016 0.739253 10.6878
1519 2016 0.740469 10.7044
1518 2016 0.741684 10.7211
1517 2016 0.7429 10.7378
1515 2016 0.744116 10.7544
1515 2016 0.745332 10.7711
1515 2016 0.746548 10.7878
1512 2016 0.747764 10.8044
1512 2016 0.74898 10.8211
1511 2016 0.750196 10.8378
1511 2016 0.751411 10.8544
1509 2016 0.752627 10.8711
1508 2016 0.753843 10.8878
1505 2016 0.755059 10.9044
1504 2016 0.756275 10.9211
1503 2016 0.757491 10.9378
1501 2016 0.758707 10.9544
1501 2016 0.759923 10.9711
1497 2016 0.761138 10.9878
1497 2016 0.762354 11.0044
1497 2016 0.76357 11.0211
1493 2016 0.764786 11.0378
1493 2016 0.766002 11.0544
1492 2016 0.767218 11.0711
1491 2016 0.768434 11.0878
1490 2016 0.76965 11.1044
1488 2016 0.770865 11.1211
1487 2016 0.772081 11.1378
1487 2016 0.773297 11.1544
1484 2016 0.774513 11.1711
1483 2016 0.775729 11.1878
1481 2016 0.776945 11.2044
1481 2016 0.778161 11.2211
1480 2016 0.779377 11.2378
1477 2016 0.780593 11.2544
1476 2016 0.781808 11.2711
1474 2016 0.783024 11.2878
1473 2016 0.78424 11.3044
1471 2016 0.785456 11.3211
1469 2016 0.786672 11.3378
1467 2016 0.787888 11.3544
1467 2016 0.789104 11.3711
1466 2016 0.79032 11.3878
1463 2016 0.791535 11.4044
1462 2016 0.792751 11.4211
1462 2016 0.793967 11.4378
1460 2016 0.795183 11.4544
1459 2016 0.796399 11.4711
1459 2016 0.797615 11.4878
1456 2016 0.798831 11.5044
1455 2016 0.800047 11.5211
1455 2016 0.801262 11.5378
1454 2016 0.802478 11.5544
1452 2016 0.803694 11.5711
1449 2016 0.80491 11.5878
1449 2016 0.806126 11.6044
1446 2016 0.807342 11.6211
1445 2016 0.808558 11.6378
1444 2016 0.809774 11.6544
1442 2016 0.810989 11.6711
1441 2016 0.812205 11.6878
1439 2016 0.813421 11.7044
1438 2016 0.814637 11.7211
1437 2016 0.815853 11.7378
1437 2016 0.817069 11.7544
1436 2016 0.818285 11.7711
1434 2016 0.819501 11.7878
1431 2016 0.820716 11.8044
1430 2016 0.821932 11.8211
1429 2016 0.823148 11.8378
1427 2016 0.824364 11.8544
1425 2016 0.82558 11.8711
1424 2016 0.826796 11.8878
1421 2016 0.828012 11.9044
1420 2016 0.829228 11.9211
1419 2016 0.830443 11.9378
1416 2016 0.831659 11.9544
1415 2016 0.832875 11.9711
1412 2016 0.834091 11.9878
1411 2016 0.835307 12.0044
1408 2016 0.836523 12.0211
1407 2016 0.837739 12.0378
1407 2016 0.838955 12.0544
1405 2016 0.84017 12.0711
1403 2016 0.841386 12.0878
1402 2016 0.842602 12.1044
1401 2016 0.843818 12.1211
1401 2016 0.845034 12.1378
1396 2016 0.84625 12.1544
1396 2016 0.847466 12.1711
1395 2016 0.848682 12.1878
1393 2016 0.849897 12.2044
1392 2016 0.851113 12.2211
1391 2016 0.852329 12.2378
1389 2016 0.853545 12.2544
1389 2016 0.854761 12.2711
1388 2016 0.855977 12.2878
1387 2016 0.857193 12.3044
1385 2016 0.858409 12.3211
1383 2016 0.859624 12.3378
1382 2016 0.86084 12.3544
1380 2016 0.862056 12.3711
1378 2016 0.863272 12.3878
1376 2016 0.864488 12.4044
1376 2016 0.865704 12.4211
1374 2016 0.86692 12.4377
1372 2016 0.868136 12.4544
1370 2016 0.869351 12.4711
1368 2016 0.870567 12.4877
1366 2016 0.871783 12.5044
1364 2016 0.872999 12.5211
1364 2016 0.874215 12.5377
1361 2016 0.875431 12.5544
1357 2016 0.876647 12.5711
1357 2016 0.877863 12.5877
1356 2016 0.879078 12.6044
1353 2016 0.880294 12.6211
1351 2016 0.88151 12.6377
1348 2016 0.882726 12.6544
1346 2016 0.883942 12.6711
1344 2016 0.885158 12.6877
1342 2016 0.886374 12.7044
1340 2016 0.88759 12.7211
1338 2016 0.888805 12.7377
1338 2016 0.890021 12.7544
1336 2016 0.891237 12.7711
1333 2016 0.892453 12.7877
1332 2016 0.893669 12.8044
1331 2016 0.894885 12.8211
1330 2016 0.896101 12.8377
1328 2016 0.897317 12.8544
1325 2016 0.898532 12.8711
1324 2016 0.899748 12.8877
1322 2016 0.900964 12.9044
1320 2016 0.90218 12.9211
1318 2016 0.903396 12.9377
1318 2016 0.904612 12.9544
1317 2016 0.905828 12.9711
1315 2016 0.907044 12.9877
1310 2016 0.908259 13.0044
1309 2016 0.909475 13.0211
1308 2016 0.910691 13.0377
1306 2016 0.911907 13.0544
1305 2016 0.913123 13.0711
1304 2016 0.914339 13.0877
1302 2016 0.915555 13.1044
1299 2016 0.916771 13.1211
1298 2016 0.917986 13.1377
1298 2016 0.919202 13.1544
1297 2016 0.920418 13.1711
1295 2016 0.921634 13.1877
1292 2016 0.92285 13.2044
1291 2016 0.924066 13.2211
1291 2016 0.925282 13.2377
1288 2016 0.926498 13.2544
1287 2016 0.927713 13.2711
1286 2016 0.928929 13.2877
1285 2016 0.930145 13.3044
1284 2016 0.931361 13.3211
1280 2016 0.932577 13.3377
1279 2016 0.933793 13.3544
1279 2016 0.935009 13.3711
1277 2016 0.936225 13.3877
1275 2016 0.93744 13.4044
1274 2016 0.938656 13.4211
1271 2016 0.939872 13.4377
1269 2016 0.941088 13.4544
1269 2016 0.942304 13.4711
1268 2016 0.94352 13.4877
1266 2016 0.944736 13.5044
1265 2016 0.945952 13.5211
1262 2016 0.947167 13.5377
1260 2016 0.948383 13.5544
1260 2016 0.949599 13.5711
1257 2016 0.950815 13.5877
1257 2016 0.952031 13.6044
1254 2016 0.953247 13.6211
1253 2016 0.954463 13.6377
1250 2016 0.955679 13.6544
1250 2016 0.956894 13.6711
1249 2016 0.95811 13.6877
1244 2016 0.959326 13.7044
1242 2016 0.960542 13.7211
1242 2016 0.961758 13.7377
1240 2016 0.962974 13.7544
1239 2016 0.96419 13.7711
1237 2016 0.965406 13.7877
1235 2016 0.966621 13.8044
1234 2016 0.967837 13.8211
1232 2016 0.969053 13.8377
1229 2016 0.970269 13.8544
1228 2016 0.971485 13.8711
1227 2016 0.972701 13.8877
1224 2016 0.973917 13.9044
1224 2016 0.975133 13.9211
1223 2016 0.976348 13.9377
1220 2016 0.977564 13.9544
1220 2016 0.97878 13.9711
1216 2016 0.979996 13.9877
1215 2016 0.981212 14.0044
1211 2016 0.982428 14.0211
1209 2016 0.983644 14.0377
1208 2016 0.98486 14.0544
1205 2016 0.986075 14.0711
1205 2016 0.987291 14.0877
1201 2016 0.988507 14.1044
1200 2016 0.989723 14.1211
1198 2016 0.990939 14.1377
1194 2016 0.992155 14.1544
1190 2016 0.993371 14.1711
1190 2016 0.994587 14.1877
1189 2016 0.995802 14.2044
1186 2016 0.997018 14.2211
1185 2016 0.998234 14.2377
1182 2016 0.99945 14.2544
1180 2016 1.00067 14.2711
1178 2016 1.00188 14.2877
1176 2016 1.0031 14.3044
1173 2016 1.00431 14.3211
1171 2016 1.00553 14.3377
1170 2016 1.00675 14.3544
1168 2016 1.00796 14.3711
1166 2016 1.00918 14.3877
1163 2016 1.01039 14.4044
1159 2016 1.01161 14.4211
1159 2016 1.01283 14.4377
1156 2016 1.01404 14.4544
1156 2016 1.01526 14.4711
1152 2016 1.01647 14.4877
1150 2016 1.01769 14.5044
1148 2016 1.0189 14.5211
1147 2016 1.02012 14.5377
1146 2016 1.02134 14.5544
1142 2016 1.02255 14.5711
1141 2016 1.02377 14.5877
1139 2016 1.02498 14.6044
1137 2016 1.0262 14.621
1134 2016 1.02742 14.6377
1133 2016 1.02863 14.6544
1131 2016 1.02985 14.671
1129 2016 1.03106 14.6877
1126 2016 1.03228 14.7044
1124 2016 1.0335 14.721
1120 2016 1.03471 14.7377
1119 2016 1.03593 14.7544
1118 2016 1.03714 14.771
1114 2016 1.03836 14.7877
1113 2016 1.03958 14.8044
1110 2016 1.04079 14.821
1108 2016 1.04201 14.8377
1107 2016 1.04322 14.8544
1104 2016 1.04444 14.871
1101 2016 1.04566 14.8877
1100 2016 1.04687 14.9044
1099 2016 1.04809 14.921
1097 2016 1.0493 14.9377
1096 2016 1.05052 14.9544
1094 2016 1.05174 14.971
1092 2016 1.05295 14.9877
1089 2016 1.05417 15.0044
1087 2016 1.05538 15.021
1086 2016 1.0566 15.0377
1084 2016 1.05781 15.0544
1082 2016 1.05903 15.071
1079 2016 1.06025 15.0877
1079 2016 1.06146 15.1044
1073 2016 1.06268 15.121
1072 2016 1.06389 15.1377
1071 2016 1.06511 15.1544
1070 2016 1.06633 15.171
1066 2016 1.06754 15.1877
1064 2016 1.06876 15.2044
1062 2016 1.06997 15.221
1060 2016 1.07119 15.2377
1058 2016 1.07241 15.2544
1056 2016 1.07362 15.271
1053 2016 1.07484 15.2877
1051 2016 1.07605 15.3044
1049 2016 1.07727 15.321
1049 2016 1.07849 15.3377
1047 2016 1.0797 15.3544
1042 2016 1.08092 15.371
1041 2016 1.08213 15.3877
1039 2016 1.08335 15.4044
1037 2016 1.08457 15.421
1036 2016 1.08578 15.4377
1032 2016 1.087 15.4544
1030 2016 1.08821 15.471
1028 2016 1.08943 15.4877
1027 2016 1.09065 15.5044
1024 2016 1.09186 15.521
1024 2016 1.09308 15.5377
1021 2016 1.09429 15.5544
1019 2016 1.09551 15.571
1015 2016 1.09672 15.5877
1014 2016 1.09794 15.6044
1014 2016 1.09916 15.621
1013 2016 1.10037 15.6377
1008 2016 1.10159 15.6544
1006 2016 1.1028 15.671
1005 2016 1.10402 15.6877
1002 2016 1.10524 15.7044
999 2016 1.10645 15.721
996 2016 1.10767 15.7377
995 2016 1.10888 15.7544
992 2016 1.1101 15.771
990 2016 1.11132 15.7877
988 2016 1.11253 15.8044
988 2016 1.11375 15.821
985 2016 1.11496 15.8377
980 2016 1.11618 15.8544
979 2016 1.1174 15.871
978 2016 1.11861 15.8877
975 2016 1.11983 15.9044
973 2016 1.12104 15.921
971 2016 1.12226 15.9377
968 2016 1.12348 15.9544
965 2016 1.12469 15.971
963 2016 1.12591 15.9877
961 2016 1.12712 16.0044
958 2016 1.12834 16.021
958 2016 1.12955 16.0377
955 2016 1.13077 16.0544
951 2016 1.13199 16.071
949 2016 1.1332 16.0877
949 2016 1.13442 16.1044
946 2016 1.13563 16.121
943 2016 1.13685 16.1377
942 2016 1.13807 16.1544
940 2016 1.13928 16.171
938 2016 1.1405 16.1877
937 2016 1.14171 16.2044
933 2016 1.14293 16.221
931 2016 1.14415 16.2377
929 2016 1.14536 16.2544
927 2016 1.14658 16.271
926 2016 1.14779 16.2877
923 2016 1.14901 16.3044
921 2016 1.15023 16.321
919 2016 1.15144 16.3377
917 2016 1.15266 16.3544
913 2016 1.15387 16.371
912 2016 1.15509 16.3877
912 2016 1.15631 16.4044
906 2016 1.15752 16.421
906 2016 1.15874 16.4377
903 2016 1.15995 16.4544
903 2016 1.16117 16.471
900 2016 1.16239 16.4877
895 2016 1.1636 16.5044
894 2016 1.16482 16.521
893 2016 1.16603 16.5377
890 2016 1.16725 16.5544
888 2016 1.16846 16.571
886 2016 1.16968 16.5877
885 2016 1.1709 16.6044
882 2016 1.17211 16.621
880 2016 1.17333 16.6377
876 2016 1.17454 16.6544
876 2016 1.17576 16.671
874 2016 1.17698 16.6877
872 2016 1.17819 16.7044
870 2016 1.17941 16.721
867 2016 1.18062 16.7377
865 2016 1.18184 16.7544
863 2016 1.18306 16.771
862 2016 1.18427 16.7877
860 2016 1.18549 16.8043
858 2016 1.1867 16.821
856 2016 1.18792 16.8377
854 2016 1.18914 16.8543
852 2016 1.19035 16.871
851 2016 1.19157 16.8877
848 2016 1.19278 16.9043
847 2016 1.194 16.921
843 2016 1.19522 16.9377
841 2016 1.19643 16.9543
841 2016 1.19765 16.971
839 2016 1.19886 16.9877
835 2016 1.20008 17.0043
834 2016 1.2013 17.021
831 2016 1.20251 17.0377
830 2016 1.20373 17.0543
828 2016 1.20494 17.071
824 2016 1.20616 17.0877
822 2016 1.20737 17.1043
820 2016 1.20859 17.121
818 2016 1.20981 17.1377
816 2016 1.21102 17.1543
814 2016 1.21224 17.171
813 2016 1.21345 17.1877
812 2016 1.21467 17.2043
809 2016 1.21589 17.221
807 2016 1.2171 17.2377
805 2016 1.21832 17.2543
804 2016 1.21953 17.271
800 2016 1.22075 17.2877
800 2016 1.22197 17.3043
799 2016 1.22318 17.321
795 2016 1.2244 17.3377
793 2016 1.22561 17.3543
792 2016 1.22683 17.371
790 2016 1.22805 17.3877
788 2016 1.22926 17.4043
787 2016 1.23048 17.421
783 2016 1.23169 17.4377
782 2016 1.23291 17.4543
778 2016 1.23413 17.471
777 2016 1.23534 17.4877
775 2016 1.23656 17.5043
774 2016 1.23777 17.521
773 2016 1.23899 17.5377
770 2016 1.24021 17.5543
768 2016 1.24142 17.571
764 2016 1.24264 17.5877
762 2016 1.24385 17.6043
762 2016 1.24507 17.621
761 2016 1.24628 17.6377
758 2016 1.2475 17.6543
756 2016 1.24872 17.671
756 2016 1.24993 17.6877
753 2016 1.25115 17.7043
749 2016 1.25236 17.721
749 2016 1.25358 17.7377
745 2016 1.2548 17.7543
743 2016 1.25601 17.771
741 2016 1.25723 17.7877
740 2016 1.25844 17.8043
740 2016 1.25966 17.821
737 2016 1.26088 17.8377
733 2016 1.26209 17.8543
731 2016 1.26331 17.871
731 2016 1.26452 17.8877
729 2016 1.26574 17.9043
726 2016 1.26696 17.921
724 2016 1.26817 17.9377
721 2016 1.26939 17.9543
720 2016 1.2706 17.971
720 2016 1.27182 17.9877
715 2016 1.27304 18.0043
714 2016 1.27425 18.021
713 2016 1.27547 18.0377
711 2016 1.27668 18.0543
708 2016 1.2779 18.071
707 2016 1.27911 18.0877
707 2016 1.28033 18.1043
705 2016 1.28155 18.121
704 2016 1.28276 18.1377
700 2016 1.28398 18.1543
699 2016 1.28519 18.171
699 2016 1.28641 18.1877
695 2016 1.28763 18.2043
692 2016 1.28884 18.221
691 2016 1.29006 18.2377
689 2016 1.29127 18.2543
686 2016 1.29249 18.271
685 2016 1.29371 18.2877
685 2016 1.29492 18.3043
682 2016 1.29614 18.321
678 2016 1.29735 18.3377
677 2016 1.29857 18.3543
676 2016 1.29979 18.371
673 2016 1.301 18.3877
673 2016 1.30222 18.4043
670 2016 1.30343 18.421
668 2016 1.30465 18.4377
666 2016 1.30587 18.4543
666 2016 1.30708 18.471
663 2016 1.3083 18.4877
661 2016 1.30951 18.5043
659 2016 1.31073 18.521
658 2016 1.31195 18.5377
655 2016 1.31316 18.5543
654 2016 1.31438 18.571
651 2016 1.31559 18.5877
651 2016 1.31681 18.6043
649 2016 1.31802 18.621
648 2016 1.31924 18.6377
647 2016 1.32046 18.6543
644 2016 1.32167 18.671
643 2016 1.32289 18.6877
642 2016 1.3241 18.7043
639 2016 1.32532 18.721
637 2016 1.32654 18.7377
636 2016 1.32775 18.7543
635 2016 1.32897 18.771
632 2016 1.33018 18.7877
630 2016 1.3314 18.8043
630 2016 1.33262 18.821
628 2016 1.33383 18.8377
626 2016 1.33505 18.8543
624 2016 1.33626 18.871
622 2016 1.33748 18.8877
619 2016 1.3387 18.9043
619 2016 1.33991 18.921
617 2016 1.34113 18.9377
616 2016 1.34234 18.9543
614 2016 1.34356 18.971
613 2016 1.34478 18.9876
610 2016 1.34599 19.0043
609 2016 1.34721 19.021
609 2016 1.34842 19.0376
607 2016 1.34964 19.0543
606 2016 1.35086 19.071
605 2016 1.35207 19.0876
602 2016 1.35329 19.1043
601 2016 1.3545 19.121
599 2016 1.35572 19.1376
597 2016 1.35693 19.1543
594 2016 1.35815 19.171
594 2016 1.35937 19.1876
592 2016 1.36058 19.2043
590 2016 1.3618 19.221
588 2016 1.36301 19.2376
585 2016 1.36423 19.2543
584 2016 1.36545 19.271
582 2016 1.36666 19.2876
581 2016 1.36788 19.3043
579 2016 1.36909 19.321
577 2016 1.37031 19.3376
574 2016 1.37153 19.3543
574 2016 1.37274 19.371
572 2016 1.37396 19.3876
569 2016 1.37517 19.4043
568 2016 1.37639 19.421
567 2016 1.37761 19.4376
564 2016 1.37882 19.4543
564 2016 1.38004 19.471
562 2016 1.38125 19.4876
559 2016 1.38247 19.5043
559 2016 1.38369 19.521
557 2016 1.3849 19.5376
554 2016 1.38612 19.5543
553 2016 1.38733 19.571
551 2016 1.38855 19.5876
549 2016 1.38977 19.6043
549 2016 1.39098 19.621
547 2016 1.3922 19.6376
544 2016 1.39341 19.6543
543 2016 1.39463 19.671
542 2016 1.39584 19.6876
538 2016 1.39706 19.7043
537 2016 1.39828 19.721
535 2016 1.39949 19.7376
533 2016 1.40071 19.7543
532 2016 1.40192 19.771
531 2016 1.40314 19.7876
530 2016 1.40436 19.8043
528 2016 1.40557 19.821
526 2016 1.40679 19.8376
525 2016 1.408 19.8543
523 2016 1.40922 19.871
522 2016 1.41044 19.8876
518 2016 1.41165 19.9043
518 2016 1.41287 19.921
516 2016 1.41408 19.9376
514 2016 1.4153 19.9543
512 2016 1.41652 19.971
512 2016 1.41773 19.9876
511 2016 1.41895 20.0043
508 2016 1.42016 20.021
506 2016 1.42138 20.0376
503 2016 1.4226 20.0543
502 2016 1.42381 20.071
501 2016 1.42503 20.0876
499 2016 1.42624 20.1043
499 2016 1.42746 20.121
497 2016 1.42867 20.1376
496 2016 1.42989 20.1543
495 2016 1.43111 20.171
494 2016 1.43232 20.1876
491 2016 1.43354 20.2043
491 2016 1.43475 20.221
488 2016 1.43597 20.2376
486 2016 1.43719 20.2543
485 2016 1.4384 20.271
483 2016 1.43962 20.2876
483 2016 1.44083 20.3043
483 2016 1.44205 20.321
481 2016 1.44327 20.3376
480 2016 1.44448 20.3543
477 2016 1.4457 20.371
475 2016 1.44691 20.3876
474 2016 1.44813 20.4043
472 2016 1.44935 20.421
471 2016 1.45056 20.4376
470 2016 1.45178 20.4543
470 2016 1.45299 20.471
466 2016 1.45421 20.4876
465 2016 1.45543 20.5043
465 2016 1.45664 20.521
462 2016 1.45786 20.5376
462 2016 1.45907 20.5543
460 2016 1.46029 20.571
459 2016 1.46151 20.5876
458 2016 1.46272 20.6043
456 2016 1.46394 20.621
455 2016 1.46515 20.6376
455 2016 1.46637 20.6543
453 2016 1.46758 20.671
451 2016 1.4688 20.6876
451 2016 1.47002 20.7043
450 2016 1.47123 20.721
449 2016 1.47245 20.7376
447 2016 1.47366 20.7543
446 2016 1.47488 20.771
446 2016 1.4761 20.7876
443 2016 1.47731 20.8043
441 2016 1.47853 20.821
441 2016 1.47974 20.8376
441 2016 1.48096 20.8543
439 2016 1.48218 20.871
437 2016 1.48339 20.8876
436 2016 1.48461 20.9043
435 2016 1.48582 20.921
434 2016 1.48704 20.9376
433 2016 1.48826 20.9543
431 2016 1.48947 20.971
430 2016 1.49069 20.9876
429 2016 1.4919 21.0043
427 2016 1.49312 21.021
426 2016 1.49434 21.0376
426 2016 1.49555 21.0543
424 2016 1.49677 21.071
424 2016 1.49798 21.0876
421 2016 1.4992 21.1043
420 2016 1.50042 21.121
418 2016 1.50163 21.1376
417 2016 1.50285 21.1543
417 2016 1.50406 21.1709
415 2016 1.50528 21.1876
413 2016 1.50649 21.2043
413 2016 1.50771 21.2209
413 2016 1.50893 21.2376
409 2016 1.51014 21.2543
409 2016 1.51136 21.2709
408 2016 1.51257 21.2876
407 2016 1.51379 21.3043
404 2016 1.51501 21.3209
403 2016 1.51622 21.3376
399 2016 1.51744 21.3543
396 2016 1.51865 21.3709
393 2016 1.51987 21.3876
392 2016 1.52109 21.4043
388 2016 1.5223 21.4209
386 2016 1.52352 21.4376
383 2016 1.52473 21.4543
379 2016 1.52595 21.4709
376 2016 1.52717 21.4876
372 2016 1.52838 21.5043
370 2016 1.5296 21.5209
368 2016 1.53081 21.5376
367 2016 1.53203 21.5543
365 2016 1.53325 21.5709
364 2016 1.53446 21.5876
361 2016 1.53568 21.6043
360 2016 1.53689 21.6209
359 2016 1.53811 21.6376
358 2016 1.53932 21.6543
354 2016 1.54054 21.6709
352 2016 1.54176 21.6876
351 2016 1.54297 21.7043
349 2016 1.54419 21.7209
346 2016 1.5454 21.7376
345 2016 1.54662 21.7543
344 2016 1.54784 21.7709
342 2016 1.54905 21.7876
341 2016 1.55027 21.8043
341 2016 1.55148 21.8209
339 2016 1.5527 21.8376
338 2016 1.55392 21.8543
338 2016 1.55513 21.8709
338 2016 1.55635 21.8876
336 2016 1.55756 21.9043
335 2016 1.55878 21.9209
335 2016 1.56 21.9376
335 2016 1.56121 21.9543
335 2016 1.56243 21.9709
334 2016 1.56364 21.9876
333 2016 1.56486 22.0043
332 2016 1.56608 22.0209
329 2016 1.56729 22.0376
328 2016 1.56851 22.0543
328 2016 1.56972 22.0709
326 2016 1.57094 22.0876
326 2016 1.57216 22.1043
324 2016 1.57337 22.1209
321 2016 1.57459 22.1376
319 2016 1.5758 22.1543
317 2016 1.57702 22.1709
312 2016 1.57823 22.1876
309 2016 1.57945 22.2043
306 2016 1.58067 22.2209
301 2016 1.58188 22.2376
297 2016 1.5831 22.2543
291 2016 1.58431 22.2709
287 2016 1.58553 22.2876
284 2016 1.58675 22.3043
280 2016 1.58796 22.3209
279 2016 1.58918 22.3376
275 2016 1.59039 22.3543
271 2016 1.59161 22.3709
269 2016 1.59283 22.3876
267 2016 1.59404 22.4043
262 2016 1.59526 22.4209
262 2016 1.59647 22.4376
258 2016 1.59769 22.4543
254 2016 1.59891 22.4709
251 2016 1.60012 22.4876
248 2016 1.60134 22.5043
246 2016 1.60255 22.5209
243 2016 1.60377 22.5376
240 2016 1.60499 22.5543
237 2016 1.6062 22.5709
234 2016 1.60742 22.5876
231 2016 1.60863 22.6043
229 2016 1.60985 22.6209
226 2016 1.61107 22.6376
222 2016 1.61228 22.6543
221 2016 1.6135 22.6709
216 2016 1.61471 22.6876
214 2016 1.61593 22.7043
211 2016 1.61714 22.7209
208 2016 1.61836 22.7376
204 2016 1.61958 22.7543
203 2016 1.62079 22.7709
201 2016 1.62201 22.7876
198 2016 1.62322 22.8043
196 2016 1.62444 22.8209
195 2016 1.62566 22.8376
192 2016 1.62687 22.8543
189 2016 1.62809 22.8709
188 2016 1.6293 22.8876
186 2016 1.63052 22.9043
184 2016 1.63174 22.9209
181 2016 1.63295 22.9376
180 2016 1.63417 22.9543
177 2016 1.63538 22.9709
175 2016 1.6366 22.9876
174 2016 1.63782 23.0043
171 2016 1.63903 23.0209
167 2016 1.64025 23.0376
166 2016 1.64146 23.0543
162 2016 1.64268 23.0709
159 2016 1.6439 23.0876
155 2016 1.64511 23.1043
153 2016 1.64633 23.1209
150 2016 1.64754 23.1376
146 2016 1.64876 23.1543
145 2016 1.64998 23.1709
142 2016 1.65119 23.1876
140 2016 1.65241 23.2043
138 2016 1.65362 23.2209
137 2016 1.65484 23.2376
135 2016 1.65605 23.2543
134 2016 1.65727 23.2709
132 2016 1.65849 23.2876
132 2016 1.6597 23.3043
132 2016 1.66092 23.3209
129 2016 1.66213 23.3376
127 2016 1.66335 23.3542
127 2016 1.66457 23.3709
124 2016 1.66578 23.3876
123 2016 1.667 23.4042
123 2016 1.66821 23.4209
122 2016 1.66943 23.4376
120 2016 1.67065 23.4542
119 2016 1.67186 23.4709
117 2016 1.67308 23.4876
115 2016 1.67429 23.5042
115 2016 1.67551 23.5209
115 2016 1.67673 23.5376
113 2016 1.67794 23.5542
112 2016 1.67916 23.5709
111 2016 1.68037 23.5876
110 2016 1.68159 23.6042
110 2016 1.68281 23.6209
109 2016 1.68402 23.6376
108 2016 1.68524 23.6542
106 2016 1.68645 23.6709
106 2016 1.68767 23.6876
106 2016 1.68888 23.7042
104 2016 1.6901 23.7209
104 2016 1.69132 23.7376
104 2016 1.69253 23.7542
102 2016 1.69375 23.7709
101 2016 1.69496 23.7876
100 2016 1.69618 23.8042
100 2016 1.6974 23.8209
99 2016 1.69861 23.8376
97 2016 1.69983 23.8542
97 2016 1.70104 23.8709
96 2016 1.70226 23.8876
96 2016 1.70348 23.9042
94 2016 1.70469 23.9209
94 2016 1.70591 23.9376
94 2016 1.70712 23.9542
93 2016 1.70834 23.9709
92 2016 1.70956 23.9876
91 2016 1.71077 24.0042
91 2016 1.71199 24.0209
89 2016 1.7132 24.0376
89 2016 1.71442 24.0542
88 2016 1.71564 24.0709
87 2016 1.71685 24.0876
86 2016 1.71807 24.1042
84 2016 1.71928 24.1209
84 2016 1.7205 24.1376
84 2016 1.72172 24.1542
81 2016 1.72293 24.1709
81 2016 1.72415 24.1876
80 2016 1.72536 24.2042
79 2016 1.72658 24.2209
77 2016 1.72779 24.2376
76 2016 1.72901 24.2542
75 2016 1.73023 24.2709
74 2016 1.73144 24.2876
73 2016 1.73266 24.3042
72 2016 1.73387 24.3209
70 2016 1.73509 24.3376
68 2016 1.73631 24.3542
68 2016 1.73752 24.3709
66 2016 1.73874 24.3876
64 2016 1.73995 24.4042
62 2016 1.74117 24.4209
62 2016 1.74239 24.4376
59 2016 1.7436 24.4542
58 2016 1.74482 24.4709
57 2016 1.74603 24.4876
56 2016 1.74725 24.5042
54 2016 1.74847 24.5209
52 2016 1.74968 24.5376
51 2016 1.7509 24.5542
48 2016 1.75211 24.5709
47 2016 1.75333 24.5876
45 2016 1.75455 24.6042
43 2016 1.75576 24.6209
41 2016 1.75698 24.6376
41 2016 1.75819 24.6542
39 2016 1.75941 24.6709
37 2016 1.76063 24.6876
37 2016 1.76184 24.7042
34 2016 1.76306 24.7209
32 2016 1.76427 24.7376
31 2016 1.76549 24.7542
29 2016 1.7667 24.7709
28 2016 1.76792 24.7876
26 2016 1.76914 24.8042
24 2016 1.77035 24.8209
22 2016 1.77157 24.8376
22 2016 1.77278 24.8542
21 2016 1.774 24.8709
19 2016 1.77522 24.8876
19 2016 1.77643 24.9042
17 2016 1.77765 24.9209
16 2016 1.77886 24.9376
14 2016 1.78008 24.9542
14 2016 1.7813 24.9709
14 2016 1.78251 24.9876
12 2016 1.78373 25.0042
11 2016 1.78494 25.0209
9 2016 1.78616 25.0376
7 2016 1.78738 25.0542
5 2016 1.78859 25.0709
4 2016 1.78981 25.0876
3 2016 1.79102 25.1042
2 2016 1.79224 25.1209
2 2016 1.79346 25.1376
2 2016 1.79467 25.1542
1 2016 1.79589 25.1709
0 2016 1.7971 25.1876
0 2016 1.79832 25.2042
0 2016 1.79954 25.2209
0 2016 1.80075 25.2376
0 2016 1.80197 25.2542
0 2016 1.80318 25.2709
0 2016 1.8044 25.2876
0 2016 1.80561 25.3042
0 2016 1.80683 25.3209
0 2016 1.80805 25.3376
0 2016 1.80926 25.3542
0 2016 1.81048 25.3709
0 2016 1.81169 25.3876
0 2016 1.81291 25.4042
0 2016 1.81413 25.4209
0 2016 1.81534 25.4376
0 2016 1.81656 25.4542
0 2016 1.81777 25.4709
0 2016 1.81899 25.4876
0 2016 1.82021 25.5042
0 2016 1.82142 25.5209
0 2016 1.82264 25.5375
0 2016 1.82385 25.5542
0 2016 1.82507 25.5709
0 2016 1.82629 25.5875
0 2016 1.8275 25.6042
0 2016 1.82872 25.6209
0 2016 1.82993 25.6375
0 2016 1.83115 25.6542
0 2016 1.83237 25.6709
0 2016 1.83358 25.6875
0 2016 1.8348 25.7042
0 2016 1.83601 25.7209
0 2016 1.83723 25.7375
0 2016 1.83844 25.7542
0 2016 1.83966 25.7709
0 2016 1.84088 25.7875
0 2016 1.84209 25.8042
0 2016 1.84331 25.8209
0 2016 1.84452 25.8375
0 2016 1.84574 25.8542
0 2016 1.84696 25.8709
0 2016 1.84817 25.8875
0 2016 1.84939 25.9042
0 2016 1.8506 25.9209
0 2016 1.85182 25.9375
0 2016 1.85304 25.9542
0 2016 1.85425 25.9709
0 2016 1.85547 25.9875
0 2016 1.85668 26.0042
0 2016 1.8579 26.0209
0 2016 1.85912 26.0375
0 2016 1.86033 26.0542
0 2016 1.86155 26.0709
0 2016 1.86276 26.0875
0 2016 1.86398 26.1042
0 2016 1.8652 26.1209
0 2016 1.86641 26.1375
0 2016 1.86763 26.1542
0 2016 1.86884 26.1709
0 2016 1.87006 26.1875
0 2016 1.87128 26.2042
0 2016 1.87249 26.2209
0 2016 1.87371 26.2375
0 2016 1.87492 26.2542
0 2016 1.87614 26.2709
0 2016 1.87735 26.2875
0 2016 1.87857 26.3042
0 2016 1.87979 26.3209
0 2016 1.881 26.3375
0 2016 1.88222 26.3542
0 2016 1.88343 26.3709
0 2016 1.88465 26.3875
0 2016 1.88587 26.4042
0 2016 1.88708 26.4209
0 2016 1.8883 26.4375
0 2016 1.88951 26.4542
0 2016 1.89073 26.4709
0 2016 1.89195 26.4875
0 2016 1.89316 26.5042
0 2016 1.89438 26.5209
0 2016 1.89559 26.5375
0 2016 1.89681 26.5542
0 2016 1.89803 26.5709
0 2016 1.89924 26.5875
0 2016 1.90046 26.6042
0 2016 1.90167 26.6209
0 2016 1.90289 26.6375
0 2016 1.90411 26.6542
0 2016 1.90532 26.6709
0 2016 1.90654 26.6875
0 2016 1.90775 26.7042
0 2016 1.90897 26.7209
0 2016 1.91019 26.7375
0 2016 1.9114 26.7542
0 2016 1.91262 26.7709
0 2016 1.91383 26.7875
0 2016 1.91505 26.8042
0 2016 1.91626 26.8209
0 2016 1.91748 26.8375
0 2016 1.9187 26.8542
0 2016 1.91991 26.8709
0 2016 1.92113 26.8875
0 2016 1.92234 26.9042
0 2016 1.92356 26.9209
0 2016 1.92478 26.9375
0 2016 1.92599 26.9542
0 2016 1.92721 26.9709
0 2016 1.92842 26.9875
0 2016 1.92964 27.0042
0 2016 1.93086 27.0209
0 2016 1.93207 27.0375
0 2016 1.93329 27.0542
0 2016 1.9345 27.0709
0 2016 1.93572 27.0875
0 2016 1.93694 27.1042
0 2016 1.93815 27.1209
0 2016 1.93937 27.1375
0 2016 1.94058 27.1542
0 2016 1.9418 27.1709
0 2016 1.94302 27.1875
0 2016 1.94423 27.2042
0 2016 1.94545 27.2209
0 2016 1.94666 27.2375
0 2016 1.94788 27.2542
0 2016 1.9491 27.2709
0 2016 1.95031 27.2875
0 2016 1.95153 27.3042
0 2016 1.95274 27.3209
0 2016 1.95396 27.3375
0 2016 1.95517 27.3542
0 2016 1.95639 27.3709
0 2016 1.95761 27.3875
0 2016 1.95882 27.4042
0 2016 1.96004 27.4209
0 2016 1.96125 27.4375
0 2016 1.96247 27.4542
0 2016 1.96369 27.4709
0 2016 1.9649 27.4875
0 2016 1.96612 27.5042
0 2016 1.96733 27.5209
0 2016 1.96855 27.5375
0 2016 1.96977 27.5542
0 2016 1.97098 27.5709
0 2016 1.9722 27.5875
0 2016 1.97341 27.6042
0 2016 1.97463 27.6209
0 2016 1.97585 27.6375
0 2016 1.97706 27.6542
0 2016 1.97828 27.6709
0 2016 1.97949 27.6875
0 2016 1.98071 27.7042
0 2016 1.98193 27.7208
0 2016 1.98314 27.7375
0 2016 1.98436 27.7542
0 2016 1.98557 27.7708
0 2016 1.98679 27.7875
0 2016 1.988 27.8042
0 2016 1.98922 27.8208
0 2016 1.99044 27.8375
0 2016 1.99165 27.8542
0 2016 1.99287 27.8708
0 2016 1.99408 27.8875
0 2016 1.9953 27.9042
0 2016 1.99652 27.9208
0 2016 1.99773 27.9375
0 2016 1.99895 27.9542
0 2016 2.00016 27.9708
0 2016 2.00138 27.9875
0 2016 2.0026 28.0042
0 2016 2.00381 28.0208
0 2016 2.00503 28.0375
0 2016 2.00624 28.0542
0 2016 2.00746 28.0708
0 2016 2.00868 28.0875
0 2016 2.00989 28.1042
0 2016 2.01111 28.1208
0 2016 2.01232 28.1375
0 2016 2.01354 28.1542
0 2016 2.01476 28.1708
0 2016 2.01597 28.1875
0 2016 2.01719 28.2042
0 2016 2.0184 28.2208
0 2016 2.01962 28.2375
0 2016 2.02084 28.2542
0 2016 2.02205 28.2708
0 2016 2.02327 28.2875
0 2016 2.02448 28.3042
0 2016 2.0257 28.3208
0 2016 2.02691 28.3375
0 2016 2.02813 28.3542
0 2016 2.02935 28.3708
0 2016 2.03056 28.3875
0 2016 2.03178 28.4042
0 2016 2.03299 28.4208
0 2016 2.03421 28.4375
0 2016 2.03543 28.4542
0 2016 2.03664 28.4708
0 2016 2.03786 28.4875
0 2016 2.03907 28.5042
0 2016 2.04029 28.5208
0 2016 2.04151 28.5375
0 2016 2.04272 28.5542
0 2016 2.04394 28.5708
0 2016 2.04515 28.5875
0 2016 2.04637 28.6042
0 2016 2.04759 28.6208
0 2016 2.0488 28.6375
0 2016 2.05002 28.6542
0 2016 2.05123 28.6708
0 2016 2.05245 28.6875
0 2016 2.05367 28.7042
0 2016 2.05488 28.7208
0 2016 2.0561 28.7375
0 2016 2.05731 28.7542
0 2016 2.05853 28.7708
0 2016 2.05975 28.7875
0 2016 2.06096 28.8042
0 2016 2.06218 28.8208
0 2016 2.06339 28.8375
0 2016 2.06461 28.8542
0 2016 2.06582 28.8708
0 2016 2.06704 28.8875
0 2016 2.06826 28.9042
0 2016 2.06947 28.9208
0 2016 2.07069 28.9375
0 2016 2.0719 28.9542
0 2016 2.07312 28.9708
0 2016 2.07434 28.9875
0 2016 2.07555 29.0042
0 2016 2.07677 29.0208
0 2016 2.07798 29.0375
0 2016 2.0792 29.0542
0 2016 2.08042 29.0708
0 2016 2.08163 29.0875
0 2016 2.08285 29.1042
0 2016 2.08406 29.1208
0 2016 2.08528 29.1375
0 2016 2.0865 29.1542
0 2016 2.08771 29.1708
0 2016 2.08893 29.1875
0 2016 2.09014 29.2042
0 2016 2.09136 29.2208
0 2016 2.09258 29.2375
0 2016 2.09379 29.2542
0 2016 2.09501 29.2708
0 2016 2.09622 29.2875
0 2016 2.09744 29.3042
0 2016 2.09865 29.3208
0 2016 2.09987 29.3375
0 2016 2.10109 29.3542
0 2016 2.1023 29.3708
0 2016 2.10352 29.3875
0 2016 2.10473 29.4042
0 2016 2.10595 29.4208
0 2016 2.10717 29.4375
0 2016 2.10838 29.4542
0 2016 2.1096 29.4708
0 2016 2.11081 29.4875
0 2016 2.11203 29.5042
0 2016 2.11325 29.5208
0 2016 2.11446 29.5375
0 2016 2.11568 29.5542
0 2016 2.11689 29.5708
0 2016 2.11811 29.5875
0 2016 2.11933 29.6042
0 2016 2.12054 29.6208
0 2016 2.12176 29.6375
0 2016 2.12297 29.6542
0 2016 2.12419 29.6708
0 2016 2.12541 29.6875
0 2016 2.12662 29.7042
0 2016 2.12784 29.7208
0 2016 2.12905 29.7375
0 2016 2.13027 29.7542
0 2016 2.13149 29.7708
0 2016 2.1327 29.7875
0 2016 2.13392 29.8042
0 2016 2.13513 29.8208
0 2016 2.13635 29.8375
0 2016 2.13756 29.8542
0 2016 2.13878 29.8708
0 2016 2.14 29.8875
0 2016 2.14121 29.9042
0 2016 2.14243 29.9208
0 2016 2.14364 29.9375
0 2016 2.14486 29.9541
0 2016 2.14608 29.9708
0 2016 2.14729 29.9875
0 2016 2.14851 30.0041
0 2016 2.14972 30.0208
0 2016 2.14972 30.0375
0 2016 2.14972 30.0541
0 2016 2.14972 30.0708
0 2016 2.14972 30.0875
0 2016 2.14972 30.1041
0 2016 2.14972 30.1208
0 2016 2.14972 30.1375
0 2016 2.14972 30.1541
0 2016 2.14972 30.1708
0 2016 2.14972 30.1875
0 2016 2.14972 30.2041
0 2016 2.14972 30.2208
0 2016 2.14972 30.2375
0 2016 2.14972 30.2541
0 2016 2.14972 30.2708
0 2016 2.14972 30.2875
0 2016 2.14972 30.3041
0 2016 2.14972 30.3208
0 2016 2.14972 30.3375
0 2016 2.14972 30.3541
0 2016 2.14972 30.3708
