21535 22017 0.00249453 0.00927448
21448 22017 0.00249453 0.0259409
21417 22017 0.00249453 0.0426073
21353 22017 0.00249453 0.0592737
21291 22017 0.00249453 0.0759401
21221 22017 0.00249453 0.0926065
21157 22017 0.00249453 0.109273
21109 22017 0.00249453 0.125939
21035 22017 0.00249453 0.142606
20966 22017 0.00249453 0.159272
20897 22017 0.00249453 0.175939
20833 22017 0.00249453 0.192605
20797 22017 0.00249453 0.209271
20729 22017 0.00249453 0.225938
20661 22017 0.00249453 0.242604
20582 22017 0.00249453 0.259271
20521 22017 0.00249453 0.275937
20471 22017 0.00249453 0.292603
20420 22017 0.00249453 0.30927
20360 22017 0.00249453 0.325936
20277 22017 0.00249453 0.342603
20208 22017 0.00249453 0.359269
20164 22017 0.00249453 0.375936
20107 22017 0.00249453 0.392602
20037 22017 0.00249453 0.409268
19957 22017 0.00249453 0.425935
19889 22017 0.00249453 0.442601
19842 22017 0.00249453 0.459268
19772 22017 0.00249453 0.475934
19707 22017 0.00249453 0.4926
19649 22017 0.00249453 0.509267
19586 22017 0.00249453 0.525933
19556 22017 0.00249453 0.5426
19515 22017 0.00249453 0.559266
19474 22017 0.00249453 0.575933
19438 22017 0.00249453 0.592599
19411 22017 0.00249453 0.609265
19391 22017 0.00249453 0.625932
19367 22017 0.00249453 0.642598
19347 22017 0.00249453 0.659265
19338 22017 0.00249453 0.675931
19328 22017 0.00249453 0.692597
19313 22017 0.00249453 0.709264
19303 22017 0.00249453 0.72593
19294 22017 0.00249453 0.742597
19291 22017 0.00249453 0.759263
19288 22017 0.00249453 0.775929
19279 22017 0.00249453 0.792596
19276 22017 0.00249453 0.809262
19270 22017 0.00249453 0.825929
19264 22017 0.00249453 0.842595
19257 22017 0.00249453 0.859262
19255 22017 0.00249453 0.875928
19251 22017 0.00249453 0.892594
19249 22017 0.00249453 0.909261
19244 22017 0.00249453 0.925927
19239 22017 0.00249453 0.942594
19238 22017 0.00249453 0.95926
19236 22017 0.00249453 0.975926
19232 22017 0.00249453 0.992593
19231 22017 0.00249453 1.00926
19229 22017 0.00249453 1.02593
19226 22017 0.00249453 1.04259
19226 22017 0.00249453 1.05926
19225 22017 0.00249453 1.07592
19223 22017 0.00249453 1.09259
19223 22017 0.00249453 1.10926
19223 22017 0.00249453 1.12592
19222 22017 0.00249453 1.14259
19222 22017 0.00249453 1.15926
19220 22017 0.00249453 1.17592
19219 22017 0.00249453 1.19259
19219 22017 0.00249453 1.20926
19217 22017 0.00249453 1.22592
19217 22017 0.00249453 1.24259
19215 22017 0.00249453 1.25926
19215 22017 0.00249453 1.27592
19214 22017 0.00249453 1.29259
19213 22017 0.00249453 1.30925
19212 22017 0.00249453 1.32592
19211 22017 0.00249453 1.34259
19211 22017 0.00249453 1.35925
19211 22017 0.00249453 1.37592
19211 22017 0.00249453 1.39259
19210 22017 0.00249453 1.40925
19210 22017 0.00249453 1.42592
19210 22017 0.00249453 1.44259
19210 22017 0.00249453 1.45925
19210 22017 0.00249453 1.47592
19208 22017 0.00249453 1.49259
19208 22017 0.00249453 1.50925
19208 22017 0.00249453 1.52592
19208 22017 0.00249453 1.54258
19208 22017 0.00249453 1.55925
19208 22017 0.00249453 1.57592
19208 22017 0.00249453 1.59258
19208 22017 0.00249453 1.60925
19208 22017 0.00249453 1.62592
19208 22017 0.00249453 1.64258
19208 22017 0.00249453 1.65925
19208 22017 0.00249453 1.67592
19208 22017 0.00249453 1.69258
19207 22017 0.00249453 1.70925
19207 22017 0.00249453 1.72591
19207 22017 0.00249453 1.74258
19207 22017 0.00249453 1.75925
19207 22017 0.00249453 1.77591
19207 22017 0.00249453 1.79258
19207 22017 0.00249453 1.80925
19207 22017 0.00249453 1.82591
19206 22017 0.00249453 1.84258
19206 22017 0.00249453 1.85925
19206 22017 0.00249453 1.87591
19206 22017 0.00249453 1.89258
19206 22017 0.00249453 1.90925
19206 22017 0.00249453 1.92591
19206 22017 0.00249453 1.94258
19206 22017 0.00249453 1.95924
19206 22017 0.00249453 1.97591
19206 22017 0.00249453 1.99258
19206 22017 0.00249453 2.00924
19206 22017 0.00249453 2.02591
19206 22017 0.00249453 2.04258
19206 22017 0.00249453 2.05924
19206 22017 0.00249453 2.07591
19206 22017 0.00249453 2.09258
19206 22017 0.00249453 2.10924
19206 22017 0.00249453 2.12591
19206 22017 0.00249453 2.14258
19206 22017 0.00249453 2.15924
19206 22017 0.00249453 2.17591
19206 22017 0.00249453 2.19257
19206 22017 0.00498907 2.20924
19206 22017 0.0074836 2.22591
19206 22017 0.00997814 2.24257
19206 22017 0.0124727 2.25924
19206 22017 0.0149672 2.27591
19206 22017 0.0174617 2.29257
19206 22017 0.0199563 2.30924
19206 22017 0.0224508 2.32591
19206 22017 0.0249453 2.34257
19206 22017 0.0274399 2.35924
19206 22017 0.0299344 2.37591
19206 22017 0.0324289 2.39257
19206 22017 0.0349235 2.40924
19206 22017 0.037418 2.4259
19206 22017 0.0399125 2.44257
19206 22017 0.0424071 2.45924
19206 22017 0.0449016 2.4759
19206 22017 0.0473961 2.49257
19206 22017 0.0498907 2.50924
19205 22017 0.0523852 2.5259
19205 22017 0.0548797 2.54257
19205 22017 0.0573743 2.55924
19205 22017 0.0598688 2.5759
19205 22017 0.0623633 2.59257
19205 22017 0.0648579 2.60923
19205 22017 0.0673524 2.6259
19205 22017 0.0698469 2.64257
19205 22017 0.0723415 2.65923
19205 22017 0.074836 2.6759
19205 22017 0.0773306 2.69257
19205 22017 0.0798251 2.70923
19205 22017 0.0823196 2.7259
19205 22017 0.0848142 2.74257
19205 22017 0.0873087 2.75923
19205 22017 0.0898032 2.7759
19205 22017 0.0922978 2.79257
19205 22017 0.0947923 2.80923
19205 22017 0.0972868 2.8259
19205 22017 0.0997814 2.84256
19205 22017 0.102276 2.85923
19205 22017 0.10477 2.8759
19205 22017 0.107265 2.89256
19205 22017 0.10976 2.90923
19205 22017 0.112254 2.9259
19205 22017 0.114749 2.94256
19204 22017 0.117243 2.95923
19204 22017 0.119738 2.9759
19204 22017 0.122232 2.99256
19204 22017 0.124727 3.00923
19204 22017 0.127221 3.0259
19204 22017 0.129716 3.04256
19204 22017 0.13221 3.05923
19204 22017 0.134705 3.07589
19204 22017 0.137199 3.09256
19203 22017 0.139694 3.10923
19203 22017 0.142188 3.12589
19202 22017 0.144683 3.14256
19200 22017 0.147178 3.15923
19198 22017 0.149672 3.17589
19197 22017 0.152167 3.19256
19193 22017 0.154661 3.20923
19192 22017 0.157156 3.22589
19191 22017 0.15965 3.24256
19191 22017 0.162145 3.25922
19187 22017 0.164639 3.27589
19186 22017 0.167134 3.29256
19185 22017 0.169628 3.30922
19183 22017 0.172123 3.32589
19177 22017 0.174617 3.34256
19176 22017 0.177112 3.35922
19174 22017 0.179606 3.37589
19167 22017 0.182101 3.39256
19165 22017 0.184595 3.40922
19160 22017 0.18709 3.42589
19157 22017 0.189584 3.44256
19154 22017 0.192079 3.45922
19146 22017 0.194574 3.47589
19141 22017 0.197068 3.49255
19136 22017 0.199563 3.50922
19132 22017 0.202057 3.52589
19124 22017 0.204552 3.54255
19119 22017 0.207046 3.55922
19113 22017 0.209541 3.57589
19103 22017 0.212035 3.59255
19097 22017 0.21453 3.60922
19087 22017 0.217024 3.62589
19082 22017 0.219519 3.64255
19069 22017 0.222013 3.65922
19062 22017 0.224508 3.67589
19053 22017 0.227002 3.69255
19042 22017 0.229497 3.70922
19032 22017 0.231991 3.72588
19020 22017 0.234486 3.74255
19014 22017 0.236981 3.75922
19003 22017 0.239475 3.77588
18990 22017 0.24197 3.79255
18984 22017 0.244464 3.80922
18973 22017 0.246959 3.82588
18964 22017 0.249453 3.84255
18953 22017 0.251948 3.85922
18942 22017 0.254442 3.87588
18932 22017 0.256937 3.89255
18923 22017 0.259431 3.90921
18913 22017 0.261926 3.92588
18900 22017 0.26442 3.94255
18887 22017 0.266915 3.95921
18879 22017 0.26941 3.97588
18867 22017 0.271904 3.99255
18855 22017 0.274399 4.00921
18845 22017 0.276893 4.02588
18836 22017 0.279388 4.04255
18824 22017 0.281882 4.05921
18814 22017 0.284377 4.07588
18796 22017 0.286871 4.09255
18786 22017 0.289366 4.10921
18777 22017 0.29186 4.12588
18764 22017 0.294355 4.14254
18754 22017 0.29685 4.15921
18739 22017 0.299344 4.17588
18730 22017 0.301839 4.19254
18718 22017 0.304333 4.20921
18709 22017 0.306828 4.22588
18693 22017 0.309322 4.24254
18681 22017 0.311817 4.25921
18673 22017 0.314311 4.27588
18662 22017 0.316806 4.29254
18650 22017 0.3193 4.30921
18639 22017 0.321795 4.32588
18628 22017 0.32429 4.34254
18607 22017 0.326784 4.35921
18598 22017 0.329279 4.37587
18591 22017 0.331773 4.39254
18574 22017 0.334268 4.40921
18564 22017 0.336762 4.42587
18556 22017 0.339257 4.44254
18544 22017 0.341751 4.45921
18528 22017 0.344246 4.47587
18515 22017 0.34674 4.49254
18505 22017 0.349235 4.50921
18496 22017 0.351729 4.52587
18485 22017 0.354224 4.54254
18472 22017 0.356719 4.55921
18460 22017 0.359213 4.57587
18450 22017 0.361708 4.59254
18433 22017 0.364202 4.6092
18419 22017 0.366697 4.62587
18406 22017 0.369191 4.64254
18394 22017 0.371686 4.6592
18384 22017 0.37418 4.67587
18373 22017 0.376675 4.69254
18361 22017 0.379169 4.7092
18347 22017 0.381664 4.72587
18333 22017 0.384159 4.74254
18320 22017 0.386653 4.7592
18311 22017 0.389148 4.77587
18300 22017 0.391642 4.79253
18282 22017 0.394137 4.8092
18271 22017 0.396631 4.82587
18257 22017 0.399126 4.84253
18248 22017 0.40162 4.8592
18236 22017 0.404115 4.87587
18220 22017 0.406609 4.89253
18209 22017 0.409104 4.9092
18198 22017 0.411599 4.92587
18186 22017 0.414093 4.94253
18169 22017 0.416588 4.9592
18159 22017 0.419082 4.97587
18143 22017 0.421577 4.99253
18134 22017 0.424071 5.0092
18123 22017 0.426566 5.02586
18110 22017 0.42906 5.04253
18097 22017 0.431555 5.0592
18086 22017 0.434049 5.07586
18074 22017 0.436544 5.09253
18063 22017 0.439039 5.1092
18048 22017 0.441533 5.12586
18031 22017 0.444028 5.14253
18021 22017 0.446522 5.1592
18009 22017 0.449017 5.17586
17994 22017 0.451511 5.19253
17980 22017 0.454006 5.2092
17964 22017 0.4565 5.22586
17952 22017 0.458995 5.24253
17937 22017 0.461489 5.25919
17928 22017 0.463984 5.27586
17914 22017 0.466478 5.29253
17895 22017 0.468973 5.30919
17881 22017 0.471468 5.32586
17874 22017 0.473962 5.34253
17864 22017 0.476457 5.35919
17847 22017 0.478951 5.37586
17833 22017 0.481446 5.39253
17818 22017 0.48394 5.40919
17806 22017 0.486435 5.42586
17792 22017 0.488929 5.44252
17779 22017 0.491424 5.45919
17765 22017 0.493918 5.47586
17754 22017 0.496413 5.49252
17733 22017 0.498908 5.50919
17725 22017 0.501402 5.52586
17712 22017 0.503897 5.54252
17696 22017 0.506391 5.55919
17678 22017 0.508886 5.57586
17667 22017 0.51138 5.59252
17652 22017 0.513875 5.60919
17637 22017 0.516369 5.62586
17623 22017 0.518864 5.64252
17610 22017 0.521358 5.65919
17593 22017 0.523853 5.67585
17578 22017 0.526347 5.69252
17563 22017 0.528842 5.70919
17548 22017 0.531336 5.72585
17535 22017 0.533831 5.74252
17522 22017 0.536325 5.75919
17501 22017 0.53882 5.77585
17489 22017 0.541314 5.79252
17475 22017 0.543809 5.80919
17459 22017 0.546303 5.82585
17441 22017 0.548798 5.84252
17430 22017 0.551292 5.85919
17412 22017 0.553787 5.87585
17398 22017 0.556281 5.89252
17385 22017 0.558776 5.90918
17367 22017 0.56127 5.92585
17349 22017 0.563765 5.94252
17335 22017 0.566259 5.95918
17323 22017 0.568754 5.97585
17298 22017 0.571248 5.99252
17291 22017 0.573743 6.00918
17272 22017 0.576237 6.02585
17261 22017 0.578732 6.04252
17249 22017 0.581227 6.05918
17227 22017 0.583721 6.07585
17215 22017 0.586216 6.09251
17193 22017 0.58871 6.10918
17184 22017 0.591205 6.12585
17164 22017 0.593699 6.14251
17149 22017 0.596194 6.15918
17130 22017 0.598688 6.17585
17117 22017 0.601183 6.19251
17104 22017 0.603677 6.20918
17083 22017 0.606172 6.22585
17069 22017 0.608666 6.24251
17051 22017 0.611161 6.25918
17037 22017 0.613655 6.27585
17016 22017 0.61615 6.29251
16998 22017 0.618644 6.30918
16982 22017 0.621139 6.32584
16971 22017 0.623633 6.34251
16954 22017 0.626128 6.35918
16936 22017 0.628622 6.37584
16917 22017 0.631117 6.39251
16901 22017 0.633611 6.40918
16879 22017 0.636106 6.42584
16865 22017 0.6386 6.44251
16847 22017 0.641095 6.45918
16829 22017 0.643589 6.47584
16817 22017 0.646084 6.49251
16798 22017 0.648578 6.50918
16782 22017 0.651073 6.52584
16760 22017 0.653567 6.54251
16746 22017 0.656062 6.55917
16730 22017 0.658556 6.57584
16711 22017 0.661051 6.59251
16694 22017 0.663545 6.60917
16682 22017 0.66604 6.62584
16659 22017 0.668535 6.64251
16646 22017 0.671029 6.65917
16630 22017 0.673524 6.67584
16613 22017 0.676018 6.69251
16593 22017 0.678513 6.70917
16575 22017 0.681007 6.72584
16562 22017 0.683502 6.74251
16540 22017 0.685996 6.75917
16522 22017 0.688491 6.77584
16507 22017 0.690985 6.7925
16491 22017 0.69348 6.80917
16474 22017 0.695974 6.82584
16460 22017 0.698469 6.8425
16436 22017 0.700963 6.85917
16416 22017 0.703458 6.87584
16397 22017 0.705952 6.8925
16385 22017 0.708447 6.90917
16362 22017 0.710941 6.92584
16349 22017 0.713436 6.9425
16331 22017 0.71593 6.95917
16312 22017 0.718425 6.97583
16288 22017 0.720919 6.9925
16273 22017 0.723414 7.00917
16255 22017 0.725908 7.02583
16231 22017 0.728403 7.0425
16218 22017 0.730897 7.05917
16195 22017 0.733392 7.07583
16177 22017 0.735886 7.0925
16161 22017 0.738381 7.10917
16141 22017 0.740875 7.12583
16120 22017 0.74337 7.1425
16100 22017 0.745864 7.15917
16086 22017 0.748359 7.17583
16065 22017 0.750853 7.1925
16043 22017 0.753348 7.20916
16025 22017 0.755843 7.22583
16003 22017 0.758337 7.2425
15988 22017 0.760832 7.25916
15970 22017 0.763326 7.27583
15950 22017 0.765821 7.2925
15932 22017 0.768315 7.30916
15911 22017 0.77081 7.32583
15892 22017 0.773304 7.3425
15872 22017 0.775799 7.35916
15848 22017 0.778293 7.37583
15834 22017 0.780788 7.3925
15809 22017 0.783282 7.40916
15792 22017 0.785777 7.42583
15768 22017 0.788271 7.44249
15755 22017 0.790766 7.45916
15728 22017 0.79326 7.47583
15703 22017 0.795755 7.49249
15686 22017 0.798249 7.50916
15667 22017 0.800744 7.52583
15648 22017 0.803238 7.54249
15622 22017 0.805733 7.55916
15602 22017 0.808227 7.57583
15581 22017 0.810722 7.59249
15563 22017 0.813216 7.60916
15538 22017 0.815711 7.62582
15519 22017 0.818205 7.64249
15493 22017 0.8207 7.65916
15475 22017 0.823194 7.67582
15451 22017 0.825689 7.69249
15436 22017 0.828183 7.70916
15414 22017 0.830678 7.72582
15389 22017 0.833172 7.74249
15364 22017 0.835667 7.75916
15345 22017 0.838161 7.77582
15326 22017 0.840656 7.79249
15301 22017 0.84315 7.80916
15280 22017 0.845645 7.82582
15254 22017 0.84814 7.84249
15233 22017 0.850634 7.85915
15205 22017 0.853129 7.87582
15188 22017 0.855623 7.89249
15167 22017 0.858118 7.90915
15144 22017 0.860612 7.92582
15122 22017 0.863107 7.94249
15102 22017 0.865601 7.95915
15075 22017 0.868096 7.97582
15050 22017 0.87059 7.99249
15034 22017 0.873085 8.00915
15004 22017 0.875579 8.02582
14981 22017 0.878074 8.04249
14956 22017 0.880568 8.05915
14932 22017 0.883063 8.07582
14914 22017 0.885557 8.09248
14886 22017 0.888052 8.10915
14858 22017 0.890546 8.12582
14832 22017 0.893041 8.14248
14815 22017 0.895535 8.15915
14787 22017 0.89803 8.17582
14760 22017 0.900524 8.19248
14740 22017 0.903019 8.20915
14713 22017 0.905513 8.22582
14693 22017 0.908008 8.24248
14665 22017 0.910502 8.25915
14643 22017 0.912997 8.27582
14616 22017 0.915491 8.29248
14587 22017 0.917986 8.30915
14565 22017 0.92048 8.32581
14545 22017 0.922975 8.34248
14512 22017 0.925469 8.35915
14482 22017 0.927964 8.37581
14460 22017 0.930458 8.39248
14431 22017 0.932953 8.40915
14401 22017 0.935448 8.42581
14385 22017 0.937942 8.44248
14357 22017 0.940437 8.45915
14331 22017 0.942931 8.47581
14295 22017 0.945426 8.49248
14272 22017 0.94792 8.50914
14250 22017 0.950415 8.52581
14218 22017 0.952909 8.54248
14196 22017 0.955404 8.55914
14170 22017 0.957898 8.57581
14137 22017 0.960393 8.59248
14112 22017 0.962887 8.60914
14083 22017 0.965382 8.62581
14053 22017 0.967876 8.64248
14031 22017 0.970371 8.65914
14002 22017 0.972865 8.67581
13975 22017 0.97536 8.69248
13953 22017 0.977854 8.70914
13918 22017 0.980349 8.72581
13886 22017 0.982843 8.74247
13861 22017 0.985338 8.75914
13827 22017 0.987832 8.77581
13798 22017 0.990327 8.79247
13773 22017 0.992821 8.80914
13741 22017 0.995316 8.82581
13713 22017 0.99781 8.84247
13686 22017 1.0003 8.85914
13651 22017 1.0028 8.87581
13622 22017 1.00529 8.89247
13583 22017 1.00779 8.90914
13562 22017 1.01028 8.92581
13527 22017 1.01278 8.94247
13494 22017 1.01527 8.95914
13456 22017 1.01777 8.9758
13430 22017 1.02026 8.99247
13402 22017 1.02276 9.00914
13370 22017 1.02525 9.0258
13340 22017 1.02775 9.04247
13306 22017 1.03024 9.05914
13277 22017 1.03273 9.0758
13248 22017 1.03523 9.09247
13218 22017 1.03772 9.10914
13178 22017 1.04022 9.1258
13147 22017 1.04271 9.14247
13115 22017 1.04521 9.15913
13085 22017 1.0477 9.1758
13049 22017 1.0502 9.19247
13022 22017 1.05269 9.20913
12986 22017 1.05519 9.2258
12949 22017 1.05768 9.24247
12910 22017 1.06017 9.25913
12882 22017 1.06267 9.2758
12846 22017 1.06516 9.29247
12814 22017 1.06766 9.30913
12779 22017 1.07015 9.3258
12742 22017 1.07265 9.34247
12709 22017 1.07514 9.35913
12680 22017 1.07764 9.3758
12637 22017 1.08013 9.39246
12603 22017 1.08263 9.40913
12567 22017 1.08512 9.4258
12532 22017 1.08762 9.44246
12493 22017 1.09011 9.45913
12455 22017 1.0926 9.4758
12424 22017 1.0951 9.49246
12383 22017 1.09759 9.50913
12345 22017 1.10009 9.5258
12313 22017 1.10258 9.54246
12272 22017 1.10508 9.55913
12240 22017 1.10757 9.5758
12202 22017 1.11007 9.59246
12165 22017 1.11256 9.60913
12124 22017 1.11506 9.62579
12084 22017 1.11755 9.64246
12054 22017 1.12004 9.65913
12011 22017 1.12254 9.67579
11967 22017 1.12503 9.69246
11929 22017 1.12753 9.70913
11896 22017 1.13002 9.72579
11855 22017 1.13252 9.74246
11814 22017 1.13501 9.75913
11774 22017 1.13751 9.77579
11733 22017 1.14 9.79246
11694 22017 1.1425 9.80912
11649 22017 1.14499 9.82579
11611 22017 1.14748 9.84246
11568 22017 1.14998 9.85912
11529 22017 1.15247 9.87579
11486 22017 1.15497 9.89246
11445 22017 1.15746 9.90912
11410 22017 1.15996 9.92579
11370 22017 1.16245 9.94246
11325 22017 1.16495 9.95912
11280 22017 1.16744 9.97579
11241 22017 1.16994 9.99246
11195 22017 1.17243 10.0091
11156 22017 1.17493 10.0258
11123 22017 1.17742 10.0425
11078 22017 1.17991 10.0591
11034 22017 1.18241 10.0758
10996 22017 1.1849 10.0925
10957 22017 1.1874 10.1091
10908 22017 1.18989 10.1258
10871 22017 1.19239 10.1425
10826 22017 1.19488 10.1591
10782 22017 1.19738 10.1758
10743 22017 1.19987 10.1925
10695 22017 1.20237 10.2091
10648 22017 1.20486 10.2258
10612 22017 1.20735 10.2425
10570 22017 1.20985 10.2591
10524 22017 1.21234 10.2758
10484 22017 1.21484 10.2925
10436 22017 1.21733 10.3091
10404 22017 1.21983 10.3258
10362 22017 1.21983 10.3425
10319 22017 1.21983 10.3591
10280 22017 1.21983 10.3758
10231 22017 1.21983 10.3924
10187 22017 1.21983 10.4091
10148 22017 1.21983 10.4258
10105 22017 1.21983 10.4424
10059 22017 1.21983 10.4591
10008 22017 1.21983 10.4758
9967 22017 1.21983 10.4924
9918 22017 1.21983 10.5091
9877 22017 1.21983 10.5258
9833 22017 1.21983 10.5424
9792 22017 1.21983 10.5591
9750 22017 1.21983 10.5758
9698 22017 1.21983 10.5924
9650 22017 1.21983 10.6091
9608 22017 1.21983 10.6258
9570 22017 1.21983 10.6424
9520 22017 1.21983 10.6591
9480 22017 1.21983 10.6758
9429 22017 1.21983 10.6924
9389 22017 1.21983 10.7091
9338 22017 1.21983 10.7258
9300 22017 1.21983 10.7424
9246 22017 1.21983 10.7591
9207 22017 1.21983 10.7758
9167 22017 1.21983 10.7924
9114 22017 1.21983 10.8091
9072 22017 1.21983 10.8258
9028 22017 1.21983 10.8424
8982 22017 1.21983 10.8591
8942 22017 1.21983 10.8758
8892 22017 1.21983 10.8924
8854 22017 1.21983 10.9091
8806 22017 1.21983 10.9258
8771 22017 1.21983 10.9424
8730 22017 1.21983 10.9591
8680 22017 1.21983 10.9758
8643 22017 1.21983 10.9924
8607 22017 1.21983 11.0091
8570 22017 1.21983 11.0258
8522 22017 1.21983 11.0424
8487 22017 1.21983 11.0591
8445 22017 1.21983 11.0758
8415 22017 1.21983 11.0924
8373 22017 1.21983 11.1091
8345 22017 1.21983 11.1258
8299 22017 1.21983 11.1424
8272 22017 1.21983 11.1591
8233 22017 1.21983 11.1758
8198 22017 1.21983 11.1924
8169 22017 1.21983 11.2091
8135 22017 1.21983 11.2258
8099 22017 1.21983 11.2424
8067 22017 1.21983 11.2591
8037 22017 1.21983 11.2758
8009 22017 1.21983 11.2924
7981 22017 1.21983 11.3091
7952 22017 1.21983 11.3258
7928 22017 1.21983 11.3424
7901 22017 1.21983 11.3591
7875 22017 1.21983 11.3758
7851 22017 1.21983 11.3924
7827 22017 1.21983 11.4091
7802 22017 1.21983 11.4258
7783 22017 1.21983 11.4424
7761 22017 1.21983 11.4591
7741 22017 1.21983 11.4758
7715 22017 1.21983 11.4924
7699 22017 1.21983 11.5091
7670 22017 1.21983 11.5258
7656 22017 1.21983 11.5424
7633 22017 1.21983 11.5591
7613 22017 1.21983 11.5758
7592 22017 1.21983 11.5924
7575 22017 1.21983 11.6091
7558 22017 1.21983 11.6258
7539 22017 1.21983 11.6424
7521 22017 1.21983 11.6591
7504 22017 1.21983 11.6758
7481 22017 1.21983 11.6924
7465 22017 1.21983 11.7091
7446 22017 1.21983 11.7258
7428 22017 1.21983 11.7424
7409 22017 1.21983 11.7591
7393 22017 1.21983 11.7758
7377 22017 1.21983 11.7924
7366 22017 1.21983 11.8091
7349 22017 1.21983 11.8258
7338 22017 1.21983 11.8424
7320 22017 1.21983 11.8591
7308 22017 1.21983 11.8758
7290 22017 1.21983 11.8924
7279 22017 1.21983 11.9091
7265 22017 1.21983 11.9258
7256 22017 1.21983 11.9424
7238 22017 1.21983 11.9591
7229 22017 1.21983 11.9758
7214 22017 1.21983 11.9924
7200 22017 1.21983 12.0091
7192 22017 1.21983 12.0258
7178 22017 1.21983 12.0424
7164 22017 1.21983 12.0591
7153 22017 1.21983 12.0758
7137 22017 1.21983 12.0924
7128 22017 1.21983 12.1091
7114 22017 1.21983 12.1258
7109 22017 1.21983 12.1424
7095 22017 1.21983 12.1591
7084 22017 1.21983 12.1758
7070 22017 1.21983 12.1924
7059 22017 1.21983 12.2091
7056 22017 1.21983 12.2258
7045 22017 1.21983 12.2424
7031 22017 1.21983 12.2591
7024 22017 1.21983 12.2758
7011 22017 1.21983 12.2924
6999 22017 1.21983 12.3091
6994 22017 1.21983 12.3258
6985 22017 1.21983 12.3424
6970 22017 1.21983 12.3591
6960 22017 1.21983 12.3758
6952 22017 1.21983 12.3924
6944 22017 1.21983 12.4091
6934 22017 1.21983 12.4258
6927 22017 1.21983 12.4424
6915 22017 1.21983 12.4591
6907 22017 1.21983 12.4758
6898 22017 1.21983 12.4924
6888 22017 1.21983 12.5091
6882 22017 1.21983 12.5258
6871 22017 1.21983 12.5424
6862 22017 1.21983 12.5591
6858 22017 1.21983 12.5757
6849 22017 1.21983 12.5924
6841 22017 1.21983 12.6091
6832 22017 1.21983 12.6257
6825 22017 1.21983 12.6424
6814 22017 1.21983 12.6591
6807 22017 1.21983 12.6757
6799 22017 1.21983 12.6924
6791 22017 1.21983 12.7091
6784 22017 1.21983 12.7257
6776 22017 1.21983 12.7424
6771 22017 1.21983 12.7591
6762 22017 1.21983 12.7757
6753 22017 1.21983 12.7924
6749 22017 1.21983 12.8091
6740 22017 1.21983 12.8257
6732 22017 1.21983 12.8424
6726 22017 1.21983 12.8591
6721 22017 1.21983 12.8757
6715 22017 1.21983 12.8924
6705 22017 1.21983 12.9091
6699 22017 1.21983 12.9257
6693 22017 1.21983 12.9424
6686 22017 1.21983 12.9591
6679 22017 1.21983 12.9757
6673 22017 1.21983 12.9924
6666 22017 1.21983 13.0091
6658 22017 1.21983 13.0257
6651 22017 1.21983 13.0424
6650 22017 1.21983 13.0591
6645 22017 1.21983 13.0757
6638 22017 1.21983 13.0924
6632 22017 1.21983 13.1091
6625 22017 1.21983 13.1257
6617 22017 1.21983 13.1424
6615 22017 1.21983 13.1591
6608 22017 1.21983 13.1757
6604 22017 1.21983 13.1924
6596 22017 1.21983 13.2091
6589 22017 1.21983 13.2257
6585 22017 1.21983 13.2424
6581 22017 1.21983 13.2591
6577 22017 1.21983 13.2757
6570 22017 1.21983 13.2924
6566 22017 1.21983 13.3091
6559 22017 1.21983 13.3257
6553 22017 1.21983 13.3424
6548 22017 1.21983 13.3591
6544 22017 1.21983 13.3757
6540 22017 1.21983 13.3924
6533 22017 1.21983 13.4091
6529 22017 1.21983 13.4257
6526 22017 1.21983 13.4424
6518 22017 1.21983 13.4591
6513 22017 1.21983 13.4757
6511 22017 1.21983 13.4924
6502 22017 1.21983 13.5091
6498 22017 1.21983 13.5257
6496 22017 1.21983 13.5424
6489 22017 1.21983 13.5591
6486 22017 1.21983 13.5757
6481 22017 1.21983 13.5924
6476 22017 1.21983 13.6091
6472 22017 1.21983 13.6257
6469 22017 1.21983 13.6424
6463 22017 1.21983 13.6591
6459 22017 1.21983 13.6757
6454 22017 1.21983 13.6924
6449 22017 1.21983 13.7091
6447 22017 1.21983 13.7257
6444 22017 1.21983 13.7424
6436 22017 1.21983 13.7591
6434 22017 1.21983 13.7757
6428 22017 1.21983 13.7924
6426 22017 1.21983 13.8091
6423 22017 1.21983 13.8257
6420 22017 1.21983 13.8424
6412 22017 1.21983 13.8591
6410 22017 1.21983 13.8757
6405 22017 1.21983 13.8924
6401 22017 1.21983 13.9091
6397 22017 1.21983 13.9257
6393 22017 1.21983 13.9424
6390 22017 1.21983 13.9591
6386 22017 1.21983 13.9757
6383 22017 1.21983 13.9924
6379 22017 1.21983 14.0091
6377 22017 1.21983 14.0257
6373 22017 1.21983 14.0424
6370 22017 1.21983 14.0591
6369 22017 1.21983 14.0757
6362 22017 1.21983 14.0924
6362 22017 1.21983 14.1091
6355 22017 1.21983 14.1257
6353 22017 1.21983 14.1424
6349 22017 1.21983 14.1591
6347 22017 1.21983 14.1757
6343 22017 1.21983 14.1924
6340 22017 1.21983 14.2091
6337 22017 1.21983 14.2257
6333 22017 1.21983 14.2424
6332 22017 1.21983 14.2591
6328 22017 1.21983 14.2757
6326 22017 1.21983 14.2924
6322 22017 1.21983 14.3091
6319 22017 1.21983 14.3257
6315 22017 1.21983 14.3424
6311 22017 1.21983 14.3591
6309 22017 1.21983 14.3757
6306 22017 1.21983 14.3924
6303 22017 1.21983 14.4091
6299 22017 1.21983 14.4257
6298 22017 1.21983 14.4424
6294 22017 1.21983 14.4591
6291 22017 1.21983 14.4757
6289 22017 1.21983 14.4924
6284 22017 1.21983 14.5091
6283 22017 1.21983 14.5257
6280 22017 1.21983 14.5424
6277 22017 1.21983 14.5591
6276 22017 1.21983 14.5757
6272 22017 1.21983 14.5924
6270 22017 1.21983 14.6091
6265 22017 1.21983 14.6257
6263 22017 1.21983 14.6424
6259 22017 1.21983 14.6591
6258 22017 1.21983 14.6757
6257 22017 1.21983 14.6924
6254 22017 1.21983 14.7091
6250 22017 1.21983 14.7257
6249 22017 1.21983 14.7424
6249 22017 1.21983 14.759
6245 22017 1.21983 14.7757
6242 22017 1.21983 14.7924
6241 22017 1.21983 14.809
6238 22017 1.21983 14.8257
6234 22017 1.21983 14.8424
6232 22017 1.21983 14.859
6232 22017 1.21983 14.8757
6226 22017 1.21983 14.8924
6223 22017 1.21983 14.909
6221 22017 1.21983 14.9257
6221 22017 1.21983 14.9424
6218 22017 1.21983 14.959
6215 22017 1.21983 14.9757
6215 22017 1.21983 14.9924
6214 22017 1.21983 15.009
6210 22017 1.21983 15.0257
6207 22017 1.21983 15.0424
6206 22017 1.21983 15.059
6205 22017 1.21983 15.0757
6202 22017 1.21983 15.0924
6201 22017 1.21983 15.109
6199 22017 1.21983 15.1257
6196 22017 1.21983 15.1424
6193 22017 1.21983 15.159
6192 22017 1.21983 15.1757
6189 22017 1.21983 15.1924
6185 22017 1.21983 15.209
6185 22017 1.21983 15.2257
6183 22017 1.21983 15.2424
6182 22017 1.21983 15.259
6179 22017 1.21983 15.2757
6178 22017 1.21983 15.2924
6174 22017 1.21983 15.309
6173 22017 1.21983 15.3257
6173 22017 1.21983 15.3424
6172 22017 1.21983 15.359
6169 22017 1.21983 15.3757
6166 22017 1.21983 15.3924
6165 22017 1.21983 15.409
6164 22017 1.21983 15.4257
6162 22017 1.21983 15.4424
6161 22017 1.21983 15.459
6160 22017 1.21983 15.4757
6158 22017 1.21983 15.4924
6156 22017 1.21983 15.509
6155 22017 1.21983 15.5257
6153 22017 1.21983 15.5424
6152 22017 1.21983 15.559
6152 22017 1.21983 15.5757
6149 22017 1.21983 15.5924
6147 22017 1.21983 15.609
6147 22017 1.21983 15.6257
6145 22017 1.21983 15.6424
6143 22017 1.21983 15.659
6142 22017 1.21983 15.6757
6141 22017 1.21983 15.6924
6138 22017 1.21983 15.709
6137 22017 1.21983 15.7257
6136 22017 1.21983 15.7424
6133 22017 1.21983 15.759
6131 22017 1.21983 15.7757
6130 22017 1.21983 15.7924
6130 22017 1.21983 15.809
6127 22017 1.21983 15.8257
6126 22017 1.21983 15.8424
6124 22017 1.21983 15.859
6124 22017 1.21983 15.8757
6122 22017 1.21983 15.8924
6119 22017 1.21983 15.909
6118 22017 1.21983 15.9257
6116 22017 1.21983 15.9424
6115 22017 1.21983 15.959
6114 22017 1.21983 15.9757
6112 22017 1.21983 15.9924
6112 22017 1.21983 16.009
6108 22017 1.21983 16.0257
6108 22017 1.21983 16.0424
6106 22017 1.21983 16.059
6105 22017 1.21983 16.0757
6103 22017 1.21983 16.0924
6103 22017 1.21983 16.109
6101 22017 1.21983 16.1257
6100 22017 1.21983 16.1424
6098 22017 1.21983 16.159
6095 22017 1.21983 16.1757
6095 22017 1.21983 16.1924
6094 22017 1.21983 16.209
6092 22017 1.21983 16.2257
6092 22017 1.21983 16.2424
6091 22017 1.21983 16.259
6090 22017 1.21983 16.2757
6088 22017 1.21983 16.2924
6088 22017 1.21983 16.309
6086 22017 1.21983 16.3257
6085 22017 1.21983 16.3424
6083 22017 1.21983 16.359
6080 22017 1.21983 16.3757
6079 22017 1.21983 16.3924
6079 22017 1.21983 16.409
6077 22017 1.21983 16.4257
6076 22017 1.21983 16.4424
6075 22017 1.21983 16.459
6075 22017 1.21983 16.4757
6073 22017 1.21983 16.4924
6070 22017 1.21983 16.509
6070 22017 1.21983 16.5257
6069 22017 1.21983 16.5424
6066 22017 1.21983 16.559
6066 22017 1.21983 16.5757
6065 22017 1.21983 16.5924
6063 22017 1.21983 16.609
6062 22017 1.21983 16.6257
6062 22017 1.21983 16.6424
6060 22017 1.21983 16.659
6059 22017 1.21983 16.6757
6058 22017 1.21983 16.6924
6057 22017 1.21983 16.709
6055 22017 1.21983 16.7257
6054 22017 1.21983 16.7424
6054 22017 1.21983 16.759
6053 22017 1.21983 16.7757
6051 22017 1.21983 16.7924
6050 22017 1.21983 16.809
6048 22017 1.21983 16.8257
6047 22017 1.21983 16.8424
6046 22017 1.21983 16.859
6045 22017 1.21983 16.8757
6044 22017 1.21983 16.8923
6042 22017 1.21983 16.909
6042 22017 1.21983 16.9257
6041 22017 1.21983 16.9423
6040 22017 1.21983 16.959
6037 22017 1.21983 16.9757
6036 22017 1.21983 16.9923
6034 22017 1.21983 17.009
6034 22017 1.21983 17.0257
6032 22017 1.21983 17.0423
6032 22017 1.21983 17.059
6029 22017 1.21983 17.0757
6028 22017 1.21983 17.0923
6027 22017 1.21983 17.109
6026 22017 1.21983 17.1257
6023 22017 1.21983 17.1423
6022 22017 1.21983 17.159
6022 22017 1.21983 17.1757
6021 22017 1.21983 17.1923
6020 22017 1.21983 17.209
6018 22017 1.21983 17.2257
6018 22017 1.21983 17.2423
6018 22017 1.21983 17.259
6015 22017 1.21983 17.2757
6015 22017 1.21983 17.2923
6012 22017 1.21983 17.309
6012 22017 1.21983 17.3257
6011 22017 1.21983 17.3423
6011 22017 1.21983 17.359
6008 22017 1.21983 17.3757
6008 22017 1.21983 17.3923
6008 22017 1.21983 17.409
6007 22017 1.21983 17.4257
6006 22017 1.21983 17.4423
6005 22017 1.21983 17.459
6005 22017 1.21983 17.4757
6003 22017 1.21983 17.4923
6003 22017 1.21983 17.509
6002 22017 1.21983 17.5257
6002 22017 1.21983 17.5423
6000 22017 1.21983 17.559
5998 22017 1.21983 17.5757
5998 22017 1.21983 17.5923
5998 22017 1.21983 17.609
5997 22017 1.21983 17.6257
5997 22017 1.21983 17.6423
5996 22017 1.21983 17.659
5995 22017 1.21983 17.6757
5993 22017 1.21983 17.6923
5993 22017 1.21983 17.709
5993 22017 1.21983 17.7257
5991 22017 1.21983 17.7423
5990 22017 1.21983 17.759
5990 22017 1.21983 17.7757
5990 22017 1.21983 17.7923
5990 22017 1.21983 17.809
5988 22017 1.21983 17.8257
5988 22017 1.21983 17.8423
5986 22017 1.21983 17.859
5986 22017 1.21983 17.8757
5985 22017 1.21983 17.8923
5985 22017 1.21983 17.909
5984 22017 1.21983 17.9257
5984 22017 1.21983 17.9423
5983 22017 1.21983 17.959
5981 22017 1.21983 17.9757
5981 22017 1.21983 17.9923
5981 22017 1.21983 18.009
5980 22017 1.21983 18.0257
5979 22017 1.21983 18.0423
5979 22017 1.21983 18.059
5979 22017 1.21983 18.0757
5979 22017 1.21983 18.0923
5977 22017 1.21983 18.109
5977 22017 1.21983 18.1257
5976 22017 1.21983 18.1423
5975 22017 1.21983 18.159
5975 22017 1.21983 18.1757
5975 22017 1.21983 18.1923
5974 22017 1.21983 18.209
5973 22017 1.21983 18.2257
5973 22017 1.21983 18.2423
5972 22017 1.21983 18.259
5970 22017 1.21983 18.2757
5970 22017 1.21983 18.2923
5970 22017 1.21983 18.309
5968 22017 1.21983 18.3257
5968 22017 1.21983 18.3423
5968 22017 1.21983 18.359
5966 22017 1.21983 18.3757
5966 22017 1.21983 18.3923
5965 22017 1.21983 18.409
5964 22017 1.21983 18.4257
5963 22017 1.21983 18.4423
5962 22017 1.21983 18.459
5962 22017 1.21983 18.4757
5961 22017 1.21983 18.4923
5960 22017 1.21983 18.509
5959 22017 1.21983 18.5257
5959 22017 1.21983 18.5423
5958 22017 1.21983 18.559
5958 22017 1.21983 18.5757
5958 22017 1.21983 18.5923
5957 22017 1.21983 18.609
5956 22017 1.21983 18.6257
5956 22017 1.21983 18.6423
5955 22017 1.21983 18.659
5955 22017 1.21983 18.6757
5955 22017 1.21983 18.6923
5955 22017 1.21983 18.709
5953 22017 1.21983 18.7257
5953 22017 1.21983 18.7423
5953 22017 1.21983 18.759
5951 22017 1.21983 18.7757
5950 22017 1.21983 18.7923
5950 22017 1.21983 18.809
5949 22017 1.21983 18.8257
5949 22017 1.21983 18.8423
5949 22017 1.21983 18.859
5949 22017 1.21983 18.8757
5946 22017 1.21983 18.8923
5945 22017 1.21983 18.909
5945 22017 1.21983 18.9257
5945 22017 1.21983 18.9423
5945 22017 1.21983 18.959
5944 22017 1.21983 18.9757
5943 22017 1.21983 18.9923
5943 22017 1.21983 19.009
5942 22017 1.21983 19.0257
5942 22017 1.21983 19.0423
5941 22017 1.21983 19.059
5941 22017 1.21983 19.0756
5940 22017 1.21983 19.0923
5939 22017 1.21983 19.109
5938 22017 1.21983 19.1256
5937 22017 1.21983 19.1423
5937 22017 1.21983 19.159
5937 22017 1.21983 19.1756
5937 22017 1.21983 19.1923
5936 22017 1.21983 19.209
5935 22017 1.21983 19.2256
5935 22017 1.21983 19.2423
5935 22017 1.21983 19.259
5933 22017 1.21983 19.2756
5933 22017 1.21983 19.2923
5933 22017 1.21983 19.309
5933 22017 1.21983 19.3256
5931 22017 1.21983 19.3423
5930 22017 1.21983 19.359
5930 22017 1.21983 19.3756
5930 22017 1.21983 19.3923
5929 22017 1.21983 19.409
5929 22017 1.21983 19.4256
5929 22017 1.21983 19.4423
5929 22017 1.21983 19.459
5929 22017 1.21983 19.4756
5928 22017 1.21983 19.4923
5928 22017 1.21983 19.509
5925 22017 1.21983 19.5256
5925 22017 1.21983 19.5423
5925 22017 1.21983 19.559
5925 22017 1.21983 19.5756
5924 22017 1.21983 19.5923
5923 22017 1.21983 19.609
5923 22017 1.21983 19.6256
5922 22017 1.21983 19.6423
5922 22017 1.21983 19.659
5922 22017 1.21983 19.6756
5920 22017 1.21983 19.6923
5920 22017 1.21983 19.709
5918 22017 1.21983 19.7256
5918 22017 1.21983 19.7423
5917 22017 1.21983 19.759
5917 22017 1.21983 19.7756
5917 22017 1.21983 19.7923
5916 22017 1.21983 19.809
5916 22017 1.21983 19.8256
5914 22017 1.21983 19.8423
5914 22017 1.21983 19.859
5914 22017 1.21983 19.8756
5914 22017 1.21983 19.8923
5913 22017 1.21983 19.909
5913 22017 1.21983 19.9256
5912 22017 1.21983 19.9423
5912 22017 1.21983 19.959
5912 22017 1.21983 19.9756
5912 22017 1.21983 19.9923
5911 22017 1.21983 20.009
5911 22017 1.21983 20.0256
5910 22017 1.21983 20.0423
5910 22017 1.21983 20.059
5910 22017 1.21983 20.0756
5910 22017 1.21983 20.0923
5909 22017 1.21983 20.109
5908 22017 1.21983 20.1256
5907 22017 1.21983 20.1423
5907 22017 1.21983 20.159
5905 22017 1.21983 20.1756
5905 22017 1.21983 20.1923
5905 22017 1.21983 20.209
5904 22017 1.21983 20.2256
5904 22017 1.21983 20.2423
5903 22017 1.21983 20.259
5903 22017 1.21983 20.2756
5903 22017 1.21983 20.2923
5902 22017 1.21983 20.309
5902 22017 1.21983 20.3256
5902 22017 1.21983 20.3423
5901 22017 1.21983 20.359
5900 22017 1.21983 20.3756
5898 22017 1.21983 20.3923
5898 22017 1.21983 20.409
5898 22017 1.21983 20.4256
5898 22017 1.21983 20.4423
5897 22017 1.21983 20.459
5897 22017 1.21983 20.4756
5897 22017 1.21983 20.4923
5897 22017 1.21983 20.509
5895 22017 1.21983 20.5256
5895 22017 1.21983 20.5423
5895 22017 1.21983 20.559
5895 22017 1.21983 20.5756
5895 22017 1.21983 20.5923
5895 22017 1.21983 20.609
5892 22017 1.21983 20.6256
5892 22017 1.21983 20.6423
5892 22017 1.21983 20.659
5891 22017 1.21983 20.6756
5891 22017 1.21983 20.6923
5891 22017 1.21983 20.709
5890 22017 1.21983 20.7256
5890 22017 1.21983 20.7423
5890 22017 1.21983 20.759
5890 22017 1.21983 20.7756
5890 22017 1.21983 20.7923
5889 22017 1.21983 20.809
5888 22017 1.21983 20.8256
5887 22017 1.21983 20.8423
5887 22017 1.21983 20.859
5887 22017 1.21983 20.8756
5886 22017 1.21983 20.8923
5885 22017 1.21983 20.909
5884 22017 1.21983 20.9256
5884 22017 1.21983 20.9423
5884 22017 1.21983 20.959
5884 22017 1.21983 20.9756
5884 22017 1.21983 20.9923
5883 22017 1.21983 21.009
5883 22017 1.21983 21.0256
5883 22017 1.21983 21.0423
5883 22017 1.21983 21.059
5883 22017 1.21983 21.0756
5882 22017 1.21983 21.0923
5882 22017 1.21983 21.109
5881 22017 1.21983 21.1256
5881 22017 1.21983 21.1423
5881 22017 1.21983 21.159
5881 22017 1.21983 21.1756
5881 22017 1.21983 21.1923
5879 22017 1.21983 21.209
5879 22017 1.21983 21.2256
5879 22017 1.21983 21.2423
5879 22017 1.21983 21.2589
5879 22017 1.21983 21.2756
5879 22017 1.21983 21.2923
5879 22017 1.21983 21.3089
5878 22017 1.21983 21.3256
5878 22017 1.21983 21.3423
5878 22017 1.21983 21.3589
5878 22017 1.21983 21.3756
5876 22017 1.21983 21.3923
5876 22017 1.21983 21.4089
5876 22017 1.21983 21.4256
5876 22017 1.21983 21.4423
5875 22017 1.21983 21.4589
5875 22017 1.21983 21.4756
5874 22017 1.21983 21.4923
5874 22017 1.21983 21.5089
5874 22017 1.21983 21.5256
5874 22017 1.21983 21.5423
5874 22017 1.21983 21.5589
5873 22017 1.21983 21.5756
5872 22017 1.21983 21.5923
5872 22017 1.21983 21.6089
5871 22017 1.21983 21.6256
5871 22017 1.21983 21.6423
5871 22017 1.21983 21.6589
5871 22017 1.21983 21.6756
5871 22017 1.21983 21.6923
5871 22017 1.21983 21.7089
5871 22017 1.21983 21.7256
5871 22017 1.21983 21.7423
5870 22017 1.21983 21.7589
5868 22017 1.21983 21.7756
5868 22017 1.21983 21.7923
5868 22017 1.21983 21.8089
5868 22017 1.21983 21.8256
5868 22017 1.21983 21.8423
5867 22017 1.21983 21.8589
5867 22017 1.21983 21.8756
5866 22017 1.21983 21.8923
5865 22017 1.21983 21.9089
5865 22017 1.21983 21.9256
5865 22017 1.21983 21.9423
5863 22017 1.21983 21.9589
5863 22017 1.21983 21.9756
5863 22017 1.21983 21.9923
5863 22017 1.21983 22.0089
5863 22017 1.21983 22.0256
5863 22017 1.21983 22.0423
5863 22017 1.21983 22.0589
5863 22017 1.21983 22.0756
5861 22017 1.21983 22.0923
5861 22017 1.21983 22.1089
5860 22017 1.21983 22.1256
5860 22017 1.21983 22.1423
5860 22017 1.21983 22.1589
5859 22017 1.21983 22.1756
5859 22017 1.21983 22.1923
5859 22017 1.21983 22.2089
5858 22017 1.21983 22.2256
5858 22017 1.21983 22.2423
5857 22017 1.21983 22.2589
5857 22017 1.21983 22.2756
5856 22017 1.21983 22.2923
5856 22017 1.21983 22.3089
5856 22017 1.21983 22.3256
5856 22017 1.21983 22.3423
5856 22017 1.21983 22.3589
5856 22017 1.21983 22.3756
5856 22017 1.21983 22.3923
5856 22017 1.21983 22.4089
5854 22017 1.21983 22.4256
5854 22017 1.21983 22.4423
5853 22017 1.21983 22.4589
5853 22017 1.21983 22.4756
5853 22017 1.21983 22.4923
5853 22017 1.21983 22.5089
5853 22017 1.21983 22.5256
5853 22017 1.21983 22.5423
5853 22017 1.21983 22.5589
5852 22017 1.21983 22.5756
5851 22017 1.21983 22.5923
5850 22017 1.21983 22.6089
5850 22017 1.21983 22.6256
5850 22017 1.21983 22.6423
5848 22017 1.21983 22.6589
5847 22017 1.21983 22.6756
5847 22017 1.21983 22.6923
5847 22017 1.21983 22.7089
5846 22017 1.21983 22.7256
5846 22017 1.21983 22.7423
5846 22017 1.21983 22.7589
5846 22017 1.21983 22.7756
5846 22017 1.21983 22.7923
5846 22017 1.21983 22.8089
5846 22017 1.21983 22.8256
5845 22017 1.21983 22.8423
5845 22017 1.21983 22.8589
5845 22017 1.21983 22.8756
5845 22017 1.21983 22.8923
5845 22017 1.21983 22.9089
5844 22017 1.21983 22.9256
5843 22017 1.21983 22.9423
5843 22017 1.21983 22.9589
5842 22017 1.21983 22.9756
5842 22017 1.21983 22.9923
5842 22017 1.21983 23.0089
5842 22017 1.21983 23.0256
5842 22017 1.21983 23.0423
5842 22017 1.21983 23.0589
5842 22017 1.21983 23.0756
5842 22017 1.21983 23.0923
5842 22017 1.21983 23.1089
5842 22017 1.21983 23.1256
5842 22017 1.21983 23.1423
5841 22017 1.21983 23.1589
5841 22017 1.21983 23.1756
5840 22017 1.21983 23.1923
5840 22017 1.21983 23.2089
5840 22017 1.21983 23.2256
5840 22017 1.21983 23.2423
5840 22017 1.21983 23.2589
5839 22017 1.21983 23.2756
5839 22017 1.21983 23.2923
5839 22017 1.21983 23.3089
5839 22017 1.21983 23.3256
5839 22017 1.21983 23.3423
5839 22017 1.21983 23.3589
5838 22017 1.21983 23.3756
5838 22017 1.21983 23.3923
5838 22017 1.21983 23.4089
5838 22017 1.21983 23.4256
5838 22017 1.21983 23.4422
5837 22017 1.21983 23.4589
5837 22017 1.21983 23.4756
5836 22017 1.21983 23.4922
5835 22017 1.21983 23.5089
5835 22017 1.21983 23.5256
5835 22017 1.21983 23.5422
5834 22017 1.21983 23.5589
5834 22017 1.21983 23.5756
5834 22017 1.21983 23.5922
5834 22017 1.21983 23.6089
5834 22017 1.21983 23.6256
5834 22017 1.21983 23.6422
5833 22017 1.21983 23.6589
5833 22017 1.21983 23.6756
5833 22017 1.21983 23.6922
5833 22017 1.21983 23.7089
5833 22017 1.21983 23.7256
5833 22017 1.21983 23.7422
5832 22017 1.21983 23.7589
5831 22017 1.21983 23.7756
5831 22017 1.21983 23.7922
5831 22017 1.21983 23.8089
5831 22017 1.21983 23.8256
5831 22017 1.21983 23.8422
5831 22017 1.21983 23.8589
5830 22017 1.21983 23.8756
5830 22017 1.21983 23.8922
5830 22017 1.21983 23.9089
5830 22017 1.21983 23.9256
5829 22017 1.21983 23.9422
5829 22017 1.21983 23.9589
5829 22017 1.21983 23.9756
5829 22017 1.21983 23.9922
5829 22017 1.21983 24.0089
5828 22017 1.21983 24.0256
5828 22017 1.21983 24.0422
5828 22017 1.21983 24.0589
5828 22017 1.21983 24.0756
5828 22017 1.21983 24.0922
5828 22017 1.21983 24.1089
5828 22017 1.21983 24.1256
5828 22017 1.21983 24.1422
5827 22017 1.21983 24.1589
5827 22017 1.21983 24.1756
5826 22017 1.21983 24.1922
5826 22017 1.21983 24.2089
5826 22017 1.21983 24.2256
5825 22017 1.21983 24.2422
5824 22017 1.21983 24.2589
5824 22017 1.21983 24.2756
5823 22017 1.21983 24.2922
5823 22017 1.21983 24.3089
5823 22017 1.21983 24.3256
5823 22017 1.21983 24.3422
5823 22017 1.21983 24.3589
5823 22017 1.21983 24.3756
5823 22017 1.21983 24.3922
5823 22017 1.21983 24.4089
5823 22017 1.21983 24.4256
5823 22017 1.21983 24.4422
5823 22017 1.21983 24.4589
5823 22017 1.21983 24.4756
5822 22017 1.21983 24.4922
5822 22017 1.21983 24.5089
5821 22017 1.21983 24.5256
5821 22017 1.21983 24.5422
5821 22017 1.21983 24.5589
5820 22017 1.21983 24.5756
5820 22017 1.21983 24.5922
5820 22017 1.21983 24.6089
5820 22017 1.21983 24.6256
5820 22017 1.21983 24.6422
5818 22017 1.21983 24.6589
5818 22017 1.21983 24.6756
5818 22017 1.21983 24.6922
5818 22017 1.21983 24.7089
5818 22017 1.21983 24.7256
5818 22017 1.21983 24.7422
5818 22017 1.21983 24.7589
5818 22017 1.21983 24.7756
5818 22017 1.21983 24.7922
5818 22017 1.21983 24.8089
5818 22017 1.21983 24.8256
5817 22017 1.21983 24.8422
5817 22017 1.21983 24.8589
5817 22017 1.21983 24.8756
5816 22017 1.21983 24.8922
5816 22017 1.21983 24.9089
5816 22017 1.21983 24.9256
5816 22017 1.21983 24.9422
5816 22017 1.21983 24.9589
5815 22017 1.21983 24.9756
5815 22017 1.21983 24.9922
5815 22017 1.21983 25.0089
5815 22017 1.21983 25.0256
5814 22017 1.21983 25.0422
5814 22017 1.21983 25.0589
5814 22017 1.21983 25.0756
5814 22017 1.21983 25.0922
5814 22017 1.21983 25.1089
5814 22017 1.21983 25.1256
5814 22017 1.21983 25.1422
5814 22017 1.21983 25.1589
5814 22017 1.21983 25.1756
5814 22017 1.21983 25.1922
5813 22017 1.21983 25.2089
5813 22017 1.21983 25.2256
5813 22017 1.21983 25.2422
5813 22017 1.21983 25.2589
5812 22017 1.21983 25.2756
5812 22017 1.21983 25.2922
5811 22017 1.21983 25.3089
5809 22017 1.21983 25.3256
5809 22017 1.21983 25.3422
5809 22017 1.21983 25.3589
5809 22017 1.21983 25.3756
5809 22017 1.21983 25.3922
5809 22017 1.21983 25.4089
5808 22017 1.21983 25.4256
5808 22017 1.21983 25.4422
5808 22017 1.21983 25.4589
5808 22017 1.21983 25.4756
5808 22017 1.21983 25.4922
5808 22017 1.21983 25.5089
5808 22017 1.21983 25.5256
5807 22017 1.21983 25.5422
5807 22017 1.21983 25.5589
5807 22017 1.21983 25.5756
5807 22017 1.21983 25.5922
5807 22017 1.21983 25.6089
5806 22017 1.21983 25.6255
5806 22017 1.21983 25.6422
5806 22017 1.21983 25.6589
5806 22017 1.21983 25.6755
5806 22017 1.21983 25.6922
5806 22017 1.21983 25.7089
5806 22017 1.21983 25.7255
5806 22017 1.21983 25.7422
5806 22017 1.21983 25.7589
5806 22017 1.21983 25.7755
5806 22017 1.21983 25.7922
5806 22017 1.21983 25.8089
5806 22017 1.21983 25.8255
5806 22017 1.21983 25.8422
5806 22017 1.21983 25.8589
5806 22017 1.21983 25.8755
5806 22017 1.21983 25.8922
5806 22017 1.21983 25.9089
5805 22017 1.21983 25.9255
5805 22017 1.21983 25.9422
5805 22017 1.21983 25.9589
5804 22017 1.21983 25.9755
5804 22017 1.21983 25.9922
5804 22017 1.21983 26.0089
5804 22017 1.21983 26.0255
5803 22017 1.21983 26.0422
5803 22017 1.21983 26.0589
5803 22017 1.21983 26.0755
5802 22017 1.21983 26.0922
5801 22017 1.21983 26.1089
5801 22017 1.21983 26.1255
5801 22017 1.21983 26.1422
5801 22017 1.21983 26.1589
5801 22017 1.21983 26.1755
5800 22017 1.21983 26.1922
5800 22017 1.21983 26.2089
5799 22017 1.21983 26.2255
5799 22017 1.21983 26.2422
5799 22017 1.21983 26.2589
5798 22017 1.21983 26.2755
5798 22017 1.21983 26.2922
5798 22017 1.21983 26.3089
5798 22017 1.21983 26.3255
5797 22017 1.21983 26.3422
5797 22017 1.21983 26.3589
5797 22017 1.21983 26.3755
5796 22017 1.21983 26.3922
5796 22017 1.21983 26.4089
5796 22017 1.21983 26.4255
5796 22017 1.21983 26.4422
5795 22017 1.21983 26.4589
5795 22017 1.21983 26.4755
5795 22017 1.21983 26.4922
5795 22017 1.21983 26.5089
5795 22017 1.21983 26.5255
5795 22017 1.21983 26.5422
5795 22017 1.21983 26.5589
5795 22017 1.21983 26.5755
5795 22017 1.21983 26.5922
5795 22017 1.21983 26.6089
5795 22017 1.21983 26.6255
5795 22017 1.21983 26.6422
5795 22017 1.21983 26.6589
5795 22017 1.21983 26.6755
5795 22017 1.21983 26.6922
5795 22017 1.21983 26.7089
5795 22017 1.21983 26.7255
5795 22017 1.21983 26.7422
5794 22017 1.21983 26.7589
5794 22017 1.21983 26.7755
5794 22017 1.21983 26.7922
5794 22017 1.21983 26.8089
5794 22017 1.21983 26.8255
5794 22017 1.21983 26.8422
5792 22017 1.21983 26.8589
5792 22017 1.21983 26.8755
5791 22017 1.21983 26.8922
5791 22017 1.21983 26.9089
5790 22017 1.21983 26.9255
5790 22017 1.21983 26.9422
5790 22017 1.21983 26.9589
5790 22017 1.21983 26.9755
5790 22017 1.21983 26.9922
5790 22017 1.21983 27.0089
5789 22017 1.21983 27.0255
5789 22017 1.21983 27.0422
5789 22017 1.21983 27.0589
5789 22017 1.21983 27.0755
5789 22017 1.21983 27.0922
5789 22017 1.21983 27.1089
5789 22017 1.21983 27.1255
5789 22017 1.21983 27.1422
5789 22017 1.21983 27.1589
5788 22017 1.21983 27.1755
5788 22017 1.21983 27.1922
5787 22017 1.21983 27.2089
5787 22017 1.21983 27.2255
5787 22017 1.21983 27.2422
5787 22017 1.21983 27.2589
5787 22017 1.21983 27.2755
5787 22017 1.21983 27.2922
5787 22017 1.21983 27.3089
5786 22017 1.21983 27.3255
5786 22017 1.21983 27.3422
5786 22017 1.21983 27.3589
5786 22017 1.21983 27.3755
5786 22017 1.21983 27.3922
5786 22017 1.21983 27.4089
5786 22017 1.21983 27.4255
5786 22017 1.21983 27.4422
5785 22017 1.21983 27.4589
5785 22017 1.21983 27.4755
5785 22017 1.21983 27.4922
5784 22017 1.21983 27.5089
5784 22017 1.21983 27.5255
5783 22017 1.21983 27.5422
5783 22017 1.21983 27.5589
5783 22017 1.21983 27.5755
5783 22017 1.21983 27.5922
5783 22017 1.21983 27.6089
5783 22017 1.21983 27.6255
5783 22017 1.21983 27.6422
5783 22017 1.21983 27.6589
5782 22017 1.21983 27.6755
5782 22017 1.21983 27.6922
5782 22017 1.21983 27.7089
5782 22017 1.21983 27.7255
5782 22017 1.21983 27.7422
5782 22017 1.21983 27.7589
5782 22017 1.21983 27.7755
5782 22017 1.21983 27.7922
5782 22017 1.21983 27.8088
5782 22017 1.21983 27.8255
5782 22017 1.21983 27.8422
5781 22017 1.21983 27.8588
5781 22017 1.21983 27.8755
5781 22017 1.21983 27.8922
5781 22017 1.21983 27.9088
5781 22017 1.21983 27.9255
5780 22017 1.21983 27.9422
5779 22017 1.21983 27.9588
5779 22017 1.21983 27.9755
5779 22017 1.21983 27.9922
5779 22017 1.21983 28.0088
5779 22017 1.21983 28.0255
5778 22017 1.21983 28.0422
5778 22017 1.21983 28.0588
5777 22017 1.21983 28.0755
5777 22017 1.21983 28.0922
5777 22017 1.21983 28.1088
5777 22017 1.21983 28.1255
5777 22017 1.21983 28.1422
5777 22017 1.21983 28.1588
5777 22017 1.21983 28.1755
5777 22017 1.21983 28.1922
5776 22017 1.21983 28.2088
5776 22017 1.21983 28.2255
5776 22017 1.21983 28.2422
5776 22017 1.21983 28.2588
5776 22017 1.21983 28.2755
5776 22017 1.21983 28.2922
5776 22017 1.21983 28.3088
5776 22017 1.21983 28.3255
5775 22017 1.21983 28.3422
5775 22017 1.21983 28.3588
5775 22017 1.21983 28.3755
5774 22017 1.21983 28.3922
5774 22017 1.21983 28.4088
5774 22017 1.21983 28.4255
5774 22017 1.21983 28.4422
5774 22017 1.21983 28.4588
5774 22017 1.21983 28.4755
5773 22017 1.21983 28.4922
5773 22017 1.21983 28.5088
5773 22017 1.21983 28.5255
5773 22017 1.21983 28.5422
5773 22017 1.21983 28.5588
5773 22017 1.21983 28.5755
5773 22017 1.21983 28.5922
5773 22017 1.21983 28.6088
5773 22017 1.21983 28.6255
5773 22017 1.21983 28.6422
5773 22017 1.21983 28.6588
5773 22017 1.21983 28.6755
5773 22017 1.21983 28.6922
5773 22017 1.21983 28.7088
5773 22017 1.21983 28.7255
5773 22017 1.21983 28.7422
5771 22017 1.21983 28.7588
5771 22017 1.21983 28.7755
5771 22017 1.21983 28.7922
5771 22017 1.21983 28.8088
5771 22017 1.21983 28.8255
5771 22017 1.21983 28.8422
5771 22017 1.21983 28.8588
5771 22017 1.21983 28.8755
5771 22017 1.21983 28.8922
5771 22017 1.21983 28.9088
5770 22017 1.21983 28.9255
5770 22017 1.21983 28.9422
5770 22017 1.21983 28.9588
5770 22017 1.21983 28.9755
5770 22017 1.21983 28.9922
5769 22017 1.21983 29.0088
5767 22017 1.21983 29.0255
5767 22017 1.21983 29.0422
5767 22017 1.21983 29.0588
5767 22017 1.21983 29.0755
5767 22017 1.21983 29.0922
5767 22017 1.21983 29.1088
5767 22017 1.21983 29.1255
5767 22017 1.21983 29.1422
5767 22017 1.21983 29.1588
5767 22017 1.21983 29.1755
5767 22017 1.21983 29.1922
5766 22017 1.21983 29.2088
5766 22017 1.21983 29.2255
5766 22017 1.21983 29.2422
5766 22017 1.21983 29.2588
5766 22017 1.21983 29.2755
5766 22017 1.21983 29.2922
5766 22017 1.21983 29.3088
5766 22017 1.21983 29.3255
5766 22017 1.21983 29.3422
5766 22017 1.21983 29.3588
5766 22017 1.21983 29.3755
5766 22017 1.21983 29.3922
5766 22017 1.21983 29.4088
5765 22017 1.21983 29.4255
5764 22017 1.21983 29.4422
5764 22017 1.21983 29.4588
5763 22017 1.21983 29.4755
5763 22017 1.21983 29.4922
5763 22017 1.21983 29.5088
5763 22017 1.21983 29.5255
5763 22017 1.21983 29.5422
5762 22017 1.21983 29.5588
5762 22017 1.21983 29.5755
5762 22017 1.21983 29.5922
5762 22017 1.21983 29.6088
5762 22017 1.21983 29.6255
5761 22017 1.21983 29.6422
5760 22017 1.21983 29.6588
5760 22017 1.21983 29.6755
5760 22017 1.21983 29.6922
5759 22017 1.21983 29.7088
5759 22017 1.21983 29.7255
5759 22017 1.21983 29.7422
5759 22017 1.21983 29.7588
5759 22017 1.21983 29.7755
5759 22017 1.21983 29.7922
5759 22017 1.21983 29.8088
5759 22017 1.21983 29.8255
5759 22017 1.21983 29.8422
5759 22017 1.21983 29.8588
5759 22017 1.21983 29.8755
5759 22017 1.21983 29.8922
5759 22017 1.21983 29.9088
5759 22017 1.21983 29.9255
5759 22017 1.21983 29.9422
5759 22017 1.21983 29.9588
5759 22017 1.21983 29.9755
5759 22017 1.21983 29.9921
5759 22017 1.21983 30.0088
5759 22017 1.21983 30.0255
5758 22017 1.21983 30.0421
5758 22017 1.21983 30.0588
5758 22017 1.21983 30.0755
5758 22017 1.21983 30.0921
5758 22017 1.21983 30.1088
5758 22017 1.21983 30.1255
5758 22017 1.21983 30.1421
5758 22017 1.21983 30.1588
5758 22017 1.21983 30.1755
5758 22017 1.21983 30.1921
5757 22017 1.21983 30.2088
5757 22017 1.21983 30.2255
5757 22017 1.21983 30.2421
5757 22017 1.21983 30.2588
5757 22017 1.21983 30.2755
5757 22017 1.21983 30.2921
5757 22017 1.21983 30.3088
5756 22017 1.21983 30.3255
5756 22017 1.21983 30.3421
5756 22017 1.21983 30.3588
5756 22017 1.21983 30.3755
5756 22017 1.21983 30.3921
5754 22017 1.21983 30.4088
5754 22017 1.21983 30.4255
5754 22017 1.21983 30.4421
5753 22017 1.21983 30.4588
5752 22017 1.21983 30.4755
5752 22017 1.21983 30.4921
5752 22017 1.21983 30.5088
5752 22017 1.21983 30.5255
5752 22017 1.21983 30.5421
5752 22017 1.21983 30.5588
5752 22017 1.21983 30.5755
5752 22017 1.21983 30.5921
5752 22017 1.21983 30.6088
5752 22017 1.21983 30.6255
5752 22017 1.21983 30.6421
5752 22017 1.21983 30.6588
5752 22017 1.21983 30.6755
5752 22017 1.21983 30.6921
5752 22017 1.21983 30.7088
5752 22017 1.21983 30.7255
5752 22017 1.21983 30.7421
5752 22017 1.21983 30.7588
5751 22017 1.21983 30.7755
5751 22017 1.21983 30.7921
5751 22017 1.21983 30.8088
5751 22017 1.21983 30.8255
5751 22017 1.21983 30.8421
5750 22017 1.21983 30.8588
5750 22017 1.21983 30.8755
5750 22017 1.21983 30.8921
5750 22017 1.21983 30.9088
5750 22017 1.21983 30.9255
5750 22017 1.21983 30.9421
5750 22017 1.21983 30.9588
5750 22017 1.21983 30.9755
5750 22017 1.21983 30.9921
5750 22017 1.21983 31.0088
5750 22017 1.21983 31.0255
5750 22017 1.21983 31.0421
5750 22017 1.21983 31.0588
5750 22017 1.21983 31.0755
5750 22017 1.21983 31.0921
5750 22017 1.21983 31.1088
5750 22017 1.21983 31.1255
5750 22017 1.21983 31.1421
5750 22017 1.21983 31.1588
5750 22017 1.21983 31.1755
5750 22017 1.21983 31.1921
5749 22017 1.21983 31.2088
5748 22017 1.21983 31.2255
5748 22017 1.21983 31.2421
5748 22017 1.21983 31.2588
5747 22017 1.21983 31.2755
5747 22017 1.21983 31.2921
5747 22017 1.21983 31.3088
5747 22017 1.21983 31.3255
5747 22017 1.21983 31.3421
5747 22017 1.21983 31.3588
5747 22017 1.21983 31.3755
5747 22017 1.21983 31.3921
5746 22017 1.21983 31.4088
5746 22017 1.21983 31.4255
5746 22017 1.21983 31.4421
5746 22017 1.21983 31.4588
5746 22017 1.21983 31.4755
5746 22017 1.21983 31.4921
5746 22017 1.21983 31.5088
5746 22017 1.21983 31.5255
5746 22017 1.21983 31.5421
5746 22017 1.21983 31.5588
5745 22017 1.21983 31.5755
5745 22017 1.21983 31.5921
5745 22017 1.21983 31.6088
5745 22017 1.21983 31.6255
5745 22017 1.21983 31.6421
5745 22017 1.21983 31.6588
5744 22017 1.21983 31.6755
5744 22017 1.21983 31.6921
5744 22017 1.21983 31.7088
5744 22017 1.21983 31.7255
5744 22017 1.21983 31.7421
5743 22017 1.21983 31.7588
5743 22017 1.21983 31.7755
5743 22017 1.21983 31.7921
5743 22017 1.21983 31.8088
5743 22017 1.21983 31.8255
5743 22017 1.21983 31.8421
5742 22017 1.21983 31.8588
5742 22017 1.21983 31.8755
5742 22017 1.21983 31.8921
5742 22017 1.21983 31.9088
5742 22017 1.21983 31.9255
5742 22017 1.21983 31.9421
5742 22017 1.21983 31.9588
5742 22017 1.21983 31.9755
5742 22017 1.21983 31.9921
5742 22017 1.21983 32.0088
5742 22017 1.21983 32.0255
5742 22017 1.21983 32.0421
5742 22017 1.21983 32.0588
5742 22017 1.21983 32.0755
5742 22017 1.21983 32.0921
5742 22017 1.21983 32.1088
5742 22017 1.21983 32.1255
5741 22017 1.21983 32.1421
5741 22017 1.21983 32.1588
5741 22017 1.21983 32.1754
5741 22017 1.21983 32.1921
5741 22017 1.21983 32.2088
5741 22017 1.21983 32.2254
5741 22017 1.21983 32.2421
5741 22017 1.21983 32.2588
5740 22017 1.21983 32.2754
5740 22017 1.21983 32.2921
5739 22017 1.21983 32.3088
5739 22017 1.21983 32.3254
5739 22017 1.21983 32.3421
5739 22017 1.21983 32.3588
5739 22017 1.21983 32.3754
5738 22017 1.21983 32.3921
5738 22017 1.21983 32.4088
5738 22017 1.21983 32.4254
5738 22017 1.21983 32.4421
5737 22017 1.21983 32.4588
5737 22017 1.21983 32.4754
5736 22017 1.21983 32.4921
5736 22017 1.21983 32.5088
5736 22017 1.21983 32.5254
5736 22017 1.21983 32.5421
5736 22017 1.21983 32.5588
5736 22017 1.21983 32.5754
5736 22017 1.21983 32.5921
5736 22017 1.21983 32.6088
5736 22017 1.21983 32.6254
5736 22017 1.21983 32.6421
5736 22017 1.21983 32.6588
5735 22017 1.21983 32.6754
5735 22017 1.21983 32.6921
5734 22017 1.21983 32.7088
5734 22017 1.21983 32.7254
5734 22017 1.21983 32.7421
5734 22017 1.21983 32.7588
5734 22017 1.21983 32.7754
5734 22017 1.21983 32.7921
5734 22017 1.21983 32.8088
5734 22017 1.21983 32.8254
5734 22017 1.21983 32.8421
5734 22017 1.21983 32.8588
5734 22017 1.21983 32.8754
5734 22017 1.21983 32.8921
5734 22017 1.21983 32.9088
5734 22017 1.21983 32.9254
5734 22017 1.21983 32.9421
5734 22017 1.21983 32.9588
5733 22017 1.21983 32.9754
5733 22017 1.21983 32.9921
5733 22017 1.21983 33.0088
5733 22017 1.21983 33.0254
5733 22017 1.21983 33.0421
5733 22017 1.21983 33.0588
5733 22017 1.21983 33.0754
5733 22017 1.21983 33.0921
5732 22017 1.21983 33.1088
5732 22017 1.21983 33.1254
5732 22017 1.21983 33.1421
5732 22017 1.21983 33.1588
5732 22017 1.21983 33.1754
5732 22017 1.21983 33.1921
5731 22017 1.21983 33.2088
5731 22017 1.21983 33.2254
5731 22017 1.21983 33.2421
5731 22017 1.21983 33.2588
5731 22017 1.21983 33.2754
5730 22017 1.21983 33.2921
5730 22017 1.21983 33.3088
5730 22017 1.21983 33.3254
5730 22017 1.21983 33.3421
5730 22017 1.21983 33.3588
5730 22017 1.21983 33.3754
5730 22017 1.21983 33.3921
5730 22017 1.21983 33.4088
5730 22017 1.21983 33.4254
5730 22017 1.21983 33.4421
5730 22017 1.21983 33.4588
5730 22017 1.21983 33.4754
5730 22017 1.21983 33.4921
5729 22017 1.21983 33.5088
5728 22017 1.21983 33.5254
5728 22017 1.21983 33.5421
5728 22017 1.21983 33.5588
5728 22017 1.21983 33.5754
5728 22017 1.21983 33.5921
5727 22017 1.21983 33.6088
5727 22017 1.21983 33.6254
5727 22017 1.21983 33.6421
5727 22017 1.21983 33.6588
5727 22017 1.21983 33.6754
5727 22017 1.21983 33.6921
5727 22017 1.21983 33.7088
5727 22017 1.21983 33.7254
5727 22017 1.21983 33.7421
5727 22017 1.21983 33.7588
5727 22017 1.21983 33.7754
5727 22017 1.21983 33.7921
5727 22017 1.21983 33.8088
5727 22017 1.21983 33.8254
5727 22017 1.21983 33.8421
5727 22017 1.21983 33.8588
5727 22017 1.21983 33.8754
5727 22017 1.21983 33.8921
5727 22017 1.21983 33.9088
5727 22017 1.21983 33.9254
5727 22017 1.21983 33.9421
5726 22017 1.21983 33.9588
5726 22017 1.21983 33.9754
5726 22017 1.21983 33.9921
5726 22017 1.21983 34.0088
5726 22017 1.21983 34.0254
5726 22017 1.21983 34.0421
5726 22017 1.21983 34.0588
5725 22017 1.21983 34.0754
5724 22017 1.21983 34.0921
5723 22017 1.21983 34.1088
5723 22017 1.21983 34.1254
5723 22017 1.21983 34.1421
5723 22017 1.21983 34.1588
5723 22017 1.21983 34.1754
5722 22017 1.21983 34.1921
5722 22017 1.21983 34.2088
5722 22017 1.21983 34.2254
5722 22017 1.21983 34.2421
5722 22017 1.21983 34.2588
5722 22017 1.21983 34.2754
5722 22017 1.21983 34.2921
5722 22017 1.21983 34.3088
5722 22017 1.21983 34.3254
5722 22017 1.21983 34.3421
5722 22017 1.21983 34.3587
5722 22017 1.21983 34.3754
5722 22017 1.21983 34.3921
5722 22017 1.21983 34.4087
5722 22017 1.21983 34.4254
5722 22017 1.21983 34.4421
5722 22017 1.21983 34.4587
5722 22017 1.21983 34.4754
5721 22017 1.21983 34.4921
5721 22017 1.21983 34.5087
5721 22017 1.21983 34.5254
5721 22017 1.21983 34.5421
5721 22017 1.21983 34.5587
5721 22017 1.21983 34.5754
5721 22017 1.21983 34.5921
5721 22017 1.21983 34.6087
5721 22017 1.21983 34.6254
5721 22017 1.21983 34.6421
5720 22017 1.21983 34.6587
5720 22017 1.21983 34.6754
5720 22017 1.21983 34.6921
5720 22017 1.21983 34.7087
5720 22017 1.21983 34.7254
5720 22017 1.21983 34.7421
5720 22017 1.21983 34.7587
5719 22017 1.21983 34.7754
5719 22017 1.21983 34.7921
5719 22017 1.21983 34.8087
5719 22017 1.21983 34.8254
5719 22017 1.21983 34.8421
5718 22017 1.21983 34.8587
5718 22017 1.21983 34.8754
5718 22017 1.21983 34.8921
5718 22017 1.21983 34.9087
5717 22017 1.21983 34.9254
5716 22017 1.21983 34.9421
5716 22017 1.21983 34.9587
5716 22017 1.21983 34.9754
5716 22017 1.21983 34.9921
5716 22017 1.21983 35.0087
5716 22017 1.21983 35.0254
5716 22017 1.21983 35.0421
5715 22017 1.21983 35.0587
5715 22017 1.21983 35.0754
5715 22017 1.21983 35.0921
5715 22017 1.21983 35.1087
5715 22017 1.21983 35.1254
5715 22017 1.21983 35.1421
5715 22017 1.21983 35.1587
5715 22017 1.21983 35.1754
5715 22017 1.21983 35.1921
5715 22017 1.21983 35.2087
5715 22017 1.21983 35.2254
5715 22017 1.21983 35.2421
5715 22017 1.21983 35.2587
5715 22017 1.21983 35.2754
5715 22017 1.21983 35.2921
5715 22017 1.21983 35.3087
5715 22017 1.21983 35.3254
5715 22017 1.21983 35.3421
5714 22017 1.21983 35.3587
5714 22017 1.21983 35.3754
5714 22017 1.21983 35.3921
5714 22017 1.21983 35.4087
5714 22017 1.21983 35.4254
5714 22017 1.21983 35.4421
5714 22017 1.21983 35.4587
5714 22017 1.21983 35.4754
5714 22017 1.21983 35.4921
5714 22017 1.21983 35.5087
5713 22017 1.21983 35.5254
5713 22017 1.21983 35.5421
5713 22017 1.21983 35.5587
5713 22017 1.21983 35.5754
5712 22017 1.21983 35.5921
5712 22017 1.21983 35.6087
5712 22017 1.21983 35.6254
5712 22017 1.21983 35.6421
5712 22017 1.21983 35.6587
5711 22017 1.21983 35.6754
5711 22017 1.21983 35.6921
5711 22017 1.21983 35.7087
5711 22017 1.21983 35.7254
5711 22017 1.21983 35.7421
5711 22017 1.21983 35.7587
5710 22017 1.21983 35.7754
5710 22017 1.21983 35.7921
5710 22017 1.21983 35.8087
5710 22017 1.21983 35.8254
5710 22017 1.21983 35.8421
5710 22017 1.21983 35.8587
5710 22017 1.21983 35.8754
5710 22017 1.21983 35.8921
5709 22017 1.21983 35.9087
5709 22017 1.21983 35.9254
5709 22017 1.21983 35.9421
5709 22017 1.21983 35.9587
5709 22017 1.21983 35.9754
5709 22017 1.21983 35.9921
5709 22017 1.21983 36.0087
5709 22017 1.21983 36.0254
5709 22017 1.21983 36.0421
5709 22017 1.21983 36.0587
5708 22017 1.21983 36.0754
5708 22017 1.21983 36.0921
5708 22017 1.21983 36.1087
5708 22017 1.21983 36.1254
5708 22017 1.21983 36.1421
5708 22017 1.21983 36.1587
5708 22017 1.21983 36.1754
5708 22017 1.21983 36.1921
5708 22017 1.21983 36.2087
5708 22017 1.21983 36.2254
5708 22017 1.21983 36.2421
5708 22017 1.21983 36.2587
5707 22017 1.21983 36.2754
5707 22017 1.21983 36.2921
5707 22017 1.21983 36.3087
5707 22017 1.21983 36.3254
5707 22017 1.21983 36.3421
5707 22017 1.21983 36.3587
5707 22017 1.21983 36.3754
5707 22017 1.21983 36.3921
5707 22017 1.21983 36.4087
5707 22017 1.21983 36.4254
5707 22017 1.21983 36.4421
5707 22017 1.21983 36.4587
5707 22017 1.21983 36.4754
5707 22017 1.21983 36.4921
5705 22017 1.21983 36.5087
5705 22017 1.21983 36.5254
5705 22017 1.21983 36.542
5705 22017 1.21983 36.5587
5705 22017 1.21983 36.5754
5705 22017 1.21983 36.592
5705 22017 1.21983 36.6087
5705 22017 1.21983 36.6254
5705 22017 1.21983 36.642
5705 22017 1.21983 36.6587
5705 22017 1.21983 36.6754
5705 22017 1.21983 36.692
5705 22017 1.21983 36.7087
5705 22017 1.21983 36.7254
5705 22017 1.21983 36.742
5705 22017 1.21983 36.7587
5705 22017 1.21983 36.7754
5705 22017 1.21983 36.792
5705 22017 1.21983 36.8087
5704 22017 1.21983 36.8254
5704 22017 1.21983 36.842
5704 22017 1.21983 36.8587
5704 22017 1.21983 36.8754
5704 22017 1.21983 36.892
5704 22017 1.21983 36.9087
5704 22017 1.21983 36.9254
5704 22017 1.21983 36.942
5704 22017 1.21983 36.9587
5704 22017 1.21983 36.9754
5704 22017 1.21983 36.992
5703 22017 1.21983 37.0087
5702 22017 1.21983 37.0254
5702 22017 1.21983 37.042
5702 22017 1.21983 37.0587
5700 22017 1.21983 37.0754
5700 22017 1.21983 37.092
5700 22017 1.21983 37.1087
5700 22017 1.21983 37.1254
5700 22017 1.21983 37.142
5700 22017 1.21983 37.1587
5700 22017 1.21983 37.1754
5700 22017 1.21983 37.192
5700 22017 1.21983 37.2087
5700 22017 1.21983 37.2254
5700 22017 1.21983 37.242
5700 22017 1.21983 37.2587
5699 22017 1.21983 37.2754
5699 22017 1.21983 37.292
5699 22017 1.21983 37.3087
5698 22017 1.21983 37.3254
5698 22017 1.21983 37.342
5698 22017 1.21983 37.3587
5698 22017 1.21983 37.3754
5698 22017 1.21983 37.392
5698 22017 1.21983 37.4087
5698 22017 1.21983 37.4254
5698 22017 1.21983 37.442
5698 22017 1.21983 37.4587
5698 22017 1.21983 37.4754
5698 22017 1.21983 37.492
5698 22017 1.21983 37.5087
5698 22017 1.21983 37.5254
5698 22017 1.21983 37.542
5698 22017 1.21983 37.5587
5698 22017 1.21983 37.5754
5698 22017 1.21983 37.592
5698 22017 1.21983 37.6087
5698 22017 1.21983 37.6254
5698 22017 1.21983 37.642
5698 22017 1.21983 37.6587
5698 22017 1.21983 37.6754
