12327 12334 0.000600381 0.00386429
12326 12334 0.000600381 0.0205307
12326 12334 0.000600381 0.0371971
12326 12334 0.000600381 0.0538635
12326 12334 0.000600381 0.0705299
12326 12334 0.000600381 0.0871964
12326 12334 0.000600381 0.103863
12326 12334 0.000600381 0.120529
12326 12334 0.000600381 0.137196
12326 12334 0.000600381 0.153862
12326 12334 0.000600381 0.170528
12326 12334 0.000600381 0.187195
12326 12334 0.000600381 0.203861
12326 12334 0.000600381 0.220528
12326 12334 0.000600381 0.237194
12326 12334 0.000600381 0.25386
12326 12334 0.000600381 0.270527
12326 12334 0.000600381 0.287193
12326 12334 0.000600381 0.30386
12326 12334 0.000600381 0.320526
12326 12334 0.000600381 0.337193
12326 12334 0.000600381 0.353859
12326 12334 0.000600381 0.370525
12326 12334 0.00120076 0.387192
12326 12334 0.00180114 0.403858
12326 12334 0.00240153 0.420525
12326 12334 0.00300191 0.437191
12326 12334 0.00360229 0.453857
12326 12334 0.00420267 0.470524
12326 12334 0.00480305 0.48719
12326 12334 0.00540343 0.503857
12326 12334 0.00600381 0.520523
12326 12334 0.00660419 0.537189
12326 12334 0.00720458 0.553856
12326 12334 0.00780496 0.570522
12326 12334 0.00840534 0.587189
12326 12334 0.00900572 0.603855
12326 12334 0.0096061 0.620522
12326 12334 0.0102065 0.637188
12326 12334 0.0108069 0.653854
12326 12334 0.0114072 0.670521
12326 12334 0.0120076 0.687187
12326 12334 0.012608 0.703854
12326 12334 0.0132084 0.72052
12326 12334 0.0138088 0.737186
12326 12334 0.0144092 0.753853
12326 12334 0.0150095 0.770519
12326 12334 0.0156099 0.787186
12326 12334 0.0162103 0.803852
12326 12334 0.0168107 0.820518
12326 12334 0.0174111 0.837185
12326 12334 0.0180114 0.853851
12326 12334 0.0186118 0.870518
12326 12334 0.0192122 0.887184
12326 12334 0.0198126 0.903851
12325 12334 0.020413 0.920517
12325 12334 0.0210133 0.937183
12325 12334 0.0216137 0.95385
12325 12334 0.0222141 0.970516
12325 12334 0.0228145 0.987183
12325 12334 0.0234149 1.00385
12325 12334 0.0240153 1.02052
12325 12334 0.0246156 1.03718
12325 12334 0.025216 1.05385
12325 12334 0.0258164 1.07051
12325 12334 0.0264168 1.08718
12325 12334 0.0270172 1.10385
12325 12334 0.0276175 1.12051
12325 12334 0.0282179 1.13718
12325 12334 0.0288183 1.15385
12325 12334 0.0294187 1.17051
12325 12334 0.0300191 1.18718
12325 12334 0.0306194 1.20385
12325 12334 0.0312198 1.22051
12324 12334 0.0318202 1.23718
12324 12334 0.0324206 1.25385
12324 12334 0.033021 1.27051
12324 12334 0.0336214 1.28718
12324 12334 0.0342217 1.30384
12324 12334 0.0348221 1.32051
12324 12334 0.0354225 1.33718
12324 12334 0.0360229 1.35384
12324 12334 0.0366233 1.37051
12324 12334 0.0372236 1.38718
12324 12334 0.037824 1.40384
12324 12334 0.0384244 1.42051
12324 12334 0.0390248 1.43718
12324 12334 0.0396252 1.45384
12324 12334 0.0402256 1.47051
12324 12334 0.0408259 1.48717
12324 12334 0.0414263 1.50384
12324 12334 0.0420267 1.52051
12324 12334 0.0426271 1.53717
12324 12334 0.0432275 1.55384
12324 12334 0.0438279 1.57051
12324 12334 0.0444282 1.58717
12324 12334 0.0450286 1.60384
12324 12334 0.045629 1.62051
12324 12334 0.0462294 1.63717
12324 12334 0.0468298 1.65384
12324 12334 0.0474302 1.67051
12324 12334 0.0480305 1.68717
12324 12334 0.0486309 1.70384
12324 12334 0.0492313 1.7205
12324 12334 0.0498317 1.73717
12324 12334 0.0504321 1.75384
12324 12334 0.0510325 1.7705
12324 12334 0.0516328 1.78717
12324 12334 0.0522332 1.80384
12324 12334 0.0528336 1.8205
12324 12334 0.053434 1.83717
12324 12334 0.0540344 1.85384
12324 12334 0.0546347 1.8705
12324 12334 0.0552351 1.88717
12324 12334 0.0558355 1.90384
12324 12334 0.0564359 1.9205
12324 12334 0.0570363 1.93717
12324 12334 0.0576367 1.95383
12324 12334 0.058237 1.9705
12324 12334 0.0588374 1.98717
12324 12334 0.0594378 2.00383
12324 12334 0.0600382 2.0205
12324 12334 0.0606386 2.03717
12324 12334 0.061239 2.05383
12324 12334 0.0618393 2.0705
12324 12334 0.0624397 2.08717
12324 12334 0.0630401 2.10383
12324 12334 0.0636405 2.1205
12323 12334 0.0642409 2.13717
12323 12334 0.0648412 2.15383
12323 12334 0.0654416 2.1705
12323 12334 0.066042 2.18716
12323 12334 0.0666424 2.20383
12323 12334 0.0672428 2.2205
12323 12334 0.0678432 2.23716
12323 12334 0.0684435 2.25383
12323 12334 0.0690439 2.2705
12323 12334 0.0696443 2.28716
12323 12334 0.0702447 2.30383
12323 12334 0.0708451 2.3205
12323 12334 0.0714455 2.33716
12323 12334 0.0720458 2.35383
12323 12334 0.0726462 2.37049
12323 12334 0.0732466 2.38716
12323 12334 0.073847 2.40383
12322 12334 0.0744474 2.42049
12322 12334 0.0750478 2.43716
12322 12334 0.0756481 2.45383
12322 12334 0.0762485 2.47049
12322 12334 0.0768489 2.48716
12322 12334 0.0774493 2.50383
12322 12334 0.0780497 2.52049
12322 12334 0.07865 2.53716
12322 12334 0.0792504 2.55383
12322 12334 0.0798508 2.57049
12321 12334 0.0804512 2.58716
12321 12334 0.0810516 2.60382
12320 12334 0.081652 2.62049
12320 12334 0.0822523 2.63716
12320 12334 0.0828527 2.65382
12320 12334 0.0834531 2.67049
12320 12334 0.0840535 2.68716
12320 12334 0.0846539 2.70382
12318 12334 0.0852543 2.72049
12318 12334 0.0858546 2.73716
12318 12334 0.086455 2.75382
12318 12334 0.0870554 2.77049
12317 12334 0.0876558 2.78716
12317 12334 0.0882562 2.80382
12316 12334 0.0888566 2.82049
12316 12334 0.0894569 2.83715
12316 12334 0.0900573 2.85382
12316 12334 0.0906577 2.87049
12315 12334 0.0912581 2.88715
12314 12334 0.0918585 2.90382
12314 12334 0.0924589 2.92049
12314 12334 0.0930592 2.93715
12314 12334 0.0936596 2.95382
12314 12334 0.09426 2.97049
12314 12334 0.0948604 2.98715
12314 12334 0.0954608 3.00382
12313 12334 0.0960611 3.02048
12313 12334 0.0966615 3.03715
12313 12334 0.0972619 3.05382
12313 12334 0.0978623 3.07048
12313 12334 0.0984627 3.08715
12313 12334 0.0990631 3.10382
12313 12334 0.0996634 3.12048
12313 12334 0.100264 3.13715
12310 12334 0.100864 3.15382
12308 12334 0.101465 3.17048
12307 12334 0.102065 3.18715
12306 12334 0.102665 3.20382
12306 12334 0.103266 3.22048
12306 12334 0.103866 3.23715
12305 12334 0.104467 3.25381
12305 12334 0.105067 3.27048
12304 12334 0.105667 3.28715
12304 12334 0.106268 3.30381
12304 12334 0.106868 3.32048
12304 12334 0.107468 3.33715
12304 12334 0.108069 3.35381
12304 12334 0.108669 3.37048
12304 12334 0.10927 3.38715
12304 12334 0.10987 3.40381
12302 12334 0.11047 3.42048
12300 12334 0.111071 3.43715
12300 12334 0.111671 3.45381
12300 12334 0.112271 3.47048
12300 12334 0.112872 3.48714
12300 12334 0.113472 3.50381
12300 12334 0.114073 3.52048
12298 12334 0.114673 3.53714
12296 12334 0.115273 3.55381
12295 12334 0.115874 3.57048
12295 12334 0.116474 3.58714
12295 12334 0.117075 3.60381
12294 12334 0.117675 3.62048
12293 12334 0.118275 3.63714
12292 12334 0.118876 3.65381
12291 12334 0.119476 3.67048
12291 12334 0.120076 3.68714
12291 12334 0.120677 3.70381
12288 12334 0.121277 3.72047
12287 12334 0.121878 3.73714
12286 12334 0.122478 3.75381
12286 12334 0.123078 3.77047
12285 12334 0.123679 3.78714
12283 12334 0.124279 3.80381
12283 12334 0.12488 3.82047
12277 12334 0.12548 3.83714
12277 12334 0.12608 3.85381
12276 12334 0.126681 3.87047
12276 12334 0.127281 3.88714
12274 12334 0.127881 3.9038
12273 12334 0.128482 3.92047
12273 12334 0.129082 3.93714
12273 12334 0.129683 3.9538
12272 12334 0.130283 3.97047
12270 12334 0.130883 3.98714
12267 12334 0.131484 4.0038
12264 12334 0.132084 4.02047
12264 12334 0.132684 4.03714
12264 12334 0.133285 4.0538
12263 12334 0.133885 4.07047
12261 12334 0.134486 4.08714
12261 12334 0.135086 4.1038
12261 12334 0.135686 4.12047
12257 12334 0.136287 4.13713
12257 12334 0.136887 4.1538
12257 12334 0.137488 4.17047
12256 12334 0.138088 4.18713
12255 12334 0.138688 4.2038
12255 12334 0.139289 4.22047
12252 12334 0.139889 4.23713
12252 12334 0.140489 4.2538
12249 12334 0.14109 4.27047
12248 12334 0.14169 4.28713
12246 12334 0.142291 4.3038
12245 12334 0.142891 4.32047
12244 12334 0.143491 4.33713
12243 12334 0.144092 4.3538
12242 12334 0.144692 4.37046
12242 12334 0.145293 4.38713
12239 12334 0.145893 4.4038
12237 12334 0.146493 4.42046
12237 12334 0.147094 4.43713
12236 12334 0.147694 4.4538
12235 12334 0.148294 4.47046
12235 12334 0.148895 4.48713
12233 12334 0.149495 4.5038
12232 12334 0.150096 4.52046
12231 12334 0.150696 4.53713
12229 12334 0.151296 4.55379
12228 12334 0.151897 4.57046
12226 12334 0.152497 4.58713
12225 12334 0.153097 4.60379
12223 12334 0.153698 4.62046
12219 12334 0.154298 4.63713
12219 12334 0.154899 4.65379
12217 12334 0.155499 4.67046
12216 12334 0.156099 4.68713
12215 12334 0.1567 4.70379
12213 12334 0.1573 4.72046
12212 12334 0.157901 4.73713
12211 12334 0.158501 4.75379
12209 12334 0.159101 4.77046
12209 12334 0.159702 4.78712
12208 12334 0.160302 4.80379
12208 12334 0.160902 4.82046
12208 12334 0.161503 4.83712
12206 12334 0.162103 4.85379
12206 12334 0.162704 4.87046
12205 12334 0.163304 4.88712
12203 12334 0.163904 4.90379
12200 12334 0.164505 4.92046
12199 12334 0.165105 4.93712
12199 12334 0.165706 4.95379
12198 12334 0.166306 4.97046
12196 12334 0.166906 4.98712
12192 12334 0.167507 5.00379
12192 12334 0.168107 5.02045
12192 12334 0.168707 5.03712
12192 12334 0.169308 5.05379
12188 12334 0.169908 5.07045
12187 12334 0.170509 5.08712
12185 12334 0.171109 5.10379
12185 12334 0.171709 5.12045
12183 12334 0.17231 5.13712
12180 12334 0.17291 5.15379
12180 12334 0.173511 5.17045
12180 12334 0.174111 5.18712
12178 12334 0.174711 5.20378
12176 12334 0.175312 5.22045
12175 12334 0.175912 5.23712
12174 12334 0.176512 5.25378
12171 12334 0.177113 5.27045
12170 12334 0.177713 5.28712
12169 12334 0.178314 5.30378
12169 12334 0.178914 5.32045
12169 12334 0.179514 5.33712
12168 12334 0.180115 5.35378
12165 12334 0.180715 5.37045
12165 12334 0.181315 5.38712
12162 12334 0.181916 5.40378
12162 12334 0.182516 5.42045
12161 12334 0.183117 5.43711
12160 12334 0.183717 5.45378
12158 12334 0.184317 5.47045
12155 12334 0.184918 5.48711
12155 12334 0.185518 5.50378
12154 12334 0.186119 5.52045
12152 12334 0.186719 5.53711
12152 12334 0.187319 5.55378
12149 12334 0.18792 5.57045
12147 12334 0.18852 5.58711
12146 12334 0.18912 5.60378
12145 12334 0.189721 5.62045
12143 12334 0.190321 5.63711
12141 12334 0.190922 5.65378
12140 12334 0.191522 5.67044
12139 12334 0.192122 5.68711
12135 12334 0.192723 5.70378
12135 12334 0.193323 5.72044
12135 12334 0.193924 5.73711
12134 12334 0.194524 5.75378
12132 12334 0.195124 5.77044
12131 12334 0.195725 5.78711
12128 12334 0.196325 5.80378
12127 12334 0.196925 5.82044
12127 12334 0.197526 5.83711
12126 12334 0.198126 5.85378
12123 12334 0.198727 5.87044
12123 12334 0.199327 5.88711
12123 12334 0.199927 5.90377
12120 12334 0.200528 5.92044
12117 12334 0.201128 5.93711
12116 12334 0.201728 5.95377
12115 12334 0.202329 5.97044
12114 12334 0.202929 5.98711
12113 12334 0.20353 6.00377
12111 12334 0.20413 6.02044
12109 12334 0.20473 6.03711
12109 12334 0.205331 6.05377
12109 12334 0.205931 6.07044
12106 12334 0.206532 6.0871
12103 12334 0.207132 6.10377
12102 12334 0.207732 6.12044
12102 12334 0.208333 6.1371
12097 12334 0.208933 6.15377
12096 12334 0.209533 6.17044
12095 12334 0.210134 6.1871
12093 12334 0.210734 6.20377
12092 12334 0.211335 6.22044
12092 12334 0.211935 6.2371
12089 12334 0.212535 6.25377
12088 12334 0.213136 6.27044
12087 12334 0.213736 6.2871
12083 12334 0.214337 6.30377
12083 12334 0.214937 6.32043
12082 12334 0.215537 6.3371
12080 12334 0.216138 6.35377
12079 12334 0.216738 6.37043
12077 12334 0.217338 6.3871
12077 12334 0.217939 6.40377
12076 12334 0.218539 6.42043
12075 12334 0.21914 6.4371
12070 12334 0.21974 6.45377
12070 12334 0.22034 6.47043
12070 12334 0.220941 6.4871
12069 12334 0.221541 6.50377
12068 12334 0.222142 6.52043
12065 12334 0.222742 6.5371
12062 12334 0.223342 6.55376
12062 12334 0.223943 6.57043
12061 12334 0.224543 6.5871
12058 12334 0.225143 6.60376
12056 12334 0.225744 6.62043
12055 12334 0.226344 6.6371
12055 12334 0.226945 6.65376
12054 12334 0.227545 6.67043
12053 12334 0.228145 6.6871
12052 12334 0.228746 6.70376
12050 12334 0.229346 6.72043
12048 12334 0.229946 6.73709
12047 12334 0.230547 6.75376
12046 12334 0.231147 6.77043
12044 12334 0.231748 6.78709
12041 12334 0.232348 6.80376
12040 12334 0.232948 6.82043
12040 12334 0.233549 6.83709
12039 12334 0.234149 6.85376
12039 12334 0.23475 6.87043
12036 12334 0.23535 6.88709
12035 12334 0.23595 6.90376
12035 12334 0.236551 6.92043
12033 12334 0.237151 6.93709
12031 12334 0.237751 6.95376
12030 12334 0.238352 6.97042
12030 12334 0.238952 6.98709
12029 12334 0.239553 7.00376
12026 12334 0.240153 7.02042
12025 12334 0.240753 7.03709
12025 12334 0.241354 7.05376
12022 12334 0.241954 7.07042
12022 12334 0.242555 7.08709
12020 12334 0.243155 7.10376
12020 12334 0.243755 7.12042
12018 12334 0.244356 7.13709
12015 12334 0.244956 7.15376
12014 12334 0.245556 7.17042
12011 12334 0.246157 7.18709
12010 12334 0.246757 7.20375
12008 12334 0.247358 7.22042
12007 12334 0.247958 7.23709
12007 12334 0.248558 7.25375
12006 12334 0.249159 7.27042
12005 12334 0.249759 7.28709
12004 12334 0.250359 7.30375
12001 12334 0.25096 7.32042
11998 12334 0.25156 7.33709
11998 12334 0.252161 7.35375
11998 12334 0.252761 7.37042
11996 12334 0.253361 7.38708
11995 12334 0.253962 7.40375
11993 12334 0.254562 7.42042
11993 12334 0.255162 7.43708
11992 12334 0.255763 7.45375
11989 12334 0.256363 7.47042
11988 12334 0.256964 7.48708
11988 12334 0.257564 7.50375
11987 12334 0.258164 7.52042
11987 12334 0.258765 7.53708
11986 12334 0.259365 7.55375
11984 12334 0.259965 7.57042
11984 12334 0.260566 7.58708
11982 12334 0.261166 7.60375
11979 12334 0.261766 7.62041
11978 12334 0.262367 7.63708
11978 12334 0.262967 7.65375
11977 12334 0.263568 7.67041
11973 12334 0.264168 7.68708
11972 12334 0.264768 7.70375
11971 12334 0.265369 7.72041
11971 12334 0.265969 7.73708
11969 12334 0.266569 7.75375
11968 12334 0.26717 7.77041
11968 12334 0.26777 7.78708
11966 12334 0.268371 7.80375
11964 12334 0.268971 7.82041
11964 12334 0.269571 7.83708
11961 12334 0.270172 7.85374
11958 12334 0.270772 7.87041
11958 12334 0.271372 7.88708
11958 12334 0.271973 7.90374
11956 12334 0.272573 7.92041
11953 12334 0.273173 7.93708
11953 12334 0.273774 7.95374
11952 12334 0.274374 7.97041
11951 12334 0.274975 7.98708
11949 12334 0.275575 8.00374
11948 12334 0.276175 8.02041
11947 12334 0.276776 8.03708
11947 12334 0.277376 8.05374
11946 12334 0.277976 8.07041
11945 12334 0.278577 8.08707
11944 12334 0.279177 8.10374
11944 12334 0.279777 8.12041
11944 12334 0.280378 8.13707
11943 12334 0.280978 8.15374
11943 12334 0.281579 8.17041
11942 12334 0.282179 8.18707
11941 12334 0.282779 8.20374
11940 12334 0.28338 8.22041
11940 12334 0.28398 8.23707
11940 12334 0.28458 8.25374
11939 12334 0.285181 8.2704
11937 12334 0.285781 8.28707
11935 12334 0.286382 8.30374
11935 12334 0.286982 8.3204
11934 12334 0.287582 8.33707
11934 12334 0.288183 8.35374
11934 12334 0.288783 8.3704
11933 12334 0.289383 8.38707
11933 12334 0.289984 8.40374
11931 12334 0.290584 8.4204
11931 12334 0.291184 8.43707
11931 12334 0.291785 8.45374
11929 12334 0.292385 8.4704
11929 12334 0.292986 8.48707
11926 12334 0.293586 8.50373
11926 12334 0.294186 8.5204
11925 12334 0.294787 8.53707
11925 12334 0.295387 8.55373
11925 12334 0.295987 8.5704
11923 12334 0.296588 8.58707
11921 12334 0.297188 8.60373
11921 12334 0.297789 8.6204
11918 12334 0.298389 8.63707
11918 12334 0.298989 8.65373
11917 12334 0.29959 8.6704
11915 12334 0.30019 8.68707
11913 12334 0.30079 8.70373
11913 12334 0.301391 8.7204
11913 12334 0.301991 8.73706
11912 12334 0.302591 8.75373
11910 12334 0.303192 8.7704
11909 12334 0.303792 8.78706
11909 12334 0.304393 8.80373
11908 12334 0.304993 8.8204
11908 12334 0.305593 8.83706
11906 12334 0.306194 8.85373
11905 12334 0.306794 8.8704
11905 12334 0.307394 8.88706
11905 12334 0.307995 8.90373
11904 12334 0.308595 8.92039
11903 12334 0.309196 8.93706
11903 12334 0.309796 8.95373
11902 12334 0.310396 8.97039
11901 12334 0.310997 8.98706
11901 12334 0.311597 9.00373
11899 12334 0.312197 9.02039
11897 12334 0.312798 9.03706
11895 12334 0.313398 9.05373
11894 12334 0.313998 9.07039
11894 12334 0.314599 9.08706
11891 12334 0.315199 9.10373
11891 12334 0.3158 9.12039
11889 12334 0.3164 9.13706
11887 12334 0.317 9.15372
11884 12334 0.317601 9.17039
11881 12334 0.318201 9.18706
11880 12334 0.318801 9.20372
11879 12334 0.319402 9.22039
11876 12334 0.320002 9.23706
11876 12334 0.320603 9.25372
11876 12334 0.321203 9.27039
11875 12334 0.321803 9.28706
11874 12334 0.322404 9.30372
11873 12334 0.323004 9.32039
11872 12334 0.323604 9.33706
11871 12334 0.324205 9.35372
11868 12334 0.324805 9.37039
11867 12334 0.325405 9.38705
11866 12334 0.326006 9.40372
11864 12334 0.326606 9.42039
11863 12334 0.327207 9.43705
11860 12334 0.327807 9.45372
11857 12334 0.328407 9.47039
11856 12334 0.329008 9.48705
11854 12334 0.329608 9.50372
11853 12334 0.330208 9.52039
11852 12334 0.330809 9.53705
11849 12334 0.331409 9.55372
11849 12334 0.332009 9.57038
11847 12334 0.33261 9.58705
11845 12334 0.33321 9.60372
11844 12334 0.333811 9.62038
11842 12334 0.334411 9.63705
11839 12334 0.335011 9.65372
11837 12334 0.335612 9.67038
11836 12334 0.336212 9.68705
11835 12334 0.336812 9.70372
11832 12334 0.337413 9.72038
11831 12334 0.338013 9.73705
11830 12334 0.338614 9.75372
11828 12334 0.339214 9.77038
11826 12334 0.339814 9.78705
11826 12334 0.340415 9.80371
11823 12334 0.341015 9.82038
11822 12334 0.341615 9.83705
11820 12334 0.342216 9.85371
11820 12334 0.342816 9.87038
11819 12334 0.343416 9.88705
11817 12334 0.344017 9.90371
11816 12334 0.344617 9.92038
11815 12334 0.345218 9.93705
11814 12334 0.345818 9.95371
11811 12334 0.346418 9.97038
11810 12334 0.347019 9.98705
11809 12334 0.347619 10.0037
11807 12334 0.348219 10.0204
11807 12334 0.34882 10.037
11805 12334 0.34942 10.0537
11801 12334 0.350021 10.0704
11800 12334 0.350621 10.087
11799 12334 0.351221 10.1037
11796 12334 0.351822 10.1204
11795 12334 0.352422 10.137
11793 12334 0.353022 10.1537
11791 12334 0.353623 10.1704
11789 12334 0.354223 10.187
11787 12334 0.354823 10.2037
11785 12334 0.355424 10.2204
11785 12334 0.356024 10.237
11783 12334 0.356625 10.2537
11782 12334 0.357225 10.2704
11780 12334 0.357825 10.287
11778 12334 0.358426 10.3037
11773 12334 0.359026 10.3204
11773 12334 0.359626 10.337
11772 12334 0.360227 10.3537
11771 12334 0.360827 10.3704
11770 12334 0.361428 10.387
11768 12334 0.362028 10.4037
11765 12334 0.362628 10.4204
11763 12334 0.363229 10.437
11762 12334 0.363829 10.4537
11761 12334 0.364429 10.4704
11760 12334 0.36503 10.487
11757 12334 0.36563 10.5037
11756 12334 0.36623 10.5204
11755 12334 0.366831 10.537
11754 12334 0.367431 10.5537
11753 12334 0.368032 10.5704
11752 12334 0.368632 10.587
11751 12334 0.369232 10.6037
11750 12334 0.369833 10.6204
11750 12334 0.370433 10.637
11748 12334 0.371033 10.6537
11747 12334 0.371634 10.6704
11744 12334 0.372234 10.687
11743 12334 0.372835 10.7037
11743 12334 0.373435 10.7204
11741 12334 0.374035 10.737
11741 12334 0.374636 10.7537
11740 12334 0.375236 10.7704
11737 12334 0.375836 10.787
11737 12334 0.376437 10.8037
11736 12334 0.377037 10.8204
11735 12334 0.377637 10.837
11733 12334 0.378238 10.8537
11733 12334 0.378838 10.8704
11732 12334 0.379439 10.887
11730 12334 0.380039 10.9037
11728 12334 0.380639 10.9204
11727 12334 0.38124 10.937
11727 12334 0.38184 10.9537
11725 12334 0.38244 10.9704
11724 12334 0.383041 10.987
11722 12334 0.383641 11.0037
11721 12334 0.384241 11.0204
11719 12334 0.384842 11.037
11718 12334 0.385442 11.0537
11717 12334 0.386043 11.0704
11715 12334 0.386643 11.087
11711 12334 0.387243 11.1037
11711 12334 0.387844 11.1204
11710 12334 0.388444 11.137
11708 12334 0.389044 11.1537
11708 12334 0.389645 11.1704
11707 12334 0.390245 11.187
11706 12334 0.390846 11.2037
11702 12334 0.391446 11.2204
11699 12334 0.392046 11.237
11698 12334 0.392647 11.2537
11697 12334 0.393247 11.2704
11694 12334 0.393847 11.287
11693 12334 0.394448 11.3037
11692 12334 0.395048 11.3204
11691 12334 0.395648 11.337
11690 12334 0.396249 11.3537
11688 12334 0.396849 11.3704
11687 12334 0.39745 11.387
11684 12334 0.39805 11.4037
11683 12334 0.39865 11.4204
11683 12334 0.399251 11.437
11683 12334 0.399851 11.4537
11681 12334 0.400451 11.4704
11680 12334 0.401052 11.487
11680 12334 0.401652 11.5037
11679 12334 0.402253 11.5204
11677 12334 0.402853 11.537
11676 12334 0.403453 11.5537
11673 12334 0.404054 11.5704
11672 12334 0.404654 11.587
11671 12334 0.405254 11.6037
11671 12334 0.405855 11.6204
11669 12334 0.406455 11.637
11666 12334 0.407055 11.6537
11665 12334 0.407656 11.6704
11665 12334 0.408256 11.687
11665 12334 0.408857 11.7037
11663 12334 0.409457 11.7204
11660 12334 0.410057 11.737
11660 12334 0.410658 11.7537
11658 12334 0.411258 11.7704
11656 12334 0.411858 11.787
11654 12334 0.412459 11.8037
11654 12334 0.413059 11.8204
11653 12334 0.41366 11.837
11651 12334 0.41426 11.8537
11650 12334 0.41486 11.8703
11649 12334 0.415461 11.887
11646 12334 0.416061 11.9037
11645 12334 0.416661 11.9203
11643 12334 0.417262 11.937
11640 12334 0.417862 11.9537
11639 12334 0.418462 11.9703
11638 12334 0.419063 11.987
11638 12334 0.419663 12.0037
11634 12334 0.420264 12.0203
11633 12334 0.420864 12.037
11632 12334 0.421464 12.0537
11631 12334 0.422065 12.0703
11626 12334 0.422665 12.087
11626 12334 0.423265 12.1037
11624 12334 0.423866 12.1203
11623 12334 0.424466 12.137
11621 12334 0.425067 12.1537
11617 12334 0.425667 12.1703
11617 12334 0.426267 12.187
11615 12334 0.426868 12.2037
11613 12334 0.427468 12.2203
11610 12334 0.428068 12.237
11608 12334 0.428669 12.2537
11608 12334 0.429269 12.2703
11607 12334 0.429869 12.287
11605 12334 0.43047 12.3037
11605 12334 0.43107 12.3203
11604 12334 0.431671 12.337
11602 12334 0.432271 12.3537
11599 12334 0.432871 12.3703
11596 12334 0.433472 12.387
11594 12334 0.434072 12.4037
11592 12334 0.434672 12.4203
11591 12334 0.435273 12.437
11590 12334 0.435873 12.4537
11586 12334 0.436473 12.4703
11585 12334 0.437074 12.487
11584 12334 0.437674 12.5037
11581 12334 0.438275 12.5203
11579 12334 0.438875 12.537
11578 12334 0.439475 12.5537
11576 12334 0.440076 12.5703
11572 12334 0.440676 12.587
11571 12334 0.441276 12.6037
11570 12334 0.441877 12.6203
11566 12334 0.442477 12.637
11566 12334 0.443078 12.6537
11564 12334 0.443678 12.6703
11564 12334 0.444278 12.687
11560 12334 0.444879 12.7037
11558 12334 0.445479 12.7203
11557 12334 0.446079 12.737
11556 12334 0.44668 12.7537
11555 12334 0.44728 12.7703
11554 12334 0.44788 12.787
11552 12334 0.448481 12.8037
11551 12334 0.449081 12.8203
11550 12334 0.449682 12.837
11548 12334 0.450282 12.8537
11544 12334 0.450882 12.8703
11541 12334 0.451483 12.887
11541 12334 0.452083 12.9037
11540 12334 0.452683 12.9203
11539 12334 0.453284 12.937
11537 12334 0.453884 12.9537
11535 12334 0.454485 12.9703
11535 12334 0.455085 12.987
11534 12334 0.455685 13.0037
11529 12334 0.456286 13.0203
11529 12334 0.456886 13.037
11528 12334 0.457486 13.0537
11526 12334 0.458087 13.0703
11522 12334 0.458687 13.087
11520 12334 0.459287 13.1037
11518 12334 0.459888 13.1203
11517 12334 0.460488 13.137
11515 12334 0.461089 13.1537
11512 12334 0.461689 13.1703
11512 12334 0.462289 13.187
11511 12334 0.46289 13.2037
11508 12334 0.46349 13.2203
11506 12334 0.46409 13.237
11505 12334 0.464691 13.2537
11504 12334 0.465291 13.2703
11503 12334 0.465892 13.287
11500 12334 0.466492 13.3037
11499 12334 0.467092 13.3203
11495 12334 0.467693 13.337
11494 12334 0.468293 13.3537
11494 12334 0.468893 13.3703
11493 12334 0.469494 13.387
11490 12334 0.470094 13.4037
11490 12334 0.470694 13.4203
11486 12334 0.471295 13.437
11485 12334 0.471895 13.4537
11484 12334 0.472496 13.4703
11480 12334 0.473096 13.487
11480 12334 0.473696 13.5037
11479 12334 0.474297 13.5203
11479 12334 0.474897 13.537
11477 12334 0.475497 13.5537
11476 12334 0.476098 13.5703
11473 12334 0.476698 13.587
11473 12334 0.477298 13.6037
11470 12334 0.477899 13.6203
11470 12334 0.478499 13.637
11466 12334 0.4791 13.6537
11466 12334 0.4797 13.6703
11464 12334 0.4803 13.687
11463 12334 0.480901 13.7037
11462 12334 0.481501 13.7203
11462 12334 0.482101 13.737
11462 12334 0.482702 13.7537
11460 12334 0.483302 13.7703
11457 12334 0.483903 13.787
11455 12334 0.484503 13.8037
11451 12334 0.485103 13.8203
11451 12334 0.485704 13.837
11450 12334 0.486304 13.8537
11449 12334 0.486904 13.8703
11446 12334 0.487505 13.887
11444 12334 0.488105 13.9037
11442 12334 0.488705 13.9203
11442 12334 0.489306 13.937
11439 12334 0.489906 13.9537
11438 12334 0.490507 13.9703
11436 12334 0.491107 13.987
11436 12334 0.491707 14.0037
11432 12334 0.492308 14.0203
11432 12334 0.492908 14.037
11429 12334 0.493508 14.0536
11428 12334 0.494109 14.0703
11425 12334 0.494709 14.087
11422 12334 0.49531 14.1036
11422 12334 0.49591 14.1203
11419 12334 0.49651 14.137
11419 12334 0.497111 14.1536
11417 12334 0.497711 14.1703
11417 12334 0.498311 14.187
11415 12334 0.498912 14.2036
11411 12334 0.499512 14.2203
11410 12334 0.500112 14.237
11406 12334 0.500713 14.2536
11405 12334 0.501313 14.2703
11403 12334 0.501914 14.287
11401 12334 0.502514 14.3036
11399 12334 0.503114 14.3203
11396 12334 0.503715 14.337
11395 12334 0.504315 14.3536
11394 12334 0.504916 14.3703
11390 12334 0.505516 14.387
11386 12334 0.506116 14.4036
11385 12334 0.506717 14.4203
11382 12334 0.507317 14.437
11382 12334 0.507918 14.4536
11378 12334 0.508518 14.4703
11378 12334 0.509118 14.487
11376 12334 0.509719 14.5036
11373 12334 0.510319 14.5203
11370 12334 0.51092 14.537
11369 12334 0.51152 14.5536
11367 12334 0.51212 14.5703
11363 12334 0.512721 14.587
11360 12334 0.513321 14.6036
11358 12334 0.513922 14.6203
11356 12334 0.514522 14.637
11353 12334 0.515122 14.6536
11349 12334 0.515723 14.6703
11348 12334 0.516323 14.687
11344 12334 0.516924 14.7036
11343 12334 0.517524 14.7203
11339 12334 0.518124 14.737
11338 12334 0.518725 14.7536
11336 12334 0.519325 14.7703
11333 12334 0.519926 14.787
11332 12334 0.520526 14.8036
11331 12334 0.521126 14.8203
11329 12334 0.521727 14.837
11327 12334 0.522327 14.8536
11323 12334 0.522928 14.8703
11322 12334 0.523528 14.887
11322 12334 0.524128 14.9036
11317 12334 0.524729 14.9203
11316 12334 0.525329 14.937
11315 12334 0.52593 14.9536
11311 12334 0.52653 14.9703
11310 12334 0.52713 14.987
11308 12334 0.527731 15.0036
11307 12334 0.528331 15.0203
11306 12334 0.528932 15.037
11303 12334 0.529532 15.0536
11301 12334 0.530132 15.0703
11300 12334 0.530733 15.087
11299 12334 0.531333 15.1036
11296 12334 0.531934 15.1203
11294 12334 0.532534 15.137
11292 12334 0.533134 15.1536
11292 12334 0.533735 15.1703
11288 12334 0.534335 15.187
11288 12334 0.534936 15.2036
11285 12334 0.535536 15.2203
11283 12334 0.536136 15.237
11282 12334 0.536737 15.2536
11281 12334 0.537337 15.2703
11280 12334 0.537938 15.287
11276 12334 0.538538 15.3036
11276 12334 0.539138 15.3203
11273 12334 0.539739 15.337
11272 12334 0.540339 15.3536
11270 12334 0.54094 15.3703
11269 12334 0.54154 15.387
11268 12334 0.54214 15.4036
11265 12334 0.542741 15.4203
11265 12334 0.543341 15.437
11264 12334 0.543941 15.4536
11261 12334 0.544542 15.4703
11258 12334 0.545142 15.487
11257 12334 0.545743 15.5036
11255 12334 0.546343 15.5203
11253 12334 0.546943 15.537
11252 12334 0.547544 15.5536
11250 12334 0.548144 15.5703
11250 12334 0.548745 15.587
11249 12334 0.549345 15.6036
11248 12334 0.549945 15.6203
11246 12334 0.550546 15.637
11245 12334 0.551146 15.6536
11243 12334 0.551747 15.6703
11242 12334 0.552347 15.687
11239 12334 0.552947 15.7036
11238 12334 0.553548 15.7203
11236 12334 0.554148 15.737
11234 12334 0.554749 15.7536
11232 12334 0.555349 15.7703
11231 12334 0.555949 15.787
11228 12334 0.55655 15.8036
11228 12334 0.55715 15.8203
11227 12334 0.557751 15.837
11222 12334 0.558351 15.8536
11221 12334 0.558951 15.8703
11219 12334 0.559552 15.887
11215 12334 0.560152 15.9036
11213 12334 0.560753 15.9203
11212 12334 0.561353 15.937
11209 12334 0.561953 15.9536
11206 12334 0.562554 15.9703
11205 12334 0.563154 15.987
11203 12334 0.563755 16.0036
11200 12334 0.564355 16.0203
11199 12334 0.564955 16.037
11197 12334 0.565556 16.0536
11194 12334 0.566156 16.0703
11193 12334 0.566757 16.087
11190 12334 0.567357 16.1036
11187 12334 0.567957 16.1203
11185 12334 0.568558 16.137
11183 12334 0.569158 16.1536
11182 12334 0.569759 16.1703
11179 12334 0.570359 16.187
11179 12334 0.570959 16.2036
11175 12334 0.57156 16.2203
11174 12334 0.57216 16.2369
11171 12334 0.572761 16.2536
11168 12334 0.573361 16.2703
11165 12334 0.573961 16.2869
11163 12334 0.574562 16.3036
11160 12334 0.575162 16.3203
11160 12334 0.575763 16.3369
11156 12334 0.576363 16.3536
11154 12334 0.576963 16.3703
11152 12334 0.577564 16.3869
11147 12334 0.578164 16.4036
11146 12334 0.578765 16.4203
11145 12334 0.579365 16.4369
11143 12334 0.579965 16.4536
11141 12334 0.580566 16.4703
11139 12334 0.581166 16.4869
11137 12334 0.581767 16.5036
11135 12334 0.582367 16.5203
11134 12334 0.582967 16.5369
11133 12334 0.583568 16.5536
11127 12334 0.584168 16.5703
11125 12334 0.584769 16.5869
11123 12334 0.585369 16.6036
11120 12334 0.585969 16.6203
11117 12334 0.58657 16.6369
11116 12334 0.58717 16.6536
11114 12334 0.587771 16.6703
11112 12334 0.588371 16.6869
11112 12334 0.588971 16.7036
11109 12334 0.589572 16.7203
11106 12334 0.590172 16.7369
11104 12334 0.590773 16.7536
11104 12334 0.591373 16.7703
11103 12334 0.591973 16.7869
11100 12334 0.592574 16.8036
11098 12334 0.593174 16.8203
11096 12334 0.593774 16.8369
11095 12334 0.594375 16.8536
11095 12334 0.594975 16.8703
11089 12334 0.595576 16.8869
11086 12334 0.596176 16.9036
11084 12334 0.596776 16.9203
11083 12334 0.597377 16.9369
11081 12334 0.597977 16.9536
11080 12334 0.598578 16.9703
11077 12334 0.599178 16.9869
11076 12334 0.599778 17.0036
11073 12334 0.600379 17.0203
11071 12334 0.600979 17.0369
11070 12334 0.60158 17.0536
11067 12334 0.60218 17.0703
11064 12334 0.60278 17.0869
11063 12334 0.603381 17.1036
11062 12334 0.603981 17.1203
11062 12334 0.604582 17.1369
11059 12334 0.605182 17.1536
11056 12334 0.605782 17.1703
11052 12334 0.606383 17.1869
11050 12334 0.606983 17.2036
11048 12334 0.607584 17.2203
11047 12334 0.608184 17.2369
11045 12334 0.608784 17.2536
11045 12334 0.609385 17.2703
11042 12334 0.609985 17.2869
11040 12334 0.610586 17.3036
11038 12334 0.611186 17.3203
11036 12334 0.611786 17.3369
11036 12334 0.612387 17.3536
11034 12334 0.612987 17.3703
11030 12334 0.613588 17.3869
11027 12334 0.614188 17.4036
11026 12334 0.614788 17.4203
11024 12334 0.615389 17.4369
11022 12334 0.615989 17.4536
11019 12334 0.61659 17.4703
11018 12334 0.61719 17.4869
11015 12334 0.61779 17.5036
11013 12334 0.618391 17.5203
11011 12334 0.618991 17.5369
11011 12334 0.619592 17.5536
11008 12334 0.620192 17.5703
11005 12334 0.620792 17.5869
11004 12334 0.621393 17.6036
11000 12334 0.621993 17.6203
10998 12334 0.622594 17.6369
10998 12334 0.623194 17.6536
10996 12334 0.623794 17.6703
10995 12334 0.624395 17.6869
10992 12334 0.624995 17.7036
10989 12334 0.625596 17.7203
10988 12334 0.626196 17.7369
10985 12334 0.626796 17.7536
10985 12334 0.627397 17.7703
10980 12334 0.627997 17.7869
10976 12334 0.628598 17.8036
10976 12334 0.629198 17.8203
10973 12334 0.629798 17.8369
10970 12334 0.630399 17.8536
10968 12334 0.630999 17.8703
10967 12334 0.6316 17.8869
10965 12334 0.6322 17.9036
10961 12334 0.6328 17.9203
10959 12334 0.633401 17.9369
10956 12334 0.634001 17.9536
10956 12334 0.634602 17.9703
10954 12334 0.635202 17.9869
10953 12334 0.635802 18.0036
10946 12334 0.636403 18.0203
10945 12334 0.637003 18.0369
10945 12334 0.637604 18.0536
10942 12334 0.638204 18.0703
10938 12334 0.638804 18.0869
10934 12334 0.639405 18.1036
10932 12334 0.640005 18.1203
10931 12334 0.640606 18.1369
10929 12334 0.641206 18.1536
10928 12334 0.641806 18.1703
10925 12334 0.642407 18.1869
10922 12334 0.643007 18.2036
10918 12334 0.643607 18.2203
10916 12334 0.644208 18.2369
10915 12334 0.644808 18.2536
10911 12334 0.645409 18.2703
10910 12334 0.646009 18.2869
10907 12334 0.646609 18.3036
10905 12334 0.64721 18.3203
10902 12334 0.64781 18.3369
10899 12334 0.648411 18.3536
10897 12334 0.649011 18.3703
10895 12334 0.649611 18.3869
10894 12334 0.650212 18.4036
10891 12334 0.650812 18.4202
10891 12334 0.651413 18.4369
10887 12334 0.652013 18.4536
10885 12334 0.652613 18.4702
10882 12334 0.653214 18.4869
10880 12334 0.653814 18.5036
10879 12334 0.654415 18.5202
10876 12334 0.655015 18.5369
10874 12334 0.655615 18.5536
10871 12334 0.656216 18.5702
10870 12334 0.656816 18.5869
10869 12334 0.657417 18.6036
10866 12334 0.658017 18.6202
10865 12334 0.658617 18.6369
10863 12334 0.659218 18.6536
10862 12334 0.659818 18.6702
10858 12334 0.660419 18.6869
10856 12334 0.661019 18.7036
10854 12334 0.661619 18.7202
10852 12334 0.66222 18.7369
10849 12334 0.66282 18.7536
10848 12334 0.663421 18.7702
10843 12334 0.664021 18.7869
10842 12334 0.664621 18.8036
10839 12334 0.665222 18.8202
10838 12334 0.665822 18.8369
10836 12334 0.666423 18.8536
10830 12334 0.667023 18.8702
10830 12334 0.667623 18.8869
10827 12334 0.668224 18.9036
10825 12334 0.668824 18.9202
10824 12334 0.669425 18.9369
10819 12334 0.670025 18.9536
10816 12334 0.670625 18.9702
10815 12334 0.671226 18.9869
10811 12334 0.671826 19.0036
10807 12334 0.672427 19.0202
10806 12334 0.673027 19.0369
10806 12334 0.673627 19.0536
10803 12334 0.674228 19.0702
10802 12334 0.674828 19.0869
10800 12334 0.675429 19.1036
10796 12334 0.676029 19.1202
10796 12334 0.676629 19.1369
10794 12334 0.67723 19.1536
10791 12334 0.67783 19.1702
10790 12334 0.678431 19.1869
10789 12334 0.679031 19.2036
10786 12334 0.679631 19.2202
10782 12334 0.680232 19.2369
10782 12334 0.680832 19.2536
10778 12334 0.681433 19.2702
10773 12334 0.682033 19.2869
10771 12334 0.682633 19.3036
10771 12334 0.683234 19.3202
10769 12334 0.683834 19.3369
10769 12334 0.684435 19.3536
10762 12334 0.685035 19.3702
10759 12334 0.685635 19.3869
10757 12334 0.686236 19.4036
10753 12334 0.686836 19.4202
10750 12334 0.687437 19.4369
10748 12334 0.688037 19.4536
10744 12334 0.688637 19.4702
10742 12334 0.689238 19.4869
10741 12334 0.689838 19.5036
10739 12334 0.690439 19.5202
10739 12334 0.691039 19.5369
10738 12334 0.691639 19.5536
10735 12334 0.69224 19.5702
10732 12334 0.69284 19.5869
10730 12334 0.69344 19.6036
10728 12334 0.694041 19.6202
10727 12334 0.694641 19.6369
10725 12334 0.695242 19.6536
10722 12334 0.695842 19.6702
10721 12334 0.696442 19.6869
10718 12334 0.697043 19.7036
10715 12334 0.697643 19.7202
10712 12334 0.698244 19.7369
10711 12334 0.698844 19.7536
10707 12334 0.699444 19.7702
10704 12334 0.700045 19.7869
10702 12334 0.700645 19.8036
10699 12334 0.701246 19.8202
10699 12334 0.701846 19.8369
10697 12334 0.702446 19.8536
10692 12334 0.703047 19.8702
10691 12334 0.703647 19.8869
10688 12334 0.704248 19.9036
10686 12334 0.704848 19.9202
10683 12334 0.705448 19.9369
10680 12334 0.706049 19.9536
10677 12334 0.706649 19.9702
10676 12334 0.70725 19.9869
10674 12334 0.70785 20.0036
10670 12334 0.70845 20.0202
10668 12334 0.709051 20.0369
10667 12334 0.709651 20.0536
10665 12334 0.710252 20.0702
10662 12334 0.710852 20.0869
10659 12334 0.711452 20.1036
10655 12334 0.712053 20.1202
10652 12334 0.712653 20.1369
10650 12334 0.713254 20.1536
10648 12334 0.713854 20.1702
10646 12334 0.714454 20.1869
10640 12334 0.715055 20.2036
10640 12334 0.715655 20.2202
10638 12334 0.716256 20.2369
10635 12334 0.716856 20.2536
10633 12334 0.717456 20.2702
10629 12334 0.718057 20.2869
10629 12334 0.718657 20.3036
10627 12334 0.719258 20.3202
10622 12334 0.719858 20.3369
10621 12334 0.720458 20.3536
10617 12334 0.721059 20.3702
10616 12334 0.721659 20.3869
10612 12334 0.72226 20.4036
10610 12334 0.72286 20.4202
10606 12334 0.72346 20.4369
10601 12334 0.724061 20.4536
10600 12334 0.724661 20.4702
10597 12334 0.725262 20.4869
10595 12334 0.725862 20.5036
10594 12334 0.726462 20.5202
10591 12334 0.727063 20.5369
10589 12334 0.727663 20.5536
10585 12334 0.728264 20.5702
10584 12334 0.728864 20.5869
10581 12334 0.729464 20.6035
10580 12334 0.730065 20.6202
10577 12334 0.730665 20.6369
10572 12334 0.731266 20.6535
10570 12334 0.731866 20.6702
10568 12334 0.732466 20.6869
10564 12334 0.733067 20.7035
10563 12334 0.733667 20.7202
10559 12334 0.734268 20.7369
10556 12334 0.734868 20.7535
10554 12334 0.735468 20.7702
10550 12334 0.736069 20.7869
10548 12334 0.736669 20.8035
10546 12334 0.73727 20.8202
10544 12334 0.73787 20.8369
10539 12334 0.73847 20.8535
10535 12334 0.739071 20.8702
10532 12334 0.739671 20.8869
10531 12334 0.740272 20.9035
10528 12334 0.740872 20.9202
10526 12334 0.741472 20.9369
10522 12334 0.742073 20.9535
10520 12334 0.742673 20.9702
10519 12334 0.743273 20.9869
10513 12334 0.743874 21.0035
10512 12334 0.744474 21.0202
10509 12334 0.745075 21.0369
10503 12334 0.745675 21.0535
10503 12334 0.746275 21.0702
10502 12334 0.746876 21.0869
10497 12334 0.747476 21.1035
10495 12334 0.748077 21.1202
10494 12334 0.748677 21.1369
10491 12334 0.749277 21.1535
10487 12334 0.749878 21.1702
10484 12334 0.750478 21.1869
10484 12334 0.751079 21.2035
10481 12334 0.751679 21.2202
10480 12334 0.752279 21.2369
10479 12334 0.75288 21.2535
10474 12334 0.75348 21.2702
10472 12334 0.754081 21.2869
10468 12334 0.754681 21.3035
10463 12334 0.755281 21.3202
10463 12334 0.755882 21.3369
10461 12334 0.756482 21.3535
10457 12334 0.757083 21.3702
10454 12334 0.757683 21.3869
10451 12334 0.758283 21.4035
10449 12334 0.758884 21.4202
10446 12334 0.759484 21.4369
10446 12334 0.760085 21.4535
10439 12334 0.760685 21.4702
10437 12334 0.761285 21.4869
10434 12334 0.761886 21.5035
10430 12334 0.762486 21.5202
10428 12334 0.763087 21.5369
10425 12334 0.763687 21.5535
10423 12334 0.764287 21.5702
10419 12334 0.764888 21.5869
10417 12334 0.765488 21.6035
10416 12334 0.766089 21.6202
10412 12334 0.766689 21.6369
10410 12334 0.767289 21.6535
10407 12334 0.76789 21.6702
10399 12334 0.76849 21.6869
10397 12334 0.769091 21.7035
10395 12334 0.769691 21.7202
10394 12334 0.770291 21.7369
10389 12334 0.770892 21.7535
10386 12334 0.771492 21.7702
10384 12334 0.772093 21.7869
10380 12334 0.772693 21.8035
10377 12334 0.773293 21.8202
10373 12334 0.773894 21.8369
10371 12334 0.774494 21.8535
10369 12334 0.775095 21.8702
10366 12334 0.775695 21.8869
10361 12334 0.776295 21.9035
10359 12334 0.776896 21.9202
10357 12334 0.777496 21.9369
10354 12334 0.778097 21.9535
10351 12334 0.778697 21.9702
10349 12334 0.779297 21.9869
10345 12334 0.779898 22.0035
10342 12334 0.780498 22.0202
10337 12334 0.781099 22.0369
10336 12334 0.781699 22.0535
10333 12334 0.782299 22.0702
10329 12334 0.7829 22.0869
10325 12334 0.7835 22.1035
10323 12334 0.784101 22.1202
10321 12334 0.784701 22.1369
10319 12334 0.785301 22.1535
10314 12334 0.785902 22.1702
10311 12334 0.786502 22.1869
10307 12334 0.787103 22.2035
10304 12334 0.787703 22.2202
10302 12334 0.788303 22.2369
10299 12334 0.788904 22.2535
10296 12334 0.789504 22.2702
10293 12334 0.790105 22.2869
10290 12334 0.790705 22.3035
10286 12334 0.791305 22.3202
10285 12334 0.791906 22.3369
10280 12334 0.792506 22.3535
10278 12334 0.793106 22.3702
10273 12334 0.793707 22.3869
10271 12334 0.794307 22.4035
10266 12334 0.794908 22.4202
10264 12334 0.795508 22.4369
10263 12334 0.796108 22.4535
10258 12334 0.796709 22.4702
10256 12334 0.797309 22.4869
10255 12334 0.79791 22.5035
10254 12334 0.79851 22.5202
10250 12334 0.79911 22.5369
10245 12334 0.799711 22.5535
10241 12334 0.800311 22.5702
10240 12334 0.800912 22.5869
10236 12334 0.801512 22.6035
10234 12334 0.802112 22.6202
10233 12334 0.802713 22.6369
10230 12334 0.803313 22.6535
10225 12334 0.803914 22.6702
10222 12334 0.804514 22.6869
10219 12334 0.805114 22.7035
10217 12334 0.805715 22.7202
10215 12334 0.806315 22.7369
10210 12334 0.806916 22.7535
10208 12334 0.807516 22.7702
10204 12334 0.808116 22.7868
10201 12334 0.808717 22.8035
10200 12334 0.809317 22.8202
10194 12334 0.809918 22.8368
10192 12334 0.810518 22.8535
10188 12334 0.811118 22.8702
10186 12334 0.811719 22.8868
10180 12334 0.812319 22.9035
10178 12334 0.81292 22.9202
10175 12334 0.81352 22.9368
10173 12334 0.81412 22.9535
10170 12334 0.814721 22.9702
10167 12334 0.815321 22.9868
10163 12334 0.815922 23.0035
10160 12334 0.816522 23.0202
10158 12334 0.817122 23.0368
10155 12334 0.817723 23.0535
10153 12334 0.818323 23.0702
10150 12334 0.818924 23.0868
10146 12334 0.819524 23.1035
10142 12334 0.820124 23.1202
10141 12334 0.820725 23.1368
10138 12334 0.821325 23.1535
10131 12334 0.821926 23.1702
10128 12334 0.822526 23.1868
10124 12334 0.823126 23.2035
10121 12334 0.823727 23.2202
10115 12334 0.824327 23.2368
10113 12334 0.824928 23.2535
10111 12334 0.825528 23.2702
10108 12334 0.826128 23.2868
10104 12334 0.826729 23.3035
10102 12334 0.827329 23.3202
10099 12334 0.82793 23.3368
10093 12334 0.82853 23.3535
10089 12334 0.82913 23.3702
10088 12334 0.829731 23.3868
10085 12334 0.830331 23.4035
10080 12334 0.830932 23.4202
10078 12334 0.831532 23.4368
10075 12334 0.832132 23.4535
10072 12334 0.832733 23.4702
10069 12334 0.833333 23.4868
10063 12334 0.833934 23.5035
10063 12334 0.834534 23.5202
10060 12334 0.835134 23.5368
10057 12334 0.835735 23.5535
10052 12334 0.836335 23.5702
10050 12334 0.836936 23.5868
10047 12334 0.837536 23.6035
10042 12334 0.838136 23.6202
10040 12334 0.838737 23.6368
10035 12334 0.839337 23.6535
10033 12334 0.839938 23.6702
10028 12334 0.840538 23.6868
10025 12334 0.841138 23.7035
10022 12334 0.841739 23.7202
10020 12334 0.842339 23.7368
10014 12334 0.842939 23.7535
10012 12334 0.84354 23.7702
10008 12334 0.84414 23.7868
10004 12334 0.844741 23.8035
10002 12334 0.845341 23.8202
9997 12334 0.845941 23.8368
9996 12334 0.846542 23.8535
9991 12334 0.847142 23.8702
9987 12334 0.847743 23.8868
9985 12334 0.848343 23.9035
9983 12334 0.848943 23.9202
9979 12334 0.849544 23.9368
9977 12334 0.850144 23.9535
9972 12334 0.850745 23.9702
9968 12334 0.851345 23.9868
9966 12334 0.851945 24.0035
9964 12334 0.852546 24.0202
9959 12334 0.853146 24.0368
9957 12334 0.853747 24.0535
9954 12334 0.854347 24.0702
9949 12334 0.854947 24.0868
9947 12334 0.855548 24.1035
9941 12334 0.856148 24.1202
9939 12334 0.856749 24.1368
9936 12334 0.857349 24.1535
9932 12334 0.857949 24.1702
9928 12334 0.85855 24.1868
9926 12334 0.85915 24.2035
9923 12334 0.859751 24.2202
9918 12334 0.860351 24.2368
9915 12334 0.860951 24.2535
9913 12334 0.861552 24.2702
9911 12334 0.862152 24.2868
9904 12334 0.862753 24.3035
9901 12334 0.863353 24.3202
9895 12334 0.863953 24.3368
9894 12334 0.864554 24.3535
9890 12334 0.865154 24.3702
9886 12334 0.865755 24.3868
9882 12334 0.866355 24.4035
9881 12334 0.866955 24.4202
9876 12334 0.867556 24.4368
9871 12334 0.868156 24.4535
9867 12334 0.868757 24.4702
9866 12334 0.869357 24.4868
9861 12334 0.869957 24.5035
9857 12334 0.870558 24.5202
9850 12334 0.871158 24.5368
9849 12334 0.871759 24.5535
9842 12334 0.872359 24.5702
9839 12334 0.872959 24.5868
9836 12334 0.87356 24.6035
9833 12334 0.87416 24.6202
9830 12334 0.874761 24.6368
9824 12334 0.875361 24.6535
9818 12334 0.875961 24.6702
9814 12334 0.876562 24.6868
9811 12334 0.877162 24.7035
9809 12334 0.877763 24.7202
9804 12334 0.878363 24.7368
9799 12334 0.878963 24.7535
9795 12334 0.879564 24.7702
9791 12334 0.880164 24.7868
9787 12334 0.880765 24.8035
9784 12334 0.881365 24.8202
9779 12334 0.881965 24.8368
9776 12334 0.882566 24.8535
9770 12334 0.883166 24.8702
9767 12334 0.883767 24.8868
9763 12334 0.884367 24.9035
9757 12334 0.884967 24.9202
9753 12334 0.885568 24.9368
9750 12334 0.886168 24.9535
9747 12334 0.886769 24.9701
9743 12334 0.887369 24.9868
9736 12334 0.887969 25.0035
9734 12334 0.88857 25.0201
9730 12334 0.88917 25.0368
9724 12334 0.889771 25.0535
9723 12334 0.890371 25.0701
9716 12334 0.890971 25.0868
9712 12334 0.891572 25.1035
9709 12334 0.892172 25.1201
9706 12334 0.892772 25.1368
9703 12334 0.893373 25.1535
9697 12334 0.893973 25.1701
9694 12334 0.894574 25.1868
9688 12334 0.895174 25.2035
9687 12334 0.895774 25.2201
9682 12334 0.896375 25.2368
9677 12334 0.896975 25.2535
9675 12334 0.897576 25.2701
9670 12334 0.898176 25.2868
9665 12334 0.898776 25.3035
9662 12334 0.899377 25.3201
9659 12334 0.899977 25.3368
9654 12334 0.900578 25.3535
9650 12334 0.901178 25.3701
9648 12334 0.901778 25.3868
9643 12334 0.902379 25.4035
9640 12334 0.902979 25.4201
9636 12334 0.90358 25.4368
9630 12334 0.90418 25.4535
9626 12334 0.90478 25.4701
9620 12334 0.905381 25.4868
9620 12334 0.905981 25.5035
9616 12334 0.906582 25.5201
9615 12334 0.907182 25.5368
9606 12334 0.907782 25.5535
9605 12334 0.908383 25.5701
9600 12334 0.908983 25.5868
9595 12334 0.909584 25.6035
9591 12334 0.910184 25.6201
9587 12334 0.910784 25.6368
9584 12334 0.911385 25.6535
9578 12334 0.911985 25.6701
9575 12334 0.912586 25.6868
9568 12334 0.913186 25.7035
9564 12334 0.913786 25.7201
9562 12334 0.914387 25.7368
9557 12334 0.914987 25.7535
9555 12334 0.915588 25.7701
9550 12334 0.916188 25.7868
9546 12334 0.916788 25.8035
9544 12334 0.917389 25.8201
9539 12334 0.917989 25.8368
9535 12334 0.91859 25.8535
9531 12334 0.91919 25.8701
9528 12334 0.91979 25.8868
9525 12334 0.920391 25.9035
9516 12334 0.920991 25.9201
9515 12334 0.921592 25.9368
9509 12334 0.922192 25.9535
9506 12334 0.922792 25.9701
9504 12334 0.923393 25.9868
9498 12334 0.923993 26.0035
9494 12334 0.924594 26.0201
9490 12334 0.925194 26.0368
9484 12334 0.925794 26.0535
9482 12334 0.926395 26.0701
9476 12334 0.926995 26.0868
9473 12334 0.927596 26.1035
9468 12334 0.928196 26.1201
9464 12334 0.928796 26.1368
9459 12334 0.929397 26.1535
9453 12334 0.929997 26.1701
9451 12334 0.930598 26.1868
9444 12334 0.931198 26.2035
9441 12334 0.931798 26.2201
9436 12334 0.932399 26.2368
9433 12334 0.932999 26.2535
9427 12334 0.9336 26.2701
9422 12334 0.9342 26.2868
9417 12334 0.9348 26.3035
9416 12334 0.935401 26.3201
9410 12334 0.936001 26.3368
9404 12334 0.936602 26.3535
9400 12334 0.937202 26.3701
9395 12334 0.937802 26.3868
9393 12334 0.938403 26.4035
9386 12334 0.939003 26.4201
9381 12334 0.939604 26.4368
9378 12334 0.940204 26.4535
9373 12334 0.940804 26.4701
9367 12334 0.941405 26.4868
9362 12334 0.942005 26.5035
9354 12334 0.942605 26.5201
9351 12334 0.943206 26.5368
9346 12334 0.943806 26.5535
9340 12334 0.944407 26.5701
9336 12334 0.945007 26.5868
9334 12334 0.945607 26.6035
9325 12334 0.946208 26.6201
9319 12334 0.946808 26.6368
9317 12334 0.947409 26.6535
9313 12334 0.948009 26.6701
9308 12334 0.948609 26.6868
9302 12334 0.94921 26.7035
9299 12334 0.94981 26.7201
9293 12334 0.950411 26.7368
9288 12334 0.951011 26.7535
9285 12334 0.951611 26.7701
9281 12334 0.952212 26.7868
9273 12334 0.952812 26.8035
9271 12334 0.953413 26.8201
9268 12334 0.954013 26.8368
9264 12334 0.954613 26.8535
9258 12334 0.955214 26.8701
9250 12334 0.955814 26.8868
9247 12334 0.956415 26.9035
9244 12334 0.957015 26.9201
9238 12334 0.957615 26.9368
9234 12334 0.958216 26.9535
9228 12334 0.958816 26.9701
9223 12334 0.959417 26.9868
9220 12334 0.960017 27.0035
9214 12334 0.960617 27.0201
9210 12334 0.961218 27.0368
9204 12334 0.961818 27.0535
9201 12334 0.962419 27.0701
9197 12334 0.963019 27.0868
9191 12334 0.963619 27.1035
9186 12334 0.96422 27.1201
9179 12334 0.96482 27.1368
9174 12334 0.965421 27.1535
9171 12334 0.966021 27.1701
9166 12334 0.966621 27.1868
9158 12334 0.967222 27.2034
9154 12334 0.967822 27.2201
9150 12334 0.968423 27.2368
9144 12334 0.969023 27.2534
9139 12334 0.969623 27.2701
9132 12334 0.970224 27.2868
9130 12334 0.970824 27.3034
9122 12334 0.971425 27.3201
9117 12334 0.972025 27.3368
9113 12334 0.972625 27.3534
9107 12334 0.973226 27.3701
9100 12334 0.973826 27.3868
9096 12334 0.974427 27.4034
9092 12334 0.975027 27.4201
9084 12334 0.975627 27.4368
9083 12334 0.976228 27.4534
9074 12334 0.976828 27.4701
9071 12334 0.977429 27.4868
9063 12334 0.978029 27.5034
9059 12334 0.978629 27.5201
9053 12334 0.97923 27.5368
9047 12334 0.97983 27.5534
9042 12334 0.980431 27.5701
9036 12334 0.981031 27.5868
9032 12334 0.981631 27.6034
9025 12334 0.982232 27.6201
9019 12334 0.982832 27.6368
9013 12334 0.983433 27.6534
9008 12334 0.984033 27.6701
9004 12334 0.984633 27.6868
8997 12334 0.985234 27.7034
8991 12334 0.985834 27.7201
8989 12334 0.986435 27.7368
8983 12334 0.987035 27.7534
8976 12334 0.987635 27.7701
8974 12334 0.988236 27.7868
8964 12334 0.988836 27.8034
8960 12334 0.989437 27.8201
8954 12334 0.990037 27.8368
8949 12334 0.990637 27.8534
8942 12334 0.991238 27.8701
8936 12334 0.991838 27.8868
8932 12334 0.992438 27.9034
8927 12334 0.993039 27.9201
8921 12334 0.993639 27.9368
8916 12334 0.99424 27.9534
8909 12334 0.99484 27.9701
8906 12334 0.99544 27.9868
8902 12334 0.996041 28.0034
8894 12334 0.996641 28.0201
8887 12334 0.997242 28.0368
8884 12334 0.997842 28.0534
8878 12334 0.998442 28.0701
8872 12334 0.999043 28.0868
8868 12334 0.999643 28.1034
8863 12334 1.00024 28.1201
8856 12334 1.00084 28.1368
8848 12334 1.00144 28.1534
8844 12334 1.00204 28.1701
8842 12334 1.00265 28.1868
8835 12334 1.00325 28.2034
8829 12334 1.00385 28.2201
8822 12334 1.00445 28.2368
8814 12334 1.00505 28.2534
8811 12334 1.00565 28.2701
8808 12334 1.00625 28.2868
8801 12334 1.00685 28.3034
8794 12334 1.00745 28.3201
8790 12334 1.00805 28.3368
8781 12334 1.00865 28.3534
8776 12334 1.00925 28.3701
8773 12334 1.00985 28.3868
8765 12334 1.01045 28.4034
8757 12334 1.01105 28.4201
8751 12334 1.01165 28.4368
8749 12334 1.01225 28.4534
8740 12334 1.01285 28.4701
8735 12334 1.01345 28.4868
8731 12334 1.01405 28.5034
8726 12334 1.01465 28.5201
8719 12334 1.01525 28.5368
8713 12334 1.01585 28.5534
8709 12334 1.01645 28.5701
8702 12334 1.01705 28.5868
8694 12334 1.01765 28.6034
8689 12334 1.01825 28.6201
8684 12334 1.01885 28.6368
8676 12334 1.01945 28.6534
8672 12334 1.02005 28.6701
8667 12334 1.02066 28.6868
8660 12334 1.02126 28.7034
8651 12334 1.02186 28.7201
8647 12334 1.02246 28.7368
8641 12334 1.02306 28.7534
8633 12334 1.02366 28.7701
8630 12334 1.02426 28.7868
8623 12334 1.02486 28.8034
8616 12334 1.02546 28.8201
8612 12334 1.02606 28.8368
8606 12334 1.02666 28.8534
8599 12334 1.02726 28.8701
8594 12334 1.02786 28.8868
8590 12334 1.02846 28.9034
8585 12334 1.02906 28.9201
8579 12334 1.02966 28.9368
8574 12334 1.03026 28.9534
8567 12334 1.03086 28.9701
8563 12334 1.03146 28.9868
8554 12334 1.03206 29.0034
8550 12334 1.03266 29.0201
8544 12334 1.03326 29.0368
8537 12334 1.03386 29.0534
8530 12334 1.03446 29.0701
8525 12334 1.03506 29.0868
8519 12334 1.03566 29.1034
8511 12334 1.03626 29.1201
8509 12334 1.03686 29.1368
8503 12334 1.03746 29.1534
8496 12334 1.03806 29.1701
8488 12334 1.03867 29.1868
8481 12334 1.03927 29.2034
8475 12334 1.03987 29.2201
8472 12334 1.04047 29.2368
8463 12334 1.04107 29.2534
8457 12334 1.04167 29.2701
8451 12334 1.04227 29.2868
8443 12334 1.04287 29.3034
8437 12334 1.04347 29.3201
8433 12334 1.04407 29.3368
8430 12334 1.04467 29.3534
8416 12334 1.04527 29.3701
8413 12334 1.04587 29.3867
8406 12334 1.04647 29.4034
8400 12334 1.04707 29.4201
8394 12334 1.04767 29.4367
8388 12334 1.04827 29.4534
8376 12334 1.04887 29.4701
8374 12334 1.04947 29.4867
8369 12334 1.05007 29.5034
8360 12334 1.05067 29.5201
8355 12334 1.05127 29.5367
8351 12334 1.05187 29.5534
8344 12334 1.05247 29.5701
8335 12334 1.05307 29.5867
8331 12334 1.05367 29.6034
8323 12334 1.05427 29.6201
8316 12334 1.05487 29.6367
8309 12334 1.05547 29.6534
8302 12334 1.05608 29.6701
8296 12334 1.05668 29.6867
8292 12334 1.05728 29.7034
8284 12334 1.05788 29.7201
8277 12334 1.05848 29.7367
8268 12334 1.05908 29.7534
8265 12334 1.05968 29.7701
8259 12334 1.06028 29.7867
8249 12334 1.06088 29.8034
8244 12334 1.06148 29.8201
8239 12334 1.06208 29.8367
8231 12334 1.06268 29.8534
8226 12334 1.06328 29.8701
8220 12334 1.06388 29.8867
8212 12334 1.06448 29.9034
8206 12334 1.06508 29.9201
8199 12334 1.06568 29.9367
8192 12334 1.06628 29.9534
8187 12334 1.06688 29.9701
8180 12334 1.06748 29.9867
8172 12334 1.06808 30.0034
8166 12334 1.06868 30.0201
8160 12334 1.06928 30.0367
8152 12334 1.06988 30.0534
8149 12334 1.07048 30.0701
8142 12334 1.07108 30.0867
8136 12334 1.07168 30.1034
8129 12334 1.07228 30.1201
8120 12334 1.07288 30.1367
8117 12334 1.07348 30.1534
8109 12334 1.07409 30.1701
8103 12334 1.07469 30.1867
8097 12334 1.07529 30.2034
8091 12334 1.07589 30.2201
8088 12334 1.07649 30.2367
8078 12334 1.07709 30.2534
8072 12334 1.07769 30.2701
8064 12334 1.07829 30.2867
8056 12334 1.07889 30.3034
8054 12334 1.07949 30.3201
8046 12334 1.08009 30.3367
8038 12334 1.08069 30.3534
8032 12334 1.08129 30.3701
8027 12334 1.08189 30.3867
8017 12334 1.08249 30.4034
8011 12334 1.08309 30.4201
8005 12334 1.08369 30.4367
7997 12334 1.08429 30.4534
7994 12334 1.08489 30.4701
7987 12334 1.08549 30.4867
7979 12334 1.08609 30.5034
7973 12334 1.08669 30.5201
7967 12334 1.08729 30.5367
7957 12334 1.08789 30.5534
7952 12334 1.08849 30.5701
7946 12334 1.08909 30.5867
7942 12334 1.08969 30.6034
7936 12334 1.09029 30.6201
7925 12334 1.09089 30.6367
7919 12334 1.0915 30.6534
7914 12334 1.0921 30.6701
7910 12334 1.0927 30.6867
7899 12334 1.0933 30.7034
7893 12334 1.0939 30.7201
7888 12334 1.0945 30.7367
7883 12334 1.0951 30.7534
7873 12334 1.0957 30.7701
7866 12334 1.0963 30.7867
7863 12334 1.0969 30.8034
7853 12334 1.0975 30.8201
7848 12334 1.0981 30.8367
7843 12334 1.0987 30.8534
7835 12334 1.0993 30.8701
7826 12334 1.0999 30.8867
7823 12334 1.1005 30.9034
7814 12334 1.1011 30.9201
7809 12334 1.1017 30.9367
7802 12334 1.1023 30.9534
7796 12334 1.1029 30.9701
7790 12334 1.1035 30.9867
7782 12334 1.1041 31.0034
7777 12334 1.1047 31.0201
7770 12334 1.1053 31.0367
7762 12334 1.1059 31.0534
7757 12334 1.1065 31.0701
7749 12334 1.1071 31.0867
7743 12334 1.1077 31.1034
7739 12334 1.1083 31.1201
7733 12334 1.1089 31.1367
7722 12334 1.10951 31.1534
7717 12334 1.11011 31.1701
7710 12334 1.11071 31.1867
7703 12334 1.11131 31.2034
7695 12334 1.11191 31.2201
7689 12334 1.11251 31.2367
7685 12334 1.11311 31.2534
7675 12334 1.11371 31.2701
7669 12334 1.11431 31.2867
7662 12334 1.11491 31.3034
7656 12334 1.11551 31.3201
7648 12334 1.11611 31.3367
7643 12334 1.11671 31.3534
7636 12334 1.11731 31.3701
7626 12334 1.11791 31.3867
7624 12334 1.11851 31.4034
7614 12334 1.11911 31.4201
7608 12334 1.11971 31.4367
7603 12334 1.12031 31.4534
7595 12334 1.12091 31.4701
7588 12334 1.12151 31.4867
7584 12334 1.12211 31.5034
7578 12334 1.12271 31.5201
7570 12334 1.12331 31.5367
7563 12334 1.12391 31.5534
7556 12334 1.12451 31.57
7550 12334 1.12511 31.5867
7541 12334 1.12571 31.6034
7534 12334 1.12631 31.62
7526 12334 1.12691 31.6367
7522 12334 1.12752 31.6534
7517 12334 1.12812 31.67
7511 12334 1.12872 31.6867
7507 12334 1.12932 31.7034
7497 12334 1.12992 31.72
7491 12334 1.13052 31.7367
7485 12334 1.13112 31.7534
7478 12334 1.13172 31.77
7474 12334 1.13232 31.7867
7464 12334 1.13292 31.8034
7456 12334 1.13352 31.82
7453 12334 1.13412 31.8367
7446 12334 1.13472 31.8534
7436 12334 1.13532 31.87
7430 12334 1.13592 31.8867
7424 12334 1.13652 31.9034
7419 12334 1.13712 31.92
7410 12334 1.13772 31.9367
7407 12334 1.13832 31.9534
7395 12334 1.13892 31.97
7390 12334 1.13952 31.9867
7384 12334 1.14012 32.0034
7375 12334 1.14072 32.02
7370 12334 1.14132 32.0367
7363 12334 1.14192 32.0534
7356 12334 1.14252 32.07
7349 12334 1.14312 32.0867
7342 12334 1.14372 32.1034
7338 12334 1.14432 32.12
7328 12334 1.14493 32.1367
7322 12334 1.14553 32.1534
7315 12334 1.14613 32.17
7305 12334 1.14673 32.1867
7300 12334 1.14733 32.2034
7292 12334 1.14793 32.22
7285 12334 1.14853 32.2367
7279 12334 1.14913 32.2534
7273 12334 1.14973 32.27
7267 12334 1.15033 32.2867
7260 12334 1.15093 32.3034
7254 12334 1.15153 32.32
7246 12334 1.15213 32.3367
7239 12334 1.15273 32.3534
7230 12334 1.15333 32.37
7224 12334 1.15393 32.3867
7218 12334 1.15453 32.4034
7211 12334 1.15513 32.42
7199 12334 1.15573 32.4367
7196 12334 1.15633 32.4534
7190 12334 1.15693 32.47
7182 12334 1.15753 32.4867
7174 12334 1.15813 32.5034
7170 12334 1.15873 32.52
7163 12334 1.15933 32.5367
7154 12334 1.15993 32.5534
7146 12334 1.16053 32.57
7141 12334 1.16113 32.5867
7135 12334 1.16173 32.6034
7130 12334 1.16233 32.62
7120 12334 1.16294 32.6367
7115 12334 1.16354 32.6534
7104 12334 1.16414 32.67
7098 12334 1.16474 32.6867
7092 12334 1.16534 32.7034
7086 12334 1.16594 32.72
7080 12334 1.16654 32.7367
7071 12334 1.16714 32.7534
7067 12334 1.16774 32.77
7063 12334 1.16834 32.7867
7053 12334 1.16894 32.8034
7044 12334 1.16954 32.82
7038 12334 1.17014 32.8367
7032 12334 1.17074 32.8534
7026 12334 1.17134 32.87
7019 12334 1.17194 32.8867
7013 12334 1.17254 32.9034
7003 12334 1.17314 32.92
6995 12334 1.17374 32.9367
6991 12334 1.17434 32.9534
6986 12334 1.17494 32.97
6979 12334 1.17554 32.9867
6969 12334 1.17614 33.0034
6965 12334 1.17674 33.02
6957 12334 1.17734 33.0367
6950 12334 1.17794 33.0534
6942 12334 1.17854 33.07
6934 12334 1.17914 33.0867
6928 12334 1.17974 33.1034
6923 12334 1.18035 33.12
6917 12334 1.18095 33.1367
6911 12334 1.18155 33.1534
6904 12334 1.18215 33.17
6892 12334 1.18275 33.1867
6888 12334 1.18335 33.2034
6882 12334 1.18395 33.22
6876 12334 1.18455 33.2367
6868 12334 1.18515 33.2534
6862 12334 1.18575 33.27
6855 12334 1.18635 33.2867
6850 12334 1.18695 33.3034
6842 12334 1.18755 33.32
6833 12334 1.18815 33.3367
6827 12334 1.18875 33.3534
6823 12334 1.18935 33.37
6814 12334 1.18995 33.3867
6806 12334 1.19055 33.4034
6803 12334 1.19115 33.42
6794 12334 1.19175 33.4367
6788 12334 1.19235 33.4534
6782 12334 1.19295 33.47
6773 12334 1.19355 33.4867
6768 12334 1.19415 33.5034
6760 12334 1.19475 33.52
6755 12334 1.19535 33.5367
6749 12334 1.19595 33.5534
6742 12334 1.19655 33.57
6734 12334 1.19715 33.5867
6727 12334 1.19775 33.6034
6725 12334 1.19836 33.62
6715 12334 1.19896 33.6367
6708 12334 1.19956 33.6534
6703 12334 1.20016 33.67
6695 12334 1.20076 33.6867
6688 12334 1.20136 33.7034
6678 12334 1.20196 33.72
6671 12334 1.20256 33.7367
6668 12334 1.20316 33.7533
6661 12334 1.20376 33.77
6654 12334 1.20436 33.7867
6649 12334 1.20496 33.8033
6643 12334 1.20556 33.82
6636 12334 1.20616 33.8367
6629 12334 1.20676 33.8533
6624 12334 1.20736 33.87
6615 12334 1.20796 33.8867
6610 12334 1.20856 33.9033
6601 12334 1.20916 33.92
6591 12334 1.20976 33.9367
6589 12334 1.21036 33.9533
6582 12334 1.21096 33.97
6573 12334 1.21156 33.9867
6566 12334 1.21216 34.0033
6560 12334 1.21276 34.02
6552 12334 1.21336 34.0367
6547 12334 1.21396 34.0533
6538 12334 1.21456 34.07
6532 12334 1.21516 34.0867
6529 12334 1.21576 34.1033
6523 12334 1.21637 34.12
6514 12334 1.21697 34.1367
6506 12334 1.21757 34.1533
6499 12334 1.21817 34.17
6498 12334 1.21877 34.1867
6487 12334 1.21937 34.2033
6481 12334 1.21997 34.22
6475 12334 1.22057 34.2367
6468 12334 1.22117 34.2533
6464 12334 1.22177 34.27
6455 12334 1.22237 34.2867
6451 12334 1.22297 34.3033
6444 12334 1.22357 34.32
6433 12334 1.22417 34.3367
6430 12334 1.22477 34.3533
6423 12334 1.22537 34.37
6413 12334 1.22597 34.3867
6407 12334 1.22657 34.4033
6405 12334 1.22717 34.42
6393 12334 1.22777 34.4367
6387 12334 1.22837 34.4533
6381 12334 1.22897 34.47
6374 12334 1.22957 34.4867
6369 12334 1.23017 34.5033
6357 12334 1.23077 34.52
6353 12334 1.23137 34.5367
6348 12334 1.23197 34.5533
6341 12334 1.23257 34.57
6332 12334 1.23317 34.5867
6324 12334 1.23378 34.6033
6316 12334 1.23438 34.62
6312 12334 1.23498 34.6367
6305 12334 1.23558 34.6533
6298 12334 1.23618 34.67
6289 12334 1.23678 34.6867
6280 12334 1.23738 34.7033
6276 12334 1.23798 34.72
6271 12334 1.23858 34.7367
6265 12334 1.23918 34.7533
6257 12334 1.23978 34.77
6251 12334 1.24038 34.7867
6245 12334 1.24098 34.8033
6235 12334 1.24158 34.82
6226 12334 1.24218 34.8367
6222 12334 1.24278 34.8533
6212 12334 1.24338 34.87
6208 12334 1.24398 34.8867
6201 12334 1.24458 34.9033
6194 12334 1.24518 34.92
6187 12334 1.24578 34.9367
6182 12334 1.24638 34.9533
6172 12334 1.24698 34.97
6165 12334 1.24758 34.9867
6158 12334 1.24818 35.0033
6154 12334 1.24878 35.02
6144 12334 1.24938 35.0367
6137 12334 1.24998 35.0533
6132 12334 1.25058 35.07
6126 12334 1.25118 35.0867
6119 12334 1.25179 35.1033
6111 12334 1.25239 35.12
6102 12334 1.25299 35.1367
6095 12334 1.25359 35.1533
6089 12334 1.25419 35.17
6080 12334 1.25479 35.1867
6076 12334 1.25539 35.2033
6070 12334 1.25599 35.22
6064 12334 1.25659 35.2367
6057 12334 1.25719 35.2533
6049 12334 1.25779 35.27
6042 12334 1.25839 35.2867
6034 12334 1.25899 35.3033
6031 12334 1.25959 35.32
6024 12334 1.26019 35.3367
6016 12334 1.26079 35.3533
6009 12334 1.26139 35.37
6002 12334 1.26199 35.3867
5997 12334 1.26259 35.4033
5988 12334 1.26319 35.42
5984 12334 1.26379 35.4367
5973 12334 1.26439 35.4533
5968 12334 1.26499 35.47
5963 12334 1.26559 35.4867
5955 12334 1.26559 35.5033
5947 12334 1.26559 35.52
5942 12334 1.26559 35.5367
5934 12334 1.26559 35.5533
5929 12334 1.26559 35.57
5920 12334 1.26559 35.5867
5910 12334 1.26559 35.6033
5908 12334 1.26559 35.62
5897 12334 1.26559 35.6367
5891 12334 1.26559 35.6533
5887 12334 1.26559 35.67
5880 12334 1.26559 35.6867
5871 12334 1.26559 35.7033
5864 12334 1.26559 35.72
5862 12334 1.26559 35.7367
5852 12334 1.26559 35.7533
5846 12334 1.26559 35.77
5841 12334 1.26559 35.7867
5832 12334 1.26559 35.8033
5827 12334 1.26559 35.82
5820 12334 1.26559 35.8367
5813 12334 1.26559 35.8533
5805 12334 1.26559 35.87
5798 12334 1.26559 35.8867
5793 12334 1.26559 35.9033
5789 12334 1.26559 35.92
5782 12334 1.26559 35.9366
5774 12334 1.26559 35.9533
5768 12334 1.26559 35.97
5764 12334 1.26559 35.9866
5758 12334 1.26559 36.0033
5748 12334 1.26559 36.02
5741 12334 1.26559 36.0366
5735 12334 1.26559 36.0533
5730 12334 1.26559 36.07
5723 12334 1.26559 36.0866
5715 12334 1.26559 36.1033
5710 12334 1.26559 36.12
5705 12334 1.26559 36.1366
5699 12334 1.26559 36.1533
5691 12334 1.26559 36.17
5685 12334 1.26559 36.1866
5679 12334 1.26559 36.2033
5675 12334 1.26559 36.22
5668 12334 1.26559 36.2366
5664 12334 1.26559 36.2533
5660 12334 1.26559 36.27
5654 12334 1.26559 36.2866
5645 12334 1.26559 36.3033
5638 12334 1.26559 36.32
5637 12334 1.26559 36.3366
5628 12334 1.26559 36.3533
5623 12334 1.26559 36.37
5619 12334 1.26559 36.3866
5614 12334 1.26559 36.4033
5609 12334 1.26559 36.42
5600 12334 1.26559 36.4366
5599 12334 1.26559 36.4533
5593 12334 1.26559 36.47
5588 12334 1.26559 36.4866
5580 12334 1.26559 36.5033
5577 12334 1.26559 36.52
5573 12334 1.26559 36.5366
5565 12334 1.26559 36.5533
5559 12334 1.26559 36.57
5557 12334 1.26559 36.5866
5552 12334 1.26559 36.6033
5546 12334 1.26559 36.62
5543 12334 1.26559 36.6366
5536 12334 1.26559 36.6533
5533 12334 1.26559 36.67
5528 12334 1.26559 36.6866
5523 12334 1.26559 36.7033
5516 12334 1.26559 36.72
5511 12334 1.26559 36.7366
5507 12334 1.26559 36.7533
5504 12334 1.26559 36.77
5499 12334 1.26559 36.7866
5495 12334 1.26559 36.8033
5491 12334 1.26559 36.82
5488 12334 1.26559 36.8366
5482 12334 1.26559 36.8533
5479 12334 1.26559 36.87
5474 12334 1.26559 36.8866
5472 12334 1.26559 36.9033
5467 12334 1.26559 36.92
5464 12334 1.26559 36.9366
5458 12334 1.26559 36.9533
5454 12334 1.26559 36.97
5451 12334 1.26559 36.9866
5443 12334 1.26559 37.0033
5442 12334 1.26559 37.02
5440 12334 1.26559 37.0366
5432 12334 1.26559 37.0533
5430 12334 1.26559 37.07
5428 12334 1.26559 37.0866
5423 12334 1.26559 37.1033
5420 12334 1.26559 37.12
5415 12334 1.26559 37.1366
5412 12334 1.26559 37.1533
5411 12334 1.26559 37.17
5405 12334 1.26559 37.1866
5401 12334 1.26559 37.2033
5399 12334 1.26559 37.22
5397 12334 1.26559 37.2366
5392 12334 1.26559 37.2533
5390 12334 1.26559 37.27
5387 12334 1.26559 37.2866
5382 12334 1.26559 37.3033
5380 12334 1.26559 37.32
5377 12334 1.26559 37.3366
5373 12334 1.26559 37.3533
5371 12334 1.26559 37.37
5368 12334 1.26559 37.3866
5364 12334 1.26559 37.4033
5362 12334 1.26559 37.42
5356 12334 1.26559 37.4366
5354 12334 1.26559 37.4533
5352 12334 1.26559 37.47
5350 12334 1.26559 37.4866
5347 12334 1.26559 37.5033
5346 12334 1.26559 37.52
5343 12334 1.26559 37.5366
5340 12334 1.26559 37.5533
5336 12334 1.26559 37.57
5334 12334 1.26559 37.5866
5333 12334 1.26559 37.6033
5330 12334 1.26559 37.62
5325 12334 1.26559 37.6366
5323 12334 1.26559 37.6533
5319 12334 1.26559 37.67
5318 12334 1.26559 37.6866
5316 12334 1.26559 37.7033
5312 12334 1.26559 37.72
5310 12334 1.26559 37.7366
5308 12334 1.26559 37.7533
5306 12334 1.26559 37.77
5303 12334 1.26559 37.7866
5300 12334 1.26559 37.8033
5297 12334 1.26559 37.82
5294 12334 1.26559 37.8366
5293 12334 1.26559 37.8533
5289 12334 1.26559 37.87
5284 12334 1.26559 37.8866
5282 12334 1.26559 37.9033
5281 12334 1.26559 37.92
5278 12334 1.26559 37.9366
5276 12334 1.26559 37.9533
5272 12334 1.26559 37.97
5270 12334 1.26559 37.9866
5268 12334 1.26559 38.0033
5267 12334 1.26559 38.02
5263 12334 1.26559 38.0366
5263 12334 1.26559 38.0533
5258 12334 1.26559 38.07
5257 12334 1.26559 38.0866
5255 12334 1.26559 38.1033
5252 12334 1.26559 38.1199
5251 12334 1.26559 38.1366
5250 12334 1.26559 38.1533
5247 12334 1.26559 38.1699
5245 12334 1.26559 38.1866
5242 12334 1.26559 38.2033
5241 12334 1.26559 38.2199
5240 12334 1.26559 38.2366
5237 12334 1.26559 38.2533
5236 12334 1.26559 38.2699
5234 12334 1.26559 38.2866
5232 12334 1.26559 38.3033
5231 12334 1.26559 38.3199
5226 12334 1.26559 38.3366
5225 12334 1.26559 38.3533
5223 12334 1.26559 38.3699
5221 12334 1.26559 38.3866
5220 12334 1.26559 38.4033
5215 12334 1.26559 38.4199
5214 12334 1.26559 38.4366
5213 12334 1.26559 38.4533
5210 12334 1.26559 38.4699
5207 12334 1.26559 38.4866
5206 12334 1.26559 38.5033
5203 12334 1.26559 38.5199
5202 12334 1.26559 38.5366
5199 12334 1.26559 38.5533
5198 12334 1.26559 38.5699
5195 12334 1.26559 38.5866
5195 12334 1.26559 38.6033
5191 12334 1.26559 38.6199
5191 12334 1.26559 38.6366
5187 12334 1.26559 38.6533
5187 12334 1.26559 38.6699
5185 12334 1.26559 38.6866
5184 12334 1.26559 38.7033
5181 12334 1.26559 38.7199
5181 12334 1.26559 38.7366
5179 12334 1.26559 38.7533
5177 12334 1.26559 38.7699
5176 12334 1.26559 38.7866
5175 12334 1.26559 38.8033
5174 12334 1.26559 38.8199
5171 12334 1.26559 38.8366
5169 12334 1.26559 38.8533
5168 12334 1.26559 38.8699
5167 12334 1.26559 38.8866
5165 12334 1.26559 38.9033
5165 12334 1.26559 38.9199
5162 12334 1.26559 38.9366
5161 12334 1.26559 38.9533
5159 12334 1.26559 38.9699
5158 12334 1.26559 38.9866
5157 12334 1.26559 39.0033
5157 12334 1.26559 39.0199
5154 12334 1.26559 39.0366
5153 12334 1.26559 39.0533
5152 12334 1.26559 39.0699
5150 12334 1.26559 39.0866
5150 12334 1.26559 39.1033
5148 12334 1.26559 39.1199
5148 12334 1.26559 39.1366
5147 12334 1.26559 39.1533
5144 12334 1.26559 39.1699
5144 12334 1.26559 39.1866
5144 12334 1.26559 39.2033
5142 12334 1.26559 39.2199
5141 12334 1.26559 39.2366
5141 12334 1.26559 39.2533
5139 12334 1.26559 39.2699
5138 12334 1.26559 39.2866
5138 12334 1.26559 39.3033
5137 12334 1.26559 39.3199
5136 12334 1.26559 39.3366
5134 12334 1.26559 39.3533
5133 12334 1.26559 39.3699
5133 12334 1.26559 39.3866
5131 12334 1.26559 39.4033
5131 12334 1.26559 39.4199
5131 12334 1.26559 39.4366
5128 12334 1.26559 39.4533
5126 12334 1.26559 39.4699
5126 12334 1.26559 39.4866
5125 12334 1.26559 39.5033
5124 12334 1.26559 39.5199
5123 12334 1.26559 39.5366
5121 12334 1.26559 39.5533
5121 12334 1.26559 39.5699
5120 12334 1.26559 39.5866
5119 12334 1.26559 39.6033
5117 12334 1.26559 39.6199
5117 12334 1.26559 39.6366
5116 12334 1.26559 39.6533
5115 12334 1.26559 39.6699
5114 12334 1.26559 39.6866
5113 12334 1.26559 39.7033
5111 12334 1.26559 39.7199
5111 12334 1.26559 39.7366
5111 12334 1.26559 39.7533
5109 12334 1.26559 39.7699
5107 12334 1.26559 39.7866
5107 12334 1.26559 39.8033
5107 12334 1.26559 39.8199
5106 12334 1.26559 39.8366
5105 12334 1.26559 39.8533
5104 12334 1.26559 39.8699
5104 12334 1.26559 39.8866
5102 12334 1.26559 39.9033
5100 12334 1.26559 39.9199
5100 12334 1.26559 39.9366
5099 12334 1.26559 39.9533
5098 12334 1.26559 39.9699
5095 12334 1.26559 39.9866
5095 12334 1.26559 40.0033
5093 12334 1.26559 40.0199
5093 12334 1.26559 40.0366
5093 12334 1.26559 40.0533
5091 12334 1.26559 40.0699
5089 12334 1.26559 40.0866
5089 12334 1.26559 40.1033
5088 12334 1.26559 40.1199
5088 12334 1.26559 40.1366
5086 12334 1.26559 40.1533
5086 12334 1.26559 40.1699
5084 12334 1.26559 40.1866
5084 12334 1.26559 40.2033
5082 12334 1.26559 40.2199
5082 12334 1.26559 40.2366
5080 12334 1.26559 40.2533
5079 12334 1.26559 40.2699
5079 12334 1.26559 40.2866
5078 12334 1.26559 40.3032
5078 12334 1.26559 40.3199
5077 12334 1.26559 40.3366
5075 12334 1.26559 40.3532
5074 12334 1.26559 40.3699
5074 12334 1.26559 40.3866
5073 12334 1.26559 40.4032
5072 12334 1.26559 40.4199
5071 12334 1.26559 40.4366
5070 12334 1.26559 40.4532
5068 12334 1.26559 40.4699
5067 12334 1.26559 40.4866
5065 12334 1.26559 40.5032
5065 12334 1.26559 40.5199
5065 12334 1.26559 40.5366
5065 12334 1.26559 40.5532
5064 12334 1.26559 40.5699
5063 12334 1.26559 40.5866
5063 12334 1.26559 40.6032
5062 12334 1.26559 40.6199
5062 12334 1.26559 40.6366
5060 12334 1.26559 40.6532
5060 12334 1.26559 40.6699
5058 12334 1.26559 40.6866
5058 12334 1.26559 40.7032
5058 12334 1.26559 40.7199
5058 12334 1.26559 40.7366
5057 12334 1.26559 40.7532
5054 12334 1.26559 40.7699
5054 12334 1.26559 40.7866
5053 12334 1.26559 40.8032
5053 12334 1.26559 40.8199
5052 12334 1.26559 40.8366
5052 12334 1.26559 40.8532
5050 12334 1.26559 40.8699
5050 12334 1.26559 40.8866
5049 12334 1.26559 40.9032
5049 12334 1.26559 40.9199
5048 12334 1.26559 40.9366
5046 12334 1.26559 40.9532
5046 12334 1.26559 40.9699
5045 12334 1.26559 40.9866
5045 12334 1.26559 41.0032
5044 12334 1.26559 41.0199
5043 12334 1.26559 41.0366
5042 12334 1.26559 41.0532
5042 12334 1.26559 41.0699
5042 12334 1.26559 41.0866
5041 12334 1.26559 41.1032
5040 12334 1.26559 41.1199
5040 12334 1.26559 41.1366
5039 12334 1.26559 41.1532
5036 12334 1.26559 41.1699
5036 12334 1.26559 41.1866
5036 12334 1.26559 41.2032
5036 12334 1.26559 41.2199
5035 12334 1.26559 41.2366
5033 12334 1.26559 41.2532
5033 12334 1.26559 41.2699
5033 12334 1.26559 41.2866
5033 12334 1.26559 41.3032
5031 12334 1.26559 41.3199
5030 12334 1.26559 41.3366
5029 12334 1.26559 41.3532
5029 12334 1.26559 41.3699
5029 12334 1.26559 41.3866
5028 12334 1.26559 41.4032
5028 12334 1.26559 41.4199
5028 12334 1.26559 41.4366
5026 12334 1.26559 41.4532
5026 12334 1.26559 41.4699
5025 12334 1.26559 41.4866
5023 12334 1.26559 41.5032
5023 12334 1.26559 41.5199
5023 12334 1.26559 41.5366
5022 12334 1.26559 41.5532
5021 12334 1.26559 41.5699
5021 12334 1.26559 41.5866
5021 12334 1.26559 41.6032
5021 12334 1.26559 41.6199
5021 12334 1.26559 41.6366
5020 12334 1.26559 41.6532
5019 12334 1.26559 41.6699
5018 12334 1.26559 41.6866
5017 12334 1.26559 41.7032
5017 12334 1.26559 41.7199
5016 12334 1.26559 41.7366
5015 12334 1.26559 41.7532
5015 12334 1.26559 41.7699
5014 12334 1.26559 41.7866
5013 12334 1.26559 41.8032
5013 12334 1.26559 41.8199
5013 12334 1.26559 41.8366
5012 12334 1.26559 41.8532
5011 12334 1.26559 41.8699
5011 12334 1.26559 41.8866
5010 12334 1.26559 41.9032
5010 12334 1.26559 41.9199
5010 12334 1.26559 41.9366
5008 12334 1.26559 41.9532
5007 12334 1.26559 41.9699
5006 12334 1.26559 41.9866
5006 12334 1.26559 42.0032
5006 12334 1.26559 42.0199
5006 12334 1.26559 42.0366
5004 12334 1.26559 42.0532
5004 12334 1.26559 42.0699
5004 12334 1.26559 42.0866
5004 12334 1.26559 42.1032
5002 12334 1.26559 42.1199
5002 12334 1.26559 42.1366
5001 12334 1.26559 42.1532
5001 12334 1.26559 42.1699
5001 12334 1.26559 42.1866
5001 12334 1.26559 42.2032
5000 12334 1.26559 42.2199
5000 12334 1.26559 42.2366
5000 12334 1.26559 42.2532
4999 12334 1.26559 42.2699
4999 12334 1.26559 42.2866
4998 12334 1.26559 42.3032
4998 12334 1.26559 42.3199
4997 12334 1.26559 42.3366
4997 12334 1.26559 42.3532
4997 12334 1.26559 42.3699
4995 12334 1.26559 42.3866
4995 12334 1.26559 42.4032
4994 12334 1.26559 42.4199
4994 12334 1.26559 42.4366
4994 12334 1.26559 42.4532
4994 12334 1.26559 42.4699
4993 12334 1.26559 42.4865
4992 12334 1.26559 42.5032
4992 12334 1.26559 42.5199
4992 12334 1.26559 42.5365
4991 12334 1.26559 42.5532
4991 12334 1.26559 42.5699
4990 12334 1.26559 42.5865
4990 12334 1.26559 42.6032
4989 12334 1.26559 42.6199
4989 12334 1.26559 42.6365
4989 12334 1.26559 42.6532
4989 12334 1.26559 42.6699
4989 12334 1.26559 42.6865
4988 12334 1.26559 42.7032
4988 12334 1.26559 42.7199
4987 12334 1.26559 42.7365
4987 12334 1.26559 42.7532
4986 12334 1.26559 42.7699
4986 12334 1.26559 42.7865
4986 12334 1.26559 42.8032
4985 12334 1.26559 42.8199
4985 12334 1.26559 42.8365
4985 12334 1.26559 42.8532
4983 12334 1.26559 42.8699
4983 12334 1.26559 42.8865
4983 12334 1.26559 42.9032
4983 12334 1.26559 42.9199
4982 12334 1.26559 42.9365
4982 12334 1.26559 42.9532
4981 12334 1.26559 42.9699
4981 12334 1.26559 42.9865
4980 12334 1.26559 43.0032
4980 12334 1.26559 43.0199
4979 12334 1.26559 43.0365
4979 12334 1.26559 43.0532
4978 12334 1.26559 43.0699
4978 12334 1.26559 43.0865
4978 12334 1.26559 43.1032
4978 12334 1.26559 43.1199
4978 12334 1.26559 43.1365
4978 12334 1.26559 43.1532
4976 12334 1.26559 43.1699
4976 12334 1.26559 43.1865
4976 12334 1.26559 43.2032
4976 12334 1.26559 43.2199
4975 12334 1.26559 43.2365
4975 12334 1.26559 43.2532
4975 12334 1.26559 43.2699
4974 12334 1.26559 43.2865
4974 12334 1.26559 43.3032
4974 12334 1.26559 43.3199
4973 12334 1.26559 43.3365
4972 12334 1.26559 43.3532
4972 12334 1.26559 43.3699
4972 12334 1.26559 43.3865
4972 12334 1.26559 43.4032
4971 12334 1.26559 43.4199
4970 12334 1.26559 43.4365
4970 12334 1.26559 43.4532
4969 12334 1.26559 43.4699
4969 12334 1.26559 43.4865
4968 12334 1.26559 43.5032
4968 12334 1.26559 43.5199
4968 12334 1.26559 43.5365
4968 12334 1.26559 43.5532
4968 12334 1.26559 43.5699
4968 12334 1.26559 43.5865
4968 12334 1.26559 43.6032
4968 12334 1.26559 43.6199
4967 12334 1.26559 43.6365
4967 12334 1.26559 43.6532
4966 12334 1.26559 43.6699
4966 12334 1.26559 43.6865
4964 12334 1.26559 43.7032
4964 12334 1.26559 43.7199
4963 12334 1.26559 43.7365
4963 12334 1.26559 43.7532
4963 12334 1.26559 43.7699
4963 12334 1.26559 43.7865
4962 12334 1.26559 43.8032
4962 12334 1.26559 43.8199
4962 12334 1.26559 43.8365
4962 12334 1.26559 43.8532
4962 12334 1.26559 43.8699
4962 12334 1.26559 43.8865
4961 12334 1.26559 43.9032
4961 12334 1.26559 43.9199
4960 12334 1.26559 43.9365
4960 12334 1.26559 43.9532
4959 12334 1.26559 43.9699
4959 12334 1.26559 43.9865
4958 12334 1.26559 44.0032
4958 12334 1.26559 44.0199
4958 12334 1.26559 44.0365
4958 12334 1.26559 44.0532
4958 12334 1.26559 44.0699
4957 12334 1.26559 44.0865
4956 12334 1.26559 44.1032
4956 12334 1.26559 44.1199
4956 12334 1.26559 44.1365
4956 12334 1.26559 44.1532
4956 12334 1.26559 44.1699
4956 12334 1.26559 44.1865
4956 12334 1.26559 44.2032
4955 12334 1.26559 44.2199
4955 12334 1.26559 44.2365
4955 12334 1.26559 44.2532
4954 12334 1.26559 44.2699
4954 12334 1.26559 44.2865
4954 12334 1.26559 44.3032
4954 12334 1.26559 44.3199
4953 12334 1.26559 44.3365
4953 12334 1.26559 44.3532
4953 12334 1.26559 44.3699
4953 12334 1.26559 44.3865
4953 12334 1.26559 44.4032
4952 12334 1.26559 44.4199
4952 12334 1.26559 44.4365
4950 12334 1.26559 44.4532
4950 12334 1.26559 44.4699
4950 12334 1.26559 44.4865
4949 12334 1.26559 44.5032
4948 12334 1.26559 44.5199
4947 12334 1.26559 44.5365
4947 12334 1.26559 44.5532
4947 12334 1.26559 44.5699
4947 12334 1.26559 44.5865
4947 12334 1.26559 44.6032
4947 12334 1.26559 44.6199
4947 12334 1.26559 44.6365
4946 12334 1.26559 44.6532
4946 12334 1.26559 44.6698
4945 12334 1.26559 44.6865
4945 12334 1.26559 44.7032
4945 12334 1.26559 44.7198
4945 12334 1.26559 44.7365
4944 12334 1.26559 44.7532
4944 12334 1.26559 44.7698
4944 12334 1.26559 44.7865
4944 12334 1.26559 44.8032
4942 12334 1.26559 44.8198
4941 12334 1.26559 44.8365
4940 12334 1.26559 44.8532
4940 12334 1.26559 44.8698
4940 12334 1.26559 44.8865
4940 12334 1.26559 44.9032
4940 12334 1.26559 44.9198
4940 12334 1.26559 44.9365
4940 12334 1.26559 44.9532
4940 12334 1.26559 44.9698
4940 12334 1.26559 44.9865
4940 12334 1.26559 45.0032
4939 12334 1.26559 45.0198
4939 12334 1.26559 45.0365
4938 12334 1.26559 45.0532
4938 12334 1.26559 45.0698
4938 12334 1.26559 45.0865
4938 12334 1.26559 45.1032
4938 12334 1.26559 45.1198
4936 12334 1.26559 45.1365
4936 12334 1.26559 45.1532
4936 12334 1.26559 45.1698
4936 12334 1.26559 45.1865
4935 12334 1.26559 45.2032
4935 12334 1.26559 45.2198
4934 12334 1.26559 45.2365
4934 12334 1.26559 45.2532
4934 12334 1.26559 45.2698
4933 12334 1.26559 45.2865
4933 12334 1.26559 45.3032
4933 12334 1.26559 45.3198
4933 12334 1.26559 45.3365
4932 12334 1.26559 45.3532
4932 12334 1.26559 45.3698
4932 12334 1.26559 45.3865
4932 12334 1.26559 45.4032
4932 12334 1.26559 45.4198
4931 12334 1.26559 45.4365
4931 12334 1.26559 45.4532
4931 12334 1.26559 45.4698
4930 12334 1.26559 45.4865
4929 12334 1.26559 45.5032
4929 12334 1.26559 45.5198
4929 12334 1.26559 45.5365
4929 12334 1.26559 45.5532
4929 12334 1.26559 45.5698
4929 12334 1.26559 45.5865
4929 12334 1.26559 45.6032
4929 12334 1.26559 45.6198
4927 12334 1.26559 45.6365
4927 12334 1.26559 45.6532
4926 12334 1.26559 45.6698
4926 12334 1.26559 45.6865
4926 12334 1.26559 45.7032
4926 12334 1.26559 45.7198
4926 12334 1.26559 45.7365
4926 12334 1.26559 45.7532
4926 12334 1.26559 45.7698
4926 12334 1.26559 45.7865
4926 12334 1.26559 45.8032
4925 12334 1.26559 45.8198
4925 12334 1.26559 45.8365
4925 12334 1.26559 45.8532
4925 12334 1.26559 45.8698
4925 12334 1.26559 45.8865
4925 12334 1.26559 45.9032
4925 12334 1.26559 45.9198
4924 12334 1.26559 45.9365
4924 12334 1.26559 45.9532
4924 12334 1.26559 45.9698
4924 12334 1.26559 45.9865
4923 12334 1.26559 46.0032
4923 12334 1.26559 46.0198
4923 12334 1.26559 46.0365
4923 12334 1.26559 46.0532
4923 12334 1.26559 46.0698
4922 12334 1.26559 46.0865
4922 12334 1.26559 46.1032
4922 12334 1.26559 46.1198
4922 12334 1.26559 46.1365
4922 12334 1.26559 46.1532
4922 12334 1.26559 46.1698
4921 12334 1.26559 46.1865
4921 12334 1.26559 46.2032
4921 12334 1.26559 46.2198
4920 12334 1.26559 46.2365
4920 12334 1.26559 46.2532
4920 12334 1.26559 46.2698
4920 12334 1.26559 46.2865
4920 12334 1.26559 46.3032
4920 12334 1.26559 46.3198
4920 12334 1.26559 46.3365
4920 12334 1.26559 46.3532
4919 12334 1.26559 46.3698
4919 12334 1.26559 46.3865
4919 12334 1.26559 46.4032
4919 12334 1.26559 46.4198
4919 12334 1.26559 46.4365
4918 12334 1.26559 46.4532
4918 12334 1.26559 46.4698
4918 12334 1.26559 46.4865
4918 12334 1.26559 46.5032
4918 12334 1.26559 46.5198
4918 12334 1.26559 46.5365
4918 12334 1.26559 46.5532
4917 12334 1.26559 46.5698
4917 12334 1.26559 46.5865
4917 12334 1.26559 46.6032
4917 12334 1.26559 46.6198
4916 12334 1.26559 46.6365
4916 12334 1.26559 46.6532
4916 12334 1.26559 46.6698
4916 12334 1.26559 46.6865
4916 12334 1.26559 46.7032
4915 12334 1.26559 46.7198
4915 12334 1.26559 46.7365
4914 12334 1.26559 46.7532
4914 12334 1.26559 46.7698
4914 12334 1.26559 46.7865
4913 12334 1.26559 46.8032
4913 12334 1.26559 46.8198
4913 12334 1.26559 46.8365
4913 12334 1.26559 46.8531
4913 12334 1.26559 46.8698
4912 12334 1.26559 46.8865
4912 12334 1.26559 46.9031
4911 12334 1.26559 46.9198
4911 12334 1.26559 46.9365
4911 12334 1.26559 46.9531
4911 12334 1.26559 46.9698
4911 12334 1.26559 46.9865
4911 12334 1.26559 47.0031
4911 12334 1.26559 47.0198
4911 12334 1.26559 47.0365
4911 12334 1.26559 47.0531
4910 12334 1.26559 47.0698
4910 12334 1.26559 47.0865
4910 12334 1.26559 47.1031
4910 12334 1.26559 47.1198
4910 12334 1.26559 47.1365
4910 12334 1.26559 47.1531
4909 12334 1.26559 47.1698
4909 12334 1.26559 47.1865
4909 12334 1.26559 47.2031
4909 12334 1.26559 47.2198
4909 12334 1.26559 47.2365
4908 12334 1.26559 47.2531
4908 12334 1.26559 47.2698
4908 12334 1.26559 47.2865
4908 12334 1.26559 47.3031
4908 12334 1.26559 47.3198
4907 12334 1.26559 47.3365
4907 12334 1.26559 47.3531
4906 12334 1.26559 47.3698
4906 12334 1.26559 47.3865
4906 12334 1.26559 47.4031
4906 12334 1.26559 47.4198
4906 12334 1.26559 47.4365
4906 12334 1.26559 47.4531
4906 12334 1.26559 47.4698
4906 12334 1.26559 47.4865
4906 12334 1.26559 47.5031
4906 12334 1.26559 47.5198
4906 12334 1.26559 47.5365
4906 12334 1.26559 47.5531
4906 12334 1.26559 47.5698
4906 12334 1.26559 47.5865
4906 12334 1.26559 47.6031
4906 12334 1.26559 47.6198
4905 12334 1.26559 47.6365
4905 12334 1.26559 47.6531
4905 12334 1.26559 47.6698
4905 12334 1.26559 47.6865
4905 12334 1.26559 47.7031
4905 12334 1.26559 47.7198
4905 12334 1.26559 47.7365
4904 12334 1.26559 47.7531
4903 12334 1.26559 47.7698
4903 12334 1.26559 47.7865
4903 12334 1.26559 47.8031
4903 12334 1.26559 47.8198
4903 12334 1.26559 47.8365
4903 12334 1.26559 47.8531
4903 12334 1.26559 47.8698
4903 12334 1.26559 47.8865
4902 12334 1.26559 47.9031
4902 12334 1.26559 47.9198
4902 12334 1.26559 47.9365
4902 12334 1.26559 47.9531
4902 12334 1.26559 47.9698
4902 12334 1.26559 47.9865
4902 12334 1.26559 48.0031
4902 12334 1.26559 48.0198
4902 12334 1.26559 48.0365
4901 12334 1.26559 48.0531
4901 12334 1.26559 48.0698
4901 12334 1.26559 48.0865
4901 12334 1.26559 48.1031
4900 12334 1.26559 48.1198
4900 12334 1.26559 48.1365
4900 12334 1.26559 48.1531
4900 12334 1.26559 48.1698
4900 12334 1.26559 48.1865
4900 12334 1.26559 48.2031
4900 12334 1.26559 48.2198
4899 12334 1.26559 48.2365
4899 12334 1.26559 48.2531
4898 12334 1.26559 48.2698
4898 12334 1.26559 48.2865
4897 12334 1.26559 48.3031
4896 12334 1.26559 48.3198
4896 12334 1.26559 48.3365
4896 12334 1.26559 48.3531
4895 12334 1.26559 48.3698
4895 12334 1.26559 48.3865
4895 12334 1.26559 48.4031
4895 12334 1.26559 48.4198
4895 12334 1.26559 48.4365
4895 12334 1.26559 48.4531
4895 12334 1.26559 48.4698
4895 12334 1.26559 48.4865
4895 12334 1.26559 48.5031
4895 12334 1.26559 48.5198
4895 12334 1.26559 48.5365
4895 12334 1.26559 48.5531
4895 12334 1.26559 48.5698
4894 12334 1.26559 48.5865
4894 12334 1.26559 48.6031
4894 12334 1.26559 48.6198
4894 12334 1.26559 48.6365
4894 12334 1.26559 48.6531
4894 12334 1.26559 48.6698
4894 12334 1.26559 48.6865
4894 12334 1.26559 48.7031
4894 12334 1.26559 48.7198
4894 12334 1.26559 48.7365
4894 12334 1.26559 48.7531
4894 12334 1.26559 48.7698
4894 12334 1.26559 48.7865
4894 12334 1.26559 48.8031
4894 12334 1.26559 48.8198
4894 12334 1.26559 48.8365
4894 12334 1.26559 48.8531
4894 12334 1.26559 48.8698
4894 12334 1.26559 48.8865
4894 12334 1.26559 48.9031
4894 12334 1.26559 48.9198
4893 12334 1.26559 48.9365
4892 12334 1.26559 48.9531
4891 12334 1.26559 48.9698
4891 12334 1.26559 48.9865
4890 12334 1.26559 49.0031
4890 12334 1.26559 49.0198
4889 12334 1.26559 49.0364
4889 12334 1.26559 49.0531
4889 12334 1.26559 49.0698
4889 12334 1.26559 49.0864
4889 12334 1.26559 49.1031
4889 12334 1.26559 49.1198
4889 12334 1.26559 49.1364
4889 12334 1.26559 49.1531
4889 12334 1.26559 49.1698
4889 12334 1.26559 49.1864
4889 12334 1.26559 49.2031
4889 12334 1.26559 49.2198
4889 12334 1.26559 49.2364
4888 12334 1.26559 49.2531
4888 12334 1.26559 49.2698
4888 12334 1.26559 49.2864
4888 12334 1.26559 49.3031
4887 12334 1.26559 49.3198
4887 12334 1.26559 49.3364
4887 12334 1.26559 49.3531
4887 12334 1.26559 49.3698
4887 12334 1.26559 49.3864
4887 12334 1.26559 49.4031
4887 12334 1.26559 49.4198
4887 12334 1.26559 49.4364
4887 12334 1.26559 49.4531
4887 12334 1.26559 49.4698
4886 12334 1.26559 49.4864
4886 12334 1.26559 49.5031
4886 12334 1.26559 49.5198
4886 12334 1.26559 49.5364
4886 12334 1.26559 49.5531
4886 12334 1.26559 49.5698
4886 12334 1.26559 49.5864
4886 12334 1.26559 49.6031
4886 12334 1.26559 49.6198
4886 12334 1.26559 49.6364
4886 12334 1.26559 49.6531
4886 12334 1.26559 49.6698
4886 12334 1.26559 49.6864
4886 12334 1.26559 49.7031
4886 12334 1.26559 49.7198
4885 12334 1.26559 49.7364
4885 12334 1.26559 49.7531
4884 12334 1.26559 49.7698
4884 12334 1.26559 49.7864
4884 12334 1.26559 49.8031
4884 12334 1.26559 49.8198
4884 12334 1.26559 49.8364
4884 12334 1.26559 49.8531
4884 12334 1.26559 49.8698
4884 12334 1.26559 49.8864
4884 12334 1.26559 49.9031
4884 12334 1.26559 49.9198
4884 12334 1.26559 49.9364
4884 12334 1.26559 49.9531
4883 12334 1.26559 49.9698
4882 12334 1.26559 49.9864
4882 12334 1.26559 50.0031
4882 12334 1.26559 50.0198
4882 12334 1.26559 50.0364
4882 12334 1.26559 50.0531
4882 12334 1.26559 50.0698
4882 12334 1.26559 50.0864
4882 12334 1.26559 50.1031
4882 12334 1.26559 50.1198
4882 12334 1.26559 50.1364
4881 12334 1.26559 50.1531
4881 12334 1.26559 50.1698
4881 12334 1.26559 50.1864
4881 12334 1.26559 50.2031
4881 12334 1.26559 50.2198
4880 12334 1.26559 50.2364
4880 12334 1.26559 50.2531
4880 12334 1.26559 50.2698
4880 12334 1.26559 50.2864
4880 12334 1.26559 50.3031
4880 12334 1.26559 50.3198
4880 12334 1.26559 50.3364
4880 12334 1.26559 50.3531
4880 12334 1.26559 50.3698
4880 12334 1.26559 50.3864
4880 12334 1.26559 50.4031
4880 12334 1.26559 50.4198
4880 12334 1.26559 50.4364
4880 12334 1.26559 50.4531
4880 12334 1.26559 50.4698
4880 12334 1.26559 50.4864
4880 12334 1.26559 50.5031
4880 12334 1.26559 50.5198
4880 12334 1.26559 50.5364
4879 12334 1.26559 50.5531
4879 12334 1.26559 50.5698
4879 12334 1.26559 50.5864
4879 12334 1.26559 50.6031
4879 12334 1.26559 50.6198
4879 12334 1.26559 50.6364
4879 12334 1.26559 50.6531
4879 12334 1.26559 50.6698
4879 12334 1.26559 50.6864
4879 12334 1.26559 50.7031
4879 12334 1.26559 50.7198
4879 12334 1.26559 50.7364
4879 12334 1.26559 50.7531
4879 12334 1.26559 50.7698
4878 12334 1.26559 50.7864
4878 12334 1.26559 50.8031
4878 12334 1.26559 50.8198
4878 12334 1.26559 50.8364
4878 12334 1.26559 50.8531
4877 12334 1.26559 50.8698
4877 12334 1.26559 50.8864
4876 12334 1.26559 50.9031
4876 12334 1.26559 50.9198
4876 12334 1.26559 50.9364
4876 12334 1.26559 50.9531
4876 12334 1.26559 50.9698
4876 12334 1.26559 50.9864
4876 12334 1.26559 51.0031
4876 12334 1.26559 51.0198
4876 12334 1.26559 51.0364
4876 12334 1.26559 51.0531
4875 12334 1.26559 51.0698
4875 12334 1.26559 51.0864
4875 12334 1.26559 51.1031
4875 12334 1.26559 51.1198
4875 12334 1.26559 51.1364
4875 12334 1.26559 51.1531
4875 12334 1.26559 51.1698
4875 12334 1.26559 51.1864
4875 12334 1.26559 51.2031
4874 12334 1.26559 51.2197
4874 12334 1.26559 51.2364
4874 12334 1.26559 51.2531
4874 12334 1.26559 51.2698
4874 12334 1.26559 51.2864
4874 12334 1.26559 51.3031
4874 12334 1.26559 51.3198
4874 12334 1.26559 51.3364
4874 12334 1.26559 51.3531
4874 12334 1.26559 51.3698
4874 12334 1.26559 51.3864
4874 12334 1.26559 51.4031
4874 12334 1.26559 51.4198
4874 12334 1.26559 51.4365
4874 12334 1.26559 51.4531
4874 12334 1.26559 51.4698
4873 12334 1.26559 51.4865
4873 12334 1.26559 51.5031
4873 12334 1.26559 51.5198
4873 12334 1.26559 51.5365
4873 12334 1.26559 51.5532
4872 12334 1.26559 51.5698
4872 12334 1.26559 51.5865
4872 12334 1.26559 51.6032
4872 12334 1.26559 51.6198
4872 12334 1.26559 51.6365
4871 12334 1.26559 51.6532
4871 12334 1.26559 51.6698
4871 12334 1.26559 51.6865
4871 12334 1.26559 51.7032
4871 12334 1.26559 51.7199
4871 12334 1.26559 51.7365
4871 12334 1.26559 51.7532
4871 12334 1.26559 51.7699
4871 12334 1.26559 51.7865
4871 12334 1.26559 51.8032
4871 12334 1.26559 51.8199
4871 12334 1.26559 51.8365
4871 12334 1.26559 51.8532
4871 12334 1.26559 51.8699
4871 12334 1.26559 51.8866
4871 12334 1.26559 51.9032
4871 12334 1.26559 51.9199
4871 12334 1.26559 51.9366
4871 12334 1.26559 51.9532
4870 12334 1.26559 51.9699
4870 12334 1.26559 51.9866
4870 12334 1.26559 52.0032
4870 12334 1.26559 52.0199
4870 12334 1.26559 52.0366
4870 12334 1.26559 52.0533
4870 12334 1.26559 52.0699
4870 12334 1.26559 52.0866
4870 12334 1.26559 52.1033
4869 12334 1.26559 52.1199
4869 12334 1.26559 52.1366
4869 12334 1.26559 52.1533
4868 12334 1.26559 52.1699
4868 12334 1.26559 52.1866
4868 12334 1.26559 52.2033
4868 12334 1.26559 52.22
4868 12334 1.26559 52.2366
4868 12334 1.26559 52.2533
4868 12334 1.26559 52.27
4868 12334 1.26559 52.2866
4868 12334 1.26559 52.3033
4867 12334 1.26559 52.32
4867 12334 1.26559 52.3367
4867 12334 1.26559 52.3533
4867 12334 1.26559 52.37
4867 12334 1.26559 52.3867
4867 12334 1.26559 52.4033
4866 12334 1.26559 52.42
4866 12334 1.26559 52.4367
4866 12334 1.26559 52.4533
4866 12334 1.26559 52.47
4866 12334 1.26559 52.4867
4866 12334 1.26559 52.5034
4866 12334 1.26559 52.52
4866 12334 1.26559 52.5367
4866 12334 1.26559 52.5534
4866 12334 1.26559 52.57
4866 12334 1.26559 52.5867
4866 12334 1.26559 52.6034
4866 12334 1.26559 52.62
4866 12334 1.26559 52.6367
4866 12334 1.26559 52.6534
4865 12334 1.26559 52.6701
4865 12334 1.26559 52.6867
4865 12334 1.26559 52.7034
4865 12334 1.26559 52.7201
4865 12334 1.26559 52.7367
4865 12334 1.26559 52.7534
4865 12334 1.26559 52.7701
4865 12334 1.26559 52.7867
4865 12334 1.26559 52.8034
4865 12334 1.26559 52.8201
4865 12334 1.26559 52.8368
4865 12334 1.26559 52.8534
4865 12334 1.26559 52.8701
4865 12334 1.26559 52.8868
4865 12334 1.26559 52.9034
4865 12334 1.26559 52.9201
4865 12334 1.26559 52.9368
4865 12334 1.26559 52.9534
4865 12334 1.26559 52.9701
4865 12334 1.26559 52.9868
4865 12334 1.26559 53.0035
4864 12334 1.26559 53.0201
4864 12334 1.26559 53.0368
4864 12334 1.26559 53.0535
4864 12334 1.26559 53.0701
4864 12334 1.26559 53.0868
4863 12334 1.26559 53.1035
4863 12334 1.26559 53.1202
4863 12334 1.26559 53.1368
4863 12334 1.26559 53.1535
4863 12334 1.26559 53.1702
4863 12334 1.26559 53.1868
4863 12334 1.26559 53.2035
4863 12334 1.26559 53.2202
4863 12334 1.26559 53.2368
4863 12334 1.26559 53.2535
4862 12334 1.26559 53.2702
4862 12334 1.26559 53.2869
4862 12334 1.26559 53.3035
4862 12334 1.26559 53.3202
4862 12334 1.26559 53.3369
4862 12334 1.26559 53.3535
4862 12334 1.26559 53.3702
4862 12334 1.26559 53.3869
4862 12334 1.26559 53.4035
4862 12334 1.26559 53.4202
4860 12334 1.26559 53.4369
4860 12334 1.26559 53.4536
4860 12334 1.26559 53.4702
4860 12334 1.26559 53.4869
4860 12334 1.26559 53.5036
4860 12334 1.26559 53.5202
4860 12334 1.26559 53.5369
4860 12334 1.26559 53.5536
4860 12334 1.26559 53.5702
4860 12334 1.26559 53.5869
4860 12334 1.26559 53.6036
4860 12334 1.26559 53.6203
4860 12334 1.26559 53.6369
4860 12334 1.26559 53.6536
4860 12334 1.26559 53.6703
4859 12334 1.26559 53.6869
4859 12334 1.26559 53.7036
4859 12334 1.26559 53.7203
4859 12334 1.26559 53.7369
4859 12334 1.26559 53.7536
4859 12334 1.26559 53.7703
4859 12334 1.26559 53.787
4859 12334 1.26559 53.8036
4859 12334 1.26559 53.8203
4859 12334 1.26559 53.837
4859 12334 1.26559 53.8536
4859 12334 1.26559 53.8703
4859 12334 1.26559 53.887
4859 12334 1.26559 53.9037
4859 12334 1.26559 53.9203
4859 12334 1.26559 53.937
4859 12334 1.26559 53.9537
4858 12334 1.26559 53.9703
4858 12334 1.26559 53.987
4858 12334 1.26559 54.0037
4857 12334 1.26559 54.0203
4857 12334 1.26559 54.037
4857 12334 1.26559 54.0537
4857 12334 1.26559 54.0704
4857 12334 1.26559 54.087
4857 12334 1.26559 54.1037
4857 12334 1.26559 54.1204
4857 12334 1.26559 54.137
4857 12334 1.26559 54.1537
4857 12334 1.26559 54.1704
4856 12334 1.26559 54.187
4856 12334 1.26559 54.2037
4856 12334 1.26559 54.2204
4856 12334 1.26559 54.2371
4855 12334 1.26559 54.2537
4855 12334 1.26559 54.2704
4855 12334 1.26559 54.2871
4855 12334 1.26559 54.3037
4855 12334 1.26559 54.3204
4854 12334 1.26559 54.3371
4854 12334 1.26559 54.3537
4854 12334 1.26559 54.3704
4854 12334 1.26559 54.3871
4854 12334 1.26559 54.4038
4854 12334 1.26559 54.4204
4853 12334 1.26559 54.4371
4853 12334 1.26559 54.4538
4853 12334 1.26559 54.4704
4853 12334 1.26559 54.4871
4853 12334 1.26559 54.5038
4853 12334 1.26559 54.5205
4853 12334 1.26559 54.5371
4853 12334 1.26559 54.5538
4853 12334 1.26559 54.5705
4853 12334 1.26559 54.5871
4853 12334 1.26559 54.6038
4853 12334 1.26559 54.6205
4853 12334 1.26559 54.6371
4853 12334 1.26559 54.6538
4853 12334 1.26559 54.6705
4853 12334 1.26559 54.6872
4853 12334 1.26559 54.7038
4853 12334 1.26559 54.7205
4853 12334 1.26559 54.7372
4853 12334 1.26559 54.7538
4853 12334 1.26559 54.7705
4853 12334 1.26559 54.7872
