2093 2100 0.0031058 0.00712824
2093 2100 0.0031058 0.0237951
2093 2100 0.0031058 0.040462
2093 2100 0.0031058 0.0571289
2093 2100 0.0031058 0.0737958
2093 2100 0.0031058 0.0904627
2093 2100 0.0031058 0.10713
2093 2100 0.0031058 0.123796
2093 2100 0.0031058 0.140463
2093 2100 0.0031058 0.15713
2093 2100 0.0031058 0.173797
2093 2100 0.0031058 0.190464
2093 2100 0.0031058 0.207131
2093 2100 0.0031058 0.223798
2093 2100 0.0031058 0.240465
2093 2100 0.0031058 0.257132
2093 2100 0.0031058 0.273798
2092 2100 0.0031058 0.290465
2092 2100 0.0031058 0.307132
2092 2100 0.0031058 0.323799
2091 2100 0.0031058 0.340466
2091 2100 0.0031058 0.357133
2091 2100 0.0031058 0.373799
2091 2100 0.0031058 0.390466
2091 2100 0.0031058 0.407132
2091 2100 0.0031058 0.423799
2091 2100 0.0031058 0.440465
2091 2100 0.0031058 0.457131
2091 2100 0.0031058 0.473798
2091 2100 0.0031058 0.490464
2091 2100 0.0031058 0.507131
2091 2100 0.0031058 0.523797
2091 2100 0.0031058 0.540463
2091 2100 0.0031058 0.55713
2091 2100 0.0031058 0.573796
2091 2100 0.0031058 0.590463
2091 2100 0.0031058 0.607129
2091 2100 0.0031058 0.623796
2091 2100 0.0031058 0.640462
2091 2100 0.0031058 0.657128
2090 2100 0.0031058 0.673795
2090 2100 0.0031058 0.690461
2090 2100 0.0031058 0.707128
2090 2100 0.0031058 0.723794
2090 2100 0.0031058 0.74046
2090 2100 0.0031058 0.757127
2089 2100 0.0031058 0.773793
2088 2100 0.0031058 0.79046
2088 2100 0.0031058 0.807126
2088 2100 0.0031058 0.823792
2088 2100 0.0031058 0.840459
2088 2100 0.0031058 0.857125
2088 2100 0.0031058 0.873792
2088 2100 0.0031058 0.890458
2088 2100 0.0031058 0.907125
2088 2100 0.0031058 0.923791
2088 2100 0.0031058 0.940457
2088 2100 0.0031058 0.957124
2088 2100 0.0031058 0.97379
2088 2100 0.0031058 0.990457
2088 2100 0.0031058 1.00712
2088 2100 0.0031058 1.02379
2088 2100 0.0031058 1.04046
2088 2100 0.0031058 1.05712
2088 2100 0.0031058 1.07379
2088 2100 0.0031058 1.09046
2088 2100 0.0031058 1.10712
2088 2100 0.0031058 1.12379
2088 2100 0.0031058 1.14045
2087 2100 0.00621161 1.15712
2087 2100 0.00931741 1.17379
2086 2100 0.0124232 1.19045
2086 2100 0.015529 1.20712
2086 2100 0.0186348 1.22379
2086 2100 0.0217406 1.24045
2086 2100 0.0248464 1.25712
2085 2100 0.0279522 1.27379
2085 2100 0.031058 1.29045
2085 2100 0.0341638 1.30712
2085 2100 0.0372696 1.32378
2085 2100 0.0403754 1.34045
2085 2100 0.0434812 1.35712
2085 2100 0.046587 1.37378
2085 2100 0.0496929 1.39045
2085 2100 0.0527987 1.40712
2085 2100 0.0559045 1.42378
2085 2100 0.0590103 1.44045
2085 2100 0.0621161 1.45712
2085 2100 0.0652219 1.47378
2085 2100 0.0683277 1.49045
2085 2100 0.0714335 1.50712
2085 2100 0.0745393 1.52378
2085 2100 0.0776451 1.54045
2085 2100 0.0807509 1.55711
2085 2100 0.0838567 1.57378
2085 2100 0.0869625 1.59045
2085 2100 0.0900683 1.60711
2085 2100 0.0931741 1.62378
2085 2100 0.0962799 1.64045
2084 2100 0.0993857 1.65711
2084 2100 0.102492 1.67378
2084 2100 0.105597 1.69045
2084 2100 0.108703 1.70711
2084 2100 0.111809 1.72378
2084 2100 0.114915 1.74045
2084 2100 0.118021 1.75711
2083 2100 0.121126 1.77378
2083 2100 0.124232 1.79044
2082 2100 0.127338 1.80711
2082 2100 0.130444 1.82378
2082 2100 0.13355 1.84044
2082 2100 0.136655 1.85711
2082 2100 0.139761 1.87378
2082 2100 0.142867 1.89044
2082 2100 0.145973 1.90711
2082 2100 0.149079 1.92378
2081 2100 0.152184 1.94044
2081 2100 0.15529 1.95711
2081 2100 0.158396 1.97377
2081 2100 0.161502 1.99044
2081 2100 0.164608 2.00711
2081 2100 0.167713 2.02377
2081 2100 0.170819 2.04044
2079 2100 0.173925 2.05711
2079 2100 0.177031 2.07377
2079 2100 0.180137 2.09044
2079 2100 0.183242 2.10711
2079 2100 0.186348 2.12377
2079 2100 0.189454 2.14044
2078 2100 0.19256 2.15711
2078 2100 0.195666 2.17377
2078 2100 0.198771 2.19044
2078 2100 0.201877 2.2071
2078 2100 0.204983 2.22377
2078 2100 0.208089 2.24044
2078 2100 0.211195 2.2571
2078 2100 0.2143 2.27377
2077 2100 0.217406 2.29044
2077 2100 0.220512 2.3071
2076 2100 0.223618 2.32377
2076 2100 0.226724 2.34044
2075 2100 0.229829 2.3571
2075 2100 0.232935 2.37377
2073 2100 0.236041 2.39044
2073 2100 0.239147 2.4071
2073 2100 0.242253 2.42377
2072 2100 0.245359 2.44043
2070 2100 0.248464 2.4571
2070 2100 0.25157 2.47377
2069 2100 0.254676 2.49043
2069 2100 0.257782 2.5071
2068 2100 0.260887 2.52377
2067 2100 0.263993 2.54043
2067 2100 0.267099 2.5571
2065 2100 0.270205 2.57377
2065 2100 0.273311 2.59043
2064 2100 0.276416 2.6071
2062 2100 0.279522 2.62376
2061 2100 0.282628 2.64043
2058 2100 0.285734 2.6571
2057 2100 0.28884 2.67376
2057 2100 0.291945 2.69043
2057 2100 0.295051 2.7071
2057 2100 0.298157 2.72376
2056 2100 0.301263 2.74043
2054 2100 0.304369 2.7571
2051 2100 0.307474 2.77376
2050 2100 0.31058 2.79043
2050 2100 0.313686 2.8071
2048 2100 0.316792 2.82376
2048 2100 0.319897 2.84043
2047 2100 0.323003 2.85709
2046 2100 0.326109 2.87376
2046 2100 0.329215 2.89043
2046 2100 0.332321 2.90709
2046 2100 0.335426 2.92376
2046 2100 0.338532 2.94043
2044 2100 0.341638 2.95709
2043 2100 0.344744 2.97376
2042 2100 0.34785 2.99043
2042 2100 0.350955 3.00709
2040 2100 0.354061 3.02376
2040 2100 0.357167 3.04043
2040 2100 0.360273 3.05709
2038 2100 0.363379 3.07376
2038 2100 0.366484 3.09042
2035 2100 0.36959 3.10709
2035 2100 0.372696 3.12376
2034 2100 0.375802 3.14042
2034 2100 0.378907 3.15709
2033 2100 0.382013 3.17376
2031 2100 0.385119 3.19042
2031 2100 0.388225 3.20709
2031 2100 0.391331 3.22376
2029 2100 0.394436 3.24042
2026 2100 0.397542 3.25709
2025 2100 0.400648 3.27376
2025 2100 0.403754 3.29042
2023 2100 0.40686 3.30709
2021 2100 0.409965 3.32375
2020 2100 0.409965 3.34042
2019 2100 0.409965 3.35709
2018 2100 0.409965 3.37375
2016 2100 0.409965 3.39042
2014 2100 0.409965 3.40709
2012 2100 0.409965 3.42375
2011 2100 0.409965 3.44042
2010 2100 0.409965 3.45709
2009 2100 0.409965 3.47375
2005 2100 0.409965 3.49042
2004 2100 0.409965 3.50708
2004 2100 0.409965 3.52375
2003 2100 0.409965 3.54042
2002 2100 0.409965 3.55708
2000 2100 0.409965 3.57375
1997 2100 0.409965 3.59042
1995 2100 0.409965 3.60708
1994 2100 0.409965 3.62375
1993 2100 0.409965 3.64042
1990 2100 0.409965 3.65708
1987 2100 0.409965 3.67375
1986 2100 0.409965 3.69042
1986 2100 0.409965 3.70708
1985 2100 0.409965 3.72375
1983 2100 0.409965 3.74041
1979 2100 0.409965 3.75708
1977 2100 0.409965 3.77375
1977 2100 0.409965 3.79041
1975 2100 0.409965 3.80708
1973 2100 0.409965 3.82375
1973 2100 0.409965 3.84041
1972 2100 0.409965 3.85708
1971 2100 0.409965 3.87375
1970 2100 0.409965 3.89041
1968 2100 0.409965 3.90708
1966 2100 0.409965 3.92375
1965 2100 0.409965 3.94041
1962 2100 0.409965 3.95708
1961 2100 0.409965 3.97374
1959 2100 0.409965 3.99041
1958 2100 0.409965 4.00708
1955 2100 0.409965 4.02374
1953 2100 0.409965 4.04041
1953 2100 0.409965 4.05708
1953 2100 0.409965 4.07374
1951 2100 0.409965 4.09041
1950 2100 0.409965 4.10708
1949 2100 0.409965 4.12374
1948 2100 0.409965 4.14041
1948 2100 0.409965 4.15707
1947 2100 0.409965 4.17374
1947 2100 0.409965 4.19041
1944 2100 0.409965 4.20707
1944 2100 0.409965 4.22374
1944 2100 0.409965 4.24041
1944 2100 0.409965 4.25707
1942 2100 0.409965 4.27374
1940 2100 0.409965 4.29041
1940 2100 0.409965 4.30707
1940 2100 0.409965 4.32374
1939 2100 0.409965 4.34041
1939 2100 0.409965 4.35707
1939 2100 0.409965 4.37374
1939 2100 0.409965 4.3904
1939 2100 0.409965 4.40707
1939 2100 0.409965 4.42374
1939 2100 0.409965 4.4404
1939 2100 0.409965 4.45707
1938 2100 0.409965 4.47374
1937 2100 0.409965 4.4904
1936 2100 0.409965 4.50707
1936 2100 0.409965 4.52374
1935 2100 0.409965 4.5404
1935 2100 0.409965 4.55707
1935 2100 0.409965 4.57374
1935 2100 0.409965 4.5904
1934 2100 0.409965 4.60707
1933 2100 0.409965 4.62373
1933 2100 0.409965 4.6404
1931 2100 0.409965 4.65707
1931 2100 0.409965 4.67373
1931 2100 0.409965 4.6904
1930 2100 0.409965 4.70707
1930 2100 0.409965 4.72373
1930 2100 0.409965 4.7404
1930 2100 0.409965 4.75707
1929 2100 0.409965 4.77373
1929 2100 0.409965 4.7904
1928 2100 0.409965 4.80707
1928 2100 0.409965 4.82373
1928 2100 0.409965 4.8404
1928 2100 0.409965 4.85706
1926 2100 0.409965 4.87373
1926 2100 0.409965 4.8904
1925 2100 0.409965 4.90706
1925 2100 0.409965 4.92373
1925 2100 0.409965 4.9404
1925 2100 0.409965 4.95706
1925 2100 0.409965 4.97373
1925 2100 0.409965 4.9904
1925 2100 0.409965 5.00706
1925 2100 0.409965 5.02373
1925 2100 0.409965 5.04039
1925 2100 0.409965 5.05706
1925 2100 0.409965 5.07373
1923 2100 0.409965 5.09039
1923 2100 0.409965 5.10706
1923 2100 0.409965 5.12373
1923 2100 0.409965 5.14039
1923 2100 0.409965 5.15706
1923 2100 0.409965 5.17373
1923 2100 0.409965 5.19039
1923 2100 0.409965 5.20706
1923 2100 0.409965 5.22373
1923 2100 0.409965 5.24039
1923 2100 0.409965 5.25706
1923 2100 0.409965 5.27372
1923 2100 0.409965 5.29039
1923 2100 0.409965 5.30706
1922 2100 0.409965 5.32372
1922 2100 0.409965 5.34039
1922 2100 0.409965 5.35706
1922 2100 0.409965 5.37372
1922 2100 0.409965 5.39039
1922 2100 0.409965 5.40706
1922 2100 0.409965 5.42372
1922 2100 0.409965 5.44039
1922 2100 0.409965 5.45706
1922 2100 0.409965 5.47372
1921 2100 0.409965 5.49039
1920 2100 0.409965 5.50705
1920 2100 0.409965 5.52372
1919 2100 0.409965 5.54039
1919 2100 0.409965 5.55705
1919 2100 0.409965 5.57372
1919 2100 0.409965 5.59039
1919 2100 0.409965 5.60705
1919 2100 0.409965 5.62372
1919 2100 0.409965 5.64039
1919 2100 0.409965 5.65705
1919 2100 0.409965 5.67372
1919 2100 0.409965 5.69038
1919 2100 0.409965 5.70705
1919 2100 0.409965 5.72372
1919 2100 0.409965 5.74038
1919 2100 0.409965 5.75705
1919 2100 0.409965 5.77372
1918 2100 0.409965 5.79038
1918 2100 0.409965 5.80705
1918 2100 0.409965 5.82372
1918 2100 0.409965 5.84038
1918 2100 0.409965 5.85705
1918 2100 0.409965 5.87372
1918 2100 0.409965 5.89038
1918 2100 0.409965 5.90705
1918 2100 0.409965 5.92371
1918 2100 0.409965 5.94038
1918 2100 0.409965 5.95705
1918 2100 0.409965 5.97371
1918 2100 0.409965 5.99038
1918 2100 0.409965 6.00705
1918 2100 0.409965 6.02371
1918 2100 0.409965 6.04038
1918 2100 0.409965 6.05705
1918 2100 0.409965 6.07371
1918 2100 0.409965 6.09038
1918 2100 0.409965 6.10705
1918 2100 0.409965 6.12371
1918 2100 0.409965 6.14038
