24487 24493 0.00164912 0.000793457
24487 24493 0.00164912 0.0174599
24487 24493 0.00164912 0.0341263
24487 24493 0.00164912 0.0507927
24487 24493 0.00164912 0.0674591
24487 24493 0.00164912 0.0841255
24487 24493 0.00164912 0.100792
24487 24493 0.00164912 0.117458
24487 24493 0.00164912 0.134125
24487 24493 0.00164912 0.150791
24486 24493 0.00164912 0.167458
24486 24493 0.00164912 0.184124
24486 24493 0.00164912 0.20079
24486 24493 0.00164912 0.217457
24486 24493 0.00164912 0.234123
24485 24493 0.00164912 0.25079
24485 24493 0.00164912 0.267456
24485 24493 0.00164912 0.284122
24485 24493 0.00164912 0.300789
24485 24493 0.00164912 0.317455
24485 24493 0.00164912 0.334122
24485 24493 0.00164912 0.350788
24485 24493 0.00164912 0.367455
24485 24493 0.00164912 0.384121
24485 24493 0.00164912 0.400787
24485 24493 0.00164912 0.417454
24484 24493 0.00164912 0.43412
24484 24493 0.00164912 0.450787
24484 24493 0.00164912 0.467453
24484 24493 0.00164912 0.484119
24484 24493 0.00164912 0.500786
24484 24493 0.00164912 0.517452
24483 24493 0.00164912 0.534119
24483 24493 0.00164912 0.550785
24483 24493 0.00164912 0.567451
24483 24493 0.00164912 0.584118
24483 24493 0.00164912 0.600784
24483 24493 0.00164912 0.617451
24483 24493 0.00164912 0.634117
24483 24493 0.00164912 0.650784
24483 24493 0.00164912 0.66745
24483 24493 0.00164912 0.684116
24482 24493 0.00164912 0.700783
24482 24493 0.00164912 0.717449
24482 24493 0.00164912 0.734116
24482 24493 0.00164912 0.750782
24482 24493 0.00164912 0.767448
24482 24493 0.00164912 0.784115
24482 24493 0.00164912 0.800781
24482 24493 0.00164912 0.817448
24482 24493 0.00164912 0.834114
24482 24493 0.00164912 0.85078
24482 24493 0.00164912 0.867447
24482 24493 0.00164912 0.884113
24482 24493 0.00164912 0.90078
24482 24493 0.00164912 0.917446
24482 24493 0.00164912 0.934113
24482 24493 0.00164912 0.950779
24482 24493 0.00164912 0.967445
24482 24493 0.00164912 0.984112
24481 24493 0.00164912 1.00078
24481 24493 0.00164912 1.01744
24481 24493 0.00164912 1.03411
24481 24493 0.00164912 1.05078
24481 24493 0.00164912 1.06744
24481 24493 0.00164912 1.08411
24481 24493 0.00164912 1.10078
24481 24493 0.00164912 1.11744
24480 24493 0.00164912 1.13411
24480 24493 0.00164912 1.15078
24480 24493 0.00164912 1.16744
24480 24493 0.00164912 1.18411
24480 24493 0.00164912 1.20078
24480 24493 0.00164912 1.21744
24480 24493 0.00164912 1.23411
24480 24493 0.00164912 1.25077
24480 24493 0.00164912 1.26744
24480 24493 0.00164912 1.28411
24479 24493 0.00164912 1.30077
24479 24493 0.00164912 1.31744
24479 24493 0.00164912 1.33411
24479 24493 0.00164912 1.35077
24479 24493 0.00164912 1.36744
24479 24493 0.00164912 1.38411
24477 24493 0.00164912 1.40077
24476 24493 0.00164912 1.41744
24476 24493 0.00164912 1.4341
24476 24493 0.00164912 1.45077
24475 24493 0.00164912 1.46744
24475 24493 0.00164912 1.4841
24475 24493 0.00164912 1.50077
24475 24493 0.00164912 1.51744
24475 24493 0.00164912 1.5341
24474 24493 0.00164912 1.55077
24472 24493 0.00164912 1.56744
24472 24493 0.00164912 1.5841
24472 24493 0.00164912 1.60077
24472 24493 0.00164912 1.61744
24472 24493 0.00164912 1.6341
24472 24493 0.00164912 1.65077
24471 24493 0.00164912 1.66743
24471 24493 0.00164912 1.6841
24471 24493 0.00164912 1.70077
24471 24493 0.00164912 1.71743
24471 24493 0.00164912 1.7341
24471 24493 0.00164912 1.75077
24471 24493 0.00164912 1.76743
24471 24493 0.00164912 1.7841
24470 24493 0.00164912 1.80077
24470 24493 0.00164912 1.81743
24470 24493 0.00164912 1.8341
24470 24493 0.00164912 1.85077
24470 24493 0.00164912 1.86743
24469 24493 0.00164912 1.8841
24469 24493 0.00164912 1.90076
24469 24493 0.00164912 1.91743
24468 24493 0.00164912 1.9341
24468 24493 0.00164912 1.95076
24468 24493 0.00164912 1.96743
24468 24493 0.00164912 1.9841
24468 24493 0.00164912 2.00076
24468 24493 0.00164912 2.01743
24468 24493 0.00164912 2.0341
24468 24493 0.00164912 2.05076
24468 24493 0.00164912 2.06743
24468 24493 0.00164912 2.0841
24468 24493 0.00164912 2.10076
24468 24493 0.00164912 2.11743
24468 24493 0.00164912 2.13409
24468 24493 0.00164912 2.15076
24468 24493 0.00164912 2.16743
24467 24493 0.00164912 2.18409
24467 24493 0.00164912 2.20076
24467 24493 0.00164912 2.21743
24465 24493 0.00164912 2.23409
24465 24493 0.00164912 2.25076
24465 24493 0.00164912 2.26743
24465 24493 0.00164912 2.28409
24465 24493 0.00164912 2.30076
24465 24493 0.00164912 2.31742
24465 24493 0.00164912 2.33409
24465 24493 0.00164912 2.35076
24464 24493 0.00164912 2.36742
24464 24493 0.00164912 2.38409
24462 24493 0.00164912 2.40076
24462 24493 0.00164912 2.41742
24462 24493 0.00164912 2.43409
24462 24493 0.00164912 2.45076
24462 24493 0.00164912 2.46742
24462 24493 0.00164912 2.48409
24462 24493 0.00164912 2.50076
24462 24493 0.00164912 2.51742
24462 24493 0.00164912 2.53409
24462 24493 0.00164912 2.55075
24462 24493 0.00164912 2.56742
24462 24493 0.00164912 2.58409
24462 24493 0.00164912 2.60075
24462 24493 0.00164912 2.61742
24462 24493 0.00164912 2.63409
24462 24493 0.00164912 2.65075
24462 24493 0.00164912 2.66742
24462 24493 0.00164912 2.68409
24462 24493 0.00164912 2.70075
24462 24493 0.00164912 2.71742
24462 24493 0.00164912 2.73409
24461 24493 0.00164912 2.75075
24461 24493 0.00164912 2.76742
24461 24493 0.00164912 2.78408
24461 24493 0.00164912 2.80075
24461 24493 0.00164912 2.81742
24461 24493 0.00164912 2.83408
24461 24493 0.00164912 2.85075
24461 24493 0.00164912 2.86742
24461 24493 0.00164912 2.88408
24460 24493 0.00164912 2.90075
24460 24493 0.00164912 2.91742
24460 24493 0.00164912 2.93408
24460 24493 0.00164912 2.95075
24459 24493 0.00164912 2.96741
24459 24493 0.00164912 2.98408
24459 24493 0.00164912 3.00075
24459 24493 0.00164912 3.01741
24459 24493 0.00164912 3.03408
24459 24493 0.00164912 3.05075
24459 24493 0.00164912 3.06741
24458 24493 0.00164912 3.08408
24458 24493 0.00164912 3.10075
24458 24493 0.00164912 3.11741
24458 24493 0.00164912 3.13408
24458 24493 0.00164912 3.15075
24458 24493 0.00164912 3.16741
24458 24493 0.00164912 3.18408
24458 24493 0.00164912 3.20074
24458 24493 0.00164912 3.21741
24458 24493 0.00164912 3.23408
24458 24493 0.00164912 3.25074
24457 24493 0.00164912 3.26741
24457 24493 0.00164912 3.28408
24457 24493 0.00164912 3.30074
24455 24493 0.00164912 3.31741
24455 24493 0.00164912 3.33408
24455 24493 0.00164912 3.35074
24455 24493 0.00164912 3.36741
24455 24493 0.00164912 3.38408
24455 24493 0.00164912 3.40074
24455 24493 0.00164912 3.41741
24455 24493 0.00164912 3.43407
24455 24493 0.00164912 3.45074
24454 24493 0.00164912 3.46741
24454 24493 0.00164912 3.48407
24454 24493 0.00164912 3.50074
24453 24493 0.00164912 3.51741
24453 24493 0.00164912 3.53407
24453 24493 0.00164912 3.55074
24453 24493 0.00164912 3.56741
24453 24493 0.00164912 3.58407
24453 24493 0.00164912 3.60074
24453 24493 0.00164912 3.6174
24453 24493 0.00164912 3.63407
24453 24493 0.00164912 3.65074
24452 24493 0.00164912 3.6674
24451 24493 0.00164912 3.68407
24450 24493 0.00164912 3.70074
24450 24493 0.00164912 3.7174
24449 24493 0.00164912 3.73407
24449 24493 0.00164912 3.75074
24448 24493 0.00164912 3.7674
24448 24493 0.00164912 3.78407
24448 24493 0.00164912 3.80074
24447 24493 0.00164912 3.8174
24447 24493 0.00164912 3.83407
24447 24493 0.00164912 3.85073
24447 24493 0.00164912 3.8674
24447 24493 0.00164912 3.88407
24447 24493 0.00164912 3.90073
24447 24493 0.00164912 3.9174
24447 24493 0.00164912 3.93407
24447 24493 0.00164912 3.95073
24447 24493 0.00164912 3.9674
24447 24493 0.00164912 3.98407
24447 24493 0.00164912 4.00073
24447 24493 0.00164912 4.0174
24447 24493 0.00164912 4.03407
24447 24493 0.00164912 4.05073
24447 24493 0.00164912 4.0674
24447 24493 0.00164912 4.08406
24447 24493 0.00164912 4.10073
24447 24493 0.00164912 4.1174
24447 24493 0.00164912 4.13406
24447 24493 0.00164912 4.15073
24447 24493 0.00164912 4.1674
24447 24493 0.00329823 4.18406
24447 24493 0.00494735 4.20073
24447 24493 0.00659646 4.2174
24447 24493 0.00824558 4.23406
24447 24493 0.00989469 4.25073
24447 24493 0.0115438 4.2674
24447 24493 0.0131929 4.28406
24447 24493 0.014842 4.30073
24447 24493 0.0164912 4.31739
24447 24493 0.0181403 4.33406
24447 24493 0.0197894 4.35073
24447 24493 0.0214385 4.36739
24446 24493 0.0230876 4.38406
24446 24493 0.0247367 4.40073
24445 24493 0.0263858 4.41739
24445 24493 0.028035 4.43406
24445 24493 0.0296841 4.45073
24445 24493 0.0313332 4.46739
24445 24493 0.0329823 4.48406
24445 24493 0.0346314 4.50072
24445 24493 0.0362805 4.51739
24445 24493 0.0379297 4.53406
24445 24493 0.0395788 4.55072
24445 24493 0.0412279 4.56739
24445 24493 0.042877 4.58406
24445 24493 0.0445261 4.60072
24445 24493 0.0461752 4.61739
24444 24493 0.0478243 4.63406
24444 24493 0.0494735 4.65072
24443 24493 0.0511226 4.66739
24443 24493 0.0527717 4.68406
24443 24493 0.0544208 4.70072
24443 24493 0.0560699 4.71739
24443 24493 0.057719 4.73405
24443 24493 0.0593682 4.75072
24442 24493 0.0610173 4.76739
24442 24493 0.0626664 4.78405
24442 24493 0.0643155 4.80072
24442 24493 0.0659646 4.81739
24442 24493 0.0676137 4.83405
24442 24493 0.0692629 4.85072
24442 24493 0.070912 4.86739
24442 24493 0.0725611 4.88405
24442 24493 0.0742102 4.90072
24442 24493 0.0758593 4.91739
24441 24493 0.0775085 4.93405
24441 24493 0.0791576 4.95072
24441 24493 0.0808067 4.96738
24438 24493 0.0824558 4.98405
24438 24493 0.0841049 5.00072
24438 24493 0.0857541 5.01738
24438 24493 0.0874032 5.03405
24438 24493 0.0890523 5.05072
24438 24493 0.0907014 5.06738
24438 24493 0.0923505 5.08405
24438 24493 0.0939996 5.10072
24438 24493 0.0956488 5.11738
24438 24493 0.0972979 5.13405
24438 24493 0.098947 5.15071
24438 24493 0.100596 5.16738
24438 24493 0.102245 5.18405
24438 24493 0.103894 5.20071
24438 24493 0.105543 5.21738
24438 24493 0.107193 5.23405
24437 24493 0.108842 5.25071
24437 24493 0.110491 5.26738
24437 24493 0.11214 5.28405
24437 24493 0.113789 5.30071
24436 24493 0.115438 5.31738
24436 24493 0.117087 5.33405
24435 24493 0.118736 5.35071
24435 24493 0.120386 5.36738
24435 24493 0.122035 5.38404
24435 24493 0.123684 5.40071
24433 24493 0.125333 5.41738
24433 24493 0.126982 5.43404
24433 24493 0.128631 5.45071
24433 24493 0.13028 5.46738
24433 24493 0.131929 5.48404
24433 24493 0.133578 5.50071
24433 24493 0.135228 5.51738
24432 24493 0.136877 5.53404
24432 24493 0.138526 5.55071
24432 24493 0.140175 5.56738
24432 24493 0.141824 5.58404
24431 24493 0.143473 5.60071
24431 24493 0.145122 5.61737
24431 24493 0.146771 5.63404
24431 24493 0.14842 5.65071
24431 24493 0.15007 5.66737
24430 24493 0.151719 5.68404
24430 24493 0.153368 5.70071
24430 24493 0.155017 5.71737
24430 24493 0.156666 5.73404
24429 24493 0.158315 5.75071
24428 24493 0.159964 5.76737
24428 24493 0.161613 5.78404
24428 24493 0.163262 5.8007
24427 24493 0.164912 5.81737
24427 24493 0.166561 5.83404
24427 24493 0.16821 5.8507
24426 24493 0.169859 5.86737
24426 24493 0.171508 5.88404
24426 24493 0.173157 5.9007
24426 24493 0.174806 5.91737
24424 24493 0.176455 5.93404
24424 24493 0.178104 5.9507
24422 24493 0.179754 5.96737
24422 24493 0.181403 5.98404
24422 24493 0.183052 6.0007
24422 24493 0.184701 6.01737
24422 24493 0.18635 6.03403
24422 24493 0.187999 6.0507
24420 24493 0.189648 6.06737
24419 24493 0.191297 6.08403
24419 24493 0.192946 6.1007
24418 24493 0.194596 6.11737
24418 24493 0.196245 6.13403
24418 24493 0.197894 6.1507
24418 24493 0.199543 6.16737
24418 24493 0.201192 6.18403
24416 24493 0.202841 6.2007
24416 24493 0.20449 6.21737
24415 24493 0.206139 6.23403
24415 24493 0.207788 6.2507
24415 24493 0.209438 6.26736
24415 24493 0.211087 6.28403
24413 24493 0.212736 6.3007
24411 24493 0.214385 6.31736
24411 24493 0.216034 6.33403
24411 24493 0.217683 6.3507
24411 24493 0.219332 6.36736
24409 24493 0.220981 6.38403
24408 24493 0.22263 6.4007
24407 24493 0.22428 6.41736
24406 24493 0.225929 6.43403
24405 24493 0.227578 6.4507
24404 24493 0.229227 6.46736
24403 24493 0.230876 6.48403
24403 24493 0.232525 6.50069
24402 24493 0.234174 6.51736
24402 24493 0.235823 6.53403
24401 24493 0.237472 6.55069
24400 24493 0.239122 6.56736
24400 24493 0.240771 6.58403
24398 24493 0.24242 6.60069
24397 24493 0.244069 6.61736
24397 24493 0.245718 6.63403
24396 24493 0.247367 6.65069
24394 24493 0.249016 6.66736
24394 24493 0.250665 6.68402
24393 24493 0.252315 6.70069
24393 24493 0.253964 6.71736
24392 24493 0.255613 6.73402
24391 24493 0.257262 6.75069
24390 24493 0.258911 6.76736
24389 24493 0.26056 6.78402
24388 24493 0.262209 6.80069
24388 24493 0.263858 6.81736
24388 24493 0.265507 6.83402
24387 24493 0.267157 6.85069
24387 24493 0.268806 6.86736
24384 24493 0.270455 6.88402
24383 24493 0.272104 6.90069
24381 24493 0.273753 6.91735
24380 24493 0.275402 6.93402
24380 24493 0.277051 6.95069
24380 24493 0.2787 6.96735
24378 24493 0.280349 6.98402
24377 24493 0.281999 7.00069
24375 24493 0.283648 7.01735
24375 24493 0.285297 7.03402
24374 24493 0.286946 7.05069
24372 24493 0.288595 7.06735
24371 24493 0.290244 7.08402
24369 24493 0.291893 7.10069
24367 24493 0.293542 7.11735
24367 24493 0.295191 7.13402
24366 24493 0.296841 7.15068
24365 24493 0.29849 7.16735
24364 24493 0.300139 7.18402
24364 24493 0.301788 7.20068
24364 24493 0.303437 7.21735
24362 24493 0.305086 7.23402
24360 24493 0.306735 7.25068
24358 24493 0.308384 7.26735
24356 24493 0.310033 7.28402
24354 24493 0.311683 7.30068
24353 24493 0.313332 7.31735
24351 24493 0.314981 7.33401
24349 24493 0.31663 7.35068
24349 24493 0.318279 7.36735
24349 24493 0.319928 7.38401
24347 24493 0.321577 7.40068
24344 24493 0.323226 7.41735
24344 24493 0.324875 7.43401
24343 24493 0.326525 7.45068
24341 24493 0.328174 7.46735
24338 24493 0.329823 7.48401
24337 24493 0.331472 7.50068
24336 24493 0.333121 7.51735
24336 24493 0.33477 7.53401
24334 24493 0.336419 7.55068
24332 24493 0.338068 7.56734
24330 24493 0.339717 7.58401
24329 24493 0.341367 7.60068
24328 24493 0.343016 7.61734
24327 24493 0.344665 7.63401
24325 24493 0.346314 7.65068
24322 24493 0.347963 7.66734
24321 24493 0.349612 7.68401
24320 24493 0.351261 7.70068
24320 24493 0.35291 7.71734
24315 24493 0.354559 7.73401
24313 24493 0.356209 7.75068
24313 24493 0.357858 7.76734
24312 24493 0.359507 7.78401
24310 24493 0.361156 7.80067
24308 24493 0.362805 7.81734
24308 24493 0.364454 7.83401
24307 24493 0.366103 7.85067
24306 24493 0.367752 7.86734
24305 24493 0.369401 7.88401
24304 24493 0.371051 7.90067
24302 24493 0.3727 7.91734
24301 24493 0.374349 7.93401
24300 24493 0.375998 7.95067
24299 24493 0.377647 7.96734
24299 24493 0.379296 7.984
24296 24493 0.380945 8.00067
24295 24493 0.382594 8.01734
24294 24493 0.384243 8.034
24293 24493 0.385893 8.05067
24293 24493 0.387542 8.06734
24291 24493 0.389191 8.084
24290 24493 0.39084 8.10067
24289 24493 0.392489 8.11734
24286 24493 0.394138 8.134
24284 24493 0.395787 8.15067
24284 24493 0.397436 8.16734
24284 24493 0.399085 8.184
24282 24493 0.400735 8.20067
24281 24493 0.402384 8.21733
24280 24493 0.404033 8.234
24278 24493 0.405682 8.25067
24277 24493 0.407331 8.26733
24275 24493 0.40898 8.284
24273 24493 0.410629 8.30067
24272 24493 0.412278 8.31733
24271 24493 0.413927 8.334
24269 24493 0.415577 8.35067
24268 24493 0.417226 8.36733
24268 24493 0.418875 8.384
24265 24493 0.420524 8.40067
24265 24493 0.422173 8.41733
24263 24493 0.423822 8.434
24260 24493 0.425471 8.45066
24258 24493 0.42712 8.46733
24255 24493 0.428769 8.484
24254 24493 0.430419 8.50066
24252 24493 0.432068 8.51733
24251 24493 0.433717 8.534
24251 24493 0.435366 8.55066
24248 24493 0.437015 8.56733
24246 24493 0.438664 8.584
24245 24493 0.440313 8.60066
24242 24493 0.441962 8.61733
24241 24493 0.443611 8.634
24239 24493 0.445261 8.65066
24237 24493 0.44691 8.66733
24237 24493 0.448559 8.68399
24236 24493 0.450208 8.70066
24231 24493 0.451857 8.71733
24231 24493 0.453506 8.73399
24228 24493 0.455155 8.75066
24227 24493 0.456804 8.76733
24227 24493 0.458453 8.78399
24223 24493 0.460103 8.80066
24220 24493 0.461752 8.81733
24220 24493 0.463401 8.83399
24219 24493 0.46505 8.85066
24216 24493 0.466699 8.86732
24214 24493 0.468348 8.88399
24213 24493 0.469997 8.90066
24208 24493 0.471646 8.91732
24206 24493 0.473295 8.93399
24206 24493 0.474945 8.95066
24202 24493 0.476594 8.96732
24199 24493 0.478243 8.98399
24199 24493 0.479892 9.00066
24197 24493 0.481541 9.01732
24194 24493 0.48319 9.03399
24192 24493 0.484839 9.05066
24190 24493 0.486488 9.06732
24188 24493 0.488137 9.08399
24185 24493 0.489787 9.10065
24183 24493 0.491436 9.11732
24182 24493 0.493085 9.13399
24180 24493 0.494734 9.15065
24177 24493 0.496383 9.16732
24176 24493 0.498032 9.18399
24174 24493 0.499681 9.20065
24171 24493 0.50133 9.21732
24169 24493 0.50298 9.23399
24166 24493 0.504629 9.25065
24165 24493 0.506278 9.26732
24162 24493 0.507927 9.28399
24159 24493 0.509576 9.30065
24158 24493 0.511225 9.31732
24156 24493 0.512874 9.33398
24152 24493 0.514524 9.35065
24151 24493 0.516173 9.36732
24149 24493 0.517822 9.38398
24146 24493 0.519471 9.40065
24144 24493 0.52112 9.41732
24142 24493 0.522769 9.43398
24140 24493 0.524418 9.45065
24137 24493 0.526067 9.46732
24136 24493 0.527717 9.48398
24134 24493 0.529366 9.50065
24131 24493 0.531015 9.51731
24130 24493 0.532664 9.53398
24129 24493 0.534313 9.55065
24128 24493 0.535962 9.56731
24125 24493 0.537611 9.58398
24125 24493 0.539261 9.60065
24124 24493 0.54091 9.61731
24118 24493 0.542559 9.63398
24116 24493 0.544208 9.65065
24116 24493 0.545857 9.66731
24112 24493 0.547506 9.68398
24112 24493 0.549155 9.70065
24108 24493 0.550805 9.71731
24105 24493 0.552454 9.73398
24104 24493 0.554103 9.75064
24101 24493 0.555752 9.76731
24098 24493 0.557401 9.78398
24097 24493 0.55905 9.80064
24095 24493 0.560699 9.81731
24092 24493 0.562349 9.83398
24091 24493 0.563998 9.85064
24087 24493 0.565647 9.86731
24083 24493 0.567296 9.88398
24081 24493 0.568945 9.90064
24079 24493 0.570594 9.91731
24078 24493 0.572243 9.93398
24075 24493 0.573893 9.95064
24074 24493 0.575542 9.96731
24069 24493 0.577191 9.98397
24068 24493 0.57884 10.0006
24066 24493 0.580489 10.0173
24064 24493 0.582138 10.034
24062 24493 0.583787 10.0506
24059 24493 0.585437 10.0673
24057 24493 0.587086 10.084
24053 24493 0.588735 10.1006
24051 24493 0.590384 10.1173
24051 24493 0.592033 10.134
24045 24493 0.593682 10.1506
24042 24493 0.595331 10.1673
24039 24493 0.596981 10.184
24037 24493 0.59863 10.2006
24033 24493 0.600279 10.2173
24031 24493 0.601928 10.234
24028 24493 0.603577 10.2506
24026 24493 0.605226 10.2673
24022 24493 0.606875 10.284
24020 24493 0.608525 10.3006
24017 24493 0.610174 10.3173
24011 24493 0.611823 10.334
24008 24493 0.613472 10.3506
24007 24493 0.615121 10.3673
24004 24493 0.61677 10.384
24002 24493 0.618419 10.4006
23999 24493 0.620069 10.4173
23995 24493 0.621718 10.434
23992 24493 0.623367 10.4506
23987 24493 0.625016 10.4673
23985 24493 0.626665 10.484
23982 24493 0.628314 10.5006
23980 24493 0.629963 10.5173
23976 24493 0.631613 10.534
23973 24493 0.633262 10.5506
23970 24493 0.634911 10.5673
23969 24493 0.63656 10.584
23965 24493 0.638209 10.6006
23960 24493 0.639858 10.6173
23958 24493 0.641507 10.634
23955 24493 0.643157 10.6506
23950 24493 0.644806 10.6673
23948 24493 0.646455 10.684
23945 24493 0.648104 10.7006
23942 24493 0.649753 10.7173
23939 24493 0.651402 10.734
23934 24493 0.653051 10.7506
23930 24493 0.654701 10.7673
23926 24493 0.65635 10.784
23924 24493 0.657999 10.8006
23919 24493 0.659648 10.8173
23915 24493 0.661297 10.834
23913 24493 0.662946 10.8506
23911 24493 0.664595 10.8673
23906 24493 0.666245 10.884
23901 24493 0.667894 10.9006
23898 24493 0.669543 10.9173
23895 24493 0.671192 10.934
23895 24493 0.672841 10.9506
23888 24493 0.67449 10.9673
23885 24493 0.676139 10.984
23884 24493 0.677788 11.0006
23878 24493 0.679438 11.0173
23875 24493 0.681087 11.034
23872 24493 0.682736 11.0506
23868 24493 0.684385 11.0673
23866 24493 0.686034 11.084
23863 24493 0.687683 11.1006
23854 24493 0.689332 11.1173
23852 24493 0.690982 11.134
23851 24493 0.692631 11.1506
23845 24493 0.69428 11.1673
23843 24493 0.695929 11.184
23840 24493 0.697578 11.2006
23835 24493 0.699227 11.2173
23830 24493 0.700876 11.234
23829 24493 0.702526 11.2506
23825 24493 0.704175 11.2673
23819 24493 0.705824 11.284
23817 24493 0.707473 11.3006
23815 24493 0.709122 11.3173
23811 24493 0.710771 11.334
23810 24493 0.71242 11.3506
23805 24493 0.71407 11.3673
23803 24493 0.715719 11.384
23800 24493 0.717368 11.4006
23798 24493 0.719017 11.4173
23795 24493 0.720666 11.434
23789 24493 0.722315 11.4506
23787 24493 0.723964 11.4673
23782 24493 0.725614 11.484
23780 24493 0.727263 11.5006
23777 24493 0.728912 11.5173
23774 24493 0.730561 11.534
23769 24493 0.73221 11.5506
23766 24493 0.733859 11.5673
23763 24493 0.735508 11.584
23762 24493 0.737158 11.6006
23755 24493 0.738807 11.6173
23752 24493 0.740456 11.6339
23751 24493 0.742105 11.6506
23744 24493 0.743754 11.6673
23742 24493 0.745403 11.6839
23739 24493 0.747052 11.7006
23735 24493 0.748702 11.7173
23729 24493 0.750351 11.7339
23728 24493 0.752 11.7506
23720 24493 0.753649 11.7673
23719 24493 0.755298 11.7839
23716 24493 0.756947 11.8006
23712 24493 0.758596 11.8173
23707 24493 0.760246 11.8339
23702 24493 0.761895 11.8506
23698 24493 0.763544 11.8673
23695 24493 0.765193 11.8839
23690 24493 0.766842 11.9006
23687 24493 0.768491 11.9173
23685 24493 0.77014 11.9339
23680 24493 0.77179 11.9506
23678 24493 0.773439 11.9673
23673 24493 0.775088 11.9839
23669 24493 0.776737 12.0006
23664 24493 0.778386 12.0173
23658 24493 0.780035 12.0339
23657 24493 0.781684 12.0506
23656 24493 0.783334 12.0673
23651 24493 0.784983 12.0839
23646 24493 0.786632 12.1006
23642 24493 0.788281 12.1173
23638 24493 0.78993 12.1339
23637 24493 0.791579 12.1506
23629 24493 0.793228 12.1673
23625 24493 0.794878 12.1839
23624 24493 0.796527 12.2006
23621 24493 0.798176 12.2173
23616 24493 0.799825 12.2339
23614 24493 0.801474 12.2506
23606 24493 0.803123 12.2673
23604 24493 0.804772 12.2839
23600 24493 0.806422 12.3006
23595 24493 0.808071 12.3173
23593 24493 0.80972 12.3339
23589 24493 0.811369 12.3506
23583 24493 0.813018 12.3673
23577 24493 0.814667 12.3839
23574 24493 0.816316 12.4006
23573 24493 0.817966 12.4173
23565 24493 0.819615 12.4339
23562 24493 0.821264 12.4506
23555 24493 0.822913 12.4673
23552 24493 0.824562 12.4839
23545 24493 0.826211 12.5006
23538 24493 0.82786 12.5173
23535 24493 0.829509 12.5339
23529 24493 0.831159 12.5506
23525 24493 0.832808 12.5673
23519 24493 0.834457 12.5839
23516 24493 0.836106 12.6006
23510 24493 0.837755 12.6173
23504 24493 0.839404 12.6339
23500 24493 0.841053 12.6506
23495 24493 0.842703 12.6673
23492 24493 0.844352 12.6839
23489 24493 0.846001 12.7006
23484 24493 0.84765 12.7173
23476 24493 0.849299 12.7339
23472 24493 0.850948 12.7506
23466 24493 0.852597 12.7673
23463 24493 0.854247 12.7839
23456 24493 0.855896 12.8006
23450 24493 0.857545 12.8173
23446 24493 0.859194 12.8339
23441 24493 0.860843 12.8506
23436 24493 0.862492 12.8673
23433 24493 0.864141 12.8839
23429 24493 0.865791 12.9006
23424 24493 0.86744 12.9173
23418 24493 0.869089 12.9339
23413 24493 0.870738 12.9506
23408 24493 0.872387 12.9673
23405 24493 0.874036 12.9839
23398 24493 0.875685 13.0006
23392 24493 0.877335 13.0173
23385 24493 0.878984 13.0339
23380 24493 0.880633 13.0506
23375 24493 0.882282 13.0673
23373 24493 0.883931 13.0839
23365 24493 0.88558 13.1006
23358 24493 0.887229 13.1173
23352 24493 0.888879 13.1339
23344 24493 0.890528 13.1506
23339 24493 0.892177 13.1673
23335 24493 0.893826 13.1839
23327 24493 0.895475 13.2006
23319 24493 0.897124 13.2173
23317 24493 0.898773 13.2339
23311 24493 0.900423 13.2506
23305 24493 0.902072 13.2673
23297 24493 0.903721 13.2839
23295 24493 0.90537 13.3006
23283 24493 0.907019 13.3173
23276 24493 0.908668 13.3339
23273 24493 0.910317 13.3506
23266 24493 0.911967 13.3673
23259 24493 0.913616 13.3839
23254 24493 0.915265 13.4006
23248 24493 0.916914 13.4173
23242 24493 0.918563 13.4339
23238 24493 0.920212 13.4506
23229 24493 0.921861 13.4673
23225 24493 0.923511 13.4839
23218 24493 0.92516 13.5006
23211 24493 0.926809 13.5173
23206 24493 0.928458 13.5339
23199 24493 0.930107 13.5506
23195 24493 0.931756 13.5673
23187 24493 0.933405 13.5839
23178 24493 0.935055 13.6006
23173 24493 0.936704 13.6173
23166 24493 0.938353 13.6339
23162 24493 0.940002 13.6506
23156 24493 0.941651 13.6673
23146 24493 0.9433 13.6839
23143 24493 0.944949 13.7006
23133 24493 0.946599 13.7173
23131 24493 0.948248 13.7339
23124 24493 0.949897 13.7506
23119 24493 0.951546 13.7673
23112 24493 0.953195 13.7839
23109 24493 0.954844 13.8006
23102 24493 0.956493 13.8172
23097 24493 0.958143 13.8339
23087 24493 0.959792 13.8506
23085 24493 0.961441 13.8672
23076 24493 0.96309 13.8839
23069 24493 0.964739 13.9006
23063 24493 0.966388 13.9172
23056 24493 0.968037 13.9339
23050 24493 0.969687 13.9506
23043 24493 0.971336 13.9672
23035 24493 0.972985 13.9839
23031 24493 0.974634 14.0006
23022 24493 0.976283 14.0172
23016 24493 0.977932 14.0339
23011 24493 0.979581 14.0506
23002 24493 0.98123 14.0672
22996 24493 0.98288 14.0839
22988 24493 0.984529 14.1006
22980 24493 0.986178 14.1172
22976 24493 0.987827 14.1339
22969 24493 0.989476 14.1506
22961 24493 0.991125 14.1672
22956 24493 0.992774 14.1839
22950 24493 0.994424 14.2006
22940 24493 0.996073 14.2172
22936 24493 0.997722 14.2339
22928 24493 0.999371 14.2506
22918 24493 1.00102 14.2672
22913 24493 1.00267 14.2839
22907 24493 1.00432 14.3006
22899 24493 1.00597 14.3172
22891 24493 1.00762 14.3339
22881 24493 1.00927 14.3506
22873 24493 1.01092 14.3672
22866 24493 1.01256 14.3839
22860 24493 1.01421 14.4006
22854 24493 1.01586 14.4172
22848 24493 1.01751 14.4339
22835 24493 1.01916 14.4506
22828 24493 1.02081 14.4672
22824 24493 1.02246 14.4839
22812 24493 1.02411 14.5006
22805 24493 1.02576 14.5172
22797 24493 1.02741 14.5339
22789 24493 1.02906 14.5506
22779 24493 1.0307 14.5672
22774 24493 1.03235 14.5839
22762 24493 1.034 14.6006
22755 24493 1.03565 14.6172
22748 24493 1.0373 14.6339
22738 24493 1.03895 14.6506
22725 24493 1.0406 14.6672
22722 24493 1.04225 14.6839
22711 24493 1.0439 14.7006
22705 24493 1.04555 14.7172
22699 24493 1.0472 14.7339
22689 24493 1.04885 14.7506
22679 24493 1.05049 14.7672
22669 24493 1.05214 14.7839
22660 24493 1.05379 14.8006
22653 24493 1.05544 14.8172
22643 24493 1.05709 14.8339
22634 24493 1.05874 14.8506
22621 24493 1.06039 14.8672
22613 24493 1.06204 14.8839
22600 24493 1.06369 14.9006
22595 24493 1.06534 14.9172
22586 24493 1.06699 14.9339
22575 24493 1.06863 14.9506
22567 24493 1.07028 14.9672
22555 24493 1.07193 14.9839
22544 24493 1.07358 15.0006
22534 24493 1.07523 15.0172
22526 24493 1.07688 15.0339
22512 24493 1.07853 15.0506
22503 24493 1.08018 15.0672
22493 24493 1.08183 15.0839
22482 24493 1.08348 15.1006
22471 24493 1.08513 15.1172
22464 24493 1.08678 15.1339
22448 24493 1.08842 15.1506
22437 24493 1.09007 15.1672
22420 24493 1.09172 15.1839
22416 24493 1.09337 15.2006
22405 24493 1.09502 15.2172
22394 24493 1.09667 15.2339
22382 24493 1.09832 15.2506
22367 24493 1.09997 15.2672
22353 24493 1.10162 15.2839
22343 24493 1.10327 15.3006
22328 24493 1.10492 15.3172
22315 24493 1.10657 15.3339
22301 24493 1.10821 15.3506
22289 24493 1.10986 15.3672
22278 24493 1.11151 15.3839
22262 24493 1.11316 15.4006
22248 24493 1.11481 15.4172
22237 24493 1.11646 15.4339
22220 24493 1.11811 15.4506
22208 24493 1.11976 15.4672
22194 24493 1.12141 15.4839
22181 24493 1.12306 15.5006
22167 24493 1.12471 15.5172
22149 24493 1.12635 15.5339
22137 24493 1.128 15.5506
22120 24493 1.12965 15.5672
22106 24493 1.1313 15.5839
22093 24493 1.13295 15.6006
22080 24493 1.1346 15.6172
22068 24493 1.13625 15.6339
22048 24493 1.1379 15.6506
22033 24493 1.13955 15.6672
22022 24493 1.1412 15.6839
22006 24493 1.14285 15.7006
21983 24493 1.1445 15.7172
21968 24493 1.14614 15.7339
21955 24493 1.14779 15.7506
21938 24493 1.14944 15.7672
21920 24493 1.15109 15.7839
21904 24493 1.15274 15.8006
21893 24493 1.15439 15.8172
21875 24493 1.15604 15.8339
21856 24493 1.15769 15.8506
21841 24493 1.15934 15.8672
21821 24493 1.16099 15.8839
21805 24493 1.16264 15.9006
21789 24493 1.16429 15.9172
21772 24493 1.16593 15.9339
21758 24493 1.16758 15.9506
21737 24493 1.16923 15.9672
21721 24493 1.17088 15.9839
21702 24493 1.17253 16.0005
21686 24493 1.17418 16.0172
21668 24493 1.17583 16.0339
21650 24493 1.17748 16.0505
21631 24493 1.17913 16.0672
21611 24493 1.18078 16.0839
21594 24493 1.18243 16.1005
21573 24493 1.18407 16.1172
21554 24493 1.18572 16.1339
21538 24493 1.18737 16.1505
21519 24493 1.18902 16.1672
21497 24493 1.19067 16.1839
21476 24493 1.19232 16.2005
21462 24493 1.19397 16.2172
21438 24493 1.19562 16.2339
21417 24493 1.19727 16.2505
21399 24493 1.19892 16.2672
21374 24493 1.20057 16.2839
21356 24493 1.20222 16.3005
21339 24493 1.20386 16.3172
21315 24493 1.20551 16.3339
21293 24493 1.20716 16.3505
21271 24493 1.20881 16.3672
21249 24493 1.21046 16.3839
21224 24493 1.21211 16.4005
21203 24493 1.21376 16.4172
21183 24493 1.21541 16.4339
21168 24493 1.21706 16.4505
21139 24493 1.21871 16.4672
21117 24493 1.22036 16.4839
21096 24493 1.22201 16.5005
21078 24493 1.22365 16.5172
21054 24493 1.2253 16.5339
21031 24493 1.22695 16.5505
21007 24493 1.2286 16.5672
20987 24493 1.23025 16.5839
20964 24493 1.2319 16.6005
20941 24493 1.23355 16.6172
20916 24493 1.2352 16.6339
20894 24493 1.23685 16.6505
20870 24493 1.2385 16.6672
20849 24493 1.24015 16.6839
20821 24493 1.24179 16.7005
20798 24493 1.24344 16.7172
20774 24493 1.24509 16.7339
20743 24493 1.24674 16.7505
20721 24493 1.24839 16.7672
20695 24493 1.25004 16.7839
20680 24493 1.25169 16.8005
20652 24493 1.25334 16.8172
20625 24493 1.25499 16.8339
20603 24493 1.25664 16.8505
20573 24493 1.25829 16.8672
20550 24493 1.25994 16.8839
20524 24493 1.26158 16.9005
20501 24493 1.26323 16.9172
20472 24493 1.26488 16.9339
20442 24493 1.26653 16.9505
20415 24493 1.26818 16.9672
20396 24493 1.26983 16.9839
20369 24493 1.27148 17.0005
20348 24493 1.27313 17.0172
20318 24493 1.27478 17.0339
20294 24493 1.27643 17.0505
20268 24493 1.27808 17.0672
20242 24493 1.27973 17.0839
20211 24493 1.28137 17.1005
20191 24493 1.28302 17.1172
20163 24493 1.28467 17.1339
20128 24493 1.28632 17.1505
20104 24493 1.28797 17.1672
20079 24493 1.28962 17.1839
20054 24493 1.29127 17.2005
20023 24493 1.29292 17.2172
19997 24493 1.29457 17.2339
19973 24493 1.29622 17.2505
19942 24493 1.29787 17.2672
19918 24493 1.29951 17.2839
19888 24493 1.30116 17.3005
19865 24493 1.30281 17.3172
19832 24493 1.30446 17.3339
19806 24493 1.30611 17.3505
19775 24493 1.30776 17.3672
19754 24493 1.30941 17.3839
19725 24493 1.31106 17.4005
19700 24493 1.31106 17.4172
19665 24493 1.31106 17.4339
19641 24493 1.31106 17.4505
19603 24493 1.31106 17.4672
19583 24493 1.31106 17.4839
19555 24493 1.31106 17.5005
19520 24493 1.31106 17.5172
19497 24493 1.31106 17.5339
19469 24493 1.31106 17.5505
19440 24493 1.31106 17.5672
19402 24493 1.31106 17.5839
19385 24493 1.31106 17.6005
19350 24493 1.31106 17.6172
19321 24493 1.31106 17.6339
19296 24493 1.31106 17.6505
19261 24493 1.31106 17.6672
19230 24493 1.31106 17.6839
19202 24493 1.31106 17.7005
19174 24493 1.31106 17.7172
19144 24493 1.31106 17.7339
19117 24493 1.31106 17.7505
19086 24493 1.31106 17.7672
19058 24493 1.31106 17.7839
19027 24493 1.31106 17.8005
18992 24493 1.31106 17.8172
18964 24493 1.31106 17.8339
18932 24493 1.31106 17.8505
18904 24493 1.31106 17.8672
18877 24493 1.31106 17.8839
18845 24493 1.31106 17.9005
18818 24493 1.31106 17.9172
18784 24493 1.31106 17.9339
18755 24493 1.31106 17.9505
18721 24493 1.31106 17.9672
18689 24493 1.31106 17.9839
18655 24493 1.31106 18.0005
18629 24493 1.31106 18.0172
18601 24493 1.31106 18.0339
18572 24493 1.31106 18.0505
18544 24493 1.31106 18.0672
18511 24493 1.31106 18.0839
18483 24493 1.31106 18.1005
18449 24493 1.31106 18.1172
18420 24493 1.31106 18.1339
18397 24493 1.31106 18.1505
18362 24493 1.31106 18.1672
18341 24493 1.31106 18.1838
18307 24493 1.31106 18.2005
18281 24493 1.31106 18.2172
18252 24493 1.31106 18.2338
18217 24493 1.31106 18.2505
18198 24493 1.31106 18.2672
18175 24493 1.31106 18.2838
18149 24493 1.31106 18.3005
18125 24493 1.31106 18.3172
18093 24493 1.31106 18.3338
18068 24493 1.31106 18.3505
18047 24493 1.31106 18.3672
18024 24493 1.31106 18.3838
18001 24493 1.31106 18.4005
17971 24493 1.31106 18.4172
17949 24493 1.31106 18.4338
17932 24493 1.31106 18.4505
17906 24493 1.31106 18.4672
17886 24493 1.31106 18.4838
17864 24493 1.31106 18.5005
17843 24493 1.31106 18.5172
17816 24493 1.31106 18.5338
17798 24493 1.31106 18.5505
17777 24493 1.31106 18.5672
17763 24493 1.31106 18.5838
17738 24493 1.31106 18.6005
17717 24493 1.31106 18.6172
17697 24493 1.31106 18.6338
17673 24493 1.31106 18.6505
17656 24493 1.31106 18.6672
17636 24493 1.31106 18.6838
17621 24493 1.31106 18.7005
17599 24493 1.31106 18.7172
17584 24493 1.31106 18.7338
17563 24493 1.31106 18.7505
17547 24493 1.31106 18.7672
17529 24493 1.31106 18.7838
17513 24493 1.31106 18.8005
17490 24493 1.31106 18.8172
17473 24493 1.31106 18.8338
17459 24493 1.31106 18.8505
17441 24493 1.31106 18.8672
17424 24493 1.31106 18.8838
17404 24493 1.31106 18.9005
17385 24493 1.31106 18.9172
17370 24493 1.31106 18.9338
17355 24493 1.31106 18.9505
17339 24493 1.31106 18.9672
17324 24493 1.31106 18.9838
17308 24493 1.31106 19.0005
17293 24493 1.31106 19.0172
17277 24493 1.31106 19.0338
17258 24493 1.31106 19.0505
17248 24493 1.31106 19.0672
17228 24493 1.31106 19.0838
17216 24493 1.31106 19.1005
17200 24493 1.31106 19.1172
17187 24493 1.31106 19.1338
17171 24493 1.31106 19.1505
17155 24493 1.31106 19.1672
17142 24493 1.31106 19.1838
17127 24493 1.31106 19.2005
17115 24493 1.31106 19.2172
17099 24493 1.31106 19.2338
17084 24493 1.31106 19.2505
17071 24493 1.31106 19.2672
17059 24493 1.31106 19.2838
17046 24493 1.31106 19.3005
17030 24493 1.31106 19.3172
17014 24493 1.31106 19.3338
17002 24493 1.31106 19.3505
16988 24493 1.31106 19.3672
16977 24493 1.31106 19.3838
16960 24493 1.31106 19.4005
16949 24493 1.31106 19.4172
16937 24493 1.31106 19.4338
16923 24493 1.31106 19.4505
16911 24493 1.31106 19.4672
16899 24493 1.31106 19.4838
16883 24493 1.31106 19.5005
16873 24493 1.31106 19.5172
16858 24493 1.31106 19.5338
16849 24493 1.31106 19.5505
16836 24493 1.31106 19.5672
16826 24493 1.31106 19.5838
16814 24493 1.31106 19.6005
16802 24493 1.31106 19.6172
16793 24493 1.31106 19.6338
16785 24493 1.31106 19.6505
16768 24493 1.31106 19.6672
16758 24493 1.31106 19.6838
16749 24493 1.31106 19.7005
16739 24493 1.31106 19.7172
16729 24493 1.31106 19.7338
16715 24493 1.31106 19.7505
16706 24493 1.31106 19.7672
16696 24493 1.31106 19.7838
16684 24493 1.31106 19.8005
16676 24493 1.31106 19.8172
16666 24493 1.31106 19.8338
16654 24493 1.31106 19.8505
16644 24493 1.31106 19.8672
16635 24493 1.31106 19.8838
16627 24493 1.31106 19.9005
16622 24493 1.31106 19.9172
16610 24493 1.31106 19.9338
16599 24493 1.31106 19.9505
16588 24493 1.31106 19.9672
16577 24493 1.31106 19.9838
16565 24493 1.31106 20.0005
16555 24493 1.31106 20.0172
16548 24493 1.31106 20.0338
16538 24493 1.31106 20.0505
16531 24493 1.31106 20.0672
16523 24493 1.31106 20.0838
16513 24493 1.31106 20.1005
16505 24493 1.31106 20.1172
16492 24493 1.31106 20.1338
16484 24493 1.31106 20.1505
16477 24493 1.31106 20.1672
16464 24493 1.31106 20.1838
16457 24493 1.31106 20.2005
16447 24493 1.31106 20.2172
16439 24493 1.31106 20.2338
16429 24493 1.31106 20.2505
16422 24493 1.31106 20.2672
16416 24493 1.31106 20.2838
16406 24493 1.31106 20.3005
16397 24493 1.31106 20.3172
16390 24493 1.31106 20.3338
16382 24493 1.31106 20.3505
16373 24493 1.31106 20.3671
16362 24493 1.31106 20.3838
16357 24493 1.31106 20.4005
16347 24493 1.31106 20.4171
16342 24493 1.31106 20.4338
16332 24493 1.31106 20.4505
16326 24493 1.31106 20.4671
16318 24493 1.31106 20.4838
16312 24493 1.31106 20.5005
16301 24493 1.31106 20.5171
16295 24493 1.31106 20.5338
16287 24493 1.31106 20.5505
16281 24493 1.31106 20.5671
16273 24493 1.31106 20.5838
16266 24493 1.31106 20.6005
16258 24493 1.31106 20.6171
16251 24493 1.31106 20.6338
16243 24493 1.31106 20.6505
16236 24493 1.31106 20.6671
16227 24493 1.31106 20.6838
16221 24493 1.31106 20.7005
16219 24493 1.31106 20.7171
16207 24493 1.31106 20.7338
16199 24493 1.31106 20.7505
16196 24493 1.31106 20.7671
16190 24493 1.31106 20.7838
16181 24493 1.31106 20.8005
16176 24493 1.31106 20.8171
16171 24493 1.31106 20.8338
16163 24493 1.31106 20.8505
16153 24493 1.31106 20.8671
16148 24493 1.31106 20.8838
16138 24493 1.31106 20.9005
16133 24493 1.31106 20.9171
16130 24493 1.31106 20.9338
16121 24493 1.31106 20.9505
16116 24493 1.31106 20.9671
16110 24493 1.31106 20.9838
16103 24493 1.31106 21.0005
16096 24493 1.31106 21.0171
16092 24493 1.31106 21.0338
16086 24493 1.31106 21.0505
16079 24493 1.31106 21.0671
16070 24493 1.31106 21.0838
16066 24493 1.31106 21.1005
16062 24493 1.31106 21.1171
16056 24493 1.31106 21.1338
16050 24493 1.31106 21.1505
16044 24493 1.31106 21.1671
16037 24493 1.31106 21.1838
16030 24493 1.31106 21.2005
16022 24493 1.31106 21.2171
16020 24493 1.31106 21.2338
16014 24493 1.31106 21.2505
16007 24493 1.31106 21.2671
16005 24493 1.31106 21.2838
15996 24493 1.31106 21.3005
15993 24493 1.31106 21.3171
15985 24493 1.31106 21.3338
15979 24493 1.31106 21.3505
15973 24493 1.31106 21.3671
15966 24493 1.31106 21.3838
15963 24493 1.31106 21.4005
15958 24493 1.31106 21.4171
15951 24493 1.31106 21.4338
15944 24493 1.31106 21.4505
15942 24493 1.31106 21.4671
15938 24493 1.31106 21.4838
15932 24493 1.31106 21.5005
15927 24493 1.31106 21.5171
15921 24493 1.31106 21.5338
15915 24493 1.31106 21.5505
15910 24493 1.31106 21.5671
15906 24493 1.31106 21.5838
15900 24493 1.31106 21.6005
15896 24493 1.31106 21.6171
15888 24493 1.31106 21.6338
15884 24493 1.31106 21.6505
15879 24493 1.31106 21.6671
15875 24493 1.31106 21.6838
15869 24493 1.31106 21.7005
15866 24493 1.31106 21.7171
15859 24493 1.31106 21.7338
15855 24493 1.31106 21.7505
15849 24493 1.31106 21.7671
15844 24493 1.31106 21.7838
15838 24493 1.31106 21.8005
15833 24493 1.31106 21.8171
15829 24493 1.31106 21.8338
15822 24493 1.31106 21.8505
15819 24493 1.31106 21.8671
15812 24493 1.31106 21.8838
15808 24493 1.31106 21.9005
15803 24493 1.31106 21.9171
15798 24493 1.31106 21.9338
15796 24493 1.31106 21.9505
15792 24493 1.31106 21.9671
15785 24493 1.31106 21.9838
15782 24493 1.31106 22.0005
15778 24493 1.31106 22.0171
15774 24493 1.31106 22.0338
15767 24493 1.31106 22.0505
15762 24493 1.31106 22.0671
15759 24493 1.31106 22.0838
15754 24493 1.31106 22.1005
15749 24493 1.31106 22.1171
15747 24493 1.31106 22.1338
15743 24493 1.31106 22.1505
15735 24493 1.31106 22.1671
15732 24493 1.31106 22.1838
15726 24493 1.31106 22.2005
15721 24493 1.31106 22.2171
15717 24493 1.31106 22.2338
15714 24493 1.31106 22.2505
15709 24493 1.31106 22.2671
15703 24493 1.31106 22.2838
15699 24493 1.31106 22.3005
15697 24493 1.31106 22.3171
15691 24493 1.31106 22.3338
15686 24493 1.31106 22.3505
15679 24493 1.31106 22.3671
15678 24493 1.31106 22.3838
15673 24493 1.31106 22.4005
15670 24493 1.31106 22.4171
15666 24493 1.31106 22.4338
15662 24493 1.31106 22.4505
15659 24493 1.31106 22.4671
15655 24493 1.31106 22.4838
15651 24493 1.31106 22.5005
15650 24493 1.31106 22.5171
15644 24493 1.31106 22.5338
15640 24493 1.31106 22.5504
15635 24493 1.31106 22.5671
15631 24493 1.31106 22.5838
15627 24493 1.31106 22.6004
15625 24493 1.31106 22.6171
15620 24493 1.31106 22.6338
15617 24493 1.31106 22.6504
15614 24493 1.31106 22.6671
15612 24493 1.31106 22.6838
15610 24493 1.31106 22.7004
15605 24493 1.31106 22.7171
15600 24493 1.31106 22.7338
15595 24493 1.31106 22.7504
15593 24493 1.31106 22.7671
15590 24493 1.31106 22.7838
15588 24493 1.31106 22.8004
15586 24493 1.31106 22.8171
15581 24493 1.31106 22.8338
15575 24493 1.31106 22.8504
15571 24493 1.31106 22.8671
15570 24493 1.31106 22.8838
15564 24493 1.31106 22.9004
15561 24493 1.31106 22.9171
15559 24493 1.31106 22.9338
15555 24493 1.31106 22.9504
15550 24493 1.31106 22.9671
15549 24493 1.31106 22.9838
15545 24493 1.31106 23.0004
15541 24493 1.31106 23.0171
15537 24493 1.31106 23.0338
15534 24493 1.31106 23.0504
15530 24493 1.31106 23.0671
15528 24493 1.31106 23.0838
15525 24493 1.31106 23.1004
15520 24493 1.31106 23.1171
15519 24493 1.31106 23.1338
15514 24493 1.31106 23.1504
15512 24493 1.31106 23.1671
15508 24493 1.31106 23.1838
15506 24493 1.31106 23.2004
15502 24493 1.31106 23.2171
15501 24493 1.31106 23.2338
15496 24493 1.31106 23.2504
15492 24493 1.31106 23.2671
15489 24493 1.31106 23.2838
15484 24493 1.31106 23.3004
15484 24493 1.31106 23.3171
15478 24493 1.31106 23.3338
15476 24493 1.31106 23.3504
15472 24493 1.31106 23.3671
15469 24493 1.31106 23.3838
15467 24493 1.31106 23.4004
15466 24493 1.31106 23.4171
15458 24493 1.31106 23.4338
15458 24493 1.31106 23.4504
15453 24493 1.31106 23.4671
15451 24493 1.31106 23.4838
15448 24493 1.31106 23.5004
15443 24493 1.31106 23.5171
15441 24493 1.31106 23.5338
15438 24493 1.31106 23.5504
15435 24493 1.31106 23.5671
15432 24493 1.31106 23.5838
15429 24493 1.31106 23.6004
15429 24493 1.31106 23.6171
15421 24493 1.31106 23.6338
15420 24493 1.31106 23.6504
15418 24493 1.31106 23.6671
15416 24493 1.31106 23.6838
15410 24493 1.31106 23.7004
15409 24493 1.31106 23.7171
15404 24493 1.31106 23.7338
15403 24493 1.31106 23.7504
15398 24493 1.31106 23.7671
15396 24493 1.31106 23.7838
15393 24493 1.31106 23.8004
15389 24493 1.31106 23.8171
15386 24493 1.31106 23.8338
15384 24493 1.31106 23.8504
15382 24493 1.31106 23.8671
15379 24493 1.31106 23.8838
15378 24493 1.31106 23.9004
15373 24493 1.31106 23.9171
15370 24493 1.31106 23.9338
15368 24493 1.31106 23.9504
15367 24493 1.31106 23.9671
15360 24493 1.31106 23.9838
15359 24493 1.31106 24.0004
15357 24493 1.31106 24.0171
15355 24493 1.31106 24.0338
15350 24493 1.31106 24.0504
15346 24493 1.31106 24.0671
15344 24493 1.31106 24.0838
15340 24493 1.31106 24.1004
15338 24493 1.31106 24.1171
15335 24493 1.31106 24.1338
15332 24493 1.31106 24.1504
15329 24493 1.31106 24.1671
15324 24493 1.31106 24.1838
15324 24493 1.31106 24.2004
15321 24493 1.31106 24.2171
15319 24493 1.31106 24.2338
15316 24493 1.31106 24.2504
15312 24493 1.31106 24.2671
15310 24493 1.31106 24.2838
15307 24493 1.31106 24.3004
15306 24493 1.31106 24.3171
15302 24493 1.31106 24.3338
15301 24493 1.31106 24.3504
15298 24493 1.31106 24.3671
15295 24493 1.31106 24.3838
15293 24493 1.31106 24.4004
15291 24493 1.31106 24.4171
15287 24493 1.31106 24.4338
15285 24493 1.31106 24.4504
15284 24493 1.31106 24.4671
15281 24493 1.31106 24.4838
15280 24493 1.31106 24.5004
15280 24493 1.31106 24.5171
15278 24493 1.31106 24.5338
15272 24493 1.31106 24.5504
15270 24493 1.31106 24.5671
15268 24493 1.31106 24.5838
15265 24493 1.31106 24.6004
15265 24493 1.31106 24.6171
15260 24493 1.31106 24.6338
15259 24493 1.31106 24.6504
15258 24493 1.31106 24.6671
15256 24493 1.31106 24.6838
15252 24493 1.31106 24.7004
15252 24493 1.31106 24.7171
15247 24493 1.31106 24.7337
15246 24493 1.31106 24.7504
15243 24493 1.31106 24.7671
15241 24493 1.31106 24.7837
15238 24493 1.31106 24.8004
15235 24493 1.31106 24.8171
15234 24493 1.31106 24.8337
15231 24493 1.31106 24.8504
15228 24493 1.31106 24.8671
15224 24493 1.31106 24.8837
15222 24493 1.31106 24.9004
15220 24493 1.31106 24.9171
15218 24493 1.31106 24.9337
15218 24493 1.31106 24.9504
15215 24493 1.31106 24.9671
15208 24493 1.31106 24.9837
15206 24493 1.31106 25.0004
15206 24493 1.31106 25.0171
15204 24493 1.31106 25.0337
15202 24493 1.31106 25.0504
15197 24493 1.31106 25.0671
15195 24493 1.31106 25.0837
15194 24493 1.31106 25.1004
15192 24493 1.31106 25.1171
15188 24493 1.31106 25.1337
15187 24493 1.31106 25.1504
15184 24493 1.31106 25.1671
15181 24493 1.31106 25.1837
15179 24493 1.31106 25.2004
15176 24493 1.31106 25.2171
15174 24493 1.31106 25.2337
15173 24493 1.31106 25.2504
15170 24493 1.31106 25.2671
15167 24493 1.31106 25.2837
15165 24493 1.31106 25.3004
15164 24493 1.31106 25.3171
15161 24493 1.31106 25.3337
15160 24493 1.31106 25.3504
15157 24493 1.31106 25.3671
15153 24493 1.31106 25.3837
15152 24493 1.31106 25.4004
15150 24493 1.31106 25.4171
15147 24493 1.31106 25.4337
15147 24493 1.31106 25.4504
15145 24493 1.31106 25.4671
15143 24493 1.31106 25.4837
15140 24493 1.31106 25.5004
15138 24493 1.31106 25.5171
15137 24493 1.31106 25.5337
15135 24493 1.31106 25.5504
15133 24493 1.31106 25.5671
15132 24493 1.31106 25.5837
15129 24493 1.31106 25.6004
15129 24493 1.31106 25.6171
15126 24493 1.31106 25.6337
15125 24493 1.31106 25.6504
15122 24493 1.31106 25.6671
15121 24493 1.31106 25.6837
15119 24493 1.31106 25.7004
15119 24493 1.31106 25.7171
15116 24493 1.31106 25.7337
15114 24493 1.31106 25.7504
15111 24493 1.31106 25.7671
15110 24493 1.31106 25.7837
15106 24493 1.31106 25.8004
15105 24493 1.31106 25.8171
15104 24493 1.31106 25.8337
15102 24493 1.31106 25.8504
15100 24493 1.31106 25.8671
15098 24493 1.31106 25.8837
15097 24493 1.31106 25.9004
15092 24493 1.31106 25.9171
15091 24493 1.31106 25.9337
15088 24493 1.31106 25.9504
15087 24493 1.31106 25.9671
15085 24493 1.31106 25.9837
15084 24493 1.31106 26.0004
15081 24493 1.31106 26.0171
15080 24493 1.31106 26.0337
15080 24493 1.31106 26.0504
15075 24493 1.31106 26.0671
15074 24493 1.31106 26.0837
15073 24493 1.31106 26.1004
15073 24493 1.31106 26.1171
15068 24493 1.31106 26.1337
15066 24493 1.31106 26.1504
15064 24493 1.31106 26.1671
15063 24493 1.31106 26.1837
15061 24493 1.31106 26.2004
15060 24493 1.31106 26.2171
15057 24493 1.31106 26.2337
15055 24493 1.31106 26.2504
15053 24493 1.31106 26.2671
15051 24493 1.31106 26.2837
15050 24493 1.31106 26.3004
15048 24493 1.31106 26.3171
15047 24493 1.31106 26.3337
15043 24493 1.31106 26.3504
15043 24493 1.31106 26.3671
15042 24493 1.31106 26.3837
15038 24493 1.31106 26.4004
15037 24493 1.31106 26.4171
15035 24493 1.31106 26.4337
15035 24493 1.31106 26.4504
15032 24493 1.31106 26.4671
15032 24493 1.31106 26.4837
15031 24493 1.31106 26.5004
15028 24493 1.31106 26.5171
15026 24493 1.31106 26.5337
15025 24493 1.31106 26.5504
15023 24493 1.31106 26.5671
15021 24493 1.31106 26.5837
15020 24493 1.31106 26.6004
15018 24493 1.31106 26.6171
15017 24493 1.31106 26.6337
15015 24493 1.31106 26.6504
15014 24493 1.31106 26.6671
15014 24493 1.31106 26.6837
15011 24493 1.31106 26.7004
15008 24493 1.31106 26.7171
15007 24493 1.31106 26.7337
15007 24493 1.31106 26.7504
15003 24493 1.31106 26.7671
15002 24493 1.31106 26.7837
15000 24493 1.31106 26.8004
15000 24493 1.31106 26.8171
14999 24493 1.31106 26.8337
14998 24493 1.31106 26.8504
14996 24493 1.31106 26.8671
14993 24493 1.31106 26.8837
14993 24493 1.31106 26.9004
14991 24493 1.31106 26.917
14991 24493 1.31106 26.9337
14988 24493 1.31106 26.9504
14987 24493 1.31106 26.967
14985 24493 1.31106 26.9837
14984 24493 1.31106 27.0004
14983 24493 1.31106 27.017
14982 24493 1.31106 27.0337
14981 24493 1.31106 27.0504
14979 24493 1.31106 27.067
14976 24493 1.31106 27.0837
14976 24493 1.31106 27.1004
14974 24493 1.31106 27.117
14973 24493 1.31106 27.1337
14973 24493 1.31106 27.1504
14971 24493 1.31106 27.167
14969 24493 1.31106 27.1837
14968 24493 1.31106 27.2004
14967 24493 1.31106 27.217
14967 24493 1.31106 27.2337
14965 24493 1.31106 27.2504
14964 24493 1.31106 27.267
14961 24493 1.31106 27.2837
14960 24493 1.31106 27.3004
14959 24493 1.31106 27.317
14958 24493 1.31106 27.3337
14956 24493 1.31106 27.3504
14955 24493 1.31106 27.367
14954 24493 1.31106 27.3837
14952 24493 1.31106 27.4004
14951 24493 1.31106 27.417
14949 24493 1.31106 27.4337
14948 24493 1.31106 27.4504
14947 24493 1.31106 27.467
14946 24493 1.31106 27.4837
14944 24493 1.31106 27.5004
14941 24493 1.31106 27.517
14938 24493 1.31106 27.5337
14937 24493 1.31106 27.5504
14937 24493 1.31106 27.567
14934 24493 1.31106 27.5837
14932 24493 1.31106 27.6004
14932 24493 1.31106 27.617
14930 24493 1.31106 27.6337
14930 24493 1.31106 27.6504
14927 24493 1.31106 27.667
14926 24493 1.31106 27.6837
14926 24493 1.31106 27.7004
14925 24493 1.31106 27.717
14921 24493 1.31106 27.7337
14921 24493 1.31106 27.7504
14920 24493 1.31106 27.767
14919 24493 1.31106 27.7837
14917 24493 1.31106 27.8004
14916 24493 1.31106 27.817
14915 24493 1.31106 27.8337
14912 24493 1.31106 27.8504
14910 24493 1.31106 27.867
14909 24493 1.31106 27.8837
14908 24493 1.31106 27.9004
14906 24493 1.31106 27.917
14905 24493 1.31106 27.9337
14903 24493 1.31106 27.9504
14902 24493 1.31106 27.967
14901 24493 1.31106 27.9837
14899 24493 1.31106 28.0004
14897 24493 1.31106 28.017
14897 24493 1.31106 28.0337
14896 24493 1.31106 28.0504
14894 24493 1.31106 28.067
14892 24493 1.31106 28.0837
14891 24493 1.31106 28.1004
14890 24493 1.31106 28.117
14889 24493 1.31106 28.1337
14889 24493 1.31106 28.1504
14888 24493 1.31106 28.167
14885 24493 1.31106 28.1837
14884 24493 1.31106 28.2004
14882 24493 1.31106 28.217
14882 24493 1.31106 28.2337
14879 24493 1.31106 28.2504
14879 24493 1.31106 28.267
14877 24493 1.31106 28.2837
14877 24493 1.31106 28.3004
14876 24493 1.31106 28.317
14874 24493 1.31106 28.3337
14874 24493 1.31106 28.3504
14871 24493 1.31106 28.367
14871 24493 1.31106 28.3837
14871 24493 1.31106 28.4004
14869 24493 1.31106 28.417
14867 24493 1.31106 28.4337
14867 24493 1.31106 28.4504
14865 24493 1.31106 28.467
14865 24493 1.31106 28.4837
14864 24493 1.31106 28.5004
14862 24493 1.31106 28.517
14862 24493 1.31106 28.5337
14859 24493 1.31106 28.5504
14857 24493 1.31106 28.567
14856 24493 1.31106 28.5837
14856 24493 1.31106 28.6004
14855 24493 1.31106 28.617
14854 24493 1.31106 28.6337
14852 24493 1.31106 28.6504
14850 24493 1.31106 28.667
14850 24493 1.31106 28.6837
14849 24493 1.31106 28.7004
14848 24493 1.31106 28.717
14846 24493 1.31106 28.7337
14846 24493 1.31106 28.7504
14844 24493 1.31106 28.767
14842 24493 1.31106 28.7837
14841 24493 1.31106 28.8004
14839 24493 1.31106 28.817
14839 24493 1.31106 28.8337
14839 24493 1.31106 28.8504
14837 24493 1.31106 28.867
14836 24493 1.31106 28.8837
14835 24493 1.31106 28.9004
14835 24493 1.31106 28.917
14833 24493 1.31106 28.9337
14833 24493 1.31106 28.9504
14832 24493 1.31106 28.967
14831 24493 1.31106 28.9837
14829 24493 1.31106 29.0004
14829 24493 1.31106 29.017
14829 24493 1.31106 29.0337
14828 24493 1.31106 29.0504
14827 24493 1.31106 29.067
14826 24493 1.31106 29.0837
14825 24493 1.31106 29.1003
14825 24493 1.31106 29.117
14824 24493 1.31106 29.1337
14824 24493 1.31106 29.1503
14824 24493 1.31106 29.167
14822 24493 1.31106 29.1837
14820 24493 1.31106 29.2003
14820 24493 1.31106 29.217
14818 24493 1.31106 29.2337
14817 24493 1.31106 29.2503
14817 24493 1.31106 29.267
14816 24493 1.31106 29.2837
14815 24493 1.31106 29.3003
14813 24493 1.31106 29.317
14811 24493 1.31106 29.3337
14811 24493 1.31106 29.3503
14811 24493 1.31106 29.367
14808 24493 1.31106 29.3837
14807 24493 1.31106 29.4003
14807 24493 1.31106 29.417
14805 24493 1.31106 29.4337
14805 24493 1.31106 29.4503
14802 24493 1.31106 29.467
14802 24493 1.31106 29.4837
14802 24493 1.31106 29.5003
14801 24493 1.31106 29.517
14799 24493 1.31106 29.5337
14798 24493 1.31106 29.5503
14797 24493 1.31106 29.567
14796 24493 1.31106 29.5837
14795 24493 1.31106 29.6003
14795 24493 1.31106 29.617
14794 24493 1.31106 29.6337
14793 24493 1.31106 29.6503
14792 24493 1.31106 29.667
14790 24493 1.31106 29.6837
14789 24493 1.31106 29.7003
14788 24493 1.31106 29.717
14788 24493 1.31106 29.7337
14786 24493 1.31106 29.7503
14785 24493 1.31106 29.767
14784 24493 1.31106 29.7837
14782 24493 1.31106 29.8003
14781 24493 1.31106 29.817
14781 24493 1.31106 29.8337
14779 24493 1.31106 29.8503
14778 24493 1.31106 29.867
14776 24493 1.31106 29.8837
14776 24493 1.31106 29.9003
14774 24493 1.31106 29.917
14772 24493 1.31106 29.9337
14772 24493 1.31106 29.9503
14771 24493 1.31106 29.967
14769 24493 1.31106 29.9837
14769 24493 1.31106 30.0003
14768 24493 1.31106 30.017
14768 24493 1.31106 30.0337
14767 24493 1.31106 30.0503
14765 24493 1.31106 30.067
14765 24493 1.31106 30.0837
14764 24493 1.31106 30.1003
14764 24493 1.31106 30.117
14762 24493 1.31106 30.1337
14761 24493 1.31106 30.1503
14760 24493 1.31106 30.167
14760 24493 1.31106 30.1837
14760 24493 1.31106 30.2003
14757 24493 1.31106 30.217
14757 24493 1.31106 30.2337
14756 24493 1.31106 30.2503
14754 24493 1.31106 30.267
14753 24493 1.31106 30.2837
14751 24493 1.31106 30.3003
14751 24493 1.31106 30.317
14750 24493 1.31106 30.3337
14750 24493 1.31106 30.3503
14747 24493 1.31106 30.367
14744 24493 1.31106 30.3837
14744 24493 1.31106 30.4003
14744 24493 1.31106 30.417
14743 24493 1.31106 30.4337
14742 24493 1.31106 30.4503
14741 24493 1.31106 30.467
14740 24493 1.31106 30.4837
14740 24493 1.31106 30.5003
14739 24493 1.31106 30.517
14738 24493 1.31106 30.5337
14736 24493 1.31106 30.5503
14736 24493 1.31106 30.567
14735 24493 1.31106 30.5837
14735 24493 1.31106 30.6003
14734 24493 1.31106 30.617
14733 24493 1.31106 30.6337
14733 24493 1.31106 30.6503
14732 24493 1.31106 30.667
14731 24493 1.31106 30.6837
14731 24493 1.31106 30.7003
14729 24493 1.31106 30.717
14729 24493 1.31106 30.7337
14728 24493 1.31106 30.7503
14727 24493 1.31106 30.767
14727 24493 1.31106 30.7837
14725 24493 1.31106 30.8003
14724 24493 1.31106 30.817
14724 24493 1.31106 30.8337
14724 24493 1.31106 30.8503
14723 24493 1.31106 30.867
14722 24493 1.31106 30.8837
14721 24493 1.31106 30.9003
14721 24493 1.31106 30.917
14720 24493 1.31106 30.9337
14720 24493 1.31106 30.9503
14720 24493 1.31106 30.967
14719 24493 1.31106 30.9837
14717 24493 1.31106 31.0003
14716 24493 1.31106 31.017
14716 24493 1.31106 31.0337
14716 24493 1.31106 31.0503
14714 24493 1.31106 31.067
14713 24493 1.31106 31.0837
14713 24493 1.31106 31.1003
14712 24493 1.31106 31.117
14712 24493 1.31106 31.1337
14709 24493 1.31106 31.1503
14709 24493 1.31106 31.167
14709 24493 1.31106 31.1837
14709 24493 1.31106 31.2003
14707 24493 1.31106 31.217
14706 24493 1.31106 31.2337
14706 24493 1.31106 31.2503
14705 24493 1.31106 31.267
14705 24493 1.31106 31.2836
14704 24493 1.31106 31.3003
14702 24493 1.31106 31.317
14702 24493 1.31106 31.3336
14702 24493 1.31106 31.3503
14702 24493 1.31106 31.367
14700 24493 1.31106 31.3836
14700 24493 1.31106 31.4003
14699 24493 1.31106 31.417
14699 24493 1.31106 31.4336
14698 24493 1.31106 31.4503
14697 24493 1.31106 31.467
14697 24493 1.31106 31.4836
14696 24493 1.31106 31.5003
14695 24493 1.31106 31.517
14695 24493 1.31106 31.5336
14694 24493 1.31106 31.5503
14693 24493 1.31106 31.567
14693 24493 1.31106 31.5836
14693 24493 1.31106 31.6003
14693 24493 1.31106 31.617
14690 24493 1.31106 31.6336
14690 24493 1.31106 31.6503
14690 24493 1.31106 31.667
14690 24493 1.31106 31.6836
14690 24493 1.31106 31.7003
14690 24493 1.31106 31.717
14688 24493 1.31106 31.7336
14688 24493 1.31106 31.7503
14688 24493 1.31106 31.767
14688 24493 1.31106 31.7836
14688 24493 1.31106 31.8003
14688 24493 1.31106 31.817
14687 24493 1.31106 31.8336
14685 24493 1.31106 31.8503
14684 24493 1.31106 31.867
14684 24493 1.31106 31.8836
14684 24493 1.31106 31.9003
14684 24493 1.31106 31.917
14684 24493 1.31106 31.9336
14682 24493 1.31106 31.9503
14682 24493 1.31106 31.967
14680 24493 1.31106 31.9836
14680 24493 1.31106 32.0003
14680 24493 1.31106 32.017
14680 24493 1.31106 32.0336
14679 24493 1.31106 32.0503
14679 24493 1.31106 32.067
14679 24493 1.31106 32.0836
14678 24493 1.31106 32.1003
14677 24493 1.31106 32.117
14676 24493 1.31106 32.1336
14675 24493 1.31106 32.1503
14675 24493 1.31106 32.167
14675 24493 1.31106 32.1836
14674 24493 1.31106 32.2003
14673 24493 1.31106 32.217
14673 24493 1.31106 32.2336
14672 24493 1.31106 32.2503
14672 24493 1.31106 32.267
14671 24493 1.31106 32.2836
14671 24493 1.31106 32.3003
14670 24493 1.31106 32.317
14670 24493 1.31106 32.3336
14670 24493 1.31106 32.3503
14669 24493 1.31106 32.367
14669 24493 1.31106 32.3836
14669 24493 1.31106 32.4003
14669 24493 1.31106 32.417
14669 24493 1.31106 32.4336
14668 24493 1.31106 32.4503
14668 24493 1.31106 32.467
14668 24493 1.31106 32.4836
14668 24493 1.31106 32.5003
14668 24493 1.31106 32.517
14666 24493 1.31106 32.5336
14666 24493 1.31106 32.5503
14664 24493 1.31106 32.567
14663 24493 1.31106 32.5836
14663 24493 1.31106 32.6003
14663 24493 1.31106 32.617
14663 24493 1.31106 32.6336
14662 24493 1.31106 32.6503
14661 24493 1.31106 32.667
14661 24493 1.31106 32.6836
14660 24493 1.31106 32.7003
14660 24493 1.31106 32.717
14660 24493 1.31106 32.7336
14660 24493 1.31106 32.7503
14659 24493 1.31106 32.767
14658 24493 1.31106 32.7836
14658 24493 1.31106 32.8003
14658 24493 1.31106 32.817
14658 24493 1.31106 32.8336
14657 24493 1.31106 32.8503
14656 24493 1.31106 32.867
14656 24493 1.31106 32.8836
14656 24493 1.31106 32.9003
14654 24493 1.31106 32.917
14654 24493 1.31106 32.9336
14654 24493 1.31106 32.9503
14654 24493 1.31106 32.967
14653 24493 1.31106 32.9836
14653 24493 1.31106 33.0003
14650 24493 1.31106 33.017
14650 24493 1.31106 33.0336
14650 24493 1.31106 33.0503
14650 24493 1.31106 33.067
14650 24493 1.31106 33.0836
14650 24493 1.31106 33.1003
14649 24493 1.31106 33.117
14648 24493 1.31106 33.1336
14648 24493 1.31106 33.1503
14647 24493 1.31106 33.167
14647 24493 1.31106 33.1836
14645 24493 1.31106 33.2003
14645 24493 1.31106 33.217
14644 24493 1.31106 33.2336
14644 24493 1.31106 33.2503
14644 24493 1.31106 33.267
14643 24493 1.31106 33.2836
14643 24493 1.31106 33.3003
14642 24493 1.31106 33.317
14641 24493 1.31106 33.3336
14640 24493 1.31106 33.3503
14639 24493 1.31106 33.367
14639 24493 1.31106 33.3836
14639 24493 1.31106 33.4003
14638 24493 1.31106 33.417
14637 24493 1.31106 33.4336
14637 24493 1.31106 33.4503
14636 24493 1.31106 33.4669
14635 24493 1.31106 33.4836
14634 24493 1.31106 33.5003
14634 24493 1.31106 33.5169
14634 24493 1.31106 33.5336
14634 24493 1.31106 33.5503
14633 24493 1.31106 33.5669
14631 24493 1.31106 33.5836
14631 24493 1.31106 33.6003
14631 24493 1.31106 33.6169
14630 24493 1.31106 33.6336
14630 24493 1.31106 33.6503
14629 24493 1.31106 33.6669
14629 24493 1.31106 33.6836
14629 24493 1.31106 33.7003
14627 24493 1.31106 33.7169
14627 24493 1.31106 33.7336
14625 24493 1.31106 33.7503
14625 24493 1.31106 33.7669
14624 24493 1.31106 33.7836
14624 24493 1.31106 33.8003
14623 24493 1.31106 33.8169
14623 24493 1.31106 33.8336
14623 24493 1.31106 33.8503
14622 24493 1.31106 33.8669
14621 24493 1.31106 33.8836
14621 24493 1.31106 33.9003
14621 24493 1.31106 33.9169
14621 24493 1.31106 33.9336
14619 24493 1.31106 33.9503
14619 24493 1.31106 33.9669
14618 24493 1.31106 33.9836
14617 24493 1.31106 34.0003
14617 24493 1.31106 34.0169
14617 24493 1.31106 34.0336
14617 24493 1.31106 34.0503
14616 24493 1.31106 34.0669
14616 24493 1.31106 34.0836
14615 24493 1.31106 34.1003
14614 24493 1.31106 34.1169
14614 24493 1.31106 34.1336
14614 24493 1.31106 34.1503
14613 24493 1.31106 34.1669
14613 24493 1.31106 34.1836
14613 24493 1.31106 34.2003
14612 24493 1.31106 34.2169
14612 24493 1.31106 34.2336
14612 24493 1.31106 34.2503
14612 24493 1.31106 34.2669
14611 24493 1.31106 34.2836
14611 24493 1.31106 34.3003
14610 24493 1.31106 34.3169
14610 24493 1.31106 34.3336
14610 24493 1.31106 34.3503
14609 24493 1.31106 34.3669
14608 24493 1.31106 34.3836
14608 24493 1.31106 34.4003
14608 24493 1.31106 34.4169
14607 24493 1.31106 34.4336
14607 24493 1.31106 34.4503
14607 24493 1.31106 34.4669
14606 24493 1.31106 34.4836
14606 24493 1.31106 34.5003
14606 24493 1.31106 34.5169
14605 24493 1.31106 34.5336
14605 24493 1.31106 34.5503
14604 24493 1.31106 34.5669
14604 24493 1.31106 34.5836
14603 24493 1.31106 34.6003
14603 24493 1.31106 34.6169
14603 24493 1.31106 34.6336
14603 24493 1.31106 34.6503
14603 24493 1.31106 34.6669
14601 24493 1.31106 34.6836
14601 24493 1.31106 34.7003
14601 24493 1.31106 34.7169
14601 24493 1.31106 34.7336
14601 24493 1.31106 34.7503
14601 24493 1.31106 34.7669
14600 24493 1.31106 34.7836
14599 24493 1.31106 34.8003
14598 24493 1.31106 34.8169
14598 24493 1.31106 34.8336
14598 24493 1.31106 34.8503
14598 24493 1.31106 34.8669
14598 24493 1.31106 34.8836
14597 24493 1.31106 34.9003
14597 24493 1.31106 34.9169
14597 24493 1.31106 34.9336
14597 24493 1.31106 34.9503
14597 24493 1.31106 34.9669
14596 24493 1.31106 34.9836
14595 24493 1.31106 35.0003
14594 24493 1.31106 35.0169
14594 24493 1.31106 35.0336
14594 24493 1.31106 35.0503
14594 24493 1.31106 35.0669
14594 24493 1.31106 35.0836
14593 24493 1.31106 35.1003
14593 24493 1.31106 35.1169
14593 24493 1.31106 35.1336
14593 24493 1.31106 35.1503
14593 24493 1.31106 35.1669
14593 24493 1.31106 35.1836
14593 24493 1.31106 35.2003
14593 24493 1.31106 35.2169
14592 24493 1.31106 35.2336
14592 24493 1.31106 35.2503
14592 24493 1.31106 35.2669
14592 24493 1.31106 35.2836
14591 24493 1.31106 35.3003
14590 24493 1.31106 35.3169
14590 24493 1.31106 35.3336
14588 24493 1.31106 35.3503
14588 24493 1.31106 35.3669
14588 24493 1.31106 35.3836
14588 24493 1.31106 35.4003
14588 24493 1.31106 35.4169
14588 24493 1.31106 35.4336
14588 24493 1.31106 35.4503
14586 24493 1.31106 35.4669
14586 24493 1.31106 35.4836
14586 24493 1.31106 35.5003
14586 24493 1.31106 35.5169
14585 24493 1.31106 35.5336
14585 24493 1.31106 35.5503
14585 24493 1.31106 35.5669
14585 24493 1.31106 35.5836
14584 24493 1.31106 35.6003
14583 24493 1.31106 35.6169
14583 24493 1.31106 35.6336
14583 24493 1.31106 35.6502
14583 24493 1.31106 35.6669
14582 24493 1.31106 35.6836
14582 24493 1.31106 35.7002
14582 24493 1.31106 35.7169
14581 24493 1.31106 35.7336
14580 24493 1.31106 35.7502
14580 24493 1.31106 35.7669
14580 24493 1.31106 35.7836
14579 24493 1.31106 35.8002
14579 24493 1.31106 35.8169
14579 24493 1.31106 35.8336
14578 24493 1.31106 35.8502
14578 24493 1.31106 35.8669
14578 24493 1.31106 35.8836
14577 24493 1.31106 35.9002
14575 24493 1.31106 35.9169
14575 24493 1.31106 35.9336
14575 24493 1.31106 35.9502
14575 24493 1.31106 35.9669
14575 24493 1.31106 35.9836
14574 24493 1.31106 36.0002
14574 24493 1.31106 36.0169
14574 24493 1.31106 36.0336
14574 24493 1.31106 36.0502
14574 24493 1.31106 36.0669
14573 24493 1.31106 36.0836
14572 24493 1.31106 36.1002
14572 24493 1.31106 36.1169
14571 24493 1.31106 36.1336
14571 24493 1.31106 36.1502
14570 24493 1.31106 36.1669
14570 24493 1.31106 36.1836
14570 24493 1.31106 36.2002
14570 24493 1.31106 36.2169
14570 24493 1.31106 36.2336
14570 24493 1.31106 36.2502
14570 24493 1.31106 36.2669
14570 24493 1.31106 36.2836
14568 24493 1.31106 36.3002
14568 24493 1.31106 36.3169
14567 24493 1.31106 36.3336
14567 24493 1.31106 36.3502
14567 24493 1.31106 36.3669
14567 24493 1.31106 36.3836
14567 24493 1.31106 36.4002
14566 24493 1.31106 36.4169
14566 24493 1.31106 36.4336
14565 24493 1.31106 36.4502
14565 24493 1.31106 36.4669
14565 24493 1.31106 36.4836
14564 24493 1.31106 36.5002
14564 24493 1.31106 36.5169
14564 24493 1.31106 36.5336
14563 24493 1.31106 36.5502
14563 24493 1.31106 36.5669
14563 24493 1.31106 36.5836
14563 24493 1.31106 36.6002
14562 24493 1.31106 36.6169
14562 24493 1.31106 36.6336
14561 24493 1.31106 36.6502
14560 24493 1.31106 36.6669
14560 24493 1.31106 36.6836
14560 24493 1.31106 36.7002
14559 24493 1.31106 36.7169
14559 24493 1.31106 36.7336
14559 24493 1.31106 36.7502
14559 24493 1.31106 36.7669
14558 24493 1.31106 36.7836
14558 24493 1.31106 36.8002
14558 24493 1.31106 36.8169
14558 24493 1.31106 36.8336
14557 24493 1.31106 36.8502
14557 24493 1.31106 36.8669
14557 24493 1.31106 36.8836
14556 24493 1.31106 36.9002
14555 24493 1.31106 36.9169
14555 24493 1.31106 36.9336
14555 24493 1.31106 36.9502
14555 24493 1.31106 36.9669
14555 24493 1.31106 36.9836
14555 24493 1.31106 37.0002
14555 24493 1.31106 37.0169
14555 24493 1.31106 37.0336
14555 24493 1.31106 37.0502
14555 24493 1.31106 37.0669
14555 24493 1.31106 37.0836
14555 24493 1.31106 37.1002
14555 24493 1.31106 37.1169
14554 24493 1.31106 37.1336
14553 24493 1.31106 37.1502
14552 24493 1.31106 37.1669
14551 24493 1.31106 37.1836
14551 24493 1.31106 37.2002
14551 24493 1.31106 37.2169
14551 24493 1.31106 37.2336
14551 24493 1.31106 37.2502
14551 24493 1.31106 37.2669
14551 24493 1.31106 37.2836
14551 24493 1.31106 37.3002
14551 24493 1.31106 37.3169
14551 24493 1.31106 37.3336
14551 24493 1.31106 37.3502
14551 24493 1.31106 37.3669
14550 24493 1.31106 37.3836
14550 24493 1.31106 37.4002
14550 24493 1.31106 37.4169
14549 24493 1.31106 37.4336
14549 24493 1.31106 37.4502
14548 24493 1.31106 37.4669
14547 24493 1.31106 37.4836
14547 24493 1.31106 37.5002
14547 24493 1.31106 37.5169
14547 24493 1.31106 37.5336
14547 24493 1.31106 37.5502
14547 24493 1.31106 37.5669
14546 24493 1.31106 37.5836
14546 24493 1.31106 37.6002
14544 24493 1.31106 37.6169
14543 24493 1.31106 37.6336
14543 24493 1.31106 37.6502
14543 24493 1.31106 37.6669
14543 24493 1.31106 37.6836
14543 24493 1.31106 37.7002
14541 24493 1.31106 37.7169
14541 24493 1.31106 37.7336
14541 24493 1.31106 37.7502
14540 24493 1.31106 37.7669
14540 24493 1.31106 37.7836
14540 24493 1.31106 37.8002
14539 24493 1.31106 37.8169
14538 24493 1.31106 37.8335
14538 24493 1.31106 37.8502
14538 24493 1.31106 37.8669
14538 24493 1.31106 37.8835
14536 24493 1.31106 37.9002
14536 24493 1.31106 37.9169
14536 24493 1.31106 37.9335
14536 24493 1.31106 37.9502
14535 24493 1.31106 37.9669
14534 24493 1.31106 37.9835
14534 24493 1.31106 38.0002
14534 24493 1.31106 38.0169
14534 24493 1.31106 38.0335
14534 24493 1.31106 38.0502
14532 24493 1.31106 38.0669
14532 24493 1.31106 38.0835
14532 24493 1.31106 38.1002
14532 24493 1.31106 38.1169
14532 24493 1.31106 38.1335
14532 24493 1.31106 38.1502
14531 24493 1.31106 38.1669
14531 24493 1.31106 38.1835
14531 24493 1.31106 38.2002
14531 24493 1.31106 38.2169
14531 24493 1.31106 38.2335
14531 24493 1.31106 38.2502
14531 24493 1.31106 38.2669
14531 24493 1.31106 38.2835
14530 24493 1.31106 38.3002
14530 24493 1.31106 38.3169
14530 24493 1.31106 38.3335
14530 24493 1.31106 38.3502
14530 24493 1.31106 38.3669
14530 24493 1.31106 38.3835
14530 24493 1.31106 38.4002
14530 24493 1.31106 38.4169
14530 24493 1.31106 38.4335
14529 24493 1.31106 38.4502
14529 24493 1.31106 38.4669
14528 24493 1.31106 38.4835
14528 24493 1.31106 38.5002
14528 24493 1.31106 38.5169
14528 24493 1.31106 38.5335
14528 24493 1.31106 38.5502
14528 24493 1.31106 38.5669
14526 24493 1.31106 38.5835
14526 24493 1.31106 38.6002
14526 24493 1.31106 38.6169
14526 24493 1.31106 38.6335
14525 24493 1.31106 38.6502
14525 24493 1.31106 38.6669
14525 24493 1.31106 38.6835
14525 24493 1.31106 38.7002
14525 24493 1.31106 38.7169
14525 24493 1.31106 38.7335
14525 24493 1.31106 38.7502
14525 24493 1.31106 38.7669
14525 24493 1.31106 38.7835
14525 24493 1.31106 38.8002
14525 24493 1.31106 38.8169
14525 24493 1.31106 38.8335
14525 24493 1.31106 38.8502
14525 24493 1.31106 38.8669
14525 24493 1.31106 38.8835
14524 24493 1.31106 38.9002
14523 24493 1.31106 38.9169
14523 24493 1.31106 38.9335
14523 24493 1.31106 38.9502
14522 24493 1.31106 38.9669
14522 24493 1.31106 38.9835
14522 24493 1.31106 39.0002
14522 24493 1.31106 39.0169
14522 24493 1.31106 39.0335
14521 24493 1.31106 39.0502
14521 24493 1.31106 39.0669
14521 24493 1.31106 39.0835
14521 24493 1.31106 39.1002
14521 24493 1.31106 39.1169
14521 24493 1.31106 39.1335
14521 24493 1.31106 39.1502
14520 24493 1.31106 39.1669
14520 24493 1.31106 39.1835
14519 24493 1.31106 39.2002
14519 24493 1.31106 39.2169
14519 24493 1.31106 39.2335
14518 24493 1.31106 39.2502
14518 24493 1.31106 39.2669
14518 24493 1.31106 39.2835
14518 24493 1.31106 39.3002
14518 24493 1.31106 39.3169
14518 24493 1.31106 39.3335
14518 24493 1.31106 39.3502
14518 24493 1.31106 39.3669
14518 24493 1.31106 39.3835
14518 24493 1.31106 39.4002
14517 24493 1.31106 39.4169
14517 24493 1.31106 39.4335
14517 24493 1.31106 39.4502
14517 24493 1.31106 39.4669
14516 24493 1.31106 39.4835
14514 24493 1.31106 39.5002
14514 24493 1.31106 39.5169
14514 24493 1.31106 39.5335
14514 24493 1.31106 39.5502
14514 24493 1.31106 39.5669
14514 24493 1.31106 39.5835
14514 24493 1.31106 39.6002
14514 24493 1.31106 39.6169
14514 24493 1.31106 39.6335
14513 24493 1.31106 39.6502
14511 24493 1.31106 39.6669
14511 24493 1.31106 39.6835
14511 24493 1.31106 39.7002
14511 24493 1.31106 39.7169
14511 24493 1.31106 39.7335
14510 24493 1.31106 39.7502
14510 24493 1.31106 39.7669
14510 24493 1.31106 39.7835
14510 24493 1.31106 39.8002
14510 24493 1.31106 39.8169
14509 24493 1.31106 39.8335
14509 24493 1.31106 39.8502
14509 24493 1.31106 39.8669
14509 24493 1.31106 39.8835
14509 24493 1.31106 39.9002
14509 24493 1.31106 39.9169
14509 24493 1.31106 39.9335
14509 24493 1.31106 39.9502
14509 24493 1.31106 39.9669
14509 24493 1.31106 39.9835
14508 24493 1.31106 40.0002
14506 24493 1.31106 40.0168
14506 24493 1.31106 40.0335
14506 24493 1.31106 40.0502
14506 24493 1.31106 40.0668
14506 24493 1.31106 40.0835
14505 24493 1.31106 40.1002
14505 24493 1.31106 40.1168
14505 24493 1.31106 40.1335
14505 24493 1.31106 40.1502
14504 24493 1.31106 40.1668
14504 24493 1.31106 40.1835
14504 24493 1.31106 40.2002
14503 24493 1.31106 40.2168
14503 24493 1.31106 40.2335
14502 24493 1.31106 40.2502
14502 24493 1.31106 40.2668
14502 24493 1.31106 40.2835
14501 24493 1.31106 40.3002
14501 24493 1.31106 40.3168
14501 24493 1.31106 40.3335
14501 24493 1.31106 40.3502
14501 24493 1.31106 40.3668
14500 24493 1.31106 40.3835
14500 24493 1.31106 40.4002
14499 24493 1.31106 40.4168
14499 24493 1.31106 40.4335
14499 24493 1.31106 40.4502
14499 24493 1.31106 40.4668
14498 24493 1.31106 40.4835
14497 24493 1.31106 40.5002
14497 24493 1.31106 40.5168
14497 24493 1.31106 40.5335
14497 24493 1.31106 40.5502
14497 24493 1.31106 40.5668
14497 24493 1.31106 40.5835
14497 24493 1.31106 40.6002
14497 24493 1.31106 40.6168
14495 24493 1.31106 40.6335
14495 24493 1.31106 40.6502
14495 24493 1.31106 40.6668
14495 24493 1.31106 40.6835
14495 24493 1.31106 40.7002
14495 24493 1.31106 40.7168
14494 24493 1.31106 40.7335
14494 24493 1.31106 40.7502
14494 24493 1.31106 40.7668
14494 24493 1.31106 40.7835
14494 24493 1.31106 40.8002
14494 24493 1.31106 40.8168
14494 24493 1.31106 40.8335
14493 24493 1.31106 40.8502
14492 24493 1.31106 40.8668
14491 24493 1.31106 40.8835
14491 24493 1.31106 40.9002
14491 24493 1.31106 40.9168
14490 24493 1.31106 40.9335
14490 24493 1.31106 40.9502
14489 24493 1.31106 40.9668
14489 24493 1.31106 40.9835
14489 24493 1.31106 41.0002
14489 24493 1.31106 41.0168
14488 24493 1.31106 41.0335
14488 24493 1.31106 41.0502
14488 24493 1.31106 41.0668
14488 24493 1.31106 41.0835
14488 24493 1.31106 41.1002
14488 24493 1.31106 41.1168
14488 24493 1.31106 41.1335
14488 24493 1.31106 41.1502
14488 24493 1.31106 41.1668
14488 24493 1.31106 41.1835
14488 24493 1.31106 41.2002
14486 24493 1.31106 41.2168
14485 24493 1.31106 41.2335
14485 24493 1.31106 41.2502
14485 24493 1.31106 41.2668
14485 24493 1.31106 41.2835
14485 24493 1.31106 41.3002
14485 24493 1.31106 41.3168
14483 24493 1.31106 41.3335
14483 24493 1.31106 41.3502
14483 24493 1.31106 41.3668
14483 24493 1.31106 41.3835
14483 24493 1.31106 41.4002
14483 24493 1.31106 41.4168
14482 24493 1.31106 41.4335
14482 24493 1.31106 41.4502
14482 24493 1.31106 41.4668
14482 24493 1.31106 41.4835
14482 24493 1.31106 41.5002
14482 24493 1.31106 41.5168
14482 24493 1.31106 41.5335
14482 24493 1.31106 41.5502
14482 24493 1.31106 41.5668
14482 24493 1.31106 41.5835
14482 24493 1.31106 41.6002
14480 24493 1.31106 41.6168
14480 24493 1.31106 41.6335
14480 24493 1.31106 41.6502
14480 24493 1.31106 41.6668
14479 24493 1.31106 41.6835
14479 24493 1.31106 41.7002
14478 24493 1.31106 41.7168
14478 24493 1.31106 41.7335
14478 24493 1.31106 41.7502
14478 24493 1.31106 41.7668
14478 24493 1.31106 41.7835
14478 24493 1.31106 41.8002
14478 24493 1.31106 41.8168
14478 24493 1.31106 41.8335
14478 24493 1.31106 41.8502
14476 24493 1.31106 41.8668
14476 24493 1.31106 41.8835
14476 24493 1.31106 41.9002
14476 24493 1.31106 41.9168
14476 24493 1.31106 41.9335
14476 24493 1.31106 41.9502
14476 24493 1.31106 41.9668
14476 24493 1.31106 41.9835
14476 24493 1.31106 42.0002
14475 24493 1.31106 42.0168
14475 24493 1.31106 42.0335
14475 24493 1.31106 42.0502
14475 24493 1.31106 42.0668
14474 24493 1.31106 42.0835
14474 24493 1.31106 42.1002
14474 24493 1.31106 42.1168
14474 24493 1.31106 42.1335
14474 24493 1.31106 42.1502
14474 24493 1.31106 42.1668
14474 24493 1.31106 42.1835
14474 24493 1.31106 42.2001
14474 24493 1.31106 42.2168
14473 24493 1.31106 42.2335
14473 24493 1.31106 42.2501
14472 24493 1.31106 42.2668
14472 24493 1.31106 42.2835
14472 24493 1.31106 42.3001
14471 24493 1.31106 42.3168
14470 24493 1.31106 42.3335
14470 24493 1.31106 42.3501
14470 24493 1.31106 42.3668
14469 24493 1.31106 42.3835
14469 24493 1.31106 42.4001
14469 24493 1.31106 42.4168
14469 24493 1.31106 42.4335
14468 24493 1.31106 42.4501
14468 24493 1.31106 42.4668
14468 24493 1.31106 42.4835
14468 24493 1.31106 42.5001
14467 24493 1.31106 42.5168
14466 24493 1.31106 42.5335
14466 24493 1.31106 42.5501
14465 24493 1.31106 42.5668
14465 24493 1.31106 42.5835
14465 24493 1.31106 42.6001
14465 24493 1.31106 42.6168
14465 24493 1.31106 42.6335
14464 24493 1.31106 42.6501
14463 24493 1.31106 42.6668
14463 24493 1.31106 42.6835
14463 24493 1.31106 42.7001
14462 24493 1.31106 42.7168
14462 24493 1.31106 42.7335
14462 24493 1.31106 42.7501
14462 24493 1.31106 42.7668
14462 24493 1.31106 42.7835
14462 24493 1.31106 42.8001
14461 24493 1.31106 42.8168
14460 24493 1.31106 42.8335
14459 24493 1.31106 42.8501
14459 24493 1.31106 42.8668
14459 24493 1.31106 42.8835
14459 24493 1.31106 42.9001
14459 24493 1.31106 42.9168
14459 24493 1.31106 42.9335
14458 24493 1.31106 42.9501
14458 24493 1.31106 42.9668
14458 24493 1.31106 42.9835
14458 24493 1.31106 43.0001
14458 24493 1.31106 43.0168
14458 24493 1.31106 43.0335
14458 24493 1.31106 43.0501
14457 24493 1.31106 43.0668
14457 24493 1.31106 43.0835
14457 24493 1.31106 43.1001
14456 24493 1.31106 43.1168
14456 24493 1.31106 43.1335
14455 24493 1.31106 43.1501
14455 24493 1.31106 43.1668
14455 24493 1.31106 43.1835
14455 24493 1.31106 43.2001
14455 24493 1.31106 43.2168
14455 24493 1.31106 43.2335
14455 24493 1.31106 43.2501
14455 24493 1.31106 43.2668
14454 24493 1.31106 43.2835
14453 24493 1.31106 43.3001
14453 24493 1.31106 43.3168
14453 24493 1.31106 43.3335
14453 24493 1.31106 43.3501
14453 24493 1.31106 43.3668
14453 24493 1.31106 43.3835
14452 24493 1.31106 43.4001
14451 24493 1.31106 43.4168
14451 24493 1.31106 43.4335
14451 24493 1.31106 43.4501
14451 24493 1.31106 43.4668
14451 24493 1.31106 43.4835
14451 24493 1.31106 43.5001
14450 24493 1.31106 43.5168
14450 24493 1.31106 43.5335
14450 24493 1.31106 43.5501
14449 24493 1.31106 43.5668
14448 24493 1.31106 43.5835
14448 24493 1.31106 43.6001
14448 24493 1.31106 43.6168
14447 24493 1.31106 43.6335
14447 24493 1.31106 43.6501
14447 24493 1.31106 43.6668
14446 24493 1.31106 43.6835
14446 24493 1.31106 43.7001
14446 24493 1.31106 43.7168
14446 24493 1.31106 43.7335
14446 24493 1.31106 43.7501
14445 24493 1.31106 43.7668
14445 24493 1.31106 43.7835
14445 24493 1.31106 43.8001
14445 24493 1.31106 43.8168
14445 24493 1.31106 43.8335
14445 24493 1.31106 43.8501
14444 24493 1.31106 43.8668
14444 24493 1.31106 43.8835
14444 24493 1.31106 43.9001
14443 24493 1.31106 43.9168
14443 24493 1.31106 43.9335
14443 24493 1.31106 43.9501
14443 24493 1.31106 43.9668
14443 24493 1.31106 43.9835
14443 24493 1.31106 44.0001
14443 24493 1.31106 44.0168
14442 24493 1.31106 44.0335
14441 24493 1.31106 44.0501
14440 24493 1.31106 44.0668
14440 24493 1.31106 44.0835
14440 24493 1.31106 44.1001
14440 24493 1.31106 44.1168
14439 24493 1.31106 44.1335
14439 24493 1.31106 44.1501
14439 24493 1.31106 44.1668
14438 24493 1.31106 44.1835
14438 24493 1.31106 44.2001
14438 24493 1.31106 44.2168
14438 24493 1.31106 44.2335
14438 24493 1.31106 44.2501
14437 24493 1.31106 44.2668
14436 24493 1.31106 44.2835
14436 24493 1.31106 44.3001
14436 24493 1.31106 44.3168
14436 24493 1.31106 44.3335
14435 24493 1.31106 44.3501
14435 24493 1.31106 44.3668
14435 24493 1.31106 44.3834
14435 24493 1.31106 44.4001
14435 24493 1.31106 44.4168
14435 24493 1.31106 44.4334
14435 24493 1.31106 44.4501
14434 24493 1.31106 44.4668
14434 24493 1.31106 44.4834
14434 24493 1.31106 44.5001
14434 24493 1.31106 44.5168
14434 24493 1.31106 44.5334
14433 24493 1.31106 44.5501
14433 24493 1.31106 44.5668
14433 24493 1.31106 44.5834
14433 24493 1.31106 44.6001
14433 24493 1.31106 44.6168
14433 24493 1.31106 44.6334
14433 24493 1.31106 44.6501
14433 24493 1.31106 44.6668
14433 24493 1.31106 44.6834
14433 24493 1.31106 44.7001
14433 24493 1.31106 44.7168
14433 24493 1.31106 44.7334
14433 24493 1.31106 44.7501
14433 24493 1.31106 44.7668
14433 24493 1.31106 44.7834
14433 24493 1.31106 44.8001
14433 24493 1.31106 44.8168
14433 24493 1.31106 44.8334
14433 24493 1.31106 44.8501
14433 24493 1.31106 44.8668
14433 24493 1.31106 44.8834
14433 24493 1.31106 44.9001
