4871 4875 0.00141104 0.00572538
4871 4875 0.00141104 0.0223923
4871 4875 0.00141104 0.0390592
4871 4875 0.00141104 0.0557261
4870 4875 0.00141104 0.0723929
4870 4875 0.00141104 0.0890598
4870 4875 0.00141104 0.105727
4869 4875 0.00141104 0.122394
4869 4875 0.00141104 0.13906
4869 4875 0.00141104 0.155727
4869 4875 0.00141104 0.172394
4869 4875 0.00141104 0.189061
4869 4875 0.00141104 0.205728
4869 4875 0.00141104 0.222395
4869 4875 0.00141104 0.239062
4869 4875 0.00141104 0.255729
4869 4875 0.00141104 0.272396
4869 4875 0.00141104 0.289063
4869 4875 0.00141104 0.305729
4869 4875 0.00141104 0.322396
4869 4875 0.00141104 0.339063
4868 4875 0.00141104 0.35573
4868 4875 0.00141104 0.372397
4868 4875 0.00141104 0.389064
4868 4875 0.00141104 0.405731
4868 4875 0.00141104 0.422398
4868 4875 0.00141104 0.439065
4868 4875 0.00141104 0.455731
4868 4875 0.00141104 0.472398
4867 4875 0.00141104 0.489065
4867 4875 0.00141104 0.505732
4867 4875 0.00141104 0.522399
4867 4875 0.00141104 0.539066
4867 4875 0.00141104 0.555733
4866 4875 0.00141104 0.5724
4865 4875 0.00141104 0.589067
4865 4875 0.00141104 0.605733
4865 4875 0.00141104 0.6224
4865 4875 0.00141104 0.639067
4864 4875 0.00141104 0.655734
4864 4875 0.00141104 0.672401
4864 4875 0.00141104 0.689068
4864 4875 0.00141104 0.705735
4864 4875 0.00141104 0.722402
4864 4875 0.00141104 0.739069
4864 4875 0.00141104 0.755735
4864 4875 0.00141104 0.772402
4861 4875 0.00141104 0.789069
4861 4875 0.00141104 0.805736
4861 4875 0.00141104 0.822403
4861 4875 0.00141104 0.83907
4861 4875 0.00141104 0.855737
4861 4875 0.00141104 0.872404
4861 4875 0.00141104 0.889071
4861 4875 0.00141104 0.905737
4860 4875 0.00141104 0.922404
4860 4875 0.00141104 0.939071
4859 4875 0.00141104 0.955738
4859 4875 0.00141104 0.972405
4858 4875 0.00141104 0.989072
4857 4875 0.00141104 1.00574
4857 4875 0.00141104 1.02241
4857 4875 0.00141104 1.03907
4857 4875 0.00141104 1.05574
4857 4875 0.00141104 1.07241
4857 4875 0.00141104 1.08907
4857 4875 0.00141104 1.10574
4857 4875 0.00141104 1.12241
4857 4875 0.00141104 1.13907
4856 4875 0.00141104 1.15574
4856 4875 0.00141104 1.17241
4856 4875 0.00141104 1.18907
4856 4875 0.00141104 1.20574
4855 4875 0.00141104 1.22241
4855 4875 0.00141104 1.23908
4855 4875 0.00141104 1.25574
4855 4875 0.00141104 1.27241
4854 4875 0.00141104 1.28908
4854 4875 0.00141104 1.30574
4854 4875 0.00141104 1.32241
4854 4875 0.00141104 1.33908
4854 4875 0.00141104 1.35574
4854 4875 0.00141104 1.37241
4854 4875 0.00141104 1.38908
4854 4875 0.00141104 1.40574
4853 4875 0.00141104 1.42241
4852 4875 0.00141104 1.43908
4852 4875 0.00141104 1.45574
4852 4875 0.00141104 1.47241
4852 4875 0.00141104 1.48908
4852 4875 0.00141104 1.50575
4852 4875 0.00141104 1.52241
4852 4875 0.00141104 1.53908
4852 4875 0.00141104 1.55575
4852 4875 0.00141104 1.57241
4852 4875 0.00141104 1.58908
4852 4875 0.00141104 1.60575
4852 4875 0.00141104 1.62241
4852 4875 0.00141104 1.63908
4852 4875 0.00141104 1.65575
4852 4875 0.00141104 1.67241
4852 4875 0.00141104 1.68908
4852 4875 0.00141104 1.70575
4852 4875 0.00141104 1.72241
4852 4875 0.00141104 1.73908
4852 4875 0.00141104 1.75574
4852 4875 0.00141104 1.77241
4852 4875 0.00141104 1.78908
4852 4875 0.00282209 1.80574
4852 4875 0.00423313 1.82241
4852 4875 0.00564417 1.83908
4852 4875 0.00705522 1.85574
4852 4875 0.00846626 1.87241
4850 4875 0.0098773 1.88908
4850 4875 0.0112883 1.90574
4850 4875 0.0126994 1.92241
4850 4875 0.0141104 1.93908
4850 4875 0.0155215 1.95574
4850 4875 0.0169325 1.97241
4850 4875 0.0183436 1.98907
4850 4875 0.0197546 2.00574
4850 4875 0.0211656 2.02241
4850 4875 0.0225767 2.03907
4849 4875 0.0239877 2.05574
4848 4875 0.0253988 2.07241
4848 4875 0.0268098 2.08907
4848 4875 0.0282209 2.10574
4848 4875 0.0296319 2.12241
4848 4875 0.031043 2.13907
4848 4875 0.032454 2.15574
4848 4875 0.033865 2.17241
4848 4875 0.0352761 2.18907
4848 4875 0.0366871 2.20574
4848 4875 0.0380982 2.2224
4848 4875 0.0395092 2.23907
4848 4875 0.0409203 2.25574
4848 4875 0.0423313 2.2724
4848 4875 0.0437423 2.28907
4848 4875 0.0451534 2.30574
4848 4875 0.0465644 2.3224
4848 4875 0.0479755 2.33907
4848 4875 0.0493865 2.35574
4848 4875 0.0507976 2.3724
4848 4875 0.0522086 2.38907
4848 4875 0.0536196 2.40574
4848 4875 0.0550307 2.4224
4848 4875 0.0564417 2.43907
4848 4875 0.0578528 2.45573
4848 4875 0.0592638 2.4724
4847 4875 0.0606749 2.48907
4847 4875 0.0620859 2.50573
4847 4875 0.0634969 2.5224
4846 4875 0.064908 2.53907
4846 4875 0.066319 2.55573
4845 4875 0.0677301 2.5724
4845 4875 0.0691411 2.58907
4845 4875 0.0705522 2.60573
4845 4875 0.0719632 2.6224
4845 4875 0.0733742 2.63906
4845 4875 0.0747853 2.65573
4845 4875 0.0761963 2.6724
4845 4875 0.0776074 2.68906
4844 4875 0.0790184 2.70573
4844 4875 0.0804295 2.7224
4844 4875 0.0818405 2.73906
4844 4875 0.0832516 2.75573
4844 4875 0.0846626 2.7724
4844 4875 0.0860736 2.78906
4844 4875 0.0874847 2.80573
4844 4875 0.0888957 2.8224
4844 4875 0.0903068 2.83906
4844 4875 0.0917178 2.85573
4844 4875 0.0931289 2.87239
4843 4875 0.0945399 2.88906
4843 4875 0.0959509 2.90573
4843 4875 0.097362 2.92239
4843 4875 0.098773 2.93906
4843 4875 0.100184 2.95573
4843 4875 0.101595 2.97239
4843 4875 0.103006 2.98906
4843 4875 0.104417 3.00573
4842 4875 0.105828 3.02239
4842 4875 0.107239 3.03906
4842 4875 0.10865 3.05573
4842 4875 0.110061 3.07239
4841 4875 0.111472 3.08906
4841 4875 0.112883 3.10572
4841 4875 0.114294 3.12239
4841 4875 0.115706 3.13906
4840 4875 0.117117 3.15572
4840 4875 0.118528 3.17239
4840 4875 0.119939 3.18906
4840 4875 0.12135 3.20572
4839 4875 0.122761 3.22239
4838 4875 0.124172 3.23906
4837 4875 0.125583 3.25572
4836 4875 0.126994 3.27239
4835 4875 0.128405 3.28905
4835 4875 0.129816 3.30572
4835 4875 0.131227 3.32239
4833 4875 0.132638 3.33905
4832 4875 0.134049 3.35572
4832 4875 0.13546 3.37239
4829 4875 0.136871 3.38905
4828 4875 0.138282 3.40572
4827 4875 0.139693 3.42239
4826 4875 0.141104 3.43905
4825 4875 0.142515 3.45572
4822 4875 0.143927 3.47239
4821 4875 0.145338 3.48905
4821 4875 0.146749 3.50572
4817 4875 0.14816 3.52238
4815 4875 0.149571 3.53905
4814 4875 0.150982 3.55572
4814 4875 0.152393 3.57238
4811 4875 0.153804 3.58905
4810 4875 0.155215 3.60572
4808 4875 0.156626 3.62238
4808 4875 0.158037 3.63905
4805 4875 0.159448 3.65572
4804 4875 0.160859 3.67238
4801 4875 0.16227 3.68905
4800 4875 0.163681 3.70572
4798 4875 0.165092 3.72238
4795 4875 0.166503 3.73905
4794 4875 0.167914 3.75571
4791 4875 0.169325 3.77238
4789 4875 0.170736 3.78905
4786 4875 0.172148 3.80571
4785 4875 0.173559 3.82238
4783 4875 0.17497 3.83905
4782 4875 0.176381 3.85571
4780 4875 0.177792 3.87238
4780 4875 0.179203 3.88905
4774 4875 0.180614 3.90571
4773 4875 0.182025 3.92238
4768 4875 0.183436 3.93904
4767 4875 0.184847 3.95571
4767 4875 0.186258 3.97238
4765 4875 0.187669 3.98904
4764 4875 0.18908 4.00571
4761 4875 0.190491 4.02238
4758 4875 0.191902 4.03904
4755 4875 0.193313 4.05571
4754 4875 0.194724 4.07238
4750 4875 0.196135 4.08904
4748 4875 0.197546 4.10571
4746 4875 0.198957 4.12238
4740 4875 0.200369 4.13904
4738 4875 0.20178 4.15571
4735 4875 0.203191 4.17237
4733 4875 0.204602 4.18904
4732 4875 0.206013 4.20571
4727 4875 0.207424 4.22237
4725 4875 0.208835 4.23904
4722 4875 0.210246 4.25571
4721 4875 0.211657 4.27237
4718 4875 0.213068 4.28904
4713 4875 0.214479 4.30571
4709 4875 0.21589 4.32237
4707 4875 0.217301 4.33904
4707 4875 0.218712 4.35571
4702 4875 0.220123 4.37237
4701 4875 0.221534 4.38904
4698 4875 0.222945 4.4057
4695 4875 0.224356 4.42237
4692 4875 0.225767 4.43904
4690 4875 0.227178 4.4557
4686 4875 0.22859 4.47237
4684 4875 0.230001 4.48904
4682 4875 0.231412 4.5057
4680 4875 0.232823 4.52237
4678 4875 0.234234 4.53904
4675 4875 0.235645 4.5557
4670 4875 0.237056 4.57237
4669 4875 0.238467 4.58904
4666 4875 0.239878 4.6057
4664 4875 0.241289 4.62237
4661 4875 0.2427 4.63903
4658 4875 0.244111 4.6557
4658 4875 0.245522 4.67237
4656 4875 0.246933 4.68903
4653 4875 0.248344 4.7057
4651 4875 0.249755 4.72237
4646 4875 0.251166 4.73903
4643 4875 0.252577 4.7557
4641 4875 0.253988 4.77237
4638 4875 0.255399 4.78903
4638 4875 0.256811 4.8057
4635 4875 0.258222 4.82236
4633 4875 0.259633 4.83903
4630 4875 0.261044 4.8557
4628 4875 0.262455 4.87236
4625 4875 0.263866 4.88903
4621 4875 0.265277 4.9057
4620 4875 0.266688 4.92236
4617 4875 0.268099 4.93903
4612 4875 0.26951 4.9557
4611 4875 0.270921 4.97236
4609 4875 0.272332 4.98903
4607 4875 0.273743 5.0057
4604 4875 0.275154 5.02236
4600 4875 0.276565 5.03903
4597 4875 0.277976 5.05569
4593 4875 0.279387 5.07236
4591 4875 0.280798 5.08903
4590 4875 0.282209 5.10569
4588 4875 0.283621 5.12236
4581 4875 0.285032 5.13903
4580 4875 0.286443 5.15569
4580 4875 0.287854 5.17236
4577 4875 0.289265 5.18903
4573 4875 0.290676 5.20569
4571 4875 0.292087 5.22236
4569 4875 0.293498 5.23903
4565 4875 0.294909 5.25569
4563 4875 0.29632 5.27236
4562 4875 0.297731 5.28902
4560 4875 0.299142 5.30569
4557 4875 0.300553 5.32236
4554 4875 0.301964 5.33902
4553 4875 0.303375 5.35569
4551 4875 0.304786 5.37236
4549 4875 0.306197 5.38902
4544 4875 0.307608 5.40569
4542 4875 0.309019 5.42236
4540 4875 0.31043 5.43902
4539 4875 0.311842 5.45569
4536 4875 0.313253 5.47235
4536 4875 0.314664 5.48902
4534 4875 0.316075 5.50569
4532 4875 0.317486 5.52235
4530 4875 0.318897 5.53902
4527 4875 0.320308 5.55569
4525 4875 0.321719 5.57235
4522 4875 0.32313 5.58902
4522 4875 0.324541 5.60569
4520 4875 0.325952 5.62235
4514 4875 0.327363 5.63902
4510 4875 0.328774 5.65569
4507 4875 0.330185 5.67235
4506 4875 0.331596 5.68902
4505 4875 0.333007 5.70568
4502 4875 0.334418 5.72235
4499 4875 0.335829 5.73902
4496 4875 0.33724 5.75568
4493 4875 0.338651 5.77235
4491 4875 0.340063 5.78902
4490 4875 0.341474 5.80568
4486 4875 0.342885 5.82235
4483 4875 0.344296 5.83902
4483 4875 0.345707 5.85568
4479 4875 0.347118 5.87235
4477 4875 0.348529 5.88902
4474 4875 0.34994 5.90568
4473 4875 0.351351 5.92235
4468 4875 0.352762 5.93901
4467 4875 0.354173 5.95568
4464 4875 0.355584 5.97235
4461 4875 0.356995 5.98901
4459 4875 0.358406 6.00568
4456 4875 0.359817 6.02235
4454 4875 0.361228 6.03901
4450 4875 0.362639 6.05568
4449 4875 0.36405 6.07235
4446 4875 0.365461 6.08901
4442 4875 0.366872 6.10568
4441 4875 0.368284 6.12234
4439 4875 0.369695 6.13901
4435 4875 0.371106 6.15568
4433 4875 0.372517 6.17234
4432 4875 0.373928 6.18901
4428 4875 0.375339 6.20568
4426 4875 0.37675 6.22234
4424 4875 0.378161 6.23901
4422 4875 0.379572 6.25568
4420 4875 0.380983 6.27234
4417 4875 0.382394 6.28901
4416 4875 0.383805 6.30568
4415 4875 0.385216 6.32234
4413 4875 0.386627 6.33901
4411 4875 0.388038 6.35567
4405 4875 0.389449 6.37234
4402 4875 0.39086 6.38901
4399 4875 0.392271 6.40567
4396 4875 0.393682 6.42234
4395 4875 0.395094 6.43901
4391 4875 0.396505 6.45567
4389 4875 0.397916 6.47234
4387 4875 0.399327 6.48901
4385 4875 0.400738 6.50567
4384 4875 0.402149 6.52234
4379 4875 0.40356 6.53901
4373 4875 0.404971 6.55567
4373 4875 0.406382 6.57234
4369 4875 0.407793 6.589
4365 4875 0.409204 6.60567
4364 4875 0.410615 6.62234
4362 4875 0.412026 6.639
4359 4875 0.413437 6.65567
4356 4875 0.414848 6.67234
4355 4875 0.416259 6.689
4353 4875 0.41767 6.70567
4350 4875 0.419081 6.72234
4350 4875 0.420492 6.739
4345 4875 0.421903 6.75567
4345 4875 0.423315 6.77234
4342 4875 0.424726 6.789
4339 4875 0.426137 6.80567
4337 4875 0.427548 6.82233
4337 4875 0.428959 6.839
4332 4875 0.43037 6.85567
4327 4875 0.431781 6.87233
4324 4875 0.433192 6.889
4319 4875 0.434603 6.90567
4317 4875 0.436014 6.92233
4315 4875 0.437425 6.939
4315 4875 0.438836 6.95567
4310 4875 0.440247 6.97233
4305 4875 0.441658 6.989
4305 4875 0.443069 7.00566
4305 4875 0.44448 7.02233
4301 4875 0.445891 7.039
4296 4875 0.447302 7.05566
4291 4875 0.448713 7.07233
4290 4875 0.450124 7.089
4288 4875 0.451536 7.10566
4285 4875 0.452947 7.12233
4282 4875 0.454358 7.139
4277 4875 0.455769 7.15566
4274 4875 0.45718 7.17233
4272 4875 0.458591 7.189
4269 4875 0.460002 7.20566
4266 4875 0.461413 7.22233
4266 4875 0.462824 7.23899
4261 4875 0.464235 7.25566
4258 4875 0.465646 7.27233
4254 4875 0.467057 7.28899
4251 4875 0.468468 7.30566
4249 4875 0.469879 7.32233
4247 4875 0.47129 7.33899
4244 4875 0.472701 7.35566
4242 4875 0.474112 7.37233
4239 4875 0.475523 7.38899
4233 4875 0.476934 7.40566
4232 4875 0.478345 7.42233
4230 4875 0.479757 7.43899
4225 4875 0.481168 7.45566
4224 4875 0.482579 7.47232
4223 4875 0.48399 7.48899
4221 4875 0.485401 7.50566
4217 4875 0.486812 7.52232
4217 4875 0.488223 7.53899
4213 4875 0.489634 7.55566
4211 4875 0.491045 7.57232
4207 4875 0.492456 7.58899
4205 4875 0.493867 7.60566
4203 4875 0.495278 7.62232
4200 4875 0.496689 7.63899
4198 4875 0.4981 7.65565
4196 4875 0.499511 7.67232
4191 4875 0.500922 7.68899
4189 4875 0.502333 7.70565
4187 4875 0.503744 7.72232
4184 4875 0.505155 7.73899
4181 4875 0.506566 7.75565
4178 4875 0.507977 7.77232
4175 4875 0.509388 7.78899
4175 4875 0.510799 7.80565
4171 4875 0.51221 7.82232
4167 4875 0.513621 7.83899
4166 4875 0.515032 7.85565
4164 4875 0.516443 7.87232
4162 4875 0.517855 7.88898
4159 4875 0.519266 7.90565
4156 4875 0.520677 7.92232
4154 4875 0.522088 7.93898
4151 4875 0.523499 7.95565
4149 4875 0.52491 7.97232
4146 4875 0.526321 7.98898
4143 4875 0.527732 8.00565
4139 4875 0.529143 8.02232
4139 4875 0.530554 8.03898
4137 4875 0.531965 8.05565
4133 4875 0.533376 8.07232
4130 4875 0.534787 8.08898
4125 4875 0.536198 8.10565
4125 4875 0.537609 8.12231
4124 4875 0.53902 8.13898
4119 4875 0.540431 8.15565
4115 4875 0.541842 8.17231
4111 4875 0.543253 8.18898
4107 4875 0.544664 8.20565
4105 4875 0.546075 8.22231
4103 4875 0.547486 8.23898
4102 4875 0.548897 8.25565
4097 4875 0.550308 8.27231
4094 4875 0.551719 8.28898
4089 4875 0.55313 8.30564
4088 4875 0.554541 8.32231
4085 4875 0.555952 8.33898
4083 4875 0.557363 8.35564
4078 4875 0.558774 8.37231
4075 4875 0.560185 8.38898
4071 4875 0.561596 8.40564
4067 4875 0.563007 8.42231
4066 4875 0.564418 8.43898
4064 4875 0.565829 8.45564
4059 4875 0.56724 8.47231
4057 4875 0.568651 8.48898
4052 4875 0.570062 8.50564
4048 4875 0.571473 8.52231
4044 4875 0.572884 8.53897
4042 4875 0.574295 8.55564
4039 4875 0.575706 8.57231
4037 4875 0.577117 8.58897
4033 4875 0.578528 8.60564
4029 4875 0.579939 8.62231
4023 4875 0.58135 8.63897
4021 4875 0.582761 8.65564
4017 4875 0.584172 8.67231
4013 4875 0.585584 8.68897
4010 4875 0.586995 8.70564
4006 4875 0.588406 8.72231
4004 4875 0.589817 8.73897
4002 4875 0.591228 8.75564
3998 4875 0.592639 8.7723
3996 4875 0.59405 8.78897
3992 4875 0.595461 8.80564
3989 4875 0.596872 8.8223
3985 4875 0.598283 8.83897
3985 4875 0.599694 8.85564
3981 4875 0.601105 8.8723
3978 4875 0.602516 8.88897
3974 4875 0.603927 8.90564
3972 4875 0.605338 8.9223
3971 4875 0.606749 8.93897
3965 4875 0.60816 8.95564
3964 4875 0.609571 8.9723
3963 4875 0.610982 8.98897
3958 4875 0.612393 9.00563
3956 4875 0.613804 9.0223
3953 4875 0.615215 9.03897
3950 4875 0.616626 9.05563
3947 4875 0.618037 9.0723
3946 4875 0.619448 9.08897
3941 4875 0.620859 9.10563
3939 4875 0.62227 9.1223
3935 4875 0.623681 9.13897
3934 4875 0.625092 9.15563
3929 4875 0.626503 9.1723
3928 4875 0.627914 9.18896
3925 4875 0.629325 9.20563
3924 4875 0.630736 9.2223
3922 4875 0.632147 9.23896
3921 4875 0.633558 9.25563
3915 4875 0.634969 9.2723
3913 4875 0.63638 9.28896
3911 4875 0.637791 9.30563
3909 4875 0.639202 9.3223
3906 4875 0.640613 9.33896
3902 4875 0.642024 9.35563
3897 4875 0.643435 9.3723
3894 4875 0.644846 9.38896
3892 4875 0.646257 9.40563
3888 4875 0.647668 9.42229
3887 4875 0.649079 9.43896
3885 4875 0.65049 9.45563
3878 4875 0.651901 9.47229
3878 4875 0.653313 9.48896
3875 4875 0.654724 9.50563
3873 4875 0.656135 9.52229
3871 4875 0.657546 9.53896
3868 4875 0.658957 9.55563
3863 4875 0.660368 9.57229
3861 4875 0.661779 9.58896
3858 4875 0.66319 9.60563
3857 4875 0.664601 9.62229
3854 4875 0.666012 9.63896
3852 4875 0.667423 9.65562
3849 4875 0.668834 9.67229
3845 4875 0.670245 9.68896
3842 4875 0.671656 9.70562
3841 4875 0.673067 9.72229
3838 4875 0.674478 9.73896
3834 4875 0.675889 9.75562
3831 4875 0.6773 9.77229
3826 4875 0.678711 9.78896
3824 4875 0.680122 9.80562
3822 4875 0.681533 9.82229
3818 4875 0.682944 9.83895
3815 4875 0.684355 9.85562
3815 4875 0.685766 9.87229
3807 4875 0.687177 9.88895
3805 4875 0.688588 9.90562
3802 4875 0.689999 9.92229
3798 4875 0.69141 9.93895
3795 4875 0.692821 9.95562
3792 4875 0.694232 9.97229
3787 4875 0.695643 9.98895
3786 4875 0.697054 10.0056
3780 4875 0.698465 10.0223
3780 4875 0.699876 10.039
3777 4875 0.701287 10.0556
3770 4875 0.702698 10.0723
3769 4875 0.704109 10.089
3766 4875 0.70552 10.1056
3765 4875 0.706931 10.1223
3759 4875 0.708342 10.139
3756 4875 0.709753 10.1556
3751 4875 0.711164 10.1723
3748 4875 0.712575 10.1889
3746 4875 0.713986 10.2056
3744 4875 0.715397 10.2223
3738 4875 0.716808 10.2389
3734 4875 0.718219 10.2556
3733 4875 0.71963 10.2723
3729 4875 0.721042 10.2889
3725 4875 0.722453 10.3056
3724 4875 0.723864 10.3223
3719 4875 0.725275 10.3389
3719 4875 0.726686 10.3556
3717 4875 0.728097 10.3723
3712 4875 0.729508 10.3889
3708 4875 0.730919 10.4056
3706 4875 0.73233 10.4223
3702 4875 0.733741 10.4389
3698 4875 0.735152 10.4556
3694 4875 0.736563 10.4723
3690 4875 0.737974 10.4889
3686 4875 0.739385 10.5056
3685 4875 0.740796 10.5223
3679 4875 0.742207 10.5389
3676 4875 0.743618 10.5556
3673 4875 0.745029 10.5723
3673 4875 0.74644 10.5889
3668 4875 0.747851 10.6056
3664 4875 0.749262 10.6223
3660 4875 0.750673 10.6389
3658 4875 0.752084 10.6556
3654 4875 0.753495 10.6723
3652 4875 0.754906 10.6889
3649 4875 0.756317 10.7056
3644 4875 0.757728 10.7223
3641 4875 0.759139 10.7389
3634 4875 0.76055 10.7556
3633 4875 0.761961 10.7723
3630 4875 0.763372 10.7889
3627 4875 0.764783 10.8056
3625 4875 0.766194 10.8223
3620 4875 0.767605 10.8389
3617 4875 0.769016 10.8556
3613 4875 0.770427 10.8723
3610 4875 0.771838 10.8889
3606 4875 0.773249 10.9056
3603 4875 0.77466 10.9223
3599 4875 0.776071 10.9389
3595 4875 0.777482 10.9556
3592 4875 0.778893 10.9723
3589 4875 0.780304 10.9889
3585 4875 0.781715 11.0056
3582 4875 0.783126 11.0223
3579 4875 0.784537 11.0389
3572 4875 0.785948 11.0556
3570 4875 0.787359 11.0723
3567 4875 0.78877 11.0889
3563 4875 0.790182 11.1056
3560 4875 0.791593 11.1223
3557 4875 0.793004 11.1389
3552 4875 0.794415 11.1556
3546 4875 0.795826 11.1723
3543 4875 0.797237 11.1889
3539 4875 0.798648 11.2056
3536 4875 0.800059 11.2223
3531 4875 0.80147 11.2389
3529 4875 0.802881 11.2556
3524 4875 0.804292 11.2723
3521 4875 0.805703 11.2889
3518 4875 0.807114 11.3056
3513 4875 0.808525 11.3223
3510 4875 0.809936 11.3389
3506 4875 0.811347 11.3556
3504 4875 0.812758 11.3723
3499 4875 0.814169 11.3889
3496 4875 0.81558 11.4056
3492 4875 0.816991 11.4223
3488 4875 0.818402 11.4389
3484 4875 0.819813 11.4556
3479 4875 0.821224 11.4723
3477 4875 0.822635 11.4889
3469 4875 0.824046 11.5056
3467 4875 0.825457 11.5223
3465 4875 0.826868 11.5389
3459 4875 0.828279 11.5556
3454 4875 0.82969 11.5723
3451 4875 0.831101 11.5889
3449 4875 0.832512 11.6056
3444 4875 0.833923 11.6223
3442 4875 0.835334 11.6389
3435 4875 0.836745 11.6556
3434 4875 0.838156 11.6723
3428 4875 0.839567 11.6889
3425 4875 0.840978 11.7056
3419 4875 0.842389 11.7223
3416 4875 0.8438 11.7389
3413 4875 0.845211 11.7556
3408 4875 0.846622 11.7723
3403 4875 0.848033 11.7889
3399 4875 0.849444 11.8056
3396 4875 0.850855 11.8223
3391 4875 0.852266 11.8389
3387 4875 0.853677 11.8556
3384 4875 0.855088 11.8723
3380 4875 0.856499 11.8889
3376 4875 0.857911 11.9056
3374 4875 0.859322 11.9223
3368 4875 0.860733 11.9389
3362 4875 0.862144 11.9556
3361 4875 0.863555 11.9723
3355 4875 0.864966 11.9889
3348 4875 0.866377 12.0056
3346 4875 0.867788 12.0223
3341 4875 0.869199 12.0389
3336 4875 0.87061 12.0556
3335 4875 0.872021 12.0723
3330 4875 0.873432 12.0889
3325 4875 0.874843 12.1056
3319 4875 0.876254 12.1223
3318 4875 0.877665 12.1389
3310 4875 0.879076 12.1556
3307 4875 0.880487 12.1723
3302 4875 0.881898 12.1889
3298 4875 0.883309 12.2056
3295 4875 0.88472 12.2223
3290 4875 0.886131 12.2389
3287 4875 0.887542 12.2556
3280 4875 0.888953 12.2723
3276 4875 0.890364 12.2889
3269 4875 0.891775 12.3056
3266 4875 0.893186 12.3223
3262 4875 0.894597 12.3389
3256 4875 0.896008 12.3556
3251 4875 0.897419 12.3722
3248 4875 0.89883 12.3889
3246 4875 0.900241 12.4056
3240 4875 0.901652 12.4222
3236 4875 0.903063 12.4389
3231 4875 0.904474 12.4556
3227 4875 0.905885 12.4722
3222 4875 0.907296 12.4889
3216 4875 0.908707 12.5056
3211 4875 0.910118 12.5222
3207 4875 0.911529 12.5389
3203 4875 0.91294 12.5556
3198 4875 0.914351 12.5722
3194 4875 0.915762 12.5889
3189 4875 0.917173 12.6056
3184 4875 0.918584 12.6222
3179 4875 0.919995 12.6389
3175 4875 0.921406 12.6556
3169 4875 0.922817 12.6722
3163 4875 0.924228 12.6889
3160 4875 0.92564 12.7056
3157 4875 0.927051 12.7222
3151 4875 0.928462 12.7389
3144 4875 0.929873 12.7556
3141 4875 0.931284 12.7722
3137 4875 0.932695 12.7889
3132 4875 0.934106 12.8056
3125 4875 0.935517 12.8222
3120 4875 0.936928 12.8389
3116 4875 0.938339 12.8556
3112 4875 0.93975 12.8722
3105 4875 0.941161 12.8889
3102 4875 0.942572 12.9056
3096 4875 0.943983 12.9222
3092 4875 0.945394 12.9389
3086 4875 0.946805 12.9556
3083 4875 0.948216 12.9722
3079 4875 0.949627 12.9889
3075 4875 0.951038 13.0056
3066 4875 0.952449 13.0222
3062 4875 0.95386 13.0389
3056 4875 0.955271 13.0556
3051 4875 0.956682 13.0722
3048 4875 0.958093 13.0889
3041 4875 0.959504 13.1056
3035 4875 0.960915 13.1222
3030 4875 0.962326 13.1389
3022 4875 0.963737 13.1556
3020 4875 0.965148 13.1722
3015 4875 0.966559 13.1889
3009 4875 0.96797 13.2056
3003 4875 0.969381 13.2222
2995 4875 0.970792 13.2389
2991 4875 0.972203 13.2556
2986 4875 0.973614 13.2722
2980 4875 0.975025 13.2889
2978 4875 0.976436 13.3056
2969 4875 0.977847 13.3222
2964 4875 0.979258 13.3389
2957 4875 0.980669 13.3556
2953 4875 0.98208 13.3722
2948 4875 0.983491 13.3889
2944 4875 0.984902 13.4056
2937 4875 0.986313 13.4222
2931 4875 0.987724 13.4389
2928 4875 0.989135 13.4556
2919 4875 0.990546 13.4722
2913 4875 0.991957 13.4889
2907 4875 0.993369 13.5056
2902 4875 0.99478 13.5222
2896 4875 0.996191 13.5389
2889 4875 0.997602 13.5556
2887 4875 0.999013 13.5722
2880 4875 1.00042 13.5889
2875 4875 1.00183 13.6056
2870 4875 1.00325 13.6222
2864 4875 1.00466 13.6389
2856 4875 1.00607 13.6556
2853 4875 1.00748 13.6722
2846 4875 1.00889 13.6889
2842 4875 1.0103 13.7056
2837 4875 1.01171 13.7222
2831 4875 1.01312 13.7389
2826 4875 1.01453 13.7556
2819 4875 1.01595 13.7722
2814 4875 1.01736 13.7889
2809 4875 1.01877 13.8056
2804 4875 1.02018 13.8222
2797 4875 1.02159 13.8389
2790 4875 1.023 13.8556
2787 4875 1.02441 13.8722
2780 4875 1.02582 13.8889
2775 4875 1.02723 13.9056
2766 4875 1.02865 13.9222
2762 4875 1.03006 13.9389
2758 4875 1.03147 13.9556
2750 4875 1.03288 13.9722
2745 4875 1.03429 13.9889
2738 4875 1.0357 14.0056
2733 4875 1.03711 14.0222
2729 4875 1.03852 14.0389
2721 4875 1.03993 14.0556
2714 4875 1.04135 14.0722
2710 4875 1.04276 14.0889
2704 4875 1.04417 14.1056
2699 4875 1.04558 14.1222
2695 4875 1.04699 14.1389
2686 4875 1.0484 14.1556
2678 4875 1.04981 14.1722
2675 4875 1.05122 14.1889
2666 4875 1.05263 14.2056
2661 4875 1.05404 14.2222
2654 4875 1.05546 14.2389
2649 4875 1.05687 14.2556
2638 4875 1.05828 14.2722
2636 4875 1.05969 14.2889
2630 4875 1.0611 14.3056
2625 4875 1.06251 14.3222
2616 4875 1.06392 14.3389
2609 4875 1.06533 14.3556
2606 4875 1.06674 14.3722
2598 4875 1.06816 14.3889
2594 4875 1.06957 14.4056
2588 4875 1.07098 14.4222
2580 4875 1.07239 14.4389
2574 4875 1.0738 14.4556
2568 4875 1.07521 14.4722
2559 4875 1.07662 14.4889
2553 4875 1.07803 14.5056
2547 4875 1.07944 14.5222
2545 4875 1.08086 14.5389
2536 4875 1.08227 14.5555
2529 4875 1.08368 14.5722
2523 4875 1.08509 14.5889
2518 4875 1.0865 14.6055
2512 4875 1.08791 14.6222
2504 4875 1.08932 14.6389
2498 4875 1.09073 14.6555
2493 4875 1.09214 14.6722
2489 4875 1.09355 14.6889
2482 4875 1.09497 14.7055
2477 4875 1.09638 14.7222
2467 4875 1.09779 14.7389
2463 4875 1.0992 14.7555
2458 4875 1.10061 14.7722
2449 4875 1.10202 14.7889
2442 4875 1.10343 14.8055
2437 4875 1.10484 14.8222
2428 4875 1.10625 14.8389
2424 4875 1.10767 14.8555
2416 4875 1.10908 14.8722
2414 4875 1.11049 14.8889
2406 4875 1.1119 14.9055
2398 4875 1.11331 14.9222
2393 4875 1.11472 14.9389
2389 4875 1.11613 14.9555
2384 4875 1.11754 14.9722
2376 4875 1.11895 14.9889
2371 4875 1.12037 15.0055
2363 4875 1.12178 15.0222
2355 4875 1.12319 15.0389
2350 4875 1.1246 15.0555
2345 4875 1.12601 15.0722
2337 4875 1.12742 15.0889
2329 4875 1.12883 15.1055
2326 4875 1.13024 15.1222
2320 4875 1.13165 15.1389
2310 4875 1.13307 15.1555
2305 4875 1.13448 15.1722
2300 4875 1.13589 15.1889
2296 4875 1.1373 15.2055
2288 4875 1.13871 15.2222
2283 4875 1.14012 15.2389
2276 4875 1.14153 15.2555
2269 4875 1.14294 15.2722
2263 4875 1.14435 15.2889
2257 4875 1.14576 15.3055
2251 4875 1.14718 15.3222
2241 4875 1.14859 15.3389
2238 4875 1.15 15.3555
2232 4875 1.15141 15.3722
2226 4875 1.15282 15.3889
2219 4875 1.15423 15.4055
2217 4875 1.15564 15.4222
2209 4875 1.15705 15.4389
2202 4875 1.15846 15.4555
2197 4875 1.15988 15.4722
2189 4875 1.16129 15.4889
2184 4875 1.1627 15.5055
2178 4875 1.16411 15.5222
2172 4875 1.16552 15.5389
2165 4875 1.16693 15.5555
2160 4875 1.16834 15.5722
2154 4875 1.16975 15.5889
2148 4875 1.17116 15.6055
2139 4875 1.17258 15.6222
2135 4875 1.17399 15.6389
2125 4875 1.1754 15.6555
2119 4875 1.17681 15.6722
2115 4875 1.17822 15.6889
2108 4875 1.17963 15.7055
2103 4875 1.18104 15.7222
2098 4875 1.18245 15.7389
2090 4875 1.18386 15.7555
2084 4875 1.18528 15.7722
2078 4875 1.18669 15.7889
2072 4875 1.1881 15.8055
2067 4875 1.18951 15.8222
2060 4875 1.19092 15.8389
2054 4875 1.19233 15.8555
2047 4875 1.19374 15.8722
2042 4875 1.19515 15.8889
2036 4875 1.19656 15.9055
2030 4875 1.19797 15.9222
2024 4875 1.19939 15.9389
2019 4875 1.2008 15.9555
2011 4875 1.20221 15.9722
2007 4875 1.20362 15.9889
2001 4875 1.20503 16.0055
1995 4875 1.20644 16.0222
1988 4875 1.20785 16.0389
1984 4875 1.20926 16.0555
1978 4875 1.21067 16.0722
1971 4875 1.21209 16.0889
1966 4875 1.2135 16.1055
1961 4875 1.21491 16.1222
1956 4875 1.21632 16.1389
1950 4875 1.21773 16.1555
1943 4875 1.21914 16.1722
1936 4875 1.22055 16.1889
1931 4875 1.22196 16.2055
1926 4875 1.22337 16.2222
1919 4875 1.22479 16.2389
1912 4875 1.2262 16.2555
1907 4875 1.22761 16.2722
1900 4875 1.22902 16.2889
1895 4875 1.23043 16.3055
1890 4875 1.23184 16.3222
1882 4875 1.23325 16.3389
1879 4875 1.23466 16.3555
1872 4875 1.23607 16.3722
1868 4875 1.23749 16.3889
1861 4875 1.2389 16.4055
1857 4875 1.24031 16.4222
1848 4875 1.24172 16.4389
1843 4875 1.24313 16.4555
1837 4875 1.24454 16.4722
1830 4875 1.24595 16.4889
1825 4875 1.24736 16.5055
1820 4875 1.24877 16.5222
1814 4875 1.25018 16.5389
1807 4875 1.2516 16.5555
1803 4875 1.25301 16.5722
1797 4875 1.25442 16.5889
1791 4875 1.25583 16.6055
1784 4875 1.25724 16.6222
1781 4875 1.25865 16.6389
1770 4875 1.26006 16.6555
1767 4875 1.26147 16.6722
1764 4875 1.26288 16.6889
1758 4875 1.2643 16.7055
1752 4875 1.26571 16.7222
1742 4875 1.26712 16.7388
1740 4875 1.26853 16.7555
1737 4875 1.26994 16.7722
1729 4875 1.27135 16.7888
1724 4875 1.27276 16.8055
1717 4875 1.27417 16.8222
1714 4875 1.27558 16.8388
1707 4875 1.277 16.8555
1700 4875 1.27841 16.8722
1695 4875 1.27982 16.8888
1690 4875 1.28123 16.9055
1682 4875 1.28264 16.9222
1675 4875 1.28405 16.9388
1672 4875 1.28546 16.9555
1666 4875 1.28687 16.9722
1662 4875 1.28828 16.9888
1654 4875 1.2897 17.0055
1652 4875 1.29111 17.0222
1643 4875 1.29252 17.0388
1638 4875 1.29393 17.0555
1632 4875 1.29534 17.0722
1628 4875 1.29675 17.0888
1622 4875 1.29816 17.1055
1617 4875 1.29957 17.1222
1613 4875 1.30098 17.1388
1605 4875 1.30239 17.1555
1601 4875 1.30381 17.1722
1596 4875 1.30522 17.1888
1591 4875 1.30663 17.2055
1585 4875 1.30804 17.2222
1581 4875 1.30945 17.2388
1573 4875 1.31086 17.2555
1571 4875 1.31227 17.2722
1562 4875 1.31368 17.2888
1558 4875 1.31509 17.3055
1554 4875 1.31651 17.3222
1547 4875 1.31792 17.3388
1544 4875 1.31933 17.3555
1536 4875 1.32074 17.3722
1533 4875 1.32215 17.3888
1526 4875 1.32356 17.4055
1518 4875 1.32497 17.4222
1513 4875 1.32638 17.4388
1510 4875 1.32779 17.4555
1504 4875 1.32921 17.4722
1499 4875 1.33062 17.4888
1494 4875 1.33203 17.5055
1486 4875 1.33344 17.5222
1484 4875 1.33485 17.5388
1476 4875 1.33626 17.5555
1472 4875 1.33767 17.5722
1468 4875 1.33908 17.5888
1464 4875 1.34049 17.6055
1456 4875 1.34191 17.6222
1453 4875 1.34332 17.6388
1446 4875 1.34473 17.6555
1443 4875 1.34614 17.6722
1437 4875 1.34755 17.6888
1434 4875 1.34896 17.7055
1427 4875 1.35037 17.7222
1422 4875 1.35178 17.7388
1416 4875 1.35319 17.7555
1412 4875 1.3546 17.7722
1404 4875 1.35602 17.7888
1402 4875 1.35743 17.8055
1397 4875 1.35884 17.8222
1392 4875 1.36025 17.8388
1389 4875 1.36166 17.8555
1381 4875 1.36307 17.8722
1376 4875 1.36448 17.8888
1374 4875 1.36589 17.9055
1363 4875 1.3673 17.9222
1362 4875 1.36872 17.9388
1356 4875 1.37013 17.9555
1350 4875 1.37154 17.9722
1346 4875 1.37295 17.9888
1345 4875 1.37436 18.0055
1338 4875 1.37577 18.0222
1334 4875 1.37718 18.0388
1329 4875 1.37859 18.0555
1324 4875 1.38 18.0722
1317 4875 1.38142 18.0888
1314 4875 1.38283 18.1055
1311 4875 1.38424 18.1222
1303 4875 1.38565 18.1388
1300 4875 1.38706 18.1555
1295 4875 1.38847 18.1722
1288 4875 1.38988 18.1888
1285 4875 1.39129 18.2055
1279 4875 1.3927 18.2222
1276 4875 1.39412 18.2388
1271 4875 1.39553 18.2555
1263 4875 1.39694 18.2722
1262 4875 1.39835 18.2888
1254 4875 1.39976 18.3055
1251 4875 1.40117 18.3222
1245 4875 1.40258 18.3388
1240 4875 1.40399 18.3555
1236 4875 1.4054 18.3722
1230 4875 1.40681 18.3888
1225 4875 1.40823 18.4055
1220 4875 1.40964 18.4222
1216 4875 1.41105 18.4388
1209 4875 1.41246 18.4555
1203 4875 1.41387 18.4722
1197 4875 1.41528 18.4888
1190 4875 1.41669 18.5055
1183 4875 1.4181 18.5222
1180 4875 1.41951 18.5388
1172 4875 1.42093 18.5555
1168 4875 1.42234 18.5722
1163 4875 1.42375 18.5888
1158 4875 1.42516 18.6055
1153 4875 1.42657 18.6222
1148 4875 1.42798 18.6388
1142 4875 1.42939 18.6555
1137 4875 1.4308 18.6722
1132 4875 1.43221 18.6888
1126 4875 1.43363 18.7055
1121 4875 1.43504 18.7222
1117 4875 1.43645 18.7388
1112 4875 1.43786 18.7555
1106 4875 1.43927 18.7722
1102 4875 1.44068 18.7888
1097 4875 1.44209 18.8055
1092 4875 1.4435 18.8222
1089 4875 1.44491 18.8388
1084 4875 1.44633 18.8555
1080 4875 1.44774 18.8722
1074 4875 1.44915 18.8888
1070 4875 1.45056 18.9055
1064 4875 1.45197 18.9221
1061 4875 1.45338 18.9388
1057 4875 1.45479 18.9555
1052 4875 1.4562 18.9721
1047 4875 1.45761 18.9888
1043 4875 1.45902 19.0055
1041 4875 1.46044 19.0221
1035 4875 1.46185 19.0388
1033 4875 1.46326 19.0555
1028 4875 1.46467 19.0721
1025 4875 1.46608 19.0888
1018 4875 1.46749 19.1055
1014 4875 1.4689 19.1221
1009 4875 1.47031 19.1388
1004 4875 1.47172 19.1555
1000 4875 1.47314 19.1721
996 4875 1.47455 19.1888
992 4875 1.47596 19.2055
990 4875 1.47737 19.2221
984 4875 1.47878 19.2388
979 4875 1.48019 19.2555
975 4875 1.4816 19.2721
972 4875 1.48301 19.2888
966 4875 1.48442 19.3055
965 4875 1.48584 19.3221
959 4875 1.48725 19.3388
955 4875 1.48866 19.3555
951 4875 1.49007 19.3721
943 4875 1.49148 19.3888
940 4875 1.49289 19.4055
934 4875 1.4943 19.4221
930 4875 1.49571 19.4388
923 4875 1.49712 19.4555
919 4875 1.49854 19.4721
914 4875 1.49995 19.4888
909 4875 1.50136 19.5055
904 4875 1.50277 19.5221
899 4875 1.50418 19.5388
890 4875 1.50559 19.5555
883 4875 1.507 19.5721
882 4875 1.50841 19.5888
876 4875 1.50982 19.6055
871 4875 1.51123 19.6221
867 4875 1.51265 19.6388
864 4875 1.51406 19.6555
859 4875 1.51547 19.6721
854 4875 1.51688 19.6888
850 4875 1.51829 19.7055
843 4875 1.5197 19.7221
836 4875 1.52111 19.7388
832 4875 1.52252 19.7555
828 4875 1.52393 19.7721
823 4875 1.52535 19.7888
817 4875 1.52676 19.8055
811 4875 1.52817 19.8221
806 4875 1.52958 19.8388
802 4875 1.53099 19.8555
797 4875 1.5324 19.8721
792 4875 1.53381 19.8888
790 4875 1.53522 19.9055
786 4875 1.53663 19.9221
781 4875 1.53805 19.9388
775 4875 1.53946 19.9555
772 4875 1.54087 19.9721
767 4875 1.54228 19.9888
762 4875 1.54369 20.0055
757 4875 1.5451 20.0221
752 4875 1.54651 20.0388
749 4875 1.54792 20.0555
744 4875 1.54933 20.0721
740 4875 1.55075 20.0888
735 4875 1.55216 20.1055
731 4875 1.55357 20.1221
724 4875 1.55498 20.1388
717 4875 1.55639 20.1555
715 4875 1.5578 20.1721
709 4875 1.5578 20.1888
705 4875 1.5578 20.2055
700 4875 1.5578 20.2221
693 4875 1.5578 20.2388
689 4875 1.5578 20.2555
684 4875 1.5578 20.2721
682 4875 1.5578 20.2888
677 4875 1.5578 20.3055
671 4875 1.5578 20.3221
667 4875 1.5578 20.3388
661 4875 1.5578 20.3555
656 4875 1.5578 20.3721
651 4875 1.5578 20.3888
645 4875 1.5578 20.4055
640 4875 1.5578 20.4221
632 4875 1.5578 20.4388
628 4875 1.5578 20.4555
622 4875 1.5578 20.4721
616 4875 1.5578 20.4888
612 4875 1.5578 20.5055
608 4875 1.5578 20.5221
603 4875 1.5578 20.5388
598 4875 1.5578 20.5555
594 4875 1.5578 20.5721
590 4875 1.5578 20.5888
586 4875 1.5578 20.6055
582 4875 1.5578 20.6221
576 4875 1.5578 20.6388
572 4875 1.5578 20.6555
569 4875 1.5578 20.6721
563 4875 1.5578 20.6888
558 4875 1.5578 20.7055
555 4875 1.5578 20.7221
548 4875 1.5578 20.7388
544 4875 1.5578 20.7555
541 4875 1.5578 20.7721
534 4875 1.5578 20.7888
530 4875 1.5578 20.8055
527 4875 1.5578 20.8221
522 4875 1.5578 20.8388
516 4875 1.5578 20.8555
512 4875 1.5578 20.8721
508 4875 1.5578 20.8888
504 4875 1.5578 20.9055
497 4875 1.5578 20.9221
494 4875 1.5578 20.9388
491 4875 1.5578 20.9555
485 4875 1.5578 20.9721
479 4875 1.5578 20.9888
477 4875 1.5578 21.0055
472 4875 1.5578 21.0221
470 4875 1.5578 21.0388
468 4875 1.5578 21.0555
464 4875 1.5578 21.0721
462 4875 1.5578 21.0888
458 4875 1.5578 21.1054
456 4875 1.5578 21.1221
452 4875 1.5578 21.1388
450 4875 1.5578 21.1554
447 4875 1.5578 21.1721
446 4875 1.5578 21.1888
444 4875 1.5578 21.2054
442 4875 1.5578 21.2221
439 4875 1.5578 21.2388
438 4875 1.5578 21.2554
435 4875 1.5578 21.2721
433 4875 1.5578 21.2888
431 4875 1.5578 21.3054
431 4875 1.5578 21.3221
428 4875 1.5578 21.3388
426 4875 1.5578 21.3554
423 4875 1.5578 21.3721
422 4875 1.5578 21.3888
420 4875 1.5578 21.4054
418 4875 1.5578 21.4221
416 4875 1.5578 21.4388
415 4875 1.5578 21.4554
413 4875 1.5578 21.4721
411 4875 1.5578 21.4888
410 4875 1.5578 21.5054
408 4875 1.5578 21.5221
406 4875 1.5578 21.5388
405 4875 1.5578 21.5554
403 4875 1.5578 21.5721
402 4875 1.5578 21.5888
400 4875 1.5578 21.6054
399 4875 1.5578 21.6221
398 4875 1.5578 21.6388
396 4875 1.5578 21.6554
396 4875 1.5578 21.6721
395 4875 1.5578 21.6888
394 4875 1.5578 21.7054
394 4875 1.5578 21.7221
393 4875 1.5578 21.7388
390 4875 1.5578 21.7554
390 4875 1.5578 21.7721
389 4875 1.5578 21.7888
388 4875 1.5578 21.8054
387 4875 1.5578 21.8221
387 4875 1.5578 21.8388
387 4875 1.5578 21.8554
385 4875 1.5578 21.8721
384 4875 1.5578 21.8888
383 4875 1.5578 21.9054
383 4875 1.5578 21.9221
383 4875 1.5578 21.9388
382 4875 1.5578 21.9554
381 4875 1.5578 21.9721
381 4875 1.5578 21.9888
381 4875 1.5578 22.0054
379 4875 1.5578 22.0221
379 4875 1.5578 22.0388
378 4875 1.5578 22.0554
378 4875 1.5578 22.0721
377 4875 1.5578 22.0888
376 4875 1.5578 22.1054
376 4875 1.5578 22.1221
375 4875 1.5578 22.1388
375 4875 1.5578 22.1554
374 4875 1.5578 22.1721
373 4875 1.5578 22.1888
371 4875 1.5578 22.2054
371 4875 1.5578 22.2221
371 4875 1.5578 22.2388
371 4875 1.5578 22.2554
371 4875 1.5578 22.2721
370 4875 1.5578 22.2888
370 4875 1.5578 22.3054
369 4875 1.5578 22.3221
369 4875 1.5578 22.3388
369 4875 1.5578 22.3554
368 4875 1.5578 22.3721
368 4875 1.5578 22.3888
368 4875 1.5578 22.4054
367 4875 1.5578 22.4221
366 4875 1.5578 22.4388
366 4875 1.5578 22.4554
365 4875 1.5578 22.4721
365 4875 1.5578 22.4888
365 4875 1.5578 22.5054
364 4875 1.5578 22.5221
363 4875 1.5578 22.5388
363 4875 1.5578 22.5554
363 4875 1.5578 22.5721
363 4875 1.5578 22.5888
363 4875 1.5578 22.6054
363 4875 1.5578 22.6221
363 4875 1.5578 22.6388
363 4875 1.5578 22.6554
363 4875 1.5578 22.6721
363 4875 1.5578 22.6888
362 4875 1.5578 22.7054
361 4875 1.5578 22.7221
361 4875 1.5578 22.7388
361 4875 1.5578 22.7554
361 4875 1.5578 22.7721
361 4875 1.5578 22.7888
361 4875 1.5578 22.8054
360 4875 1.5578 22.8221
360 4875 1.5578 22.8388
359 4875 1.5578 22.8554
359 4875 1.5578 22.8721
359 4875 1.5578 22.8888
358 4875 1.5578 22.9054
358 4875 1.5578 22.9221
358 4875 1.5578 22.9388
357 4875 1.5578 22.9554
357 4875 1.5578 22.9721
357 4875 1.5578 22.9888
357 4875 1.5578 23.0054
356 4875 1.5578 23.0221
356 4875 1.5578 23.0388
355 4875 1.5578 23.0554
354 4875 1.5578 23.0721
354 4875 1.5578 23.0888
354 4875 1.5578 23.1054
354 4875 1.5578 23.1221
354 4875 1.5578 23.1388
354 4875 1.5578 23.1554
354 4875 1.5578 23.1721
354 4875 1.5578 23.1888
353 4875 1.5578 23.2054
352 4875 1.5578 23.2221
352 4875 1.5578 23.2388
352 4875 1.5578 23.2554
352 4875 1.5578 23.2721
352 4875 1.5578 23.2887
352 4875 1.5578 23.3054
352 4875 1.5578 23.3221
352 4875 1.5578 23.3387
352 4875 1.5578 23.3554
352 4875 1.5578 23.3721
351 4875 1.5578 23.3887
350 4875 1.5578 23.4054
350 4875 1.5578 23.4221
350 4875 1.5578 23.4387
350 4875 1.5578 23.4554
349 4875 1.5578 23.4721
349 4875 1.5578 23.4887
348 4875 1.5578 23.5054
348 4875 1.5578 23.5221
348 4875 1.5578 23.5387
348 4875 1.5578 23.5554
348 4875 1.5578 23.5721
348 4875 1.5578 23.5887
348 4875 1.5578 23.6054
347 4875 1.5578 23.6221
347 4875 1.5578 23.6387
346 4875 1.5578 23.6554
345 4875 1.5578 23.6721
345 4875 1.5578 23.6887
345 4875 1.5578 23.7054
344 4875 1.5578 23.7221
344 4875 1.5578 23.7387
344 4875 1.5578 23.7554
344 4875 1.5578 23.7721
344 4875 1.5578 23.7887
344 4875 1.5578 23.8054
344 4875 1.5578 23.8221
342 4875 1.5578 23.8387
342 4875 1.5578 23.8554
342 4875 1.5578 23.8721
342 4875 1.5578 23.8887
342 4875 1.5578 23.9054
342 4875 1.5578 23.9221
342 4875 1.5578 23.9387
342 4875 1.5578 23.9554
342 4875 1.5578 23.9721
342 4875 1.5578 23.9887
342 4875 1.5578 24.0054
342 4875 1.5578 24.0221
342 4875 1.5578 24.0387
342 4875 1.5578 24.0554
341 4875 1.5578 24.0721
340 4875 1.5578 24.0887
340 4875 1.5578 24.1054
340 4875 1.5578 24.1221
339 4875 1.5578 24.1387
339 4875 1.5578 24.1554
339 4875 1.5578 24.1721
338 4875 1.5578 24.1887
338 4875 1.5578 24.2054
338 4875 1.5578 24.2221
338 4875 1.5578 24.2387
338 4875 1.5578 24.2554
338 4875 1.5578 24.2721
338 4875 1.5578 24.2887
338 4875 1.5578 24.3054
337 4875 1.5578 24.3221
337 4875 1.5578 24.3387
337 4875 1.5578 24.3554
336 4875 1.5578 24.3721
336 4875 1.5578 24.3887
336 4875 1.5578 24.4054
336 4875 1.5578 24.4221
336 4875 1.5578 24.4387
334 4875 1.5578 24.4554
334 4875 1.5578 24.4721
334 4875 1.5578 24.4887
334 4875 1.5578 24.5054
334 4875 1.5578 24.5221
334 4875 1.5578 24.5387
334 4875 1.5578 24.5554
334 4875 1.5578 24.5721
334 4875 1.5578 24.5887
334 4875 1.5578 24.6054
334 4875 1.5578 24.6221
334 4875 1.5578 24.6387
334 4875 1.5578 24.6554
333 4875 1.5578 24.6721
333 4875 1.5578 24.6887
332 4875 1.5578 24.7054
332 4875 1.5578 24.7221
332 4875 1.5578 24.7387
332 4875 1.5578 24.7554
331 4875 1.5578 24.7721
331 4875 1.5578 24.7887
331 4875 1.5578 24.8054
331 4875 1.5578 24.8221
330 4875 1.5578 24.8387
330 4875 1.5578 24.8554
329 4875 1.5578 24.8721
329 4875 1.5578 24.8887
328 4875 1.5578 24.9054
328 4875 1.5578 24.9221
328 4875 1.5578 24.9387
328 4875 1.5578 24.9554
328 4875 1.5578 24.9721
328 4875 1.5578 24.9887
328 4875 1.5578 25.0054
328 4875 1.5578 25.0221
328 4875 1.5578 25.0387
328 4875 1.5578 25.0554
328 4875 1.5578 25.0721
328 4875 1.5578 25.0887
328 4875 1.5578 25.1054
327 4875 1.5578 25.1221
327 4875 1.5578 25.1387
327 4875 1.5578 25.1554
326 4875 1.5578 25.1721
326 4875 1.5578 25.1887
326 4875 1.5578 25.2054
326 4875 1.5578 25.2221
326 4875 1.5578 25.2387
326 4875 1.5578 25.2554
326 4875 1.5578 25.2721
326 4875 1.5578 25.2887
325 4875 1.5578 25.3054
325 4875 1.5578 25.3221
324 4875 1.5578 25.3387
324 4875 1.5578 25.3554
324 4875 1.5578 25.3721
324 4875 1.5578 25.3887
324 4875 1.5578 25.4054
324 4875 1.5578 25.4221
324 4875 1.5578 25.4387
324 4875 1.5578 25.4554
324 4875 1.5578 25.472
324 4875 1.5578 25.4887
324 4875 1.5578 25.5054
324 4875 1.5578 25.522
324 4875 1.5578 25.5387
324 4875 1.5578 25.5554
324 4875 1.5578 25.572
324 4875 1.5578 25.5887
324 4875 1.5578 25.6054
324 4875 1.5578 25.622
324 4875 1.5578 25.6387
324 4875 1.5578 25.6554
324 4875 1.5578 25.672
323 4875 1.5578 25.6887
323 4875 1.5578 25.7054
323 4875 1.5578 25.722
323 4875 1.5578 25.7387
323 4875 1.5578 25.7554
323 4875 1.5578 25.772
323 4875 1.5578 25.7887
323 4875 1.5578 25.8054
323 4875 1.5578 25.822
323 4875 1.5578 25.8387
323 4875 1.5578 25.8554
323 4875 1.5578 25.872
323 4875 1.5578 25.8887
323 4875 1.5578 25.9054
323 4875 1.5578 25.922
323 4875 1.5578 25.9387
322 4875 1.5578 25.9554
322 4875 1.5578 25.972
322 4875 1.5578 25.9887
322 4875 1.5578 26.0054
322 4875 1.5578 26.022
322 4875 1.5578 26.0387
322 4875 1.5578 26.0554
322 4875 1.5578 26.072
322 4875 1.5578 26.0887
322 4875 1.5578 26.1054
322 4875 1.5578 26.122
322 4875 1.5578 26.1387
322 4875 1.5578 26.1554
322 4875 1.5578 26.172
322 4875 1.5578 26.1887
322 4875 1.5578 26.2054
322 4875 1.5578 26.222
321 4875 1.5578 26.2387
321 4875 1.5578 26.2554
321 4875 1.5578 26.272
321 4875 1.5578 26.2887
321 4875 1.5578 26.3054
321 4875 1.5578 26.322
321 4875 1.5578 26.3387
321 4875 1.5578 26.3554
321 4875 1.5578 26.372
321 4875 1.5578 26.3887
321 4875 1.5578 26.4054
321 4875 1.5578 26.422
321 4875 1.5578 26.4387
321 4875 1.5578 26.4554
321 4875 1.5578 26.472
321 4875 1.5578 26.4887
321 4875 1.5578 26.5054
320 4875 1.5578 26.522
320 4875 1.5578 26.5387
320 4875 1.5578 26.5554
320 4875 1.5578 26.572
320 4875 1.5578 26.5887
320 4875 1.5578 26.6054
319 4875 1.5578 26.622
319 4875 1.5578 26.6387
319 4875 1.5578 26.6554
319 4875 1.5578 26.672
318 4875 1.5578 26.6887
318 4875 1.5578 26.7054
318 4875 1.5578 26.722
317 4875 1.5578 26.7387
317 4875 1.5578 26.7554
317 4875 1.5578 26.772
317 4875 1.5578 26.7887
316 4875 1.5578 26.8054
316 4875 1.5578 26.822
316 4875 1.5578 26.8387
316 4875 1.5578 26.8554
316 4875 1.5578 26.872
316 4875 1.5578 26.8887
316 4875 1.5578 26.9054
315 4875 1.5578 26.922
315 4875 1.5578 26.9387
315 4875 1.5578 26.9554
315 4875 1.5578 26.972
315 4875 1.5578 26.9887
314 4875 1.5578 27.0054
314 4875 1.5578 27.022
314 4875 1.5578 27.0387
314 4875 1.5578 27.0554
314 4875 1.5578 27.072
314 4875 1.5578 27.0887
314 4875 1.5578 27.1054
314 4875 1.5578 27.122
314 4875 1.5578 27.1387
314 4875 1.5578 27.1554
314 4875 1.5578 27.172
314 4875 1.5578 27.1887
313 4875 1.5578 27.2054
313 4875 1.5578 27.222
313 4875 1.5578 27.2387
313 4875 1.5578 27.2554
313 4875 1.5578 27.272
313 4875 1.5578 27.2887
313 4875 1.5578 27.3054
313 4875 1.5578 27.322
313 4875 1.5578 27.3387
313 4875 1.5578 27.3554
313 4875 1.5578 27.372
313 4875 1.5578 27.3887
313 4875 1.5578 27.4054
313 4875 1.5578 27.422
313 4875 1.5578 27.4387
313 4875 1.5578 27.4554
313 4875 1.5578 27.472
313 4875 1.5578 27.4887
313 4875 1.5578 27.5054
313 4875 1.5578 27.522
313 4875 1.5578 27.5387
313 4875 1.5578 27.5554
