3362 3372 0.00276906 0.000463963
3362 3372 0.00276906 0.0171309
3361 3372 0.00276906 0.0337977
3361 3372 0.00276906 0.0504646
3361 3372 0.00276906 0.0671315
3361 3372 0.00276906 0.0837984
3361 3372 0.00276906 0.100465
3360 3372 0.00276906 0.117132
3360 3372 0.00276906 0.133799
3360 3372 0.00276906 0.150466
3360 3372 0.00276906 0.167133
3360 3372 0.00276906 0.1838
3360 3372 0.00276906 0.200467
3360 3372 0.00276906 0.217134
3360 3372 0.00276906 0.2338
3360 3372 0.00276906 0.250467
3360 3372 0.00276906 0.267134
3360 3372 0.00276906 0.283801
3360 3372 0.00276906 0.300468
3360 3372 0.00276906 0.317135
3360 3372 0.00276906 0.333802
3360 3372 0.00276906 0.350469
3360 3372 0.00276906 0.367136
3360 3372 0.00276906 0.383802
3360 3372 0.00276906 0.400469
3360 3372 0.00276906 0.417136
3359 3372 0.00276906 0.433803
3359 3372 0.00276906 0.45047
3359 3372 0.00276906 0.467137
3359 3372 0.00276906 0.483804
3359 3372 0.00276906 0.500471
3359 3372 0.00276906 0.517138
3359 3372 0.00276906 0.533804
3359 3372 0.00276906 0.550471
3359 3372 0.00276906 0.567138
3359 3372 0.00276906 0.583805
3358 3372 0.00276906 0.600472
3358 3372 0.00276906 0.617139
3358 3372 0.00276906 0.633806
3358 3372 0.00276906 0.650473
3358 3372 0.00276906 0.66714
3358 3372 0.00276906 0.683806
3358 3372 0.00276906 0.700473
3358 3372 0.00276906 0.71714
3358 3372 0.00276906 0.733807
3358 3372 0.00276906 0.750474
3357 3372 0.00276906 0.767141
3357 3372 0.00276906 0.783808
3357 3372 0.00276906 0.800475
3357 3372 0.00276906 0.817142
3357 3372 0.00276906 0.833808
3357 3372 0.00276906 0.850475
3357 3372 0.00276906 0.867142
3356 3372 0.00276906 0.883809
3356 3372 0.00276906 0.900476
3356 3372 0.00276906 0.917143
3356 3372 0.00276906 0.93381
3356 3372 0.00276906 0.950477
3356 3372 0.00276906 0.967144
3356 3372 0.00276906 0.98381
3356 3372 0.00276906 1.00048
3356 3372 0.00276906 1.01714
3356 3372 0.00276906 1.03381
3355 3372 0.00276906 1.05048
3355 3372 0.00276906 1.06714
3355 3372 0.00276906 1.08381
3355 3372 0.00276906 1.10048
3355 3372 0.00276906 1.11715
3355 3372 0.00276906 1.13381
3355 3372 0.00276906 1.15048
3355 3372 0.00276906 1.16715
3355 3372 0.00276906 1.18381
3355 3372 0.00276906 1.20048
3355 3372 0.00276906 1.21715
3355 3372 0.00276906 1.23381
3355 3372 0.00276906 1.25048
3355 3372 0.00276906 1.26715
3355 3372 0.00276906 1.28381
3355 3372 0.00276906 1.30048
3355 3372 0.00276906 1.31715
3355 3372 0.00276906 1.33382
3355 3372 0.00276906 1.35048
3355 3372 0.00276906 1.36715
3355 3372 0.00276906 1.38382
3355 3372 0.00276906 1.40048
3355 3372 0.00553811 1.41715
3355 3372 0.00830717 1.43382
3355 3372 0.0110762 1.45048
3355 3372 0.0138453 1.46715
3355 3372 0.0166143 1.48382
3354 3372 0.0193834 1.50048
3354 3372 0.0221525 1.51715
3354 3372 0.0249215 1.53382
3354 3372 0.0276906 1.55048
3354 3372 0.0304596 1.56715
3354 3372 0.0332287 1.58382
3354 3372 0.0359977 1.60049
3354 3372 0.0387668 1.61715
3354 3372 0.0415359 1.63382
3354 3372 0.0443049 1.65049
3354 3372 0.047074 1.66715
3354 3372 0.049843 1.68382
3354 3372 0.0526121 1.70049
3354 3372 0.0553811 1.71715
3354 3372 0.0581502 1.73382
3354 3372 0.0609192 1.75049
3354 3372 0.0636883 1.76715
3354 3372 0.0664574 1.78382
3354 3372 0.0692264 1.80049
3354 3372 0.0719955 1.81715
3354 3372 0.0747645 1.83382
3354 3372 0.0775336 1.85049
3354 3372 0.0803026 1.86716
3354 3372 0.0830717 1.88382
3354 3372 0.0858407 1.90049
3354 3372 0.0886098 1.91716
3354 3372 0.0913788 1.93382
3354 3372 0.0941479 1.95049
3354 3372 0.0969169 1.96716
3354 3372 0.099686 1.98382
3354 3372 0.102455 2.00049
3354 3372 0.105224 2.01716
3354 3372 0.107993 2.03382
3354 3372 0.110762 2.05049
3354 3372 0.113531 2.06716
3354 3372 0.1163 2.08383
3354 3372 0.119069 2.10049
3354 3372 0.121838 2.11716
3354 3372 0.124607 2.13383
3354 3372 0.127377 2.15049
3354 3372 0.130146 2.16716
3354 3372 0.132915 2.18383
3354 3372 0.135684 2.20049
3354 3372 0.138453 2.21716
3354 3372 0.141222 2.23383
3354 3372 0.143991 2.25049
3354 3372 0.14676 2.26716
3354 3372 0.149529 2.28382
3354 3372 0.152298 2.30049
3354 3372 0.155067 2.31716
3354 3372 0.157836 2.33382
3354 3372 0.160605 2.35049
3354 3372 0.163374 2.36716
3354 3372 0.166143 2.38382
3353 3372 0.168912 2.40049
3353 3372 0.171681 2.41716
3352 3372 0.17445 2.43382
3352 3372 0.177219 2.45049
3351 3372 0.179989 2.46716
3351 3372 0.182758 2.48382
3351 3372 0.185527 2.50049
3351 3372 0.188296 2.51715
3349 3372 0.191065 2.53382
3349 3372 0.193834 2.55049
3349 3372 0.196603 2.56715
3349 3372 0.199372 2.58382
3348 3372 0.202141 2.60049
3346 3372 0.20491 2.61715
3344 3372 0.207679 2.63382
3341 3372 0.210448 2.65049
3341 3372 0.213217 2.66715
3338 3372 0.215986 2.68382
3337 3372 0.218755 2.70049
3335 3372 0.221524 2.71715
3332 3372 0.224293 2.73382
3331 3372 0.227062 2.75048
3330 3372 0.229831 2.76715
3330 3372 0.232601 2.78382
3330 3372 0.23537 2.80048
3326 3372 0.238139 2.81715
3324 3372 0.240908 2.83382
3320 3372 0.243677 2.85048
3319 3372 0.246446 2.86715
3317 3372 0.249215 2.88382
3313 3372 0.251984 2.90048
3310 3372 0.254753 2.91715
3309 3372 0.257522 2.93382
3303 3372 0.260291 2.95048
3301 3372 0.26306 2.96715
3297 3372 0.265829 2.98381
3292 3372 0.268598 3.00048
3286 3372 0.271367 3.01715
3284 3372 0.274136 3.03381
3282 3372 0.276905 3.05048
3279 3372 0.279674 3.06715
3274 3372 0.282443 3.08381
3269 3372 0.285213 3.10048
3268 3372 0.287982 3.11715
3261 3372 0.290751 3.13381
3258 3372 0.29352 3.15048
3254 3372 0.296289 3.16714
3249 3372 0.299058 3.18381
3245 3372 0.301827 3.20048
3243 3372 0.304596 3.21714
3240 3372 0.307365 3.23381
3235 3372 0.310134 3.25048
3229 3372 0.312903 3.26714
3225 3372 0.315672 3.28381
3222 3372 0.318441 3.30048
3219 3372 0.32121 3.31714
3214 3372 0.323979 3.33381
3211 3372 0.326748 3.35048
3211 3372 0.329517 3.36714
3205 3372 0.332286 3.38381
3200 3372 0.335056 3.40047
3196 3372 0.337825 3.41714
3194 3372 0.340594 3.43381
3188 3372 0.343363 3.45047
3184 3372 0.346132 3.46714
3183 3372 0.348901 3.48381
3179 3372 0.35167 3.50047
3175 3372 0.354439 3.51714
3172 3372 0.357208 3.53381
3168 3372 0.359977 3.55047
3166 3372 0.362746 3.56714
3163 3372 0.365515 3.58381
3158 3372 0.368284 3.60047
3154 3372 0.371053 3.61714
3148 3372 0.373822 3.6338
3144 3372 0.376591 3.65047
3141 3372 0.37936 3.66714
3136 3372 0.382129 3.6838
3132 3372 0.384898 3.70047
3129 3372 0.387668 3.71714
3123 3372 0.390437 3.7338
3118 3372 0.393206 3.75047
3114 3372 0.395975 3.76714
3111 3372 0.398744 3.7838
3107 3372 0.401513 3.80047
3105 3372 0.404282 3.81713
3098 3372 0.407051 3.8338
3096 3372 0.40982 3.85047
3093 3372 0.412589 3.86713
3086 3372 0.415358 3.8838
3082 3372 0.418127 3.90047
3077 3372 0.420896 3.91713
3074 3372 0.423665 3.9338
3071 3372 0.426434 3.95047
3069 3372 0.429203 3.96713
3064 3372 0.431972 3.9838
3062 3372 0.434741 4.00047
3057 3372 0.43751 4.01713
3053 3372 0.44028 4.0338
3050 3372 0.443049 4.05046
3048 3372 0.445818 4.06713
3042 3372 0.448587 4.0838
3039 3372 0.451356 4.10046
3036 3372 0.454125 4.11713
3035 3372 0.456894 4.1338
3030 3372 0.459663 4.15046
3027 3372 0.462432 4.16713
3023 3372 0.465201 4.1838
3020 3372 0.46797 4.20046
3015 3372 0.470739 4.21713
3012 3372 0.473508 4.2338
3009 3372 0.476277 4.25046
3005 3372 0.479046 4.26713
3003 3372 0.481815 4.28379
3001 3372 0.484584 4.30046
2996 3372 0.487353 4.31713
2992 3372 0.490122 4.33379
2988 3372 0.492892 4.35046
2983 3372 0.495661 4.36713
2979 3372 0.49843 4.38379
2979 3372 0.501199 4.40046
2973 3372 0.503968 4.41713
2970 3372 0.506737 4.43379
2966 3372 0.509506 4.45046
2960 3372 0.512275 4.46712
2960 3372 0.515044 4.48379
2954 3372 0.517813 4.50046
2952 3372 0.520582 4.51712
2950 3372 0.523351 4.53379
2947 3372 0.52612 4.55046
2941 3372 0.528889 4.56712
2939 3372 0.531658 4.58379
2935 3372 0.534427 4.60046
2930 3372 0.537196 4.61712
2927 3372 0.539965 4.63379
2923 3372 0.542735 4.65046
2921 3372 0.545504 4.66712
2919 3372 0.548273 4.68379
2916 3372 0.551042 4.70045
2914 3372 0.553811 4.71712
2909 3372 0.55658 4.73379
2907 3372 0.559349 4.75045
2903 3372 0.562118 4.76712
2899 3372 0.564887 4.78379
2898 3372 0.567656 4.80045
2892 3372 0.570425 4.81712
2888 3372 0.573194 4.83379
2882 3372 0.575963 4.85045
2878 3372 0.578732 4.86712
2877 3372 0.581501 4.88379
2872 3372 0.58427 4.90045
2868 3372 0.587039 4.91712
2866 3372 0.589808 4.93378
2862 3372 0.592577 4.95045
2859 3372 0.595347 4.96712
2856 3372 0.598116 4.98378
2850 3372 0.600885 5.00045
2848 3372 0.603654 5.01712
2843 3372 0.606423 5.03378
2841 3372 0.609192 5.05045
2834 3372 0.611961 5.06712
2829 3372 0.61473 5.08378
2828 3372 0.617499 5.10045
2824 3372 0.620268 5.11712
2816 3372 0.623037 5.13378
2814 3372 0.625806 5.15045
2810 3372 0.628575 5.16711
2804 3372 0.631344 5.18378
2802 3372 0.634113 5.20045
2799 3372 0.636882 5.21711
2798 3372 0.639651 5.23378
2790 3372 0.64242 5.25045
2787 3372 0.645189 5.26711
2785 3372 0.647959 5.28378
2775 3372 0.650728 5.30045
2772 3372 0.653497 5.31711
2770 3372 0.656266 5.33378
2765 3372 0.659035 5.35044
2761 3372 0.661804 5.36711
2758 3372 0.664573 5.38378
2756 3372 0.667342 5.40044
2749 3372 0.670111 5.41711
2746 3372 0.67288 5.43378
2741 3372 0.675649 5.45044
2736 3372 0.678418 5.46711
2733 3372 0.681187 5.48378
2731 3372 0.683956 5.50044
2727 3372 0.686725 5.51711
2724 3372 0.689494 5.53378
2720 3372 0.692263 5.55044
2716 3372 0.695032 5.56711
2712 3372 0.697801 5.58377
2707 3372 0.700571 5.60044
2701 3372 0.70334 5.61711
2696 3372 0.706109 5.63377
2693 3372 0.708878 5.65044
2692 3372 0.711647 5.66711
2686 3372 0.714416 5.68377
2681 3372 0.717185 5.70044
2679 3372 0.719954 5.71711
2674 3372 0.722723 5.73377
2668 3372 0.725492 5.75044
2668 3372 0.728261 5.76711
2662 3372 0.73103 5.78377
2657 3372 0.733799 5.80044
2652 3372 0.736568 5.8171
2647 3372 0.739337 5.83377
2642 3372 0.742106 5.85044
2640 3372 0.744875 5.8671
2637 3372 0.747644 5.88377
2631 3372 0.750413 5.90044
2626 3372 0.753183 5.9171
2624 3372 0.755952 5.93377
2619 3372 0.758721 5.95044
2614 3372 0.76149 5.9671
2608 3372 0.764259 5.98377
2605 3372 0.767028 6.00043
2600 3372 0.769797 6.0171
2596 3372 0.772566 6.03377
2591 3372 0.775335 6.05043
2588 3372 0.778104 6.0671
2582 3372 0.780873 6.08377
2578 3372 0.783642 6.10043
2575 3372 0.786411 6.1171
2570 3372 0.78918 6.13377
2566 3372 0.791949 6.15043
2558 3372 0.794718 6.1671
2554 3372 0.797487 6.18377
2552 3372 0.800256 6.20043
2549 3372 0.803025 6.2171
2545 3372 0.805795 6.23376
2536 3372 0.808564 6.25043
2533 3372 0.811333 6.2671
2530 3372 0.814102 6.28376
2523 3372 0.816871 6.30043
2518 3372 0.81964 6.3171
2517 3372 0.822409 6.33376
2512 3372 0.825178 6.35043
2503 3372 0.827947 6.3671
2499 3372 0.830716 6.38376
2495 3372 0.833485 6.40043
2489 3372 0.836254 6.4171
2484 3372 0.839023 6.43376
2479 3372 0.841792 6.45043
2475 3372 0.844561 6.46709
2471 3372 0.84733 6.48376
2464 3372 0.850099 6.50043
2459 3372 0.852868 6.51709
2454 3372 0.855637 6.53376
2448 3372 0.858407 6.55043
2445 3372 0.861176 6.56709
2437 3372 0.863945 6.58376
2431 3372 0.866714 6.60043
2423 3372 0.869483 6.61709
2419 3372 0.872252 6.63376
2416 3372 0.875021 6.65042
2409 3372 0.87779 6.66709
2405 3372 0.880559 6.68376
2398 3372 0.883328 6.70042
2392 3372 0.886097 6.71709
2386 3372 0.888866 6.73376
2379 3372 0.891635 6.75042
2374 3372 0.894404 6.76709
2369 3372 0.897173 6.78376
2361 3372 0.899942 6.80042
2354 3372 0.902711 6.81709
2351 3372 0.90548 6.83376
2344 3372 0.908249 6.85042
2339 3372 0.911019 6.86709
2335 3372 0.913788 6.88375
2328 3372 0.916557 6.90042
2319 3372 0.919326 6.91709
2315 3372 0.922095 6.93375
2310 3372 0.924864 6.95042
2302 3372 0.927633 6.96709
2297 3372 0.930402 6.98375
2290 3372 0.933171 7.00042
2282 3372 0.93594 7.01709
2278 3372 0.938709 7.03375
2272 3372 0.941478 7.05042
2259 3372 0.944247 7.06709
2256 3372 0.947016 7.08375
2248 3372 0.949785 7.10042
2241 3372 0.952554 7.11708
2235 3372 0.955323 7.13375
2234 3372 0.958092 7.15042
2224 3372 0.960862 7.16708
2218 3372 0.963631 7.18375
2212 3372 0.9664 7.20042
2203 3372 0.969169 7.21708
2200 3372 0.971938 7.23375
2190 3372 0.974707 7.25042
2184 3372 0.977476 7.26708
2179 3372 0.980245 7.28375
2169 3372 0.983014 7.30042
2165 3372 0.985783 7.31708
2158 3372 0.988552 7.33375
2150 3372 0.991321 7.35041
2142 3372 0.99409 7.36708
2134 3372 0.996859 7.38375
2129 3372 0.999628 7.40041
2126 3372 1.0024 7.41708
2114 3372 1.00517 7.43375
2108 3372 1.00794 7.45041
2103 3372 1.0107 7.46708
2095 3372 1.01347 7.48375
2089 3372 1.01624 7.50041
2080 3372 1.01901 7.51708
2073 3372 1.02178 7.53374
2067 3372 1.02455 7.55041
2059 3372 1.02732 7.56708
2054 3372 1.03009 7.58374
2047 3372 1.03286 7.60041
2039 3372 1.03563 7.61708
2034 3372 1.0384 7.63374
2027 3372 1.04116 7.65041
2017 3372 1.04393 7.66708
2010 3372 1.0467 7.68374
2003 3372 1.04947 7.70041
1996 3372 1.05224 7.71708
1986 3372 1.05501 7.73374
1983 3372 1.05778 7.75041
1976 3372 1.06055 7.76707
1970 3372 1.06332 7.78374
1957 3372 1.06609 7.80041
1950 3372 1.06886 7.81707
1944 3372 1.07163 7.83374
1935 3372 1.07439 7.85041
1929 3372 1.07716 7.86707
1921 3372 1.07993 7.88374
1911 3372 1.0827 7.90041
1907 3372 1.08547 7.91707
1896 3372 1.08824 7.93374
1891 3372 1.09101 7.95041
1885 3372 1.09378 7.96707
1876 3372 1.09655 7.98374
1868 3372 1.09932 8.0004
1862 3372 1.10209 8.01707
1853 3372 1.10485 8.03374
1846 3372 1.10762 8.0504
1837 3372 1.11039 8.06707
1828 3372 1.11316 8.08374
1823 3372 1.11593 8.1004
1812 3372 1.1187 8.11707
1805 3372 1.12147 8.13374
1798 3372 1.12424 8.1504
1789 3372 1.12701 8.16707
1778 3372 1.12978 8.18373
1770 3372 1.13255 8.2004
1760 3372 1.13531 8.21707
1757 3372 1.13808 8.23373
1748 3372 1.14085 8.2504
1738 3372 1.14362 8.26707
1730 3372 1.14639 8.28373
1723 3372 1.14916 8.3004
1712 3372 1.15193 8.31707
1707 3372 1.1547 8.33373
1696 3372 1.15747 8.3504
1688 3372 1.16024 8.36707
1680 3372 1.16301 8.38373
1670 3372 1.16577 8.4004
1662 3372 1.16854 8.41706
1653 3372 1.17131 8.43373
1646 3372 1.17408 8.4504
1636 3372 1.17685 8.46706
1628 3372 1.17962 8.48373
1622 3372 1.18239 8.5004
1611 3372 1.18516 8.51706
1604 3372 1.18793 8.53373
1596 3372 1.1907 8.5504
1589 3372 1.19347 8.56706
1582 3372 1.19624 8.58373
1574 3372 1.199 8.6004
1561 3372 1.20177 8.61706
1553 3372 1.20454 8.63373
1544 3372 1.20731 8.65039
1537 3372 1.21008 8.66706
1528 3372 1.21285 8.68373
1522 3372 1.21562 8.70039
1513 3372 1.21839 8.71706
1507 3372 1.22116 8.73373
1497 3372 1.22393 8.75039
1488 3372 1.2267 8.76706
1478 3372 1.22946 8.78373
1473 3372 1.23223 8.80039
1468 3372 1.235 8.81706
1457 3372 1.23777 8.83372
1450 3372 1.24054 8.85039
1441 3372 1.24331 8.86706
1435 3372 1.24608 8.88372
1424 3372 1.24885 8.90039
1417 3372 1.25162 8.91706
1407 3372 1.25162 8.93372
1398 3372 1.25162 8.95039
1388 3372 1.25162 8.96706
1382 3372 1.25162 8.98372
1374 3372 1.25162 9.00039
1366 3372 1.25162 9.01706
1356 3372 1.25162 9.03372
1348 3372 1.25162 9.05039
1341 3372 1.25162 9.06705
1332 3372 1.25162 9.08372
1323 3372 1.25162 9.10039
1315 3372 1.25162 9.11705
1307 3372 1.25162 9.13372
1298 3372 1.25162 9.15039
1291 3372 1.25162 9.16705
1280 3372 1.25162 9.18372
1275 3372 1.25162 9.20039
1267 3372 1.25162 9.21705
1259 3372 1.25162 9.23372
1248 3372 1.25162 9.25039
1241 3372 1.25162 9.26705
1236 3372 1.25162 9.28372
1222 3372 1.25162 9.30038
1218 3372 1.25162 9.31705
1212 3372 1.25162 9.33372
1204 3372 1.25162 9.35038
1197 3372 1.25162 9.36705
1186 3372 1.25162 9.38372
1181 3372 1.25162 9.40038
1170 3372 1.25162 9.41705
1164 3372 1.25162 9.43372
1157 3372 1.25162 9.45038
1148 3372 1.25162 9.46705
1141 3372 1.25162 9.48372
1134 3372 1.25162 9.50038
1126 3372 1.25162 9.51705
1119 3372 1.25162 9.53371
1112 3372 1.25162 9.55038
1104 3372 1.25162 9.56705
1098 3372 1.25162 9.58371
1090 3372 1.25162 9.60038
1083 3372 1.25162 9.61705
1077 3372 1.25162 9.63371
1069 3372 1.25162 9.65038
1064 3372 1.25162 9.66705
1056 3372 1.25162 9.68371
1049 3372 1.25162 9.70038
1045 3372 1.25162 9.71704
1036 3372 1.25162 9.73371
1030 3372 1.25162 9.75038
1025 3372 1.25162 9.76704
1018 3372 1.25162 9.78371
1012 3372 1.25162 9.80038
1007 3372 1.25162 9.81704
1003 3372 1.25162 9.83371
999 3372 1.25162 9.85038
991 3372 1.25162 9.86704
986 3372 1.25162 9.88371
983 3372 1.25162 9.90038
978 3372 1.25162 9.91704
972 3372 1.25162 9.93371
968 3372 1.25162 9.95037
967 3372 1.25162 9.96704
962 3372 1.25162 9.98371
958 3372 1.25162 10.0004
954 3372 1.25162 10.017
950 3372 1.25162 10.0337
944 3372 1.25162 10.0504
942 3372 1.25162 10.067
937 3372 1.25162 10.0837
933 3372 1.25162 10.1004
930 3372 1.25162 10.117
925 3372 1.25162 10.1337
922 3372 1.25162 10.1504
919 3372 1.25162 10.167
916 3372 1.25162 10.1837
913 3372 1.25162 10.2004
909 3372 1.25162 10.217
906 3372 1.25162 10.2337
904 3372 1.25162 10.2504
901 3372 1.25162 10.267
898 3372 1.25162 10.2837
896 3372 1.25162 10.3004
894 3372 1.25162 10.317
889 3372 1.25162 10.3337
888 3372 1.25162 10.3504
884 3372 1.25162 10.367
883 3372 1.25162 10.3837
879 3372 1.25162 10.4004
878 3372 1.25162 10.417
875 3372 1.25162 10.4337
874 3372 1.25162 10.4504
872 3372 1.25162 10.467
869 3372 1.25162 10.4837
865 3372 1.25162 10.5004
864 3372 1.25162 10.517
862 3372 1.25162 10.5337
860 3372 1.25162 10.5504
858 3372 1.25162 10.567
857 3372 1.25162 10.5837
855 3372 1.25162 10.6004
852 3372 1.25162 10.617
852 3372 1.25162 10.6337
852 3372 1.25162 10.6504
849 3372 1.25162 10.667
848 3372 1.25162 10.6837
848 3372 1.25162 10.7004
845 3372 1.25162 10.717
843 3372 1.25162 10.7337
843 3372 1.25162 10.7504
841 3372 1.25162 10.767
839 3372 1.25162 10.7837
839 3372 1.25162 10.8004
838 3372 1.25162 10.817
836 3372 1.25162 10.8337
835 3372 1.25162 10.8504
834 3372 1.25162 10.867
833 3372 1.25162 10.8837
833 3372 1.25162 10.9004
831 3372 1.25162 10.917
830 3372 1.25162 10.9337
829 3372 1.25162 10.9504
829 3372 1.25162 10.967
828 3372 1.25162 10.9837
825 3372 1.25162 11.0004
825 3372 1.25162 11.017
825 3372 1.25162 11.0337
825 3372 1.25162 11.0504
824 3372 1.25162 11.067
823 3372 1.25162 11.0837
822 3372 1.25162 11.1004
821 3372 1.25162 11.117
820 3372 1.25162 11.1337
819 3372 1.25162 11.1504
819 3372 1.25162 11.167
819 3372 1.25162 11.1837
818 3372 1.25162 11.2004
818 3372 1.25162 11.217
816 3372 1.25162 11.2337
816 3372 1.25162 11.2504
816 3372 1.25162 11.267
816 3372 1.25162 11.2837
816 3372 1.25162 11.3004
816 3372 1.25162 11.317
814 3372 1.25162 11.3337
814 3372 1.25162 11.3504
814 3372 1.25162 11.367
814 3372 1.25162 11.3837
813 3372 1.25162 11.4004
813 3372 1.25162 11.417
812 3372 1.25162 11.4337
812 3372 1.25162 11.4504
811 3372 1.25162 11.467
811 3372 1.25162 11.4837
811 3372 1.25162 11.5004
811 3372 1.25162 11.517
810 3372 1.25162 11.5337
810 3372 1.25162 11.5504
809 3372 1.25162 11.567
809 3372 1.25162 11.5837
809 3372 1.25162 11.6003
809 3372 1.25162 11.617
807 3372 1.25162 11.6337
807 3372 1.25162 11.6503
807 3372 1.25162 11.667
807 3372 1.25162 11.6837
807 3372 1.25162 11.7003
806 3372 1.25162 11.717
804 3372 1.25162 11.7337
803 3372 1.25162 11.7503
803 3372 1.25162 11.767
803 3372 1.25162 11.7837
803 3372 1.25162 11.8003
802 3372 1.25162 11.817
802 3372 1.25162 11.8337
802 3372 1.25162 11.8503
802 3372 1.25162 11.867
802 3372 1.25162 11.8837
801 3372 1.25162 11.9003
801 3372 1.25162 11.917
801 3372 1.25162 11.9337
800 3372 1.25162 11.9503
800 3372 1.25162 11.967
800 3372 1.25162 11.9837
800 3372 1.25162 12.0003
800 3372 1.25162 12.017
800 3372 1.25162 12.0337
800 3372 1.25162 12.0503
800 3372 1.25162 12.067
800 3372 1.25162 12.0837
800 3372 1.25162 12.1003
799 3372 1.25162 12.117
799 3372 1.25162 12.1337
799 3372 1.25162 12.1503
799 3372 1.25162 12.167
799 3372 1.25162 12.1837
799 3372 1.25162 12.2003
798 3372 1.25162 12.217
798 3372 1.25162 12.2337
798 3372 1.25162 12.2503
798 3372 1.25162 12.267
798 3372 1.25162 12.2837
797 3372 1.25162 12.3003
797 3372 1.25162 12.317
797 3372 1.25162 12.3337
797 3372 1.25162 12.3503
797 3372 1.25162 12.367
795 3372 1.25162 12.3837
795 3372 1.25162 12.4003
795 3372 1.25162 12.417
795 3372 1.25162 12.4337
795 3372 1.25162 12.4503
795 3372 1.25162 12.467
795 3372 1.25162 12.4837
795 3372 1.25162 12.5003
793 3372 1.25162 12.517
793 3372 1.25162 12.5337
793 3372 1.25162 12.5503
793 3372 1.25162 12.567
793 3372 1.25162 12.5837
792 3372 1.25162 12.6003
792 3372 1.25162 12.617
792 3372 1.25162 12.6337
792 3372 1.25162 12.6503
792 3372 1.25162 12.667
792 3372 1.25162 12.6837
792 3372 1.25162 12.7003
792 3372 1.25162 12.717
792 3372 1.25162 12.7337
792 3372 1.25162 12.7503
792 3372 1.25162 12.767
792 3372 1.25162 12.7837
792 3372 1.25162 12.8003
792 3372 1.25162 12.817
792 3372 1.25162 12.8337
792 3372 1.25162 12.8503
792 3372 1.25162 12.867
792 3372 1.25162 12.8837
792 3372 1.25162 12.9003
792 3372 1.25162 12.917
792 3372 1.25162 12.9337
792 3372 1.25162 12.9503
