19377 19377 0.000632418 5.53131e-05
19377 19377 0.000632418 0.0167217
19377 19377 0.000632418 0.0333881
19377 19377 0.000632418 0.0500546
19377 19377 0.000632418 0.066721
19377 19377 0.000632418 0.0833874
19377 19377 0.000632418 0.100054
19377 19377 0.000632418 0.11672
19377 19377 0.000632418 0.133387
19377 19377 0.000632418 0.150053
19377 19377 0.000632418 0.166719
19377 19377 0.000632418 0.183386
19377 19377 0.000632418 0.200052
19377 19377 0.000632418 0.216719
19377 19377 0.000632418 0.233385
19377 19377 0.000632418 0.250051
19377 19377 0.000632418 0.266718
19377 19377 0.000632418 0.283384
19377 19377 0.000632418 0.300051
19377 19377 0.000632418 0.316717
19377 19377 0.000632418 0.333384
19377 19377 0.000632418 0.35005
19377 19377 0.00126484 0.366716
19377 19377 0.00189725 0.383383
19377 19377 0.00252967 0.400049
19377 19377 0.00316209 0.416716
19377 19377 0.00379451 0.433382
19377 19377 0.00442692 0.450048
19377 19377 0.00505934 0.466715
19377 19377 0.00569176 0.483381
19377 19377 0.00632418 0.500048
19377 19377 0.00695659 0.516714
19377 19377 0.00758901 0.533381
19377 19377 0.00822143 0.550047
19377 19377 0.00885385 0.566713
19377 19377 0.00948626 0.58338
19377 19377 0.0101187 0.600046
19377 19377 0.0107511 0.616713
19377 19377 0.0113835 0.633379
19377 19377 0.0120159 0.650045
19377 19377 0.0126483 0.666712
19377 19377 0.0132808 0.683378
19377 19377 0.0139132 0.700045
19377 19377 0.0145456 0.716711
19377 19377 0.015178 0.733377
19377 19377 0.0158104 0.750044
19377 19377 0.0164429 0.76671
19377 19377 0.0170753 0.783377
19377 19377 0.0177077 0.800043
19377 19377 0.0183401 0.81671
19377 19377 0.0189725 0.833376
19377 19377 0.0196049 0.850042
19377 19377 0.0202374 0.866709
19377 19377 0.0208698 0.883375
19377 19377 0.0215022 0.900042
19377 19377 0.0221346 0.916708
19377 19377 0.022767 0.933374
19377 19377 0.0233995 0.950041
19377 19377 0.0240319 0.966707
19377 19377 0.0246643 0.983374
19377 19377 0.0252967 1.00004
19377 19377 0.0259291 1.01671
19377 19377 0.0265615 1.03337
19377 19377 0.027194 1.05004
19377 19377 0.0278264 1.06671
19377 19377 0.0284588 1.08337
19377 19377 0.0290912 1.10004
19377 19377 0.0297236 1.1167
19377 19377 0.0303561 1.13337
19377 19377 0.0309885 1.15004
19377 19377 0.0316209 1.1667
19377 19377 0.0322533 1.18337
19377 19377 0.0328857 1.20004
19377 19377 0.0335181 1.2167
19377 19377 0.0341506 1.23337
19377 19377 0.034783 1.25004
19377 19377 0.0354154 1.2667
19377 19377 0.0360478 1.28337
19377 19377 0.0366802 1.30004
19377 19377 0.0373126 1.3167
19377 19377 0.0379451 1.33337
19377 19377 0.0385775 1.35003
19377 19377 0.0392099 1.3667
19377 19377 0.0398423 1.38337
19377 19377 0.0404747 1.40003
19377 19377 0.0411071 1.4167
19377 19377 0.0417396 1.43337
19377 19377 0.042372 1.45003
19377 19377 0.0430044 1.4667
19377 19377 0.0436368 1.48337
19377 19377 0.0442692 1.50003
19377 19377 0.0449016 1.5167
19377 19377 0.0455341 1.53337
19377 19377 0.0461665 1.55003
19377 19377 0.0467989 1.5667
19377 19377 0.0474313 1.58336
19377 19377 0.0480637 1.60003
19377 19377 0.0486961 1.6167
19377 19377 0.0493286 1.63336
19377 19377 0.049961 1.65003
19377 19377 0.0505934 1.6667
19377 19377 0.0512258 1.68336
19377 19377 0.0518582 1.70003
19377 19377 0.0524906 1.7167
19377 19377 0.0531231 1.73336
19377 19377 0.0537555 1.75003
19377 19377 0.0543879 1.7667
19377 19377 0.0550203 1.78336
19377 19377 0.0556527 1.80003
19377 19377 0.0562851 1.81669
19377 19377 0.0569176 1.83336
19377 19377 0.05755 1.85003
19377 19377 0.0581824 1.86669
19377 19377 0.0588148 1.88336
19377 19377 0.0594472 1.90003
19377 19377 0.0600796 1.91669
19377 19377 0.0607121 1.93336
19377 19377 0.0613445 1.95003
19377 19377 0.0619769 1.96669
19377 19377 0.0626093 1.98336
19377 19377 0.0632417 2.00002
19377 19377 0.0638741 2.01669
19377 19377 0.0645066 2.03336
19377 19377 0.065139 2.05002
19377 19377 0.0657714 2.06669
19377 19377 0.0664038 2.08336
19377 19377 0.0670362 2.10002
19377 19377 0.0676687 2.11669
19377 19377 0.0683011 2.13336
19377 19377 0.0689335 2.15002
19377 19377 0.0695659 2.16669
19377 19377 0.0701983 2.18336
19377 19377 0.0708308 2.20002
19377 19377 0.0714632 2.21669
19377 19377 0.0720956 2.23335
19377 19377 0.072728 2.25002
19377 19377 0.0733604 2.26669
19377 19377 0.0739929 2.28335
19377 19377 0.0746253 2.30002
19377 19377 0.0752577 2.31669
19377 19377 0.0758901 2.33335
19377 19377 0.0765225 2.35002
19377 19377 0.077155 2.36669
19377 19377 0.0777874 2.38335
19377 19377 0.0784198 2.40002
19377 19377 0.0790522 2.41669
19377 19377 0.0796846 2.43335
19377 19377 0.0803171 2.45002
19377 19377 0.0809495 2.46668
19377 19377 0.0815819 2.48335
19377 19377 0.0822143 2.50002
19376 19377 0.0828467 2.51668
19376 19377 0.0834792 2.53335
19376 19377 0.0841116 2.55002
19375 19377 0.084744 2.56668
19375 19377 0.0853764 2.58335
19375 19377 0.0860088 2.60002
19374 19377 0.0866413 2.61668
19374 19377 0.0872737 2.63335
19374 19377 0.0879061 2.65001
19374 19377 0.0885385 2.66668
19374 19377 0.0891709 2.68335
19374 19377 0.0898034 2.70001
19374 19377 0.0904358 2.71668
19374 19377 0.0910682 2.73335
19374 19377 0.0917006 2.75001
19374 19377 0.092333 2.76668
19374 19377 0.0929655 2.78335
19374 19377 0.0935979 2.80001
19374 19377 0.0942303 2.81668
19374 19377 0.0948627 2.83335
19374 19377 0.0954951 2.85001
19374 19377 0.0961276 2.86668
19374 19377 0.09676 2.88334
19374 19377 0.0973924 2.90001
19374 19377 0.0980248 2.91668
19374 19377 0.0986573 2.93334
19373 19377 0.0992897 2.95001
19373 19377 0.0999221 2.96668
19373 19377 0.100555 2.98334
19373 19377 0.101187 3.00001
19373 19377 0.101819 3.01668
19373 19377 0.102452 3.03334
19373 19377 0.103084 3.05001
19373 19377 0.103717 3.06668
19373 19377 0.104349 3.08334
19373 19377 0.104981 3.10001
19373 19377 0.105614 3.11667
19373 19377 0.106246 3.13334
19373 19377 0.106879 3.15001
19373 19377 0.107511 3.16667
19372 19377 0.108144 3.18334
19372 19377 0.108776 3.20001
19372 19377 0.109408 3.21667
19372 19377 0.110041 3.23334
19372 19377 0.110673 3.25001
19372 19377 0.111306 3.26667
19372 19377 0.111938 3.28334
19372 19377 0.11257 3.3
19372 19377 0.113203 3.31667
19372 19377 0.113835 3.33334
19372 19377 0.114468 3.35
19371 19377 0.1151 3.36667
19371 19377 0.115733 3.38334
19371 19377 0.116365 3.4
19371 19377 0.116997 3.41667
19371 19377 0.11763 3.43334
19371 19377 0.118262 3.45
19371 19377 0.118895 3.46667
19371 19377 0.119527 3.48334
19371 19377 0.12016 3.5
19370 19377 0.120792 3.51667
19370 19377 0.121424 3.53333
19370 19377 0.122057 3.55
19370 19377 0.122689 3.56667
19370 19377 0.123322 3.58333
19370 19377 0.123954 3.6
19370 19377 0.124586 3.61667
19370 19377 0.125219 3.63333
19370 19377 0.125851 3.65
19370 19377 0.126484 3.66667
19370 19377 0.127116 3.68333
19370 19377 0.127749 3.7
19370 19377 0.128381 3.71667
19369 19377 0.129013 3.73333
19369 19377 0.129646 3.75
19369 19377 0.130278 3.76666
19369 19377 0.130911 3.78333
19369 19377 0.131543 3.8
19369 19377 0.132176 3.81666
19368 19377 0.132808 3.83333
19368 19377 0.13344 3.85
19368 19377 0.134073 3.86666
19368 19377 0.134705 3.88333
19368 19377 0.135338 3.9
19367 19377 0.13597 3.91666
19367 19377 0.136602 3.93333
19367 19377 0.137235 3.95
19367 19377 0.137867 3.96666
19366 19377 0.1385 3.98333
19366 19377 0.139132 3.99999
19366 19377 0.139765 4.01666
19366 19377 0.140397 4.03333
19366 19377 0.141029 4.04999
19365 19377 0.141662 4.06666
19365 19377 0.142294 4.08333
19365 19377 0.142927 4.09999
19365 19377 0.143559 4.11666
19365 19377 0.144192 4.13333
19365 19377 0.144824 4.14999
19364 19377 0.145456 4.16666
19363 19377 0.146089 4.18332
19363 19377 0.146721 4.19999
19363 19377 0.147354 4.21666
19363 19377 0.147986 4.23332
19363 19377 0.148618 4.24999
19363 19377 0.149251 4.26666
19363 19377 0.149883 4.28332
19362 19377 0.150516 4.29999
19361 19377 0.151148 4.31666
19361 19377 0.151781 4.33332
19361 19377 0.152413 4.34999
19361 19377 0.153045 4.36666
19361 19377 0.153678 4.38332
19361 19377 0.15431 4.39999
19361 19377 0.154943 4.41665
19361 19377 0.155575 4.43332
19360 19377 0.156207 4.44999
19360 19377 0.15684 4.46665
19360 19377 0.157472 4.48332
19360 19377 0.158105 4.49999
19360 19377 0.158737 4.51665
19360 19377 0.15937 4.53332
19360 19377 0.160002 4.54999
19360 19377 0.160634 4.56665
19359 19377 0.161267 4.58332
19359 19377 0.161899 4.59999
19359 19377 0.162532 4.61665
19359 19377 0.163164 4.63332
19358 19377 0.163797 4.64998
19358 19377 0.164429 4.66665
19358 19377 0.165061 4.68332
19358 19377 0.165694 4.69998
19358 19377 0.166326 4.71665
19358 19377 0.166959 4.73332
19358 19377 0.167591 4.74998
19357 19377 0.168223 4.76665
19357 19377 0.168856 4.78332
19357 19377 0.169488 4.79998
19357 19377 0.170121 4.81665
19357 19377 0.170753 4.83331
19357 19377 0.171386 4.84998
19357 19377 0.172018 4.86665
19357 19377 0.17265 4.88331
19356 19377 0.173283 4.89998
19356 19377 0.173915 4.91665
19355 19377 0.174548 4.93331
19354 19377 0.17518 4.94998
19354 19377 0.175813 4.96665
19354 19377 0.176445 4.98331
19354 19377 0.177077 4.99998
19354 19377 0.17771 5.01665
19354 19377 0.178342 5.03331
19354 19377 0.178975 5.04998
19354 19377 0.179607 5.06664
19354 19377 0.180239 5.08331
19354 19377 0.180872 5.09998
19354 19377 0.181504 5.11664
19354 19377 0.182137 5.13331
19353 19377 0.182769 5.14998
19353 19377 0.183402 5.16664
19353 19377 0.184034 5.18331
19353 19377 0.184666 5.19998
19353 19377 0.185299 5.21664
19353 19377 0.185931 5.23331
19352 19377 0.186564 5.24998
19352 19377 0.187196 5.26664
19352 19377 0.187828 5.28331
19352 19377 0.188461 5.29997
19352 19377 0.189093 5.31664
19352 19377 0.189726 5.33331
19352 19377 0.190358 5.34997
19352 19377 0.190991 5.36664
19351 19377 0.191623 5.38331
19350 19377 0.192255 5.39997
19350 19377 0.192888 5.41664
19350 19377 0.19352 5.43331
19350 19377 0.194153 5.44997
19350 19377 0.194785 5.46664
19350 19377 0.195418 5.4833
19349 19377 0.19605 5.49997
19349 19377 0.196682 5.51664
19349 19377 0.197315 5.5333
19349 19377 0.197947 5.54997
19349 19377 0.19858 5.56664
19349 19377 0.199212 5.5833
19349 19377 0.199844 5.59997
19349 19377 0.200477 5.61664
19349 19377 0.201109 5.6333
19349 19377 0.201742 5.64997
19349 19377 0.202374 5.66664
19349 19377 0.203007 5.6833
19347 19377 0.203639 5.69997
19347 19377 0.204271 5.71663
19347 19377 0.204904 5.7333
19347 19377 0.205536 5.74997
19347 19377 0.206169 5.76663
19347 19377 0.206801 5.7833
19347 19377 0.207434 5.79997
19347 19377 0.208066 5.81663
19346 19377 0.208698 5.8333
19345 19377 0.209331 5.84997
19345 19377 0.209963 5.86663
19345 19377 0.210596 5.8833
19345 19377 0.211228 5.89997
19345 19377 0.21186 5.91663
19345 19377 0.212493 5.9333
19345 19377 0.213125 5.94996
19345 19377 0.213758 5.96663
19345 19377 0.21439 5.9833
19345 19377 0.215023 5.99996
19344 19377 0.215655 6.01663
19344 19377 0.216287 6.0333
19343 19377 0.21692 6.04996
19342 19377 0.217552 6.06663
19342 19377 0.218185 6.0833
19342 19377 0.218817 6.09996
19342 19377 0.21945 6.11663
19341 19377 0.220082 6.1333
19341 19377 0.220714 6.14996
19340 19377 0.221347 6.16663
19339 19377 0.221979 6.18329
19338 19377 0.222612 6.19996
19338 19377 0.223244 6.21663
19337 19377 0.223876 6.23329
19337 19377 0.224509 6.24996
19336 19377 0.225141 6.26663
19336 19377 0.225774 6.28329
19336 19377 0.226406 6.29996
19336 19377 0.227039 6.31663
19335 19377 0.227671 6.33329
19335 19377 0.228303 6.34996
19335 19377 0.228936 6.36662
19334 19377 0.229568 6.38329
19334 19377 0.230201 6.39996
19333 19377 0.230833 6.41662
19333 19377 0.231465 6.43329
19332 19377 0.232098 6.44996
19332 19377 0.23273 6.46662
19332 19377 0.233363 6.48329
19332 19377 0.233995 6.49996
19331 19377 0.234628 6.51662
19330 19377 0.23526 6.53329
19330 19377 0.235892 6.54996
19329 19377 0.236525 6.56662
19329 19377 0.237157 6.58329
19329 19377 0.23779 6.59995
19329 19377 0.238422 6.61662
19328 19377 0.239055 6.63329
19328 19377 0.239687 6.64995
19327 19377 0.240319 6.66662
19327 19377 0.240952 6.68329
19327 19377 0.241584 6.69995
19327 19377 0.242217 6.71662
19325 19377 0.242849 6.73329
19325 19377 0.243481 6.74995
19325 19377 0.244114 6.76662
19324 19377 0.244746 6.78329
19324 19377 0.245379 6.79995
19324 19377 0.246011 6.81662
19324 19377 0.246644 6.83328
19324 19377 0.247276 6.84995
19323 19377 0.247908 6.86662
19323 19377 0.248541 6.88328
19323 19377 0.249173 6.89995
19323 19377 0.249806 6.91662
19323 19377 0.250438 6.93328
19322 19377 0.25107 6.94995
19321 19377 0.251703 6.96662
19321 19377 0.252335 6.98328
19321 19377 0.252968 6.99995
19321 19377 0.2536 7.01661
19320 19377 0.254233 7.03328
19320 19377 0.254865 7.04995
19320 19377 0.255497 7.06661
19319 19377 0.25613 7.08328
19318 19377 0.256762 7.09995
19317 19377 0.257395 7.11661
19317 19377 0.258027 7.13328
19317 19377 0.258659 7.14995
19317 19377 0.259292 7.16661
19316 19377 0.259924 7.18328
19316 19377 0.260557 7.19995
19314 19377 0.261189 7.21661
19312 19377 0.261821 7.23328
19312 19377 0.262454 7.24994
19312 19377 0.263086 7.26661
19312 19377 0.263719 7.28328
19312 19377 0.264351 7.29994
19310 19377 0.264983 7.31661
19310 19377 0.265616 7.33328
19310 19377 0.266248 7.34994
19310 19377 0.266881 7.36661
19309 19377 0.267513 7.38328
19309 19377 0.268145 7.39994
19307 19377 0.268778 7.41661
19307 19377 0.26941 7.43328
19307 19377 0.270043 7.44994
19307 19377 0.270675 7.46661
19307 19377 0.271307 7.48327
19306 19377 0.27194 7.49994
19306 19377 0.272572 7.51661
19305 19377 0.273205 7.53327
19305 19377 0.273837 7.54994
19305 19377 0.274469 7.56661
19304 19377 0.275102 7.58327
19304 19377 0.275734 7.59994
19304 19377 0.276367 7.61661
19302 19377 0.276999 7.63327
19302 19377 0.277632 7.64994
19301 19377 0.278264 7.6666
19301 19377 0.278896 7.68327
19300 19377 0.279529 7.69994
19299 19377 0.280161 7.7166
19299 19377 0.280794 7.73327
19299 19377 0.281426 7.74994
19299 19377 0.282058 7.7666
19297 19377 0.282691 7.78327
19297 19377 0.283323 7.79994
19296 19377 0.283956 7.8166
19296 19377 0.284588 7.83327
19296 19377 0.28522 7.84994
19296 19377 0.285853 7.8666
19296 19377 0.286485 7.88327
19296 19377 0.287118 7.89993
19296 19377 0.28775 7.9166
19295 19377 0.288382 7.93327
19295 19377 0.289015 7.94993
19295 19377 0.289647 7.9666
19295 19377 0.29028 7.98327
19294 19377 0.290912 7.99993
19294 19377 0.291544 8.0166
19294 19377 0.292177 8.03327
19294 19377 0.292809 8.04993
19293 19377 0.293442 8.0666
19293 19377 0.294074 8.08327
19293 19377 0.294706 8.09993
19293 19377 0.295339 8.1166
19293 19377 0.295971 8.13326
19293 19377 0.296604 8.14993
19293 19377 0.297236 8.1666
19292 19377 0.297868 8.18326
19292 19377 0.298501 8.19993
19292 19377 0.299133 8.2166
19292 19377 0.299766 8.23326
19292 19377 0.300398 8.24993
19292 19377 0.301031 8.2666
19292 19377 0.301663 8.28326
19291 19377 0.302295 8.29993
19291 19377 0.302928 8.3166
19291 19377 0.30356 8.33326
19291 19377 0.304193 8.34993
19291 19377 0.304825 8.36659
19290 19377 0.305457 8.38326
19290 19377 0.30609 8.39993
19290 19377 0.306722 8.41659
19289 19377 0.307355 8.43326
19289 19377 0.307987 8.44993
19289 19377 0.308619 8.46659
19289 19377 0.309252 8.48326
19288 19377 0.309884 8.49993
19287 19377 0.310517 8.51659
19287 19377 0.311149 8.53326
19286 19377 0.311781 8.54992
19286 19377 0.312414 8.56659
19285 19377 0.313046 8.58326
19284 19377 0.313679 8.59992
19284 19377 0.314311 8.61659
19282 19377 0.314943 8.63326
19282 19377 0.315576 8.64992
19281 19377 0.316208 8.66659
19280 19377 0.316841 8.68326
19280 19377 0.317473 8.69992
19279 19377 0.318105 8.71659
19279 19377 0.318738 8.73326
19279 19377 0.31937 8.74992
19279 19377 0.320003 8.76659
19277 19377 0.320635 8.78325
19276 19377 0.321267 8.79992
19276 19377 0.3219 8.81659
19275 19377 0.322532 8.83325
19275 19377 0.323165 8.84992
19275 19377 0.323797 8.86659
19272 19377 0.32443 8.88325
19271 19377 0.325062 8.89992
19270 19377 0.325694 8.91659
19270 19377 0.326327 8.93325
19269 19377 0.326959 8.94992
19268 19377 0.327592 8.96659
19266 19377 0.328224 8.98325
19265 19377 0.328856 8.99992
19264 19377 0.329489 9.01658
19264 19377 0.330121 9.03325
19264 19377 0.330754 9.04992
19262 19377 0.331386 9.06658
19261 19377 0.332018 9.08325
19261 19377 0.332651 9.09992
19260 19377 0.333283 9.11658
19258 19377 0.333916 9.13325
19258 19377 0.334548 9.14992
19257 19377 0.33518 9.16658
19257 19377 0.335813 9.18325
19256 19377 0.336445 9.19991
19255 19377 0.337078 9.21658
19254 19377 0.33771 9.23325
19253 19377 0.338342 9.24991
19253 19377 0.338975 9.26658
19252 19377 0.339607 9.28325
19251 19377 0.34024 9.29991
19251 19377 0.340872 9.31658
19249 19377 0.341504 9.33325
19248 19377 0.342137 9.34991
19246 19377 0.342769 9.36658
19246 19377 0.343402 9.38325
19244 19377 0.344034 9.39991
19244 19377 0.344666 9.41658
19243 19377 0.345299 9.43324
19243 19377 0.345931 9.44991
19242 19377 0.346564 9.46658
19242 19377 0.347196 9.48324
19241 19377 0.347829 9.49991
19240 19377 0.348461 9.51658
19240 19377 0.349093 9.53324
19239 19377 0.349726 9.54991
19238 19377 0.350358 9.56658
19238 19377 0.350991 9.58324
19237 19377 0.351623 9.59991
19235 19377 0.352255 9.61658
19235 19377 0.352888 9.63324
19234 19377 0.35352 9.64991
19234 19377 0.354153 9.66657
19234 19377 0.354785 9.68324
19233 19377 0.355417 9.69991
19233 19377 0.35605 9.71657
19233 19377 0.356682 9.73324
19232 19377 0.357315 9.74991
19231 19377 0.357947 9.76657
19231 19377 0.358579 9.78324
19231 19377 0.359212 9.79991
19231 19377 0.359844 9.81657
19230 19377 0.360477 9.83324
19229 19377 0.361109 9.84991
19228 19377 0.361741 9.86657
19228 19377 0.362374 9.88324
19228 19377 0.363006 9.8999
19226 19377 0.363639 9.91657
19225 19377 0.364271 9.93324
19224 19377 0.364903 9.9499
19224 19377 0.365536 9.96657
19223 19377 0.366168 9.98324
19223 19377 0.366801 9.9999
19223 19377 0.367433 10.0166
19219 19377 0.368065 10.0332
19218 19377 0.368698 10.0499
19218 19377 0.36933 10.0666
19218 19377 0.369963 10.0832
19218 19377 0.370595 10.0999
19218 19377 0.371228 10.1166
19216 19377 0.37186 10.1332
19216 19377 0.372492 10.1499
19216 19377 0.373125 10.1666
19216 19377 0.373757 10.1832
19215 19377 0.37439 10.1999
19213 19377 0.375022 10.2166
19211 19377 0.375654 10.2332
19211 19377 0.376287 10.2499
19211 19377 0.376919 10.2666
19211 19377 0.377552 10.2832
19210 19377 0.378184 10.2999
19209 19377 0.378816 10.3166
19209 19377 0.379449 10.3332
19209 19377 0.380081 10.3499
19209 19377 0.380714 10.3666
19206 19377 0.381346 10.3832
19205 19377 0.381978 10.3999
19204 19377 0.382611 10.4166
19204 19377 0.383243 10.4332
19203 19377 0.383876 10.4499
19202 19377 0.384508 10.4666
19202 19377 0.38514 10.4832
19202 19377 0.385773 10.4999
19200 19377 0.386405 10.5166
19199 19377 0.387038 10.5332
19198 19377 0.38767 10.5499
19197 19377 0.388302 10.5666
19197 19377 0.388935 10.5832
19196 19377 0.389567 10.5999
19196 19377 0.3902 10.6166
19195 19377 0.390832 10.6332
19193 19377 0.391464 10.6499
19192 19377 0.392097 10.6666
19192 19377 0.392729 10.6832
19192 19377 0.393362 10.6999
19192 19377 0.393994 10.7166
19191 19377 0.394626 10.7332
19189 19377 0.395259 10.7499
19189 19377 0.395891 10.7666
19188 19377 0.396524 10.7832
19188 19377 0.397156 10.7999
19188 19377 0.397789 10.8166
19187 19377 0.398421 10.8332
19185 19377 0.399053 10.8499
19184 19377 0.399686 10.8666
19184 19377 0.400318 10.8832
19184 19377 0.400951 10.8999
19184 19377 0.401583 10.9166
19182 19377 0.402215 10.9332
19182 19377 0.402848 10.9499
19182 19377 0.40348 10.9666
19180 19377 0.404113 10.9832
19179 19377 0.404745 10.9999
19178 19377 0.405377 11.0166
19177 19377 0.40601 11.0332
19177 19377 0.406642 11.0499
19175 19377 0.407275 11.0666
19175 19377 0.407907 11.0832
19175 19377 0.408539 11.0999
19174 19377 0.409172 11.1166
19172 19377 0.409804 11.1332
19171 19377 0.410437 11.1499
19170 19377 0.411069 11.1666
19170 19377 0.411701 11.1832
19169 19377 0.412334 11.1999
19169 19377 0.412966 11.2166
19169 19377 0.413599 11.2332
19167 19377 0.414231 11.2499
19167 19377 0.414863 11.2666
19165 19377 0.415496 11.2832
19165 19377 0.416128 11.2999
19165 19377 0.416761 11.3165
19164 19377 0.417393 11.3332
19163 19377 0.418025 11.3499
19163 19377 0.418658 11.3665
19162 19377 0.41929 11.3832
19161 19377 0.419923 11.3999
19160 19377 0.420555 11.4165
19160 19377 0.421188 11.4332
19158 19377 0.42182 11.4499
19158 19377 0.422452 11.4665
19157 19377 0.423085 11.4832
19157 19377 0.423717 11.4999
19156 19377 0.42435 11.5165
19155 19377 0.424982 11.5332
19154 19377 0.425614 11.5499
19154 19377 0.426247 11.5665
19154 19377 0.426879 11.5832
19154 19377 0.427512 11.5999
19151 19377 0.428144 11.6165
19150 19377 0.428776 11.6332
19150 19377 0.429409 11.6499
19149 19377 0.430041 11.6665
19149 19377 0.430674 11.6832
19148 19377 0.431306 11.6999
19148 19377 0.431938 11.7165
19147 19377 0.432571 11.7332
19146 19377 0.433203 11.7499
19144 19377 0.433836 11.7665
19144 19377 0.434468 11.7832
19144 19377 0.4351 11.7999
19143 19377 0.435733 11.8165
19141 19377 0.436365 11.8332
19140 19377 0.436998 11.8499
19140 19377 0.43763 11.8665
19139 19377 0.438262 11.8832
19138 19377 0.438895 11.8999
19138 19377 0.439527 11.9165
19135 19377 0.44016 11.9332
19135 19377 0.440792 11.9499
19135 19377 0.441424 11.9665
19133 19377 0.442057 11.9832
19133 19377 0.442689 11.9999
19133 19377 0.443322 12.0165
19132 19377 0.443954 12.0332
19131 19377 0.444587 12.0499
19131 19377 0.445219 12.0665
19130 19377 0.445851 12.0832
19129 19377 0.446484 12.0999
19129 19377 0.447116 12.1165
19129 19377 0.447749 12.1332
19128 19377 0.448381 12.1499
19127 19377 0.449013 12.1665
19125 19377 0.449646 12.1832
19125 19377 0.450278 12.1999
19125 19377 0.450911 12.2165
19124 19377 0.451543 12.2332
19122 19377 0.452175 12.2499
19120 19377 0.452808 12.2665
19120 19377 0.45344 12.2832
19120 19377 0.454073 12.2999
19119 19377 0.454705 12.3165
19117 19377 0.455337 12.3332
19116 19377 0.45597 12.3499
19115 19377 0.456602 12.3665
19115 19377 0.457235 12.3832
19114 19377 0.457867 12.3999
19113 19377 0.458499 12.4165
19112 19377 0.459132 12.4332
19111 19377 0.459764 12.4499
19111 19377 0.460397 12.4665
19109 19377 0.461029 12.4832
19107 19377 0.461661 12.4999
19106 19377 0.462294 12.5165
19106 19377 0.462926 12.5332
19106 19377 0.463559 12.5499
19105 19377 0.464191 12.5665
19105 19377 0.464823 12.5832
19103 19377 0.465456 12.5999
19102 19377 0.466088 12.6165
19101 19377 0.466721 12.6332
19101 19377 0.467353 12.6499
19100 19377 0.467986 12.6665
19100 19377 0.468618 12.6832
19100 19377 0.46925 12.6999
19096 19377 0.469883 12.7165
19096 19377 0.470515 12.7332
19096 19377 0.471148 12.7499
19095 19377 0.47178 12.7665
19093 19377 0.472412 12.7832
19092 19377 0.473045 12.7999
19092 19377 0.473677 12.8165
19089 19377 0.47431 12.8332
19088 19377 0.474942 12.8499
19087 19377 0.475574 12.8665
19086 19377 0.476207 12.8832
19086 19377 0.476839 12.8999
19085 19377 0.477472 12.9165
19084 19377 0.478104 12.9332
19082 19377 0.478736 12.9499
19081 19377 0.479369 12.9665
19080 19377 0.480001 12.9832
19079 19377 0.480634 12.9999
19077 19377 0.481266 13.0165
19075 19377 0.481898 13.0332
19074 19377 0.482531 13.0499
19074 19377 0.483163 13.0665
19073 19377 0.483796 13.0832
19073 19377 0.484428 13.0999
19071 19377 0.48506 13.1165
19071 19377 0.485693 13.1332
19069 19377 0.486325 13.1499
19068 19377 0.486958 13.1665
19067 19377 0.48759 13.1832
19067 19377 0.488222 13.1999
19066 19377 0.488855 13.2165
19065 19377 0.489487 13.2332
19065 19377 0.49012 13.2499
19064 19377 0.490752 13.2665
19062 19377 0.491385 13.2832
19062 19377 0.492017 13.2999
19059 19377 0.492649 13.3165
19058 19377 0.493282 13.3332
19057 19377 0.493914 13.3499
19057 19377 0.494547 13.3665
19055 19377 0.495179 13.3832
19055 19377 0.495811 13.3999
19054 19377 0.496444 13.4165
19053 19377 0.497076 13.4332
19053 19377 0.497709 13.4499
19052 19377 0.498341 13.4665
19051 19377 0.498973 13.4832
19048 19377 0.499606 13.4998
19048 19377 0.500238 13.5165
19048 19377 0.500871 13.5332
19047 19377 0.501503 13.5498
19047 19377 0.502135 13.5665
19047 19377 0.502768 13.5832
19043 19377 0.5034 13.5998
19042 19377 0.504033 13.6165
19042 19377 0.504665 13.6332
19042 19377 0.505297 13.6498
19041 19377 0.50593 13.6665
19040 19377 0.506562 13.6832
19040 19377 0.507195 13.6998
19038 19377 0.507827 13.7165
19036 19377 0.508459 13.7332
19036 19377 0.509092 13.7498
19036 19377 0.509724 13.7665
19033 19377 0.510357 13.7832
19031 19377 0.510989 13.7998
19031 19377 0.511621 13.8165
19030 19377 0.512254 13.8332
19029 19377 0.512886 13.8498
19028 19377 0.513519 13.8665
19028 19377 0.514151 13.8832
19026 19377 0.514784 13.8998
19025 19377 0.515416 13.9165
19025 19377 0.516048 13.9332
19024 19377 0.516681 13.9498
19022 19377 0.517313 13.9665
19021 19377 0.517946 13.9832
19020 19377 0.518578 13.9998
19020 19377 0.51921 14.0165
19018 19377 0.519843 14.0332
19016 19377 0.520475 14.0498
19015 19377 0.521108 14.0665
19014 19377 0.52174 14.0832
19013 19377 0.522372 14.0998
19012 19377 0.523005 14.1165
19011 19377 0.523637 14.1332
19009 19377 0.52427 14.1498
19008 19377 0.524902 14.1665
19006 19377 0.525534 14.1832
19004 19377 0.526167 14.1998
19004 19377 0.526799 14.2165
19002 19377 0.527432 14.2332
19001 19377 0.528064 14.2498
19000 19377 0.528696 14.2665
18999 19377 0.529329 14.2832
18997 19377 0.529961 14.2998
18996 19377 0.530594 14.3165
18995 19377 0.531226 14.3332
18995 19377 0.531858 14.3498
18994 19377 0.532491 14.3665
18994 19377 0.533123 14.3832
18992 19377 0.533756 14.3998
18992 19377 0.534388 14.4165
18991 19377 0.53502 14.4332
18990 19377 0.535653 14.4498
18989 19377 0.536285 14.4665
18989 19377 0.536918 14.4832
18988 19377 0.53755 14.4998
18985 19377 0.538182 14.5165
18984 19377 0.538815 14.5332
18983 19377 0.539447 14.5498
18982 19377 0.54008 14.5665
18980 19377 0.540712 14.5832
18980 19377 0.541345 14.5998
18980 19377 0.541977 14.6165
18979 19377 0.542609 14.6332
18976 19377 0.543242 14.6498
18975 19377 0.543874 14.6665
18975 19377 0.544507 14.6832
18975 19377 0.545139 14.6998
18975 19377 0.545771 14.7165
18972 19377 0.546404 14.7332
18972 19377 0.547036 14.7498
18971 19377 0.547669 14.7665
18970 19377 0.548301 14.7832
18969 19377 0.548933 14.7998
18966 19377 0.549566 14.8165
18965 19377 0.550198 14.8332
18965 19377 0.550831 14.8498
18964 19377 0.551463 14.8665
18964 19377 0.552095 14.8832
18961 19377 0.552728 14.8998
18961 19377 0.55336 14.9165
18960 19377 0.553993 14.9332
18958 19377 0.554625 14.9498
18958 19377 0.555257 14.9665
18957 19377 0.55589 14.9832
18956 19377 0.556522 14.9998
18956 19377 0.557155 15.0165
18954 19377 0.557787 15.0332
18954 19377 0.558419 15.0498
18953 19377 0.559052 15.0665
18953 19377 0.559684 15.0832
18951 19377 0.560317 15.0998
18951 19377 0.560949 15.1165
18949 19377 0.561581 15.1332
18949 19377 0.562214 15.1498
18948 19377 0.562846 15.1665
18947 19377 0.563479 15.1832
18946 19377 0.564111 15.1998
18946 19377 0.564744 15.2165
18946 19377 0.565376 15.2332
18944 19377 0.566008 15.2498
18943 19377 0.566641 15.2665
18943 19377 0.567273 15.2832
18943 19377 0.567906 15.2998
18942 19377 0.568538 15.3165
18940 19377 0.56917 15.3332
18940 19377 0.569803 15.3498
18940 19377 0.570435 15.3665
18939 19377 0.571068 15.3832
18938 19377 0.5717 15.3998
18938 19377 0.572332 15.4165
18938 19377 0.572965 15.4332
18936 19377 0.573597 15.4498
18935 19377 0.57423 15.4665
18934 19377 0.574862 15.4832
18931 19377 0.575494 15.4998
18930 19377 0.576127 15.5165
18929 19377 0.576759 15.5332
18928 19377 0.577392 15.5498
18926 19377 0.578024 15.5665
18925 19377 0.578656 15.5832
18924 19377 0.579289 15.5998
18924 19377 0.579921 15.6165
18923 19377 0.580554 15.6332
18922 19377 0.581186 15.6498
18921 19377 0.581818 15.6665
18920 19377 0.582451 15.6831
18919 19377 0.583083 15.6998
18917 19377 0.583716 15.7165
18916 19377 0.584348 15.7331
18915 19377 0.58498 15.7498
18915 19377 0.585613 15.7665
18912 19377 0.586245 15.7831
18911 19377 0.586878 15.7998
18911 19377 0.58751 15.8165
18909 19377 0.588143 15.8331
18907 19377 0.588775 15.8498
18906 19377 0.589407 15.8665
18905 19377 0.59004 15.8831
18905 19377 0.590672 15.8998
18905 19377 0.591305 15.9165
18902 19377 0.591937 15.9331
18901 19377 0.592569 15.9498
18901 19377 0.593202 15.9665
18898 19377 0.593834 15.9831
18898 19377 0.594467 15.9998
18898 19377 0.595099 16.0165
18897 19377 0.595731 16.0331
18895 19377 0.596364 16.0498
18893 19377 0.596996 16.0665
18893 19377 0.597629 16.0831
18892 19377 0.598261 16.0998
18890 19377 0.598893 16.1165
18890 19377 0.599526 16.1331
18889 19377 0.600158 16.1498
18887 19377 0.600791 16.1665
18886 19377 0.601423 16.1831
18886 19377 0.602055 16.1998
18884 19377 0.602688 16.2165
18883 19377 0.60332 16.2331
18880 19377 0.603953 16.2498
18879 19377 0.604585 16.2665
18877 19377 0.605217 16.2831
18876 19377 0.60585 16.2998
18876 19377 0.606482 16.3165
18873 19377 0.607115 16.3331
18873 19377 0.607747 16.3498
18872 19377 0.608379 16.3665
18869 19377 0.609012 16.3831
18868 19377 0.609644 16.3998
18868 19377 0.610277 16.4165
18867 19377 0.610909 16.4331
18865 19377 0.611542 16.4498
18865 19377 0.612174 16.4665
18862 19377 0.612806 16.4831
18860 19377 0.613439 16.4998
18860 19377 0.614071 16.5165
18858 19377 0.614704 16.5331
18856 19377 0.615336 16.5498
18855 19377 0.615968 16.5665
18855 19377 0.616601 16.5831
18853 19377 0.617233 16.5998
18852 19377 0.617866 16.6165
18851 19377 0.618498 16.6331
18850 19377 0.61913 16.6498
18848 19377 0.619763 16.6665
18846 19377 0.620395 16.6831
18846 19377 0.621028 16.6998
18846 19377 0.62166 16.7165
18844 19377 0.622292 16.7331
18843 19377 0.622925 16.7498
18840 19377 0.623557 16.7665
18838 19377 0.62419 16.7831
18837 19377 0.624822 16.7998
18836 19377 0.625454 16.8165
18834 19377 0.626087 16.8331
18834 19377 0.626719 16.8498
18831 19377 0.627352 16.8665
18829 19377 0.627984 16.8831
18829 19377 0.628616 16.8998
18829 19377 0.629249 16.9165
18827 19377 0.629881 16.9331
18826 19377 0.630514 16.9498
18825 19377 0.631146 16.9665
18823 19377 0.631778 16.9831
18823 19377 0.632411 16.9998
18821 19377 0.633043 17.0165
18818 19377 0.633676 17.0331
18817 19377 0.634308 17.0498
18814 19377 0.634941 17.0665
18813 19377 0.635573 17.0831
18813 19377 0.636205 17.0998
18813 19377 0.636838 17.1165
18810 19377 0.63747 17.1331
18808 19377 0.638103 17.1498
18807 19377 0.638735 17.1665
18807 19377 0.639367 17.1831
18806 19377 0.64 17.1998
18804 19377 0.640632 17.2165
18802 19377 0.641265 17.2331
18800 19377 0.641897 17.2498
18800 19377 0.642529 17.2665
18799 19377 0.643162 17.2831
18798 19377 0.643794 17.2998
18798 19377 0.644427 17.3165
18796 19377 0.645059 17.3331
18795 19377 0.645691 17.3498
18794 19377 0.646324 17.3665
18793 19377 0.646956 17.3831
18792 19377 0.647589 17.3998
18791 19377 0.648221 17.4165
18789 19377 0.648853 17.4331
18788 19377 0.649486 17.4498
18785 19377 0.650118 17.4665
18785 19377 0.650751 17.4831
18782 19377 0.651383 17.4998
18780 19377 0.652015 17.5165
18780 19377 0.652648 17.5331
18778 19377 0.65328 17.5498
18775 19377 0.653913 17.5665
18774 19377 0.654545 17.5831
18773 19377 0.655177 17.5998
18771 19377 0.65581 17.6165
18769 19377 0.656442 17.6331
18769 19377 0.657075 17.6498
18767 19377 0.657707 17.6665
18766 19377 0.65834 17.6831
18765 19377 0.658972 17.6998
18764 19377 0.659604 17.7165
18762 19377 0.660237 17.7331
18759 19377 0.660869 17.7498
18758 19377 0.661502 17.7665
18756 19377 0.662134 17.7831
18755 19377 0.662766 17.7998
18752 19377 0.663399 17.8165
18752 19377 0.664031 17.8331
18751 19377 0.664664 17.8498
18749 19377 0.665296 17.8664
18746 19377 0.665928 17.8831
18745 19377 0.666561 17.8998
18744 19377 0.667193 17.9164
18741 19377 0.667826 17.9331
18739 19377 0.668458 17.9498
18739 19377 0.66909 17.9664
18737 19377 0.669723 17.9831
18736 19377 0.670355 17.9998
18734 19377 0.670988 18.0164
18733 19377 0.67162 18.0331
18729 19377 0.672252 18.0498
18728 19377 0.672885 18.0664
18728 19377 0.673517 18.0831
18726 19377 0.67415 18.0998
18724 19377 0.674782 18.1164
18724 19377 0.675414 18.1331
18723 19377 0.676047 18.1498
18722 19377 0.676679 18.1664
18719 19377 0.677312 18.1831
18716 19377 0.677944 18.1998
18715 19377 0.678576 18.2164
18715 19377 0.679209 18.2331
18714 19377 0.679841 18.2498
18713 19377 0.680474 18.2664
18710 19377 0.681106 18.2831
18707 19377 0.681738 18.2998
18706 19377 0.682371 18.3164
18706 19377 0.683003 18.3331
18703 19377 0.683636 18.3498
18703 19377 0.684268 18.3664
18700 19377 0.684901 18.3831
18699 19377 0.685533 18.3998
18699 19377 0.686165 18.4164
18699 19377 0.686798 18.4331
18697 19377 0.68743 18.4498
18697 19377 0.688063 18.4664
18695 19377 0.688695 18.4831
18693 19377 0.689327 18.4998
18692 19377 0.68996 18.5164
18692 19377 0.690592 18.5331
18690 19377 0.691225 18.5498
18686 19377 0.691857 18.5664
18685 19377 0.692489 18.5831
18685 19377 0.693122 18.5998
18683 19377 0.693754 18.6164
18681 19377 0.694387 18.6331
18680 19377 0.695019 18.6498
18678 19377 0.695651 18.6664
18678 19377 0.696284 18.6831
18677 19377 0.696916 18.6998
18677 19377 0.697549 18.7164
18674 19377 0.698181 18.7331
18671 19377 0.698813 18.7498
18670 19377 0.699446 18.7664
18670 19377 0.700078 18.7831
18669 19377 0.700711 18.7998
18667 19377 0.701343 18.8164
18666 19377 0.701975 18.8331
18663 19377 0.702608 18.8498
18661 19377 0.70324 18.8664
18661 19377 0.703873 18.8831
18660 19377 0.704505 18.8998
18657 19377 0.705137 18.9164
18655 19377 0.70577 18.9331
18654 19377 0.706402 18.9498
18651 19377 0.707035 18.9664
18649 19377 0.707667 18.9831
18648 19377 0.7083 18.9998
18647 19377 0.708932 19.0164
18646 19377 0.709564 19.0331
18645 19377 0.710197 19.0498
18642 19377 0.710829 19.0664
18640 19377 0.711462 19.0831
18637 19377 0.712094 19.0998
18637 19377 0.712726 19.1164
18636 19377 0.713359 19.1331
18635 19377 0.713991 19.1498
18632 19377 0.714624 19.1664
18631 19377 0.715256 19.1831
18628 19377 0.715888 19.1998
18628 19377 0.716521 19.2164
18624 19377 0.717153 19.2331
18622 19377 0.717786 19.2498
18620 19377 0.718418 19.2664
18619 19377 0.71905 19.2831
18617 19377 0.719683 19.2998
18616 19377 0.720315 19.3164
18613 19377 0.720948 19.3331
18612 19377 0.72158 19.3498
18611 19377 0.722212 19.3664
18609 19377 0.722845 19.3831
18607 19377 0.723477 19.3998
18605 19377 0.72411 19.4164
18605 19377 0.724742 19.4331
18602 19377 0.725374 19.4498
18601 19377 0.726007 19.4664
18601 19377 0.726639 19.4831
18599 19377 0.727272 19.4998
18599 19377 0.727904 19.5164
18594 19377 0.728536 19.5331
18594 19377 0.729169 19.5498
18594 19377 0.729801 19.5664
18591 19377 0.730434 19.5831
18591 19377 0.731066 19.5998
18590 19377 0.731699 19.6164
18588 19377 0.732331 19.6331
18584 19377 0.732963 19.6498
18583 19377 0.733596 19.6664
18582 19377 0.734228 19.6831
18580 19377 0.734861 19.6998
18579 19377 0.735493 19.7164
18576 19377 0.736125 19.7331
18576 19377 0.736758 19.7498
18574 19377 0.73739 19.7664
18573 19377 0.738023 19.7831
18572 19377 0.738655 19.7998
18570 19377 0.739287 19.8164
18568 19377 0.73992 19.8331
18567 19377 0.740552 19.8498
18566 19377 0.741185 19.8664
18565 19377 0.741817 19.8831
18562 19377 0.742449 19.8998
18562 19377 0.743082 19.9164
18562 19377 0.743714 19.9331
18560 19377 0.744347 19.9498
18558 19377 0.744979 19.9664
18557 19377 0.745611 19.9831
18557 19377 0.746244 19.9998
18555 19377 0.746876 20.0164
18553 19377 0.747509 20.0331
18553 19377 0.748141 20.0497
18549 19377 0.748773 20.0664
18549 19377 0.749406 20.0831
18546 19377 0.750038 20.0997
18545 19377 0.750671 20.1164
18544 19377 0.751303 20.1331
18543 19377 0.751935 20.1497
18539 19377 0.752568 20.1664
18537 19377 0.7532 20.1831
18536 19377 0.753833 20.1997
18534 19377 0.754465 20.2164
18533 19377 0.755098 20.2331
18530 19377 0.75573 20.2497
18526 19377 0.756362 20.2664
18526 19377 0.756995 20.2831
18524 19377 0.757627 20.2997
18523 19377 0.75826 20.3164
18522 19377 0.758892 20.3331
18520 19377 0.759524 20.3497
18519 19377 0.760157 20.3664
18517 19377 0.760789 20.3831
18514 19377 0.761422 20.3997
18513 19377 0.762054 20.4164
18510 19377 0.762686 20.4331
18509 19377 0.763319 20.4497
18507 19377 0.763951 20.4664
18504 19377 0.764584 20.4831
18502 19377 0.765216 20.4997
18501 19377 0.765848 20.5164
18501 19377 0.766481 20.5331
18497 19377 0.767113 20.5497
18495 19377 0.767746 20.5664
18493 19377 0.768378 20.5831
18493 19377 0.76901 20.5997
18493 19377 0.769643 20.6164
18487 19377 0.770275 20.6331
18486 19377 0.770908 20.6497
18486 19377 0.77154 20.6664
18485 19377 0.772172 20.6831
18483 19377 0.772805 20.6997
18481 19377 0.773437 20.7164
18479 19377 0.77407 20.7331
18478 19377 0.774702 20.7497
18477 19377 0.775334 20.7664
18476 19377 0.775967 20.7831
18474 19377 0.776599 20.7997
18471 19377 0.777232 20.8164
18471 19377 0.777864 20.8331
18471 19377 0.778497 20.8497
18467 19377 0.779129 20.8664
18466 19377 0.779761 20.8831
18466 19377 0.780394 20.8997
18463 19377 0.781026 20.9164
18460 19377 0.781659 20.9331
18458 19377 0.782291 20.9497
18458 19377 0.782923 20.9664
18456 19377 0.783556 20.9831
18454 19377 0.784188 20.9997
18453 19377 0.784821 21.0164
18452 19377 0.785453 21.0331
18450 19377 0.786085 21.0497
18449 19377 0.786718 21.0664
18448 19377 0.78735 21.0831
18446 19377 0.787983 21.0997
18445 19377 0.788615 21.1164
18443 19377 0.789247 21.1331
18439 19377 0.78988 21.1497
18439 19377 0.790512 21.1664
18437 19377 0.791145 21.1831
18434 19377 0.791777 21.1997
18432 19377 0.792409 21.2164
18431 19377 0.793042 21.2331
18431 19377 0.793674 21.2497
18428 19377 0.794307 21.2664
18426 19377 0.794939 21.2831
18425 19377 0.795571 21.2997
18423 19377 0.796204 21.3164
18422 19377 0.796836 21.3331
18421 19377 0.797469 21.3497
18420 19377 0.798101 21.3664
18415 19377 0.798733 21.3831
18414 19377 0.799366 21.3997
18412 19377 0.799998 21.4164
18411 19377 0.800631 21.4331
18410 19377 0.801263 21.4497
18408 19377 0.801895 21.4664
18405 19377 0.802528 21.4831
18404 19377 0.80316 21.4997
18402 19377 0.803793 21.5164
18399 19377 0.804425 21.5331
18399 19377 0.805058 21.5497
18397 19377 0.80569 21.5664
18395 19377 0.806322 21.5831
18392 19377 0.806955 21.5997
18391 19377 0.807587 21.6164
18388 19377 0.80822 21.6331
18386 19377 0.808852 21.6497
18384 19377 0.809484 21.6664
18381 19377 0.810117 21.6831
18379 19377 0.810749 21.6997
18377 19377 0.811382 21.7164
18375 19377 0.812014 21.7331
18375 19377 0.812646 21.7497
18372 19377 0.813279 21.7664
18370 19377 0.813911 21.7831
18370 19377 0.814544 21.7997
18370 19377 0.815176 21.8164
18368 19377 0.815808 21.8331
18367 19377 0.816441 21.8497
18363 19377 0.817073 21.8664
18362 19377 0.817706 21.8831
18362 19377 0.818338 21.8997
18361 19377 0.81897 21.9164
18358 19377 0.819603 21.9331
18356 19377 0.820235 21.9497
18355 19377 0.820868 21.9664
18355 19377 0.8215 21.9831
18352 19377 0.822132 21.9997
18351 19377 0.822765 22.0164
18349 19377 0.823397 22.0331
18347 19377 0.82403 22.0497
18344 19377 0.824662 22.0664
18343 19377 0.825294 22.0831
18342 19377 0.825927 22.0997
18339 19377 0.826559 22.1164
18337 19377 0.827192 22.1331
18336 19377 0.827824 22.1497
18335 19377 0.828457 22.1664
18331 19377 0.829089 22.1831
18330 19377 0.829721 22.1997
18327 19377 0.830354 22.2164
18323 19377 0.830986 22.233
18321 19377 0.831619 22.2497
18319 19377 0.832251 22.2664
18316 19377 0.832883 22.283
18313 19377 0.833516 22.2997
18310 19377 0.834148 22.3164
18308 19377 0.834781 22.333
18306 19377 0.835413 22.3497
18304 19377 0.836045 22.3664
18301 19377 0.836678 22.383
18298 19377 0.83731 22.3997
18296 19377 0.837943 22.4164
18295 19377 0.838575 22.433
18292 19377 0.839207 22.4497
18291 19377 0.83984 22.4664
18288 19377 0.840472 22.483
18287 19377 0.841105 22.4997
18285 19377 0.841737 22.5164
18281 19377 0.842369 22.533
18279 19377 0.843002 22.5497
18277 19377 0.843634 22.5664
18276 19377 0.844267 22.583
18274 19377 0.844899 22.5997
18270 19377 0.845531 22.6164
18269 19377 0.846164 22.633
18267 19377 0.846796 22.6497
18264 19377 0.847429 22.6664
18261 19377 0.848061 22.683
18260 19377 0.848693 22.6997
18258 19377 0.849326 22.7164
18255 19377 0.849958 22.733
18253 19377 0.850591 22.7497
18252 19377 0.851223 22.7664
18249 19377 0.851856 22.783
18246 19377 0.852488 22.7997
18245 19377 0.85312 22.8164
18244 19377 0.853753 22.833
18241 19377 0.854385 22.8497
18238 19377 0.855018 22.8664
18238 19377 0.85565 22.883
18236 19377 0.856282 22.8997
18234 19377 0.856915 22.9164
18232 19377 0.857547 22.933
18229 19377 0.85818 22.9497
18226 19377 0.858812 22.9664
18225 19377 0.859444 22.983
18223 19377 0.860077 22.9997
18221 19377 0.860709 23.0164
18220 19377 0.861342 23.033
18217 19377 0.861974 23.0497
18216 19377 0.862606 23.0664
18212 19377 0.863239 23.083
18210 19377 0.863871 23.0997
18207 19377 0.864504 23.1164
18205 19377 0.865136 23.133
18204 19377 0.865768 23.1497
18203 19377 0.866401 23.1664
18200 19377 0.867033 23.183
18199 19377 0.867666 23.1997
18196 19377 0.868298 23.2164
18194 19377 0.86893 23.233
18191 19377 0.869563 23.2497
18191 19377 0.870195 23.2664
18187 19377 0.870828 23.283
18185 19377 0.87146 23.2997
18183 19377 0.872092 23.3164
18181 19377 0.872725 23.333
18180 19377 0.873357 23.3497
18176 19377 0.87399 23.3664
18175 19377 0.874622 23.383
18174 19377 0.875255 23.3997
18172 19377 0.875887 23.4164
18169 19377 0.876519 23.433
18165 19377 0.877152 23.4497
18163 19377 0.877784 23.4664
18161 19377 0.878417 23.483
18159 19377 0.879049 23.4997
18157 19377 0.879681 23.5164
18154 19377 0.880314 23.533
18153 19377 0.880946 23.5497
18148 19377 0.881579 23.5664
18145 19377 0.882211 23.583
18145 19377 0.882843 23.5997
18144 19377 0.883476 23.6164
18141 19377 0.884108 23.633
18138 19377 0.884741 23.6497
18137 19377 0.885373 23.6664
18133 19377 0.886005 23.683
18130 19377 0.886638 23.6997
18128 19377 0.88727 23.7164
18124 19377 0.887903 23.733
18120 19377 0.888535 23.7497
18118 19377 0.889167 23.7664
18117 19377 0.8898 23.783
18114 19377 0.890432 23.7997
18112 19377 0.891065 23.8164
18109 19377 0.891697 23.833
18108 19377 0.892329 23.8497
18106 19377 0.892962 23.8664
18102 19377 0.893594 23.883
18101 19377 0.894227 23.8997
18099 19377 0.894859 23.9164
18097 19377 0.895491 23.933
18092 19377 0.896124 23.9497
18090 19377 0.896756 23.9664
18089 19377 0.897389 23.983
18085 19377 0.898021 23.9997
18082 19377 0.898654 24.0164
18080 19377 0.899286 24.033
18077 19377 0.899918 24.0497
18074 19377 0.900551 24.0664
18071 19377 0.901183 24.083
18071 19377 0.901816 24.0997
18069 19377 0.902448 24.1164
18066 19377 0.90308 24.133
18065 19377 0.903713 24.1497
18061 19377 0.904345 24.1664
18059 19377 0.904978 24.183
18059 19377 0.90561 24.1997
18055 19377 0.906242 24.2164
18052 19377 0.906875 24.233
18050 19377 0.907507 24.2497
18048 19377 0.90814 24.2664
18045 19377 0.908772 24.283
18043 19377 0.909404 24.2997
18040 19377 0.910037 24.3164
18037 19377 0.910669 24.333
18035 19377 0.911302 24.3497
18035 19377 0.911934 24.3664
18030 19377 0.912566 24.383
18029 19377 0.913199 24.3997
18028 19377 0.913831 24.4163
18024 19377 0.914464 24.433
18021 19377 0.915096 24.4497
18018 19377 0.915728 24.4663
18015 19377 0.916361 24.483
18013 19377 0.916993 24.4997
18012 19377 0.917626 24.5163
18008 19377 0.918258 24.533
18005 19377 0.91889 24.5497
18002 19377 0.919523 24.5663
18000 19377 0.920155 24.583
17998 19377 0.920788 24.5997
17993 19377 0.92142 24.6163
17990 19377 0.922053 24.633
17988 19377 0.922685 24.6497
17985 19377 0.923317 24.6663
17983 19377 0.92395 24.683
17979 19377 0.924582 24.6997
17977 19377 0.925215 24.7163
17974 19377 0.925847 24.733
17970 19377 0.926479 24.7497
17967 19377 0.927112 24.7663
17966 19377 0.927744 24.783
17963 19377 0.928377 24.7997
17960 19377 0.929009 24.8163
17956 19377 0.929641 24.833
17952 19377 0.930274 24.8497
17951 19377 0.930906 24.8663
17946 19377 0.931539 24.883
17942 19377 0.932171 24.8997
17942 19377 0.932803 24.9163
17940 19377 0.933436 24.933
17937 19377 0.934068 24.9497
17934 19377 0.934701 24.9663
17930 19377 0.935333 24.983
17925 19377 0.935965 24.9997
17921 19377 0.936598 25.0163
17917 19377 0.93723 25.033
17916 19377 0.937863 25.0497
17910 19377 0.938495 25.0663
17907 19377 0.939127 25.083
17904 19377 0.93976 25.0997
17903 19377 0.940392 25.1163
17899 19377 0.941025 25.133
17897 19377 0.941657 25.1497
17893 19377 0.942289 25.1663
17891 19377 0.942922 25.183
17891 19377 0.943554 25.1997
17885 19377 0.944187 25.2163
17885 19377 0.944819 25.233
17882 19377 0.945451 25.2497
17880 19377 0.946084 25.2663
17877 19377 0.946716 25.283
17874 19377 0.947349 25.2997
17871 19377 0.947981 25.3163
17869 19377 0.948614 25.333
17864 19377 0.949246 25.3497
17861 19377 0.949878 25.3663
17858 19377 0.950511 25.383
17854 19377 0.951143 25.3997
17853 19377 0.951776 25.4163
17849 19377 0.952408 25.433
17845 19377 0.95304 25.4497
17843 19377 0.953673 25.4663
17842 19377 0.954305 25.483
17837 19377 0.954938 25.4997
17833 19377 0.95557 25.5163
17830 19377 0.956202 25.533
17827 19377 0.956835 25.5497
17824 19377 0.957467 25.5663
17821 19377 0.9581 25.583
17817 19377 0.958732 25.5997
17814 19377 0.959364 25.6163
17811 19377 0.959997 25.633
17808 19377 0.960629 25.6497
17806 19377 0.961262 25.6663
17803 19377 0.961894 25.683
17798 19377 0.962526 25.6997
17796 19377 0.963159 25.7163
17792 19377 0.963791 25.733
17787 19377 0.964424 25.7497
17785 19377 0.965056 25.7663
17783 19377 0.965688 25.783
17780 19377 0.966321 25.7997
17775 19377 0.966953 25.8163
17774 19377 0.967586 25.833
17770 19377 0.968218 25.8497
17767 19377 0.96885 25.8663
17763 19377 0.969483 25.883
17761 19377 0.970115 25.8997
17758 19377 0.970748 25.9163
17753 19377 0.97138 25.933
17750 19377 0.972013 25.9497
17747 19377 0.972645 25.9663
17746 19377 0.973277 25.983
17740 19377 0.97391 25.9997
17738 19377 0.974542 26.0163
17733 19377 0.975175 26.033
17731 19377 0.975807 26.0497
17729 19377 0.976439 26.0663
17724 19377 0.977072 26.083
17719 19377 0.977704 26.0997
17717 19377 0.978337 26.1163
17713 19377 0.978969 26.133
17713 19377 0.979601 26.1497
17709 19377 0.980234 26.1663
17707 19377 0.980866 26.183
17700 19377 0.981499 26.1997
17697 19377 0.982131 26.2163
17694 19377 0.982763 26.233
17689 19377 0.983396 26.2497
17687 19377 0.984028 26.2663
17684 19377 0.984661 26.283
17676 19377 0.985293 26.2997
17674 19377 0.985925 26.3163
17672 19377 0.986558 26.333
17669 19377 0.98719 26.3497
17666 19377 0.987823 26.3663
17660 19377 0.988455 26.383
17657 19377 0.989087 26.3997
17656 19377 0.98972 26.4163
17650 19377 0.990352 26.433
17647 19377 0.990985 26.4497
17643 19377 0.991617 26.4663
17641 19377 0.992249 26.483
17635 19377 0.992882 26.4997
17632 19377 0.993514 26.5163
17628 19377 0.994147 26.533
17624 19377 0.994779 26.5497
17622 19377 0.995412 26.5663
17620 19377 0.996044 26.583
17616 19377 0.996676 26.5996
17616 19377 0.997309 26.6163
17609 19377 0.997941 26.633
17606 19377 0.998574 26.6496
17602 19377 0.999206 26.6663
17600 19377 0.999838 26.683
17597 19377 1.00047 26.6996
17593 19377 1.0011 26.7163
17590 19377 1.00174 26.733
17585 19377 1.00237 26.7496
17581 19377 1.003 26.7663
17578 19377 1.00363 26.783
17574 19377 1.00427 26.7996
17573 19377 1.0049 26.8163
17566 19377 1.00553 26.833
17563 19377 1.00616 26.8496
17560 19377 1.00679 26.8663
17556 19377 1.00743 26.883
17551 19377 1.00806 26.8996
17548 19377 1.00869 26.9163
17542 19377 1.00932 26.933
17540 19377 1.00996 26.9496
17533 19377 1.01059 26.9663
17529 19377 1.01122 26.983
17527 19377 1.01185 26.9996
17524 19377 1.01249 27.0163
17520 19377 1.01312 27.033
17516 19377 1.01375 27.0496
17509 19377 1.01438 27.0663
17504 19377 1.01502 27.083
17501 19377 1.01565 27.0996
17496 19377 1.01628 27.1163
17494 19377 1.01691 27.133
17488 19377 1.01755 27.1496
17485 19377 1.01818 27.1663
17482 19377 1.01881 27.183
17478 19377 1.01944 27.1996
17470 19377 1.02008 27.2163
17469 19377 1.02071 27.233
17462 19377 1.02134 27.2496
17460 19377 1.02197 27.2663
17454 19377 1.0226 27.283
17450 19377 1.02324 27.2996
17445 19377 1.02387 27.3163
17438 19377 1.0245 27.333
17434 19377 1.02513 27.3496
17428 19377 1.02577 27.3663
17426 19377 1.0264 27.383
17420 19377 1.02703 27.3996
17417 19377 1.02766 27.4163
17409 19377 1.0283 27.433
17403 19377 1.02893 27.4496
17400 19377 1.02956 27.4663
17394 19377 1.03019 27.483
17392 19377 1.03083 27.4996
17387 19377 1.03146 27.5163
17384 19377 1.03209 27.533
17379 19377 1.03272 27.5496
17376 19377 1.03336 27.5663
17370 19377 1.03399 27.583
17364 19377 1.03462 27.5996
17359 19377 1.03525 27.6163
17353 19377 1.03589 27.633
17350 19377 1.03652 27.6496
17344 19377 1.03715 27.6663
17338 19377 1.03778 27.683
17334 19377 1.03842 27.6996
17327 19377 1.03905 27.7163
17324 19377 1.03968 27.733
17319 19377 1.04031 27.7496
17315 19377 1.04094 27.7663
17308 19377 1.04158 27.783
17306 19377 1.04221 27.7996
17298 19377 1.04284 27.8163
17292 19377 1.04347 27.833
17289 19377 1.04411 27.8496
17285 19377 1.04474 27.8663
17277 19377 1.04537 27.883
17271 19377 1.046 27.8996
17269 19377 1.04664 27.9163
17263 19377 1.04727 27.933
17259 19377 1.0479 27.9496
17253 19377 1.04853 27.9663
17248 19377 1.04917 27.983
17241 19377 1.0498 27.9996
17237 19377 1.05043 28.0163
17233 19377 1.05106 28.033
17229 19377 1.0517 28.0496
17223 19377 1.05233 28.0663
17216 19377 1.05296 28.083
17212 19377 1.05359 28.0996
17208 19377 1.05423 28.1163
17201 19377 1.05486 28.133
17197 19377 1.05549 28.1496
17194 19377 1.05612 28.1663
17189 19377 1.05675 28.183
17183 19377 1.05739 28.1996
17176 19377 1.05802 28.2163
17172 19377 1.05865 28.233
17171 19377 1.05928 28.2496
17165 19377 1.05992 28.2663
17157 19377 1.06055 28.283
17154 19377 1.06118 28.2996
17145 19377 1.06181 28.3163
17140 19377 1.06245 28.333
17135 19377 1.06308 28.3496
17129 19377 1.06371 28.3663
17121 19377 1.06434 28.383
17115 19377 1.06498 28.3996
17112 19377 1.06561 28.4163
17104 19377 1.06624 28.433
17098 19377 1.06687 28.4496
17095 19377 1.06751 28.4663
17088 19377 1.06814 28.483
17077 19377 1.06877 28.4996
17072 19377 1.0694 28.5163
17067 19377 1.07004 28.533
17057 19377 1.07067 28.5496
17053 19377 1.0713 28.5663
17048 19377 1.07193 28.583
17037 19377 1.07256 28.5996
17036 19377 1.0732 28.6163
17030 19377 1.07383 28.633
17020 19377 1.07446 28.6496
17014 19377 1.07509 28.6663
17008 19377 1.07573 28.683
17000 19377 1.07636 28.6996
16994 19377 1.07699 28.7163
16985 19377 1.07762 28.733
16979 19377 1.07826 28.7496
16973 19377 1.07889 28.7663
16963 19377 1.07952 28.7829
16960 19377 1.08015 28.7996
16955 19377 1.08079 28.8163
16945 19377 1.08142 28.8329
16940 19377 1.08205 28.8496
16932 19377 1.08268 28.8663
16924 19377 1.08332 28.8829
16918 19377 1.08395 28.8996
16912 19377 1.08458 28.9163
16907 19377 1.08521 28.9329
16899 19377 1.08585 28.9496
16891 19377 1.08648 28.9663
16884 19377 1.08711 28.9829
16876 19377 1.08774 28.9996
16872 19377 1.08838 29.0163
16868 19377 1.08901 29.0329
16859 19377 1.08964 29.0496
16852 19377 1.09027 29.0663
16847 19377 1.0909 29.0829
16842 19377 1.09154 29.0996
16832 19377 1.09217 29.1163
16825 19377 1.0928 29.1329
16820 19377 1.09343 29.1496
16814 19377 1.09407 29.1663
16804 19377 1.0947 29.1829
16796 19377 1.09533 29.1996
16792 19377 1.09596 29.2163
16784 19377 1.09596 29.2329
16776 19377 1.09596 29.2496
16766 19377 1.09596 29.2663
16760 19377 1.09596 29.2829
16755 19377 1.09596 29.2996
16747 19377 1.09596 29.3163
16741 19377 1.09596 29.3329
16735 19377 1.09596 29.3496
16726 19377 1.09596 29.3663
16719 19377 1.09596 29.3829
16712 19377 1.09596 29.3996
16706 19377 1.09596 29.4163
16698 19377 1.09596 29.4329
16692 19377 1.09596 29.4496
16682 19377 1.09596 29.4663
16675 19377 1.09596 29.4829
16668 19377 1.09596 29.4996
16659 19377 1.09596 29.5163
16655 19377 1.09596 29.5329
16647 19377 1.09596 29.5496
16638 19377 1.09596 29.5663
16631 19377 1.09596 29.5829
16626 19377 1.09596 29.5996
16618 19377 1.09596 29.6163
16610 19377 1.09596 29.6329
16604 19377 1.09596 29.6496
16597 19377 1.09596 29.6663
16587 19377 1.09596 29.6829
16580 19377 1.09596 29.6996
16571 19377 1.09596 29.7163
16566 19377 1.09596 29.7329
16558 19377 1.09596 29.7496
16551 19377 1.09596 29.7663
16544 19377 1.09596 29.7829
16535 19377 1.09596 29.7996
16529 19377 1.09596 29.8163
16520 19377 1.09596 29.8329
16512 19377 1.09596 29.8496
16505 19377 1.09596 29.8663
16497 19377 1.09596 29.8829
16489 19377 1.09596 29.8996
16482 19377 1.09596 29.9163
16473 19377 1.09596 29.9329
16464 19377 1.09596 29.9496
16460 19377 1.09596 29.9663
16452 19377 1.09596 29.9829
16444 19377 1.09596 29.9996
16436 19377 1.09596 30.0163
16433 19377 1.09596 30.0329
16421 19377 1.09596 30.0496
16412 19377 1.09596 30.0663
16409 19377 1.09596 30.0829
16402 19377 1.09596 30.0996
16395 19377 1.09596 30.1163
16386 19377 1.09596 30.1329
16383 19377 1.09596 30.1496
16377 19377 1.09596 30.1663
16365 19377 1.09596 30.1829
16360 19377 1.09596 30.1996
16354 19377 1.09596 30.2163
16348 19377 1.09596 30.2329
16341 19377 1.09596 30.2496
16335 19377 1.09596 30.2663
16329 19377 1.09596 30.2829
16325 19377 1.09596 30.2996
16317 19377 1.09596 30.3163
16311 19377 1.09596 30.3329
16305 19377 1.09596 30.3496
16300 19377 1.09596 30.3663
16293 19377 1.09596 30.3829
16288 19377 1.09596 30.3996
16283 19377 1.09596 30.4163
16277 19377 1.09596 30.4329
16271 19377 1.09596 30.4496
16263 19377 1.09596 30.4663
16258 19377 1.09596 30.4829
16252 19377 1.09596 30.4996
16248 19377 1.09596 30.5163
16245 19377 1.09596 30.5329
16239 19377 1.09596 30.5496
16235 19377 1.09596 30.5663
16231 19377 1.09596 30.5829
16224 19377 1.09596 30.5996
16218 19377 1.09596 30.6163
16212 19377 1.09596 30.6329
16209 19377 1.09596 30.6496
16203 19377 1.09596 30.6663
16197 19377 1.09596 30.6829
16192 19377 1.09596 30.6996
16188 19377 1.09596 30.7163
16185 19377 1.09596 30.7329
16181 19377 1.09596 30.7496
16173 19377 1.09596 30.7663
16169 19377 1.09596 30.7829
16163 19377 1.09596 30.7996
16159 19377 1.09596 30.8163
16152 19377 1.09596 30.8329
16147 19377 1.09596 30.8496
16144 19377 1.09596 30.8663
16138 19377 1.09596 30.8829
16132 19377 1.09596 30.8996
16128 19377 1.09596 30.9163
16123 19377 1.09596 30.9329
16115 19377 1.09596 30.9496
16112 19377 1.09596 30.9662
16110 19377 1.09596 30.9829
16101 19377 1.09596 30.9996
16099 19377 1.09596 31.0162
16096 19377 1.09596 31.0329
16091 19377 1.09596 31.0496
16087 19377 1.09596 31.0662
16083 19377 1.09596 31.0829
16076 19377 1.09596 31.0996
16072 19377 1.09596 31.1162
16070 19377 1.09596 31.1329
16062 19377 1.09596 31.1496
16059 19377 1.09596 31.1662
16055 19377 1.09596 31.1829
16050 19377 1.09596 31.1996
16046 19377 1.09596 31.2162
16043 19377 1.09596 31.2329
16039 19377 1.09596 31.2496
16033 19377 1.09596 31.2662
16033 19377 1.09596 31.2829
16028 19377 1.09596 31.2996
16022 19377 1.09596 31.3162
16018 19377 1.09596 31.3329
16016 19377 1.09596 31.3496
16010 19377 1.09596 31.3662
16005 19377 1.09596 31.3829
16001 19377 1.09596 31.3996
16000 19377 1.09596 31.4162
15996 19377 1.09596 31.4329
15991 19377 1.09596 31.4496
15988 19377 1.09596 31.4662
15983 19377 1.09596 31.4829
15981 19377 1.09596 31.4996
15980 19377 1.09596 31.5162
15972 19377 1.09596 31.5329
15971 19377 1.09596 31.5496
15966 19377 1.09596 31.5662
15963 19377 1.09596 31.5829
15959 19377 1.09596 31.5996
15956 19377 1.09596 31.6162
15952 19377 1.09596 31.6329
15950 19377 1.09596 31.6496
15946 19377 1.09596 31.6662
15944 19377 1.09596 31.6829
15942 19377 1.09596 31.6996
15937 19377 1.09596 31.7162
15932 19377 1.09596 31.7329
15931 19377 1.09596 31.7496
15929 19377 1.09596 31.7662
15924 19377 1.09596 31.7829
15919 19377 1.09596 31.7996
15919 19377 1.09596 31.8162
15915 19377 1.09596 31.8329
15912 19377 1.09596 31.8496
15909 19377 1.09596 31.8662
15908 19377 1.09596 31.8829
15904 19377 1.09596 31.8996
15901 19377 1.09596 31.9162
15898 19377 1.09596 31.9329
15895 19377 1.09596 31.9496
15893 19377 1.09596 31.9662
15889 19377 1.09596 31.9829
15886 19377 1.09596 31.9996
15883 19377 1.09596 32.0162
15878 19377 1.09596 32.0329
15877 19377 1.09596 32.0496
15871 19377 1.09596 32.0662
15868 19377 1.09596 32.0829
15867 19377 1.09596 32.0996
15864 19377 1.09596 32.1162
15861 19377 1.09596 32.1329
15856 19377 1.09596 32.1496
15852 19377 1.09596 32.1662
15850 19377 1.09596 32.1829
15847 19377 1.09596 32.1996
15844 19377 1.09596 32.2162
15842 19377 1.09596 32.2329
15838 19377 1.09596 32.2496
15835 19377 1.09596 32.2662
15832 19377 1.09596 32.2829
15829 19377 1.09596 32.2996
15826 19377 1.09596 32.3162
15824 19377 1.09596 32.3329
15820 19377 1.09596 32.3496
15817 19377 1.09596 32.3662
15815 19377 1.09596 32.3829
15812 19377 1.09596 32.3996
15810 19377 1.09596 32.4162
15805 19377 1.09596 32.4329
15802 19377 1.09596 32.4496
15801 19377 1.09596 32.4662
15798 19377 1.09596 32.4829
15795 19377 1.09596 32.4996
15791 19377 1.09596 32.5162
15788 19377 1.09596 32.5329
15786 19377 1.09596 32.5496
15783 19377 1.09596 32.5662
15778 19377 1.09596 32.5829
15776 19377 1.09596 32.5996
15774 19377 1.09596 32.6162
15772 19377 1.09596 32.6329
15768 19377 1.09596 32.6496
15764 19377 1.09596 32.6662
15763 19377 1.09596 32.6829
15759 19377 1.09596 32.6996
15757 19377 1.09596 32.7162
15756 19377 1.09596 32.7329
15751 19377 1.09596 32.7496
15748 19377 1.09596 32.7662
15747 19377 1.09596 32.7829
15744 19377 1.09596 32.7996
15739 19377 1.09596 32.8162
15737 19377 1.09596 32.8329
15734 19377 1.09596 32.8496
15733 19377 1.09596 32.8662
15732 19377 1.09596 32.8829
15729 19377 1.09596 32.8996
15728 19377 1.09596 32.9162
15724 19377 1.09596 32.9329
15720 19377 1.09596 32.9496
15718 19377 1.09596 32.9662
15715 19377 1.09596 32.9829
15713 19377 1.09596 32.9995
15712 19377 1.09596 33.0162
15708 19377 1.09596 33.0329
15705 19377 1.09596 33.0496
15705 19377 1.09596 33.0662
15701 19377 1.09596 33.0829
15698 19377 1.09596 33.0995
15696 19377 1.09596 33.1162
15695 19377 1.09596 33.1329
15693 19377 1.09596 33.1496
15691 19377 1.09596 33.1662
15690 19377 1.09596 33.1829
15687 19377 1.09596 33.1995
15685 19377 1.09596 33.2162
15683 19377 1.09596 33.2329
15681 19377 1.09596 33.2495
15676 19377 1.09596 33.2662
15675 19377 1.09596 33.2829
15674 19377 1.09596 33.2995
15671 19377 1.09596 33.3162
15668 19377 1.09596 33.3329
15666 19377 1.09596 33.3495
15666 19377 1.09596 33.3662
15660 19377 1.09596 33.3829
15659 19377 1.09596 33.3995
15658 19377 1.09596 33.4162
15656 19377 1.09596 33.4329
15653 19377 1.09596 33.4495
15652 19377 1.09596 33.4662
15650 19377 1.09596 33.4829
15650 19377 1.09596 33.4995
15647 19377 1.09596 33.5162
15644 19377 1.09596 33.5329
15642 19377 1.09596 33.5495
15641 19377 1.09596 33.5662
15639 19377 1.09596 33.5829
15637 19377 1.09596 33.5995
15637 19377 1.09596 33.6162
15633 19377 1.09596 33.6329
15631 19377 1.09596 33.6495
15630 19377 1.09596 33.6662
15629 19377 1.09596 33.6829
15625 19377 1.09596 33.6995
15624 19377 1.09596 33.7162
15620 19377 1.09596 33.7329
15619 19377 1.09596 33.7495
15616 19377 1.09596 33.7662
15614 19377 1.09596 33.7829
15613 19377 1.09596 33.7995
15612 19377 1.09596 33.8162
15608 19377 1.09596 33.8329
15608 19377 1.09596 33.8495
15603 19377 1.09596 33.8662
15603 19377 1.09596 33.8829
15602 19377 1.09596 33.8995
15601 19377 1.09596 33.9162
15598 19377 1.09596 33.9329
15595 19377 1.09596 33.9495
15594 19377 1.09596 33.9662
15593 19377 1.09596 33.9829
15592 19377 1.09596 33.9995
15588 19377 1.09596 34.0162
15587 19377 1.09596 34.0329
15587 19377 1.09596 34.0495
15584 19377 1.09596 34.0662
15583 19377 1.09596 34.0829
15582 19377 1.09596 34.0995
15581 19377 1.09596 34.1162
15580 19377 1.09596 34.1329
15576 19377 1.09596 34.1495
15575 19377 1.09596 34.1662
15575 19377 1.09596 34.1829
15573 19377 1.09596 34.1995
15572 19377 1.09596 34.2162
15570 19377 1.09596 34.2329
15568 19377 1.09596 34.2495
15566 19377 1.09596 34.2662
15564 19377 1.09596 34.2829
15563 19377 1.09596 34.2995
15559 19377 1.09596 34.3162
15559 19377 1.09596 34.3329
15555 19377 1.09596 34.3495
15554 19377 1.09596 34.3662
15552 19377 1.09596 34.3829
15549 19377 1.09596 34.3995
15548 19377 1.09596 34.4162
15545 19377 1.09596 34.4329
15541 19377 1.09596 34.4495
15540 19377 1.09596 34.4662
15538 19377 1.09596 34.4829
15535 19377 1.09596 34.4995
15534 19377 1.09596 34.5162
15531 19377 1.09596 34.5329
15528 19377 1.09596 34.5495
15528 19377 1.09596 34.5662
15526 19377 1.09596 34.5829
15523 19377 1.09596 34.5995
15521 19377 1.09596 34.6162
15521 19377 1.09596 34.6329
15517 19377 1.09596 34.6495
15515 19377 1.09596 34.6662
15513 19377 1.09596 34.6829
15510 19377 1.09596 34.6995
15510 19377 1.09596 34.7162
15508 19377 1.09596 34.7329
15506 19377 1.09596 34.7495
15504 19377 1.09596 34.7662
15503 19377 1.09596 34.7829
15502 19377 1.09596 34.7995
15500 19377 1.09596 34.8162
15499 19377 1.09596 34.8329
15496 19377 1.09596 34.8495
15496 19377 1.09596 34.8662
15495 19377 1.09596 34.8829
15492 19377 1.09596 34.8995
15490 19377 1.09596 34.9162
15488 19377 1.09596 34.9329
15487 19377 1.09596 34.9495
15486 19377 1.09596 34.9662
15484 19377 1.09596 34.9829
15483 19377 1.09596 34.9995
15481 19377 1.09596 35.0162
15480 19377 1.09596 35.0329
15479 19377 1.09596 35.0495
15477 19377 1.09596 35.0662
15475 19377 1.09596 35.0829
15474 19377 1.09596 35.0995
15473 19377 1.09596 35.1162
15472 19377 1.09596 35.1329
15470 19377 1.09596 35.1495
15468 19377 1.09596 35.1662
15467 19377 1.09596 35.1829
15467 19377 1.09596 35.1995
15466 19377 1.09596 35.2162
15463 19377 1.09596 35.2328
15462 19377 1.09596 35.2495
15462 19377 1.09596 35.2662
15460 19377 1.09596 35.2829
15458 19377 1.09596 35.2995
15457 19377 1.09596 35.3162
15456 19377 1.09596 35.3328
15455 19377 1.09596 35.3495
15453 19377 1.09596 35.3662
15452 19377 1.09596 35.3829
15450 19377 1.09596 35.3995
15450 19377 1.09596 35.4162
15448 19377 1.09596 35.4328
15447 19377 1.09596 35.4495
15444 19377 1.09596 35.4662
15444 19377 1.09596 35.4828
15442 19377 1.09596 35.4995
15442 19377 1.09596 35.5162
15440 19377 1.09596 35.5328
15437 19377 1.09596 35.5495
15436 19377 1.09596 35.5662
15435 19377 1.09596 35.5828
15433 19377 1.09596 35.5995
15433 19377 1.09596 35.6162
15431 19377 1.09596 35.6328
15429 19377 1.09596 35.6495
15428 19377 1.09596 35.6662
15427 19377 1.09596 35.6828
15426 19377 1.09596 35.6995
15425 19377 1.09596 35.7162
15423 19377 1.09596 35.7328
15422 19377 1.09596 35.7495
15420 19377 1.09596 35.7662
15419 19377 1.09596 35.7828
15418 19377 1.09596 35.7995
15418 19377 1.09596 35.8162
15415 19377 1.09596 35.8328
15414 19377 1.09596 35.8495
15413 19377 1.09596 35.8662
15412 19377 1.09596 35.8828
15411 19377 1.09596 35.8995
15409 19377 1.09596 35.9162
15408 19377 1.09596 35.9328
15407 19377 1.09596 35.9495
15406 19377 1.09596 35.9662
15405 19377 1.09596 35.9828
15402 19377 1.09596 35.9995
15402 19377 1.09596 36.0162
15401 19377 1.09596 36.0328
15401 19377 1.09596 36.0495
15397 19377 1.09596 36.0662
15397 19377 1.09596 36.0828
15397 19377 1.09596 36.0995
15396 19377 1.09596 36.1162
15395 19377 1.09596 36.1328
15395 19377 1.09596 36.1495
15393 19377 1.09596 36.1662
15392 19377 1.09596 36.1828
15391 19377 1.09596 36.1995
15389 19377 1.09596 36.2162
15388 19377 1.09596 36.2328
15386 19377 1.09596 36.2495
15386 19377 1.09596 36.2662
15385 19377 1.09596 36.2828
15382 19377 1.09596 36.2995
15381 19377 1.09596 36.3162
15380 19377 1.09596 36.3328
15380 19377 1.09596 36.3495
15377 19377 1.09596 36.3662
15374 19377 1.09596 36.3828
15374 19377 1.09596 36.3995
15373 19377 1.09596 36.4162
15372 19377 1.09596 36.4328
15371 19377 1.09596 36.4495
15370 19377 1.09596 36.4662
15367 19377 1.09596 36.4828
15367 19377 1.09596 36.4995
15366 19377 1.09596 36.5162
15366 19377 1.09596 36.5328
15364 19377 1.09596 36.5495
15363 19377 1.09596 36.5662
15362 19377 1.09596 36.5828
15361 19377 1.09596 36.5995
15359 19377 1.09596 36.6162
15359 19377 1.09596 36.6328
15358 19377 1.09596 36.6495
15357 19377 1.09596 36.6662
15355 19377 1.09596 36.6828
15354 19377 1.09596 36.6995
15353 19377 1.09596 36.7162
15352 19377 1.09596 36.7328
15350 19377 1.09596 36.7495
15349 19377 1.09596 36.7662
15349 19377 1.09596 36.7828
15348 19377 1.09596 36.7995
15346 19377 1.09596 36.8162
15345 19377 1.09596 36.8328
15345 19377 1.09596 36.8495
15344 19377 1.09596 36.8662
15344 19377 1.09596 36.8828
15343 19377 1.09596 36.8995
15342 19377 1.09596 36.9162
15341 19377 1.09596 36.9328
15340 19377 1.09596 36.9495
15339 19377 1.09596 36.9662
15336 19377 1.09596 36.9828
15336 19377 1.09596 36.9995
15335 19377 1.09596 37.0162
15334 19377 1.09596 37.0328
15333 19377 1.09596 37.0495
15333 19377 1.09596 37.0662
15331 19377 1.09596 37.0828
15331 19377 1.09596 37.0995
15331 19377 1.09596 37.1162
15330 19377 1.09596 37.1328
15326 19377 1.09596 37.1495
15326 19377 1.09596 37.1662
15325 19377 1.09596 37.1828
15325 19377 1.09596 37.1995
15324 19377 1.09596 37.2162
15324 19377 1.09596 37.2328
15324 19377 1.09596 37.2495
15322 19377 1.09596 37.2662
15320 19377 1.09596 37.2828
15320 19377 1.09596 37.2995
15320 19377 1.09596 37.3162
15318 19377 1.09596 37.3328
15317 19377 1.09596 37.3495
15317 19377 1.09596 37.3661
15314 19377 1.09596 37.3828
15314 19377 1.09596 37.3995
15314 19377 1.09596 37.4162
15313 19377 1.09596 37.4328
15309 19377 1.09596 37.4495
15309 19377 1.09596 37.4661
15309 19377 1.09596 37.4828
15308 19377 1.09596 37.4995
15307 19377 1.09596 37.5162
15306 19377 1.09596 37.5328
15305 19377 1.09596 37.5495
15304 19377 1.09596 37.5661
15302 19377 1.09596 37.5828
15300 19377 1.09596 37.5995
15300 19377 1.09596 37.6161
15299 19377 1.09596 37.6328
15298 19377 1.09596 37.6495
15298 19377 1.09596 37.6661
15296 19377 1.09596 37.6828
15295 19377 1.09596 37.6995
15294 19377 1.09596 37.7161
15293 19377 1.09596 37.7328
15292 19377 1.09596 37.7495
15291 19377 1.09596 37.7661
15289 19377 1.09596 37.7828
15289 19377 1.09596 37.7995
15288 19377 1.09596 37.8161
15287 19377 1.09596 37.8328
15287 19377 1.09596 37.8495
15285 19377 1.09596 37.8661
15284 19377 1.09596 37.8828
15282 19377 1.09596 37.8995
15281 19377 1.09596 37.9161
15280 19377 1.09596 37.9328
15279 19377 1.09596 37.9495
15279 19377 1.09596 37.9661
15278 19377 1.09596 37.9828
15278 19377 1.09596 37.9995
15277 19377 1.09596 38.0161
15277 19377 1.09596 38.0328
15277 19377 1.09596 38.0495
15276 19377 1.09596 38.0661
15274 19377 1.09596 38.0828
15274 19377 1.09596 38.0995
15273 19377 1.09596 38.1161
15272 19377 1.09596 38.1328
15271 19377 1.09596 38.1495
15271 19377 1.09596 38.1661
15270 19377 1.09596 38.1828
15270 19377 1.09596 38.1995
15269 19377 1.09596 38.2161
15269 19377 1.09596 38.2328
15269 19377 1.09596 38.2495
15267 19377 1.09596 38.2661
15267 19377 1.09596 38.2828
15266 19377 1.09596 38.2995
15265 19377 1.09596 38.3161
15264 19377 1.09596 38.3328
15264 19377 1.09596 38.3495
15263 19377 1.09596 38.3661
15263 19377 1.09596 38.3828
15261 19377 1.09596 38.3995
15261 19377 1.09596 38.4161
15261 19377 1.09596 38.4328
15260 19377 1.09596 38.4495
15260 19377 1.09596 38.4661
15259 19377 1.09596 38.4828
15258 19377 1.09596 38.4995
15258 19377 1.09596 38.5161
15257 19377 1.09596 38.5328
15257 19377 1.09596 38.5495
15256 19377 1.09596 38.5661
15255 19377 1.09596 38.5828
15255 19377 1.09596 38.5995
15254 19377 1.09596 38.6161
15253 19377 1.09596 38.6328
15253 19377 1.09596 38.6495
15252 19377 1.09596 38.6661
15250 19377 1.09596 38.6828
15250 19377 1.09596 38.6995
15250 19377 1.09596 38.7161
15249 19377 1.09596 38.7328
15248 19377 1.09596 38.7495
15247 19377 1.09596 38.7661
15247 19377 1.09596 38.7828
15247 19377 1.09596 38.7995
15244 19377 1.09596 38.8161
15244 19377 1.09596 38.8328
15244 19377 1.09596 38.8495
15242 19377 1.09596 38.8661
15242 19377 1.09596 38.8828
15241 19377 1.09596 38.8995
15240 19377 1.09596 38.9161
15239 19377 1.09596 38.9328
15238 19377 1.09596 38.9495
15238 19377 1.09596 38.9661
15238 19377 1.09596 38.9828
15237 19377 1.09596 38.9995
15236 19377 1.09596 39.0161
15236 19377 1.09596 39.0328
15234 19377 1.09596 39.0495
15234 19377 1.09596 39.0661
15233 19377 1.09596 39.0828
15232 19377 1.09596 39.0995
15231 19377 1.09596 39.1161
15230 19377 1.09596 39.1328
15230 19377 1.09596 39.1495
15229 19377 1.09596 39.1661
15229 19377 1.09596 39.1828
15228 19377 1.09596 39.1995
15227 19377 1.09596 39.2161
15224 19377 1.09596 39.2328
15224 19377 1.09596 39.2495
15224 19377 1.09596 39.2661
15224 19377 1.09596 39.2828
15221 19377 1.09596 39.2995
15221 19377 1.09596 39.3161
15221 19377 1.09596 39.3328
15221 19377 1.09596 39.3495
15220 19377 1.09596 39.3661
15218 19377 1.09596 39.3828
15218 19377 1.09596 39.3995
15217 19377 1.09596 39.4161
15216 19377 1.09596 39.4328
15214 19377 1.09596 39.4495
15214 19377 1.09596 39.4661
15214 19377 1.09596 39.4828
15213 19377 1.09596 39.4995
15213 19377 1.09596 39.5161
15212 19377 1.09596 39.5328
15212 19377 1.09596 39.5495
15210 19377 1.09596 39.5661
15210 19377 1.09596 39.5828
15210 19377 1.09596 39.5994
15209 19377 1.09596 39.6161
15209 19377 1.09596 39.6328
15208 19377 1.09596 39.6495
15208 19377 1.09596 39.6661
15208 19377 1.09596 39.6828
15207 19377 1.09596 39.6994
15206 19377 1.09596 39.7161
15206 19377 1.09596 39.7328
15205 19377 1.09596 39.7495
15205 19377 1.09596 39.7661
15205 19377 1.09596 39.7828
15204 19377 1.09596 39.7994
15204 19377 1.09596 39.8161
15204 19377 1.09596 39.8328
15204 19377 1.09596 39.8494
15204 19377 1.09596 39.8661
15204 19377 1.09596 39.8828
15203 19377 1.09596 39.8994
15202 19377 1.09596 39.9161
15202 19377 1.09596 39.9328
15202 19377 1.09596 39.9494
15202 19377 1.09596 39.9661
15200 19377 1.09596 39.9828
15200 19377 1.09596 39.9994
15200 19377 1.09596 40.0161
15200 19377 1.09596 40.0328
15200 19377 1.09596 40.0494
15200 19377 1.09596 40.0661
15199 19377 1.09596 40.0828
15199 19377 1.09596 40.0994
15198 19377 1.09596 40.1161
15198 19377 1.09596 40.1328
15197 19377 1.09596 40.1494
15197 19377 1.09596 40.1661
15197 19377 1.09596 40.1828
15195 19377 1.09596 40.1994
15195 19377 1.09596 40.2161
15195 19377 1.09596 40.2328
15195 19377 1.09596 40.2494
15194 19377 1.09596 40.2661
15194 19377 1.09596 40.2828
15194 19377 1.09596 40.2994
15194 19377 1.09596 40.3161
15194 19377 1.09596 40.3328
15194 19377 1.09596 40.3494
15194 19377 1.09596 40.3661
15193 19377 1.09596 40.3828
15192 19377 1.09596 40.3994
15192 19377 1.09596 40.4161
15191 19377 1.09596 40.4328
15191 19377 1.09596 40.4494
15191 19377 1.09596 40.4661
15191 19377 1.09596 40.4828
15191 19377 1.09596 40.4994
15191 19377 1.09596 40.5161
15189 19377 1.09596 40.5328
15189 19377 1.09596 40.5494
15189 19377 1.09596 40.5661
15188 19377 1.09596 40.5828
15187 19377 1.09596 40.5994
15187 19377 1.09596 40.6161
15186 19377 1.09596 40.6328
15186 19377 1.09596 40.6494
15184 19377 1.09596 40.6661
15184 19377 1.09596 40.6828
15184 19377 1.09596 40.6994
15183 19377 1.09596 40.7161
15183 19377 1.09596 40.7328
15182 19377 1.09596 40.7494
15180 19377 1.09596 40.7661
15180 19377 1.09596 40.7828
15180 19377 1.09596 40.7994
15180 19377 1.09596 40.8161
15179 19377 1.09596 40.8328
15179 19377 1.09596 40.8494
15177 19377 1.09596 40.8661
15177 19377 1.09596 40.8828
15177 19377 1.09596 40.8994
15176 19377 1.09596 40.9161
15176 19377 1.09596 40.9328
15175 19377 1.09596 40.9494
15175 19377 1.09596 40.9661
15175 19377 1.09596 40.9828
15175 19377 1.09596 40.9994
15172 19377 1.09596 41.0161
15172 19377 1.09596 41.0328
15171 19377 1.09596 41.0494
15171 19377 1.09596 41.0661
15171 19377 1.09596 41.0828
15171 19377 1.09596 41.0994
15170 19377 1.09596 41.1161
15170 19377 1.09596 41.1328
15169 19377 1.09596 41.1494
15168 19377 1.09596 41.1661
15167 19377 1.09596 41.1828
15167 19377 1.09596 41.1994
15167 19377 1.09596 41.2161
15167 19377 1.09596 41.2328
15166 19377 1.09596 41.2494
15165 19377 1.09596 41.2661
15165 19377 1.09596 41.2828
15164 19377 1.09596 41.2994
15164 19377 1.09596 41.3161
15164 19377 1.09596 41.3328
15164 19377 1.09596 41.3494
15163 19377 1.09596 41.3661
15163 19377 1.09596 41.3828
15163 19377 1.09596 41.3994
15163 19377 1.09596 41.4161
15163 19377 1.09596 41.4328
15162 19377 1.09596 41.4494
15162 19377 1.09596 41.4661
15162 19377 1.09596 41.4828
15161 19377 1.09596 41.4994
15161 19377 1.09596 41.5161
15161 19377 1.09596 41.5328
15161 19377 1.09596 41.5494
15161 19377 1.09596 41.5661
15161 19377 1.09596 41.5828
15161 19377 1.09596 41.5994
15159 19377 1.09596 41.6161
15159 19377 1.09596 41.6328
15158 19377 1.09596 41.6494
15157 19377 1.09596 41.6661
15157 19377 1.09596 41.6828
15157 19377 1.09596 41.6994
15157 19377 1.09596 41.7161
15156 19377 1.09596 41.7327
15156 19377 1.09596 41.7494
15155 19377 1.09596 41.7661
15154 19377 1.09596 41.7828
15154 19377 1.09596 41.7994
15154 19377 1.09596 41.8161
15153 19377 1.09596 41.8327
15153 19377 1.09596 41.8494
15153 19377 1.09596 41.8661
15153 19377 1.09596 41.8828
15152 19377 1.09596 41.8994
15151 19377 1.09596 41.9161
15151 19377 1.09596 41.9327
15151 19377 1.09596 41.9494
15151 19377 1.09596 41.9661
15149 19377 1.09596 41.9827
15149 19377 1.09596 41.9994
15149 19377 1.09596 42.0161
15149 19377 1.09596 42.0327
15148 19377 1.09596 42.0494
15148 19377 1.09596 42.0661
15147 19377 1.09596 42.0827
15147 19377 1.09596 42.0994
15146 19377 1.09596 42.1161
15146 19377 1.09596 42.1327
15145 19377 1.09596 42.1494
15145 19377 1.09596 42.1661
15144 19377 1.09596 42.1827
15143 19377 1.09596 42.1994
15143 19377 1.09596 42.2161
15143 19377 1.09596 42.2327
15143 19377 1.09596 42.2494
15143 19377 1.09596 42.2661
15142 19377 1.09596 42.2827
15141 19377 1.09596 42.2994
15140 19377 1.09596 42.3161
15140 19377 1.09596 42.3327
15139 19377 1.09596 42.3494
15139 19377 1.09596 42.3661
15139 19377 1.09596 42.3827
15138 19377 1.09596 42.3994
15137 19377 1.09596 42.4161
15136 19377 1.09596 42.4327
15136 19377 1.09596 42.4494
15136 19377 1.09596 42.4661
15136 19377 1.09596 42.4827
15136 19377 1.09596 42.4994
15134 19377 1.09596 42.5161
15133 19377 1.09596 42.5327
15133 19377 1.09596 42.5494
15133 19377 1.09596 42.5661
15132 19377 1.09596 42.5827
15131 19377 1.09596 42.5994
15131 19377 1.09596 42.6161
15131 19377 1.09596 42.6327
15130 19377 1.09596 42.6494
15130 19377 1.09596 42.6661
15128 19377 1.09596 42.6827
15128 19377 1.09596 42.6994
15128 19377 1.09596 42.7161
15128 19377 1.09596 42.7327
15128 19377 1.09596 42.7494
15126 19377 1.09596 42.7661
15125 19377 1.09596 42.7827
15125 19377 1.09596 42.7994
15125 19377 1.09596 42.8161
15124 19377 1.09596 42.8327
15124 19377 1.09596 42.8494
15123 19377 1.09596 42.8661
15122 19377 1.09596 42.8827
15121 19377 1.09596 42.8994
15121 19377 1.09596 42.9161
15120 19377 1.09596 42.9327
15119 19377 1.09596 42.9494
15119 19377 1.09596 42.9661
15119 19377 1.09596 42.9827
15119 19377 1.09596 42.9994
15116 19377 1.09596 43.0161
15116 19377 1.09596 43.0327
15116 19377 1.09596 43.0494
15116 19377 1.09596 43.0661
15116 19377 1.09596 43.0827
15115 19377 1.09596 43.0994
15115 19377 1.09596 43.1161
15113 19377 1.09596 43.1327
15113 19377 1.09596 43.1494
15113 19377 1.09596 43.1661
15113 19377 1.09596 43.1827
15112 19377 1.09596 43.1994
15111 19377 1.09596 43.2161
15111 19377 1.09596 43.2327
15111 19377 1.09596 43.2494
15110 19377 1.09596 43.2661
15110 19377 1.09596 43.2827
15110 19377 1.09596 43.2994
15109 19377 1.09596 43.3161
15109 19377 1.09596 43.3327
15108 19377 1.09596 43.3494
15108 19377 1.09596 43.3661
15107 19377 1.09596 43.3827
15107 19377 1.09596 43.3994
15107 19377 1.09596 43.4161
15106 19377 1.09596 43.4327
15106 19377 1.09596 43.4494
15105 19377 1.09596 43.4661
15104 19377 1.09596 43.4827
15104 19377 1.09596 43.4994
15104 19377 1.09596 43.5161
15104 19377 1.09596 43.5327
15104 19377 1.09596 43.5494
15103 19377 1.09596 43.5661
15103 19377 1.09596 43.5827
15103 19377 1.09596 43.5994
15103 19377 1.09596 43.6161
15103 19377 1.09596 43.6327
15103 19377 1.09596 43.6494
15102 19377 1.09596 43.6661
15102 19377 1.09596 43.6827
15102 19377 1.09596 43.6994
15102 19377 1.09596 43.7161
15101 19377 1.09596 43.7327
15101 19377 1.09596 43.7494
15101 19377 1.09596 43.7661
15101 19377 1.09596 43.7827
15101 19377 1.09596 43.7994
15100 19377 1.09596 43.8161
15100 19377 1.09596 43.8327
15100 19377 1.09596 43.8494
15100 19377 1.09596 43.8661
15100 19377 1.09596 43.8827
15099 19377 1.09596 43.8994
15099 19377 1.09596 43.9161
15099 19377 1.09596 43.9327
15099 19377 1.09596 43.9494
15097 19377 1.09596 43.966
15097 19377 1.09596 43.9827
15097 19377 1.09596 43.9994
15097 19377 1.09596 44.0161
15097 19377 1.09596 44.0327
15096 19377 1.09596 44.0494
15095 19377 1.09596 44.066
15095 19377 1.09596 44.0827
15095 19377 1.09596 44.0994
15095 19377 1.09596 44.1161
15095 19377 1.09596 44.1327
15095 19377 1.09596 44.1494
15094 19377 1.09596 44.166
15094 19377 1.09596 44.1827
15094 19377 1.09596 44.1994
15094 19377 1.09596 44.216
15094 19377 1.09596 44.2327
15094 19377 1.09596 44.2494
15094 19377 1.09596 44.266
15094 19377 1.09596 44.2827
15094 19377 1.09596 44.2994
15094 19377 1.09596 44.316
15094 19377 1.09596 44.3327
15093 19377 1.09596 44.3494
15092 19377 1.09596 44.366
15092 19377 1.09596 44.3827
15092 19377 1.09596 44.3994
15091 19377 1.09596 44.416
15091 19377 1.09596 44.4327
15091 19377 1.09596 44.4494
15091 19377 1.09596 44.466
15091 19377 1.09596 44.4827
15090 19377 1.09596 44.4994
15090 19377 1.09596 44.516
15089 19377 1.09596 44.5327
15089 19377 1.09596 44.5494
15088 19377 1.09596 44.566
15088 19377 1.09596 44.5827
15088 19377 1.09596 44.5994
15088 19377 1.09596 44.616
15087 19377 1.09596 44.6327
15086 19377 1.09596 44.6494
15086 19377 1.09596 44.666
15085 19377 1.09596 44.6827
15085 19377 1.09596 44.6994
15085 19377 1.09596 44.716
15085 19377 1.09596 44.7327
15085 19377 1.09596 44.7494
15085 19377 1.09596 44.766
15085 19377 1.09596 44.7827
15085 19377 1.09596 44.7994
15085 19377 1.09596 44.816
15083 19377 1.09596 44.8327
15082 19377 1.09596 44.8494
15082 19377 1.09596 44.866
15082 19377 1.09596 44.8827
15081 19377 1.09596 44.8994
15081 19377 1.09596 44.916
15081 19377 1.09596 44.9327
15080 19377 1.09596 44.9494
15080 19377 1.09596 44.966
15080 19377 1.09596 44.9827
15080 19377 1.09596 44.9994
15080 19377 1.09596 45.016
15078 19377 1.09596 45.0327
15078 19377 1.09596 45.0494
15078 19377 1.09596 45.066
15077 19377 1.09596 45.0827
15076 19377 1.09596 45.0994
15076 19377 1.09596 45.116
15076 19377 1.09596 45.1327
15076 19377 1.09596 45.1494
15075 19377 1.09596 45.166
15074 19377 1.09596 45.1827
15074 19377 1.09596 45.1994
15074 19377 1.09596 45.216
15074 19377 1.09596 45.2327
15073 19377 1.09596 45.2494
15073 19377 1.09596 45.266
15073 19377 1.09596 45.2827
15072 19377 1.09596 45.2994
15071 19377 1.09596 45.316
15071 19377 1.09596 45.3327
15071 19377 1.09596 45.3494
15071 19377 1.09596 45.366
15071 19377 1.09596 45.3827
15070 19377 1.09596 45.3994
15070 19377 1.09596 45.416
15070 19377 1.09596 45.4327
15070 19377 1.09596 45.4494
15070 19377 1.09596 45.466
15070 19377 1.09596 45.4827
15070 19377 1.09596 45.4994
15070 19377 1.09596 45.516
15070 19377 1.09596 45.5327
15070 19377 1.09596 45.5494
15070 19377 1.09596 45.566
15070 19377 1.09596 45.5827
15070 19377 1.09596 45.5994
15069 19377 1.09596 45.616
15069 19377 1.09596 45.6327
15069 19377 1.09596 45.6494
15069 19377 1.09596 45.666
15069 19377 1.09596 45.6827
15069 19377 1.09596 45.6994
15069 19377 1.09596 45.716
15069 19377 1.09596 45.7327
15068 19377 1.09596 45.7494
15067 19377 1.09596 45.766
15067 19377 1.09596 45.7827
15067 19377 1.09596 45.7994
15067 19377 1.09596 45.816
15066 19377 1.09596 45.8327
15066 19377 1.09596 45.8494
15066 19377 1.09596 45.866
15066 19377 1.09596 45.8827
15066 19377 1.09596 45.8994
15065 19377 1.09596 45.916
15065 19377 1.09596 45.9327
15065 19377 1.09596 45.9494
15065 19377 1.09596 45.966
15065 19377 1.09596 45.9827
15065 19377 1.09596 45.9994
15065 19377 1.09596 46.016
15064 19377 1.09596 46.0327
15063 19377 1.09596 46.0494
15063 19377 1.09596 46.066
15063 19377 1.09596 46.0827
15063 19377 1.09596 46.0993
15063 19377 1.09596 46.116
15063 19377 1.09596 46.1327
15062 19377 1.09596 46.1494
15062 19377 1.09596 46.166
15062 19377 1.09596 46.1827
15062 19377 1.09596 46.1993
15062 19377 1.09596 46.216
15062 19377 1.09596 46.2327
15062 19377 1.09596 46.2494
15062 19377 1.09596 46.266
15062 19377 1.09596 46.2827
15062 19377 1.09596 46.2993
15062 19377 1.09596 46.316
15061 19377 1.09596 46.3327
15061 19377 1.09596 46.3493
15061 19377 1.09596 46.366
15060 19377 1.09596 46.3827
15060 19377 1.09596 46.3993
15060 19377 1.09596 46.416
15060 19377 1.09596 46.4327
15059 19377 1.09596 46.4493
15059 19377 1.09596 46.466
15057 19377 1.09596 46.4827
15057 19377 1.09596 46.4993
15057 19377 1.09596 46.516
15057 19377 1.09596 46.5327
15057 19377 1.09596 46.5493
15057 19377 1.09596 46.566
15056 19377 1.09596 46.5827
15056 19377 1.09596 46.5993
15056 19377 1.09596 46.616
15056 19377 1.09596 46.6327
15056 19377 1.09596 46.6493
15055 19377 1.09596 46.666
15055 19377 1.09596 46.6827
15055 19377 1.09596 46.6993
15055 19377 1.09596 46.716
15055 19377 1.09596 46.7327
15054 19377 1.09596 46.7493
15054 19377 1.09596 46.766
15054 19377 1.09596 46.7827
15054 19377 1.09596 46.7993
15054 19377 1.09596 46.816
15054 19377 1.09596 46.8327
15054 19377 1.09596 46.8493
15053 19377 1.09596 46.866
15053 19377 1.09596 46.8827
15053 19377 1.09596 46.8993
15053 19377 1.09596 46.916
15053 19377 1.09596 46.9327
15052 19377 1.09596 46.9493
15052 19377 1.09596 46.966
15052 19377 1.09596 46.9827
15052 19377 1.09596 46.9993
15052 19377 1.09596 47.016
15051 19377 1.09596 47.0327
15051 19377 1.09596 47.0493
15051 19377 1.09596 47.066
15051 19377 1.09596 47.0827
15051 19377 1.09596 47.0993
15050 19377 1.09596 47.116
15050 19377 1.09596 47.1327
15050 19377 1.09596 47.1493
15050 19377 1.09596 47.166
15050 19377 1.09596 47.1827
15050 19377 1.09596 47.1993
15050 19377 1.09596 47.216
15050 19377 1.09596 47.2327
15050 19377 1.09596 47.2493
15049 19377 1.09596 47.266
15049 19377 1.09596 47.2827
15049 19377 1.09596 47.2993
15049 19377 1.09596 47.316
15048 19377 1.09596 47.3327
15048 19377 1.09596 47.3493
15048 19377 1.09596 47.366
15048 19377 1.09596 47.3827
15048 19377 1.09596 47.3993
15048 19377 1.09596 47.416
15048 19377 1.09596 47.4327
15048 19377 1.09596 47.4493
15048 19377 1.09596 47.466
15048 19377 1.09596 47.4827
15048 19377 1.09596 47.4993
15048 19377 1.09596 47.516
15048 19377 1.09596 47.5327
15048 19377 1.09596 47.5493
15048 19377 1.09596 47.566
15048 19377 1.09596 47.5827
15048 19377 1.09596 47.5993
15048 19377 1.09596 47.616
15046 19377 1.09596 47.6327
15046 19377 1.09596 47.6493
15046 19377 1.09596 47.666
15046 19377 1.09596 47.6827
15046 19377 1.09596 47.6993
15046 19377 1.09596 47.716
15046 19377 1.09596 47.7327
15046 19377 1.09596 47.7493
15046 19377 1.09596 47.766
15046 19377 1.09596 47.7827
15046 19377 1.09596 47.7993
15046 19377 1.09596 47.816
15046 19377 1.09596 47.8327
15046 19377 1.09596 47.8493
15045 19377 1.09596 47.866
15045 19377 1.09596 47.8827
15044 19377 1.09596 47.8993
15044 19377 1.09596 47.916
15044 19377 1.09596 47.9327
15044 19377 1.09596 47.9493
15044 19377 1.09596 47.966
15044 19377 1.09596 47.9827
15044 19377 1.09596 47.9993
15044 19377 1.09596 48.016
15044 19377 1.09596 48.0327
15044 19377 1.09596 48.0493
15044 19377 1.09596 48.066
15044 19377 1.09596 48.0827
15044 19377 1.09596 48.0993
15044 19377 1.09596 48.116
15043 19377 1.09596 48.1327
15042 19377 1.09596 48.1493
15042 19377 1.09596 48.166
15042 19377 1.09596 48.1827
15042 19377 1.09596 48.1993
15042 19377 1.09596 48.216
15041 19377 1.09596 48.2327
15041 19377 1.09596 48.2493
15041 19377 1.09596 48.266
15041 19377 1.09596 48.2827
15040 19377 1.09596 48.2993
15040 19377 1.09596 48.316
15040 19377 1.09596 48.3326
15040 19377 1.09596 48.3493
15040 19377 1.09596 48.366
15040 19377 1.09596 48.3827
15039 19377 1.09596 48.3993
15039 19377 1.09596 48.416
15039 19377 1.09596 48.4326
15039 19377 1.09596 48.4493
15039 19377 1.09596 48.466
15038 19377 1.09596 48.4827
15038 19377 1.09596 48.4993
15038 19377 1.09596 48.516
15038 19377 1.09596 48.5326
15038 19377 1.09596 48.5493
15038 19377 1.09596 48.566
15036 19377 1.09596 48.5826
15036 19377 1.09596 48.5993
15036 19377 1.09596 48.616
15036 19377 1.09596 48.6326
15036 19377 1.09596 48.6493
15036 19377 1.09596 48.666
15035 19377 1.09596 48.6826
15035 19377 1.09596 48.6993
15035 19377 1.09596 48.716
15035 19377 1.09596 48.7326
15035 19377 1.09596 48.7493
15035 19377 1.09596 48.766
15034 19377 1.09596 48.7826
15033 19377 1.09596 48.7993
15033 19377 1.09596 48.816
15033 19377 1.09596 48.8326
15033 19377 1.09596 48.8493
15032 19377 1.09596 48.866
15031 19377 1.09596 48.8826
15031 19377 1.09596 48.8993
15031 19377 1.09596 48.916
15031 19377 1.09596 48.9326
15031 19377 1.09596 48.9493
15031 19377 1.09596 48.966
15031 19377 1.09596 48.9826
15031 19377 1.09596 48.9993
15031 19377 1.09596 49.016
15031 19377 1.09596 49.0326
15031 19377 1.09596 49.0493
15031 19377 1.09596 49.066
15030 19377 1.09596 49.0826
15030 19377 1.09596 49.0993
15029 19377 1.09596 49.116
15029 19377 1.09596 49.1326
15029 19377 1.09596 49.1493
15029 19377 1.09596 49.166
15029 19377 1.09596 49.1826
15028 19377 1.09596 49.1993
15028 19377 1.09596 49.216
15028 19377 1.09596 49.2326
15028 19377 1.09596 49.2493
15028 19377 1.09596 49.266
15028 19377 1.09596 49.2826
15028 19377 1.09596 49.2993
15028 19377 1.09596 49.316
15028 19377 1.09596 49.3326
15028 19377 1.09596 49.3493
15027 19377 1.09596 49.366
15027 19377 1.09596 49.3826
15027 19377 1.09596 49.3993
15027 19377 1.09596 49.416
15027 19377 1.09596 49.4326
15027 19377 1.09596 49.4493
15026 19377 1.09596 49.466
15026 19377 1.09596 49.4826
15025 19377 1.09596 49.4993
15025 19377 1.09596 49.516
15024 19377 1.09596 49.5326
15024 19377 1.09596 49.5493
15024 19377 1.09596 49.566
15024 19377 1.09596 49.5826
15024 19377 1.09596 49.5993
15024 19377 1.09596 49.616
15024 19377 1.09596 49.6326
15024 19377 1.09596 49.6493
15024 19377 1.09596 49.666
15024 19377 1.09596 49.6826
15024 19377 1.09596 49.6993
15024 19377 1.09596 49.716
15024 19377 1.09596 49.7326
15023 19377 1.09596 49.7493
15022 19377 1.09596 49.766
15021 19377 1.09596 49.7826
15021 19377 1.09596 49.7993
15021 19377 1.09596 49.816
15021 19377 1.09596 49.8326
15021 19377 1.09596 49.8493
15021 19377 1.09596 49.866
15021 19377 1.09596 49.8826
15021 19377 1.09596 49.8993
15021 19377 1.09596 49.916
15021 19377 1.09596 49.9326
15021 19377 1.09596 49.9493
15021 19377 1.09596 49.966
15021 19377 1.09596 49.9826
15021 19377 1.09596 49.9993
15020 19377 1.09596 50.016
15020 19377 1.09596 50.0326
15019 19377 1.09596 50.0493
15019 19377 1.09596 50.066
15019 19377 1.09596 50.0826
15019 19377 1.09596 50.0993
15019 19377 1.09596 50.116
15019 19377 1.09596 50.1326
15019 19377 1.09596 50.1493
15019 19377 1.09596 50.166
15019 19377 1.09596 50.1826
15019 19377 1.09596 50.1993
15019 19377 1.09596 50.216
15019 19377 1.09596 50.2326
15019 19377 1.09596 50.2493
15019 19377 1.09596 50.266
15019 19377 1.09596 50.2826
15019 19377 1.09596 50.2993
15018 19377 1.09596 50.316
15017 19377 1.09596 50.3326
15017 19377 1.09596 50.3493
15016 19377 1.09596 50.366
15016 19377 1.09596 50.3826
15016 19377 1.09596 50.3993
15016 19377 1.09596 50.416
15016 19377 1.09596 50.4326
15016 19377 1.09596 50.4493
15016 19377 1.09596 50.466
15016 19377 1.09596 50.4826
15016 19377 1.09596 50.4993
15016 19377 1.09596 50.516
15016 19377 1.09596 50.5326
15016 19377 1.09596 50.5493
15016 19377 1.09596 50.5659
15016 19377 1.09596 50.5826
15015 19377 1.09596 50.5993
15015 19377 1.09596 50.616
15014 19377 1.09596 50.6326
15014 19377 1.09596 50.6493
15014 19377 1.09596 50.6659
15014 19377 1.09596 50.6826
15014 19377 1.09596 50.6993
15014 19377 1.09596 50.716
15014 19377 1.09596 50.7326
15013 19377 1.09596 50.7493
15013 19377 1.09596 50.7659
15013 19377 1.09596 50.7826
15013 19377 1.09596 50.7993
15013 19377 1.09596 50.8159
15013 19377 1.09596 50.8326
15012 19377 1.09596 50.8493
15012 19377 1.09596 50.8659
15012 19377 1.09596 50.8826
15012 19377 1.09596 50.8993
15011 19377 1.09596 50.9159
15011 19377 1.09596 50.9326
15011 19377 1.09596 50.9493
15010 19377 1.09596 50.9659
15010 19377 1.09596 50.9826
15010 19377 1.09596 50.9993
15010 19377 1.09596 51.0159
15010 19377 1.09596 51.0326
15010 19377 1.09596 51.0493
15010 19377 1.09596 51.0659
15010 19377 1.09596 51.0826
15010 19377 1.09596 51.0993
15009 19377 1.09596 51.1159
15008 19377 1.09596 51.1326
15008 19377 1.09596 51.1493
15008 19377 1.09596 51.1659
15008 19377 1.09596 51.1826
15008 19377 1.09596 51.1993
15008 19377 1.09596 51.2159
15008 19377 1.09596 51.2326
15008 19377 1.09596 51.2493
15007 19377 1.09596 51.2659
15007 19377 1.09596 51.2826
15007 19377 1.09596 51.2993
15007 19377 1.09596 51.3159
15006 19377 1.09596 51.3326
15006 19377 1.09596 51.3493
15006 19377 1.09596 51.3659
15006 19377 1.09596 51.3826
15006 19377 1.09596 51.3993
15006 19377 1.09596 51.4159
15006 19377 1.09596 51.4326
15006 19377 1.09596 51.4493
15006 19377 1.09596 51.4659
15006 19377 1.09596 51.4826
15006 19377 1.09596 51.4993
15006 19377 1.09596 51.5159
15006 19377 1.09596 51.5326
15006 19377 1.09596 51.5493
15006 19377 1.09596 51.5659
15006 19377 1.09596 51.5826
15006 19377 1.09596 51.5993
15006 19377 1.09596 51.6159
15006 19377 1.09596 51.6326
15006 19377 1.09596 51.6493
15004 19377 1.09596 51.6659
15003 19377 1.09596 51.6826
15003 19377 1.09596 51.6993
15003 19377 1.09596 51.7159
15003 19377 1.09596 51.7326
15003 19377 1.09596 51.7493
15003 19377 1.09596 51.7659
15003 19377 1.09596 51.7826
15003 19377 1.09596 51.7993
15003 19377 1.09596 51.8159
15003 19377 1.09596 51.8326
15003 19377 1.09596 51.8493
15002 19377 1.09596 51.8659
15002 19377 1.09596 51.8826
15002 19377 1.09596 51.8993
15002 19377 1.09596 51.9159
15002 19377 1.09596 51.9326
15002 19377 1.09596 51.9493
15002 19377 1.09596 51.9659
15002 19377 1.09596 51.9826
15002 19377 1.09596 51.9993
15002 19377 1.09596 52.0159
15002 19377 1.09596 52.0326
15002 19377 1.09596 52.0493
15002 19377 1.09596 52.0659
15002 19377 1.09596 52.0826
15002 19377 1.09596 52.0993
15002 19377 1.09596 52.1159
15001 19377 1.09596 52.1326
15000 19377 1.09596 52.1493
15000 19377 1.09596 52.1659
15000 19377 1.09596 52.1826
15000 19377 1.09596 52.1993
15000 19377 1.09596 52.2159
15000 19377 1.09596 52.2326
15000 19377 1.09596 52.2493
15000 19377 1.09596 52.2659
15000 19377 1.09596 52.2826
15000 19377 1.09596 52.2993
15000 19377 1.09596 52.3159
15000 19377 1.09596 52.3326
15000 19377 1.09596 52.3493
15000 19377 1.09596 52.3659
15000 19377 1.09596 52.3826
15000 19377 1.09596 52.3993
15000 19377 1.09596 52.4159
15000 19377 1.09596 52.4326
15000 19377 1.09596 52.4493
15000 19377 1.09596 52.4659
15000 19377 1.09596 52.4826
15000 19377 1.09596 52.4993
