24610 25563 0.00163189 0.00181961
24574 25563 0.00163189 0.018486
24505 25563 0.00163189 0.0351524
24441 25563 0.00163189 0.0518188
24372 25563 0.00163189 0.0684853
24315 25563 0.00163189 0.0851517
24266 25563 0.00163189 0.101818
24192 25563 0.00163189 0.118484
24110 25563 0.00163189 0.135151
24046 25563 0.00163189 0.151817
23993 25563 0.00163189 0.168484
23941 25563 0.00163189 0.18515
23879 25563 0.00163189 0.201817
23805 25563 0.00163189 0.218483
23729 25563 0.00163189 0.235149
23672 25563 0.00163189 0.251816
23623 25563 0.00163189 0.268482
23549 25563 0.00163189 0.285149
23482 25563 0.00163189 0.301815
23417 25563 0.00163189 0.318481
23370 25563 0.00163189 0.335148
23313 25563 0.00163189 0.351814
23240 25563 0.00163189 0.368481
23173 25563 0.00163189 0.385147
23116 25563 0.00163189 0.401814
23069 25563 0.00163189 0.41848
23018 25563 0.00163189 0.435146
22988 25563 0.00163189 0.451813
22951 25563 0.00163189 0.468479
22923 25563 0.00163189 0.485146
22891 25563 0.00163189 0.501812
22869 25563 0.00163189 0.518478
22848 25563 0.00163189 0.535145
22835 25563 0.00163189 0.551811
22817 25563 0.00163189 0.568478
22805 25563 0.00163189 0.585144
22791 25563 0.00163189 0.60181
22776 25563 0.00163189 0.618477
22766 25563 0.00163189 0.635143
22748 25563 0.00163189 0.65181
22743 25563 0.00163189 0.668476
22730 25563 0.00163189 0.685143
22722 25563 0.00163189 0.701809
22713 25563 0.00163189 0.718475
22704 25563 0.00163189 0.735142
22699 25563 0.00163189 0.751808
22695 25563 0.00163189 0.768475
22685 25563 0.00163189 0.785141
22681 25563 0.00163189 0.801807
22676 25563 0.00163189 0.818474
22668 25563 0.00163189 0.83514
22665 25563 0.00163189 0.851807
22664 25563 0.00163189 0.868473
22663 25563 0.00163189 0.885139
22657 25563 0.00163189 0.901806
22654 25563 0.00163189 0.918472
22654 25563 0.00163189 0.935139
22653 25563 0.00163189 0.951805
22650 25563 0.00163189 0.968472
22647 25563 0.00163189 0.985138
22645 25563 0.00163189 1.0018
22641 25563 0.00163189 1.01847
22638 25563 0.00163189 1.03514
22637 25563 0.00163189 1.0518
22636 25563 0.00163189 1.06847
22635 25563 0.00163189 1.08514
22635 25563 0.00163189 1.1018
22634 25563 0.00163189 1.11847
22633 25563 0.00163189 1.13514
22632 25563 0.00163189 1.1518
22632 25563 0.00163189 1.16847
22631 25563 0.00163189 1.18513
22631 25563 0.00163189 1.2018
22630 25563 0.00163189 1.21847
22629 25563 0.00163189 1.23513
22627 25563 0.00163189 1.2518
22627 25563 0.00163189 1.26847
22627 25563 0.00163189 1.28513
22627 25563 0.00163189 1.3018
22626 25563 0.00163189 1.31847
22626 25563 0.00163189 1.33513
22625 25563 0.00163189 1.3518
22625 25563 0.00163189 1.36847
22623 25563 0.00163189 1.38513
22622 25563 0.00163189 1.4018
22622 25563 0.00163189 1.41846
22621 25563 0.00163189 1.43513
22621 25563 0.00163189 1.4518
22621 25563 0.00163189 1.46846
22620 25563 0.00163189 1.48513
22619 25563 0.00163189 1.5018
22618 25563 0.00163189 1.51846
22618 25563 0.00163189 1.53513
22617 25563 0.00163189 1.5518
22617 25563 0.00163189 1.56846
22617 25563 0.00163189 1.58513
22616 25563 0.00163189 1.6018
22615 25563 0.00163189 1.61846
22615 25563 0.00163189 1.63513
22613 25563 0.00163189 1.65179
22613 25563 0.00163189 1.66846
22613 25563 0.00163189 1.68513
22613 25563 0.00163189 1.70179
22613 25563 0.00163189 1.71846
22613 25563 0.00163189 1.73513
22613 25563 0.00163189 1.75179
22613 25563 0.00163189 1.76846
22613 25563 0.00163189 1.78513
22613 25563 0.00163189 1.80179
22613 25563 0.00163189 1.81846
22613 25563 0.00163189 1.83512
22612 25563 0.00163189 1.85179
22612 25563 0.00163189 1.86846
22612 25563 0.00163189 1.88512
22612 25563 0.00163189 1.90179
22612 25563 0.00163189 1.91846
22612 25563 0.00163189 1.93512
22611 25563 0.00163189 1.95179
22611 25563 0.00163189 1.96846
22611 25563 0.00163189 1.98512
22611 25563 0.00163189 2.00179
22611 25563 0.00163189 2.01846
22611 25563 0.00163189 2.03512
22611 25563 0.00163189 2.05179
22611 25563 0.00163189 2.06845
22611 25563 0.00163189 2.08512
22611 25563 0.00163189 2.10179
22611 25563 0.00163189 2.11845
22611 25563 0.00163189 2.13512
22610 25563 0.00163189 2.15179
22609 25563 0.00163189 2.16845
22609 25563 0.00163189 2.18512
22609 25563 0.00163189 2.20179
22608 25563 0.00163189 2.21845
22608 25563 0.00163189 2.23512
22608 25563 0.00163189 2.25179
22608 25563 0.00163189 2.26845
22608 25563 0.00163189 2.28512
22607 25563 0.00163189 2.30178
22606 25563 0.00163189 2.31845
22606 25563 0.00163189 2.33512
22606 25563 0.00163189 2.35178
22605 25563 0.00163189 2.36845
22605 25563 0.00163189 2.38512
22605 25563 0.00163189 2.40178
22605 25563 0.00163189 2.41845
22604 25563 0.00163189 2.43512
22604 25563 0.00163189 2.45178
22604 25563 0.00163189 2.46845
22604 25563 0.00163189 2.48512
22604 25563 0.00163189 2.50178
22604 25563 0.00163189 2.51845
22604 25563 0.00163189 2.53511
22604 25563 0.00163189 2.55178
22604 25563 0.00163189 2.56845
22604 25563 0.00163189 2.58511
22603 25563 0.00163189 2.60178
22603 25563 0.00163189 2.61845
22603 25563 0.00163189 2.63511
22602 25563 0.00163189 2.65178
22602 25563 0.00163189 2.66845
22602 25563 0.00163189 2.68511
22602 25563 0.00163189 2.70178
22602 25563 0.00163189 2.71844
22602 25563 0.00163189 2.73511
22602 25563 0.00163189 2.75178
22602 25563 0.00163189 2.76844
22602 25563 0.00163189 2.78511
22602 25563 0.00163189 2.80178
22601 25563 0.00163189 2.81844
22601 25563 0.00163189 2.83511
22601 25563 0.00163189 2.85178
22600 25563 0.00163189 2.86844
22600 25563 0.00163189 2.88511
22600 25563 0.00163189 2.90178
22599 25563 0.00163189 2.91844
22599 25563 0.00163189 2.93511
22599 25563 0.00163189 2.95177
22599 25563 0.00163189 2.96844
22598 25563 0.00163189 2.98511
22598 25563 0.00163189 3.00177
22598 25563 0.00163189 3.01844
22597 25563 0.00163189 3.03511
22597 25563 0.00163189 3.05177
22597 25563 0.00163189 3.06844
22597 25563 0.00163189 3.08511
22597 25563 0.00163189 3.10177
22597 25563 0.00163189 3.11844
22597 25563 0.00163189 3.13511
22596 25563 0.00163189 3.15177
22596 25563 0.00163189 3.16844
22596 25563 0.00163189 3.1851
22596 25563 0.00163189 3.20177
22596 25563 0.00163189 3.21844
22596 25563 0.00163189 3.2351
22596 25563 0.00163189 3.25177
22596 25563 0.00163189 3.26844
22596 25563 0.00163189 3.2851
22596 25563 0.00163189 3.30177
22596 25563 0.00163189 3.31844
22596 25563 0.00163189 3.3351
22596 25563 0.00163189 3.35177
22595 25563 0.00163189 3.36843
22595 25563 0.00163189 3.3851
22595 25563 0.00163189 3.40177
22594 25563 0.00163189 3.41843
22594 25563 0.00163189 3.4351
22594 25563 0.00163189 3.45177
22594 25563 0.00163189 3.46843
22594 25563 0.00163189 3.4851
22594 25563 0.00163189 3.50177
22594 25563 0.00163189 3.51843
22594 25563 0.00163189 3.5351
22594 25563 0.00163189 3.55177
22594 25563 0.00163189 3.56843
22594 25563 0.00163189 3.5851
22594 25563 0.00163189 3.60176
22594 25563 0.00163189 3.61843
22594 25563 0.00163189 3.6351
22594 25563 0.00163189 3.65176
22594 25563 0.00163189 3.66843
22594 25563 0.00163189 3.6851
22594 25563 0.00163189 3.70176
22594 25563 0.00163189 3.71843
22594 25563 0.00163189 3.7351
22594 25563 0.00163189 3.75176
22593 25563 0.00163189 3.76843
22593 25563 0.00163189 3.7851
22593 25563 0.00163189 3.80176
22593 25563 0.00163189 3.81843
22593 25563 0.00163189 3.83509
22593 25563 0.00163189 3.85176
22593 25563 0.00163189 3.86843
22593 25563 0.00163189 3.88509
22593 25563 0.00163189 3.90176
22593 25563 0.00163189 3.91843
22593 25563 0.00163189 3.93509
22593 25563 0.00163189 3.95176
22593 25563 0.00163189 3.96843
22593 25563 0.00163189 3.98509
22593 25563 0.00163189 4.00176
22593 25563 0.00163189 4.01842
22593 25563 0.00163189 4.03509
22593 25563 0.00163189 4.05176
22593 25563 0.00163189 4.06842
22593 25563 0.00163189 4.08509
22593 25563 0.00163189 4.10176
22593 25563 0.00163189 4.11842
22593 25563 0.00326378 4.13509
22592 25563 0.00489567 4.15176
22592 25563 0.00652755 4.16842
22591 25563 0.00815944 4.18509
22591 25563 0.00979133 4.20176
22591 25563 0.0114232 4.21842
22591 25563 0.0130551 4.23509
22591 25563 0.014687 4.25175
22591 25563 0.0163189 4.26842
22591 25563 0.0179508 4.28509
22591 25563 0.0195827 4.30175
22591 25563 0.0212146 4.31842
22591 25563 0.0228464 4.33509
22591 25563 0.0244783 4.35175
22591 25563 0.0261102 4.36842
22591 25563 0.0277421 4.38509
22591 25563 0.029374 4.40175
22591 25563 0.0310059 4.41842
22591 25563 0.0326378 4.43509
22591 25563 0.0342697 4.45175
22591 25563 0.0359016 4.46842
22591 25563 0.0375335 4.48508
22591 25563 0.0391653 4.50175
22591 25563 0.0407972 4.51842
22591 25563 0.0424291 4.53508
22591 25563 0.044061 4.55175
22591 25563 0.0456929 4.56842
22591 25563 0.0473248 4.58508
22591 25563 0.0489567 4.60175
22591 25563 0.0505886 4.61842
22591 25563 0.0522205 4.63508
22591 25563 0.0538523 4.65175
22591 25563 0.0554842 4.66842
22590 25563 0.0571161 4.68508
22590 25563 0.058748 4.70175
22590 25563 0.0603799 4.71841
22590 25563 0.0620118 4.73508
22590 25563 0.0636437 4.75175
22590 25563 0.0652756 4.76841
22590 25563 0.0669075 4.78508
22590 25563 0.0685393 4.80175
22590 25563 0.0701712 4.81841
22590 25563 0.0718031 4.83508
22590 25563 0.073435 4.85175
22590 25563 0.0750669 4.86841
22590 25563 0.0766988 4.88508
22590 25563 0.0783307 4.90174
22589 25563 0.0799625 4.91841
22589 25563 0.0815944 4.93508
22589 25563 0.0832263 4.95174
22589 25563 0.0848582 4.96841
22589 25563 0.0864901 4.98508
22589 25563 0.088122 5.00174
22589 25563 0.0897539 5.01841
22587 25563 0.0913857 5.03508
22587 25563 0.0930176 5.05174
22587 25563 0.0946495 5.06841
22587 25563 0.0962814 5.08508
22586 25563 0.0979133 5.10174
22585 25563 0.0995452 5.11841
22582 25563 0.101177 5.13507
22580 25563 0.102809 5.15174
22580 25563 0.104441 5.16841
22578 25563 0.106073 5.18507
22577 25563 0.107705 5.20174
22575 25563 0.109336 5.21841
22572 25563 0.110968 5.23507
22571 25563 0.1126 5.25174
22570 25563 0.114232 5.26841
22568 25563 0.115864 5.28507
22564 25563 0.117496 5.30174
22561 25563 0.119128 5.31841
22556 25563 0.12076 5.33507
22552 25563 0.122392 5.35174
22550 25563 0.124023 5.3684
22547 25563 0.125655 5.38507
22542 25563 0.127287 5.40174
22536 25563 0.128919 5.4184
22531 25563 0.130551 5.43507
22529 25563 0.132183 5.45174
22521 25563 0.133815 5.4684
22517 25563 0.135447 5.48507
22512 25563 0.137079 5.50174
22504 25563 0.13871 5.5184
22497 25563 0.140342 5.53507
22488 25563 0.141974 5.55173
22481 25563 0.143606 5.5684
22467 25563 0.145238 5.58507
22460 25563 0.14687 5.60173
22455 25563 0.148502 5.6184
22445 25563 0.150134 5.63507
22436 25563 0.151766 5.65173
22425 25563 0.153397 5.6684
22416 25563 0.155029 5.68507
22408 25563 0.156661 5.70173
22398 25563 0.158293 5.7184
22384 25563 0.159925 5.73507
22376 25563 0.161557 5.75173
22362 25563 0.163189 5.7684
22352 25563 0.164821 5.78506
22344 25563 0.166452 5.80173
22334 25563 0.168084 5.8184
22318 25563 0.169716 5.83506
22310 25563 0.171348 5.85173
22299 25563 0.17298 5.8684
22290 25563 0.174612 5.88506
22271 25563 0.176244 5.90173
22261 25563 0.177876 5.9184
22250 25563 0.179508 5.93506
22237 25563 0.181139 5.95173
22226 25563 0.182771 5.9684
22214 25563 0.184403 5.98506
22203 25563 0.186035 6.00173
22189 25563 0.187667 6.01839
22176 25563 0.189299 6.03506
22161 25563 0.190931 6.05173
22151 25563 0.192563 6.06839
22138 25563 0.194195 6.08506
22122 25563 0.195826 6.10173
22109 25563 0.197458 6.11839
22097 25563 0.19909 6.13506
22086 25563 0.200722 6.15173
22069 25563 0.202354 6.16839
22057 25563 0.203986 6.18506
22040 25563 0.205618 6.20173
22028 25563 0.20725 6.21839
22013 25563 0.208882 6.23506
21997 25563 0.210513 6.25172
21982 25563 0.212145 6.26839
21967 25563 0.213777 6.28506
21956 25563 0.215409 6.30172
21935 25563 0.217041 6.31839
21923 25563 0.218673 6.33506
21909 25563 0.220305 6.35172
21894 25563 0.221937 6.36839
21875 25563 0.223568 6.38506
21865 25563 0.2252 6.40172
21849 25563 0.226832 6.41839
21837 25563 0.228464 6.43505
21820 25563 0.230096 6.45172
21808 25563 0.231728 6.46839
21794 25563 0.23336 6.48505
21778 25563 0.234992 6.50172
21761 25563 0.236624 6.51839
21747 25563 0.238255 6.53505
21735 25563 0.239887 6.55172
21721 25563 0.241519 6.56839
21704 25563 0.243151 6.58505
21686 25563 0.244783 6.60172
21675 25563 0.246415 6.61839
21659 25563 0.248047 6.63505
21644 25563 0.249679 6.65172
21631 25563 0.251311 6.66838
21614 25563 0.252942 6.68505
21602 25563 0.254574 6.70172
21583 25563 0.256206 6.71838
21572 25563 0.257838 6.73505
21553 25563 0.25947 6.75172
21544 25563 0.261102 6.76838
21531 25563 0.262734 6.78505
21512 25563 0.264366 6.80172
21497 25563 0.265998 6.81838
21486 25563 0.267629 6.83505
21470 25563 0.269261 6.85172
21459 25563 0.270893 6.86838
21438 25563 0.272525 6.88505
21428 25563 0.274157 6.90171
21411 25563 0.275789 6.91838
21393 25563 0.277421 6.93505
21383 25563 0.279053 6.95171
21365 25563 0.280685 6.96838
21352 25563 0.282316 6.98505
21333 25563 0.283948 7.00171
21317 25563 0.28558 7.01838
21301 25563 0.287212 7.03505
21287 25563 0.288844 7.05171
21271 25563 0.290476 7.06838
21257 25563 0.292108 7.08504
21242 25563 0.29374 7.10171
21229 25563 0.295371 7.11838
21216 25563 0.297003 7.13504
21195 25563 0.298635 7.15171
21180 25563 0.300267 7.16838
21164 25563 0.301899 7.18504
21150 25563 0.303531 7.20171
21135 25563 0.305163 7.21838
21118 25563 0.306795 7.23504
21106 25563 0.308427 7.25171
21094 25563 0.310058 7.26838
21078 25563 0.31169 7.28504
21057 25563 0.313322 7.30171
21039 25563 0.314954 7.31837
21019 25563 0.316586 7.33504
21007 25563 0.318218 7.35171
20994 25563 0.31985 7.36837
20980 25563 0.321482 7.38504
20963 25563 0.323114 7.40171
20948 25563 0.324745 7.41837
20925 25563 0.326377 7.43504
20918 25563 0.328009 7.45171
20900 25563 0.329641 7.46837
20890 25563 0.331273 7.48504
20869 25563 0.332905 7.50171
20854 25563 0.334537 7.51837
20839 25563 0.336169 7.53504
20823 25563 0.337801 7.5517
20808 25563 0.339432 7.56837
20794 25563 0.341064 7.58504
20776 25563 0.342696 7.6017
20758 25563 0.344328 7.61837
20746 25563 0.34596 7.63504
20730 25563 0.347592 7.6517
20711 25563 0.349224 7.66837
20697 25563 0.350856 7.68504
20682 25563 0.352487 7.7017
20663 25563 0.354119 7.71837
20649 25563 0.355751 7.73503
20627 25563 0.357383 7.7517
20614 25563 0.359015 7.76837
20600 25563 0.360647 7.78503
20582 25563 0.362279 7.8017
20570 25563 0.363911 7.81837
20553 25563 0.365543 7.83503
20537 25563 0.367174 7.8517
20524 25563 0.368806 7.86837
20509 25563 0.370438 7.88503
20487 25563 0.37207 7.9017
20475 25563 0.373702 7.91837
20456 25563 0.375334 7.93503
20441 25563 0.376966 7.9517
20420 25563 0.378598 7.96836
20406 25563 0.38023 7.98503
20389 25563 0.381861 8.0017
20372 25563 0.383493 8.01836
20359 25563 0.385125 8.03503
20344 25563 0.386757 8.0517
20328 25563 0.388389 8.06836
20310 25563 0.390021 8.08503
20297 25563 0.391653 8.1017
20281 25563 0.393285 8.11836
20259 25563 0.394917 8.13503
20248 25563 0.396548 8.1517
20234 25563 0.39818 8.16836
20222 25563 0.399812 8.18503
20206 25563 0.401444 8.20169
20186 25563 0.403076 8.21836
20175 25563 0.404708 8.23503
20156 25563 0.40634 8.25169
20141 25563 0.407972 8.26836
20126 25563 0.409603 8.28503
20108 25563 0.411235 8.30169
20092 25563 0.412867 8.31836
20077 25563 0.414499 8.33503
20062 25563 0.416131 8.35169
20044 25563 0.417763 8.36836
20029 25563 0.419395 8.38503
20009 25563 0.421027 8.40169
19991 25563 0.422659 8.41836
19980 25563 0.42429 8.43502
19958 25563 0.425922 8.45169
19945 25563 0.427554 8.46836
19929 25563 0.429186 8.48502
19914 25563 0.430818 8.50169
19894 25563 0.43245 8.51836
19881 25563 0.434082 8.53502
19860 25563 0.435714 8.55169
19844 25563 0.437346 8.56836
19832 25563 0.438977 8.58502
19811 25563 0.440609 8.60169
19798 25563 0.442241 8.61835
19776 25563 0.443873 8.63502
19764 25563 0.445505 8.65169
19748 25563 0.447137 8.66835
19729 25563 0.448769 8.68502
19714 25563 0.450401 8.70169
19693 25563 0.452033 8.71835
19675 25563 0.453664 8.73502
19659 25563 0.455296 8.75169
19640 25563 0.456928 8.76835
19623 25563 0.45856 8.78502
19606 25563 0.460192 8.80169
19585 25563 0.461824 8.81835
19571 25563 0.463456 8.83502
19549 25563 0.465088 8.85168
19534 25563 0.466719 8.86835
19519 25563 0.468351 8.88502
19497 25563 0.469983 8.90168
19480 25563 0.471615 8.91835
19466 25563 0.473247 8.93502
19446 25563 0.474879 8.95168
19427 25563 0.476511 8.96835
19410 25563 0.478143 8.98502
19396 25563 0.479775 9.00168
19378 25563 0.481406 9.01835
19360 25563 0.483038 9.03502
19337 25563 0.48467 9.05168
19320 25563 0.486302 9.06835
19304 25563 0.487934 9.08501
19286 25563 0.489566 9.10168
19266 25563 0.491198 9.11835
19250 25563 0.49283 9.13501
19228 25563 0.494462 9.15168
19211 25563 0.496093 9.16835
19194 25563 0.497725 9.18501
19176 25563 0.499357 9.20168
19158 25563 0.500989 9.21835
19140 25563 0.502621 9.23501
19121 25563 0.504253 9.25168
19107 25563 0.505885 9.26834
19084 25563 0.507517 9.28501
19071 25563 0.509149 9.30168
19049 25563 0.510781 9.31834
19034 25563 0.512412 9.33501
19014 25563 0.514044 9.35168
18995 25563 0.515676 9.36834
18981 25563 0.517308 9.38501
18955 25563 0.51894 9.40168
18935 25563 0.520572 9.41834
18918 25563 0.522204 9.43501
18899 25563 0.523836 9.45168
18886 25563 0.525468 9.46834
18870 25563 0.5271 9.48501
18852 25563 0.528732 9.50167
18827 25563 0.530364 9.51834
18805 25563 0.531995 9.53501
18790 25563 0.533627 9.55167
18768 25563 0.535259 9.56834
18747 25563 0.536891 9.58501
18734 25563 0.538523 9.60167
18714 25563 0.540155 9.61834
18695 25563 0.541787 9.63501
18677 25563 0.543419 9.65167
18656 25563 0.545051 9.66834
18640 25563 0.546683 9.68501
18619 25563 0.548315 9.70167
18602 25563 0.549947 9.71834
18586 25563 0.551578 9.735
18562 25563 0.55321 9.75167
18544 25563 0.554842 9.76834
18528 25563 0.556474 9.785
18507 25563 0.558106 9.80167
18491 25563 0.559738 9.81834
18477 25563 0.56137 9.835
18448 25563 0.563002 9.85167
18433 25563 0.564634 9.86834
18415 25563 0.566266 9.885
18400 25563 0.567898 9.90167
18385 25563 0.56953 9.91833
18359 25563 0.571161 9.935
18346 25563 0.572793 9.95167
18321 25563 0.574425 9.96833
18303 25563 0.576057 9.985
18281 25563 0.577689 10.0017
18267 25563 0.579321 10.0183
18250 25563 0.580953 10.035
18231 25563 0.582585 10.0517
18209 25563 0.584217 10.0683
18187 25563 0.585849 10.085
18176 25563 0.587481 10.1017
18154 25563 0.589113 10.1183
18135 25563 0.590744 10.135
18114 25563 0.592376 10.1517
18096 25563 0.594008 10.1683
18075 25563 0.59564 10.185
18060 25563 0.597272 10.2017
18035 25563 0.598904 10.2183
18019 25563 0.600536 10.235
18001 25563 0.602168 10.2517
17982 25563 0.6038 10.2683
17962 25563 0.605432 10.285
17945 25563 0.607064 10.3017
17924 25563 0.608696 10.3183
17904 25563 0.610327 10.335
17882 25563 0.611959 10.3517
17864 25563 0.613591 10.3683
17843 25563 0.615223 10.385
17824 25563 0.616855 10.4017
17804 25563 0.618487 10.4183
17788 25563 0.620119 10.435
17765 25563 0.621751 10.4517
17741 25563 0.623383 10.4683
17724 25563 0.625015 10.485
17707 25563 0.626647 10.5017
17688 25563 0.628278 10.5183
17663 25563 0.62991 10.535
17643 25563 0.631542 10.5517
17623 25563 0.633174 10.5683
17609 25563 0.634806 10.585
17589 25563 0.636438 10.6017
17563 25563 0.63807 10.6183
17539 25563 0.639702 10.635
17516 25563 0.641334 10.6517
17499 25563 0.642966 10.6683
17477 25563 0.644598 10.685
17458 25563 0.64623 10.7017
17433 25563 0.647861 10.7183
17417 25563 0.649493 10.735
17399 25563 0.651125 10.7517
17375 25563 0.652757 10.7683
17357 25563 0.654389 10.785
17336 25563 0.656021 10.8017
17313 25563 0.657653 10.8183
17295 25563 0.659285 10.835
17275 25563 0.660917 10.8517
17255 25563 0.662549 10.8683
17231 25563 0.664181 10.885
17216 25563 0.665813 10.9017
17196 25563 0.667444 10.9183
17165 25563 0.669076 10.935
17149 25563 0.670708 10.9517
17130 25563 0.67234 10.9683
17106 25563 0.673972 10.985
17086 25563 0.675604 11.0017
17065 25563 0.677236 11.0183
17047 25563 0.678868 11.035
17021 25563 0.6805 11.0517
16996 25563 0.682132 11.0683
16981 25563 0.683764 11.085
16956 25563 0.685396 11.1017
16936 25563 0.687027 11.1183
16913 25563 0.688659 11.135
16894 25563 0.690291 11.1516
16872 25563 0.691923 11.1683
16848 25563 0.693555 11.185
16827 25563 0.695187 11.2016
16804 25563 0.696819 11.2183
16788 25563 0.698451 11.235
16757 25563 0.700083 11.2516
16739 25563 0.701715 11.2683
16714 25563 0.703347 11.285
16693 25563 0.704979 11.3016
16674 25563 0.70661 11.3183
16646 25563 0.708242 11.335
16632 25563 0.709874 11.3516
16609 25563 0.711506 11.3683
16588 25563 0.713138 11.385
16562 25563 0.71477 11.4016
16542 25563 0.716402 11.4183
16516 25563 0.718034 11.435
16495 25563 0.719666 11.4516
16474 25563 0.721298 11.4683
16453 25563 0.72293 11.485
16428 25563 0.724562 11.5016
16405 25563 0.726193 11.5183
16380 25563 0.727825 11.535
16368 25563 0.729457 11.5516
16341 25563 0.731089 11.5683
16323 25563 0.732721 11.585
16302 25563 0.734353 11.6016
16278 25563 0.735985 11.6183
16253 25563 0.737617 11.635
16233 25563 0.739249 11.6516
16202 25563 0.740881 11.6683
16187 25563 0.742513 11.685
16161 25563 0.744144 11.7016
16141 25563 0.745776 11.7183
16125 25563 0.747408 11.735
16098 25563 0.74904 11.7516
16078 25563 0.750672 11.7683
16051 25563 0.752304 11.785
16031 25563 0.753936 11.8016
16013 25563 0.755568 11.8183
15994 25563 0.7572 11.835
15966 25563 0.758832 11.8516
15945 25563 0.760464 11.8683
15923 25563 0.762096 11.885
15893 25563 0.763727 11.9016
15875 25563 0.765359 11.9183
15854 25563 0.766991 11.935
15830 25563 0.768623 11.9516
15807 25563 0.770255 11.9683
15782 25563 0.771887 11.985
15762 25563 0.773519 12.0016
15743 25563 0.775151 12.0183
15715 25563 0.776783 12.035
15693 25563 0.778415 12.0516
15669 25563 0.780047 12.0683
15643 25563 0.781679 12.085
15625 25563 0.78331 12.1016
15600 25563 0.784942 12.1183
15580 25563 0.786574 12.135
15553 25563 0.788206 12.1516
15527 25563 0.789838 12.1683
15506 25563 0.79147 12.185
15484 25563 0.793102 12.2016
15464 25563 0.794734 12.2183
15437 25563 0.796366 12.235
15408 25563 0.797998 12.2516
15391 25563 0.79963 12.2683
15365 25563 0.801262 12.285
15340 25563 0.802893 12.3016
15317 25563 0.804525 12.3183
15291 25563 0.806157 12.335
15269 25563 0.807789 12.3516
15242 25563 0.809421 12.3683
15216 25563 0.811053 12.385
15196 25563 0.812685 12.4016
15173 25563 0.814317 12.4183
15143 25563 0.815949 12.435
15123 25563 0.817581 12.4516
15090 25563 0.819213 12.4683
15068 25563 0.820845 12.485
15044 25563 0.822476 12.5016
15016 25563 0.824108 12.5183
14983 25563 0.82574 12.535
14969 25563 0.827372 12.5516
14939 25563 0.829004 12.5683
14918 25563 0.830636 12.585
14888 25563 0.832268 12.6016
14861 25563 0.8339 12.6183
14840 25563 0.835532 12.635
14811 25563 0.837164 12.6516
14787 25563 0.838796 12.6683
14761 25563 0.840428 12.685
14736 25563 0.842059 12.7016
14712 25563 0.843691 12.7183
14683 25563 0.845323 12.735
14657 25563 0.846955 12.7516
14637 25563 0.848587 12.7683
14600 25563 0.850219 12.785
14577 25563 0.851851 12.8016
14552 25563 0.853483 12.8183
14531 25563 0.855115 12.835
14505 25563 0.856747 12.8516
14472 25563 0.858379 12.8683
14443 25563 0.860011 12.885
14425 25563 0.861642 12.9016
14394 25563 0.863274 12.9183
14369 25563 0.864906 12.935
14342 25563 0.866538 12.9516
14315 25563 0.86817 12.9683
14281 25563 0.869802 12.985
14263 25563 0.871434 13.0016
14235 25563 0.873066 13.0183
14210 25563 0.874698 13.035
14179 25563 0.87633 13.0516
14157 25563 0.877962 13.0683
14132 25563 0.879593 13.085
14106 25563 0.881225 13.1016
14081 25563 0.882857 13.1183
14048 25563 0.884489 13.135
14025 25563 0.886121 13.1516
13999 25563 0.887753 13.1683
13972 25563 0.889385 13.185
13946 25563 0.891017 13.2016
13913 25563 0.892649 13.2183
13895 25563 0.894281 13.235
13861 25563 0.895913 13.2516
13841 25563 0.897545 13.2683
13808 25563 0.899176 13.285
13768 25563 0.900808 13.3016
13748 25563 0.90244 13.3183
13728 25563 0.904072 13.3349
13696 25563 0.905704 13.3516
13667 25563 0.907336 13.3683
13634 25563 0.908968 13.3849
13608 25563 0.9106 13.4016
13580 25563 0.912232 13.4183
13552 25563 0.913864 13.4349
13517 25563 0.915496 13.4516
13488 25563 0.917128 13.4683
13463 25563 0.918759 13.4849
13438 25563 0.920391 13.5016
13402 25563 0.922023 13.5183
13377 25563 0.923655 13.5349
13344 25563 0.925287 13.5516
13317 25563 0.926919 13.5683
13289 25563 0.928551 13.5849
13257 25563 0.930183 13.6016
13228 25563 0.931815 13.6183
13195 25563 0.933447 13.6349
13165 25563 0.935079 13.6516
13139 25563 0.936711 13.6683
13114 25563 0.938342 13.6849
13079 25563 0.939974 13.7016
13053 25563 0.941606 13.7183
13021 25563 0.943238 13.7349
12994 25563 0.94487 13.7516
12961 25563 0.946502 13.7683
12933 25563 0.948134 13.7849
12907 25563 0.949766 13.8016
12879 25563 0.951398 13.8183
12852 25563 0.95303 13.8349
12819 25563 0.954662 13.8516
12785 25563 0.956294 13.8683
12758 25563 0.957925 13.8849
12735 25563 0.959557 13.9016
12707 25563 0.961189 13.9183
12676 25563 0.962821 13.9349
12643 25563 0.964453 13.9516
12617 25563 0.966085 13.9683
12597 25563 0.967717 13.9849
12563 25563 0.969349 14.0016
12529 25563 0.970981 14.0183
12496 25563 0.972613 14.0349
12476 25563 0.974245 14.0516
12443 25563 0.975877 14.0683
12415 25563 0.977508 14.0849
12388 25563 0.97914 14.1016
12351 25563 0.980772 14.1183
12327 25563 0.982404 14.1349
12302 25563 0.984036 14.1516
12261 25563 0.985668 14.1683
12240 25563 0.9873 14.1849
12205 25563 0.988932 14.2016
12177 25563 0.990564 14.2183
12142 25563 0.992196 14.2349
12115 25563 0.993828 14.2516
12082 25563 0.995459 14.2683
12059 25563 0.997091 14.2849
12031 25563 0.998723 14.3016
11992 25563 1.00036 14.3183
11960 25563 1.00199 14.3349
11929 25563 1.00362 14.3516
11902 25563 1.00525 14.3683
11873 25563 1.00688 14.3849
11840 25563 1.00851 14.4016
11807 25563 1.01015 14.4183
11785 25563 1.01178 14.4349
11754 25563 1.01341 14.4516
11725 25563 1.01504 14.4683
11692 25563 1.01667 14.4849
11665 25563 1.01831 14.5016
11636 25563 1.01994 14.5183
11603 25563 1.02157 14.5349
11574 25563 1.0232 14.5516
11540 25563 1.02483 14.5683
11510 25563 1.02646 14.5849
11481 25563 1.0281 14.6016
11451 25563 1.02973 14.6183
11412 25563 1.03136 14.6349
11390 25563 1.03299 14.6516
11357 25563 1.03462 14.6683
11323 25563 1.03626 14.6849
11294 25563 1.03789 14.7016
11264 25563 1.03952 14.7183
11231 25563 1.04115 14.7349
11206 25563 1.04278 14.7516
11172 25563 1.04442 14.7683
11139 25563 1.04605 14.7849
11105 25563 1.04768 14.8016
11076 25563 1.04931 14.8183
11045 25563 1.05094 14.8349
11008 25563 1.05257 14.8516
10981 25563 1.05421 14.8683
10939 25563 1.05584 14.8849
10917 25563 1.05747 14.9016
10884 25563 1.0591 14.9183
10848 25563 1.06073 14.9349
10815 25563 1.06237 14.9516
10780 25563 1.064 14.9683
10749 25563 1.06563 14.9849
10712 25563 1.06726 15.0016
10675 25563 1.06889 15.0183
10647 25563 1.07053 15.0349
10612 25563 1.07216 15.0516
10580 25563 1.07379 15.0683
10547 25563 1.07542 15.0849
10522 25563 1.07705 15.1016
10473 25563 1.07868 15.1183
10448 25563 1.08032 15.1349
10416 25563 1.08195 15.1516
10381 25563 1.08358 15.1683
10341 25563 1.08521 15.1849
10312 25563 1.08684 15.2016
10277 25563 1.08848 15.2183
10243 25563 1.09011 15.2349
10213 25563 1.09174 15.2516
10180 25563 1.09337 15.2683
10147 25563 1.095 15.2849
10113 25563 1.09663 15.3016
10084 25563 1.09827 15.3183
10052 25563 1.0999 15.3349
10017 25563 1.10153 15.3516
9979 25563 1.10316 15.3683
9953 25563 1.10479 15.3849
9921 25563 1.10643 15.4016
9885 25563 1.10806 15.4183
9853 25563 1.10969 15.4349
9824 25563 1.11132 15.4516
9799 25563 1.11295 15.4683
9763 25563 1.11459 15.4849
9733 25563 1.11622 15.5016
9704 25563 1.11785 15.5182
9675 25563 1.11948 15.5349
9642 25563 1.12111 15.5516
9610 25563 1.12274 15.5682
9580 25563 1.12438 15.5849
9547 25563 1.12601 15.6016
9525 25563 1.12764 15.6182
9489 25563 1.12927 15.6349
9455 25563 1.1309 15.6516
9430 25563 1.13254 15.6682
9403 25563 1.13417 15.6849
9366 25563 1.1358 15.7016
9336 25563 1.13743 15.7182
9308 25563 1.13906 15.7349
9274 25563 1.14069 15.7516
9237 25563 1.14233 15.7682
9204 25563 1.14396 15.7849
9175 25563 1.14559 15.8016
9148 25563 1.14722 15.8182
9117 25563 1.14885 15.8349
9083 25563 1.15049 15.8516
9055 25563 1.15212 15.8682
9019 25563 1.15375 15.8849
8984 25563 1.15538 15.9016
8954 25563 1.15701 15.9182
8924 25563 1.15865 15.9349
8898 25563 1.16028 15.9516
8862 25563 1.16191 15.9682
8828 25563 1.16354 15.9849
8801 25563 1.16517 16.0016
8770 25563 1.1668 16.0182
8737 25563 1.16844 16.0349
8707 25563 1.17007 16.0516
8673 25563 1.1717 16.0682
8642 25563 1.17333 16.0849
8617 25563 1.17496 16.1016
8576 25563 1.1766 16.1182
8552 25563 1.17823 16.1349
8523 25563 1.17986 16.1516
8488 25563 1.18149 16.1682
8453 25563 1.18312 16.1849
8427 25563 1.18475 16.2016
8397 25563 1.18639 16.2182
8361 25563 1.18802 16.2349
8336 25563 1.18965 16.2516
8303 25563 1.19128 16.2682
8270 25563 1.19291 16.2849
8242 25563 1.19455 16.3016
8211 25563 1.19618 16.3182
8175 25563 1.19781 16.3349
8147 25563 1.19944 16.3516
8122 25563 1.20107 16.3682
8089 25563 1.20271 16.3849
8059 25563 1.20434 16.4016
8022 25563 1.20597 16.4182
7996 25563 1.2076 16.4349
7963 25563 1.20923 16.4516
7937 25563 1.21086 16.4682
7906 25563 1.2125 16.4849
7871 25563 1.21413 16.5016
7843 25563 1.21576 16.5182
7809 25563 1.21739 16.5349
7782 25563 1.21902 16.5516
7752 25563 1.22066 16.5682
7717 25563 1.22229 16.5849
7686 25563 1.22392 16.6016
7658 25563 1.22555 16.6182
7622 25563 1.22718 16.6349
7596 25563 1.22882 16.6516
7561 25563 1.23045 16.6682
7537 25563 1.23208 16.6849
7501 25563 1.23371 16.7016
7469 25563 1.23534 16.7182
7445 25563 1.23697 16.7349
7409 25563 1.23861 16.7516
7375 25563 1.24024 16.7682
7346 25563 1.24187 16.7849
7317 25563 1.2435 16.8016
7288 25563 1.24513 16.8182
7264 25563 1.24677 16.8349
7232 25563 1.2484 16.8516
7193 25563 1.25003 16.8682
7166 25563 1.25166 16.8849
7139 25563 1.25329 16.9016
7103 25563 1.25492 16.9182
7067 25563 1.25656 16.9349
7042 25563 1.25819 16.9516
7015 25563 1.25982 16.9682
6985 25563 1.26145 16.9849
6955 25563 1.26308 17.0016
6924 25563 1.26472 17.0182
6893 25563 1.26635 17.0349
6862 25563 1.26798 17.0516
6838 25563 1.26961 17.0682
6804 25563 1.27124 17.0849
6777 25563 1.27288 17.1016
6747 25563 1.27451 17.1182
6715 25563 1.27614 17.1349
6681 25563 1.27777 17.1516
6659 25563 1.2794 17.1682
6626 25563 1.28103 17.1849
6596 25563 1.28267 17.2016
6563 25563 1.2843 17.2182
6539 25563 1.28593 17.2349
6506 25563 1.28756 17.2516
6478 25563 1.28919 17.2682
6447 25563 1.29083 17.2849
6420 25563 1.29246 17.3016
6393 25563 1.29409 17.3182
6356 25563 1.29572 17.3349
6335 25563 1.29735 17.3516
6303 25563 1.29898 17.3682
6273 25563 1.30062 17.3849
6242 25563 1.30225 17.4016
6218 25563 1.30388 17.4182
6186 25563 1.30551 17.4349
6156 25563 1.30714 17.4516
6129 25563 1.30878 17.4682
6100 25563 1.31041 17.4849
6077 25563 1.31204 17.5016
6047 25563 1.31367 17.5182
6008 25563 1.3153 17.5349
5983 25563 1.31694 17.5516
5956 25563 1.31857 17.5682
5927 25563 1.3202 17.5849
5902 25563 1.32183 17.6016
5874 25563 1.32346 17.6182
5843 25563 1.32509 17.6349
5814 25563 1.32673 17.6516
5793 25563 1.32836 17.6682
5765 25563 1.32999 17.6849
5732 25563 1.33162 17.7015
5705 25563 1.33325 17.7182
5676 25563 1.33489 17.7349
5649 25563 1.33652 17.7515
5619 25563 1.33815 17.7682
5600 25563 1.33815 17.7849
5566 25563 1.33815 17.8015
5535 25563 1.33815 17.8182
5503 25563 1.33815 17.8349
5476 25563 1.33815 17.8515
5453 25563 1.33815 17.8682
5432 25563 1.33815 17.8849
5400 25563 1.33815 17.9015
5366 25563 1.33815 17.9182
5344 25563 1.33815 17.9349
5315 25563 1.33815 17.9515
5289 25563 1.33815 17.9682
5263 25563 1.33815 17.9849
5231 25563 1.33815 18.0015
5203 25563 1.33815 18.0182
5184 25563 1.33815 18.0349
5148 25563 1.33815 18.0515
5126 25563 1.33815 18.0682
5095 25563 1.33815 18.0849
5068 25563 1.33815 18.1015
5041 25563 1.33815 18.1182
5011 25563 1.33815 18.1349
4987 25563 1.33815 18.1515
4960 25563 1.33815 18.1682
4936 25563 1.33815 18.1849
4908 25563 1.33815 18.2015
4876 25563 1.33815 18.2182
4852 25563 1.33815 18.2349
4824 25563 1.33815 18.2515
4796 25563 1.33815 18.2682
4770 25563 1.33815 18.2849
4743 25563 1.33815 18.3015
4712 25563 1.33815 18.3182
4689 25563 1.33815 18.3349
4663 25563 1.33815 18.3515
4638 25563 1.33815 18.3682
4614 25563 1.33815 18.3849
4587 25563 1.33815 18.4015
4562 25563 1.33815 18.4182
4535 25563 1.33815 18.4349
4509 25563 1.33815 18.4515
4486 25563 1.33815 18.4682
4457 25563 1.33815 18.4849
4440 25563 1.33815 18.5015
4416 25563 1.33815 18.5182
4392 25563 1.33815 18.5349
4376 25563 1.33815 18.5515
4349 25563 1.33815 18.5682
4328 25563 1.33815 18.5849
4304 25563 1.33815 18.6015
4281 25563 1.33815 18.6182
4264 25563 1.33815 18.6349
4238 25563 1.33815 18.6515
4223 25563 1.33815 18.6682
4200 25563 1.33815 18.6849
4183 25563 1.33815 18.7015
4164 25563 1.33815 18.7182
4139 25563 1.33815 18.7349
4125 25563 1.33815 18.7515
4112 25563 1.33815 18.7682
4086 25563 1.33815 18.7849
4071 25563 1.33815 18.8015
4058 25563 1.33815 18.8182
4039 25563 1.33815 18.8349
4018 25563 1.33815 18.8515
4008 25563 1.33815 18.8682
3989 25563 1.33815 18.8849
3980 25563 1.33815 18.9015
3954 25563 1.33815 18.9182
3943 25563 1.33815 18.9349
3928 25563 1.33815 18.9515
3915 25563 1.33815 18.9682
3901 25563 1.33815 18.9849
3888 25563 1.33815 19.0015
3875 25563 1.33815 19.0182
3857 25563 1.33815 19.0349
3847 25563 1.33815 19.0515
3831 25563 1.33815 19.0682
3822 25563 1.33815 19.0849
3809 25563 1.33815 19.1015
3793 25563 1.33815 19.1182
3782 25563 1.33815 19.1349
3770 25563 1.33815 19.1515
3756 25563 1.33815 19.1682
3747 25563 1.33815 19.1849
3733 25563 1.33815 19.2015
3725 25563 1.33815 19.2182
3712 25563 1.33815 19.2349
3704 25563 1.33815 19.2515
3692 25563 1.33815 19.2682
3681 25563 1.33815 19.2849
3670 25563 1.33815 19.3015
3658 25563 1.33815 19.3182
3648 25563 1.33815 19.3349
3640 25563 1.33815 19.3515
3630 25563 1.33815 19.3682
3619 25563 1.33815 19.3849
3611 25563 1.33815 19.4015
3599 25563 1.33815 19.4182
3592 25563 1.33815 19.4349
3581 25563 1.33815 19.4515
3571 25563 1.33815 19.4682
3560 25563 1.33815 19.4849
3555 25563 1.33815 19.5015
3546 25563 1.33815 19.5182
3535 25563 1.33815 19.5349
3529 25563 1.33815 19.5515
3518 25563 1.33815 19.5682
3513 25563 1.33815 19.5849
3501 25563 1.33815 19.6015
3496 25563 1.33815 19.6182
3489 25563 1.33815 19.6349
3479 25563 1.33815 19.6515
3470 25563 1.33815 19.6682
3465 25563 1.33815 19.6849
3459 25563 1.33815 19.7015
3449 25563 1.33815 19.7182
3441 25563 1.33815 19.7349
3436 25563 1.33815 19.7515
3429 25563 1.33815 19.7682
3423 25563 1.33815 19.7849
3415 25563 1.33815 19.8015
3407 25563 1.33815 19.8182
3402 25563 1.33815 19.8349
3395 25563 1.33815 19.8515
3389 25563 1.33815 19.8682
3381 25563 1.33815 19.8848
3375 25563 1.33815 19.9015
3370 25563 1.33815 19.9182
3363 25563 1.33815 19.9348
3357 25563 1.33815 19.9515
3349 25563 1.33815 19.9682
3346 25563 1.33815 19.9848
3337 25563 1.33815 20.0015
3333 25563 1.33815 20.0182
3329 25563 1.33815 20.0348
3320 25563 1.33815 20.0515
3314 25563 1.33815 20.0682
3311 25563 1.33815 20.0848
3307 25563 1.33815 20.1015
3298 25563 1.33815 20.1182
3295 25563 1.33815 20.1348
3289 25563 1.33815 20.1515
3286 25563 1.33815 20.1682
3278 25563 1.33815 20.1848
3273 25563 1.33815 20.2015
3270 25563 1.33815 20.2182
3264 25563 1.33815 20.2348
3260 25563 1.33815 20.2515
3251 25563 1.33815 20.2682
3249 25563 1.33815 20.2848
3245 25563 1.33815 20.3015
3241 25563 1.33815 20.3182
3235 25563 1.33815 20.3348
3231 25563 1.33815 20.3515
3225 25563 1.33815 20.3682
3221 25563 1.33815 20.3848
3219 25563 1.33815 20.4015
3212 25563 1.33815 20.4182
3206 25563 1.33815 20.4348
3204 25563 1.33815 20.4515
3200 25563 1.33815 20.4682
3197 25563 1.33815 20.4848
3191 25563 1.33815 20.5015
3188 25563 1.33815 20.5182
3184 25563 1.33815 20.5348
3181 25563 1.33815 20.5515
3177 25563 1.33815 20.5682
3173 25563 1.33815 20.5848
3167 25563 1.33815 20.6015
3164 25563 1.33815 20.6182
3160 25563 1.33815 20.6348
3158 25563 1.33815 20.6515
3153 25563 1.33815 20.6682
3148 25563 1.33815 20.6848
3147 25563 1.33815 20.7015
3142 25563 1.33815 20.7182
3138 25563 1.33815 20.7348
3134 25563 1.33815 20.7515
3132 25563 1.33815 20.7682
3127 25563 1.33815 20.7848
3123 25563 1.33815 20.8015
3121 25563 1.33815 20.8182
3118 25563 1.33815 20.8348
3113 25563 1.33815 20.8515
3110 25563 1.33815 20.8682
3108 25563 1.33815 20.8848
3103 25563 1.33815 20.9015
3100 25563 1.33815 20.9182
3098 25563 1.33815 20.9348
3096 25563 1.33815 20.9515
3089 25563 1.33815 20.9682
3087 25563 1.33815 20.9848
3082 25563 1.33815 21.0015
3080 25563 1.33815 21.0182
3078 25563 1.33815 21.0348
3075 25563 1.33815 21.0515
3071 25563 1.33815 21.0682
3069 25563 1.33815 21.0848
3066 25563 1.33815 21.1015
3063 25563 1.33815 21.1182
3061 25563 1.33815 21.1348
3059 25563 1.33815 21.1515
3054 25563 1.33815 21.1682
3051 25563 1.33815 21.1848
3048 25563 1.33815 21.2015
3046 25563 1.33815 21.2182
3043 25563 1.33815 21.2348
3039 25563 1.33815 21.2515
3038 25563 1.33815 21.2682
3035 25563 1.33815 21.2848
3032 25563 1.33815 21.3015
3029 25563 1.33815 21.3182
3027 25563 1.33815 21.3348
3024 25563 1.33815 21.3515
3024 25563 1.33815 21.3682
3021 25563 1.33815 21.3848
3019 25563 1.33815 21.4015
3016 25563 1.33815 21.4182
3014 25563 1.33815 21.4348
3011 25563 1.33815 21.4515
3008 25563 1.33815 21.4682
3006 25563 1.33815 21.4848
3005 25563 1.33815 21.5015
3005 25563 1.33815 21.5182
3001 25563 1.33815 21.5348
2997 25563 1.33815 21.5515
2997 25563 1.33815 21.5682
2993 25563 1.33815 21.5848
2990 25563 1.33815 21.6015
2990 25563 1.33815 21.6182
2987 25563 1.33815 21.6348
2982 25563 1.33815 21.6515
2980 25563 1.33815 21.6682
2979 25563 1.33815 21.6848
2977 25563 1.33815 21.7015
2975 25563 1.33815 21.7182
2975 25563 1.33815 21.7348
2972 25563 1.33815 21.7515
2969 25563 1.33815 21.7682
2967 25563 1.33815 21.7848
2965 25563 1.33815 21.8015
2963 25563 1.33815 21.8182
2962 25563 1.33815 21.8348
2959 25563 1.33815 21.8515
2957 25563 1.33815 21.8682
2954 25563 1.33815 21.8848
2954 25563 1.33815 21.9015
2952 25563 1.33815 21.9182
2951 25563 1.33815 21.9348
2949 25563 1.33815 21.9515
2948 25563 1.33815 21.9682
2944 25563 1.33815 21.9848
2942 25563 1.33815 22.0015
2941 25563 1.33815 22.0182
2939 25563 1.33815 22.0348
2939 25563 1.33815 22.0515
2937 25563 1.33815 22.0681
2934 25563 1.33815 22.0848
2934 25563 1.33815 22.1015
2932 25563 1.33815 22.1181
2930 25563 1.33815 22.1348
2929 25563 1.33815 22.1515
2926 25563 1.33815 22.1681
2924 25563 1.33815 22.1848
2923 25563 1.33815 22.2015
2923 25563 1.33815 22.2181
2922 25563 1.33815 22.2348
2919 25563 1.33815 22.2515
2918 25563 1.33815 22.2681
2916 25563 1.33815 22.2848
2914 25563 1.33815 22.3015
2914 25563 1.33815 22.3181
2913 25563 1.33815 22.3348
2912 25563 1.33815 22.3515
2908 25563 1.33815 22.3681
2908 25563 1.33815 22.3848
2907 25563 1.33815 22.4015
2907 25563 1.33815 22.4181
2904 25563 1.33815 22.4348
2902 25563 1.33815 22.4515
2901 25563 1.33815 22.4681
2901 25563 1.33815 22.4848
2898 25563 1.33815 22.5015
2896 25563 1.33815 22.5181
2895 25563 1.33815 22.5348
2894 25563 1.33815 22.5515
2893 25563 1.33815 22.5681
2892 25563 1.33815 22.5848
2891 25563 1.33815 22.6015
2890 25563 1.33815 22.6181
2888 25563 1.33815 22.6348
2887 25563 1.33815 22.6515
2885 25563 1.33815 22.6681
2884 25563 1.33815 22.6848
2884 25563 1.33815 22.7015
2880 25563 1.33815 22.7181
2880 25563 1.33815 22.7348
2879 25563 1.33815 22.7515
2877 25563 1.33815 22.7681
2875 25563 1.33815 22.7848
2873 25563 1.33815 22.8015
2873 25563 1.33815 22.8181
2873 25563 1.33815 22.8348
2873 25563 1.33815 22.8515
2872 25563 1.33815 22.8681
2869 25563 1.33815 22.8848
2867 25563 1.33815 22.9015
2867 25563 1.33815 22.9181
2867 25563 1.33815 22.9348
2864 25563 1.33815 22.9515
2863 25563 1.33815 22.9681
2861 25563 1.33815 22.9848
2861 25563 1.33815 23.0015
2860 25563 1.33815 23.0181
2860 25563 1.33815 23.0348
2859 25563 1.33815 23.0515
2855 25563 1.33815 23.0681
2854 25563 1.33815 23.0848
2854 25563 1.33815 23.1015
2853 25563 1.33815 23.1181
2853 25563 1.33815 23.1348
2851 25563 1.33815 23.1515
2851 25563 1.33815 23.1681
2850 25563 1.33815 23.1848
2849 25563 1.33815 23.2015
2847 25563 1.33815 23.2181
2846 25563 1.33815 23.2348
2845 25563 1.33815 23.2515
2843 25563 1.33815 23.2681
2843 25563 1.33815 23.2848
2842 25563 1.33815 23.3015
2841 25563 1.33815 23.3181
2841 25563 1.33815 23.3348
2839 25563 1.33815 23.3515
2838 25563 1.33815 23.3681
2838 25563 1.33815 23.3848
2836 25563 1.33815 23.4015
2835 25563 1.33815 23.4181
2835 25563 1.33815 23.4348
2834 25563 1.33815 23.4515
2834 25563 1.33815 23.4681
2832 25563 1.33815 23.4848
2830 25563 1.33815 23.5015
2829 25563 1.33815 23.5181
2829 25563 1.33815 23.5348
2828 25563 1.33815 23.5515
2827 25563 1.33815 23.5681
2826 25563 1.33815 23.5848
2826 25563 1.33815 23.6015
2825 25563 1.33815 23.6181
2824 25563 1.33815 23.6348
2822 25563 1.33815 23.6515
2821 25563 1.33815 23.6681
2819 25563 1.33815 23.6848
2819 25563 1.33815 23.7015
2818 25563 1.33815 23.7181
2818 25563 1.33815 23.7348
2816 25563 1.33815 23.7515
2815 25563 1.33815 23.7681
2815 25563 1.33815 23.7848
2815 25563 1.33815 23.8015
2814 25563 1.33815 23.8181
2813 25563 1.33815 23.8348
2812 25563 1.33815 23.8515
2812 25563 1.33815 23.8681
2812 25563 1.33815 23.8848
2810 25563 1.33815 23.9015
2810 25563 1.33815 23.9181
2809 25563 1.33815 23.9348
2808 25563 1.33815 23.9515
2807 25563 1.33815 23.9681
2806 25563 1.33815 23.9848
2805 25563 1.33815 24.0015
2804 25563 1.33815 24.0181
2804 25563 1.33815 24.0348
2803 25563 1.33815 24.0515
2802 25563 1.33815 24.0681
2802 25563 1.33815 24.0848
2802 25563 1.33815 24.1015
2800 25563 1.33815 24.1181
2799 25563 1.33815 24.1348
2797 25563 1.33815 24.1515
2797 25563 1.33815 24.1681
2797 25563 1.33815 24.1848
2797 25563 1.33815 24.2015
2796 25563 1.33815 24.2181
2796 25563 1.33815 24.2348
2795 25563 1.33815 24.2514
2794 25563 1.33815 24.2681
2793 25563 1.33815 24.2848
2792 25563 1.33815 24.3014
2792 25563 1.33815 24.3181
2792 25563 1.33815 24.3348
2792 25563 1.33815 24.3514
2792 25563 1.33815 24.3681
2791 25563 1.33815 24.3848
2790 25563 1.33815 24.4014
2788 25563 1.33815 24.4181
2787 25563 1.33815 24.4348
2787 25563 1.33815 24.4514
2786 25563 1.33815 24.4681
2784 25563 1.33815 24.4848
2784 25563 1.33815 24.5014
2784 25563 1.33815 24.5181
2784 25563 1.33815 24.5348
2783 25563 1.33815 24.5514
2783 25563 1.33815 24.5681
2782 25563 1.33815 24.5848
2782 25563 1.33815 24.6014
2781 25563 1.33815 24.6181
2781 25563 1.33815 24.6348
2779 25563 1.33815 24.6514
2779 25563 1.33815 24.6681
2779 25563 1.33815 24.6848
2778 25563 1.33815 24.7014
2778 25563 1.33815 24.7181
2776 25563 1.33815 24.7348
2775 25563 1.33815 24.7514
2774 25563 1.33815 24.7681
2774 25563 1.33815 24.7848
2773 25563 1.33815 24.8014
2773 25563 1.33815 24.8181
2773 25563 1.33815 24.8348
2772 25563 1.33815 24.8514
2772 25563 1.33815 24.8681
2772 25563 1.33815 24.8848
2772 25563 1.33815 24.9014
2772 25563 1.33815 24.9181
2771 25563 1.33815 24.9348
2770 25563 1.33815 24.9514
2770 25563 1.33815 24.9681
2770 25563 1.33815 24.9848
2768 25563 1.33815 25.0014
2768 25563 1.33815 25.0181
2766 25563 1.33815 25.0348
2766 25563 1.33815 25.0514
2765 25563 1.33815 25.0681
2765 25563 1.33815 25.0848
2765 25563 1.33815 25.1014
2764 25563 1.33815 25.1181
2764 25563 1.33815 25.1348
2763 25563 1.33815 25.1514
2763 25563 1.33815 25.1681
2763 25563 1.33815 25.1848
2762 25563 1.33815 25.2014
2762 25563 1.33815 25.2181
2761 25563 1.33815 25.2348
2759 25563 1.33815 25.2514
2758 25563 1.33815 25.2681
2757 25563 1.33815 25.2848
2757 25563 1.33815 25.3014
2757 25563 1.33815 25.3181
2757 25563 1.33815 25.3348
2756 25563 1.33815 25.3514
2756 25563 1.33815 25.3681
2754 25563 1.33815 25.3848
2754 25563 1.33815 25.4014
2754 25563 1.33815 25.4181
2753 25563 1.33815 25.4348
2753 25563 1.33815 25.4514
2753 25563 1.33815 25.4681
2752 25563 1.33815 25.4848
2752 25563 1.33815 25.5014
2751 25563 1.33815 25.5181
2750 25563 1.33815 25.5348
2750 25563 1.33815 25.5514
2750 25563 1.33815 25.5681
2750 25563 1.33815 25.5848
2749 25563 1.33815 25.6014
2748 25563 1.33815 25.6181
2747 25563 1.33815 25.6348
2747 25563 1.33815 25.6514
2747 25563 1.33815 25.6681
2747 25563 1.33815 25.6848
2747 25563 1.33815 25.7014
2746 25563 1.33815 25.7181
2746 25563 1.33815 25.7348
2744 25563 1.33815 25.7514
2744 25563 1.33815 25.7681
2743 25563 1.33815 25.7848
2742 25563 1.33815 25.8014
2742 25563 1.33815 25.8181
2742 25563 1.33815 25.8348
2742 25563 1.33815 25.8514
2741 25563 1.33815 25.8681
2741 25563 1.33815 25.8848
2740 25563 1.33815 25.9014
2740 25563 1.33815 25.9181
2740 25563 1.33815 25.9348
2739 25563 1.33815 25.9514
2738 25563 1.33815 25.9681
2738 25563 1.33815 25.9848
2737 25563 1.33815 26.0014
2737 25563 1.33815 26.0181
2737 25563 1.33815 26.0348
2737 25563 1.33815 26.0514
2737 25563 1.33815 26.0681
2735 25563 1.33815 26.0848
2735 25563 1.33815 26.1014
2735 25563 1.33815 26.1181
2735 25563 1.33815 26.1348
2733 25563 1.33815 26.1514
2733 25563 1.33815 26.1681
2733 25563 1.33815 26.1848
2732 25563 1.33815 26.2014
2732 25563 1.33815 26.2181
2732 25563 1.33815 26.2348
2732 25563 1.33815 26.2514
2730 25563 1.33815 26.2681
2730 25563 1.33815 26.2848
2729 25563 1.33815 26.3014
2728 25563 1.33815 26.3181
2728 25563 1.33815 26.3348
2728 25563 1.33815 26.3514
2728 25563 1.33815 26.3681
2728 25563 1.33815 26.3848
2726 25563 1.33815 26.4014
2726 25563 1.33815 26.4181
2725 25563 1.33815 26.4347
2725 25563 1.33815 26.4514
2725 25563 1.33815 26.4681
2725 25563 1.33815 26.4847
2725 25563 1.33815 26.5014
2724 25563 1.33815 26.5181
2724 25563 1.33815 26.5347
2723 25563 1.33815 26.5514
2721 25563 1.33815 26.5681
2721 25563 1.33815 26.5847
2721 25563 1.33815 26.6014
2721 25563 1.33815 26.6181
2721 25563 1.33815 26.6347
2720 25563 1.33815 26.6514
2720 25563 1.33815 26.6681
2719 25563 1.33815 26.6847
2719 25563 1.33815 26.7014
2719 25563 1.33815 26.7181
2719 25563 1.33815 26.7347
2719 25563 1.33815 26.7514
2719 25563 1.33815 26.7681
2719 25563 1.33815 26.7847
2718 25563 1.33815 26.8014
2718 25563 1.33815 26.8181
2718 25563 1.33815 26.8347
2718 25563 1.33815 26.8514
2718 25563 1.33815 26.8681
2717 25563 1.33815 26.8847
2717 25563 1.33815 26.9014
2717 25563 1.33815 26.9181
2716 25563 1.33815 26.9347
2715 25563 1.33815 26.9514
2715 25563 1.33815 26.9681
2715 25563 1.33815 26.9847
2715 25563 1.33815 27.0014
2714 25563 1.33815 27.0181
2714 25563 1.33815 27.0347
2714 25563 1.33815 27.0514
2714 25563 1.33815 27.0681
2714 25563 1.33815 27.0847
2714 25563 1.33815 27.1014
2714 25563 1.33815 27.1181
2714 25563 1.33815 27.1347
2713 25563 1.33815 27.1514
2712 25563 1.33815 27.1681
2712 25563 1.33815 27.1847
2711 25563 1.33815 27.2014
2711 25563 1.33815 27.2181
2711 25563 1.33815 27.2347
2711 25563 1.33815 27.2514
2711 25563 1.33815 27.2681
2710 25563 1.33815 27.2847
2710 25563 1.33815 27.3014
2709 25563 1.33815 27.3181
2709 25563 1.33815 27.3347
2709 25563 1.33815 27.3514
2709 25563 1.33815 27.3681
2708 25563 1.33815 27.3847
2708 25563 1.33815 27.4014
2707 25563 1.33815 27.4181
2706 25563 1.33815 27.4347
2705 25563 1.33815 27.4514
2705 25563 1.33815 27.4681
2705 25563 1.33815 27.4847
2705 25563 1.33815 27.5014
2705 25563 1.33815 27.5181
2704 25563 1.33815 27.5347
2704 25563 1.33815 27.5514
2704 25563 1.33815 27.5681
2703 25563 1.33815 27.5847
2703 25563 1.33815 27.6014
2703 25563 1.33815 27.6181
2702 25563 1.33815 27.6347
2702 25563 1.33815 27.6514
2702 25563 1.33815 27.6681
2702 25563 1.33815 27.6847
2701 25563 1.33815 27.7014
2701 25563 1.33815 27.7181
2701 25563 1.33815 27.7347
2700 25563 1.33815 27.7514
2699 25563 1.33815 27.7681
2699 25563 1.33815 27.7847
2699 25563 1.33815 27.8014
2699 25563 1.33815 27.8181
2699 25563 1.33815 27.8347
2698 25563 1.33815 27.8514
2698 25563 1.33815 27.8681
2698 25563 1.33815 27.8847
2697 25563 1.33815 27.9014
2697 25563 1.33815 27.9181
2697 25563 1.33815 27.9347
2697 25563 1.33815 27.9514
2697 25563 1.33815 27.9681
2697 25563 1.33815 27.9847
2696 25563 1.33815 28.0014
2695 25563 1.33815 28.0181
2695 25563 1.33815 28.0347
2695 25563 1.33815 28.0514
2695 25563 1.33815 28.0681
2695 25563 1.33815 28.0847
2695 25563 1.33815 28.1014
2695 25563 1.33815 28.1181
2695 25563 1.33815 28.1347
2695 25563 1.33815 28.1514
2693 25563 1.33815 28.1681
2693 25563 1.33815 28.1847
2693 25563 1.33815 28.2014
2693 25563 1.33815 28.2181
2693 25563 1.33815 28.2347
2693 25563 1.33815 28.2514
2692 25563 1.33815 28.2681
2692 25563 1.33815 28.2847
2691 25563 1.33815 28.3014
2691 25563 1.33815 28.3181
2691 25563 1.33815 28.3347
2690 25563 1.33815 28.3514
2689 25563 1.33815 28.3681
2689 25563 1.33815 28.3847
2689 25563 1.33815 28.4014
2689 25563 1.33815 28.4181
2689 25563 1.33815 28.4347
2689 25563 1.33815 28.4514
2687 25563 1.33815 28.4681
2687 25563 1.33815 28.4847
2687 25563 1.33815 28.5014
2687 25563 1.33815 28.5181
2685 25563 1.33815 28.5347
2685 25563 1.33815 28.5514
2685 25563 1.33815 28.5681
2685 25563 1.33815 28.5847
2685 25563 1.33815 28.6014
2685 25563 1.33815 28.618
2685 25563 1.33815 28.6347
2684 25563 1.33815 28.6514
2683 25563 1.33815 28.668
2683 25563 1.33815 28.6847
2683 25563 1.33815 28.7014
2683 25563 1.33815 28.718
2683 25563 1.33815 28.7347
2683 25563 1.33815 28.7514
2682 25563 1.33815 28.768
2682 25563 1.33815 28.7847
2682 25563 1.33815 28.8014
2682 25563 1.33815 28.818
2681 25563 1.33815 28.8347
2681 25563 1.33815 28.8514
2681 25563 1.33815 28.868
2680 25563 1.33815 28.8847
2680 25563 1.33815 28.9014
2680 25563 1.33815 28.918
2680 25563 1.33815 28.9347
2679 25563 1.33815 28.9514
2679 25563 1.33815 28.968
2679 25563 1.33815 28.9847
2679 25563 1.33815 29.0014
2679 25563 1.33815 29.018
2678 25563 1.33815 29.0347
2678 25563 1.33815 29.0514
2678 25563 1.33815 29.068
2678 25563 1.33815 29.0847
2678 25563 1.33815 29.1014
2676 25563 1.33815 29.118
2675 25563 1.33815 29.1347
2675 25563 1.33815 29.1514
2675 25563 1.33815 29.168
2675 25563 1.33815 29.1847
2675 25563 1.33815 29.2014
2675 25563 1.33815 29.218
2674 25563 1.33815 29.2347
2674 25563 1.33815 29.2514
2674 25563 1.33815 29.268
2674 25563 1.33815 29.2847
2674 25563 1.33815 29.3014
2674 25563 1.33815 29.318
2673 25563 1.33815 29.3347
2673 25563 1.33815 29.3514
2672 25563 1.33815 29.368
2672 25563 1.33815 29.3847
2672 25563 1.33815 29.4014
2672 25563 1.33815 29.418
2672 25563 1.33815 29.4347
2672 25563 1.33815 29.4514
2672 25563 1.33815 29.468
2672 25563 1.33815 29.4847
2671 25563 1.33815 29.5014
2671 25563 1.33815 29.518
2671 25563 1.33815 29.5347
2671 25563 1.33815 29.5514
2671 25563 1.33815 29.568
2670 25563 1.33815 29.5847
2670 25563 1.33815 29.6014
2670 25563 1.33815 29.618
2670 25563 1.33815 29.6347
2670 25563 1.33815 29.6514
2670 25563 1.33815 29.668
2669 25563 1.33815 29.6847
2669 25563 1.33815 29.7014
2669 25563 1.33815 29.718
2669 25563 1.33815 29.7347
2668 25563 1.33815 29.7514
2667 25563 1.33815 29.768
2667 25563 1.33815 29.7847
2666 25563 1.33815 29.8014
2666 25563 1.33815 29.818
2666 25563 1.33815 29.8347
2666 25563 1.33815 29.8514
2666 25563 1.33815 29.868
2666 25563 1.33815 29.8847
2665 25563 1.33815 29.9014
2665 25563 1.33815 29.918
2665 25563 1.33815 29.9347
2665 25563 1.33815 29.9514
2664 25563 1.33815 29.968
2664 25563 1.33815 29.9847
2664 25563 1.33815 30.0014
2664 25563 1.33815 30.018
2663 25563 1.33815 30.0347
2662 25563 1.33815 30.0514
2662 25563 1.33815 30.068
2662 25563 1.33815 30.0847
2662 25563 1.33815 30.1014
2662 25563 1.33815 30.118
2662 25563 1.33815 30.1347
2662 25563 1.33815 30.1514
2661 25563 1.33815 30.168
2660 25563 1.33815 30.1847
2660 25563 1.33815 30.2014
2660 25563 1.33815 30.218
2660 25563 1.33815 30.2347
2660 25563 1.33815 30.2514
2660 25563 1.33815 30.268
2659 25563 1.33815 30.2847
2659 25563 1.33815 30.3014
2659 25563 1.33815 30.318
2659 25563 1.33815 30.3347
2658 25563 1.33815 30.3514
2657 25563 1.33815 30.368
2656 25563 1.33815 30.3847
2656 25563 1.33815 30.4014
2656 25563 1.33815 30.418
2656 25563 1.33815 30.4347
2656 25563 1.33815 30.4514
2656 25563 1.33815 30.468
2656 25563 1.33815 30.4847
2655 25563 1.33815 30.5014
2655 25563 1.33815 30.518
2655 25563 1.33815 30.5347
2654 25563 1.33815 30.5514
2653 25563 1.33815 30.568
2653 25563 1.33815 30.5847
2653 25563 1.33815 30.6014
2653 25563 1.33815 30.618
2653 25563 1.33815 30.6347
2653 25563 1.33815 30.6514
2653 25563 1.33815 30.668
2653 25563 1.33815 30.6847
2652 25563 1.33815 30.7014
2652 25563 1.33815 30.718
2652 25563 1.33815 30.7347
2652 25563 1.33815 30.7514
2652 25563 1.33815 30.768
2652 25563 1.33815 30.7847
2652 25563 1.33815 30.8013
2651 25563 1.33815 30.818
2651 25563 1.33815 30.8347
2650 25563 1.33815 30.8513
2650 25563 1.33815 30.868
2650 25563 1.33815 30.8847
2650 25563 1.33815 30.9013
2650 25563 1.33815 30.918
2649 25563 1.33815 30.9347
2649 25563 1.33815 30.9513
2648 25563 1.33815 30.968
2648 25563 1.33815 30.9847
2647 25563 1.33815 31.0013
2647 25563 1.33815 31.018
2647 25563 1.33815 31.0347
2646 25563 1.33815 31.0513
2646 25563 1.33815 31.068
2646 25563 1.33815 31.0847
2646 25563 1.33815 31.1013
2645 25563 1.33815 31.118
2645 25563 1.33815 31.1347
2644 25563 1.33815 31.1513
2644 25563 1.33815 31.168
2643 25563 1.33815 31.1847
2643 25563 1.33815 31.2013
2643 25563 1.33815 31.218
2643 25563 1.33815 31.2347
2642 25563 1.33815 31.2513
2641 25563 1.33815 31.268
2641 25563 1.33815 31.2847
2641 25563 1.33815 31.3013
2641 25563 1.33815 31.318
2640 25563 1.33815 31.3347
2640 25563 1.33815 31.3513
2640 25563 1.33815 31.368
2640 25563 1.33815 31.3847
2639 25563 1.33815 31.4013
2639 25563 1.33815 31.418
2639 25563 1.33815 31.4347
2639 25563 1.33815 31.4513
2639 25563 1.33815 31.468
2639 25563 1.33815 31.4847
2639 25563 1.33815 31.5013
2639 25563 1.33815 31.518
2639 25563 1.33815 31.5347
2639 25563 1.33815 31.5513
2639 25563 1.33815 31.568
2637 25563 1.33815 31.5847
2637 25563 1.33815 31.6013
2637 25563 1.33815 31.618
2636 25563 1.33815 31.6347
2636 25563 1.33815 31.6513
2636 25563 1.33815 31.668
2636 25563 1.33815 31.6847
2636 25563 1.33815 31.7013
2636 25563 1.33815 31.718
2636 25563 1.33815 31.7347
2635 25563 1.33815 31.7513
2635 25563 1.33815 31.768
2635 25563 1.33815 31.7847
2634 25563 1.33815 31.8013
2634 25563 1.33815 31.818
2634 25563 1.33815 31.8347
2634 25563 1.33815 31.8513
2634 25563 1.33815 31.868
2634 25563 1.33815 31.8847
2634 25563 1.33815 31.9013
2634 25563 1.33815 31.918
2634 25563 1.33815 31.9347
2634 25563 1.33815 31.9513
2634 25563 1.33815 31.968
2634 25563 1.33815 31.9847
2634 25563 1.33815 32.0013
2633 25563 1.33815 32.018
2633 25563 1.33815 32.0347
2633 25563 1.33815 32.0513
2633 25563 1.33815 32.068
2633 25563 1.33815 32.0847
2633 25563 1.33815 32.1013
2633 25563 1.33815 32.118
2633 25563 1.33815 32.1347
2633 25563 1.33815 32.1513
2632 25563 1.33815 32.168
2631 25563 1.33815 32.1847
2631 25563 1.33815 32.2013
2631 25563 1.33815 32.218
2631 25563 1.33815 32.2347
2631 25563 1.33815 32.2513
2631 25563 1.33815 32.268
2631 25563 1.33815 32.2847
2631 25563 1.33815 32.3013
2631 25563 1.33815 32.318
2629 25563 1.33815 32.3347
2629 25563 1.33815 32.3513
2629 25563 1.33815 32.368
2629 25563 1.33815 32.3847
2629 25563 1.33815 32.4013
2628 25563 1.33815 32.418
2627 25563 1.33815 32.4347
2627 25563 1.33815 32.4513
2627 25563 1.33815 32.468
2627 25563 1.33815 32.4847
2626 25563 1.33815 32.5013
2626 25563 1.33815 32.518
2626 25563 1.33815 32.5347
2626 25563 1.33815 32.5513
2626 25563 1.33815 32.568
2626 25563 1.33815 32.5847
2626 25563 1.33815 32.6013
2626 25563 1.33815 32.618
2624 25563 1.33815 32.6347
2624 25563 1.33815 32.6513
2624 25563 1.33815 32.668
2624 25563 1.33815 32.6847
2624 25563 1.33815 32.7013
2624 25563 1.33815 32.718
2624 25563 1.33815 32.7347
2624 25563 1.33815 32.7513
2624 25563 1.33815 32.768
2624 25563 1.33815 32.7847
2623 25563 1.33815 32.8013
2623 25563 1.33815 32.818
2623 25563 1.33815 32.8347
2623 25563 1.33815 32.8513
2623 25563 1.33815 32.868
2622 25563 1.33815 32.8847
2621 25563 1.33815 32.9013
2621 25563 1.33815 32.918
2621 25563 1.33815 32.9347
2621 25563 1.33815 32.9513
2621 25563 1.33815 32.968
2620 25563 1.33815 32.9846
2620 25563 1.33815 33.0013
2620 25563 1.33815 33.018
2620 25563 1.33815 33.0346
2620 25563 1.33815 33.0513
2620 25563 1.33815 33.068
2620 25563 1.33815 33.0846
2620 25563 1.33815 33.1013
2620 25563 1.33815 33.118
2620 25563 1.33815 33.1346
2620 25563 1.33815 33.1513
2620 25563 1.33815 33.168
2620 25563 1.33815 33.1846
2619 25563 1.33815 33.2013
2619 25563 1.33815 33.218
2619 25563 1.33815 33.2346
2619 25563 1.33815 33.2513
2619 25563 1.33815 33.268
2619 25563 1.33815 33.2846
2618 25563 1.33815 33.3013
2618 25563 1.33815 33.318
2617 25563 1.33815 33.3346
2617 25563 1.33815 33.3513
2617 25563 1.33815 33.368
2617 25563 1.33815 33.3846
2616 25563 1.33815 33.4013
2615 25563 1.33815 33.418
2615 25563 1.33815 33.4346
2615 25563 1.33815 33.4513
2615 25563 1.33815 33.468
2615 25563 1.33815 33.4846
2615 25563 1.33815 33.5013
2615 25563 1.33815 33.518
2614 25563 1.33815 33.5346
2614 25563 1.33815 33.5513
2614 25563 1.33815 33.568
2614 25563 1.33815 33.5846
2614 25563 1.33815 33.6013
2614 25563 1.33815 33.618
2613 25563 1.33815 33.6346
2613 25563 1.33815 33.6513
2613 25563 1.33815 33.668
2613 25563 1.33815 33.6846
2613 25563 1.33815 33.7013
2613 25563 1.33815 33.718
2613 25563 1.33815 33.7346
2612 25563 1.33815 33.7513
2612 25563 1.33815 33.768
2611 25563 1.33815 33.7846
2611 25563 1.33815 33.8013
2611 25563 1.33815 33.818
2611 25563 1.33815 33.8346
2611 25563 1.33815 33.8513
2610 25563 1.33815 33.868
2610 25563 1.33815 33.8846
2610 25563 1.33815 33.9013
2610 25563 1.33815 33.918
2610 25563 1.33815 33.9346
2610 25563 1.33815 33.9513
2610 25563 1.33815 33.968
2610 25563 1.33815 33.9846
2610 25563 1.33815 34.0013
2610 25563 1.33815 34.018
2610 25563 1.33815 34.0346
2610 25563 1.33815 34.0513
2610 25563 1.33815 34.068
2610 25563 1.33815 34.0846
2610 25563 1.33815 34.1013
2610 25563 1.33815 34.118
2609 25563 1.33815 34.1346
2609 25563 1.33815 34.1513
2608 25563 1.33815 34.168
2608 25563 1.33815 34.1846
2608 25563 1.33815 34.2013
2608 25563 1.33815 34.218
2608 25563 1.33815 34.2346
2608 25563 1.33815 34.2513
2607 25563 1.33815 34.268
2607 25563 1.33815 34.2846
2607 25563 1.33815 34.3013
2607 25563 1.33815 34.318
2607 25563 1.33815 34.3346
2606 25563 1.33815 34.3513
2606 25563 1.33815 34.368
2606 25563 1.33815 34.3846
2606 25563 1.33815 34.4013
2606 25563 1.33815 34.418
2606 25563 1.33815 34.4346
2606 25563 1.33815 34.4513
2606 25563 1.33815 34.468
2606 25563 1.33815 34.4846
2606 25563 1.33815 34.5013
2606 25563 1.33815 34.518
2605 25563 1.33815 34.5346
2605 25563 1.33815 34.5513
2605 25563 1.33815 34.568
2605 25563 1.33815 34.5846
2605 25563 1.33815 34.6013
2605 25563 1.33815 34.618
2605 25563 1.33815 34.6346
2605 25563 1.33815 34.6513
2605 25563 1.33815 34.668
2605 25563 1.33815 34.6846
2603 25563 1.33815 34.7013
2603 25563 1.33815 34.718
2603 25563 1.33815 34.7346
2602 25563 1.33815 34.7513
2602 25563 1.33815 34.768
2602 25563 1.33815 34.7846
2602 25563 1.33815 34.8013
2601 25563 1.33815 34.818
2600 25563 1.33815 34.8346
2600 25563 1.33815 34.8513
2600 25563 1.33815 34.868
2600 25563 1.33815 34.8846
2600 25563 1.33815 34.9013
2600 25563 1.33815 34.918
2600 25563 1.33815 34.9346
2599 25563 1.33815 34.9513
2599 25563 1.33815 34.968
2598 25563 1.33815 34.9846
2598 25563 1.33815 35.0013
2598 25563 1.33815 35.018
2598 25563 1.33815 35.0346
2598 25563 1.33815 35.0513
2598 25563 1.33815 35.068
2597 25563 1.33815 35.0846
2597 25563 1.33815 35.1013
2597 25563 1.33815 35.118
2597 25563 1.33815 35.1346
2597 25563 1.33815 35.1513
2597 25563 1.33815 35.1679
2597 25563 1.33815 35.1846
2597 25563 1.33815 35.2013
2597 25563 1.33815 35.2179
2597 25563 1.33815 35.2346
2597 25563 1.33815 35.2513
2596 25563 1.33815 35.2679
2596 25563 1.33815 35.2846
2596 25563 1.33815 35.3013
2596 25563 1.33815 35.3179
2596 25563 1.33815 35.3346
2596 25563 1.33815 35.3513
2596 25563 1.33815 35.3679
2596 25563 1.33815 35.3846
2596 25563 1.33815 35.4013
2596 25563 1.33815 35.4179
2596 25563 1.33815 35.4346
2595 25563 1.33815 35.4513
2595 25563 1.33815 35.4679
2595 25563 1.33815 35.4846
2595 25563 1.33815 35.5013
2595 25563 1.33815 35.5179
2595 25563 1.33815 35.5346
2595 25563 1.33815 35.5513
2595 25563 1.33815 35.5679
2595 25563 1.33815 35.5846
2595 25563 1.33815 35.6013
2594 25563 1.33815 35.6179
2594 25563 1.33815 35.6346
2593 25563 1.33815 35.6513
2593 25563 1.33815 35.6679
2593 25563 1.33815 35.6846
2592 25563 1.33815 35.7013
2592 25563 1.33815 35.7179
2592 25563 1.33815 35.7346
2592 25563 1.33815 35.7513
2592 25563 1.33815 35.7679
2592 25563 1.33815 35.7846
2592 25563 1.33815 35.8013
2592 25563 1.33815 35.8179
2591 25563 1.33815 35.8346
2591 25563 1.33815 35.8513
2590 25563 1.33815 35.8679
2590 25563 1.33815 35.8846
2590 25563 1.33815 35.9013
2590 25563 1.33815 35.9179
2589 25563 1.33815 35.9346
2589 25563 1.33815 35.9513
2589 25563 1.33815 35.9679
2589 25563 1.33815 35.9846
2589 25563 1.33815 36.0013
2589 25563 1.33815 36.0179
2589 25563 1.33815 36.0346
2589 25563 1.33815 36.0513
2589 25563 1.33815 36.0679
2589 25563 1.33815 36.0846
2589 25563 1.33815 36.1013
2589 25563 1.33815 36.1179
2589 25563 1.33815 36.1346
2589 25563 1.33815 36.1513
2588 25563 1.33815 36.1679
2588 25563 1.33815 36.1846
2588 25563 1.33815 36.2013
2588 25563 1.33815 36.2179
2588 25563 1.33815 36.2346
2588 25563 1.33815 36.2513
2588 25563 1.33815 36.2679
2588 25563 1.33815 36.2846
2588 25563 1.33815 36.3013
2588 25563 1.33815 36.3179
2587 25563 1.33815 36.3346
2587 25563 1.33815 36.3513
2587 25563 1.33815 36.3679
2585 25563 1.33815 36.3846
2585 25563 1.33815 36.4013
2585 25563 1.33815 36.4179
2585 25563 1.33815 36.4346
2585 25563 1.33815 36.4513
2585 25563 1.33815 36.4679
2585 25563 1.33815 36.4846
2584 25563 1.33815 36.5013
2584 25563 1.33815 36.5179
2584 25563 1.33815 36.5346
2584 25563 1.33815 36.5513
2584 25563 1.33815 36.5679
2584 25563 1.33815 36.5846
2584 25563 1.33815 36.6013
2584 25563 1.33815 36.6179
2583 25563 1.33815 36.6346
2583 25563 1.33815 36.6513
2583 25563 1.33815 36.6679
2583 25563 1.33815 36.6846
2583 25563 1.33815 36.7013
2583 25563 1.33815 36.7179
2583 25563 1.33815 36.7346
2583 25563 1.33815 36.7513
2583 25563 1.33815 36.7679
2583 25563 1.33815 36.7846
2583 25563 1.33815 36.8013
2583 25563 1.33815 36.8179
2583 25563 1.33815 36.8346
2582 25563 1.33815 36.8513
2581 25563 1.33815 36.8679
2581 25563 1.33815 36.8846
2581 25563 1.33815 36.9013
2581 25563 1.33815 36.9179
2581 25563 1.33815 36.9346
2581 25563 1.33815 36.9513
2580 25563 1.33815 36.9679
2580 25563 1.33815 36.9846
2580 25563 1.33815 37.0013
2580 25563 1.33815 37.0179
2580 25563 1.33815 37.0346
2580 25563 1.33815 37.0513
2579 25563 1.33815 37.0679
2578 25563 1.33815 37.0846
2578 25563 1.33815 37.1013
2578 25563 1.33815 37.1179
2578 25563 1.33815 37.1346
2578 25563 1.33815 37.1513
2578 25563 1.33815 37.1679
2578 25563 1.33815 37.1846
2578 25563 1.33815 37.2013
2578 25563 1.33815 37.2179
2578 25563 1.33815 37.2346
2577 25563 1.33815 37.2513
2577 25563 1.33815 37.2679
2577 25563 1.33815 37.2846
2577 25563 1.33815 37.3013
2577 25563 1.33815 37.3179
2577 25563 1.33815 37.3346
2577 25563 1.33815 37.3512
2576 25563 1.33815 37.3679
2576 25563 1.33815 37.3846
2576 25563 1.33815 37.4012
2576 25563 1.33815 37.4179
2576 25563 1.33815 37.4346
2576 25563 1.33815 37.4512
2576 25563 1.33815 37.4679
2576 25563 1.33815 37.4846
2576 25563 1.33815 37.5012
2576 25563 1.33815 37.5179
2576 25563 1.33815 37.5346
2576 25563 1.33815 37.5512
2576 25563 1.33815 37.5679
2574 25563 1.33815 37.5846
2574 25563 1.33815 37.6012
2574 25563 1.33815 37.6179
2574 25563 1.33815 37.6346
2573 25563 1.33815 37.6512
2573 25563 1.33815 37.6679
2572 25563 1.33815 37.6846
2572 25563 1.33815 37.7012
2572 25563 1.33815 37.7179
2572 25563 1.33815 37.7346
2572 25563 1.33815 37.7512
2572 25563 1.33815 37.7679
2570 25563 1.33815 37.7846
2570 25563 1.33815 37.8012
2570 25563 1.33815 37.8179
2570 25563 1.33815 37.8346
2570 25563 1.33815 37.8512
2570 25563 1.33815 37.8679
2570 25563 1.33815 37.8846
2570 25563 1.33815 37.9012
2570 25563 1.33815 37.9179
2570 25563 1.33815 37.9346
2570 25563 1.33815 37.9512
2570 25563 1.33815 37.9679
2570 25563 1.33815 37.9846
2569 25563 1.33815 38.0012
2569 25563 1.33815 38.0179
2569 25563 1.33815 38.0346
2569 25563 1.33815 38.0512
2569 25563 1.33815 38.0679
2569 25563 1.33815 38.0846
2569 25563 1.33815 38.1012
2569 25563 1.33815 38.1179
2569 25563 1.33815 38.1346
2569 25563 1.33815 38.1512
2569 25563 1.33815 38.1679
2569 25563 1.33815 38.1846
2568 25563 1.33815 38.2012
2568 25563 1.33815 38.2179
2568 25563 1.33815 38.2346
2568 25563 1.33815 38.2512
2568 25563 1.33815 38.2679
2568 25563 1.33815 38.2846
2568 25563 1.33815 38.3012
2567 25563 1.33815 38.3179
2567 25563 1.33815 38.3346
2567 25563 1.33815 38.3512
2566 25563 1.33815 38.3679
2566 25563 1.33815 38.3846
2566 25563 1.33815 38.4012
2566 25563 1.33815 38.4179
2566 25563 1.33815 38.4346
2565 25563 1.33815 38.4512
2565 25563 1.33815 38.4679
2565 25563 1.33815 38.4846
2565 25563 1.33815 38.5012
2565 25563 1.33815 38.5179
2565 25563 1.33815 38.5346
2565 25563 1.33815 38.5512
2565 25563 1.33815 38.5679
2565 25563 1.33815 38.5846
2565 25563 1.33815 38.6012
2565 25563 1.33815 38.6179
2565 25563 1.33815 38.6346
2565 25563 1.33815 38.6512
2565 25563 1.33815 38.6679
2565 25563 1.33815 38.6846
2565 25563 1.33815 38.7012
2565 25563 1.33815 38.7179
2565 25563 1.33815 38.7346
2564 25563 1.33815 38.7512
2564 25563 1.33815 38.7679
2563 25563 1.33815 38.7846
2563 25563 1.33815 38.8012
2563 25563 1.33815 38.8179
2563 25563 1.33815 38.8346
2563 25563 1.33815 38.8512
2563 25563 1.33815 38.8679
2563 25563 1.33815 38.8846
2563 25563 1.33815 38.9012
2563 25563 1.33815 38.9179
2563 25563 1.33815 38.9346
2563 25563 1.33815 38.9512
2563 25563 1.33815 38.9679
2563 25563 1.33815 38.9846
2563 25563 1.33815 39.0012
2561 25563 1.33815 39.0179
2561 25563 1.33815 39.0346
2561 25563 1.33815 39.0512
2561 25563 1.33815 39.0679
2561 25563 1.33815 39.0846
2561 25563 1.33815 39.1012
2561 25563 1.33815 39.1179
2561 25563 1.33815 39.1346
2561 25563 1.33815 39.1512
2561 25563 1.33815 39.1679
2561 25563 1.33815 39.1846
2560 25563 1.33815 39.2012
2560 25563 1.33815 39.2179
2560 25563 1.33815 39.2346
2560 25563 1.33815 39.2512
2559 25563 1.33815 39.2679
2559 25563 1.33815 39.2846
2559 25563 1.33815 39.3012
2559 25563 1.33815 39.3179
2558 25563 1.33815 39.3346
2558 25563 1.33815 39.3512
2558 25563 1.33815 39.3679
2558 25563 1.33815 39.3846
2558 25563 1.33815 39.4012
2558 25563 1.33815 39.4179
2557 25563 1.33815 39.4346
2557 25563 1.33815 39.4512
2557 25563 1.33815 39.4679
2557 25563 1.33815 39.4846
2557 25563 1.33815 39.5012
2557 25563 1.33815 39.5179
2557 25563 1.33815 39.5345
2557 25563 1.33815 39.5512
2557 25563 1.33815 39.5679
2557 25563 1.33815 39.5845
2557 25563 1.33815 39.6012
2557 25563 1.33815 39.6179
2557 25563 1.33815 39.6345
2557 25563 1.33815 39.6512
2557 25563 1.33815 39.6679
2557 25563 1.33815 39.6845
2557 25563 1.33815 39.7012
2556 25563 1.33815 39.7179
2556 25563 1.33815 39.7345
2556 25563 1.33815 39.7512
2556 25563 1.33815 39.7679
2554 25563 1.33815 39.7845
2554 25563 1.33815 39.8012
2554 25563 1.33815 39.8179
2554 25563 1.33815 39.8345
2552 25563 1.33815 39.8512
2552 25563 1.33815 39.8679
2552 25563 1.33815 39.8845
2552 25563 1.33815 39.9012
2552 25563 1.33815 39.9179
2552 25563 1.33815 39.9345
2551 25563 1.33815 39.9512
2551 25563 1.33815 39.9679
2551 25563 1.33815 39.9845
2551 25563 1.33815 40.0012
2551 25563 1.33815 40.0179
2551 25563 1.33815 40.0345
2550 25563 1.33815 40.0512
2549 25563 1.33815 40.0679
2549 25563 1.33815 40.0845
2549 25563 1.33815 40.1012
2549 25563 1.33815 40.1179
2549 25563 1.33815 40.1345
2549 25563 1.33815 40.1512
2549 25563 1.33815 40.1679
2549 25563 1.33815 40.1845
2549 25563 1.33815 40.2012
2549 25563 1.33815 40.2179
2548 25563 1.33815 40.2345
2548 25563 1.33815 40.2512
2547 25563 1.33815 40.2679
2547 25563 1.33815 40.2845
2547 25563 1.33815 40.3012
2547 25563 1.33815 40.3179
2547 25563 1.33815 40.3345
2547 25563 1.33815 40.3512
2547 25563 1.33815 40.3679
2547 25563 1.33815 40.3845
2547 25563 1.33815 40.4012
2547 25563 1.33815 40.4179
2547 25563 1.33815 40.4345
2547 25563 1.33815 40.4512
2546 25563 1.33815 40.4679
2546 25563 1.33815 40.4845
2546 25563 1.33815 40.5012
2546 25563 1.33815 40.5179
2546 25563 1.33815 40.5345
2546 25563 1.33815 40.5512
2546 25563 1.33815 40.5679
2546 25563 1.33815 40.5845
2546 25563 1.33815 40.6012
2545 25563 1.33815 40.6179
2545 25563 1.33815 40.6345
2545 25563 1.33815 40.6512
2545 25563 1.33815 40.6679
2545 25563 1.33815 40.6845
2545 25563 1.33815 40.7012
2545 25563 1.33815 40.7179
2545 25563 1.33815 40.7345
2545 25563 1.33815 40.7512
2545 25563 1.33815 40.7679
2545 25563 1.33815 40.7845
2545 25563 1.33815 40.8012
2545 25563 1.33815 40.8179
2544 25563 1.33815 40.8345
2544 25563 1.33815 40.8512
2544 25563 1.33815 40.8679
2544 25563 1.33815 40.8845
2544 25563 1.33815 40.9012
2543 25563 1.33815 40.9179
2543 25563 1.33815 40.9345
2543 25563 1.33815 40.9512
2541 25563 1.33815 40.9679
2541 25563 1.33815 40.9845
2540 25563 1.33815 41.0012
2540 25563 1.33815 41.0179
2540 25563 1.33815 41.0345
2540 25563 1.33815 41.0512
2539 25563 1.33815 41.0679
2539 25563 1.33815 41.0845
2539 25563 1.33815 41.1012
2539 25563 1.33815 41.1179
2539 25563 1.33815 41.1345
2539 25563 1.33815 41.1512
2539 25563 1.33815 41.1679
2539 25563 1.33815 41.1845
2539 25563 1.33815 41.2012
2539 25563 1.33815 41.2179
2539 25563 1.33815 41.2345
2539 25563 1.33815 41.2512
2539 25563 1.33815 41.2679
2539 25563 1.33815 41.2845
2539 25563 1.33815 41.3012
2539 25563 1.33815 41.3179
2539 25563 1.33815 41.3345
2539 25563 1.33815 41.3512
2539 25563 1.33815 41.3679
2539 25563 1.33815 41.3845
2539 25563 1.33815 41.4012
2539 25563 1.33815 41.4179
