1195 1197 0.00255705 0.000696182
1195 1197 0.00255705 0.0173626
1195 1197 0.00255705 0.034029
1195 1197 0.00255705 0.0506954
1195 1197 0.00255705 0.0673618
1195 1197 0.00255705 0.0840282
1195 1197 0.00255705 0.100695
1195 1197 0.00255705 0.117361
1195 1197 0.00255705 0.134027
1195 1197 0.00255705 0.150694
1195 1197 0.00255705 0.16736
1195 1197 0.00255705 0.184027
1195 1197 0.00255705 0.200693
1195 1197 0.00255705 0.21736
1195 1197 0.00255705 0.234026
1194 1197 0.00255705 0.250692
1193 1197 0.00255705 0.267359
1193 1197 0.00255705 0.284025
1193 1197 0.00255705 0.300692
1193 1197 0.00255705 0.317358
1193 1197 0.00255705 0.334024
1193 1197 0.00255705 0.350691
1193 1197 0.00255705 0.367357
1193 1197 0.00255705 0.384024
1193 1197 0.00255705 0.40069
1193 1197 0.00255705 0.417356
1193 1197 0.00255705 0.434023
1193 1197 0.00255705 0.450689
1193 1197 0.00255705 0.467356
1193 1197 0.00255705 0.484022
1193 1197 0.00255705 0.500689
1193 1197 0.00255705 0.517355
1193 1197 0.00255705 0.534021
1193 1197 0.00255705 0.550688
1193 1197 0.00255705 0.567354
1193 1197 0.00255705 0.584021
1193 1197 0.00255705 0.600687
1193 1197 0.00255705 0.617353
1193 1197 0.00511409 0.63402
1193 1197 0.00767114 0.650686
1193 1197 0.0102282 0.667353
1193 1197 0.0127852 0.684019
1193 1197 0.0153423 0.700686
1193 1197 0.0178993 0.717352
1193 1197 0.0204564 0.734018
1193 1197 0.0230134 0.750685
1193 1197 0.0255705 0.767351
1193 1197 0.0281275 0.784018
1193 1197 0.0306846 0.800684
1193 1197 0.0332416 0.81735
1193 1197 0.0357987 0.834017
1193 1197 0.0383557 0.850683
1193 1197 0.0409128 0.86735
1193 1197 0.0434698 0.884016
1193 1197 0.0460268 0.900682
1193 1197 0.0485839 0.917349
1193 1197 0.0511409 0.934015
1193 1197 0.053698 0.950682
1193 1197 0.056255 0.967348
1193 1197 0.0588121 0.984015
1193 1197 0.0613691 1.00068
1193 1197 0.0639262 1.01735
1193 1197 0.0664832 1.03401
1193 1197 0.0690403 1.05068
1193 1197 0.0715973 1.06735
1193 1197 0.0741544 1.08401
1193 1197 0.0767114 1.10068
1193 1197 0.0792685 1.11735
1193 1197 0.0818255 1.13401
1193 1197 0.0843825 1.15068
1193 1197 0.0869396 1.16735
1193 1197 0.0894966 1.18401
1193 1197 0.0920537 1.20068
1193 1197 0.0946107 1.21734
1193 1197 0.0971678 1.23401
1192 1197 0.0997248 1.25068
1192 1197 0.102282 1.26734
1192 1197 0.104839 1.28401
1192 1197 0.107396 1.30068
1192 1197 0.109953 1.31734
1192 1197 0.11251 1.33401
1192 1197 0.115067 1.35068
1192 1197 0.117624 1.36734
1192 1197 0.120181 1.38401
1192 1197 0.122738 1.40067
1192 1197 0.125295 1.41734
1192 1197 0.127852 1.43401
1192 1197 0.130409 1.45067
1190 1197 0.132966 1.46734
1190 1197 0.135524 1.48401
1190 1197 0.138081 1.50067
1189 1197 0.140638 1.51734
1189 1197 0.143195 1.53401
1189 1197 0.145752 1.55067
1189 1197 0.148309 1.56734
1189 1197 0.150866 1.58401
1189 1197 0.153423 1.60067
1188 1197 0.15598 1.61734
1188 1197 0.158537 1.634
1187 1197 0.161094 1.65067
1187 1197 0.163651 1.66734
1186 1197 0.166208 1.684
1186 1197 0.168765 1.70067
1185 1197 0.171322 1.71734
1183 1197 0.173879 1.734
1182 1197 0.176436 1.75067
1180 1197 0.178993 1.76734
1179 1197 0.18155 1.784
1179 1197 0.184108 1.80067
1179 1197 0.186665 1.81734
1178 1197 0.189222 1.834
1175 1197 0.191779 1.85067
1174 1197 0.194336 1.86733
1171 1197 0.196893 1.884
1169 1197 0.19945 1.90067
1168 1197 0.202007 1.91733
1165 1197 0.204564 1.934
1164 1197 0.207121 1.95067
1162 1197 0.209678 1.96733
1159 1197 0.212235 1.984
1155 1197 0.214792 2.00067
1153 1197 0.217349 2.01733
1151 1197 0.219906 2.034
1148 1197 0.222463 2.05066
1147 1197 0.22502 2.06733
1144 1197 0.227577 2.084
1141 1197 0.230135 2.10066
1136 1197 0.232692 2.11733
1135 1197 0.235249 2.134
1131 1197 0.237806 2.15066
1129 1197 0.240363 2.16733
1125 1197 0.24292 2.184
1120 1197 0.245477 2.20066
1116 1197 0.248034 2.21733
1114 1197 0.250591 2.234
1109 1197 0.253148 2.25066
1105 1197 0.255705 2.26733
1102 1197 0.258262 2.28399
1099 1197 0.260819 2.30066
1097 1197 0.263376 2.31733
1092 1197 0.265933 2.33399
1089 1197 0.26849 2.35066
1086 1197 0.271047 2.36733
1085 1197 0.273604 2.38399
1080 1197 0.276161 2.40066
1077 1197 0.278718 2.41733
1073 1197 0.281275 2.43399
1071 1197 0.283832 2.45066
1069 1197 0.286389 2.46733
1062 1197 0.288947 2.48399
1059 1197 0.291504 2.50066
1058 1197 0.294061 2.51732
1057 1197 0.296618 2.53399
1051 1197 0.299175 2.55066
1048 1197 0.301732 2.56732
1044 1197 0.304289 2.58399
1040 1197 0.306846 2.60066
1037 1197 0.309403 2.61732
1033 1197 0.31196 2.63399
1030 1197 0.314517 2.65066
1024 1197 0.317074 2.66732
1023 1197 0.319631 2.68399
1016 1197 0.322188 2.70065
1016 1197 0.324745 2.71732
1011 1197 0.327302 2.73399
1008 1197 0.329859 2.75065
1004 1197 0.332416 2.76732
1001 1197 0.334973 2.78399
1000 1197 0.33753 2.80065
998 1197 0.340087 2.81732
993 1197 0.342644 2.83399
990 1197 0.345201 2.85065
987 1197 0.347758 2.86732
983 1197 0.350315 2.88399
979 1197 0.352873 2.90065
975 1197 0.35543 2.91732
972 1197 0.357987 2.93398
969 1197 0.360544 2.95065
963 1197 0.363101 2.96732
960 1197 0.365658 2.98398
958 1197 0.368215 3.00065
952 1197 0.370772 3.01732
950 1197 0.373329 3.03398
947 1197 0.375886 3.05065
944 1197 0.378443 3.06732
941 1197 0.381 3.08398
937 1197 0.383557 3.10065
932 1197 0.386114 3.11732
928 1197 0.388671 3.13398
926 1197 0.391228 3.15065
923 1197 0.393785 3.16731
919 1197 0.396342 3.18398
915 1197 0.398899 3.20065
912 1197 0.401456 3.21731
909 1197 0.404013 3.23398
905 1197 0.40657 3.25065
899 1197 0.409127 3.26731
896 1197 0.411684 3.28398
892 1197 0.414241 3.30065
891 1197 0.416799 3.31731
888 1197 0.419356 3.33398
882 1197 0.421913 3.35065
880 1197 0.42447 3.36731
876 1197 0.427027 3.38398
874 1197 0.429584 3.40064
870 1197 0.432141 3.41731
868 1197 0.434698 3.43398
866 1197 0.437255 3.45064
863 1197 0.439812 3.46731
861 1197 0.442369 3.48398
856 1197 0.444926 3.50064
854 1197 0.447483 3.51731
849 1197 0.45004 3.53398
845 1197 0.452597 3.55064
843 1197 0.455154 3.56731
841 1197 0.457711 3.58397
839 1197 0.460268 3.60064
836 1197 0.462825 3.61731
832 1197 0.465382 3.63397
829 1197 0.467939 3.65064
828 1197 0.470496 3.66731
823 1197 0.473053 3.68397
820 1197 0.47561 3.70064
818 1197 0.478167 3.71731
816 1197 0.480724 3.73397
812 1197 0.483282 3.75064
809 1197 0.485839 3.76731
806 1197 0.488396 3.78397
804 1197 0.490953 3.80064
802 1197 0.49351 3.8173
799 1197 0.496067 3.83397
796 1197 0.498624 3.85064
791 1197 0.501181 3.8673
789 1197 0.503738 3.88397
787 1197 0.506295 3.90064
781 1197 0.508852 3.9173
780 1197 0.511409 3.93397
779 1197 0.513966 3.95064
775 1197 0.516523 3.9673
771 1197 0.51908 3.98397
769 1197 0.521637 4.00064
767 1197 0.524194 4.0173
764 1197 0.526751 4.03397
760 1197 0.529308 4.05063
757 1197 0.531865 4.0673
756 1197 0.534422 4.08397
753 1197 0.536979 4.10063
750 1197 0.539536 4.1173
747 1197 0.542093 4.13397
746 1197 0.54465 4.15063
744 1197 0.547208 4.1673
740 1197 0.549765 4.18397
734 1197 0.552322 4.20063
732 1197 0.554879 4.2173
731 1197 0.557436 4.23396
727 1197 0.559993 4.25063
722 1197 0.56255 4.2673
721 1197 0.565107 4.28396
718 1197 0.567664 4.30063
717 1197 0.570221 4.3173
712 1197 0.572778 4.33396
709 1197 0.575335 4.35063
706 1197 0.577892 4.3673
702 1197 0.580449 4.38396
701 1197 0.583006 4.40063
699 1197 0.585563 4.4173
696 1197 0.58812 4.43396
693 1197 0.590677 4.45063
690 1197 0.593234 4.46729
688 1197 0.595791 4.48396
685 1197 0.598348 4.50063
683 1197 0.600905 4.51729
679 1197 0.603462 4.53396
677 1197 0.606019 4.55063
674 1197 0.608576 4.56729
671 1197 0.611134 4.58396
668 1197 0.613691 4.60063
664 1197 0.616248 4.61729
661 1197 0.618805 4.63396
660 1197 0.621362 4.65063
656 1197 0.623919 4.66729
654 1197 0.626476 4.68396
650 1197 0.629033 4.70062
649 1197 0.63159 4.71729
647 1197 0.634147 4.73396
642 1197 0.636704 4.75062
642 1197 0.639261 4.76729
638 1197 0.641818 4.78396
635 1197 0.644375 4.80062
633 1197 0.646932 4.81729
630 1197 0.649489 4.83396
628 1197 0.652046 4.85062
624 1197 0.654603 4.86729
622 1197 0.65716 4.88396
618 1197 0.659717 4.90062
614 1197 0.662274 4.91729
613 1197 0.664831 4.93395
610 1197 0.667388 4.95062
608 1197 0.669945 4.96729
607 1197 0.672502 4.98395
602 1197 0.675059 5.00062
600 1197 0.677617 5.01729
595 1197 0.680174 5.03395
593 1197 0.682731 5.05062
591 1197 0.685288 5.06729
588 1197 0.687845 5.08395
585 1197 0.690402 5.10062
582 1197 0.692959 5.11728
579 1197 0.695516 5.13395
577 1197 0.698073 5.15062
573 1197 0.70063 5.16728
570 1197 0.703187 5.18395
569 1197 0.705744 5.20062
566 1197 0.708301 5.21728
564 1197 0.710858 5.23395
562 1197 0.713415 5.25062
559 1197 0.715972 5.26728
558 1197 0.718529 5.28395
556 1197 0.721086 5.30062
553 1197 0.723643 5.31728
548 1197 0.7262 5.33395
546 1197 0.728757 5.35061
544 1197 0.731314 5.36728
541 1197 0.733871 5.38395
539 1197 0.736428 5.40061
537 1197 0.738985 5.41728
535 1197 0.741543 5.43395
534 1197 0.7441 5.45061
530 1197 0.746657 5.46728
526 1197 0.749214 5.48395
526 1197 0.751771 5.50061
523 1197 0.754328 5.51728
520 1197 0.756885 5.53395
517 1197 0.759442 5.55061
514 1197 0.761999 5.56728
512 1197 0.764556 5.58394
509 1197 0.767113 5.60061
507 1197 0.76967 5.61728
505 1197 0.772227 5.63394
501 1197 0.774784 5.65061
498 1197 0.777341 5.66728
496 1197 0.779898 5.68394
493 1197 0.782455 5.70061
490 1197 0.785012 5.71728
488 1197 0.787569 5.73394
486 1197 0.790126 5.75061
483 1197 0.792683 5.76727
480 1197 0.79524 5.78394
478 1197 0.797797 5.80061
477 1197 0.800354 5.81727
473 1197 0.802911 5.83394
470 1197 0.805468 5.85061
468 1197 0.808026 5.86727
464 1197 0.810583 5.88394
463 1197 0.81314 5.90061
462 1197 0.815697 5.91727
456 1197 0.818254 5.93394
454 1197 0.820811 5.95061
453 1197 0.823368 5.96727
450 1197 0.825925 5.98394
449 1197 0.828482 6.0006
445 1197 0.831039 6.01727
443 1197 0.833596 6.03394
438 1197 0.836153 6.0506
435 1197 0.83871 6.06727
434 1197 0.841267 6.08394
431 1197 0.843824 6.1006
429 1197 0.846381 6.11727
427 1197 0.848938 6.13394
425 1197 0.851495 6.1506
422 1197 0.854052 6.16727
419 1197 0.856609 6.18394
416 1197 0.859166 6.2006
415 1197 0.861723 6.21727
412 1197 0.86428 6.23393
409 1197 0.866837 6.2506
408 1197 0.869394 6.26727
406 1197 0.871952 6.28393
403 1197 0.874509 6.3006
400 1197 0.877066 6.31727
400 1197 0.879623 6.33393
396 1197 0.88218 6.3506
396 1197 0.884737 6.36727
392 1197 0.887294 6.38393
390 1197 0.889851 6.4006
388 1197 0.892408 6.41726
388 1197 0.894965 6.43393
385 1197 0.897522 6.4506
382 1197 0.900079 6.46726
380 1197 0.902636 6.48393
378 1197 0.905193 6.5006
375 1197 0.90775 6.51726
373 1197 0.910307 6.53393
371 1197 0.912864 6.5506
369 1197 0.915421 6.56726
366 1197 0.917978 6.58393
362 1197 0.920535 6.6006
358 1197 0.923092 6.61726
357 1197 0.925649 6.63393
356 1197 0.928206 6.65059
355 1197 0.930763 6.66726
351 1197 0.93332 6.68393
349 1197 0.935878 6.70059
347 1197 0.938435 6.71726
344 1197 0.940992 6.73393
344 1197 0.943549 6.75059
342 1197 0.946106 6.76726
341 1197 0.948663 6.78393
337 1197 0.95122 6.80059
335 1197 0.953777 6.81726
332 1197 0.956334 6.83393
332 1197 0.958891 6.85059
329 1197 0.961448 6.86726
326 1197 0.964005 6.88392
324 1197 0.966562 6.90059
321 1197 0.969119 6.91726
319 1197 0.971676 6.93392
317 1197 0.974233 6.95059
315 1197 0.97679 6.96726
313 1197 0.979347 6.98392
309 1197 0.981904 7.00059
308 1197 0.984461 7.01726
305 1197 0.987018 7.03392
304 1197 0.989575 7.05059
300 1197 0.992132 7.06726
297 1197 0.994689 7.08392
296 1197 0.997246 7.10059
292 1197 0.999803 7.11725
290 1197 1.00236 7.13392
289 1197 1.00492 7.15059
286 1197 1.00747 7.16725
285 1197 1.01003 7.18392
281 1197 1.01259 7.20059
280 1197 1.01515 7.21725
277 1197 1.0177 7.23392
276 1197 1.02026 7.25059
272 1197 1.02282 7.26725
270 1197 1.02537 7.28392
269 1197 1.02793 7.30058
267 1197 1.03049 7.31725
264 1197 1.03305 7.33392
262 1197 1.0356 7.35058
257 1197 1.03816 7.36725
256 1197 1.04072 7.38392
256 1197 1.04327 7.40058
255 1197 1.04583 7.41725
251 1197 1.04839 7.43392
250 1197 1.05094 7.45058
247 1197 1.0535 7.46725
246 1197 1.05606 7.48392
241 1197 1.05606 7.50058
241 1197 1.05606 7.51725
239 1197 1.05606 7.53391
237 1197 1.05606 7.55058
235 1197 1.05606 7.56725
232 1197 1.05606 7.58391
231 1197 1.05606 7.60058
227 1197 1.05606 7.61725
225 1197 1.05606 7.63391
224 1197 1.05606 7.65058
222 1197 1.05606 7.66725
221 1197 1.05606 7.68391
218 1197 1.05606 7.70058
216 1197 1.05606 7.71725
214 1197 1.05606 7.73391
212 1197 1.05606 7.75058
210 1197 1.05606 7.76724
208 1197 1.05606 7.78391
207 1197 1.05606 7.80058
204 1197 1.05606 7.81724
203 1197 1.05606 7.83391
201 1197 1.05606 7.85058
199 1197 1.05606 7.86724
197 1197 1.05606 7.88391
195 1197 1.05606 7.90058
193 1197 1.05606 7.91724
192 1197 1.05606 7.93391
189 1197 1.05606 7.95057
185 1197 1.05606 7.96724
185 1197 1.05606 7.98391
185 1197 1.05606 8.00057
180 1197 1.05606 8.01724
178 1197 1.05606 8.03391
178 1197 1.05606 8.05057
177 1197 1.05606 8.06724
176 1197 1.05606 8.08391
175 1197 1.05606 8.10057
173 1197 1.05606 8.11724
171 1197 1.05606 8.13391
171 1197 1.05606 8.15057
169 1197 1.05606 8.16724
168 1197 1.05606 8.1839
166 1197 1.05606 8.20057
165 1197 1.05606 8.21724
164 1197 1.05606 8.2339
164 1197 1.05606 8.25057
163 1197 1.05606 8.26724
163 1197 1.05606 8.2839
161 1197 1.05606 8.30057
161 1197 1.05606 8.31724
161 1197 1.05606 8.3339
158 1197 1.05606 8.35057
158 1197 1.05606 8.36724
158 1197 1.05606 8.3839
157 1197 1.05606 8.40057
157 1197 1.05606 8.41723
156 1197 1.05606 8.4339
156 1197 1.05606 8.45057
156 1197 1.05606 8.46723
156 1197 1.05606 8.4839
156 1197 1.05606 8.50057
156 1197 1.05606 8.51723
156 1197 1.05606 8.5339
156 1197 1.05606 8.55057
156 1197 1.05606 8.56723
156 1197 1.05606 8.5839
155 1197 1.05606 8.60056
155 1197 1.05606 8.61723
155 1197 1.05606 8.6339
155 1197 1.05606 8.65056
155 1197 1.05606 8.66723
155 1197 1.05606 8.6839
155 1197 1.05606 8.70056
153 1197 1.05606 8.71723
153 1197 1.05606 8.7339
153 1197 1.05606 8.75056
153 1197 1.05606 8.76723
153 1197 1.05606 8.7839
153 1197 1.05606 8.80056
153 1197 1.05606 8.81723
153 1197 1.05606 8.83389
153 1197 1.05606 8.85056
153 1197 1.05606 8.86723
153 1197 1.05606 8.88389
153 1197 1.05606 8.90056
153 1197 1.05606 8.91723
152 1197 1.05606 8.93389
152 1197 1.05606 8.95056
152 1197 1.05606 8.96723
151 1197 1.05606 8.98389
151 1197 1.05606 9.00056
151 1197 1.05606 9.01723
151 1197 1.05606 9.03389
151 1197 1.05606 9.05056
151 1197 1.05606 9.06722
151 1197 1.05606 9.08389
151 1197 1.05606 9.10056
151 1197 1.05606 9.11722
151 1197 1.05606 9.13389
151 1197 1.05606 9.15056
151 1197 1.05606 9.16722
151 1197 1.05606 9.18389
151 1197 1.05606 9.20056
151 1197 1.05606 9.21722
151 1197 1.05606 9.23389
151 1197 1.05606 9.25056
151 1197 1.05606 9.26722
151 1197 1.05606 9.28389
151 1197 1.05606 9.30055
151 1197 1.05606 9.31722
151 1197 1.05606 9.33389
