3688 3685 0.00258311 0.00785637
3682 3685 0.00258311 0.0245228
3675 3685 0.00258311 0.0411892
3665 3685 0.00258311 0.0578556
3661 3685 0.00258311 0.074522
3656 3685 0.00258311 0.0911884
3653 3685 0.00258311 0.107855
3642 3685 0.00258311 0.124521
3634 3685 0.00258311 0.141188
3629 3685 0.00258311 0.157854
3629 3685 0.00258311 0.17452
3624 3685 0.00258311 0.191187
3614 3685 0.00258311 0.207853
3609 3685 0.00258311 0.22452
3604 3685 0.00258311 0.241186
3599 3685 0.00258311 0.257853
3594 3685 0.00258311 0.274519
3587 3685 0.00258311 0.291185
3579 3685 0.00258311 0.307852
3574 3685 0.00258311 0.324518
3572 3685 0.00258311 0.341185
3569 3685 0.00258311 0.357851
3560 3685 0.00258311 0.374517
3551 3685 0.00258311 0.391184
3543 3685 0.00258311 0.40785
3538 3685 0.00258311 0.424517
3538 3685 0.00258311 0.441183
3532 3685 0.00258311 0.45785
3522 3685 0.00258311 0.474516
3515 3685 0.00258311 0.491182
3513 3685 0.00258311 0.507849
3506 3685 0.00258311 0.524515
3496 3685 0.00258311 0.541182
3488 3685 0.00258311 0.557848
3485 3685 0.00258311 0.574514
3483 3685 0.00258311 0.591181
3479 3685 0.00258311 0.607847
3471 3685 0.00258311 0.624514
3462 3685 0.00258311 0.64118
3456 3685 0.00258311 0.657846
3453 3685 0.00258311 0.674513
3449 3685 0.00258311 0.691179
3441 3685 0.00258311 0.707846
3436 3685 0.00258311 0.724512
3431 3685 0.00258311 0.741179
3428 3685 0.00258311 0.757845
3423 3685 0.00258311 0.774511
3420 3685 0.00258311 0.791178
3410 3685 0.00258311 0.807844
3401 3685 0.00258311 0.824511
3396 3685 0.00258311 0.841177
3396 3685 0.00258311 0.857843
3389 3685 0.00258311 0.87451
3382 3685 0.00258311 0.891176
3376 3685 0.00258311 0.907843
3370 3685 0.00258311 0.924509
3367 3685 0.00258311 0.941175
3357 3685 0.00258311 0.957842
3355 3685 0.00258311 0.974508
3350 3685 0.00258311 0.991175
3346 3685 0.00258311 1.00784
3344 3685 0.00258311 1.02451
3339 3685 0.00258311 1.04117
3330 3685 0.00258311 1.05784
3326 3685 0.00258311 1.07451
3322 3685 0.00258311 1.09117
3318 3685 0.00258311 1.10784
3312 3685 0.00258311 1.12451
3303 3685 0.00258311 1.14117
3298 3685 0.00258311 1.15784
3293 3685 0.00258311 1.17451
3289 3685 0.00258311 1.19117
3279 3685 0.00258311 1.20784
3273 3685 0.00258311 1.2245
3265 3685 0.00258311 1.24117
3261 3685 0.00258311 1.25784
3259 3685 0.00258311 1.2745
3249 3685 0.00258311 1.29117
3244 3685 0.00258311 1.30784
3244 3685 0.00258311 1.3245
3237 3685 0.00258311 1.34117
3232 3685 0.00258311 1.35784
3220 3685 0.00258311 1.3745
3215 3685 0.00258311 1.39117
3211 3685 0.00258311 1.40784
3208 3685 0.00258311 1.4245
3200 3685 0.00258311 1.44117
3198 3685 0.00258311 1.45783
3191 3685 0.00258311 1.4745
3187 3685 0.00258311 1.49117
3186 3685 0.00258311 1.50783
3183 3685 0.00258311 1.5245
3177 3685 0.00258311 1.54117
3175 3685 0.00258311 1.55783
3175 3685 0.00258311 1.5745
3174 3685 0.00258311 1.59117
3173 3685 0.00258311 1.60783
3172 3685 0.00258311 1.6245
3172 3685 0.00258311 1.64116
3171 3685 0.00258311 1.65783
3171 3685 0.00258311 1.6745
3170 3685 0.00258311 1.69116
3170 3685 0.00258311 1.70783
3170 3685 0.00258311 1.7245
3170 3685 0.00258311 1.74116
3170 3685 0.00258311 1.75783
3170 3685 0.00258311 1.7745
3170 3685 0.00258311 1.79116
3170 3685 0.00258311 1.80783
3170 3685 0.00258311 1.8245
3168 3685 0.00258311 1.84116
3168 3685 0.00258311 1.85783
3168 3685 0.00258311 1.87449
3168 3685 0.00258311 1.89116
3168 3685 0.00258311 1.90783
3168 3685 0.00258311 1.92449
3167 3685 0.00258311 1.94116
3167 3685 0.00258311 1.95783
3167 3685 0.00258311 1.97449
3167 3685 0.00258311 1.99116
3167 3685 0.00258311 2.00783
3167 3685 0.00258311 2.02449
3167 3685 0.00258311 2.04116
3167 3685 0.00258311 2.05783
3167 3685 0.00258311 2.07449
3167 3685 0.00258311 2.09116
3167 3685 0.00258311 2.10782
3167 3685 0.00258311 2.12449
3167 3685 0.00258311 2.14116
3167 3685 0.00258311 2.15782
3167 3685 0.00258311 2.17449
3167 3685 0.00258311 2.19116
3166 3685 0.00258311 2.20782
3166 3685 0.00258311 2.22449
3166 3685 0.00258311 2.24116
3166 3685 0.00258311 2.25782
3166 3685 0.00258311 2.27449
3166 3685 0.00258311 2.29115
3165 3685 0.00258311 2.30782
3165 3685 0.00258311 2.32449
3165 3685 0.00258311 2.34115
3165 3685 0.00258311 2.35782
3165 3685 0.00258311 2.37449
3165 3685 0.00258311 2.39115
3164 3685 0.00258311 2.40782
3163 3685 0.00258311 2.42449
3163 3685 0.00258311 2.44115
3163 3685 0.00258311 2.45782
3163 3685 0.00258311 2.47449
3163 3685 0.00258311 2.49115
3163 3685 0.00258311 2.50782
3163 3685 0.00258311 2.52448
3162 3685 0.00258311 2.54115
3162 3685 0.00258311 2.55782
3162 3685 0.00258311 2.57448
3161 3685 0.00258311 2.59115
3161 3685 0.00258311 2.60782
3161 3685 0.00258311 2.62448
3160 3685 0.00258311 2.64115
3159 3685 0.00258311 2.65782
3159 3685 0.00258311 2.67448
3159 3685 0.00258311 2.69115
3159 3685 0.00258311 2.70782
3159 3685 0.00258311 2.72448
3159 3685 0.00258311 2.74115
3159 3685 0.00258311 2.75781
3158 3685 0.00258311 2.77448
3158 3685 0.00258311 2.79115
3158 3685 0.00258311 2.80781
3156 3685 0.00258311 2.82448
3156 3685 0.00258311 2.84115
3156 3685 0.00258311 2.85781
3156 3685 0.00258311 2.87448
3156 3685 0.00258311 2.89115
3156 3685 0.00258311 2.90781
3156 3685 0.00258311 2.92448
3155 3685 0.00258311 2.94114
3155 3685 0.00258311 2.95781
3154 3685 0.00258311 2.97448
3154 3685 0.00258311 2.99114
3154 3685 0.00258311 3.00781
3154 3685 0.00258311 3.02448
3154 3685 0.00258311 3.04114
3154 3685 0.00258311 3.05781
3154 3685 0.00258311 3.07448
3154 3685 0.00258311 3.09114
3154 3685 0.00258311 3.10781
3154 3685 0.00258311 3.12448
3154 3685 0.00258311 3.14114
3154 3685 0.00258311 3.15781
3154 3685 0.00258311 3.17447
3154 3685 0.00258311 3.19114
3154 3685 0.00258311 3.20781
3154 3685 0.00258311 3.22447
3154 3685 0.00258311 3.24114
3154 3685 0.00258311 3.25781
3154 3685 0.00258311 3.27447
3154 3685 0.00258311 3.29114
3154 3685 0.00258311 3.30781
3154 3685 0.00258311 3.32447
3154 3685 0.00516622 3.34114
3154 3685 0.00774932 3.35781
3154 3685 0.0103324 3.37447
3154 3685 0.0129155 3.39114
3154 3685 0.0154986 3.4078
3154 3685 0.0180818 3.42447
3154 3685 0.0206649 3.44114
3154 3685 0.023248 3.4578
3154 3685 0.0258311 3.47447
3154 3685 0.0284142 3.49114
3153 3685 0.0309973 3.5078
3153 3685 0.0335804 3.52447
3153 3685 0.0361635 3.54114
3153 3685 0.0387466 3.5578
3153 3685 0.0413297 3.57447
3153 3685 0.0439128 3.59114
3153 3685 0.0464959 3.6078
3153 3685 0.049079 3.62447
3153 3685 0.0516622 3.64113
3153 3685 0.0542453 3.6578
3153 3685 0.0568284 3.67447
3153 3685 0.0594115 3.69113
3153 3685 0.0619946 3.7078
3152 3685 0.0645777 3.72447
3152 3685 0.0671608 3.74113
3152 3685 0.0697439 3.7578
3152 3685 0.072327 3.77447
3152 3685 0.0749101 3.79113
3151 3685 0.0774932 3.8078
3151 3685 0.0800764 3.82446
3151 3685 0.0826595 3.84113
3150 3685 0.0852426 3.8578
3150 3685 0.0878257 3.87446
3150 3685 0.0904088 3.89113
3150 3685 0.0929919 3.9078
3150 3685 0.095575 3.92446
3150 3685 0.0981581 3.94113
3150 3685 0.100741 3.9578
3149 3685 0.103324 3.97446
3149 3685 0.105907 3.99113
3148 3685 0.108491 4.0078
3147 3685 0.111074 4.02446
3146 3685 0.113657 4.04113
3146 3685 0.11624 4.05779
3146 3685 0.118823 4.07446
3146 3685 0.121406 4.09113
3146 3685 0.123989 4.10779
3146 3685 0.126572 4.12446
3145 3685 0.129155 4.14113
3145 3685 0.131739 4.15779
3145 3685 0.134322 4.17446
3145 3685 0.136905 4.19113
3144 3685 0.139488 4.20779
3143 3685 0.142071 4.22446
3142 3685 0.144654 4.24113
3142 3685 0.147237 4.25779
3142 3685 0.14982 4.27446
3141 3685 0.152403 4.29112
3141 3685 0.154986 4.30779
3141 3685 0.15757 4.32446
3141 3685 0.160153 4.34112
3140 3685 0.162736 4.35779
3139 3685 0.165319 4.37446
3139 3685 0.167902 4.39112
3139 3685 0.170485 4.40779
3139 3685 0.173068 4.42446
3139 3685 0.175651 4.44112
3139 3685 0.178234 4.45779
3139 3685 0.180817 4.47445
3137 3685 0.183401 4.49112
3137 3685 0.185984 4.50779
3137 3685 0.188567 4.52445
3137 3685 0.19115 4.54112
3137 3685 0.193733 4.55779
3137 3685 0.196316 4.57445
3137 3685 0.198899 4.59112
3137 3685 0.201482 4.60779
3136 3685 0.204065 4.62445
3135 3685 0.206648 4.64112
3135 3685 0.209232 4.65779
3134 3685 0.211815 4.67445
3134 3685 0.214398 4.69112
3134 3685 0.216981 4.70778
3134 3685 0.219564 4.72445
3134 3685 0.222147 4.74112
3134 3685 0.22473 4.75778
3134 3685 0.227313 4.77445
3134 3685 0.229896 4.79112
3134 3685 0.232479 4.80778
3134 3685 0.235063 4.82445
3134 3685 0.237646 4.84112
3134 3685 0.240229 4.85778
3134 3685 0.242812 4.87445
3134 3685 0.245395 4.89112
3134 3685 0.247978 4.90778
3134 3685 0.250561 4.92445
3134 3685 0.253144 4.94111
3133 3685 0.255727 4.95778
3133 3685 0.258311 4.97445
3133 3685 0.260894 4.99111
3132 3685 0.263477 5.00778
3132 3685 0.26606 5.02445
3132 3685 0.268643 5.04111
3131 3685 0.271226 5.05778
3131 3685 0.273809 5.07445
3131 3685 0.276392 5.09111
3131 3685 0.278975 5.10778
3131 3685 0.281559 5.12444
3131 3685 0.284142 5.14111
3130 3685 0.286725 5.15778
3129 3685 0.289308 5.17444
3129 3685 0.291891 5.19111
3129 3685 0.294474 5.20778
3129 3685 0.297057 5.22444
3129 3685 0.29964 5.24111
3128 3685 0.302224 5.25778
3128 3685 0.304807 5.27444
3128 3685 0.30739 5.29111
3128 3685 0.309973 5.30778
3128 3685 0.312556 5.32444
3127 3685 0.315139 5.34111
3127 3685 0.317722 5.35777
3126 3685 0.320305 5.37444
3126 3685 0.322888 5.39111
3126 3685 0.325472 5.40777
3126 3685 0.328055 5.42444
3125 3685 0.330638 5.44111
3125 3685 0.333221 5.45777
3124 3685 0.335804 5.47444
3124 3685 0.338387 5.49111
3124 3685 0.34097 5.50777
3123 3685 0.343553 5.52444
3122 3685 0.346136 5.54111
3122 3685 0.34872 5.55777
3122 3685 0.351303 5.57444
3122 3685 0.353886 5.5911
3121 3685 0.356469 5.60777
3120 3685 0.359052 5.62444
3120 3685 0.361635 5.6411
3120 3685 0.364218 5.65777
3120 3685 0.366801 5.67444
3120 3685 0.369385 5.6911
3118 3685 0.371968 5.70777
3118 3685 0.374551 5.72444
3118 3685 0.377134 5.7411
3117 3685 0.379717 5.75777
3117 3685 0.3823 5.77444
3117 3685 0.384883 5.7911
3117 3685 0.387466 5.80777
3117 3685 0.390049 5.82443
3117 3685 0.392633 5.8411
3116 3685 0.395216 5.85777
3114 3685 0.397799 5.87443
3114 3685 0.400382 5.8911
3114 3685 0.402965 5.90777
3114 3685 0.405548 5.92443
3114 3685 0.408131 5.9411
3113 3685 0.410714 5.95777
3113 3685 0.413298 5.97443
3113 3685 0.415881 5.9911
3113 3685 0.418464 6.00776
3113 3685 0.421047 6.02443
3113 3685 0.42363 6.0411
3111 3685 0.426213 6.05776
3111 3685 0.428796 6.07443
3111 3685 0.431379 6.0911
3111 3685 0.433962 6.10776
3110 3685 0.436546 6.12443
3109 3685 0.439129 6.1411
3107 3685 0.441712 6.15776
3107 3685 0.444295 6.17443
3107 3685 0.446878 6.1911
3105 3685 0.449461 6.20776
3105 3685 0.452044 6.22443
3105 3685 0.454627 6.24109
3104 3685 0.45721 6.25776
3104 3685 0.459794 6.27443
3104 3685 0.462377 6.29109
3104 3685 0.46496 6.30776
3104 3685 0.467543 6.32443
3104 3685 0.470126 6.34109
3100 3685 0.472709 6.35776
3100 3685 0.475292 6.37443
3099 3685 0.477875 6.39109
3099 3685 0.480459 6.40776
3098 3685 0.483042 6.42443
3096 3685 0.485625 6.44109
3096 3685 0.488208 6.45776
3095 3685 0.490791 6.47442
3094 3685 0.493374 6.49109
3093 3685 0.495957 6.50776
3092 3685 0.49854 6.52442
3092 3685 0.501123 6.54109
3092 3685 0.503707 6.55776
3091 3685 0.50629 6.57442
3090 3685 0.508873 6.59109
3088 3685 0.511456 6.60776
3087 3685 0.514039 6.62442
3087 3685 0.516622 6.64109
3086 3685 0.519205 6.65775
3085 3685 0.521788 6.67442
3083 3685 0.524371 6.69109
3083 3685 0.526954 6.70775
3083 3685 0.529537 6.72442
3083 3685 0.53212 6.74109
3081 3685 0.534704 6.75775
3080 3685 0.537287 6.77442
3080 3685 0.53987 6.79109
3079 3685 0.542453 6.80775
3079 3685 0.545036 6.82442
3077 3685 0.547619 6.84109
3076 3685 0.550202 6.85775
3075 3685 0.552785 6.87442
3074 3685 0.555368 6.89108
3073 3685 0.557951 6.90775
3073 3685 0.560534 6.92442
3073 3685 0.563118 6.94108
3072 3685 0.565701 6.95775
3071 3685 0.568284 6.97442
3070 3685 0.570867 6.99108
3070 3685 0.57345 7.00775
3070 3685 0.576033 7.02442
3069 3685 0.578616 7.04108
3067 3685 0.581199 7.05775
3066 3685 0.583782 7.07442
3064 3685 0.586365 7.09108
3064 3685 0.588948 7.10775
3064 3685 0.591531 7.12441
3064 3685 0.594115 7.14108
3062 3685 0.596698 7.15775
3062 3685 0.599281 7.17441
3062 3685 0.601864 7.19108
3061 3685 0.604447 7.20775
3061 3685 0.60703 7.22441
3059 3685 0.609613 7.24108
3058 3685 0.612196 7.25775
3057 3685 0.614779 7.27441
3057 3685 0.617362 7.29108
3056 3685 0.619945 7.30774
3054 3685 0.622528 7.32441
3054 3685 0.625112 7.34108
3054 3685 0.627695 7.35774
3054 3685 0.630278 7.37441
3053 3685 0.632861 7.39108
3052 3685 0.635444 7.40774
3052 3685 0.638027 7.42441
3051 3685 0.64061 7.44108
3050 3685 0.643193 7.45774
3048 3685 0.645776 7.47441
3048 3685 0.648359 7.49108
3046 3685 0.650942 7.50774
3045 3685 0.653526 7.52441
3045 3685 0.656109 7.54107
3045 3685 0.658692 7.55774
3044 3685 0.661275 7.57441
3042 3685 0.663858 7.59107
3040 3685 0.666441 7.60774
3038 3685 0.669024 7.62441
3037 3685 0.671607 7.64107
3037 3685 0.67419 7.65774
3036 3685 0.676773 7.67441
3035 3685 0.679356 7.69107
3034 3685 0.681939 7.70774
3031 3685 0.684523 7.72441
3031 3685 0.687106 7.74107
3031 3685 0.689689 7.75774
3031 3685 0.692272 7.7744
3030 3685 0.694855 7.79107
3030 3685 0.697438 7.80774
3028 3685 0.700021 7.8244
3026 3685 0.702604 7.84107
3026 3685 0.705187 7.85774
3025 3685 0.70777 7.8744
3024 3685 0.710353 7.89107
3023 3685 0.712937 7.90774
3022 3685 0.71552 7.9244
3020 3685 0.718103 7.94107
3019 3685 0.720686 7.95774
3018 3685 0.723269 7.9744
3018 3685 0.725852 7.99107
3017 3685 0.728435 8.00773
3017 3685 0.731018 8.0244
3013 3685 0.733601 8.04107
3012 3685 0.736184 8.05773
3012 3685 0.738767 8.0744
3011 3685 0.74135 8.09107
3008 3685 0.743934 8.10773
3007 3685 0.746517 8.1244
3007 3685 0.7491 8.14107
3006 3685 0.751683 8.15773
3002 3685 0.754266 8.1744
3002 3685 0.756849 8.19106
3001 3685 0.759432 8.20773
3001 3685 0.762015 8.2244
2999 3685 0.764598 8.24106
2997 3685 0.767181 8.25773
2996 3685 0.769764 8.2744
2994 3685 0.772348 8.29106
2993 3685 0.774931 8.30773
2992 3685 0.777514 8.3244
2990 3685 0.780097 8.34106
2989 3685 0.78268 8.35773
2988 3685 0.785263 8.3744
2986 3685 0.787846 8.39106
2986 3685 0.790429 8.40773
2985 3685 0.793012 8.42439
2984 3685 0.795595 8.44106
2983 3685 0.798178 8.45773
2982 3685 0.800761 8.47439
2980 3685 0.803345 8.49106
2980 3685 0.805928 8.50773
2980 3685 0.808511 8.52439
2979 3685 0.811094 8.54106
2977 3685 0.813677 8.55773
2977 3685 0.81626 8.57439
2977 3685 0.818843 8.59106
2976 3685 0.821426 8.60773
2975 3685 0.824009 8.62439
2974 3685 0.826592 8.64106
2972 3685 0.829175 8.65772
2972 3685 0.831758 8.67439
2971 3685 0.834342 8.69106
2970 3685 0.836925 8.70772
2967 3685 0.839508 8.72439
2966 3685 0.842091 8.74106
2965 3685 0.844674 8.75772
2964 3685 0.847257 8.77439
2963 3685 0.84984 8.79106
2962 3685 0.852423 8.80772
2961 3685 0.855006 8.82439
2959 3685 0.857589 8.84105
2959 3685 0.860172 8.85772
2957 3685 0.862756 8.87439
2956 3685 0.865339 8.89105
2955 3685 0.867922 8.90772
2953 3685 0.870505 8.92439
2952 3685 0.873088 8.94105
2951 3685 0.875671 8.95772
2947 3685 0.878254 8.97439
2947 3685 0.880837 8.99105
2946 3685 0.88342 9.00772
2944 3685 0.886003 9.02439
2942 3685 0.888586 9.04105
2939 3685 0.891169 9.05772
2938 3685 0.893753 9.07438
2937 3685 0.896336 9.09105
2936 3685 0.898919 9.10772
2936 3685 0.901502 9.12438
2936 3685 0.904085 9.14105
2936 3685 0.906668 9.15772
2934 3685 0.909251 9.17438
2934 3685 0.911834 9.19105
2933 3685 0.914417 9.20772
2931 3685 0.917 9.22438
2931 3685 0.919583 9.24105
2930 3685 0.922167 9.25772
2929 3685 0.92475 9.27438
2928 3685 0.927333 9.29105
2927 3685 0.929916 9.30771
2926 3685 0.932499 9.32438
2924 3685 0.935082 9.34105
2924 3685 0.937665 9.35771
2921 3685 0.940248 9.37438
2920 3685 0.942831 9.39105
2918 3685 0.945414 9.40771
2917 3685 0.947997 9.42438
2916 3685 0.95058 9.44105
2914 3685 0.953164 9.45771
2913 3685 0.955747 9.47438
2910 3685 0.95833 9.49104
2909 3685 0.960913 9.50771
2907 3685 0.963496 9.52438
2907 3685 0.966079 9.54104
2904 3685 0.968662 9.55771
2904 3685 0.971245 9.57438
2904 3685 0.973828 9.59104
2902 3685 0.976411 9.60771
2902 3685 0.978994 9.62438
2900 3685 0.981578 9.64104
2899 3685 0.984161 9.65771
2898 3685 0.984161 9.67438
2897 3685 0.984161 9.69104
2896 3685 0.984161 9.70771
2895 3685 0.984161 9.72437
2893 3685 0.984161 9.74104
2893 3685 0.984161 9.75771
2892 3685 0.984161 9.77437
2891 3685 0.984161 9.79104
2891 3685 0.984161 9.80771
2890 3685 0.984161 9.82437
2888 3685 0.984161 9.84104
2886 3685 0.984161 9.85771
2884 3685 0.984161 9.87437
2884 3685 0.984161 9.89104
2881 3685 0.984161 9.90771
2881 3685 0.984161 9.92437
2880 3685 0.984161 9.94104
2879 3685 0.984161 9.9577
2878 3685 0.984161 9.97437
2877 3685 0.984161 9.99104
2877 3685 0.984161 10.0077
2877 3685 0.984161 10.0244
2876 3685 0.984161 10.041
2874 3685 0.984161 10.0577
2874 3685 0.984161 10.0744
2874 3685 0.984161 10.091
2873 3685 0.984161 10.1077
2872 3685 0.984161 10.1244
2872 3685 0.984161 10.141
2871 3685 0.984161 10.1577
2868 3685 0.984161 10.1744
2867 3685 0.984161 10.191
2867 3685 0.984161 10.2077
2866 3685 0.984161 10.2244
2865 3685 0.984161 10.241
2864 3685 0.984161 10.2577
2863 3685 0.984161 10.2744
2860 3685 0.984161 10.291
2860 3685 0.984161 10.3077
2859 3685 0.984161 10.3244
2859 3685 0.984161 10.341
2859 3685 0.984161 10.3577
2858 3685 0.984161 10.3744
2857 3685 0.984161 10.391
2857 3685 0.984161 10.4077
2856 3685 0.984161 10.4244
2856 3685 0.984161 10.441
2855 3685 0.984161 10.4577
2854 3685 0.984161 10.4744
2853 3685 0.984161 10.491
2853 3685 0.984161 10.5077
2853 3685 0.984161 10.5244
2853 3685 0.984161 10.541
2853 3685 0.984161 10.5577
2852 3685 0.984161 10.5744
2851 3685 0.984161 10.591
2851 3685 0.984161 10.6077
2851 3685 0.984161 10.6244
2850 3685 0.984161 10.641
2850 3685 0.984161 10.6577
2850 3685 0.984161 10.6744
2849 3685 0.984161 10.691
2849 3685 0.984161 10.7077
2849 3685 0.984161 10.7244
2849 3685 0.984161 10.741
2848 3685 0.984161 10.7577
2847 3685 0.984161 10.7744
2847 3685 0.984161 10.791
2847 3685 0.984161 10.8077
2846 3685 0.984161 10.8244
2846 3685 0.984161 10.841
2846 3685 0.984161 10.8577
2846 3685 0.984161 10.8744
2846 3685 0.984161 10.891
2846 3685 0.984161 10.9077
2846 3685 0.984161 10.9244
2846 3685 0.984161 10.941
2846 3685 0.984161 10.9577
2845 3685 0.984161 10.9744
2845 3685 0.984161 10.991
2845 3685 0.984161 11.0077
2844 3685 0.984161 11.0244
2844 3685 0.984161 11.041
2844 3685 0.984161 11.0577
2844 3685 0.984161 11.0744
2844 3685 0.984161 11.091
2844 3685 0.984161 11.1077
2844 3685 0.984161 11.1244
2844 3685 0.984161 11.141
2844 3685 0.984161 11.1577
2844 3685 0.984161 11.1744
2843 3685 0.984161 11.191
2843 3685 0.984161 11.2077
2843 3685 0.984161 11.2244
2843 3685 0.984161 11.241
2843 3685 0.984161 11.2577
2843 3685 0.984161 11.2744
2843 3685 0.984161 11.291
2843 3685 0.984161 11.3077
2843 3685 0.984161 11.3244
2843 3685 0.984161 11.341
2843 3685 0.984161 11.3577
2843 3685 0.984161 11.3743
2843 3685 0.984161 11.391
2842 3685 0.984161 11.4077
2842 3685 0.984161 11.4243
2842 3685 0.984161 11.441
2842 3685 0.984161 11.4577
2841 3685 0.984161 11.4743
2841 3685 0.984161 11.491
2840 3685 0.984161 11.5077
2840 3685 0.984161 11.5243
2840 3685 0.984161 11.541
2840 3685 0.984161 11.5577
2839 3685 0.984161 11.5743
2839 3685 0.984161 11.591
2839 3685 0.984161 11.6077
2839 3685 0.984161 11.6243
2839 3685 0.984161 11.641
2839 3685 0.984161 11.6577
2839 3685 0.984161 11.6743
2839 3685 0.984161 11.691
2839 3685 0.984161 11.7077
2839 3685 0.984161 11.7243
2839 3685 0.984161 11.741
2839 3685 0.984161 11.7577
2839 3685 0.984161 11.7743
2838 3685 0.984161 11.791
2838 3685 0.984161 11.8077
2838 3685 0.984161 11.8243
2838 3685 0.984161 11.841
2838 3685 0.984161 11.8577
2838 3685 0.984161 11.8743
2838 3685 0.984161 11.891
2838 3685 0.984161 11.9077
2838 3685 0.984161 11.9243
2837 3685 0.984161 11.941
2837 3685 0.984161 11.9577
2837 3685 0.984161 11.9743
2837 3685 0.984161 11.991
2837 3685 0.984161 12.0077
2836 3685 0.984161 12.0243
2836 3685 0.984161 12.041
2836 3685 0.984161 12.0577
2836 3685 0.984161 12.0743
2836 3685 0.984161 12.091
2836 3685 0.984161 12.1077
2836 3685 0.984161 12.1243
2836 3685 0.984161 12.141
2836 3685 0.984161 12.1577
2836 3685 0.984161 12.1743
2836 3685 0.984161 12.191
2836 3685 0.984161 12.2077
2836 3685 0.984161 12.2243
2836 3685 0.984161 12.241
2835 3685 0.984161 12.2577
2835 3685 0.984161 12.2743
2835 3685 0.984161 12.291
2835 3685 0.984161 12.3077
2835 3685 0.984161 12.3243
2835 3685 0.984161 12.341
2835 3685 0.984161 12.3577
2835 3685 0.984161 12.3743
2835 3685 0.984161 12.391
2835 3685 0.984161 12.4077
2835 3685 0.984161 12.4243
2835 3685 0.984161 12.441
2835 3685 0.984161 12.4577
2835 3685 0.984161 12.4743
2835 3685 0.984161 12.491
2835 3685 0.984161 12.5077
2835 3685 0.984161 12.5243
2835 3685 0.984161 12.541
2834 3685 0.984161 12.5577
2833 3685 0.984161 12.5743
2833 3685 0.984161 12.591
2833 3685 0.984161 12.6077
2833 3685 0.984161 12.6243
2833 3685 0.984161 12.641
2833 3685 0.984161 12.6577
2833 3685 0.984161 12.6743
2832 3685 0.984161 12.691
2832 3685 0.984161 12.7077
2832 3685 0.984161 12.7243
2832 3685 0.984161 12.741
2832 3685 0.984161 12.7577
2832 3685 0.984161 12.7743
2832 3685 0.984161 12.791
2832 3685 0.984161 12.8077
2832 3685 0.984161 12.8243
2832 3685 0.984161 12.841
2832 3685 0.984161 12.8577
2832 3685 0.984161 12.8743
2832 3685 0.984161 12.891
2832 3685 0.984161 12.9077
2832 3685 0.984161 12.9243
2832 3685 0.984161 12.941
2832 3685 0.984161 12.9577
2832 3685 0.984161 12.9743
2832 3685 0.984161 12.991
2832 3685 0.984161 13.0077
2831 3685 0.984161 13.0243
2831 3685 0.984161 13.041
2831 3685 0.984161 13.0577
2831 3685 0.984161 13.0743
2831 3685 0.984161 13.091
2831 3685 0.984161 13.1077
2831 3685 0.984161 13.1243
2831 3685 0.984161 13.141
2831 3685 0.984161 13.1577
2831 3685 0.984161 13.1743
2831 3685 0.984161 13.191
2831 3685 0.984161 13.2077
2831 3685 0.984161 13.2243
2831 3685 0.984161 13.241
2831 3685 0.984161 13.2577
2831 3685 0.984161 13.2743
2831 3685 0.984161 13.291
2831 3685 0.984161 13.3077
2831 3685 0.984161 13.3243
2831 3685 0.984161 13.341
2830 3685 0.984161 13.3577
2829 3685 0.984161 13.3743
2829 3685 0.984161 13.391
2829 3685 0.984161 13.4077
2829 3685 0.984161 13.4243
2829 3685 0.984161 13.441
2829 3685 0.984161 13.4577
2829 3685 0.984161 13.4743
2829 3685 0.984161 13.491
2829 3685 0.984161 13.5077
2829 3685 0.984161 13.5243
2829 3685 0.984161 13.541
2829 3685 0.984161 13.5576
2829 3685 0.984161 13.5743
2829 3685 0.984161 13.591
2829 3685 0.984161 13.6076
2829 3685 0.984161 13.6243
2829 3685 0.984161 13.641
2829 3685 0.984161 13.6576
2829 3685 0.984161 13.6743
2829 3685 0.984161 13.691
2829 3685 0.984161 13.7076
2829 3685 0.984161 13.7243
