inside_count num_particles theta time
14086 14086 0.00030507 0.0132217
14086 14086 0.00030507 0.029892
14086 14086 0.00030507 0.0465622
14086 14086 0.00030507 0.0632324
14086 14086 0.00030507 0.0799026
14086 14086 0.00030507 0.0965729
14086 14086 0.00030507 0.113243
14086 14086 0.00030507 0.129913
14086 14086 0.00030507 0.146584
14086 14086 0.00030507 0.163254
14086 14086 0.00030507 0.179924
14086 14086 0.00030507 0.196594
14086 14086 0.00030507 0.213264
14086 14086 0.00030507 0.229935
14086 14086 0.00030507 0.246605
14086 14086 0.00030507 0.263275
14086 14086 0.00030507 0.279945
14086 14086 0.00030507 0.296616
14086 14086 0.00030507 0.313286
14086 14086 0.00030507 0.329956
14086 14086 0.00030507 0.346626
14086 14086 0.00030507 0.363297
14086 14086 0.00335577 0.379967
14086 14086 0.00640648 0.396637
14086 14086 0.00945718 0.413307
14086 14086 0.0125079 0.429977
14086 14086 0.0155586 0.446648
14086 14086 0.0186093 0.463318
14086 14086 0.02166 0.479988
14086 14086 0.0247107 0.496658
14086 14086 0.0277614 0.513329
14086 14086 0.0308121 0.529999
14086 14086 0.0338628 0.546669
14086 14086 0.0369135 0.563339
14086 14086 0.0399642 0.580009
14086 14086 0.0430149 0.59668
14086 14086 0.0460656 0.61335
14086 14086 0.0491163 0.63002
14086 14086 0.052167 0.64669
14086 14086 0.0552177 0.663361
14086 14086 0.0582684 0.680031
14086 14086 0.0613191 0.696701
14086 14086 0.0643698 0.713371
14086 14086 0.0674206 0.730042
14086 14086 0.0704713 0.746712
14086 14086 0.073522 0.763382
14086 14086 0.0765727 0.780052
14086 14086 0.0796234 0.796722
14086 14086 0.0826741 0.813393
14086 14086 0.0857248 0.830063
14086 14086 0.0887755 0.846733
14086 14086 0.0918262 0.863403
14086 14086 0.0948769 0.880074
14086 14086 0.0979276 0.896744
14086 14086 0.100978 0.913414
14086 14086 0.104029 0.930084
14086 14086 0.10708 0.946754
14086 14086 0.11013 0.963425
14086 14086 0.113181 0.980095
14086 14086 0.116232 0.996765
14086 14086 0.119283 1.01344
14086 14086 0.122333 1.03011
14086 14086 0.125384 1.04678
14086 14086 0.128435 1.06345
14086 14086 0.131485 1.08012
14086 14086 0.134536 1.09679
14086 14086 0.137587 1.11346
14086 14086 0.140637 1.13013
14086 14086 0.143688 1.1468
14086 14086 0.146739 1.16347
14086 14086 0.14979 1.18014
14086 14086 0.15284 1.19681
14086 14086 0.155891 1.21348
14086 14086 0.158942 1.23015
14086 14086 0.161992 1.24682
14086 14086 0.165043 1.26349
14086 14086 0.168094 1.28016
14086 14086 0.171144 1.29683
14086 14086 0.174195 1.3135
14086 14086 0.177246 1.33017
14086 14086 0.180297 1.34684
14086 14086 0.183347 1.36351
14086 14086 0.186398 1.38018
14086 14086 0.189449 1.39685
14086 14086 0.192499 1.41352
14086 14086 0.19555 1.43019
14086 14086 0.198601 1.44686
14086 14086 0.201651 1.46353
14086 14086 0.204702 1.4802
14086 14086 0.207753 1.49687
14086 14086 0.210804 1.51354
14086 14086 0.213854 1.53021
14086 14086 0.216905 1.54688
14086 14086 0.219956 1.56355
14086 14086 0.223006 1.58022
14086 14086 0.226338 1.59689
14086 14086 0.229624 1.61356
14086 14086 0.232865 1.63023
14086 14086 0.23606 1.6469
14086 14086 0.239212 1.66357
14086 14086 0.242321 1.68024
14086 14086 0.245386 1.69691
14086 14086 0.248409 1.71358
14086 14086 0.251391 1.73026
14086 14086 0.254331 1.74693
14086 14086 0.257231 1.7636
14086 14086 0.260091 1.78027
14086 14086 0.262911 1.79694
14086 14086 0.265693 1.81361
14086 14086 0.268436 1.83028
14086 14086 0.271142 1.84695
14086 14086 0.27381 1.86362
14086 14086 0.276441 1.88029
14086 14086 0.279036 1.89696
14086 14086 0.281596 1.91363
14086 14086 0.28412 1.9303
14086 14086 0.286609 1.94697
14086 14086 0.289064 1.96364
14086 14086 0.291485 1.98031
14086 14086 0.293872 1.99698
14086 14086 0.296227 2.01365
14086 14086 0.298549 2.03032
14086 14086 0.300839 2.04699
14086 14086 0.303098 2.06366
14086 14086 0.305326 2.08033
14086 14086 0.307522 2.097
14086 14086 0.309689 2.11367
14086 14086 0.311826 2.13034
14086 14086 0.313933 2.14701
14086 14086 0.316011 2.16368
14086 14086 0.31806 2.18035
14086 14086 0.320082 2.19702
14086 14086 0.322075 2.21369
14086 14086 0.324041 2.23036
14086 14086 0.32598 2.24703
14086 14086 0.327892 2.2637
14086 14086 0.329777 2.28037
14086 14086 0.331637 2.29704
14086 14086 0.333471 2.31371
14086 14086 0.33528 2.33038
14086 14086 0.337064 2.34705
14086 14086 0.338823 2.36372
14086 14086 0.340558 2.38039
14086 14086 0.342269 2.39706
14086 14086 0.343956 2.41373
14086 14086 0.34562 2.4304
14086 14086 0.347262 2.44707
14086 14086 0.34888 2.46375
14086 14086 0.350477 2.48042
14086 14086 0.352051 2.49709
14086 14086 0.353604 2.51376
14086 14086 0.355135 2.53043
14086 14086 0.356645 2.5471
14086 14086 0.358134 2.56377
14086 14086 0.359603 2.58044
14086 14086 0.361051 2.59711
14086 14086 0.36248 2.61378
14086 14086 0.363888 2.63045
14086 14086 0.365278 2.64712
14086 14086 0.366648 2.66379
14086 14086 0.367999 2.68046
14086 14086 0.369332 2.69713
14086 14086 0.370646 2.7138
14086 14086 0.371943 2.73047
14086 14086 0.373221 2.74714
14086 14086 0.374482 2.76381
14086 14086 0.375725 2.78048
14086 14086 0.376951 2.79715
14086 14086 0.37816 2.81382
14086 14086 0.379353 2.83049
14086 14086 0.380529 2.84716
14086 14086 0.381689 2.86383
14086 14086 0.382833 2.8805
14086 14086 0.383961 2.89717
14086 14086 0.385074 2.91384
14086 14086 0.386171 2.93051
14086 14086 0.387253 2.94718
14086 14086 0.38832 2.96385
14086 14086 0.389373 2.98052
14086 14086 0.390411 2.99719
14086 14086 0.391435 3.01386
14086 14086 0.392444 3.03053
14086 14086 0.39344 3.0472
14086 14086 0.394422 3.06387
14086 14086 0.39539 3.08054
14086 14086 0.396345 3.09721
14086 14086 0.397287 3.11388
14086 14086 0.398216 3.13055
14086 14086 0.399132 3.14722
14086 14086 0.400036 3.16389
14086 14086 0.400927 3.18056
14086 14086 0.401805 3.19724
14086 14086 0.402672 3.21391
14086 14086 0.403527 3.23058
14086 14086 0.404369 3.24725
14086 14086 0.405201 3.26392
14086 14086 0.40602 3.28059
14086 14086 0.406829 3.29726
14086 14086 0.407626 3.31393
14086 14086 0.408413 3.3306
14086 14086 0.409188 3.34727
14086 14086 0.409953 3.36394
14086 14086 0.410707 3.38061
14086 14086 0.411451 3.39728
14086 14086 0.412185 3.41395
14086 14086 0.412908 3.43062
14086 14086 0.413622 3.44729
14086 14086 0.414325 3.46396
14086 14086 0.415019 3.48063
14086 14086 0.415704 3.4973
14086 14086 0.416379 3.51397
14086 14086 0.417044 3.53064
14086 14086 0.417701 3.54731
14086 14086 0.418348 3.56398
14086 14086 0.418987 3.58065
14086 14086 0.419616 3.59732
14086 14086 0.420237 3.61399
14086 14086 0.42085 3.63066
14086 14086 0.421454 3.64733
14086 14086 0.42205 3.664
14086 14086 0.422637 3.68067
14086 14086 0.423216 3.69734
14086 14086 0.423788 3.71401
14086 14086 0.424351 3.73068
14086 14086 0.424907 3.74735
14086 14086 0.425455 3.76402
14086 14086 0.425996 3.78069
14086 14086 0.426529 3.79736
14086 14086 0.427054 3.81403
14086 14086 0.427573 3.8307
14086 14086 0.428084 3.84737
14086 14086 0.428589 3.86404
14086 14086 0.429086 3.88071
14086 14086 0.429576 3.89738
14086 14086 0.43006 3.91405
14086 14086 0.430537 3.93073
14086 14086 0.431008 3.9474
14086 14086 0.431471 3.96407
14086 14086 0.431929 3.98074
14086 14086 0.43238 3.99741
14086 14086 0.432825 4.01408
14086 14086 0.433264 4.03075
14086 14086 0.433697 4.04742
14086 14086 0.434124 4.06409
14086 14086 0.434545 4.08076
14086 14086 0.43496 4.09743
14086 14086 0.43537 4.1141
14086 14086 0.435773 4.13077
14086 14086 0.436172 4.14744
14086 14086 0.436565 4.16411
14086 14086 0.436952 4.18078
14086 14086 0.437334 4.19745
14086 14086 0.437711 4.21412
14086 14086 0.438082 4.23079
14086 14086 0.438449 4.24746
14086 14086 0.43881 4.26413
14086 14086 0.439166 4.2808
14086 14086 0.439518 4.29747
14086 14086 0.439864 4.31414
14086 14086 0.440206 4.33081
14086 14086 0.440543 4.34748
14086 14086 0.440876 4.36415
14086 14086 0.441204 4.38082
14086 14086 0.441527 4.39749
14086 14086 0.441846 4.41416
14086 14086 0.442161 4.43083
14086 14086 0.442471 4.4475
14086 14086 0.442777 4.46417
14086 14086 0.442777 4.48084
14086 14086 0.442777 4.49751
14086 14086 0.442777 4.51418
14086 14086 0.442777 4.53085
14086 14086 0.442777 4.54752
14086 14086 0.442777 4.56419
14086 14086 0.442777 4.58086
14086 14086 0.442777 4.59753
14086 14086 0.442777 4.6142
14086 14086 0.442777 4.63087
14086 14086 0.442777 4.64754
14086 14086 0.442777 4.66422
14086 14086 0.442777 4.68089
14086 14086 0.442777 4.69756
14086 14086 0.442777 4.71423
14086 14086 0.442777 4.7309
14086 14086 0.442777 4.74757
14086 14086 0.442777 4.76424
14086 14086 0.442777 4.78091
14086 14086 0.442777 4.79758
14086 14086 0.442777 4.81425
14086 14086 0.445828 4.83092
14086 14086 0.448878 4.84759
14086 14086 0.451929 4.86426
14086 14086 0.45498 4.88093
14086 14086 0.45803 4.8976
14086 14086 0.461081 4.91427
14086 14086 0.464132 4.93094
14086 14086 0.467183 4.94761
14086 14086 0.470233 4.96428
14086 14086 0.473284 4.98095
14086 14086 0.476335 4.99762
14086 14086 0.479385 5.01429
14086 14086 0.482436 5.03096
14086 14086 0.485487 5.04763
14086 14086 0.488538 5.0643
14086 14086 0.491588 5.08097
14086 14086 0.494639 5.09764
14086 14086 0.49769 5.11431
14086 14086 0.50074 5.13098
14086 14086 0.503791 5.14765
14086 14086 0.506842 5.16432
14086 14086 0.509892 5.18099
14086 14086 0.512943 5.19766
14086 14086 0.515994 5.21433
14086 14086 0.519045 5.231
14086 14086 0.522095 5.24767
14086 14086 0.525146 5.26434
14086 14086 0.528197 5.28101
14086 14086 0.531247 5.29768
14086 14086 0.534298 5.31435
14086 14086 0.537349 5.33102
14086 14086 0.540399 5.34769
14086 14086 0.54345 5.36436
14086 14086 0.546501 5.38103
14086 14086 0.549551 5.39771
14086 14086 0.552602 5.41438
14086 14086 0.555653 5.43105
14086 14086 0.558703 5.44772
14086 14086 0.561754 5.46439
14086 14086 0.564805 5.48106
14086 14086 0.567855 5.49773
14086 14086 0.570906 5.5144
14086 14086 0.573957 5.53107
14086 14086 0.577008 5.54774
14086 14086 0.580058 5.56441
14086 14086 0.583109 5.58108
14086 14086 0.58616 5.59775
14086 14086 0.58921 5.61442
14086 14086 0.592261 5.63109
14086 14086 0.595312 5.64776
14086 14086 0.598362 5.66443
14086 14086 0.601413 5.6811
14086 14086 0.604464 5.69777
14086 14086 0.607514 5.71444
14086 14086 0.610565 5.73111
14086 14086 0.613616 5.74778
14086 14086 0.616666 5.76445
14086 14086 0.619717 5.78112
14086 14086 0.622768 5.79779
14086 14086 0.625818 5.81446
14086 14086 0.628869 5.83113
14086 14086 0.63192 5.8478
14086 14086 0.634971 5.86447
14086 14086 0.638021 5.88114
14086 14086 0.641072 5.89781
14086 14086 0.644123 5.91448
14086 14086 0.647173 5.93115
14086 14086 0.650224 5.94782
14086 14086 0.653275 5.96449
14086 14086 0.656325 5.98116
14086 14086 0.659376 5.99783
14086 14086 0.662427 6.0145
14086 14086 0.665477 6.03117
14086 14086 0.66881 6.04784
14086 14086 0.672097 6.06451
14086 14086 0.675338 6.08118
14086 14086 0.678535 6.09785
14086 14086 0.681687 6.11452
14086 14086 0.684796 6.1312
14086 14086 0.687863 6.14787
14086 14086 0.690887 6.16454
14086 14086 0.693869 6.18121
14086 14086 0.69681 6.19788
14086 14086 0.699711 6.21455
14086 14086 0.702571 6.23122
14086 14086 0.705393 6.24789
14086 14086 0.708175 6.26456
14086 14086 0.710919 6.28123
14086 14086 0.713625 6.2979
14086 14086 0.716294 6.31457
14086 14086 0.718926 6.33124
14086 14086 0.721521 6.34791
14086 14086 0.724081 6.36458
14086 14086 0.726606 6.38125
14086 14086 0.729096 6.39792
14086 14086 0.731551 6.41459
14086 14086 0.733973 6.43126
14086 14086 0.736361 6.44793
14086 14086 0.738716 6.4646
14086 14086 0.741039 6.48127
14086 14086 0.74333 6.49794
14086 14086 0.745589 6.51461
14086 14086 0.747818 6.53128
14086 14086 0.750015 6.54795
14086 14086 0.752182 6.56462
14086 14086 0.754319 6.58129
14086 14086 0.756427 6.59796
14086 14086 0.758506 6.61463
14086 14086 0.760556 6.6313
14086 14086 0.762577 6.64797
14086 14086 0.764571 6.66464
14086 14086 0.766537 6.68131
14086 14086 0.768477 6.69798
14086 14086 0.770389 6.71465
14086 14086 0.772275 6.73132
14086 14086 0.774135 6.74799
14086 14086 0.77597 6.76466
14086 14086 0.777779 6.78133
14086 14086 0.779563 6.798
14086 14086 0.781323 6.81467
14086 14086 0.783059 6.83134
14086 14086 0.78477 6.84801
14086 14086 0.786458 6.86469
14086 14086 0.788122 6.88136
14086 14086 0.789764 6.89803
14086 14086 0.791383 6.9147
14086 14086 0.79298 6.93137
14086 14086 0.794555 6.94804
14086 14086 0.796108 6.96471
14086 14086 0.797639 6.98138
14086 14086 0.79915 6.99805
14086 14086 0.800639 7.01472
14086 14086 0.802108 7.03139
14086 14086 0.803557 7.04806
14086 14086 0.804986 7.06473
14086 14086 0.806395 7.0814
14086 14086 0.807785 7.09807
14086 14086 0.809155 7.11474
14086 14086 0.810507 7.13141
14086 14086 0.81184 7.14808
14086 14086 0.813155 7.16475
14086 14086 0.814451 7.18142
14086 14086 0.81573 7.19809
14086 14086 0.816991 7.21476
14086 14086 0.818235 7.23143
14086 14086 0.819461 7.2481
14086 14086 0.820671 7.26477
14086 14086 0.821863 7.28144
14086 14086 0.82304 7.29811
14086 14086 0.8242 7.31478
14086 14086 0.825344 7.33145
14086 14086 0.826473 7.34812
14086 14086 0.827586 7.36479
14086 14086 0.828683 7.38146
14086 14086 0.829766 7.39813
14086 14086 0.830833 7.4148
14086 14086 0.831886 7.43147
14086 14086 0.832924 7.44814
14086 14086 0.833948 7.46481
14086 14086 0.834958 7.48148
14086 14086 0.835954 7.49815
14086 14086 0.836936 7.51482
14086 14086 0.837905 7.53149
14086 14086 0.83886 7.54816
14086 14086 0.839802 7.56483
14086 14086 0.840731 7.5815
14086 14086 0.841648 7.59818
14086 14086 0.842551 7.61485
14086 14086 0.843442 7.63152
14086 14086 0.844321 7.64819
14086 14086 0.845188 7.66486
14086 14086 0.846043 7.68153
14086 14086 0.846886 7.6982
14086 14086 0.847718 7.71487
14086 14086 0.848538 7.73154
14086 14086 0.849346 7.74821
14086 14086 0.850144 7.76488
14086 14086 0.85093 7.78155
14086 14086 0.851706 7.79822
14086 14086 0.852471 7.81489
14086 14086 0.853225 7.83156
14086 14086 0.85397 7.84823
14086 14086 0.854703 7.8649
14086 14086 0.855427 7.88157
14086 14086 0.856141 7.89824
14086 14086 0.856845 7.91491
14086 14086 0.857539 7.93158
14086 14086 0.858223 7.94825
14086 14086 0.858898 7.96492
14086 14086 0.859564 7.98159
14086 14086 0.860221 7.99826
14086 14086 0.860869 8.01493
14086 14086 0.861507 8.0316
14086 14086 0.862137 8.04827
14086 14086 0.862758 8.06494
14086 14086 0.863371 8.08161
14086 14086 0.863975 8.09828
14086 14086 0.864571 8.11495
14086 14086 0.865158 8.13162
14086 14086 0.865738 8.14829
14086 14086 0.86631 8.16496
14086 14086 0.866873 8.18163
14086 14086 0.867429 8.1983
14086 14086 0.867977 8.21497
14086 14086 0.868518 8.23164
14086 14086 0.869051 8.24831
14086 14086 0.869577 8.26498
14086 14086 0.870096 8.28165
14086 14086 0.870607 8.29832
14086 14086 0.871112 8.31499
14086 14086 0.871609 8.33167
14086 14086 0.8721 8.34834
14086 14086 0.872583 8.36501
14086 14086 0.873061 8.38168
14086 14086 0.873531 8.39835
14086 14086 0.873995 8.41502
14086 14086 0.874453 8.43169
14086 14086 0.874904 8.44836
14086 14086 0.875349 8.46503
14086 14086 0.875788 8.4817
14086 14086 0.876221 8.49837
14086 14086 0.876648 8.51504
14086 14086 0.87707 8.53171
14086 14086 0.877485 8.54838
14086 14086 0.877894 8.56505
14086 14086 0.878298 8.58172
14086 14086 0.878697 8.59839
14086 14086 0.87909 8.61506
14086 14086 0.879477 8.63173
14086 14086 0.879859 8.6484
14086 14086 0.880236 8.66507
14086 14086 0.880608 8.68174
14086 14086 0.880974 8.69841
14086 14086 0.881336 8.71508
14086 14086 0.881692 8.73175
14086 14086 0.882044 8.74842
14086 14086 0.88239 8.76509
14086 14086 0.882732 8.78176
14086 14086 0.88307 8.79843
14086 14086 0.883402 8.8151
14086 14086 0.88373 8.83177
14086 14086 0.884054 8.84844
14086 14086 0.884373 8.86511
14086 14086 0.884687 8.88178
14086 14086 0.884997 8.89845
14086 14086 0.885303 8.91512
14086 14086 0.885303 8.93179
14086 14086 0.885303 8.94846
14086 14086 0.885303 8.96513
14086 14086 0.885303 8.9818
14086 14086 0.885303 8.99847
14086 14086 0.885303 9.01514
14086 14086 0.885303 9.03181
14086 14086 0.885303 9.04848
14086 14086 0.885303 9.06516
14086 14086 0.885303 9.08183
14086 14086 0.885303 9.0985
14086 14086 0.885303 9.11517
14086 14086 0.885303 9.13184
14086 14086 0.885303 9.14851
14086 14086 0.885303 9.16518
14086 14086 0.885303 9.18185
14086 14086 0.885303 9.19852
14086 14086 0.885303 9.21519
14086 14086 0.885303 9.23186
14086 14086 0.885303 9.24853
14086 14086 0.885303 9.2652
14086 14086 0.888354 9.28187
14086 14086 0.891405 9.29854
14086 14086 0.894456 9.31521
14086 14086 0.897506 9.33188
14086 14086 0.900557 9.34855
14086 14086 0.903608 9.36522
14086 14086 0.906658 9.38189
14086 14086 0.909709 9.39856
14086 14086 0.91276 9.41523
14086 14086 0.91581 9.4319
14086 14086 0.918861 9.44857
14086 14086 0.921912 9.46524
14086 14086 0.924962 9.48191
14086 14086 0.928013 9.49858
14086 14086 0.931064 9.51525
14086 14086 0.934114 9.53192
14086 14086 0.937165 9.54859
14086 14086 0.940216 9.56526
14086 14086 0.943267 9.58193
14086 14086 0.946317 9.5986
14086 14086 0.949368 9.61527
14086 14086 0.952419 9.63194
14086 14086 0.955469 9.64861
14086 14086 0.95852 9.66528
14086 14086 0.961571 9.68195
14086 14086 0.964621 9.69862
14086 14086 0.967672 9.71529
14086 14086 0.970723 9.73196
14086 14086 0.973773 9.74863
14086 14086 0.976824 9.7653
14086 14086 0.979875 9.78197
14086 14086 0.982925 9.79865
14086 14086 0.985976 9.81532
14086 14086 0.989027 9.83199
14086 14086 0.992077 9.84866
14086 14086 0.995128 9.86533
14086 14086 0.998179 9.882
14086 14086 1.00123 9.89867
14086 14086 1.00428 9.91534
14086 14086 1.00733 9.93201
14086 14086 1.01038 9.94868
14086 14086 1.01343 9.96535
14086 14086 1.01648 9.98202
14086 14086 1.01953 9.99869
14086 14086 1.02258 10.0154
14086 14086 1.02564 10.032
14086 14086 1.02869 10.0487
14086 14086 1.03174 10.0654
14086 14086 1.03479 10.082
14086 14086 1.03784 10.0987
14086 14086 1.04089 10.1154
14086 14086 1.04394 10.132
14086 14086 1.04699 10.1487
14086 14086 1.05004 10.1654
14086 14086 1.05309 10.1821
14086 14086 1.05614 10.1987
14086 14086 1.05919 10.2154
14086 14086 1.06224 10.2321
14086 14086 1.06529 10.2487
14086 14086 1.06834 10.2654
14086 14086 1.0714 10.2821
14086 14086 1.07445 10.2988
14086 14086 1.0775 10.3154
14086 14086 1.08055 10.3321
14086 14086 1.0836 10.3488
14086 14086 1.08665 10.3654
14086 14086 1.0897 10.3821
14086 14086 1.09275 10.3988
14086 14086 1.0958 10.4154
14086 14086 1.09885 10.4321
14086 14086 1.1019 10.4488
14086 14086 1.10495 10.4655
14086 14086 1.108 10.4821
14086 14086 1.11134 10.4988
14086 14086 1.11462 10.5155
14086 14086 1.11786 10.5321
14086 14086 1.12106 10.5488
14086 14086 1.12421 10.5655
14086 14086 1.12732 10.5821
14086 14086 1.13039 10.5988
14086 14086 1.13341 10.6155
14086 14086 1.1364 10.6322
14086 14086 1.13934 10.6488
14086 14086 1.14224 10.6655
14086 14086 1.1451 10.6822
14086 14086 1.14792 10.6988
14086 14086 1.1507 10.7155
14086 14086 1.15345 10.7322
14086 14086 1.15615 10.7488
14086 14086 1.15882 10.7655
14086 14086 1.16145 10.7822
14086 14086 1.16405 10.7989
14086 14086 1.16661 10.8155
14086 14086 1.16913 10.8322
14086 14086 1.17162 10.8489
14086 14086 1.17408 10.8655
14086 14086 1.1765 10.8822
14086 14086 1.17889 10.8989
14086 14086 1.18124 10.9156
14086 14086 1.18357 10.9322
14086 14086 1.18586 10.9489
14086 14086 1.18812 10.9656
14086 14086 1.19035 10.9822
14086 14086 1.19254 10.9989
14086 14086 1.19471 11.0156
14086 14086 1.19685 11.0322
14086 14086 1.19896 11.0489
14086 14086 1.20103 11.0656
14086 14086 1.20308 11.0823
14086 14086 1.20511 11.0989
14086 14086 1.2071 11.1156
14086 14086 1.20907 11.1323
14086 14086 1.21101 11.1489
14086 14086 1.21292 11.1656
14086 14086 1.2148 11.1823
14086 14086 1.21666 11.1989
14086 14086 1.2185 11.2156
14086 14086 1.22031 11.2323
14086 14086 1.22209 11.249
14086 14086 1.22385 11.2656
14086 14086 1.22559 11.2823
14086 14086 1.2273 11.299
14086 14086 1.22899 11.3156
14086 14086 1.23065 11.3323
14086 14086 1.23229 11.349
14086 14086 1.23391 11.3656
14086 14086 1.23551 11.3823
14086 14086 1.23708 11.399
14086 14086 1.23864 11.4157
14086 14086 1.24017 11.4323
14086 14086 1.24168 11.449
14086 14086 1.24317 11.4657
14086 14086 1.24464 11.4823
14086 14086 1.24609 11.499
14086 14086 1.24752 11.5157
14086 14086 1.24892 11.5323
14086 14086 1.25031 11.549
14086 14086 1.25169 11.5657
14086 14086 1.25304 11.5824
14086 14086 1.25437 11.599
14086 14086 1.25568 11.6157
14086 14086 1.25698 11.6324
14086 14086 1.25826 11.649
14086 14086 1.25952 11.6657
14086 14086 1.26076 11.6824
14086 14086 1.26199 11.6991
14086 14086 1.2632 11.7157
14086 14086 1.26439 11.7324
14086 14086 1.26557 11.7491
14086 14086 1.26673 11.7657
14086 14086 1.26787 11.7824
14086 14086 1.269 11.7991
14086 14086 1.27012 11.8157
14086 14086 1.27121 11.8324
14086 14086 1.2723 11.8491
14086 14086 1.27336 11.8658
14086 14086 1.27442 11.8824
14086 14086 1.27545 11.8991
14086 14086 1.27648 11.9158
14086 14086 1.27749 11.9324
14086 14086 1.27848 11.9491
14086 14086 1.27947 11.9658
14086 14086 1.28044 11.9824
14086 14086 1.28139 11.9991
14086 14086 1.28233 12.0158
14086 14086 1.28326 12.0325
14086 14086 1.28418 12.0491
14086 14086 1.28508 12.0658
14086 14086 1.28597 12.0825
14086 14086 1.28685 12.0991
14086 14086 1.28772 12.1158
14086 14086 1.28857 12.1325
14086 14086 1.28942 12.1491
14086 14086 1.29025 12.1658
14086 14086 1.29107 12.1825
14086 14086 1.29188 12.1992
14086 14086 1.29267 12.2158
14086 14086 1.29346 12.2325
14086 14086 1.29424 12.2492
14086 14086 1.295 12.2658
14086 14086 1.29576 12.2825
14086 14086 1.2965 12.2992
14086 14086 1.29723 12.3158
14086 14086 1.29796 12.3325
14086 14086 1.29867 12.3492
14086 14086 1.29938 12.3659
14086 14086 1.30007 12.3825
14086 14086 1.30075 12.3992
14086 14086 1.30143 12.4159
14086 14086 1.3021 12.4325
14086 14086 1.30275 12.4492
14086 14086 1.3034 12.4659
14086 14086 1.30404 12.4826
14086 14086 1.30467 12.4992
14086 14086 1.30529 12.5159
14086 14086 1.3059 12.5326
14086 14086 1.30651 12.5492
14086 14086 1.3071 12.5659
14086 14086 1.30769 12.5826
14086 14086 1.30827 12.5992
14086 14086 1.30884 12.6159
14086 14086 1.3094 12.6326
14086 14086 1.30996 12.6493
14086 14086 1.31051 12.6659
14086 14086 1.31105 12.6826
14086 14086 1.31158 12.6993
14086 14086 1.31211 12.7159
14086 14086 1.31263 12.7326
14086 14086 1.31314 12.7493
14086 14086 1.31364 12.7659
14086 14086 1.31414 12.7826
14086 14086 1.31463 12.7993
14086 14086 1.31511 12.816
14086 14086 1.31559 12.8326
14086 14086 1.31606 12.8493
14086 14086 1.31653 12.866
14086 14086 1.31698 12.8826
14086 14086 1.31744 12.8993
14086 14086 1.31788 12.916
14086 14086 1.31832 12.9326
14086 14086 1.31875 12.9493
14086 14086 1.31918 12.966
14086 14086 1.3196 12.9827
14086 14086 1.32002 12.9993
14086 14086 1.32043 13.016
14086 14086 1.32083 13.0326
14086 14086 1.32123 13.0493
14086 14086 1.32162 13.066
14086 14086 1.32201 13.0826
14086 14086 1.32239 13.0993
14086 14086 1.32277 13.116
14086 14086 1.32314 13.1326
14086 14086 1.32351 13.1493
14086 14086 1.32387 13.1659
14086 14086 1.32422 13.1826
14086 14086 1.32458 13.1993
14086 14086 1.32492 13.2159
14086 14086 1.32526 13.2326
14086 14086 1.3256 13.2493
14086 14086 1.32593 13.2659
14086 14086 1.32626 13.2826
14086 14086 1.32659 13.2992
14086 14086 1.3269 13.3159
14086 14086 1.32722 13.3326
14086 14086 1.32753 13.3492
14086 14086 1.32783 13.3659
14086 14086 1.32783 13.3826
14086 14086 1.32783 13.3992
14086 14086 1.32783 13.4159
14086 14086 1.32783 13.4325
14086 14086 1.32783 13.4492
14086 14086 1.32783 13.4659
14086 14086 1.32783 13.4825
14086 14086 1.32783 13.4992
14086 14086 1.32783 13.5159
14086 14086 1.32783 13.5325
14086 14086 1.32783 13.5492
14086 14086 1.32783 13.5658
14086 14086 1.32783 13.5825
14086 14086 1.32783 13.5992
14086 14086 1.32783 13.6158
14086 14086 1.32783 13.6325
14086 14086 1.32783 13.6492
14086 14086 1.32783 13.6658
14086 14086 1.32783 13.6825
14086 14086 1.32783 13.6991
14086 14086 1.32783 13.7158
14086 14086 1.33089 13.7325
14086 14086 1.33394 13.7491
14086 14086 1.33699 13.7658
14086 14086 1.34004 13.7825
14086 14086 1.34309 13.7991
14086 14086 1.34614 13.8158
14086 14086 1.34919 13.8324
14086 14086 1.35224 13.8491
14086 14086 1.35529 13.8658
14086 14086 1.35834 13.8824
14086 14086 1.36139 13.8991
14086 14086 1.36444 13.9158
14086 14086 1.36749 13.9324
14086 14086 1.37054 13.9491
14086 14086 1.3736 13.9657
14086 14086 1.37665 13.9824
14086 14086 1.3797 13.9991
14086 14086 1.38275 14.0157
14086 14086 1.3858 14.0324
14086 14086 1.38885 14.0491
14086 14086 1.3919 14.0657
14086 14086 1.39495 14.0824
14086 14086 1.398 14.099
14086 14086 1.40105 14.1157
14086 14086 1.4041 14.1324
14086 14086 1.40715 14.149
14086 14086 1.4102 14.1657
14086 14086 1.41325 14.1824
14086 14086 1.4163 14.199
14086 14086 1.41936 14.2157
14086 14086 1.42241 14.2323
14086 14086 1.42546 14.249
14086 14086 1.42851 14.2657
14086 14086 1.43156 14.2823
14086 14086 1.43461 14.299
14086 14086 1.43766 14.3157
14086 14086 1.44071 14.3323
14086 14086 1.44376 14.349
14086 14086 1.44681 14.3656
14086 14086 1.44986 14.3823
14086 14086 1.45291 14.399
14086 14086 1.45596 14.4156
14086 14086 1.45901 14.4323
14086 14086 1.46207 14.449
14086 14086 1.46512 14.4656
14086 14086 1.46817 14.4823
14086 14086 1.47122 14.4989
14086 14086 1.47427 14.5156
14086 14086 1.47732 14.5323
14086 14086 1.48037 14.5489
14086 14086 1.48342 14.5656
14086 14086 1.48647 14.5823
14086 14086 1.48952 14.5989
14086 14086 1.49257 14.6156
14086 14086 1.49562 14.6322
14086 14086 1.49867 14.6489
14086 14086 1.50172 14.6656
14086 14086 1.50477 14.6822
14086 14086 1.50783 14.6989
14086 14086 1.51088 14.7156
14086 14086 1.51393 14.7322
14086 14086 1.51698 14.7489
14086 14086 1.52003 14.7655
14086 14086 1.52308 14.7822
14086 14086 1.52613 14.7989
14086 14086 1.52918 14.8155
14086 14086 1.53223 14.8322
14086 14086 1.53528 14.8489
14086 14086 1.53833 14.8655
14086 14086 1.54138 14.8822
14086 14086 1.54443 14.8988
14086 14086 1.54748 14.9155
14086 14086 1.55053 14.9322
14086 14086 1.55387 14.9488
14086 14086 1.55715 14.9655
14086 14086 1.5604 14.9822
14086 14086 1.56359 14.9988
14086 14086 1.56675 15.0155
14086 14086 1.56985 15.0322
14086 14086 1.57292 15.0488
14086 14086 1.57594 15.0655
14086 14086 1.57893 15.0821
14086 14086 1.58187 15.0988
14059 14086 1.58477 15.1155
14059 14086 1.58763 15.1321
14059 14086 1.59045 15.1488
14040 14086 1.59323 15.1655
14036 14086 1.59598 15.1821
14036 14086 1.59868 15.1988
14020 14086 1.60135 15.2154
14006 14086 1.60398 15.2321
13995 14086 1.60658 15.2488
13981 14086 1.60914 15.2654
13968 14086 1.61167 15.2821
13959 14086 1.61416 15.2988
13942 14086 1.61661 15.3154
13921 14086 1.61903 15.3321
13901 14086 1.62142 15.3487
13887 14086 1.62378 15.3654
13872 14086 1.6261 15.3821
13854 14086 1.62839 15.3987
13840 14086 1.63065 15.4154
13820 14086 1.63288 15.4321
13793 14086 1.63507 15.4487
13772 14086 1.63724 15.4654
13753 14086 1.63938 15.482
13726 14086 1.64149 15.4987
13701 14086 1.64357 15.5154
13671 14086 1.64562 15.532
13645 14086 1.64764 15.5487
13617 14086 1.64963 15.5654
13590 14086 1.6516 15.582
13569 14086 1.65354 15.5987
13543 14086 1.65545 15.6153
13520 14086 1.65734 15.632
13498 14086 1.6592 15.6487
13463 14086 1.66103 15.6653
13441 14086 1.66284 15.682
13411 14086 1.66462 15.6987
13379 14086 1.66638 15.7153
13343 14086 1.66812 15.732
13316 14086 1.66983 15.7486
13285 14086 1.67152 15.7653
13262 14086 1.67318 15.782
13225 14086 1.67483 15.7986
13204 14086 1.67644 15.8153
13173 14086 1.67804 15.832
13139 14086 1.67962 15.8486
13108 14086 1.68117 15.8653
13073 14086 1.6827 15.8819
13047 14086 1.68421 15.8986
13011 14086 1.6857 15.9153
12972 14086 1.68717 15.9319
12939 14086 1.68862 15.9486
12910 14086 1.69005 15.9653
12873 14086 1.69146 15.9819
12834 14086 1.69285 15.9986
12802 14086 1.69422 16.0152
12771 14086 1.69557 16.0319
12741 14086 1.6969 16.0486
12700 14086 1.69822 16.0652
12662 14086 1.69951 16.0819
12630 14086 1.70079 16.0986
12597 14086 1.70205 16.1152
12559 14086 1.7033 16.1319
12522 14086 1.70452 16.1485
12489 14086 1.70573 16.1652
12447 14086 1.70693 16.1819
12414 14086 1.7081 16.1985
12381 14086 1.70926 16.2152
12344 14086 1.71041 16.2319
12306 14086 1.71153 16.2485
12270 14086 1.71265 16.2652
12228 14086 1.71375 16.2818
12187 14086 1.71483 16.2985
12150 14086 1.7159 16.3152
12111 14086 1.71695 16.3318
12069 14086 1.71799 16.3485
12030 14086 1.71901 16.3652
12000 14086 1.72002 16.3818
11962 14086 1.72102 16.3985
11921 14086 1.722 16.4151
11885 14086 1.72297 16.4318
11843 14086 1.72392 16.4485
11798 14086 1.72486 16.4651
11749 14086 1.72579 16.4818
11712 14086 1.72671 16.4985
11677 14086 1.72761 16.5151
11633 14086 1.72851 16.5318
11589 14086 1.72938 16.5484
11556 14086 1.73025 16.5651
11521 14086 1.73111 16.5818
11483 14086 1.73195 16.5984
11442 14086 1.73278 16.6151
11400 14086 1.7336 16.6318
11361 14086 1.73441 16.6484
11316 14086 1.73521 16.6651
11276 14086 1.73599 16.6817
11235 14086 1.73677 16.6984
11193 14086 1.73753 16.7151
11156 14086 1.73829 16.7317
11125 14086 1.73903 16.7484
11083 14086 1.73977 16.7651
11050 14086 1.74049 16.7817
11005 14086 1.7412 16.7984
10956 14086 1.74191 16.815
10915 14086 1.7426 16.8317
10878 14086 1.74329 16.8484
10841 14086 1.74396 16.865
10803 14086 1.74463 16.8817
10753 14086 1.74528 16.8984
10717 14086 1.74593 16.915
10675 14086 1.74657 16.9317
10640 14086 1.7472 16.9483
10600 14086 1.74782 16.965
10554 14086 1.74843 16.9817
10515 14086 1.74904 16.9983
10481 14086 1.74963 17.015
10436 14086 1.75022 17.0317
10394 14086 1.7508 17.0483
10355 14086 1.75137 17.065
10320 14086 1.75194 17.0816
10280 14086 1.75249 17.0983
10240 14086 1.75304 17.115
10200 14086 1.75358 17.1316
10155 14086 1.75411 17.1483
10117 14086 1.75464 17.165
10081 14086 1.75516 17.1816
10046 14086 1.75567 17.1983
10009 14086 1.75618 17.215
9973 14086 1.75667 17.2316
9934 14086 1.75716 17.2483
9893 14086 1.75765 17.2649
9849 14086 1.75812 17.2816
9809 14086 1.75859 17.2983
9780 14086 1.75906 17.3149
9734 14086 1.75952 17.3316
9697 14086 1.75997 17.3483
9656 14086 1.76041 17.3649
9614 14086 1.76085 17.3816
9582 14086 1.76129 17.3982
9550 14086 1.76171 17.4149
9515 14086 1.76213 17.4316
9472 14086 1.76255 17.4482
9444 14086 1.76296 17.4649
9412 14086 1.76336 17.4816
9364 14086 1.76376 17.4982
9329 14086 1.76415 17.5149
9287 14086 1.76454 17.5315
9247 14086 1.76492 17.5482
9213 14086 1.7653 17.5649
9185 14086 1.76567 17.5815
9153 14086 1.76604 17.5982
9117 14086 1.7664 17.6149
9078 14086 1.76676 17.6315
9037 14086 1.76711 17.6482
9006 14086 1.76745 17.6648
8974 14086 1.7678 17.6815
8939 14086 1.76813 17.6982
8905 14086 1.76847 17.7148
8862 14086 1.76879 17.7315
8834 14086 1.76912 17.7482
8797 14086 1.76944 17.7648
8763 14086 1.76975 17.7815
8734 14086 1.77006 17.7981
8703 14086 1.77037 17.8148
8670 14086 1.77037 17.8315
8635 14086 1.77037 17.8481
8604 14086 1.77037 17.8648
8569 14086 1.77037 17.8815
8530 14086 1.77037 17.8981
8495 14086 1.77037 17.9148
8466 14086 1.77037 17.9314
8436 14086 1.77037 17.9481
8404 14086 1.77037 17.9648
8373 14086 1.77037 17.9814
8341 14086 1.77037 17.9981
8307 14086 1.77037 18.0148
8270 14086 1.77037 18.0314
8244 14086 1.77037 18.0481
8213 14086 1.77037 18.0647
8184 14086 1.77037 18.0814
8152 14086 1.77037 18.0981
8119 14086 1.77037 18.1147
8084 14086 1.77037 18.1314
8055 14086 1.77037 18.1481
8028 14086 1.77037 18.1647
7996 14086 1.77037 18.1814
7956 14086 1.77037 18.198
7923 14086 1.77037 18.2147
7897 14086 1.77037 18.2314
7869 14086 1.77037 18.248
7840 14086 1.77037 18.2647
7814 14086 1.77037 18.2814
7778 14086 1.77037 18.298
7749 14086 1.77037 18.3147
7723 14086 1.77037 18.3313
7696 14086 1.77037 18.348
7666 14086 1.77037 18.3647
7642 14086 1.77037 18.3813
7609 14086 1.77037 18.398
7576 14086 1.77037 18.4147
7546 14086 1.77037 18.4313
7523 14086 1.77037 18.448
7496 14086 1.77037 18.4646
7470 14086 1.77037 18.4813
7445 14086 1.77037 18.498
7416 14086 1.77037 18.5146
7388 14086 1.77037 18.5313
7358 14086 1.77037 18.548
7337 14086 1.77037 18.5646
7312 14086 1.77037 18.5813
7280 14086 1.77037 18.5979
7257 14086 1.77037 18.6146
7234 14086 1.77037 18.6313
7205 14086 1.77037 18.6479
7184 14086 1.77037 18.6646
7158 14086 1.77037 18.6813
7126 14086 1.77037 18.6979
7096 14086 1.77037 18.7146
7071 14086 1.77037 18.7312
7049 14086 1.77037 18.7479
7026 14086 1.77037 18.7646
6998 14086 1.77037 18.7812
6967 14086 1.77037 18.7979
6943 14086 1.77037 18.8146
6922 14086 1.77037 18.8312
6904 14086 1.77037 18.8479
6879 14086 1.77037 18.8645
6853 14086 1.77037 18.8812
6832 14086 1.77037 18.8979
6811 14086 1.77037 18.9145
6786 14086 1.77037 18.9312
6761 14086 1.77037 18.9479
6738 14086 1.77037 18.9645
6718 14086 1.77037 18.9812
6690 14086 1.77037 18.9978
6664 14086 1.77037 19.0145
6643 14086 1.77037 19.0312
6622 14086 1.77037 19.0478
6601 14086 1.77037 19.0645
6580 14086 1.77037 19.0812
6555 14086 1.77037 19.0978
6538 14086 1.77037 19.1145
6525 14086 1.77037 19.1311
6507 14086 1.77037 19.1478
6475 14086 1.77037 19.1645
6452 14086 1.77037 19.1811
6431 14086 1.77037 19.1978
6416 14086 1.77037 19.2145
6401 14086 1.77037 19.2311
6378 14086 1.77037 19.2478
6356 14086 1.77037 19.2645
6333 14086 1.77037 19.2811
6310 14086 1.77037 19.2978
6288 14086 1.77037 19.3144
6269 14086 1.77037 19.3311
6255 14086 1.77037 19.3478
6237 14086 1.77037 19.3644
6217 14086 1.77037 19.3811
6198 14086 1.77037 19.3978
6180 14086 1.77037 19.4144
6160 14086 1.77037 19.4311
6136 14086 1.77037 19.4477
6116 14086 1.77037 19.4644
6102 14086 1.77037 19.4811
6086 14086 1.77037 19.4977
6064 14086 1.77037 19.5144
6051 14086 1.77037 19.5311
6036 14086 1.77037 19.5477
6022 14086 1.77037 19.5644
6002 14086 1.77037 19.581
5985 14086 1.77037 19.5977
5966 14086 1.77037 19.6144
5950 14086 1.77037 19.631
5930 14086 1.77037 19.6477
5910 14086 1.77037 19.6644
5893 14086 1.77037 19.681
5886 14086 1.77037 19.6977
5873 14086 1.77037 19.7143
5855 14086 1.77037 19.731
5834 14086 1.77037 19.7477
5816 14086 1.77037 19.7643
5797 14086 1.77037 19.781
5778 14086 1.77037 19.7977
5768 14086 1.77037 19.8143
5755 14086 1.77037 19.831
5741 14086 1.77037 19.8476
5724 14086 1.77037 19.8643
5703 14086 1.77037 19.881
5690 14086 1.77037 19.8976
5676 14086 1.77037 19.9143
5664 14086 1.77037 19.931
5649 14086 1.77037 19.9476
5632 14086 1.77037 19.9643
5618 14086 1.77037 19.9809
5603 14086 1.77037 19.9976
5588 14086 1.77037 20.0143
5571 14086 1.77037 20.0309
5556 14086 1.77037 20.0476
5542 14086 1.77037 20.0643
5530 14086 1.77037 20.0809
5520 14086 1.77037 20.0976
5507 14086 1.77037 20.1142
5490 14086 1.77037 20.1309
5474 14086 1.77037 20.1476
5458 14086 1.77037 20.1642
5444 14086 1.77037 20.1809
5433 14086 1.77037 20.1976
5417 14086 1.77037 20.2142
5406 14086 1.77037 20.2309
5396 14086 1.77037 20.2475
5383 14086 1.77037 20.2642
5367 14086 1.77037 20.2809
5355 14086 1.77037 20.2975
5344 14086 1.77037 20.3142
5330 14086 1.77037 20.3309
5323 14086 1.77037 20.3475
5308 14086 1.77037 20.3642
5293 14086 1.77037 20.3808
5277 14086 1.77037 20.3975
5264 14086 1.77037 20.4142
5254 14086 1.77037 20.4308
5243 14086 1.77037 20.4475
5230 14086 1.77037 20.4642
5219 14086 1.77037 20.4808
5205 14086 1.77037 20.4975
5192 14086 1.77037 20.5141
5180 14086 1.77037 20.5308
5168 14086 1.77037 20.5475
5155 14086 1.77037 20.5641
5145 14086 1.77037 20.5808
5136 14086 1.77037 20.5975
5126 14086 1.77037 20.6141
5113 14086 1.77037 20.6308
5100 14086 1.77037 20.6474
5087 14086 1.77037 20.6641
5077 14086 1.77037 20.6808
5062 14086 1.77037 20.6974
5054 14086 1.77037 20.7141
5045 14086 1.77037 20.7308
5033 14086 1.77037 20.7474
5018 14086 1.77037 20.7641
5008 14086 1.77037 20.7807
5000 14086 1.77037 20.7974
4987 14086 1.77037 20.8141
4978 14086 1.77037 20.8307
4970 14086 1.77037 20.8474
4955 14086 1.77037 20.8641
4944 14086 1.77037 20.8807
4928 14086 1.77037 20.8974
4921 14086 1.77037 20.914
4912 14086 1.77037 20.9307
4903 14086 1.77037 20.9474
4891 14086 1.77037 20.964
4882 14086 1.77037 20.9807
4873 14086 1.77037 20.9974
4856 14086 1.77037 21.014
4851 14086 1.77037 21.0307
4836 14086 1.77037 21.0473
4829 14086 1.77037 21.064
4820 14086 1.77037 21.0807
4805 14086 1.77037 21.0973
4800 14086 1.77037 21.114
4786 14086 1.77037 21.1307
4779 14086 1.77037 21.1473
4771 14086 1.77037 21.164
4755 14086 1.77037 21.1806
4753 14086 1.77037 21.1973
4746 14086 1.77037 21.214
4733 14086 1.77037 21.2306
4727 14086 1.77037 21.2473
4713 14086 1.77037 21.264
4706 14086 1.77037 21.2806
4705 14086 1.77037 21.2973
4689 14086 1.77037 21.3139
4673 14086 1.77037 21.3306
4658 14086 1.77037 21.3473
4658 14086 1.77037 21.3639
4651 14086 1.77037 21.3806
4647 14086 1.77037 21.3973
4634 14086 1.77037 21.4139
4622 14086 1.77037 21.4306
4622 14086 1.77037 21.4473
4609 14086 1.77037 21.4639
4596 14086 1.77037 21.4806
4593 14086 1.77037 21.4972
4581 14086 1.77037 21.5139
4576 14086 1.77037 21.5306
4566 14086 1.77037 21.5472
4549 14086 1.77037 21.5639
4541 14086 1.77037 21.5806
4541 14086 1.77037 21.5972
4533 14086 1.77037 21.6139
4519 14086 1.77037 21.6305
4509 14086 1.77037 21.6472
4496 14086 1.77037 21.6639
4490 14086 1.77037 21.6805
4484 14086 1.77037 21.6972
4476 14086 1.77037 21.7139
4476 14086 1.77037 21.7305
4464 14086 1.77037 21.7472
4456 14086 1.77037 21.7638
4438 14086 1.77037 21.7805
4438 14086 1.77037 21.7972
4438 14086 1.77037 21.8138
4424 14086 1.77037 21.8305
4409 14086 1.77037 21.8472
4409 14086 1.77037 21.8638
4398 14086 1.77037 21.8805
4398 14086 1.77037 21.8971
4378 14086 1.77037 21.9138
4377 14086 1.77037 21.9305
4375 14086 1.77037 21.9471
4361 14086 1.77037 21.9638
4350 14086 1.77037 21.9805
4339 14086 1.77037 21.9971
4339 14086 1.77037 22.0138
4339 14086 1.77037 22.0304
4324 14086 1.77037 22.0471
4312 14086 1.77037 22.0638
4308 14086 1.77037 22.0804
4308 14086 1.77037 22.0971
4308 14086 1.77037 22.1138
4294 14086 1.77037 22.1304
4279 14086 1.77037 22.1471
4279 14086 1.77037 22.1637
4264 14086 1.77037 22.1804
4260 14086 1.77037 22.1971
4260 14086 1.77037 22.2137
4247 14086 1.77037 22.2304
4247 14086 1.77037 22.2471
4231 14086 1.77037 22.2637
4225 14086 1.77037 22.2804
4225 14086 1.77037 22.297
4216 14086 1.77037 22.3137
4201 14086 1.77037 22.3304
4194 14086 1.77037 22.347
4190 14086 1.77037 22.3637
4185 14086 1.77037 22.3804
4170 14086 1.77037 22.397
4170 14086 1.77037 22.4137
4170 14086 1.77037 22.4303
4170 14086 1.77037 22.447
4156 14086 1.77037 22.4637
4141 14086 1.77037 22.4803
4141 14086 1.77037 22.497
4125 14086 1.77037 22.5137
4125 14086 1.77037 22.5303
4125 14086 1.77037 22.547
4120 14086 1.77037 22.5636
4111 14086 1.77037 22.5803
4100 14086 1.77037 22.597
4100 14086 1.77037 22.6136
4100 14086 1.77037 22.6303
4085 14086 1.77037 22.647
4085 14086 1.77037 22.6636
4069 14086 1.77037 22.6803
4069 14086 1.77037 22.6969
4064 14086 1.77037 22.7136
4053 14086 1.77037 22.7303
4053 14086 1.77037 22.7469
4040 14086 1.77037 22.7636
4039 14086 1.77037 22.7803
4039 14086 1.77037 22.7969
4034 14086 1.77037 22.8136
4025 14086 1.77037 22.8302
4010 14086 1.77037 22.8469
4009 14086 1.77037 22.8636
4009 14086 1.77037 22.8802
4009 14086 1.77037 22.8969
4009 14086 1.77037 22.9136
3984 14086 1.77037 22.9302
3981 14086 1.77037 22.9469
3981 14086 1.77037 22.9635
3981 14086 1.77037 22.9802
3962 14086 1.77037 22.9969
3962 14086 1.77037 23.0135
3962 14086 1.77037 23.0302
3954 14086 1.77037 23.0469
3954 14086 1.77037 23.0635
3941 14086 1.77037 23.0802
3940 14086 1.77037 23.0968
3940 14086 1.77037 23.1135
3919 14086 1.77037 23.1302
3912 14086 1.77037 23.1468
3912 14086 1.77037 23.1635
3912 14086 1.77037 23.1802
3912 14086 1.77037 23.1968
3901 14086 1.77037 23.2135
3893 14086 1.77037 23.2301
3893 14086 1.77037 23.2468
3893 14086 1.77037 23.2635
3884 14086 1.77037 23.2801
3871 14086 1.77037 23.2968
3863 14086 1.77037 23.3135
3862 14086 1.77037 23.3301
3862 14086 1.77037 23.3468
3862 14086 1.77037 23.3634
3847 14086 1.77037 23.3801
3844 14086 1.77037 23.3968
3844 14086 1.77037 23.4134
3834 14086 1.77037 23.4301
3831 14086 1.77037 23.4468
3816 14086 1.77037 23.4634
3813 14086 1.77037 23.4801
3813 14086 1.77037 23.4967
3813 14086 1.77037 23.5134
3813 14086 1.77037 23.5301
3813 14086 1.77037 23.5467
3804 14086 1.77037 23.5634
3780 14086 1.77037 23.5801
3780 14086 1.77037 23.5967
3780 14086 1.77037 23.6134
3780 14086 1.77037 23.6301
3780 14086 1.77037 23.6467
3780 14086 1.77037 23.6634
3771 14086 1.77037 23.68
3749 14086 1.77037 23.6967
3748 14086 1.77037 23.7134
3748 14086 1.77037 23.73
3748 14086 1.77037 23.7467
3748 14086 1.77037 23.7634
3748 14086 1.77037 23.78
3737 14086 1.77037 23.7967
3737 14086 1.77037 23.8133
3737 14086 1.77037 23.83
3735 14086 1.77037 23.8467
3715 14086 1.77037 23.8633
3715 14086 1.77037 23.88
3715 14086 1.77037 23.8967
3696 14086 1.77037 23.9133
3696 14086 1.77037 23.93
3696 14086 1.77037 23.9466
3692 14086 1.77037 23.9633
3692 14086 1.77037 23.98
3678 14086 1.77037 23.9966
3675 14086 1.77037 24.0133
3675 14086 1.77037 24.03
3668 14086 1.77037 24.0466
3668 14086 1.77037 24.0633
3651 14086 1.77037 24.0799
3649 14086 1.77037 24.0966
3649 14086 1.77037 24.1133
3649 14086 1.77037 24.1299
3646 14086 1.77037 24.1466
3637 14086 1.77037 24.1633
3637 14086 1.77037 24.1799
3637 14086 1.77037 24.1966
3637 14086 1.77037 24.2132
3629 14086 1.77037 24.2299
3615 14086 1.77037 24.2466
3615 14086 1.77037 24.2632
3612 14086 1.77037 24.2799
3599 14086 1.77037 24.2966
3599 14086 1.77037 24.3132
3599 14086 1.77037 24.3299
3598 14086 1.77037 24.3465
3598 14086 1.77037 24.3632
3598 14086 1.77037 24.3799
3584 14086 1.77037 24.3965
3580 14086 1.77037 24.4132
3580 14086 1.77037 24.4299
3576 14086 1.77037 24.4465
3570 14086 1.77037 24.4632
3560 14086 1.77037 24.4798
3560 14086 1.77037 24.4965
3560 14086 1.77037 24.5132
3560 14086 1.77037 24.5298
3560 14086 1.77037 24.5465
3543 14086 1.77037 24.5632
3543 14086 1.77037 24.5798
3543 14086 1.77037 24.5965
3543 14086 1.77037 24.6131
3543 14086 1.77037 24.6298
3521 14086 1.77037 24.6465
3519 14086 1.77037 24.6631
3519 14086 1.77037 24.6798
3519 14086 1.77037 24.6965
3519 14086 1.77037 24.7131
3519 14086 1.77037 24.7298
3519 14086 1.77037 24.7464
3511 14086 1.77037 24.7631
3499 14086 1.77037 24.7798
3499 14086 1.77037 24.7964
3499 14086 1.77037 24.8131
3499 14086 1.77037 24.8298
3499 14086 1.77037 24.8464
3490 14086 1.77037 24.8631
3475 14086 1.77037 24.8797
3475 14086 1.77037 24.8964
3475 14086 1.77037 24.9131
3473 14086 1.77037 24.9297
3466 14086 1.77037 24.9464
3466 14086 1.77037 24.9631
3466 14086 1.77037 24.9797
3466 14086 1.77037 24.9964
3466 14086 1.77037 25.013
3466 14086 1.77037 25.0297
3456 14086 1.77037 25.0464
3442 14086 1.77037 25.063
3442 14086 1.77037 25.0797
3442 14086 1.77037 25.0964
3442 14086 1.77037 25.113
3437 14086 1.77037 25.1297
3431 14086 1.77037 25.1463
3431 14086 1.77037 25.163
3431 14086 1.77037 25.1797
3431 14086 1.77037 25.1963
3417 14086 1.77037 25.213
3412 14086 1.77037 25.2297
3412 14086 1.77037 25.2463
3412 14086 1.77037 25.263
3412 14086 1.77037 25.2796
3412 14086 1.77037 25.2963
3399 14086 1.77037 25.313
3396 14086 1.77037 25.3296
3391 14086 1.77037 25.3463
3390 14086 1.77037 25.363
3390 14086 1.77037 25.3796
3390 14086 1.77037 25.3963
3390 14086 1.77037 25.4129
3390 14086 1.77037 25.4296
3389 14086 1.77037 25.4463
3386 14086 1.77037 25.4629
3360 14086 1.77037 25.4796
3360 14086 1.77037 25.4963
3360 14086 1.77037 25.5129
3360 14086 1.77037 25.5296
3360 14086 1.77037 25.5462
3360 14086 1.77037 25.5629
3360 14086 1.77037 25.5796
3360 14086 1.77037 25.5962
3360 14086 1.77037 25.6129
3349 14086 1.77037 25.6296
3337 14086 1.77037 25.6462
3337 14086 1.77037 25.6629
3337 14086 1.77037 25.6796
3337 14086 1.77037 25.6962
3337 14086 1.77037 25.7129
3337 14086 1.77037 25.7295
3337 14086 1.77037 25.7462
3337 14086 1.77037 25.7629
3334 14086 1.77037 25.7795
3316 14086 1.77037 25.7962
3316 14086 1.77037 25.8129
3316 14086 1.77037 25.8295
3315 14086 1.77037 25.8462
3315 14086 1.77037 25.8628
3309 14086 1.77037 25.8795
3303 14086 1.77037 25.8962
3303 14086 1.77037 25.9128
3303 14086 1.77037 25.9295
3303 14086 1.77037 25.9462
3303 14086 1.77037 25.9628
3289 14086 1.77037 25.9795
3289 14086 1.77037 25.9961
3289 14086 1.77037 26.0128
3281 14086 1.77037 26.0295
3281 14086 1.77037 26.0461
3279 14086 1.77037 26.0628
3276 14086 1.77037 26.0795
3276 14086 1.77037 26.0961
3276 14086 1.77037 26.1128
3266 14086 1.77037 26.1294
3266 14086 1.77037 26.1461
3266 14086 1.77037 26.1628
3266 14086 1.77037 26.1794
3266 14086 1.77037 26.1961
3266 14086 1.77037 26.2128
3260 14086 1.77037 26.2294
3254 14086 1.77037 26.2461
3254 14086 1.77037 26.2627
3254 14086 1.77037 26.2794
3254 14086 1.77037 26.2961
3252 14086 1.77037 26.3127
3242 14086 1.77037 26.3294
3242 14086 1.77037 26.3461
3242 14086 1.77037 26.3627
3242 14086 1.77037 26.3794
3242 14086 1.77037 26.396
3231 14086 1.77037 26.4127
3227 14086 1.77037 26.4294
3227 14086 1.77037 26.446
3227 14086 1.77037 26.4627
3227 14086 1.77037 26.4794
3224 14086 1.77037 26.496
3212 14086 1.77037 26.5127
3212 14086 1.77037 26.5293
3212 14086 1.77037 26.546
3212 14086 1.77037 26.5627
3212 14086 1.77037 26.5793
3212 14086 1.77037 26.596
3208 14086 1.77037 26.6127
3201 14086 1.77037 26.6293
3201 14086 1.77037 26.646
3201 14086 1.77037 26.6626
3201 14086 1.77037 26.6793
3197 14086 1.77037 26.696
3191 14086 1.77037 26.7126
3191 14086 1.77037 26.7293
3191 14086 1.77037 26.746
3191 14086 1.77037 26.7626
3191 14086 1.77037 26.7793
3191 14086 1.77037 26.7959
3180 14086 1.77037 26.8126
3180 14086 1.77037 26.8293
3180 14086 1.77037 26.8459
3180 14086 1.77037 26.8626
3180 14086 1.77037 26.8793
3167 14086 1.77037 26.8959
3167 14086 1.77037 26.9126
3167 14086 1.77037 26.9292
3167 14086 1.77037 26.9459
3167 14086 1.77037 26.9626
3167 14086 1.77037 26.9792
3167 14086 1.77037 26.9959
3167 14086 1.77037 27.0126
3167 14086 1.77037 27.0292
3156 14086 1.77037 27.0459
3150 14086 1.77037 27.0625
3148 14086 1.77037 27.0792
3148 14086 1.77037 27.0959
3148 14086 1.77037 27.1125
3148 14086 1.77037 27.1292
3148 14086 1.77037 27.1459
3148 14086 1.77037 27.1625
3137 14086 1.77037 27.1792
3134 14086 1.77037 27.1958
3134 14086 1.77037 27.2125
3134 14086 1.77037 27.2292
3134 14086 1.77037 27.2458
3134 14086 1.77037 27.2625
3134 14086 1.77037 27.2792
3134 14086 1.77037 27.2958
3134 14086 1.77037 27.3125
3134 14086 1.77037 27.3291
3122 14086 1.77037 27.3458
3120 14086 1.77037 27.3625
3120 14086 1.77037 27.3791
3120 14086 1.77037 27.3958
3120 14086 1.77037 27.4125
3120 14086 1.77037 27.4291
3120 14086 1.77037 27.4458
3105 14086 1.77037 27.4624
3105 14086 1.77037 27.4791
3105 14086 1.77037 27.4958
3105 14086 1.77037 27.5124
3105 14086 1.77037 27.5291
3105 14086 1.77037 27.5458
3105 14086 1.77037 27.5624
3103 14086 1.77037 27.5791
3096 14086 1.77037 27.5957
3096 14086 1.77037 27.6124
3096 14086 1.77037 27.6291
3096 14086 1.77037 27.6457
3088 14086 1.77037 27.6624
3088 14086 1.77037 27.6791
3088 14086 1.77037 27.6957
3088 14086 1.77037 27.7124
3088 14086 1.77037 27.729
3088 14086 1.77037 27.7457
3077 14086 1.77037 27.7624
3075 14086 1.77037 27.779
3071 14086 1.77037 27.7957
3071 14086 1.77037 27.8124
3071 14086 1.77037 27.829
3071 14086 1.77037 27.8457
3071 14086 1.77037 27.8624
3071 14086 1.77037 27.879
3067 14086 1.77037 27.8957
3065 14086 1.77037 27.9123
3064 14086 1.77037 27.929
3064 14086 1.77037 27.9457
3064 14086 1.77037 27.9623
3064 14086 1.77037 27.979
3064 14086 1.77037 27.9957
3064 14086 1.77037 28.0123
3054 14086 1.77037 28.029
3054 14086 1.77037 28.0456
3054 14086 1.77037 28.0623
3054 14086 1.77037 28.079
3052 14086 1.77037 28.0956
3043 14086 1.77037 28.1123
3043 14086 1.77037 28.129
3043 14086 1.77037 28.1456
3043 14086 1.77037 28.1623
3035 14086 1.77037 28.1789
3034 14086 1.77037 28.1956
3033 14086 1.77037 28.2123
3033 14086 1.77037 28.2289
3033 14086 1.77037 28.2456
3033 14086 1.77037 28.2623
3033 14086 1.77037 28.2789
3030 14086 1.77037 28.2956
3029 14086 1.77037 28.3122
3029 14086 1.77037 28.3289
3017 14086 1.77037 28.3456
3017 14086 1.77037 28.3622
3017 14086 1.77037 28.3789
3017 14086 1.77037 28.3956
3017 14086 1.77037 28.4122
3017 14086 1.77037 28.4289
3017 14086 1.77037 28.4455
3017 14086 1.77037 28.4622
3007 14086 1.77037 28.4789
3007 14086 1.77037 28.4955
3007 14086 1.77037 28.5122
3007 14086 1.77037 28.5289
3007 14086 1.77037 28.5455
3007 14086 1.77037 28.5622
3003 14086 1.77037 28.5788
2998 14086 1.77037 28.5955
2998 14086 1.77037 28.6122
2998 14086 1.77037 28.6288
2998 14086 1.77037 28.6455
2998 14086 1.77037 28.6622
2998 14086 1.77037 28.6788
2989 14086 1.77037 28.6955
2988 14086 1.77037 28.7121
2988 14086 1.77037 28.7288
2988 14086 1.77037 28.7455
2988 14086 1.77037 28.7621
2988 14086 1.77037 28.7788
2988 14086 1.77037 28.7955
2988 14086 1.77037 28.8121
2975 14086 1.77037 28.8288
2975 14086 1.77037 28.8454
2975 14086 1.77037 28.8621
2975 14086 1.77037 28.8788
2975 14086 1.77037 28.8954
2975 14086 1.77037 28.9121
2975 14086 1.77037 28.9288
2975 14086 1.77037 28.9454
2975 14086 1.77037 28.9621
2965 14086 1.77037 28.9787
2965 14086 1.77037 28.9954
2965 14086 1.77037 29.0121
2965 14086 1.77037 29.0287
2965 14086 1.77037 29.0454
2965 14086 1.77037 29.0621
2955 14086 1.77037 29.0787
2954 14086 1.77037 29.0954
2954 14086 1.77037 29.112
2954 14086 1.77037 29.1287
2954 14086 1.77037 29.1454
2954 14086 1.77037 29.162
2954 14086 1.77037 29.1787
2951 14086 1.77037 29.1954
2943 14086 1.77037 29.212
2943 14086 1.77037 29.2287
2943 14086 1.77037 29.2453
2943 14086 1.77037 29.262
2943 14086 1.77037 29.2787
2943 14086 1.77037 29.2953
2943 14086 1.77037 29.312
2943 14086 1.77037 29.3287
2943 14086 1.77037 29.3453
2932 14086 1.77037 29.362
2932 14086 1.77037 29.3786
2932 14086 1.77037 29.3953
2932 14086 1.77037 29.412
2930 14086 1.77037 29.4286
2930 14086 1.77037 29.4453
2930 14086 1.77037 29.462
2930 14086 1.77037 29.4786
2930 14086 1.77037 29.4953
2921 14086 1.77037 29.5119
2921 14086 1.77037 29.5286
2921 14086 1.77037 29.5453
2921 14086 1.77037 29.5619
2921 14086 1.77037 29.5786
2921 14086 1.77037 29.5953
2921 14086 1.77037 29.6119
2921 14086 1.77037 29.6286
2913 14086 1.77037 29.6452
2908 14086 1.77037 29.6619
2908 14086 1.77037 29.6786
2908 14086 1.77037 29.6952
2908 14086 1.77037 29.7119
2908 14086 1.77037 29.7286
2908 14086 1.77037 29.7452
2903 14086 1.77037 29.7619
2900 14086 1.77037 29.7785
2900 14086 1.77037 29.7952
2900 14086 1.77037 29.8119
2900 14086 1.77037 29.8285
2900 14086 1.77037 29.8452
2900 14086 1.77037 29.8619
2900 14086 1.77037 29.8785
2900 14086 1.77037 29.8952
2892 14086 1.77037 29.9118
2892 14086 1.77037 29.9285
2892 14086 1.77037 29.9452
2892 14086 1.77037 29.9618
2892 14086 1.77037 29.9785
2892 14086 1.77037 29.9952
2892 14086 1.77037 30.0118
2892 14086 1.77037 30.0285
2882 14086 1.77037 30.0452
2882 14086 1.77037 30.0618
2882 14086 1.77037 30.0785
2882 14086 1.77037 30.0951
2882 14086 1.77037 30.1118
2882 14086 1.77037 30.1285
2882 14086 1.77037 30.1451
2882 14086 1.77037 30.1618
2882 14086 1.77037 30.1785
2871 14086 1.77037 30.1951
2871 14086 1.77037 30.2118
2871 14086 1.77037 30.2284
2871 14086 1.77037 30.2451
2871 14086 1.77037 30.2618
2871 14086 1.77037 30.2784
2871 14086 1.77037 30.2951
2871 14086 1.77037 30.3118
2871 14086 1.77037 30.3284
2871 14086 1.77037 30.3451
2871 14086 1.77037 30.3617
2870 14086 1.77037 30.3784
2858 14086 1.77037 30.3951
2858 14086 1.77037 30.4117
2858 14086 1.77037 30.4284
2858 14086 1.77037 30.4451
2858 14086 1.77037 30.4617
2858 14086 1.77037 30.4784
2858 14086 1.77037 30.495
2858 14086 1.77037 30.5117
2858 14086 1.77037 30.5284
2850 14086 1.77037 30.545
2850 14086 1.77037 30.5617
2850 14086 1.77037 30.5784
2850 14086 1.77037 30.595
2850 14086 1.77037 30.6117
2850 14086 1.77037 30.6283
2850 14086 1.77037 30.645
2850 14086 1.77037 30.6617
2850 14086 1.77037 30.6783
2846 14086 1.77037 30.695
2840 14086 1.77037 30.7117
2840 14086 1.77037 30.7283
2840 14086 1.77037 30.745
2840 14086 1.77037 30.7616
2840 14086 1.77037 30.7783
2840 14086 1.77037 30.795
2839 14086 1.77037 30.8116
2830 14086 1.77037 30.8283
2830 14086 1.77037 30.845
2830 14086 1.77037 30.8616
2830 14086 1.77037 30.8783
2830 14086 1.77037 30.8949
2830 14086 1.77037 30.9116
2830 14086 1.77037 30.9283
2830 14086 1.77037 30.9449
2830 14086 1.77037 30.9616
2830 14086 1.77037 30.9783
2830 14086 1.77037 30.9949
2830 14086 1.77037 31.0116
2821 14086 1.77037 31.0282
2821 14086 1.77037 31.0449
2821 14086 1.77037 31.0616
2821 14086 1.77037 31.0782
2821 14086 1.77037 31.0949
2821 14086 1.77037 31.1116
2821 14086 1.77037 31.1282
2821 14086 1.77037 31.1449
2821 14086 1.77037 31.1615
2819 14086 1.77037 31.1782
2808 14086 1.77037 31.1949
2808 14086 1.77037 31.2115
2808 14086 1.77037 31.2282
2808 14086 1.77037 31.2449
2808 14086 1.77037 31.2615
2808 14086 1.77037 31.2782
2808 14086 1.77037 31.2948
2808 14086 1.77037 31.3115
2808 14086 1.77037 31.3282
2808 14086 1.77037 31.3448
2808 14086 1.77037 31.3615
2808 14086 1.77037 31.3782
2808 14086 1.77037 31.3948
2797 14086 1.77037 31.4115
2797 14086 1.77037 31.4281
2797 14086 1.77037 31.4448
2797 14086 1.77037 31.4615
2797 14086 1.77037 31.4781
2797 14086 1.77037 31.4948
2793 14086 1.77037 31.5115
2793 14086 1.77037 31.5281
2793 14086 1.77037 31.5448
2793 14086 1.77037 31.5614
2793 14086 1.77037 31.5781
2793 14086 1.77037 31.5948
2793 14086 1.77037 31.6114
2784 14086 1.77037 31.6281
2784 14086 1.77037 31.6448
2784 14086 1.77037 31.6614
2784 14086 1.77037 31.6781
2784 14086 1.77037 31.6947
2784 14086 1.77037 31.7114
2784 14086 1.77037 31.7281
2784 14086 1.77037 31.7447
2784 14086 1.77037 31.7614
2784 14086 1.77037 31.7781
2784 14086 1.77037 31.7947
2778 14086 1.77037 31.8114
2769 14086 1.77037 31.828
2769 14086 1.77037 31.8447
2769 14086 1.77037 31.8614
2769 14086 1.77037 31.878
2769 14086 1.77037 31.8947
2769 14086 1.77037 31.9114
2769 14086 1.77037 31.928
2769 14086 1.77037 31.9447
2769 14086 1.77037 31.9613
2769 14086 1.77037 31.978
2769 14086 1.77037 31.9947
2769 14086 1.77037 32.0113
2769 14086 1.77037 32.028
2769 14086 1.77037 32.0447
2769 14086 1.77037 32.0613
2769 14086 1.77037 32.078
2769 14086 1.77037 32.0947
2769 14086 1.77037 32.1113
2769 14086 1.77037 32.128
2769 14086 1.77037 32.1446
2769 14086 1.77037 32.1613
2769 14086 1.77037 32.178
2769 14086 1.77342 32.1946
2769 14086 1.77647 32.2113
2758 14086 1.77952 32.228
2758 14086 1.78257 32.2446
2758 14086 1.78562 32.2613
2758 14086 1.78867 32.2779
2758 14086 1.79172 32.2946
2758 14086 1.79477 32.3113
2758 14086 1.79782 32.3279
2758 14086 1.80087 32.3446
2758 14086 1.80392 32.3613
2758 14086 1.80698 32.3779
2758 14086 1.81003 32.3946
2750 14086 1.81308 32.4112
2745 14086 1.81613 32.4279
2745 14086 1.81918 32.4446
2745 14086 1.82223 32.4612
2745 14086 1.82528 32.4779
2745 14086 1.82833 32.4946
2745 14086 1.83138 32.5112
2745 14086 1.83443 32.5279
2745 14086 1.83748 32.5445
2745 14086 1.84053 32.5612
2745 14086 1.84358 32.5779
2738 14086 1.84663 32.5945
2738 14086 1.84969 32.6112
2738 14086 1.85274 32.6279
2738 14086 1.85579 32.6445
2738 14086 1.85884 32.6612
2738 14086 1.86189 32.6778
2738 14086 1.86494 32.6945
2738 14086 1.86799 32.7112
2738 14086 1.87104 32.7278
2738 14086 1.87409 32.7445
2738 14086 1.87714 32.7612
2738 14086 1.88019 32.7778
2727 14086 1.88324 32.7945
2727 14086 1.88629 32.8111
2727 14086 1.88934 32.8278
2727 14086 1.89239 32.8445
2727 14086 1.89545 32.8611
2727 14086 1.8985 32.8778
2727 14086 1.90155 32.8945
2727 14086 1.9046 32.9111
2727 14086 1.90765 32.9278
2727 14086 1.9107 32.9444
2727 14086 1.91375 32.9611
2727 14086 1.9168 32.9778
2716 14086 1.91985 32.9944
2716 14086 1.9229 33.0111
2716 14086 1.92595 33.0278
2716 14086 1.929 33.0444
2716 14086 1.93205 33.0611
2716 14086 1.9351 33.0777
2716 14086 1.93815 33.0944
2716 14086 1.94121 33.1111
2711 14086 1.94426 33.1277
2711 14086 1.94731 33.1444
2711 14086 1.95036 33.1611
2711 14086 1.95341 33.1777
2711 14086 1.95646 33.1944
2711 14086 1.95951 33.211
2711 14086 1.96256 33.2277
2698 14086 1.96561 33.2444
2698 14086 1.96866 33.261
2698 14086 1.97171 33.2777
2698 14086 1.97476 33.2944
2698 14086 1.97781 33.311
2689 14086 1.98086 33.3277
2689 14086 1.98392 33.3443
2688 14086 1.98697 33.361
2688 14086 1.99002 33.3777
2688 14086 1.99307 33.3943
2688 14086 1.9964 33.411
2688 14086 1.99969 33.4277
2670 14086 2.00293 33.4443
2670 14086 2.00612 33.461
2670 14086 2.00928 33.4776
2670 14086 2.01239 33.4943
2670 14086 2.01545 33.511
2656 14086 2.01848 33.5276
2656 14086 2.02146 33.5443
2645 14086 2.0244 33.561
2632 14086 2.0273 33.5776
2632 14086 2.03016 33.5943
2632 14086 2.03298 33.6109
2632 14086 2.03577 33.6276
2620 14086 2.03851 33.6443
2603 14086 2.04122 33.6609
2600 14086 2.04388 33.6776
2584 14086 2.04652 33.6943
2581 14086 2.04911 33.7109
2565 14086 2.05167 33.7276
2565 14086 2.0542 33.7442
2551 14086 2.05669 33.7609
2534 14086 2.05914 33.7776
2520 14086 2.06156 33.7942
2503 14086 2.06395 33.8109
2484 14086 2.06631 33.8276
2470 14086 2.06863 33.8442
2452 14086 2.07092 33.8609
2434 14086 2.07318 33.8775
2418 14086 2.07541 33.8942
2404 14086 2.07761 33.9109
2386 14086 2.07977 33.9275
2366 14086 2.08191 33.9442
2344 14086 2.08402 33.9609
2326 14086 2.0861 33.9775
2309 14086 2.08815 33.9942
2285 14086 2.09017 34.0108
2258 14086 2.09216 34.0275
2240 14086 2.09413 34.0442
2214 14086 2.09607 34.0608
2184 14086 2.09798 34.0775
2159 14086 2.09987 34.0942
2135 14086 2.10173 34.1108
2116 14086 2.10356 34.1275
2093 14086 2.10537 34.1441
2071 14086 2.10716 34.1608
2050 14086 2.10892 34.1775
2024 14086 2.11065 34.1941
1998 14086 2.11236 34.2108
1970 14086 2.11405 34.2275
1941 14086 2.11572 34.2441
1916 14086 2.11736 34.2608
1892 14086 2.11898 34.2775
1860 14086 2.12057 34.2941
1831 14086 2.12215 34.3108
1808 14086 2.1237 34.3274
1788 14086 2.12523 34.3441
1763 14086 2.12674 34.3608
1728 14086 2.12823 34.3774
1702 14086 2.1297 34.3941
1683 14086 2.13115 34.4108
1655 14086 2.13258 34.4274
1626 14086 2.13399 34.4441
1598 14086 2.13538 34.4607
1568 14086 2.13675 34.4774
1547 14086 2.1381 34.4941
1528 14086 2.13943 34.5107
1501 14086 2.14075 34.5274
1470 14086 2.14205 34.5441
1443 14086 2.14332 34.5607
1417 14086 2.14458 34.5774
1394 14086 2.14583 34.594
1366 14086 2.14705 34.6107
1335 14086 2.14826 34.6274
1310 14086 2.14946 34.644
1282 14086 2.15063 34.6607
1261 14086 2.15179 34.6774
1240 14086 2.15294 34.694
1214 14086 2.15407 34.7107
1181 14086 2.15518 34.7273
1154 14086 2.15628 34.744
1132 14086 2.15736 34.7607
1112 14086 2.15843 34.7773
1089 14086 2.15948 34.794
1067 14086 2.16052 34.8107
1043 14086 2.16154 34.8273
1021 14086 2.16255 34.844
1000 14086 2.16355 34.8606
981 14086 2.16453 34.8773
960 14086 2.1655 34.894
940 14086 2.16646 34.9106
921 14086 2.1674 34.9273
895 14086 2.16833 34.944
878 14086 2.16924 34.9606
859 14086 2.17015 34.9773
836 14086 2.17104 34.9939
815 14086 2.17192 35.0106
799 14086 2.17278 35.0273
775 14086 2.17364 35.0439
756 14086 2.17448 35.0606
741 14086 2.17531 35.0773
723 14086 2.17613 35.0939
705 14086 2.17694 35.1106
684 14086 2.17774 35.1272
668 14086 2.17853 35.1439
652 14086 2.1793 35.1606
636 14086 2.18007 35.1772
620 14086 2.18082 35.1939
608 14086 2.18157 35.2106
592 14086 2.1823 35.2272
576 14086 2.18302 35.2439
564 14086 2.18374 35.2605
548 14086 2.18444 35.2772
534 14086 2.18513 35.2939
520 14086 2.18582 35.3105
504 14086 2.18649 35.3272
490 14086 2.18716 35.3439
478 14086 2.18782 35.3605
465 14086 2.18846 35.3772
451 14086 2.1891 35.3938
436 14086 2.18973 35.4105
425 14086 2.19035 35.4272
412 14086 2.19097 35.4438
399 14086 2.19157 35.4605
389 14086 2.19217 35.4772
374 14086 2.19275 35.4938
358 14086 2.19333 35.5105
343 14086 2.19391 35.5271
330 14086 2.19447 35.5438
316 14086 2.19502 35.5605
303 14086 2.19557 35.5771
290 14086 2.19611 35.5938
274 14086 2.19665 35.6105
259 14086 2.19717 35.6271
245 14086 2.19769 35.6438
233 14086 2.1982 35.6604
220 14086 2.19871 35.6771
204 14086 2.1992 35.6938
190 14086 2.1997 35.7104
175 14086 2.20018 35.7271
162 14086 2.20066 35.7438
149 14086 2.20113 35.7604
139 14086 2.20159 35.7771
127 14086 2.20205 35.7937
114 14086 2.2025 35.8104
100 14086 2.20295 35.8271
92 14086 2.20338 35.8437
78 14086 2.20382 35.8604
67 14086 2.20424 35.8771
55 14086 2.20467 35.8937
42 14086 2.20508 35.9104
27 14086 2.20549 35.927
13 14086 2.20589 35.9437
0 14086 2.20629 35.9604
0 14086 2.20669 35.977
0 14086 2.20707 35.9937
0 14086 2.20745 36.0104
0 14086 2.20783 36.027
0 14086 2.2082 36.0437
0 14086 2.20857 36.0603
0 14086 2.20893 36.077
0 14086 2.20929 36.0937
0 14086 2.20964 36.1103
0 14086 2.20999 36.127
0 14086 2.21033 36.1437
0 14086 2.21067 36.1603
0 14086 2.211 36.177
0 14086 2.21133 36.1936
0 14086 2.21165 36.2103
0 14086 2.21197 36.227
0 14086 2.21228 36.2436
0 14086 2.21259 36.2603
0 14086 2.2129 36.277
0 14086 2.2129 36.2936
0 14086 2.2129 36.3103
0 14086 2.2129 36.327
0 14086 2.2129 36.3436
0 14086 2.2129 36.3603
0 14086 2.2129 36.3769
0 14086 2.2129 36.3936
0 14086 2.2129 36.4103
0 14086 2.2129 36.4269
0 14086 2.2129 36.4436
0 14086 2.2129 36.4603
0 14086 2.2129 36.4769
0 14086 2.2129 36.4936
0 14086 2.2129 36.5102
0 14086 2.2129 36.5269
0 14086 2.2129 36.5436
0 14086 2.2129 36.5602
0 14086 2.2129 36.5769
0 14086 2.2129 36.5936
0 14086 2.2129 36.6102
0 14086 2.2129 36.6269
0 14086 2.21595 36.6435
0 14086 2.219 36.6602
0 14086 2.22205 36.6769
0 14086 2.2251 36.6935
0 14086 2.22815 36.7102
0 14086 2.2312 36.7269
0 14086 2.23425 36.7435
0 14086 2.23731 36.7602
0 14086 2.24036 36.7768
0 14086 2.24341 36.7935
0 14086 2.24646 36.8102
0 14086 2.24951 36.8268
0 14086 2.25256 36.8435
0 14086 2.25561 36.8602
0 14086 2.25866 36.8768
0 14086 2.26171 36.8935
0 14086 2.26476 36.9101
0 14086 2.26781 36.9268
0 14086 2.27086 36.9435
0 14086 2.27392 36.9601
0 14086 2.27697 36.9768
0 14086 2.28002 36.9935
0 14086 2.28307 37.0101
0 14086 2.28612 37.0268
0 14086 2.28917 37.0434
0 14086 2.29222 37.0601
0 14086 2.29527 37.0768
0 14086 2.29832 37.0934
0 14086 2.30137 37.1101
0 14086 2.30442 37.1268
0 14086 2.30747 37.1434
0 14086 2.31052 37.1601
0 14086 2.31358 37.1767
0 14086 2.31663 37.1934
0 14086 2.31968 37.2101
0 14086 2.32273 37.2267
0 14086 2.32578 37.2434
0 14086 2.32883 37.2601
0 14086 2.33188 37.2767
0 14086 2.33493 37.2934
0 14086 2.33798 37.31
0 14086 2.34103 37.3267
0 14086 2.34408 37.3434
0 14086 2.34713 37.36
0 14086 2.35019 37.3767
0 14086 2.35324 37.3934
0 14086 2.35629 37.41
0 14086 2.35934 37.4267
0 14086 2.36239 37.4433
0 14086 2.36544 37.46
0 14086 2.36849 37.4767
0 14086 2.37154 37.4933
0 14086 2.37459 37.51
0 14086 2.37764 37.5267
0 14086 2.38069 37.5433
0 14086 2.38374 37.56
0 14086 2.3868 37.5766
0 14086 2.38985 37.5933
0 14086 2.3929 37.61
0 14086 2.39595 37.6266
0 14086 2.399 37.6433
0 14086 2.40205 37.66
0 14086 2.4051 37.6766
0 14086 2.40815 37.6933
0 14086 2.4112 37.7099
0 14086 2.41425 37.7266
0 14086 2.4173 37.7433
0 14086 2.42035 37.7599
0 14086 2.4234 37.7766
0 14086 2.42646 37.7933
0 14086 2.42951 37.8099
0 14086 2.43256 37.8266
0 14086 2.43561 37.8432
0 14086 2.43894 37.8599
0 14086 2.44223 37.8766
0 14086 2.44547 37.8932
0 14086 2.44867 37.9099
0 14086 2.45182 37.9266
0 14086 2.45493 37.9432
0 14086 2.45799 37.9599
0 14086 2.46102 37.9765
0 14086 2.464 37.9932
0 14086 2.46694 38.0099
0 14086 2.46984 38.0265
0 14086 2.4727 38.0432
0 14086 2.47552 38.0599
0 14086 2.47831 38.0765
0 14086 2.48105 38.0932
0 14086 2.48376 38.1098
0 14086 2.48642 38.1265
0 14086 2.48906 38.1432
0 14086 2.49165 38.1598
0 14086 2.49421 38.1765
0 14086 2.49674 38.1932
0 14086 2.49923 38.2098
0 14086 2.50168 38.2265
0 14086 2.5041 38.2431
0 14086 2.50649 38.2598
0 14086 2.50885 38.2765
0 14086 2.51117 38.2931
0 14086 2.51346 38.3098
0 14086 2.51572 38.3265
0 14086 2.51795 38.3431
0 14086 2.52014 38.3598
0 14086 2.52231 38.3764
0 14086 2.52445 38.3931
0 14086 2.52656 38.4098
0 14086 2.52864 38.4264
0 14086 2.53069 38.4431
0 14086 2.53271 38.4598
0 14086 2.5347 38.4764
0 14086 2.53667 38.4931
0 14086 2.53861 38.5098
0 14086 2.54052 38.5264
0 14086 2.54241 38.5431
0 14086 2.54427 38.5597
0 14086 2.5461 38.5764
0 14086 2.54791 38.5931
0 14086 2.54969 38.6097
0 14086 2.55145 38.6264
0 14086 2.55319 38.6431
0 14086 2.5549 38.6597
0 14086 2.55659 38.6764
0 14086 2.55825 38.693
0 14086 2.55989 38.7097
0 14086 2.56151 38.7264
0 14086 2.56311 38.743
0 14086 2.56468 38.7597
0 14086 2.56624 38.7764
0 14086 2.56777 38.793
0 14086 2.56928 38.8097
0 14086 2.57077 38.8263
0 14086 2.57224 38.843
0 14086 2.57369 38.8597
0 14086 2.57512 38.8763
0 14086 2.57653 38.893
0 14086 2.57791 38.9097
0 14086 2.57929 38.9263
0 14086 2.58064 38.943
0 14086 2.58197 38.9596
0 14086 2.58328 38.9763
0 14086 2.58458 38.993
0 14086 2.58586 39.0096
0 14086 2.58712 39.0263
0 14086 2.58836 39.043
0 14086 2.58959 39.0596
0 14086 2.5908 39.0763
0 14086 2.59199 39.0929
0 14086 2.59317 39.1096
0 14086 2.59433 39.1263
0 14086 2.59547 39.1429
0 14086 2.5966 39.1596
0 14086 2.59772 39.1763
0 14086 2.59881 39.1929
0 14086 2.5999 39.2096
0 14086 2.60096 39.2262
0 14086 2.60202 39.2429
0 14086 2.60305 39.2596
0 14086 2.60408 39.2762
0 14086 2.60509 39.2929
0 14086 2.60608 39.3096
0 14086 2.60707 39.3262
0 14086 2.60803 39.3429
0 14086 2.60899 39.3595
0 14086 2.60993 39.3762
0 14086 2.61086 39.3929
0 14086 2.61178 39.4095
0 14086 2.61268 39.4262
0 14086 2.61357 39.4429
0 14086 2.61445 39.4595
0 14086 2.61532 39.4762
0 14086 2.61617 39.4928
0 14086 2.61702 39.5095
0 14086 2.61785 39.5262
0 14086 2.61867 39.5428
0 14086 2.61948 39.5595
0 14086 2.62027 39.5762
0 14086 2.62106 39.5928
0 14086 2.62184 39.6095
0 14086 2.6226 39.6261
0 14086 2.62335 39.6428
0 14086 2.6241 39.6595
0 14086 2.62483 39.6761
0 14086 2.62556 39.6928
0 14086 2.62627 39.7095
0 14086 2.62697 39.7261
0 14086 2.62767 39.7428
0 14086 2.62835 39.7594
0 14086 2.62903 39.7761
0 14086 2.62969 39.7928
0 14086 2.63035 39.8094
0 14086 2.631 39.8261
0 14086 2.63164 39.8428
0 14086 2.63227 39.8594
0 14086 2.63289 39.8761
0 14086 2.6335 39.8927
0 14086 2.6341 39.9094
0 14086 2.6347 39.9261
0 14086 2.63529 39.9427
0 14086 2.63587 39.9594
0 14086 2.63644 39.9761
0 14086 2.637 39.9927
0 14086 2.63756 40.0094
0 14086 2.63811 40.026
0 14086 2.63865 40.0427
0 14086 2.63918 40.0594
0 14086 2.63971 40.076
0 14086 2.64022 40.0927
0 14086 2.64074 40.1094
0 14086 2.64124 40.126
0 14086 2.64174 40.1427
0 14086 2.64223 40.1593
0 14086 2.64271 40.176
0 14086 2.64319 40.1927
0 14086 2.64366 40.2093
0 14086 2.64412 40.226
0 14086 2.64458 40.2427
0 14086 2.64503 40.2593
0 14086 2.64548 40.276
0 14086 2.64592 40.2926
0 14086 2.64635 40.3093
0 14086 2.64678 40.326
0 14086 2.6472 40.3426
0 14086 2.64761 40.3593
0 14086 2.64802 40.376
0 14086 2.64843 40.3926
0 14086 2.64883 40.4093
0 14086 2.64922 40.4259
0 14086 2.64961 40.4426
0 14086 2.64999 40.4593
0 14086 2.65037 40.4759
0 14086 2.65074 40.4926
0 14086 2.6511 40.5093
0 14086 2.65146 40.5259
0 14086 2.65182 40.5426
0 14086 2.65217 40.5592
0 14086 2.65252 40.5759
0 14086 2.65286 40.5926
0 14086 2.6532 40.6092
0 14086 2.65353 40.6259
0 14086 2.65386 40.6426
0 14086 2.65418 40.6592
0 14086 2.6545 40.6759
0 14086 2.65482 40.6926
0 14086 2.65513 40.7092
0 14086 2.65543 40.7259
0 14086 2.65543 40.7425
0 14086 2.65543 40.7592
0 14086 2.65543 40.7759
0 14086 2.65543 40.7925
0 14086 2.65543 40.8092
0 14086 2.65543 40.8259
0 14086 2.65543 40.8425
0 14086 2.65543 40.8592
0 14086 2.65543 40.8758
0 14086 2.65543 40.8925
0 14086 2.65543 40.9092
0 14086 2.65543 40.9258
0 14086 2.65543 40.9425
0 14086 2.65543 40.9592
0 14086 2.65543 40.9758
0 14086 2.65543 40.9925
0 14086 2.65543 41.0091
0 14086 2.65543 41.0258
0 14086 2.65543 41.0425
0 14086 2.65543 41.0591
0 14086 2.65543 41.0758
0 14086 2.65848 41.0925
0 14086 2.66153 41.1091
0 14086 2.66458 41.1258
0 14086 2.66764 41.1424
0 14086 2.67069 41.1591
0 14086 2.67374 41.1758
0 14086 2.67679 41.1924
0 14086 2.67984 41.2091
0 14086 2.68289 41.2258
0 14086 2.68594 41.2424
0 14086 2.68899 41.2591
0 14086 2.69204 41.2757
0 14086 2.69509 41.2924
0 14086 2.69814 41.3091
0 14086 2.70119 41.3257
0 14086 2.70425 41.3424
0 14086 2.7073 41.3591
0 14086 2.71035 41.3757
0 14086 2.7134 41.3924
0 14086 2.71645 41.409
0 14086 2.7195 41.4257
0 14086 2.72255 41.4424
0 14086 2.7256 41.459
0 14086 2.72865 41.4757
0 14086 2.7317 41.4924
0 14086 2.73475 41.509
0 14086 2.7378 41.5257
0 14086 2.74085 41.5423
0 14086 2.74391 41.559
0 14086 2.74696 41.5757
0 14086 2.75001 41.5923
0 14086 2.75306 41.609
0 14086 2.75611 41.6257
0 14086 2.75916 41.6423
0 14086 2.76221 41.659
0 14086 2.76526 41.6756
0 14086 2.76831 41.6923
0 14086 2.77136 41.709
0 14086 2.77441 41.7256
0 14086 2.77746 41.7423
0 14086 2.78052 41.759
0 14086 2.78357 41.7756
0 14086 2.78662 41.7923
0 14086 2.78967 41.8089
0 14086 2.79272 41.8256
0 14086 2.79577 41.8423
0 14086 2.79882 41.8589
0 14086 2.80187 41.8756
0 14086 2.80492 41.8923
0 14086 2.80797 41.9089
0 14086 2.81102 41.9256
0 14086 2.81407 41.9422
0 14086 2.81713 41.9589
0 14086 2.82018 41.9756
0 14086 2.82323 41.9922
0 14086 2.82628 42.0089
0 14086 2.82933 42.0256
0 14086 2.83238 42.0422
0 14086 2.83543 42.0589
0 14086 2.83848 42.0755
0 14086 2.84153 42.0922
0 14086 2.84458 42.1089
0 14086 2.84763 42.1255
0 14086 2.85068 42.1422
0 14086 2.85373 42.1589
0 14086 2.85679 42.1755
0 14086 2.85984 42.1922
0 14086 2.86289 42.2088
0 14086 2.86594 42.2255
0 14086 2.86899 42.2422
0 14086 2.87204 42.2588
0 14086 2.87509 42.2755
0 14086 2.87814 42.2922
0 14086 2.88147 42.3088
0 14086 2.88476 42.3255
0 14086 2.888 42.3421
0 14086 2.8912 42.3588
0 14086 2.89435 42.3755
0 14086 2.89746 42.3921
0 14086 2.90053 42.4088
0 14086 2.90355 42.4255
0 14086 2.90653 42.4421
0 14086 2.90947 42.4588
0 14086 2.91237 42.4754
0 14086 2.91524 42.4921
0 14086 2.91806 42.5088
0 14086 2.92084 42.5254
0 14086 2.92358 42.5421
0 14086 2.92629 42.5588
0 14086 2.92896 42.5754
0 14086 2.93159 42.5921
0 14086 2.93419 42.6087
0 14086 2.93674 42.6254
0 14086 2.93927 42.6421
0 14086 2.94176 42.6587
0 14086 2.94421 42.6754
0 14086 2.94664 42.6921
0 14086 2.94902 42.7087
0 14086 2.95138 42.7254
0 14086 2.9537 42.7421
0 14086 2.95599 42.7587
0 14086 2.95825 42.7754
0 14086 2.96048 42.792
0 14086 2.96268 42.8087
0 14086 2.96485 42.8254
0 14086 2.96698 42.842
0 14086 2.96909 42.8587
0 14086 2.97117 42.8754
0 14086 2.97322 42.892
0 14086 2.97524 42.9087
0 14086 2.97723 42.9253
0 14086 2.9792 42.942
0 14086 2.98114 42.9587
0 14086 2.98305 42.9753
0 14086 2.98494 42.992
0 14086 2.9868 43.0087
0 14086 2.98863 43.0253
0 14086 2.99044 43.042
0 14086 2.99223 43.0586
0 14086 2.99399 43.0753
0 14086 2.99572 43.092
0 14086 2.99743 43.1086
0 14086 2.99912 43.1253
