16192 16290 0.00244333 0.013061
16111 16290 0.00244333 0.0297279
16068 16290 0.00244333 0.0463948
15989 16290 0.00244333 0.0630617
15889 16290 0.00244333 0.0797286
15787 16290 0.00244333 0.0963955
15733 16290 0.00244333 0.113062
15696 16290 0.00244333 0.129729
15609 16290 0.00244333 0.146396
15525 16290 0.00244333 0.163063
15415 16290 0.00244333 0.17973
15364 16290 0.00244333 0.196397
15327 16290 0.00244333 0.213064
15236 16290 0.00244333 0.229731
15153 16290 0.00244333 0.246397
15047 16290 0.00244333 0.263064
14989 16290 0.00244333 0.279731
14954 16290 0.00244333 0.296398
14861 16290 0.00244333 0.313065
14781 16290 0.00244333 0.329732
14674 16290 0.00244333 0.346399
14610 16290 0.00244333 0.363066
14581 16290 0.00244333 0.379733
14519 16290 0.00244333 0.396399
14445 16290 0.00244333 0.413066
14340 16290 0.00244333 0.429733
14292 16290 0.00244333 0.4464
14253 16290 0.00244333 0.463067
14233 16290 0.00244333 0.479734
14183 16290 0.00244333 0.496401
14139 16290 0.00244333 0.513068
14122 16290 0.00244333 0.529735
14103 16290 0.00244333 0.546402
14096 16290 0.00244333 0.563068
14096 16290 0.00244333 0.579735
14096 16290 0.00244333 0.596402
14096 16290 0.00244333 0.613069
14096 16290 0.00244333 0.629736
14096 16290 0.00244333 0.646403
14096 16290 0.00244333 0.66307
14096 16290 0.00244333 0.679737
14096 16290 0.00244333 0.696404
14096 16290 0.00244333 0.71307
14096 16290 0.00244333 0.729737
14096 16290 0.00244333 0.746404
14096 16290 0.00244333 0.763071
14096 16290 0.00244333 0.779738
14096 16290 0.00244333 0.796405
14096 16290 0.00244333 0.813072
14096 16290 0.00244333 0.829739
14096 16290 0.00244333 0.846406
14096 16290 0.00244333 0.863072
14096 16290 0.00244333 0.879739
14096 16290 0.00244333 0.896406
14096 16290 0.00244333 0.913073
14096 16290 0.00488665 0.92974
14096 16290 0.00732998 0.946407
14096 16290 0.0097733 0.963074
14096 16290 0.0122166 0.979741
14096 16290 0.0146599 0.996408
14096 16290 0.0171033 1.01307
14096 16290 0.0195466 1.02974
14096 16290 0.0219899 1.04641
14096 16290 0.0244332 1.06308
14096 16290 0.0268766 1.07974
14096 16290 0.0293199 1.09641
14096 16290 0.0317632 1.11308
14096 16290 0.0342066 1.12974
14096 16290 0.0366499 1.14641
14096 16290 0.0390932 1.16308
14096 16290 0.0415365 1.17974
14096 16290 0.0439798 1.19641
14096 16290 0.0464232 1.21308
14096 16290 0.0488665 1.22974
14096 16290 0.0513098 1.24641
14096 16290 0.0537531 1.26308
14096 16290 0.0561965 1.27974
14096 16290 0.0586398 1.29641
14096 16290 0.0610831 1.31308
14096 16290 0.0635265 1.32975
14096 16290 0.0659698 1.34641
14096 16290 0.0684131 1.36308
14096 16290 0.0708564 1.37975
14096 16290 0.0732998 1.39641
14096 16290 0.0757431 1.41308
14096 16290 0.0781864 1.42975
14096 16290 0.0806298 1.44641
14096 16290 0.0830731 1.46308
14096 16290 0.0855164 1.47975
14096 16290 0.0879597 1.49641
14096 16290 0.0904031 1.51308
14096 16290 0.0928464 1.52975
14096 16290 0.0952897 1.54641
14096 16290 0.0977331 1.56308
14096 16290 0.100176 1.57975
14096 16290 0.10262 1.59642
14096 16290 0.105063 1.61308
14096 16290 0.107506 1.62975
14096 16290 0.10995 1.64642
14096 16290 0.112393 1.66308
14096 16290 0.114836 1.67975
14096 16290 0.11728 1.69642
14096 16290 0.119723 1.71308
14096 16290 0.122166 1.72975
14096 16290 0.12461 1.74642
14096 16290 0.127053 1.76308
14096 16290 0.129496 1.77975
14096 16290 0.13194 1.79642
14096 16290 0.134383 1.81309
14096 16290 0.136826 1.82975
14096 16290 0.13927 1.84642
14096 16290 0.141713 1.86309
14096 16290 0.144156 1.87975
14096 16290 0.1466 1.89642
14096 16290 0.149043 1.91309
14096 16290 0.151486 1.92975
14096 16290 0.15393 1.94642
14096 16290 0.156373 1.96309
14096 16290 0.158816 1.97975
14096 16290 0.16126 1.99642
14096 16290 0.163703 2.01309
14096 16290 0.166146 2.02975
14096 16290 0.16859 2.04642
14096 16290 0.171033 2.06309
14096 16290 0.173476 2.07976
14096 16290 0.17592 2.09642
14096 16290 0.178363 2.11309
14096 16290 0.180806 2.12976
14096 16290 0.18325 2.14642
14096 16290 0.185693 2.16309
14096 16290 0.188136 2.17976
14096 16290 0.19058 2.19642
14096 16290 0.193023 2.21309
14096 16290 0.195466 2.22976
14096 16290 0.19791 2.24642
14096 16290 0.200353 2.26309
14096 16290 0.202796 2.27976
14096 16290 0.20524 2.29642
14096 16290 0.207683 2.31309
14096 16290 0.210126 2.32976
14096 16290 0.212569 2.34643
14096 16290 0.215013 2.36309
14096 16290 0.217456 2.37976
14096 16290 0.219899 2.39643
14096 16290 0.222343 2.41309
14096 16290 0.224786 2.42976
14096 16290 0.227229 2.44643
14096 16290 0.229673 2.46309
14096 16290 0.232116 2.47976
14096 16290 0.234559 2.49643
14096 16290 0.237003 2.51309
14096 16290 0.239446 2.52976
14096 16290 0.241889 2.54643
14096 16290 0.244333 2.5631
14096 16290 0.246776 2.57976
14096 16290 0.249219 2.59643
14096 16290 0.251663 2.6131
14096 16290 0.254106 2.62976
14096 16290 0.256549 2.64643
14096 16290 0.258993 2.6631
14096 16290 0.261436 2.67976
14096 16290 0.263879 2.69643
14096 16290 0.266323 2.7131
14096 16290 0.268766 2.72976
14096 16290 0.271209 2.74643
14096 16290 0.273653 2.7631
14096 16290 0.276096 2.77976
14096 16290 0.278539 2.79643
14096 16290 0.280982 2.8131
14096 16290 0.283426 2.82977
14096 16290 0.285869 2.84643
14096 16290 0.288312 2.8631
14096 16290 0.290756 2.87977
14096 16290 0.293199 2.89643
14096 16290 0.295642 2.9131
14096 16290 0.298086 2.92977
14096 16290 0.300529 2.94643
14096 16290 0.302972 2.9631
14096 16290 0.305416 2.97977
14096 16290 0.307859 2.99643
14096 16290 0.310302 3.0131
14096 16290 0.312746 3.02977
14096 16290 0.315189 3.04643
14096 16290 0.317632 3.0631
14096 16290 0.320076 3.07977
14096 16290 0.322519 3.09643
14096 16290 0.324962 3.1131
14096 16290 0.327405 3.12977
14096 16290 0.329849 3.14643
14096 16290 0.332292 3.1631
14096 16290 0.334735 3.17977
14096 16290 0.337179 3.19643
14096 16290 0.339622 3.2131
14096 16290 0.342065 3.22977
14096 16290 0.344509 3.24643
14096 16290 0.346952 3.2631
14096 16290 0.349395 3.27977
14096 16290 0.351839 3.29643
14096 16290 0.354282 3.3131
14096 16290 0.356725 3.32976
14096 16290 0.359169 3.34643
14096 16290 0.361612 3.3631
14096 16290 0.364055 3.37976
14096 16290 0.366498 3.39643
14096 16290 0.368942 3.4131
14096 16290 0.371385 3.42976
14096 16290 0.373828 3.44643
14096 16290 0.376272 3.4631
14096 16290 0.378715 3.47976
14096 16290 0.381158 3.49643
14096 16290 0.383602 3.51309
14096 16290 0.386045 3.52976
14096 16290 0.388488 3.54643
14096 16290 0.390932 3.56309
14096 16290 0.393375 3.57976
14096 16290 0.395818 3.59643
14096 16290 0.398262 3.61309
14096 16290 0.400705 3.62976
14096 16290 0.403148 3.64643
14096 16290 0.405591 3.66309
14096 16290 0.408035 3.67976
14096 16290 0.410478 3.69643
14096 16290 0.412921 3.71309
14096 16290 0.415365 3.72976
14096 16290 0.417808 3.74642
14096 16290 0.420251 3.76309
14096 16290 0.422695 3.77976
14096 16290 0.425138 3.79642
14096 16290 0.427581 3.81309
14096 16290 0.430025 3.82976
14096 16290 0.432468 3.84642
14096 16290 0.434911 3.86309
14096 16290 0.437355 3.87976
14096 16290 0.439798 3.89642
14096 16290 0.442241 3.91309
14096 16290 0.444685 3.92976
14096 16290 0.447128 3.94642
14096 16290 0.449571 3.96309
14096 16290 0.452014 3.97975
14096 16290 0.454458 3.99642
14096 16290 0.456901 4.01309
14096 16290 0.459344 4.02975
14096 16290 0.461788 4.04642
14096 16290 0.464231 4.06309
14096 16290 0.466674 4.07975
14096 16290 0.469118 4.09642
14096 16290 0.471561 4.11309
14096 16290 0.474004 4.12975
14096 16290 0.476448 4.14642
14096 16290 0.478891 4.16308
14096 16290 0.481334 4.17975
14096 16290 0.483778 4.19642
14096 16290 0.486221 4.21308
14096 16290 0.488664 4.22975
14096 16290 0.491107 4.24642
14096 16290 0.493551 4.26308
14096 16290 0.495994 4.27975
14096 16290 0.498437 4.29642
14096 16290 0.500881 4.31308
14096 16290 0.503324 4.32975
14096 16290 0.505767 4.34642
14096 16290 0.508211 4.36308
14096 16290 0.510654 4.37975
14096 16290 0.513097 4.39641
14096 16290 0.515541 4.41308
14096 16290 0.517984 4.42975
14096 16290 0.520427 4.44641
14096 16290 0.522871 4.46308
14096 16290 0.525314 4.47975
14096 16290 0.527757 4.49641
14096 16290 0.5302 4.51308
14096 16290 0.532644 4.52975
14096 16290 0.535087 4.54641
14096 16290 0.53753 4.56308
14096 16290 0.539974 4.57975
14096 16290 0.542417 4.59641
14096 16290 0.54486 4.61308
14096 16290 0.547304 4.62974
14096 16290 0.549747 4.64641
14096 16290 0.55219 4.66308
14096 16290 0.554634 4.67974
14096 16290 0.557077 4.69641
14096 16290 0.55952 4.71308
14096 16290 0.561964 4.72974
14096 16290 0.564407 4.74641
14096 16290 0.56685 4.76308
14096 16290 0.569293 4.77974
14096 16290 0.571737 4.79641
14096 16290 0.57418 4.81308
14096 16290 0.576623 4.82974
14096 16290 0.579067 4.84641
14096 16290 0.58151 4.86307
14096 16290 0.583953 4.87974
14096 16290 0.586397 4.89641
14096 16290 0.58884 4.91307
14096 16290 0.591283 4.92974
14096 16290 0.593727 4.94641
14096 16290 0.59617 4.96307
14096 16290 0.598613 4.97974
14096 16290 0.601057 4.99641
14096 16290 0.6035 5.01307
14096 16290 0.605943 5.02974
14096 16290 0.608387 5.0464
14096 16290 0.61083 5.06307
14096 16290 0.613273 5.07974
14096 16290 0.615716 5.0964
14096 16290 0.61816 5.11307
14096 16290 0.620603 5.12974
14096 16290 0.623046 5.1464
14096 16290 0.62549 5.16307
14096 16290 0.627933 5.17974
14096 16290 0.630376 5.1964
14096 16290 0.63282 5.21307
14096 16290 0.635263 5.22974
14096 16290 0.637706 5.2464
14096 16290 0.64015 5.26307
14096 16290 0.642593 5.27973
14096 16290 0.645036 5.2964
14096 16290 0.64748 5.31307
14096 16290 0.649923 5.32973
14096 16290 0.652366 5.3464
14096 16290 0.654809 5.36307
14096 16290 0.657253 5.37973
14096 16290 0.659696 5.3964
14096 16290 0.662139 5.41307
14096 16290 0.664583 5.42973
14096 16290 0.667026 5.4464
14096 16290 0.669469 5.46307
14096 16290 0.671913 5.47973
14096 16290 0.674356 5.4964
14096 16290 0.676799 5.51306
14096 16290 0.679243 5.52973
14096 16290 0.681686 5.5464
14096 16290 0.684129 5.56306
14096 16290 0.686573 5.57973
14096 16290 0.689016 5.5964
14096 16290 0.691459 5.61306
14096 16290 0.693902 5.62973
14096 16290 0.696346 5.6464
14096 16290 0.698789 5.66306
14096 16290 0.701232 5.67973
14096 16290 0.703676 5.69639
14096 16290 0.706119 5.71306
14096 16290 0.708562 5.72973
14096 16290 0.711006 5.74639
14096 16290 0.713449 5.76306
14096 16290 0.715892 5.77973
14096 16290 0.718336 5.79639
14096 16290 0.720779 5.81306
14096 16290 0.723222 5.82973
14096 16290 0.725666 5.84639
14096 16290 0.728109 5.86306
14096 16290 0.730552 5.87973
14096 16290 0.732996 5.89639
14096 16290 0.735439 5.91306
14096 16290 0.737882 5.92972
14096 16290 0.740325 5.94639
14096 16290 0.742769 5.96306
14096 16290 0.745212 5.97972
14096 16290 0.747655 5.99639
14096 16290 0.750099 6.01306
14096 16290 0.752542 6.02972
14096 16290 0.754985 6.04639
14096 16290 0.757429 6.06306
14096 16290 0.759872 6.07972
14096 16290 0.762315 6.09639
14096 16290 0.764759 6.11306
14096 16290 0.767202 6.12972
14096 16290 0.769645 6.14639
14096 16290 0.772089 6.16305
14096 16290 0.774532 6.17972
14096 16290 0.776975 6.19639
14096 16290 0.779418 6.21305
14096 16290 0.781862 6.22972
14096 16290 0.784305 6.24639
14096 16290 0.786748 6.26305
14096 16290 0.789192 6.27972
14096 16290 0.791635 6.29639
14096 16290 0.794078 6.31305
14096 16290 0.796522 6.32972
14096 16290 0.798965 6.34639
14096 16290 0.801408 6.36305
14096 16290 0.803852 6.37972
14096 16290 0.806295 6.39638
14096 16290 0.808738 6.41305
14096 16290 0.811182 6.42972
14096 16290 0.813625 6.44638
14096 16290 0.816068 6.46305
14096 16290 0.818511 6.47972
14096 16290 0.820955 6.49638
14096 16290 0.823398 6.51305
14096 16290 0.825841 6.52972
14096 16290 0.828285 6.54638
14096 16290 0.830728 6.56305
14096 16290 0.833171 6.57971
14096 16290 0.835615 6.59638
14096 16290 0.838058 6.61305
14096 16290 0.840501 6.62971
14096 16290 0.842945 6.64638
14096 16290 0.845388 6.66305
14096 16290 0.847831 6.67971
14096 16290 0.850275 6.69638
14096 16290 0.852718 6.71305
14096 16290 0.855161 6.72971
14096 16290 0.857605 6.74638
14096 16290 0.860048 6.76305
14096 16290 0.862491 6.77971
14096 16290 0.864934 6.79638
14096 16290 0.867378 6.81304
14096 16290 0.869821 6.82971
14096 16290 0.872264 6.84638
14096 16290 0.874708 6.86304
14096 16290 0.877151 6.87971
14096 16290 0.879594 6.89638
14096 16290 0.882038 6.91304
14096 16290 0.884481 6.92971
14096 16290 0.886924 6.94638
14096 16290 0.889368 6.96304
14096 16290 0.891811 6.97971
14096 16290 0.894254 6.99638
14096 16290 0.896698 7.01304
14096 16290 0.899141 7.02971
14096 16290 0.901584 7.04637
14096 16290 0.904027 7.06304
14096 16290 0.906471 7.07971
14096 16290 0.908914 7.09637
14096 16290 0.911357 7.11304
14096 16290 0.913801 7.12971
14096 16290 0.916244 7.14637
14096 16290 0.918687 7.16304
14096 16290 0.921131 7.17971
14096 16290 0.923574 7.19637
14096 16290 0.926017 7.21304
14096 16290 0.928461 7.2297
14096 16290 0.930904 7.24637
14096 16290 0.933347 7.26304
14096 16290 0.935791 7.2797
14096 16290 0.938234 7.29637
14096 16290 0.940677 7.31304
14096 16290 0.94312 7.3297
14095 16290 0.945564 7.34637
14095 16290 0.948007 7.36304
14093 16290 0.95045 7.3797
14093 16290 0.952894 7.39637
14093 16290 0.955337 7.41304
14092 16290 0.95778 7.4297
14091 16290 0.960224 7.44637
14090 16290 0.962667 7.46303
14089 16290 0.96511 7.4797
14087 16290 0.967554 7.49637
14087 16290 0.969997 7.51303
14085 16290 0.97244 7.5297
14082 16290 0.974884 7.54637
14082 16290 0.977327 7.56303
14082 16290 0.97977 7.5797
14078 16290 0.982213 7.59637
14075 16290 0.984657 7.61303
14072 16290 0.9871 7.6297
14068 16290 0.989543 7.64637
14064 16290 0.991987 7.66303
14061 16290 0.99443 7.6797
14055 16290 0.996873 7.69636
14053 16290 0.999317 7.71303
14049 16290 1.00176 7.7297
14046 16290 1.0042 7.74636
14041 16290 1.00665 7.76303
14038 16290 1.00909 7.7797
14033 16290 1.01153 7.79636
14026 16290 1.01398 7.81303
14021 16290 1.01642 7.8297
14015 16290 1.01886 7.84636
14013 16290 1.02131 7.86303
14006 16290 1.02375 7.87969
14003 16290 1.02619 7.89636
13993 16290 1.02864 7.91303
13992 16290 1.03108 7.92969
13984 16290 1.03352 7.94636
13977 16290 1.03597 7.96303
13968 16290 1.03841 7.97969
13965 16290 1.04085 7.99636
13954 16290 1.0433 8.01303
13949 16290 1.04574 8.02969
13941 16290 1.04818 8.04636
13934 16290 1.05063 8.06303
13925 16290 1.05307 8.07969
13917 16290 1.05551 8.09636
13907 16290 1.05796 8.11302
13900 16290 1.0604 8.12969
13890 16290 1.06284 8.14636
13882 16290 1.06529 8.16302
13876 16290 1.06773 8.17969
13865 16290 1.07017 8.19636
13855 16290 1.07262 8.21302
13843 16290 1.07506 8.22969
13833 16290 1.0775 8.24636
13825 16290 1.07995 8.26302
13814 16290 1.08239 8.27969
13805 16290 1.08483 8.29636
13796 16290 1.08728 8.31302
13785 16290 1.08972 8.32969
13774 16290 1.09216 8.34635
13766 16290 1.09461 8.36302
13754 16290 1.09705 8.37969
13746 16290 1.09949 8.39635
13733 16290 1.10194 8.41302
13721 16290 1.10438 8.42969
13702 16290 1.10682 8.44635
13697 16290 1.10927 8.46302
13682 16290 1.11171 8.47969
13670 16290 1.11415 8.49635
13659 16290 1.1166 8.51302
13642 16290 1.11904 8.52969
13637 16290 1.12148 8.54635
13618 16290 1.12393 8.56302
13606 16290 1.12637 8.57968
13592 16290 1.12881 8.59635
13576 16290 1.13126 8.61302
13556 16290 1.1337 8.62968
13543 16290 1.13614 8.64635
13532 16290 1.13859 8.66302
13516 16290 1.14103 8.67968
13499 16290 1.14347 8.69635
13485 16290 1.14592 8.71302
13465 16290 1.14836 8.72968
13452 16290 1.1508 8.74635
13437 16290 1.15325 8.76301
13417 16290 1.15569 8.77968
13402 16290 1.15813 8.79635
13387 16290 1.16058 8.81301
13368 16290 1.16302 8.82968
13349 16290 1.16546 8.84635
13327 16290 1.16791 8.86301
13312 16290 1.17035 8.87968
13295 16290 1.17279 8.89635
13277 16290 1.17524 8.91301
13258 16290 1.17768 8.92968
13234 16290 1.18012 8.94635
13216 16290 1.18257 8.96301
13193 16290 1.18501 8.97968
13171 16290 1.18745 8.99634
13155 16290 1.1899 9.01301
13130 16290 1.19234 9.02968
13106 16290 1.19478 9.04634
13082 16290 1.19723 9.06301
13062 16290 1.19967 9.07968
13038 16290 1.20211 9.09634
13015 16290 1.20456 9.11301
12990 16290 1.207 9.12968
12966 16290 1.20944 9.14634
12945 16290 1.21188 9.16301
12917 16290 1.21433 9.17968
12894 16290 1.21677 9.19634
12871 16290 1.21921 9.21301
12844 16290 1.22166 9.22967
12814 16290 1.2241 9.24634
12791 16290 1.22654 9.26301
12768 16290 1.22899 9.27967
12736 16290 1.23143 9.29634
12708 16290 1.23387 9.31301
12684 16290 1.23632 9.32967
12653 16290 1.23876 9.34634
12628 16290 1.2412 9.36301
12602 16290 1.24365 9.37967
12569 16290 1.24609 9.39634
12543 16290 1.24853 9.413
12513 16290 1.25098 9.42967
12484 16290 1.25342 9.44634
12458 16290 1.25586 9.463
12422 16290 1.25831 9.47967
12398 16290 1.26075 9.49634
12368 16290 1.26319 9.513
12335 16290 1.26564 9.52967
12305 16290 1.26808 9.54634
12275 16290 1.27052 9.563
12242 16290 1.27297 9.57967
12214 16290 1.27541 9.59634
12184 16290 1.27785 9.613
12155 16290 1.2803 9.62967
12124 16290 1.28274 9.64633
12093 16290 1.28518 9.663
12058 16290 1.28763 9.67967
12028 16290 1.29007 9.69633
11998 16290 1.29251 9.713
11971 16290 1.29496 9.72967
11937 16290 1.2974 9.74633
11897 16290 1.29984 9.763
11869 16290 1.30229 9.77967
11843 16290 1.30473 9.79633
11806 16290 1.30717 9.813
11776 16290 1.30962 9.82967
11746 16290 1.31206 9.84633
11714 16290 1.3145 9.863
11680 16290 1.31695 9.87966
11649 16290 1.31939 9.89633
11613 16290 1.32183 9.913
11584 16290 1.32428 9.92966
11553 16290 1.32672 9.94633
11524 16290 1.32916 9.963
11481 16290 1.33161 9.97966
11459 16290 1.33405 9.99633
11418 16290 1.33649 10.013
11383 16290 1.33894 10.0297
11350 16290 1.34138 10.0463
11319 16290 1.34382 10.063
11291 16290 1.34627 10.0797
11253 16290 1.34871 10.0963
11214 16290 1.35115 10.113
11188 16290 1.3536 10.1297
11158 16290 1.35604 10.1463
11117 16290 1.35848 10.163
11085 16290 1.36093 10.1797
11056 16290 1.36337 10.1963
11016 16290 1.36581 10.213
10988 16290 1.36826 10.2297
10949 16290 1.3707 10.2463
10921 16290 1.37314 10.263
10885 16290 1.37559 10.2797
10851 16290 1.37803 10.2963
10812 16290 1.38047 10.313
10783 16290 1.38292 10.3297
10741 16290 1.38536 10.3463
10713 16290 1.3878 10.363
10684 16290 1.39025 10.3797
10648 16290 1.39269 10.3963
10610 16290 1.39513 10.413
10574 16290 1.39758 10.4297
10538 16290 1.40002 10.4463
10508 16290 1.40246 10.463
10477 16290 1.40491 10.4797
10445 16290 1.40735 10.4963
10403 16290 1.40979 10.513
10365 16290 1.41224 10.5297
10346 16290 1.41468 10.5463
10296 16290 1.41712 10.563
10266 16290 1.41957 10.5797
10232 16290 1.42201 10.5963
10196 16290 1.42445 10.613
10163 16290 1.4269 10.6297
10126 16290 1.42934 10.6463
10091 16290 1.43178 10.663
10065 16290 1.43423 10.6797
10026 16290 1.43667 10.6963
9991 16290 1.43911 10.713
9953 16290 1.44156 10.7297
9924 16290 1.444 10.7463
9888 16290 1.44644 10.763
9853 16290 1.44889 10.7797
9813 16290 1.45133 10.7963
9783 16290 1.45377 10.813
9746 16290 1.45622 10.8296
9713 16290 1.45866 10.8463
9679 16290 1.4611 10.863
9651 16290 1.46355 10.8796
9609 16290 1.46599 10.8963
9573 16290 1.46843 10.913
9539 16290 1.47088 10.9296
9511 16290 1.47332 10.9463
9472 16290 1.47576 10.963
9437 16290 1.47821 10.9796
9401 16290 1.48065 10.9963
9375 16290 1.48309 11.013
9340 16290 1.48554 11.0296
9296 16290 1.48798 11.0463
9266 16290 1.49042 11.063
9234 16290 1.49287 11.0796
9200 16290 1.49531 11.0963
9169 16290 1.49775 11.113
9130 16290 1.5002 11.1296
9094 16290 1.50264 11.1463
9060 16290 1.50508 11.163
9029 16290 1.50753 11.1796
8997 16290 1.50997 11.1963
8955 16290 1.51241 11.213
8921 16290 1.51486 11.2296
8890 16290 1.5173 11.2463
8848 16290 1.51974 11.263
8817 16290 1.52219 11.2796
8784 16290 1.52463 11.2963
8750 16290 1.52707 11.313
8720 16290 1.52952 11.3296
8683 16290 1.53196 11.3463
8651 16290 1.5344 11.363
8614 16290 1.53685 11.3796
8577 16290 1.53929 11.3963
8551 16290 1.54173 11.413
8520 16290 1.54418 11.4296
8488 16290 1.54662 11.4463
8452 16290 1.54906 11.463
8419 16290 1.55151 11.4796
8387 16290 1.55395 11.4963
8350 16290 1.55639 11.513
8313 16290 1.55884 11.5296
8285 16290 1.56128 11.5463
8252 16290 1.56372 11.563
8219 16290 1.56617 11.5796
8186 16290 1.56861 11.5963
8157 16290 1.57105 11.613
8124 16290 1.5735 11.6296
8092 16290 1.57594 11.6463
8064 16290 1.57838 11.663
8029 16290 1.58083 11.6796
8002 16290 1.58327 11.6963
7960 16290 1.58571 11.713
7933 16290 1.58816 11.7296
7894 16290 1.5906 11.7463
7871 16290 1.59304 11.763
7840 16290 1.59549 11.7796
7802 16290 1.59793 11.7963
7769 16290 1.60037 11.813
7740 16290 1.60282 11.8296
7705 16290 1.60526 11.8463
7678 16290 1.6077 11.863
7646 16290 1.61015 11.8796
7619 16290 1.61259 11.8963
7581 16290 1.61503 11.913
7552 16290 1.61748 11.9296
7518 16290 1.61992 11.9463
7482 16290 1.62236 11.963
7457 16290 1.6248 11.9796
7427 16290 1.62725 11.9963
7394 16290 1.62969 12.013
7362 16290 1.63213 12.0296
7329 16290 1.63458 12.0463
7293 16290 1.63702 12.063
7271 16290 1.63946 12.0796
7241 16290 1.64191 12.0963
7203 16290 1.64435 12.113
7169 16290 1.64679 12.1296
7140 16290 1.64924 12.1463
7107 16290 1.65168 12.163
7080 16290 1.65412 12.1796
7056 16290 1.65657 12.1963
7020 16290 1.65901 12.213
6996 16290 1.66145 12.2296
6959 16290 1.6639 12.2463
6933 16290 1.66634 12.263
6904 16290 1.66878 12.2796
6869 16290 1.67123 12.2963
6846 16290 1.67367 12.313
6814 16290 1.67611 12.3296
6785 16290 1.67856 12.3463
6758 16290 1.681 12.363
6720 16290 1.68344 12.3796
6692 16290 1.68589 12.3963
6657 16290 1.68833 12.413
6629 16290 1.69077 12.4296
6602 16290 1.69322 12.4463
6575 16290 1.69566 12.463
6538 16290 1.6981 12.4796
6510 16290 1.70055 12.4963
6485 16290 1.70299 12.513
6452 16290 1.70543 12.5296
6425 16290 1.70788 12.5463
6396 16290 1.71032 12.563
6364 16290 1.71276 12.5796
6335 16290 1.71521 12.5963
6309 16290 1.71765 12.613
6284 16290 1.72009 12.6296
6258 16290 1.72254 12.6463
6222 16290 1.72498 12.663
6191 16290 1.72742 12.6796
6157 16290 1.72987 12.6963
6136 16290 1.73231 12.713
6110 16290 1.73475 12.7296
6071 16290 1.7372 12.7463
6041 16290 1.73964 12.763
6012 16290 1.74208 12.7796
5986 16290 1.74453 12.7963
5956 16290 1.74697 12.813
5929 16290 1.74941 12.8296
5900 16290 1.75186 12.8463
5869 16290 1.7543 12.863
5853 16290 1.75674 12.8796
5817 16290 1.75919 12.8963
5793 16290 1.76163 12.913
5772 16290 1.76407 12.9296
5734 16290 1.76652 12.9463
5711 16290 1.76896 12.963
5684 16290 1.7714 12.9796
5660 16290 1.77385 12.9963
5630 16290 1.77629 13.0129
5610 16290 1.77873 13.0296
5588 16290 1.78118 13.0463
5560 16290 1.78362 13.0629
5536 16290 1.78606 13.0796
5510 16290 1.78851 13.0963
5493 16290 1.79095 13.1129
5472 16290 1.79339 13.1296
5448 16290 1.79584 13.1463
5416 16290 1.79828 13.1629
5397 16290 1.80072 13.1796
5371 16290 1.80317 13.1963
5351 16290 1.80561 13.2129
5322 16290 1.80805 13.2296
5305 16290 1.8105 13.2463
5274 16290 1.81294 13.2629
5258 16290 1.81538 13.2796
5238 16290 1.81783 13.2963
5208 16290 1.82027 13.3129
5189 16290 1.82271 13.3296
5166 16290 1.82516 13.3463
5139 16290 1.8276 13.3629
5124 16290 1.83004 13.3796
5098 16290 1.83249 13.3963
5076 16290 1.83493 13.4129
5053 16290 1.83737 13.4296
5031 16290 1.83982 13.4463
5005 16290 1.84226 13.4629
4983 16290 1.8447 13.4796
4961 16290 1.84715 13.4963
4940 16290 1.84959 13.5129
4919 16290 1.85203 13.5296
4897 16290 1.85448 13.5463
4872 16290 1.85692 13.5629
4853 16290 1.85936 13.5796
4840 16290 1.86181 13.5963
4812 16290 1.86425 13.6129
4797 16290 1.86669 13.6296
4771 16290 1.86914 13.6463
4748 16290 1.87158 13.6629
4735 16290 1.87402 13.6796
4710 16290 1.87647 13.6963
4694 16290 1.87891 13.7129
4666 16290 1.88135 13.7296
4647 16290 1.8838 13.7463
4632 16290 1.88624 13.7629
4612 16290 1.88868 13.7796
4593 16290 1.89113 13.7963
4574 16290 1.89357 13.8129
4558 16290 1.89601 13.8296
4539 16290 1.89846 13.8463
4519 16290 1.9009 13.8629
4497 16290 1.90334 13.8796
4478 16290 1.90579 13.8963
4468 16290 1.90823 13.9129
4443 16290 1.91067 13.9296
4427 16290 1.91312 13.9463
4408 16290 1.91556 13.9629
4391 16290 1.918 13.9796
4376 16290 1.92045 13.9963
4362 16290 1.92289 14.0129
4341 16290 1.92533 14.0296
4327 16290 1.92778 14.0463
4312 16290 1.93022 14.0629
4291 16290 1.93266 14.0796
4270 16290 1.93511 14.0963
4252 16290 1.93755 14.1129
4236 16290 1.93999 14.1296
4220 16290 1.94244 14.1463
4199 16290 1.94488 14.1629
4179 16290 1.94732 14.1796
4166 16290 1.94977 14.1963
4147 16290 1.95221 14.2129
4131 16290 1.95465 14.2296
4113 16290 1.9571 14.2463
4103 16290 1.95954 14.2629
4087 16290 1.96198 14.2796
4067 16290 1.96443 14.2963
4052 16290 1.96687 14.3129
4037 16290 1.96931 14.3296
4026 16290 1.97176 14.3463
4008 16290 1.9742 14.3629
3994 16290 1.97664 14.3796
3982 16290 1.97909 14.3963
3968 16290 1.98153 14.4129
3952 16290 1.98397 14.4296
3935 16290 1.98642 14.4463
3925 16290 1.98886 14.4629
3911 16290 1.9913 14.4796
3895 16290 1.99375 14.4963
3880 16290 1.99619 14.5129
3866 16290 1.99863 14.5296
3851 16290 2.00108 14.5463
3835 16290 2.00352 14.5629
3826 16290 2.00596 14.5796
3810 16290 2.00841 14.5963
3799 16290 2.01085 14.6129
3784 16290 2.01329 14.6296
3774 16290 2.01574 14.6463
3760 16290 2.01818 14.6629
3747 16290 2.02062 14.6796
3735 16290 2.02307 14.6963
3721 16290 2.02551 14.7129
3707 16290 2.02795 14.7296
3694 16290 2.0304 14.7463
3684 16290 2.03284 14.7629
3672 16290 2.03528 14.7796
3663 16290 2.03772 14.7963
3648 16290 2.04017 14.8129
3638 16290 2.04261 14.8296
3627 16290 2.04505 14.8463
3618 16290 2.0475 14.8629
3608 16290 2.04994 14.8796
3595 16290 2.05238 14.8963
3583 16290 2.05483 14.9129
3569 16290 2.05727 14.9296
3555 16290 2.05971 14.9463
3545 16290 2.06216 14.9629
3533 16290 2.0646 14.9796
3520 16290 2.06704 14.9963
3507 16290 2.06949 15.0129
3495 16290 2.07193 15.0296
3486 16290 2.07437 15.0463
3471 16290 2.07682 15.0629
3462 16290 2.07926 15.0796
3448 16290 2.0817 15.0963
3438 16290 2.08415 15.1129
3427 16290 2.08659 15.1296
3418 16290 2.08903 15.1463
3406 16290 2.09148 15.1629
3393 16290 2.09392 15.1796
3384 16290 2.09636 15.1962
3372 16290 2.09881 15.2129
3361 16290 2.10125 15.2296
3350 16290 2.10369 15.2462
3343 16290 2.10614 15.2629
3330 16290 2.10858 15.2796
3319 16290 2.11102 15.2962
3308 16290 2.11347 15.3129
3297 16290 2.11591 15.3296
3288 16290 2.11835 15.3462
3280 16290 2.1208 15.3629
3266 16290 2.12324 15.3796
3257 16290 2.12568 15.3962
3247 16290 2.12813 15.4129
3234 16290 2.13057 15.4296
3226 16290 2.13301 15.4462
3218 16290 2.13546 15.4629
3209 16290 2.1379 15.4796
3200 16290 2.14034 15.4962
3189 16290 2.14279 15.5129
3179 16290 2.14523 15.5296
3169 16290 2.14767 15.5462
3159 16290 2.15012 15.5629
3147 16290 2.15256 15.5796
3139 16290 2.155 15.5962
3132 16290 2.15745 15.6129
3121 16290 2.15989 15.6296
3108 16290 2.16233 15.6462
3097 16290 2.16478 15.6629
3091 16290 2.16722 15.6796
3082 16290 2.16966 15.6962
3067 16290 2.17211 15.7129
3060 16290 2.17455 15.7296
3048 16290 2.17699 15.7462
3041 16290 2.17944 15.7629
3024 16290 2.18188 15.7796
3018 16290 2.18432 15.7962
3011 16290 2.18677 15.8129
3001 16290 2.18921 15.8296
2992 16290 2.19165 15.8462
2982 16290 2.1941 15.8629
2969 16290 2.19654 15.8796
2961 16290 2.19898 15.8962
2952 16290 2.20143 15.9129
2944 16290 2.20387 15.9296
2935 16290 2.20631 15.9462
2924 16290 2.20876 15.9629
2917 16290 2.2112 15.9796
2904 16290 2.21364 15.9962
2896 16290 2.21609 16.0129
2889 16290 2.21853 16.0296
2881 16290 2.22097 16.0462
2870 16290 2.22342 16.0629
2865 16290 2.22586 16.0796
2851 16290 2.2283 16.0962
2843 16290 2.23075 16.1129
2836 16290 2.23319 16.1296
2825 16290 2.23563 16.1462
2817 16290 2.23808 16.1629
2809 16290 2.24052 16.1796
2797 16290 2.24296 16.1962
2789 16290 2.24541 16.2129
2778 16290 2.24785 16.2296
2770 16290 2.25029 16.2462
2762 16290 2.25274 16.2629
2751 16290 2.25518 16.2796
2745 16290 2.25762 16.2962
2733 16290 2.26007 16.3129
2724 16290 2.26251 16.3296
2716 16290 2.26495 16.3462
2706 16290 2.2674 16.3629
2694 16290 2.26984 16.3796
2683 16290 2.27228 16.3962
2676 16290 2.27473 16.4129
2666 16290 2.27717 16.4296
2659 16290 2.27961 16.4462
2647 16290 2.28206 16.4629
2636 16290 2.2845 16.4796
2630 16290 2.28694 16.4962
2623 16290 2.28939 16.5129
2612 16290 2.29183 16.5296
2605 16290 2.29427 16.5462
2597 16290 2.29672 16.5629
2584 16290 2.29916 16.5796
2575 16290 2.3016 16.5962
2568 16290 2.30405 16.6129
2560 16290 2.30649 16.6296
2553 16290 2.30893 16.6462
2545 16290 2.31138 16.6629
2534 16290 2.31382 16.6796
2524 16290 2.31626 16.6962
2517 16290 2.31871 16.7129
2506 16290 2.32115 16.7296
2497 16290 2.32359 16.7462
2491 16290 2.32604 16.7629
2481 16290 2.32848 16.7796
2472 16290 2.33092 16.7962
2463 16290 2.33337 16.8129
2453 16290 2.33581 16.8296
2443 16290 2.33825 16.8462
2430 16290 2.3407 16.8629
2424 16290 2.34314 16.8796
2414 16290 2.34558 16.8962
2405 16290 2.34803 16.9129
2394 16290 2.35047 16.9296
2388 16290 2.35291 16.9462
2379 16290 2.35536 16.9629
2369 16290 2.3578 16.9796
2362 16290 2.36024 16.9962
2353 16290 2.36269 17.0129
2343 16290 2.36513 17.0296
2333 16290 2.36757 17.0462
2324 16290 2.37002 17.0629
2316 16290 2.37246 17.0796
2305 16290 2.3749 17.0962
2292 16290 2.37735 17.1129
2286 16290 2.37979 17.1296
2280 16290 2.38223 17.1462
2270 16290 2.38468 17.1629
2264 16290 2.38712 17.1796
2252 16290 2.38956 17.1962
2242 16290 2.39201 17.2129
2233 16290 2.39445 17.2296
2226 16290 2.39689 17.2462
2217 16290 2.39934 17.2629
2210 16290 2.40178 17.2796
2202 16290 2.40422 17.2962
2192 16290 2.40667 17.3129
2189 16290 2.40911 17.3296
2178 16290 2.41155 17.3462
2171 16290 2.414 17.3629
2161 16290 2.41644 17.3796
2152 16290 2.41888 17.3962
2142 16290 2.42133 17.4129
2134 16290 2.42377 17.4296
2126 16290 2.42621 17.4462
2116 16290 2.42866 17.4629
2110 16290 2.4311 17.4795
2098 16290 2.43354 17.4962
2091 16290 2.43599 17.5129
2080 16290 2.43843 17.5295
2075 16290 2.44087 17.5462
2068 16290 2.44332 17.5629
2058 16290 2.44576 17.5795
2050 16290 2.4482 17.5962
2041 16290 2.45064 17.6129
2033 16290 2.45309 17.6295
2026 16290 2.45553 17.6462
2017 16290 2.45797 17.6629
2010 16290 2.46042 17.6795
2002 16290 2.46286 17.6962
1995 16290 2.4653 17.7129
1986 16290 2.46775 17.7295
1979 16290 2.47019 17.7462
1973 16290 2.47263 17.7629
1965 16290 2.47508 17.7795
1958 16290 2.47752 17.7962
1947 16290 2.47996 17.8129
1943 16290 2.48241 17.8295
1933 16290 2.48485 17.8462
1924 16290 2.48729 17.8629
1920 16290 2.48974 17.8795
1912 16290 2.49218 17.8962
1904 16290 2.49462 17.9129
1895 16290 2.49707 17.9295
1887 16290 2.49951 17.9462
1883 16290 2.50195 17.9629
1874 16290 2.5044 17.9795
1868 16290 2.50684 17.9962
1859 16290 2.50928 18.0129
1851 16290 2.51173 18.0295
1841 16290 2.51417 18.0462
1835 16290 2.51661 18.0629
1830 16290 2.51906 18.0795
1821 16290 2.5215 18.0962
1814 16290 2.52394 18.1129
1807 16290 2.52639 18.1295
1799 16290 2.52883 18.1462
1793 16290 2.53127 18.1629
1785 16290 2.53372 18.1795
1779 16290 2.53616 18.1962
1770 16290 2.5386 18.2129
1764 16290 2.54105 18.2295
1755 16290 2.54349 18.2462
1748 16290 2.54593 18.2629
1744 16290 2.54838 18.2795
1732 16290 2.55082 18.2962
1724 16290 2.55326 18.3129
1718 16290 2.55571 18.3295
1711 16290 2.55815 18.3462
1704 16290 2.56059 18.3629
1696 16290 2.56304 18.3795
1686 16290 2.56548 18.3962
1679 16290 2.56792 18.4129
1672 16290 2.57037 18.4295
1666 16290 2.57281 18.4462
1658 16290 2.57525 18.4629
1653 16290 2.57525 18.4795
1643 16290 2.57525 18.4962
1639 16290 2.57525 18.5129
1634 16290 2.57525 18.5295
1629 16290 2.57525 18.5462
1619 16290 2.57525 18.5629
1612 16290 2.57525 18.5795
1602 16290 2.57525 18.5962
1595 16290 2.57525 18.6129
1587 16290 2.57525 18.6295
1581 16290 2.57525 18.6462
1571 16290 2.57525 18.6629
1566 16290 2.57525 18.6795
1557 16290 2.57525 18.6962
1553 16290 2.57525 18.7129
1542 16290 2.57525 18.7295
1535 16290 2.57525 18.7462
1527 16290 2.57525 18.7629
1517 16290 2.57525 18.7795
1512 16290 2.57525 18.7962
1504 16290 2.57525 18.8129
1499 16290 2.57525 18.8295
1489 16290 2.57525 18.8462
1480 16290 2.57525 18.8629
1473 16290 2.57525 18.8795
1466 16290 2.57525 18.8962
1460 16290 2.57525 18.9129
1454 16290 2.57525 18.9295
1446 16290 2.57525 18.9462
1439 16290 2.57525 18.9629
1433 16290 2.57525 18.9795
1422 16290 2.57525 18.9962
1417 16290 2.57525 19.0129
1410 16290 2.57525 19.0295
1404 16290 2.57525 19.0462
1398 16290 2.57525 19.0629
1389 16290 2.57525 19.0795
1382 16290 2.57525 19.0962
1372 16290 2.57525 19.1129
1367 16290 2.57525 19.1295
1361 16290 2.57525 19.1462
1354 16290 2.57525 19.1629
1349 16290 2.57525 19.1795
1340 16290 2.57525 19.1962
1336 16290 2.57525 19.2129
1331 16290 2.57525 19.2295
1325 16290 2.57525 19.2462
1318 16290 2.57525 19.2629
1311 16290 2.57525 19.2795
1306 16290 2.57525 19.2962
1299 16290 2.57525 19.3129
1294 16290 2.57525 19.3295
1287 16290 2.57525 19.3462
1283 16290 2.57525 19.3629
1277 16290 2.57525 19.3795
1270 16290 2.57525 19.3962
1263 16290 2.57525 19.4129
1259 16290 2.57525 19.4295
1255 16290 2.57525 19.4462
1251 16290 2.57525 19.4629
1244 16290 2.57525 19.4795
1239 16290 2.57525 19.4962
1237 16290 2.57525 19.5129
1229 16290 2.57525 19.5295
1225 16290 2.57525 19.5462
1222 16290 2.57525 19.5629
1216 16290 2.57525 19.5795
1212 16290 2.57525 19.5962
1209 16290 2.57525 19.6129
1204 16290 2.57525 19.6295
1202 16290 2.57525 19.6462
1195 16290 2.57525 19.6628
1193 16290 2.57525 19.6795
1188 16290 2.57525 19.6962
1184 16290 2.57525 19.7128
1182 16290 2.57525 19.7295
1178 16290 2.57525 19.7462
1174 16290 2.57525 19.7628
1173 16290 2.57525 19.7795
1170 16290 2.57525 19.7962
1164 16290 2.57525 19.8128
1161 16290 2.57525 19.8295
1160 16290 2.57525 19.8462
1157 16290 2.57525 19.8628
1154 16290 2.57525 19.8795
1152 16290 2.57525 19.8962
1151 16290 2.57525 19.9128
1148 16290 2.57525 19.9295
1143 16290 2.57525 19.9462
1141 16290 2.57525 19.9628
1137 16290 2.57525 19.9795
1134 16290 2.57525 19.9962
1133 16290 2.57525 20.0128
1132 16290 2.57525 20.0295
1130 16290 2.57525 20.0462
1126 16290 2.57525 20.0628
1122 16290 2.57525 20.0795
1118 16290 2.57525 20.0962
1117 16290 2.57525 20.1128
1115 16290 2.57525 20.1295
1114 16290 2.57525 20.1462
1113 16290 2.57525 20.1628
1112 16290 2.57525 20.1795
1109 16290 2.57525 20.1962
1108 16290 2.57525 20.2128
1108 16290 2.57525 20.2295
1104 16290 2.57525 20.2462
1101 16290 2.57525 20.2628
1100 16290 2.57525 20.2795
1099 16290 2.57525 20.2962
1097 16290 2.57525 20.3128
1094 16290 2.57525 20.3295
1093 16290 2.57525 20.3462
1092 16290 2.57525 20.3628
1091 16290 2.57525 20.3795
1090 16290 2.57525 20.3962
1088 16290 2.57525 20.4128
1084 16290 2.57525 20.4295
1083 16290 2.57525 20.4462
1083 16290 2.57525 20.4628
1080 16290 2.57525 20.4795
1080 16290 2.57525 20.4962
1078 16290 2.57525 20.5128
1077 16290 2.57525 20.5295
1075 16290 2.57525 20.5462
1075 16290 2.57525 20.5628
1074 16290 2.57525 20.5795
1072 16290 2.57525 20.5962
1072 16290 2.57525 20.6128
1072 16290 2.57525 20.6295
1069 16290 2.57525 20.6462
1068 16290 2.57525 20.6628
1066 16290 2.57525 20.6795
1065 16290 2.57525 20.6962
1064 16290 2.57525 20.7128
1064 16290 2.57525 20.7295
1063 16290 2.57525 20.7462
1063 16290 2.57525 20.7628
1063 16290 2.57525 20.7795
1063 16290 2.57525 20.7962
1062 16290 2.57525 20.8128
1061 16290 2.57525 20.8295
1061 16290 2.57525 20.8462
1060 16290 2.57525 20.8628
1056 16290 2.57525 20.8795
1054 16290 2.57525 20.8962
1054 16290 2.57525 20.9128
1053 16290 2.57525 20.9295
1053 16290 2.57525 20.9462
1052 16290 2.57525 20.9628
1051 16290 2.57525 20.9795
1051 16290 2.57525 20.9962
1049 16290 2.57525 21.0128
1049 16290 2.57525 21.0295
1049 16290 2.57525 21.0462
1047 16290 2.57525 21.0628
1046 16290 2.57525 21.0795
1046 16290 2.57525 21.0962
1044 16290 2.57525 21.1128
1043 16290 2.57525 21.1295
1043 16290 2.57525 21.1462
1043 16290 2.57525 21.1628
1043 16290 2.57525 21.1795
1043 16290 2.57525 21.1962
1043 16290 2.57525 21.2128
1043 16290 2.57525 21.2295
1043 16290 2.57525 21.2462
1043 16290 2.57525 21.2628
1043 16290 2.57525 21.2795
1043 16290 2.57525 21.2962
1043 16290 2.57525 21.3128
1043 16290 2.57525 21.3295
1043 16290 2.57525 21.3462
1043 16290 2.57525 21.3628
1040 16290 2.57525 21.3795
1036 16290 2.57525 21.3962
1036 16290 2.57525 21.4128
1035 16290 2.57525 21.4295
1032 16290 2.57525 21.4462
1031 16290 2.57525 21.4628
1031 16290 2.57525 21.4795
1030 16290 2.57525 21.4962
1030 16290 2.57525 21.5128
1029 16290 2.57525 21.5295
1029 16290 2.57525 21.5462
1027 16290 2.57525 21.5628
1027 16290 2.57525 21.5795
1027 16290 2.57525 21.5962
1027 16290 2.57525 21.6128
1027 16290 2.57525 21.6295
1027 16290 2.57525 21.6462
1027 16290 2.57525 21.6628
1026 16290 2.57525 21.6795
1025 16290 2.57525 21.6962
1025 16290 2.57525 21.7128
1023 16290 2.57525 21.7295
1023 16290 2.57525 21.7462
1022 16290 2.57525 21.7628
1022 16290 2.57525 21.7795
1022 16290 2.57525 21.7962
1022 16290 2.57525 21.8128
1021 16290 2.57525 21.8295
1019 16290 2.57525 21.8461
1019 16290 2.57525 21.8628
1018 16290 2.57525 21.8795
1018 16290 2.57525 21.8961
1014 16290 2.57525 21.9128
1014 16290 2.57525 21.9295
1014 16290 2.57525 21.9461
1013 16290 2.57525 21.9628
1010 16290 2.57525 21.9795
1010 16290 2.57525 21.9961
1009 16290 2.57525 22.0128
1008 16290 2.57525 22.0295
1008 16290 2.57525 22.0461
1008 16290 2.57525 22.0628
1006 16290 2.57525 22.0795
1006 16290 2.57525 22.0961
1006 16290 2.57525 22.1128
1006 16290 2.57525 22.1295
1005 16290 2.57525 22.1461
1005 16290 2.57525 22.1628
1005 16290 2.57525 22.1795
1005 16290 2.57525 22.1961
1005 16290 2.57525 22.2128
1005 16290 2.57525 22.2295
1005 16290 2.57525 22.2461
1005 16290 2.57525 22.2628
1004 16290 2.57525 22.2795
1004 16290 2.57525 22.2961
1004 16290 2.57525 22.3128
1004 16290 2.57525 22.3295
1002 16290 2.57525 22.3461
1000 16290 2.57525 22.3628
999 16290 2.57525 22.3795
999 16290 2.57525 22.3961
999 16290 2.57525 22.4128
997 16290 2.57525 22.4295
997 16290 2.57525 22.4461
996 16290 2.57525 22.4628
995 16290 2.57525 22.4795
995 16290 2.57525 22.4961
995 16290 2.57525 22.5128
994 16290 2.57525 22.5295
994 16290 2.57525 22.5461
993 16290 2.57525 22.5628
993 16290 2.57525 22.5795
993 16290 2.57525 22.5961
992 16290 2.57525 22.6128
992 16290 2.57525 22.6295
992 16290 2.57525 22.6461
992 16290 2.57525 22.6628
992 16290 2.57525 22.6795
991 16290 2.57525 22.6961
990 16290 2.57525 22.7128
989 16290 2.57525 22.7295
989 16290 2.57525 22.7461
989 16290 2.57525 22.7628
989 16290 2.57525 22.7795
989 16290 2.57525 22.7961
987 16290 2.57525 22.8128
986 16290 2.57525 22.8295
986 16290 2.57525 22.8461
985 16290 2.57525 22.8628
983 16290 2.57525 22.8795
982 16290 2.57525 22.8961
982 16290 2.57525 22.9128
980 16290 2.57525 22.9295
979 16290 2.57525 22.9461
979 16290 2.57525 22.9628
979 16290 2.57525 22.9795
979 16290 2.57525 22.9961
979 16290 2.57525 23.0128
979 16290 2.57525 23.0295
979 16290 2.57525 23.0461
978 16290 2.57525 23.0628
978 16290 2.57525 23.0795
978 16290 2.57525 23.0961
977 16290 2.57525 23.1128
977 16290 2.57525 23.1295
977 16290 2.57525 23.1461
977 16290 2.57525 23.1628
977 16290 2.57525 23.1795
977 16290 2.57525 23.1961
977 16290 2.57525 23.2128
977 16290 2.57525 23.2295
977 16290 2.57525 23.2461
975 16290 2.57525 23.2628
975 16290 2.57525 23.2795
974 16290 2.57525 23.2961
973 16290 2.57525 23.3128
973 16290 2.57525 23.3295
972 16290 2.57525 23.3461
972 16290 2.57525 23.3628
972 16290 2.57525 23.3795
971 16290 2.57525 23.3961
970 16290 2.57525 23.4128
970 16290 2.57525 23.4295
970 16290 2.57525 23.4461
969 16290 2.57525 23.4628
969 16290 2.57525 23.4795
969 16290 2.57525 23.4961
969 16290 2.57525 23.5128
969 16290 2.57525 23.5295
969 16290 2.57525 23.5461
968 16290 2.57525 23.5628
968 16290 2.57525 23.5795
966 16290 2.57525 23.5961
966 16290 2.57525 23.6128
966 16290 2.57525 23.6295
966 16290 2.57525 23.6461
964 16290 2.57525 23.6628
962 16290 2.57525 23.6795
962 16290 2.57525 23.6961
960 16290 2.57525 23.7128
959 16290 2.57525 23.7295
958 16290 2.57525 23.7461
958 16290 2.57525 23.7628
957 16290 2.57525 23.7795
957 16290 2.57525 23.7961
957 16290 2.57525 23.8128
957 16290 2.57525 23.8295
955 16290 2.57525 23.8461
953 16290 2.57525 23.8628
951 16290 2.57525 23.8795
950 16290 2.57525 23.8961
948 16290 2.57525 23.9128
948 16290 2.57525 23.9295
948 16290 2.57525 23.9461
947 16290 2.57525 23.9628
947 16290 2.57525 23.9795
947 16290 2.57525 23.9961
947 16290 2.57525 24.0128
947 16290 2.57525 24.0294
947 16290 2.57525 24.0461
947 16290 2.57525 24.0628
947 16290 2.57525 24.0794
947 16290 2.57525 24.0961
947 16290 2.57525 24.1128
947 16290 2.57525 24.1294
947 16290 2.57525 24.1461
947 16290 2.57525 24.1628
947 16290 2.57525 24.1794
945 16290 2.57525 24.1961
945 16290 2.57525 24.2128
945 16290 2.57525 24.2294
945 16290 2.57525 24.2461
945 16290 2.57525 24.2628
945 16290 2.57525 24.2794
945 16290 2.57525 24.2961
945 16290 2.57525 24.3128
945 16290 2.57525 24.3294
945 16290 2.57525 24.3461
943 16290 2.57525 24.3628
943 16290 2.57525 24.3794
943 16290 2.57525 24.3961
943 16290 2.57525 24.4128
943 16290 2.57525 24.4294
943 16290 2.57525 24.4461
943 16290 2.57525 24.4628
943 16290 2.57525 24.4794
943 16290 2.57525 24.4961
943 16290 2.57525 24.5128
943 16290 2.57525 24.5294
943 16290 2.57525 24.5461
943 16290 2.57525 24.5628
943 16290 2.57525 24.5794
943 16290 2.57525 24.5961
943 16290 2.57525 24.6128
942 16290 2.57525 24.6294
941 16290 2.57525 24.6461
941 16290 2.57525 24.6628
941 16290 2.57525 24.6794
941 16290 2.57525 24.6961
941 16290 2.57525 24.7128
941 16290 2.57525 24.7294
941 16290 2.57525 24.7461
941 16290 2.57525 24.7628
941 16290 2.57525 24.7794
941 16290 2.57525 24.7961
941 16290 2.57525 24.8128
941 16290 2.57525 24.8294
941 16290 2.57525 24.8461
941 16290 2.57525 24.8628
941 16290 2.57525 24.8794
940 16290 2.57525 24.8961
940 16290 2.57525 24.9128
940 16290 2.57525 24.9294
940 16290 2.57525 24.9461
940 16290 2.57525 24.9628
940 16290 2.57525 24.9794
940 16290 2.57525 24.9961
940 16290 2.57525 25.0128
940 16290 2.57525 25.0294
940 16290 2.57525 25.0461
940 16290 2.57525 25.0628
940 16290 2.57525 25.0794
940 16290 2.57525 25.0961
940 16290 2.57525 25.1128
940 16290 2.57525 25.1294
940 16290 2.57525 25.1461
940 16290 2.57525 25.1628
940 16290 2.57525 25.1794
940 16290 2.57525 25.1961
940 16290 2.57525 25.2128
940 16290 2.57525 25.2294
936 16290 2.57525 25.2461
934 16290 2.57525 25.2628
933 16290 2.57525 25.2794
931 16290 2.57525 25.2961
931 16290 2.57525 25.3128
931 16290 2.57525 25.3294
928 16290 2.57525 25.3461
928 16290 2.57525 25.3628
928 16290 2.57525 25.3794
927 16290 2.57525 25.3961
927 16290 2.57525 25.4128
927 16290 2.57525 25.4294
927 16290 2.57525 25.4461
927 16290 2.57525 25.4628
927 16290 2.57525 25.4794
927 16290 2.57525 25.4961
927 16290 2.57525 25.5128
927 16290 2.57525 25.5294
927 16290 2.57525 25.5461
927 16290 2.57525 25.5628
927 16290 2.57525 25.5794
927 16290 2.57525 25.5961
927 16290 2.57525 25.6128
927 16290 2.57525 25.6294
927 16290 2.57525 25.6461
927 16290 2.57525 25.6628
927 16290 2.57525 25.6794
927 16290 2.57525 25.6961
927 16290 2.57525 25.7128
927 16290 2.57525 25.7294
926 16290 2.57525 25.7461
923 16290 2.57525 25.7628
922 16290 2.57525 25.7794
922 16290 2.57525 25.7961
922 16290 2.57525 25.8128
922 16290 2.57525 25.8294
920 16290 2.57525 25.8461
920 16290 2.57525 25.8628
919 16290 2.57525 25.8794
919 16290 2.57525 25.8961
919 16290 2.57525 25.9128
919 16290 2.57525 25.9294
919 16290 2.57525 25.9461
919 16290 2.57525 25.9628
919 16290 2.57525 25.9794
915 16290 2.57525 25.9961
915 16290 2.57525 26.0128
914 16290 2.57525 26.0294
914 16290 2.57525 26.0461
914 16290 2.57525 26.0628
913 16290 2.57525 26.0794
913 16290 2.57525 26.0961
913 16290 2.57525 26.1128
913 16290 2.57525 26.1294
913 16290 2.57525 26.1461
913 16290 2.57525 26.1628
913 16290 2.57525 26.1794
913 16290 2.57525 26.1961
913 16290 2.57525 26.2127
913 16290 2.57525 26.2294
913 16290 2.57525 26.2461
913 16290 2.57525 26.2627
913 16290 2.57525 26.2794
913 16290 2.57525 26.2961
913 16290 2.57525 26.3127
913 16290 2.57525 26.3294
913 16290 2.57525 26.3461
913 16290 2.57525 26.3627
913 16290 2.57525 26.3794
913 16290 2.57525 26.3961
913 16290 2.57525 26.4127
913 16290 2.57525 26.4294
