12262 10677 0.00244333 0.00394058
12057 10677 0.00244333 0.0206072
11916 10677 0.00244333 0.0372739
11912 10677 0.00244333 0.0539405
11912 10677 0.00244333 0.0706072
11912 10677 0.00244333 0.0872738
11703 10677 0.00244333 0.10394
11567 10677 0.00244333 0.120607
11562 10677 0.00244333 0.137274
11562 10677 0.00244333 0.15394
11562 10677 0.00244333 0.170607
11357 10677 0.00244333 0.187274
11216 10677 0.00244333 0.20394
11212 10677 0.00244333 0.220607
11212 10677 0.00244333 0.237274
11212 10677 0.00244333 0.25394
11013 10677 0.00244333 0.270607
10865 10677 0.00244333 0.287274
10862 10677 0.00244333 0.30394
10862 10677 0.00244333 0.320607
10861 10677 0.00244333 0.337274
10655 10677 0.00244333 0.35394
10514 10677 0.00244333 0.370607
10512 10677 0.00244333 0.387274
10512 10677 0.00244333 0.40394
10512 10677 0.00244333 0.420607
10313 10677 0.00244333 0.437274
10163 10677 0.00244333 0.45394
10162 10677 0.00244333 0.470607
10162 10677 0.00244333 0.487273
10162 10677 0.00244333 0.50394
9961 10677 0.00244333 0.520607
9815 10677 0.00244333 0.537273
9812 10677 0.00244333 0.55394
9812 10677 0.00244333 0.570607
9812 10677 0.00244333 0.587273
9812 10677 0.00244333 0.60394
9812 10677 0.00244333 0.620607
9812 10677 0.00244333 0.637273
9812 10677 0.00244333 0.65394
9812 10677 0.00244333 0.670607
9812 10677 0.00244333 0.687274
9812 10677 0.00244333 0.703941
9812 10677 0.00244333 0.720608
9812 10677 0.00244333 0.737274
9812 10677 0.00244333 0.753941
9812 10677 0.00244333 0.770608
9812 10677 0.00244333 0.787275
9812 10677 0.00244333 0.803942
9812 10677 0.00244333 0.820609
9812 10677 0.00244333 0.837276
9812 10677 0.00244333 0.853943
9812 10677 0.00244333 0.87061
9812 10677 0.00244333 0.887276
9812 10677 0.00244333 0.903943
9812 10677 0.00488665 0.92061
9812 10677 0.00732998 0.937277
9812 10677 0.0097733 0.953944
9812 10677 0.0122166 0.970611
9812 10677 0.0146599 0.987278
9812 10677 0.0171033 1.00394
9812 10677 0.0195466 1.02061
9812 10677 0.0219899 1.03728
9812 10677 0.0244332 1.05395
9812 10677 0.0268766 1.07061
9812 10677 0.0293199 1.08728
9812 10677 0.0317632 1.10395
9812 10677 0.0342066 1.12061
9812 10677 0.0366499 1.13728
9812 10677 0.0390932 1.15395
9812 10677 0.0415365 1.17061
9812 10677 0.0439798 1.18728
9812 10677 0.0464232 1.20395
9812 10677 0.0488665 1.22061
9812 10677 0.0513098 1.23728
9812 10677 0.0537531 1.25395
9812 10677 0.0561965 1.27061
9812 10677 0.0586398 1.28728
9812 10677 0.0610831 1.30395
9812 10677 0.0635265 1.32062
9812 10677 0.0659698 1.33728
9812 10677 0.0684131 1.35395
9812 10677 0.0708564 1.37062
9812 10677 0.0732998 1.38728
9812 10677 0.0757431 1.40395
9812 10677 0.0781864 1.42062
9812 10677 0.0806298 1.43728
9812 10677 0.0830731 1.45395
9812 10677 0.0855164 1.47062
9812 10677 0.0879597 1.48728
9812 10677 0.0904031 1.50395
9812 10677 0.0928464 1.52062
9812 10677 0.0952897 1.53729
9812 10677 0.0977331 1.55395
9812 10677 0.100176 1.57062
9812 10677 0.10262 1.58729
9812 10677 0.105063 1.60395
9812 10677 0.107506 1.62062
9812 10677 0.10995 1.63729
9812 10677 0.112393 1.65395
9812 10677 0.114836 1.67062
9812 10677 0.11728 1.68729
9812 10677 0.119723 1.70395
9812 10677 0.122166 1.72062
9812 10677 0.12461 1.73729
9812 10677 0.127053 1.75395
9812 10677 0.129496 1.77062
9812 10677 0.13194 1.78729
9812 10677 0.134383 1.80396
9812 10677 0.136826 1.82062
9812 10677 0.13927 1.83729
9812 10677 0.141713 1.85396
9812 10677 0.144156 1.87062
9812 10677 0.1466 1.88729
9812 10677 0.149043 1.90396
9812 10677 0.151486 1.92062
9812 10677 0.15393 1.93729
9812 10677 0.156373 1.95396
9812 10677 0.158816 1.97062
9812 10677 0.16126 1.98729
9812 10677 0.163703 2.00396
9812 10677 0.166146 2.02062
9812 10677 0.16859 2.03729
9812 10677 0.171033 2.05396
9812 10677 0.173476 2.07063
9812 10677 0.17592 2.08729
9812 10677 0.178363 2.10396
9812 10677 0.180806 2.12063
9812 10677 0.18325 2.13729
9812 10677 0.185693 2.15396
9812 10677 0.188136 2.17063
9812 10677 0.19058 2.18729
9812 10677 0.193023 2.20396
9812 10677 0.195466 2.22063
9812 10677 0.19791 2.23729
9812 10677 0.200353 2.25396
9812 10677 0.202796 2.27063
9812 10677 0.20524 2.2873
9812 10677 0.207683 2.30396
9812 10677 0.210126 2.32063
9812 10677 0.212569 2.3373
9812 10677 0.215013 2.35396
9812 10677 0.217456 2.37063
9812 10677 0.219899 2.3873
9812 10677 0.222343 2.40396
9812 10677 0.224786 2.42063
9812 10677 0.227229 2.4373
9812 10677 0.229673 2.45396
9812 10677 0.232116 2.47063
9812 10677 0.234559 2.4873
9812 10677 0.237003 2.50396
9812 10677 0.239446 2.52063
9812 10677 0.241889 2.5373
9812 10677 0.244333 2.55397
9812 10677 0.246776 2.57063
9812 10677 0.249219 2.5873
9812 10677 0.251663 2.60397
9812 10677 0.254106 2.62063
9812 10677 0.256549 2.6373
9812 10677 0.258993 2.65397
9812 10677 0.261436 2.67063
9812 10677 0.263879 2.6873
9812 10677 0.266323 2.70397
9812 10677 0.268766 2.72063
9812 10677 0.271209 2.7373
9812 10677 0.273653 2.75397
9812 10677 0.276096 2.77063
9812 10677 0.278539 2.7873
9812 10677 0.280982 2.80397
9812 10677 0.283426 2.82064
9812 10677 0.285869 2.8373
9812 10677 0.288312 2.85397
9812 10677 0.290756 2.87064
9812 10677 0.293199 2.8873
9812 10677 0.295642 2.90397
9812 10677 0.298086 2.92064
9812 10677 0.300529 2.9373
9812 10677 0.302972 2.95397
9812 10677 0.305416 2.97064
9812 10677 0.307859 2.9873
9812 10677 0.310302 3.00397
9812 10677 0.312746 3.02064
9812 10677 0.315189 3.03731
9812 10677 0.317632 3.05397
9812 10677 0.320076 3.07064
9812 10677 0.322519 3.08731
9812 10677 0.324962 3.10397
9812 10677 0.327405 3.12064
9812 10677 0.329849 3.13731
9812 10677 0.332292 3.15397
9812 10677 0.334735 3.17064
9812 10677 0.337179 3.18731
9812 10677 0.339622 3.20397
9812 10677 0.342065 3.22064
9812 10677 0.344509 3.23731
9812 10677 0.346952 3.25397
9812 10677 0.349395 3.27064
9812 10677 0.351839 3.28731
9812 10677 0.354282 3.30398
9812 10677 0.356725 3.32064
9812 10677 0.359169 3.33731
9812 10677 0.361612 3.35398
9812 10677 0.364055 3.37064
9812 10677 0.366498 3.38731
9812 10677 0.368942 3.40398
9812 10677 0.371385 3.42064
9812 10677 0.373828 3.43731
9812 10677 0.376272 3.45398
9812 10677 0.378715 3.47064
9812 10677 0.381158 3.48731
9812 10677 0.383602 3.50398
9812 10677 0.386045 3.52064
9812 10677 0.388488 3.53731
9812 10677 0.390932 3.55398
9812 10677 0.393375 3.57065
9812 10677 0.395818 3.58731
9812 10677 0.398262 3.60398
9812 10677 0.400705 3.62065
9812 10677 0.403148 3.63731
9812 10677 0.405591 3.65398
9812 10677 0.408035 3.67065
9812 10677 0.410478 3.68731
9812 10677 0.412921 3.70398
9812 10677 0.415365 3.72065
9812 10677 0.417808 3.73731
9812 10677 0.420251 3.75398
9812 10677 0.422695 3.77065
9812 10677 0.425138 3.78732
9812 10677 0.427581 3.80398
9812 10677 0.430025 3.82065
9812 10677 0.432468 3.83732
9812 10677 0.434911 3.85398
9812 10677 0.437355 3.87065
9812 10677 0.439798 3.88732
9812 10677 0.442241 3.90398
9812 10677 0.444685 3.92065
9812 10677 0.447128 3.93732
9812 10677 0.449571 3.95398
9812 10677 0.452014 3.97065
9812 10677 0.454458 3.98732
9812 10677 0.456901 4.00398
9812 10677 0.459344 4.02065
9812 10677 0.461788 4.03732
9812 10677 0.464231 4.05399
9812 10677 0.466674 4.07065
9812 10677 0.469118 4.08732
9812 10677 0.471561 4.10399
9812 10677 0.474004 4.12065
9812 10677 0.476448 4.13732
9812 10677 0.478891 4.15399
9812 10677 0.481334 4.17065
9812 10677 0.483778 4.18732
9812 10677 0.486221 4.20399
9812 10677 0.488664 4.22065
9812 10677 0.491107 4.23732
9812 10677 0.493551 4.25399
9812 10677 0.495994 4.27065
9812 10677 0.498437 4.28732
9812 10677 0.500881 4.30399
9812 10677 0.503324 4.32066
9812 10677 0.505767 4.33732
9812 10677 0.508211 4.35399
9812 10677 0.510654 4.37066
9812 10677 0.513097 4.38732
9812 10677 0.515541 4.40399
9812 10677 0.517984 4.42066
9812 10677 0.520427 4.43732
9812 10677 0.522871 4.45399
9812 10677 0.525314 4.47066
9812 10677 0.527757 4.48732
9812 10677 0.5302 4.50399
9812 10677 0.532644 4.52066
9812 10677 0.535087 4.53732
9812 10677 0.53753 4.55399
9812 10677 0.539974 4.57066
9812 10677 0.542417 4.58733
9812 10677 0.54486 4.60399
9812 10677 0.547304 4.62066
9812 10677 0.549747 4.63733
9812 10677 0.55219 4.65399
9812 10677 0.554634 4.67066
9812 10677 0.557077 4.68733
9812 10677 0.55952 4.70399
9812 10677 0.561964 4.72066
9812 10677 0.564407 4.73732
9812 10677 0.56685 4.75399
9812 10677 0.569293 4.77066
9812 10677 0.571737 4.78732
9812 10677 0.57418 4.80399
9812 10677 0.576623 4.82066
9812 10677 0.579067 4.83732
9812 10677 0.58151 4.85399
9812 10677 0.583953 4.87066
9812 10677 0.586397 4.88732
9812 10677 0.58884 4.90399
9812 10677 0.591283 4.92066
9812 10677 0.593727 4.93732
9812 10677 0.59617 4.95399
9812 10677 0.598613 4.97065
9812 10677 0.601057 4.98732
9812 10677 0.6035 5.00399
9812 10677 0.605943 5.02065
9812 10677 0.608387 5.03732
9812 10677 0.61083 5.05399
9812 10677 0.613273 5.07065
9812 10677 0.615716 5.08732
9812 10677 0.61816 5.10399
9812 10677 0.620603 5.12065
9812 10677 0.623046 5.13732
9812 10677 0.62549 5.15399
9812 10677 0.627933 5.17065
9812 10677 0.630376 5.18732
9812 10677 0.63282 5.20398
9812 10677 0.635263 5.22065
9812 10677 0.637706 5.23732
9812 10677 0.64015 5.25398
9812 10677 0.642593 5.27065
9812 10677 0.645036 5.28732
9812 10677 0.64748 5.30398
9812 10677 0.649923 5.32065
9812 10677 0.652366 5.33732
9812 10677 0.654809 5.35398
9812 10677 0.657253 5.37065
9812 10677 0.659696 5.38731
9812 10677 0.662139 5.40398
9812 10677 0.664583 5.42065
9812 10677 0.667026 5.43731
9812 10677 0.669469 5.45398
9812 10677 0.671913 5.47065
9812 10677 0.674356 5.48731
9812 10677 0.676799 5.50398
9812 10677 0.679243 5.52065
9812 10677 0.681686 5.53731
9812 10677 0.684129 5.55398
9812 10677 0.686573 5.57065
9812 10677 0.689016 5.58731
9812 10677 0.691459 5.60398
9812 10677 0.693902 5.62064
9812 10677 0.696346 5.63731
9812 10677 0.698789 5.65398
9812 10677 0.701232 5.67064
9812 10677 0.703676 5.68731
9812 10677 0.706119 5.70398
9812 10677 0.708562 5.72064
9812 10677 0.711006 5.73731
9812 10677 0.713449 5.75398
9812 10677 0.715892 5.77064
9812 10677 0.718336 5.78731
9812 10677 0.720779 5.80398
9812 10677 0.723222 5.82064
9812 10677 0.725666 5.83731
9812 10677 0.728109 5.85397
9812 10677 0.730552 5.87064
9812 10677 0.732996 5.88731
9812 10677 0.735439 5.90397
9812 10677 0.737882 5.92064
9812 10677 0.740325 5.93731
9812 10677 0.742769 5.95397
9812 10677 0.745212 5.97064
9812 10677 0.747655 5.98731
9812 10677 0.750099 6.00397
9812 10677 0.752542 6.02064
9812 10677 0.754985 6.0373
9812 10677 0.757429 6.05397
9812 10677 0.759872 6.07064
9812 10677 0.762315 6.0873
9812 10677 0.764759 6.10397
9812 10677 0.767202 6.12064
9812 10677 0.769645 6.1373
9812 10677 0.772089 6.15397
9812 10677 0.774532 6.17064
9812 10677 0.776975 6.1873
9812 10677 0.779418 6.20397
9812 10677 0.781862 6.22064
9812 10677 0.784305 6.2373
9812 10677 0.786748 6.25397
9812 10677 0.789192 6.27063
9812 10677 0.791635 6.2873
9812 10677 0.794078 6.30397
9812 10677 0.796522 6.32063
9812 10677 0.798965 6.3373
9812 10677 0.801408 6.35397
9812 10677 0.803852 6.37063
9812 10677 0.806295 6.3873
9812 10677 0.808738 6.40397
9812 10677 0.811182 6.42063
9812 10677 0.813625 6.4373
9812 10677 0.816068 6.45397
9812 10677 0.818511 6.47063
9812 10677 0.820955 6.4873
9812 10677 0.823398 6.50396
9812 10677 0.825841 6.52063
9812 10677 0.828285 6.5373
9812 10677 0.830728 6.55396
9812 10677 0.833171 6.57063
9812 10677 0.835615 6.5873
9812 10677 0.838058 6.60396
9812 10677 0.840501 6.62063
9812 10677 0.842945 6.6373
9812 10677 0.845388 6.65396
9812 10677 0.847831 6.67063
9812 10677 0.850275 6.68729
9812 10677 0.852718 6.70396
9812 10677 0.855161 6.72063
9812 10677 0.857605 6.73729
9812 10677 0.860048 6.75396
9812 10677 0.862491 6.77063
9812 10677 0.864934 6.78729
9812 10677 0.867378 6.80396
9812 10677 0.869821 6.82063
9812 10677 0.872264 6.83729
9812 10677 0.874708 6.85396
9812 10677 0.877151 6.87063
9812 10677 0.879594 6.88729
9812 10677 0.882038 6.90396
9812 10677 0.884481 6.92062
9812 10677 0.886924 6.93729
9812 10677 0.889368 6.95396
9812 10677 0.891811 6.97062
9812 10677 0.894254 6.98729
9812 10677 0.896698 7.00396
9812 10677 0.899141 7.02062
9812 10677 0.901584 7.03729
9812 10677 0.904027 7.05396
9812 10677 0.906471 7.07062
9812 10677 0.908914 7.08729
9811 10677 0.911357 7.10396
9811 10677 0.913801 7.12062
9811 10677 0.916244 7.13729
9811 10677 0.918687 7.15395
9811 10677 0.921131 7.17062
9810 10677 0.923574 7.18729
9810 10677 0.926017 7.20395
9810 10677 0.928461 7.22062
9810 10677 0.930904 7.23729
9810 10677 0.933347 7.25395
9808 10677 0.935791 7.27062
9806 10677 0.938234 7.28729
9804 10677 0.940677 7.30395
9803 10677 0.94312 7.32062
9802 10677 0.945564 7.33729
9802 10677 0.948007 7.35395
9801 10677 0.95045 7.37062
9800 10677 0.952894 7.38728
9798 10677 0.955337 7.40395
9796 10677 0.95778 7.42062
9794 10677 0.960224 7.43728
9792 10677 0.962667 7.45395
9790 10677 0.96511 7.47062
9787 10677 0.967554 7.48728
9785 10677 0.969997 7.50395
9781 10677 0.97244 7.52062
9779 10677 0.974884 7.53728
9775 10677 0.977327 7.55395
9772 10677 0.97977 7.57061
9771 10677 0.982213 7.58728
9765 10677 0.984657 7.60395
9760 10677 0.9871 7.62061
9757 10677 0.989543 7.63728
9755 10677 0.991987 7.65395
9749 10677 0.99443 7.67061
9745 10677 0.996873 7.68728
9736 10677 0.999317 7.70395
9735 10677 1.00176 7.72061
9730 10677 1.0042 7.73728
9723 10677 1.00665 7.75395
9719 10677 1.00909 7.77061
9711 10677 1.01153 7.78728
9706 10677 1.01398 7.80394
9700 10677 1.01642 7.82061
9694 10677 1.01886 7.83728
9687 10677 1.02131 7.85394
9682 10677 1.02375 7.87061
9672 10677 1.02619 7.88728
9665 10677 1.02864 7.90394
9661 10677 1.03108 7.92061
9650 10677 1.03352 7.93728
9644 10677 1.03597 7.95394
9636 10677 1.03841 7.97061
9626 10677 1.04085 7.98728
9619 10677 1.0433 8.00394
9610 10677 1.04574 8.02061
9599 10677 1.04818 8.03727
9589 10677 1.05063 8.05394
9581 10677 1.05307 8.07061
9574 10677 1.05551 8.08727
9563 10677 1.05796 8.10394
9555 10677 1.0604 8.12061
9539 10677 1.06284 8.13727
9530 10677 1.06529 8.15394
9523 10677 1.06773 8.17061
9512 10677 1.07017 8.18727
9500 10677 1.07262 8.20394
9484 10677 1.07506 8.2206
9477 10677 1.0775 8.23727
9465 10677 1.07995 8.25394
9452 10677 1.08239 8.2706
9441 10677 1.08483 8.28727
9431 10677 1.08728 8.30394
9418 10677 1.08972 8.3206
9404 10677 1.09216 8.33727
9392 10677 1.09461 8.35394
9381 10677 1.09705 8.3706
9368 10677 1.09949 8.38727
9354 10677 1.10194 8.40394
9339 10677 1.10438 8.4206
9318 10677 1.10682 8.43727
9310 10677 1.10927 8.45393
9299 10677 1.11171 8.4706
9286 10677 1.11415 8.48727
9265 10677 1.1166 8.50393
9253 10677 1.11904 8.5206
9235 10677 1.12148 8.53727
9217 10677 1.12393 8.55393
9203 10677 1.12637 8.5706
9185 10677 1.12881 8.58727
9174 10677 1.13126 8.60393
9159 10677 1.1337 8.6206
9144 10677 1.13614 8.63727
9125 10677 1.13859 8.65393
9113 10677 1.14103 8.6706
9093 10677 1.14347 8.68726
9077 10677 1.14592 8.70393
9059 10677 1.14836 8.7206
9043 10677 1.1508 8.73726
9030 10677 1.15325 8.75393
9006 10677 1.15569 8.7706
8990 10677 1.15813 8.78726
8970 10677 1.16058 8.80393
8950 10677 1.16302 8.8206
8931 10677 1.16546 8.83726
8914 10677 1.16791 8.85393
8894 10677 1.17035 8.87059
8880 10677 1.17279 8.88726
8860 10677 1.17524 8.90393
8840 10677 1.17768 8.92059
8820 10677 1.18012 8.93726
8801 10677 1.18257 8.95393
8782 10677 1.18501 8.97059
8759 10677 1.18745 8.98726
8735 10677 1.1899 9.00393
8717 10677 1.19234 9.02059
8693 10677 1.19478 9.03726
8670 10677 1.19723 9.05393
8660 10677 1.19967 9.07059
8634 10677 1.20211 9.08726
8611 10677 1.20456 9.10392
8595 10677 1.207 9.12059
8575 10677 1.20944 9.13726
8550 10677 1.21188 9.15392
8530 10677 1.21433 9.17059
8507 10677 1.21677 9.18726
8484 10677 1.21921 9.20392
8467 10677 1.22166 9.22059
8444 10677 1.2241 9.23726
8422 10677 1.22654 9.25392
8396 10677 1.22899 9.27059
8374 10677 1.23143 9.28726
8347 10677 1.23387 9.30392
8324 10677 1.23632 9.32059
8302 10677 1.23876 9.33725
8279 10677 1.2412 9.35392
8261 10677 1.24365 9.37059
8232 10677 1.24609 9.38725
8212 10677 1.24853 9.40392
8186 10677 1.25098 9.42059
8171 10677 1.25342 9.43725
8142 10677 1.25586 9.45392
8110 10677 1.25831 9.47059
8084 10677 1.26075 9.48725
8061 10677 1.26319 9.50392
8037 10677 1.26564 9.52059
8016 10677 1.26808 9.53725
7994 10677 1.27052 9.55392
7970 10677 1.27297 9.57058
7942 10677 1.27541 9.58725
7919 10677 1.27785 9.60392
7896 10677 1.2803 9.62058
7870 10677 1.28274 9.63725
7845 10677 1.28518 9.65392
7820 10677 1.28763 9.67058
7793 10677 1.29007 9.68725
7768 10677 1.29251 9.70392
7741 10677 1.29496 9.72058
7711 10677 1.2974 9.73725
7689 10677 1.29984 9.75391
7658 10677 1.30229 9.77058
7623 10677 1.30473 9.78725
7603 10677 1.30717 9.80391
7566 10677 1.30962 9.82058
7544 10677 1.31206 9.83725
7516 10677 1.3145 9.85391
7493 10677 1.31695 9.87058
7458 10677 1.31939 9.88725
7430 10677 1.32183 9.90391
7400 10677 1.32428 9.92058
7369 10677 1.32672 9.93725
7345 10677 1.32916 9.95391
7314 10677 1.33161 9.97058
7284 10677 1.33405 9.98724
7249 10677 1.33649 10.0039
7229 10677 1.33894 10.0206
7190 10677 1.34138 10.0372
7164 10677 1.34382 10.0539
7142 10677 1.34627 10.0706
7108 10677 1.34871 10.0872
7081 10677 1.35115 10.1039
7048 10677 1.3536 10.1206
7015 10677 1.35604 10.1372
6989 10677 1.35848 10.1539
6955 10677 1.36093 10.1706
6927 10677 1.36337 10.1872
6893 10677 1.36581 10.2039
6864 10677 1.36826 10.2206
6828 10677 1.3707 10.2372
6798 10677 1.37314 10.2539
6771 10677 1.37559 10.2706
6744 10677 1.37803 10.2872
6707 10677 1.38047 10.3039
6681 10677 1.38292 10.3206
6655 10677 1.38536 10.3372
6613 10677 1.3878 10.3539
6589 10677 1.39025 10.3706
6558 10677 1.39269 10.3872
6521 10677 1.39513 10.4039
6490 10677 1.39758 10.4206
6459 10677 1.40002 10.4372
6428 10677 1.40246 10.4539
6401 10677 1.40491 10.4706
6365 10677 1.40735 10.4872
6333 10677 1.40979 10.5039
6307 10677 1.41224 10.5206
6265 10677 1.41468 10.5372
6238 10677 1.41712 10.5539
6205 10677 1.41957 10.5706
6172 10677 1.42201 10.5872
6144 10677 1.42445 10.6039
6110 10677 1.4269 10.6206
6087 10677 1.42934 10.6372
6046 10677 1.43178 10.6539
6012 10677 1.43423 10.6706
5988 10677 1.43667 10.6872
5953 10677 1.43911 10.7039
5918 10677 1.44156 10.7206
5885 10677 1.444 10.7372
5855 10677 1.44644 10.7539
5822 10677 1.44889 10.7706
5789 10677 1.45133 10.7872
5763 10677 1.45377 10.8039
5731 10677 1.45622 10.8206
5696 10677 1.45866 10.8372
5670 10677 1.4611 10.8539
5636 10677 1.46355 10.8706
5601 10677 1.46599 10.8872
5568 10677 1.46843 10.9039
5536 10677 1.47088 10.9206
5509 10677 1.47332 10.9372
5474 10677 1.47576 10.9539
5442 10677 1.47821 10.9706
5415 10677 1.48065 10.9872
5374 10677 1.48309 11.0039
5353 10677 1.48554 11.0206
5313 10677 1.48798 11.0372
5286 10677 1.49042 11.0539
5254 10677 1.49287 11.0706
5222 10677 1.49531 11.0872
5187 10677 1.49775 11.1039
5162 10677 1.5002 11.1206
5126 10677 1.50264 11.1372
5096 10677 1.50508 11.1539
5067 10677 1.50753 11.1706
5039 10677 1.50997 11.1872
5008 10677 1.51241 11.2039
4974 10677 1.51486 11.2206
4946 10677 1.5173 11.2372
4913 10677 1.51974 11.2539
4885 10677 1.52219 11.2706
4851 10677 1.52463 11.2872
4820 10677 1.52707 11.3039
4793 10677 1.52952 11.3206
4754 10677 1.53196 11.3372
4732 10677 1.5344 11.3539
4698 10677 1.53685 11.3706
4669 10677 1.53929 11.3872
4635 10677 1.54173 11.4039
4605 10677 1.54418 11.4206
4579 10677 1.54662 11.4372
4540 10677 1.54906 11.4539
4518 10677 1.55151 11.4706
4490 10677 1.55395 11.4872
4457 10677 1.55639 11.5039
4423 10677 1.55884 11.5206
4396 10677 1.56128 11.5372
4369 10677 1.56372 11.5539
4337 10677 1.56617 11.5706
4306 10677 1.56861 11.5872
4273 10677 1.57105 11.6039
4247 10677 1.5735 11.6206
4217 10677 1.57594 11.6372
4194 10677 1.57838 11.6539
4159 10677 1.58083 11.6706
4130 10677 1.58327 11.6872
4103 10677 1.58571 11.7039
4072 10677 1.58816 11.7206
4041 10677 1.5906 11.7372
4014 10677 1.59304 11.7539
3986 10677 1.59549 11.7706
3959 10677 1.59793 11.7872
3924 10677 1.60037 11.8039
3897 10677 1.60282 11.8205
3872 10677 1.60526 11.8372
3840 10677 1.6077 11.8539
3816 10677 1.61015 11.8705
3783 10677 1.61259 11.8872
3753 10677 1.61503 11.9039
3725 10677 1.61748 11.9205
3695 10677 1.61992 11.9372
3673 10677 1.62236 11.9539
3638 10677 1.6248 11.9705
3604 10677 1.62725 11.9872
3582 10677 1.62969 12.0039
3556 10677 1.63213 12.0205
3529 10677 1.63458 12.0372
3494 10677 1.63702 12.0539
3467 10677 1.63946 12.0705
3442 10677 1.64191 12.0872
3407 10677 1.64435 12.1039
3381 10677 1.64679 12.1205
3351 10677 1.64924 12.1372
3323 10677 1.65168 12.1539
3293 10677 1.65412 12.1705
3267 10677 1.65657 12.1872
3235 10677 1.65901 12.2039
3201 10677 1.66145 12.2205
3176 10677 1.6639 12.2372
3148 10677 1.66634 12.2539
3114 10677 1.66878 12.2705
3089 10677 1.67123 12.2872
3056 10677 1.67367 12.3039
3027 10677 1.67611 12.3205
3000 10677 1.67856 12.3372
2970 10677 1.681 12.3539
2939 10677 1.68344 12.3705
2907 10677 1.68589 12.3872
2877 10677 1.68833 12.4039
2847 10677 1.69077 12.4205
2818 10677 1.69322 12.4372
2791 10677 1.69566 12.4539
2762 10677 1.6981 12.4705
2730 10677 1.70055 12.4872
2701 10677 1.70299 12.5039
2670 10677 1.70543 12.5205
2636 10677 1.70788 12.5372
2612 10677 1.71032 12.5539
2575 10677 1.71276 12.5705
2548 10677 1.71521 12.5872
2515 10677 1.71765 12.6039
2485 10677 1.72009 12.6205
2457 10677 1.72254 12.6372
2424 10677 1.72498 12.6539
2393 10677 1.72742 12.6705
2367 10677 1.72987 12.6872
2337 10677 1.73231 12.7039
2307 10677 1.73475 12.7205
2280 10677 1.7372 12.7372
2246 10677 1.73964 12.7539
2216 10677 1.74208 12.7705
2195 10677 1.74453 12.7872
2163 10677 1.74697 12.8039
2136 10677 1.74941 12.8205
2106 10677 1.75186 12.8372
2081 10677 1.7543 12.8539
2049 10677 1.75674 12.8705
2026 10677 1.75919 12.8872
1996 10677 1.76163 12.9039
1969 10677 1.76407 12.9205
1944 10677 1.76652 12.9372
1913 10677 1.76896 12.9539
1889 10677 1.7714 12.9705
1867 10677 1.77385 12.9872
1845 10677 1.77629 13.0039
1820 10677 1.77873 13.0205
1792 10677 1.78118 13.0372
1769 10677 1.78362 13.0539
1745 10677 1.78606 13.0705
1719 10677 1.78851 13.0872
1698 10677 1.79095 13.1039
1668 10677 1.79339 13.1205
1645 10677 1.79584 13.1372
1622 10677 1.79828 13.1539
1593 10677 1.80072 13.1705
1573 10677 1.80317 13.1872
1545 10677 1.80561 13.2039
1524 10677 1.80805 13.2205
1499 10677 1.8105 13.2372
1475 10677 1.81294 13.2539
1455 10677 1.81538 13.2705
1430 10677 1.81783 13.2872
1408 10677 1.82027 13.3039
1383 10677 1.82271 13.3205
1361 10677 1.82516 13.3372
1338 10677 1.8276 13.3539
1314 10677 1.83004 13.3705
1293 10677 1.83249 13.3872
1274 10677 1.83493 13.4039
1253 10677 1.83737 13.4205
1234 10677 1.83982 13.4372
1205 10677 1.84226 13.4539
1188 10677 1.8447 13.4705
1168 10677 1.84715 13.4872
1145 10677 1.84959 13.5039
1126 10677 1.85203 13.5205
1110 10677 1.85448 13.5372
1087 10677 1.85692 13.5539
1066 10677 1.85936 13.5705
1049 10677 1.86181 13.5872
1026 10677 1.86425 13.6039
1006 10677 1.86669 13.6205
988 10677 1.86914 13.6372
969 10677 1.87158 13.6539
948 10677 1.87402 13.6705
930 10677 1.87647 13.6872
909 10677 1.87891 13.7039
893 10677 1.88135 13.7205
876 10677 1.8838 13.7372
859 10677 1.88624 13.7539
844 10677 1.88868 13.7705
823 10677 1.89113 13.7872
809 10677 1.89357 13.8039
790 10677 1.89601 13.8205
772 10677 1.89846 13.8372
756 10677 1.9009 13.8539
741 10677 1.90334 13.8705
724 10677 1.90579 13.8872
703 10677 1.90823 13.9039
689 10677 1.91067 13.9205
675 10677 1.91312 13.9372
658 10677 1.91556 13.9539
642 10677 1.918 13.9705
628 10677 1.92045 13.9872
613 10677 1.92289 14.0038
597 10677 1.92533 14.0205
584 10677 1.92778 14.0372
569 10677 1.93022 14.0538
556 10677 1.93266 14.0705
543 10677 1.93511 14.0872
529 10677 1.93755 14.1038
517 10677 1.93999 14.1205
505 10677 1.94244 14.1372
492 10677 1.94488 14.1538
478 10677 1.94732 14.1705
467 10677 1.94977 14.1872
456 10677 1.95221 14.2038
444 10677 1.95465 14.2205
432 10677 1.9571 14.2372
420 10677 1.95954 14.2538
409 10677 1.96198 14.2705
399 10677 1.96443 14.2872
386 10677 1.96687 14.3038
374 10677 1.96931 14.3205
366 10677 1.97176 14.3372
354 10677 1.9742 14.3538
345 10677 1.97664 14.3705
332 10677 1.97909 14.3872
323 10677 1.98153 14.4038
315 10677 1.98397 14.4205
305 10677 1.98642 14.4372
295 10677 1.98886 14.4538
285 10677 1.9913 14.4705
278 10677 1.99375 14.4872
268 10677 1.99619 14.5038
258 10677 1.99863 14.5205
249 10677 2.00108 14.5372
242 10677 2.00352 14.5538
232 10677 2.00596 14.5705
224 10677 2.00841 14.5872
217 10677 2.01085 14.6038
209 10677 2.01329 14.6205
200 10677 2.01574 14.6372
193 10677 2.01818 14.6538
185 10677 2.02062 14.6705
177 10677 2.02307 14.6872
171 10677 2.02551 14.7038
162 10677 2.02795 14.7205
155 10677 2.0304 14.7372
148 10677 2.03284 14.7538
140 10677 2.03528 14.7705
132 10677 2.03772 14.7872
125 10677 2.04017 14.8038
118 10677 2.04261 14.8205
113 10677 2.04505 14.8372
105 10677 2.0475 14.8538
101 10677 2.04994 14.8705
94 10677 2.05238 14.8872
86 10677 2.05483 14.9038
81 10677 2.05727 14.9205
76 10677 2.05971 14.9372
69 10677 2.06216 14.9538
64 10677 2.0646 14.9705
59 10677 2.06704 14.9872
54 10677 2.06949 15.0038
50 10677 2.07193 15.0205
47 10677 2.07437 15.0372
43 10677 2.07682 15.0538
37 10677 2.07926 15.0705
34 10677 2.0817 15.0872
30 10677 2.08415 15.1038
26 10677 2.08659 15.1205
21 10677 2.08903 15.1372
19 10677 2.09148 15.1538
14 10677 2.09392 15.1705
12 10677 2.09636 15.1872
10 10677 2.09881 15.2038
8 10677 2.10125 15.2205
6 10677 2.10369 15.2372
4 10677 2.10614 15.2538
1 10677 2.10858 15.2705
1 10677 2.11102 15.2872
0 10677 2.11347 15.3038
0 10677 2.11591 15.3205
0 10677 2.11835 15.3372
0 10677 2.1208 15.3538
0 10677 2.12324 15.3705
0 10677 2.12568 15.3872
0 10677 2.12813 15.4038
0 10677 2.13057 15.4205
0 10677 2.13301 15.4372
0 10677 2.13546 15.4538
0 10677 2.1379 15.4705
0 10677 2.14034 15.4872
0 10677 2.14279 15.5038
0 10677 2.14523 15.5205
0 10677 2.14767 15.5372
0 10677 2.15012 15.5538
0 10677 2.15256 15.5705
0 10677 2.155 15.5872
0 10677 2.15745 15.6038
0 10677 2.15989 15.6205
0 10677 2.16233 15.6372
0 10677 2.16478 15.6538
0 10677 2.16722 15.6705
0 10677 2.16966 15.6872
0 10677 2.17211 15.7038
0 10677 2.17455 15.7205
0 10677 2.17699 15.7372
0 10677 2.17944 15.7538
0 10677 2.18188 15.7705
0 10677 2.18432 15.7872
0 10677 2.18677 15.8038
0 10677 2.18921 15.8205
0 10677 2.19165 15.8372
0 10677 2.1941 15.8538
0 10677 2.19654 15.8705
0 10677 2.19898 15.8872
0 10677 2.20143 15.9038
0 10677 2.20387 15.9205
0 10677 2.20631 15.9372
0 10677 2.20876 15.9538
0 10677 2.2112 15.9705
0 10677 2.21364 15.9872
0 10677 2.21609 16.0038
0 10677 2.21853 16.0205
0 10677 2.22097 16.0372
0 10677 2.22342 16.0538
0 10677 2.22586 16.0705
0 10677 2.2283 16.0872
0 10677 2.23075 16.1038
0 10677 2.23319 16.1205
0 10677 2.23563 16.1371
0 10677 2.23808 16.1538
0 10677 2.24052 16.1705
0 10677 2.24296 16.1871
0 10677 2.24541 16.2038
0 10677 2.24785 16.2205
0 10677 2.25029 16.2371
0 10677 2.25274 16.2538
0 10677 2.25518 16.2705
0 10677 2.25762 16.2871
0 10677 2.26007 16.3038
0 10677 2.26251 16.3205
0 10677 2.26495 16.3371
0 10677 2.2674 16.3538
0 10677 2.26984 16.3705
0 10677 2.27228 16.3871
0 10677 2.27473 16.4038
0 10677 2.27717 16.4205
0 10677 2.27961 16.4371
0 10677 2.28206 16.4538
0 10677 2.2845 16.4705
0 10677 2.28694 16.4871
0 10677 2.28939 16.5038
0 10677 2.29183 16.5205
0 10677 2.29427 16.5371
0 10677 2.29672 16.5538
0 10677 2.29916 16.5705
0 10677 2.3016 16.5871
0 10677 2.30405 16.6038
0 10677 2.30649 16.6205
0 10677 2.30893 16.6371
0 10677 2.31138 16.6538
0 10677 2.31382 16.6705
0 10677 2.31626 16.6871
0 10677 2.31871 16.7038
0 10677 2.32115 16.7205
0 10677 2.32359 16.7371
0 10677 2.32604 16.7538
0 10677 2.32848 16.7705
0 10677 2.33092 16.7871
0 10677 2.33337 16.8038
0 10677 2.33581 16.8205
0 10677 2.33825 16.8371
0 10677 2.3407 16.8538
0 10677 2.34314 16.8705
0 10677 2.34558 16.8871
0 10677 2.34803 16.9038
0 10677 2.35047 16.9205
0 10677 2.35291 16.9371
0 10677 2.35536 16.9538
0 10677 2.3578 16.9705
0 10677 2.36024 16.9871
0 10677 2.36269 17.0038
0 10677 2.36513 17.0205
0 10677 2.36757 17.0371
0 10677 2.37002 17.0538
0 10677 2.37246 17.0705
0 10677 2.3749 17.0871
0 10677 2.37735 17.1038
0 10677 2.37979 17.1205
0 10677 2.38223 17.1371
0 10677 2.38468 17.1538
0 10677 2.38712 17.1705
0 10677 2.38956 17.1871
0 10677 2.39201 17.2038
0 10677 2.39445 17.2205
0 10677 2.39689 17.2371
0 10677 2.39934 17.2538
0 10677 2.40178 17.2705
0 10677 2.40422 17.2871
0 10677 2.40667 17.3038
0 10677 2.40911 17.3205
0 10677 2.41155 17.3371
0 10677 2.414 17.3538
0 10677 2.41644 17.3705
0 10677 2.41888 17.3871
0 10677 2.42133 17.4038
0 10677 2.42377 17.4205
0 10677 2.42621 17.4371
0 10677 2.42866 17.4538
0 10677 2.4311 17.4705
0 10677 2.43354 17.4871
0 10677 2.43599 17.5038
0 10677 2.43843 17.5205
0 10677 2.44087 17.5371
0 10677 2.44332 17.5538
0 10677 2.44576 17.5705
0 10677 2.4482 17.5871
0 10677 2.45064 17.6038
0 10677 2.45309 17.6205
0 10677 2.45553 17.6371
0 10677 2.45797 17.6538
0 10677 2.46042 17.6705
0 10677 2.46286 17.6871
0 10677 2.4653 17.7038
0 10677 2.46775 17.7205
0 10677 2.47019 17.7371
0 10677 2.47263 17.7538
0 10677 2.47508 17.7705
0 10677 2.47752 17.7871
0 10677 2.47996 17.8038
0 10677 2.48241 17.8205
0 10677 2.48485 17.8371
0 10677 2.48729 17.8538
0 10677 2.48974 17.8705
0 10677 2.49218 17.8871
0 10677 2.49462 17.9038
0 10677 2.49707 17.9205
0 10677 2.49951 17.9371
0 10677 2.50195 17.9538
0 10677 2.5044 17.9705
0 10677 2.50684 17.9871
0 10677 2.50928 18.0038
0 10677 2.51173 18.0205
0 10677 2.51417 18.0371
0 10677 2.51661 18.0538
0 10677 2.51906 18.0705
0 10677 2.5215 18.0871
0 10677 2.52394 18.1038
0 10677 2.52639 18.1205
0 10677 2.52883 18.1371
0 10677 2.53127 18.1538
0 10677 2.53372 18.1705
0 10677 2.53616 18.1871
0 10677 2.5386 18.2038
0 10677 2.54105 18.2205
0 10677 2.54349 18.2371
0 10677 2.54593 18.2538
0 10677 2.54838 18.2705
0 10677 2.55082 18.2871
0 10677 2.55326 18.3038
0 10677 2.55571 18.3204
0 10677 2.55815 18.3371
0 10677 2.56059 18.3538
0 10677 2.56304 18.3704
0 10677 2.56548 18.3871
0 10677 2.56792 18.4038
0 10677 2.57037 18.4204
0 10677 2.57281 18.4371
0 10677 2.57525 18.4538
0 10677 2.57525 18.4704
0 10677 2.57525 18.4871
0 10677 2.57525 18.5038
0 10677 2.57525 18.5204
0 10677 2.57525 18.5371
0 10677 2.57525 18.5538
0 10677 2.57525 18.5704
0 10677 2.57525 18.5871
0 10677 2.57525 18.6038
0 10677 2.57525 18.6204
0 10677 2.57525 18.6371
0 10677 2.57525 18.6538
0 10677 2.57525 18.6704
0 10677 2.57525 18.6871
0 10677 2.57525 18.7038
0 10677 2.57525 18.7204
0 10677 2.57525 18.7371
0 10677 2.57525 18.7538
0 10677 2.57525 18.7704
0 10677 2.57525 18.7871
0 10677 2.57525 18.8038
