6767 5753 0.00244333 0.0133042
6767 5753 0.00244333 0.0299709
6736 5753 0.00244333 0.0466375
6513 5753 0.00244333 0.0633042
6441 5753 0.00244333 0.0799708
6407 5753 0.00244333 0.0966375
6407 5753 0.00244333 0.113304
6382 5753 0.00244333 0.129971
6167 5753 0.00244333 0.146637
6085 5753 0.00244333 0.163304
6047 5753 0.00244333 0.179971
6047 5753 0.00244333 0.196637
6021 5753 0.00244333 0.213304
5824 5753 0.00244333 0.229971
5725 5753 0.00244333 0.246637
5687 5753 0.00244333 0.263304
5687 5753 0.00244333 0.279971
5665 5753 0.00244333 0.296637
5468 5753 0.00244333 0.313304
5367 5753 0.00244333 0.329971
5327 5753 0.00244333 0.346637
5327 5753 0.00244333 0.363304
5306 5753 0.00244333 0.379971
5115 5753 0.00244333 0.396637
5004 5753 0.00244333 0.413304
4968 5753 0.00244333 0.429971
4967 5753 0.00244333 0.446637
4940 5753 0.00244333 0.463304
4743 5753 0.00244333 0.47997
4640 5753 0.00244333 0.496637
4607 5753 0.00244333 0.513304
4558 5753 0.00244333 0.52997
4412 5753 0.00244333 0.546637
4290 5753 0.00244333 0.563304
4249 5753 0.00244333 0.57997
4247 5753 0.00244333 0.596637
4229 5753 0.00244333 0.613304
4058 5753 0.00244333 0.62997
3928 5753 0.00244333 0.646637
3889 5753 0.00244333 0.663304
3887 5753 0.00244333 0.67997
3887 5753 0.00244333 0.696637
3887 5753 0.00244333 0.713304
3887 5753 0.00244333 0.72997
3887 5753 0.00244333 0.746637
3887 5753 0.00244333 0.763304
3887 5753 0.00244333 0.77997
3887 5753 0.00244333 0.796637
3887 5753 0.00244333 0.813303
3887 5753 0.00244333 0.82997
3887 5753 0.00244333 0.846637
3887 5753 0.00244333 0.863303
3887 5753 0.00244333 0.87997
3887 5753 0.00244333 0.896637
3887 5753 0.00244333 0.913303
3887 5753 0.00244333 0.92997
3887 5753 0.00244333 0.946637
3887 5753 0.00244333 0.963303
3887 5753 0.00244333 0.97997
3887 5753 0.00244333 0.996637
3887 5753 0.00244333 1.0133
3887 5753 0.00244333 1.02997
3887 5753 0.00488665 1.04664
3887 5753 0.00732998 1.0633
3887 5753 0.0097733 1.07997
3887 5753 0.0122166 1.09664
3887 5753 0.0146599 1.1133
3887 5753 0.0171033 1.12997
3887 5753 0.0195466 1.14664
3887 5753 0.0219899 1.1633
3887 5753 0.0244332 1.17997
3887 5753 0.0268766 1.19664
3887 5753 0.0293199 1.2133
3887 5753 0.0317632 1.22997
3887 5753 0.0342066 1.24664
3887 5753 0.0366499 1.2633
3887 5753 0.0390932 1.27997
3887 5753 0.0415365 1.29664
3887 5753 0.0439798 1.3133
3887 5753 0.0464232 1.32997
3887 5753 0.0488665 1.34664
3887 5753 0.0513098 1.3633
3887 5753 0.0537531 1.37997
3887 5753 0.0561965 1.39664
3887 5753 0.0586398 1.4133
3887 5753 0.0610831 1.42997
3887 5753 0.0635265 1.44664
3887 5753 0.0659698 1.4633
3887 5753 0.0684131 1.47997
3887 5753 0.0708564 1.49664
3887 5753 0.0732998 1.5133
3887 5753 0.0757431 1.52997
3887 5753 0.0781864 1.54664
3887 5753 0.0806298 1.5633
3887 5753 0.0830731 1.57997
3887 5753 0.0855164 1.59664
3887 5753 0.0879597 1.6133
3887 5753 0.0904031 1.62997
3887 5753 0.0928464 1.64664
3887 5753 0.0952897 1.6633
3887 5753 0.0977331 1.67997
3887 5753 0.100176 1.69664
3887 5753 0.10262 1.7133
3887 5753 0.105063 1.72997
3887 5753 0.107506 1.74664
3887 5753 0.10995 1.76331
3887 5753 0.112393 1.77997
3887 5753 0.114836 1.79664
3887 5753 0.11728 1.81331
3887 5753 0.119723 1.82997
3887 5753 0.122166 1.84664
3887 5753 0.12461 1.86331
3887 5753 0.127053 1.87997
3887 5753 0.129496 1.89664
3887 5753 0.13194 1.91331
3887 5753 0.134383 1.92997
3887 5753 0.136826 1.94664
3887 5753 0.13927 1.96331
3887 5753 0.141713 1.97997
3887 5753 0.144156 1.99664
3887 5753 0.1466 2.01331
3887 5753 0.149043 2.02998
3887 5753 0.151486 2.04664
3887 5753 0.15393 2.06331
3887 5753 0.156373 2.07998
3887 5753 0.158816 2.09664
3887 5753 0.16126 2.11331
3887 5753 0.163703 2.12998
3887 5753 0.166146 2.14664
3887 5753 0.16859 2.16331
3887 5753 0.171033 2.17998
3887 5753 0.173476 2.19664
3887 5753 0.17592 2.21331
3887 5753 0.178363 2.22998
3887 5753 0.180806 2.24665
3887 5753 0.18325 2.26331
3887 5753 0.185693 2.27998
3887 5753 0.188136 2.29665
3887 5753 0.19058 2.31331
3887 5753 0.193023 2.32998
3887 5753 0.195466 2.34665
3887 5753 0.19791 2.36331
3887 5753 0.200353 2.37998
3887 5753 0.202796 2.39665
3887 5753 0.20524 2.41331
3887 5753 0.207683 2.42998
3887 5753 0.210126 2.44665
3887 5753 0.212569 2.46331
3887 5753 0.215013 2.47998
3887 5753 0.217456 2.49665
3887 5753 0.219899 2.51332
3887 5753 0.222343 2.52998
3887 5753 0.224786 2.54665
3887 5753 0.227229 2.56332
3887 5753 0.229673 2.57998
3887 5753 0.232116 2.59665
3887 5753 0.234559 2.61332
3887 5753 0.237003 2.62998
3887 5753 0.239446 2.64665
3887 5753 0.241889 2.66332
3887 5753 0.244333 2.67998
3887 5753 0.246776 2.69665
3887 5753 0.249219 2.71332
3887 5753 0.251663 2.72998
3887 5753 0.254106 2.74665
3887 5753 0.256549 2.76332
3887 5753 0.258993 2.77999
3887 5753 0.261436 2.79665
3887 5753 0.263879 2.81332
3887 5753 0.266323 2.82999
3887 5753 0.268766 2.84665
3887 5753 0.271209 2.86332
3887 5753 0.273653 2.87999
3887 5753 0.276096 2.89665
3887 5753 0.278539 2.91332
3887 5753 0.280982 2.92999
3887 5753 0.283426 2.94665
3887 5753 0.285869 2.96332
3887 5753 0.288312 2.97999
3887 5753 0.290756 2.99666
3887 5753 0.293199 3.01332
3887 5753 0.295642 3.02999
3887 5753 0.298086 3.04666
3887 5753 0.300529 3.06332
3887 5753 0.302972 3.07999
3887 5753 0.305416 3.09666
3887 5753 0.307859 3.11332
3887 5753 0.310302 3.12999
3887 5753 0.312746 3.14666
3887 5753 0.315189 3.16332
3887 5753 0.317632 3.17999
3887 5753 0.320076 3.19666
3887 5753 0.322519 3.21332
3887 5753 0.324962 3.22999
3887 5753 0.327405 3.24666
3887 5753 0.329849 3.26333
3887 5753 0.332292 3.27999
3887 5753 0.334735 3.29666
3887 5753 0.337179 3.31333
3887 5753 0.339622 3.32999
3887 5753 0.342065 3.34666
3887 5753 0.344509 3.36333
3887 5753 0.346952 3.37999
3887 5753 0.349395 3.39666
3887 5753 0.351839 3.41333
3887 5753 0.354282 3.42999
3887 5753 0.356725 3.44666
3887 5753 0.359169 3.46333
3887 5753 0.361612 3.48
3887 5753 0.364055 3.49666
3887 5753 0.366498 3.51333
3887 5753 0.368942 3.53
3887 5753 0.371385 3.54666
3887 5753 0.373828 3.56333
3887 5753 0.376272 3.58
3887 5753 0.378715 3.59666
3887 5753 0.381158 3.61333
3887 5753 0.383602 3.63
3887 5753 0.386045 3.64666
3887 5753 0.388488 3.66333
3887 5753 0.390932 3.68
3887 5753 0.393375 3.69666
3887 5753 0.395818 3.71333
3887 5753 0.398262 3.73
3887 5753 0.400705 3.74667
3887 5753 0.403148 3.76333
3887 5753 0.405591 3.78
3887 5753 0.408035 3.79667
3887 5753 0.410478 3.81333
3887 5753 0.412921 3.83
3887 5753 0.415365 3.84667
3887 5753 0.417808 3.86333
3887 5753 0.420251 3.88
3887 5753 0.422695 3.89667
3887 5753 0.425138 3.91333
3887 5753 0.427581 3.93
3887 5753 0.430025 3.94667
3887 5753 0.432468 3.96333
3887 5753 0.434911 3.98
3887 5753 0.437355 3.99667
3887 5753 0.439798 4.01334
3887 5753 0.442241 4.03
3887 5753 0.444685 4.04667
3887 5753 0.447128 4.06334
3887 5753 0.449571 4.08
3887 5753 0.452014 4.09667
3887 5753 0.454458 4.11334
3887 5753 0.456901 4.13
3887 5753 0.459344 4.14667
3887 5753 0.461788 4.16334
3887 5753 0.464231 4.18
3887 5753 0.466674 4.19667
3887 5753 0.469118 4.21334
3887 5753 0.471561 4.23001
3887 5753 0.474004 4.24667
3887 5753 0.476448 4.26334
3887 5753 0.478891 4.28001
3887 5753 0.481334 4.29667
3887 5753 0.483778 4.31334
3887 5753 0.486221 4.33001
3887 5753 0.488664 4.34667
3887 5753 0.491107 4.36334
3887 5753 0.493551 4.38001
3887 5753 0.495994 4.39667
3887 5753 0.498437 4.41334
3887 5753 0.500881 4.43001
3887 5753 0.503324 4.44667
3887 5753 0.505767 4.46334
3887 5753 0.508211 4.48001
3887 5753 0.510654 4.49668
3887 5753 0.513097 4.51334
3887 5753 0.515541 4.53001
3887 5753 0.517984 4.54668
3887 5753 0.520427 4.56334
3887 5753 0.522871 4.58001
3887 5753 0.525314 4.59668
3887 5753 0.527757 4.61334
3887 5753 0.5302 4.63001
3887 5753 0.532644 4.64668
3887 5753 0.535087 4.66334
3887 5753 0.53753 4.68001
3887 5753 0.539974 4.69668
3887 5753 0.542417 4.71334
3887 5753 0.54486 4.73001
3887 5753 0.547304 4.74668
3887 5753 0.549747 4.76335
3887 5753 0.55219 4.78001
3887 5753 0.554634 4.79668
3887 5753 0.557077 4.81335
3887 5753 0.55952 4.83001
3887 5753 0.561964 4.84668
3887 5753 0.564407 4.86335
3887 5753 0.56685 4.88001
3887 5753 0.569293 4.89668
3887 5753 0.571737 4.91335
3887 5753 0.57418 4.93001
3887 5753 0.576623 4.94668
3887 5753 0.579067 4.96335
3887 5753 0.58151 4.98001
3887 5753 0.583953 4.99668
3887 5753 0.586397 5.01335
3887 5753 0.58884 5.03002
3887 5753 0.591283 5.04668
3887 5753 0.593727 5.06335
3887 5753 0.59617 5.08002
3887 5753 0.598613 5.09668
3887 5753 0.601057 5.11335
3887 5753 0.6035 5.13002
3887 5753 0.605943 5.14668
3887 5753 0.608387 5.16335
3887 5753 0.61083 5.18002
3887 5753 0.613273 5.19668
3887 5753 0.615716 5.21335
3887 5753 0.61816 5.23002
3887 5753 0.620603 5.24669
3887 5753 0.623046 5.26335
3887 5753 0.62549 5.28002
3887 5753 0.627933 5.29669
3887 5753 0.630376 5.31335
3887 5753 0.63282 5.33002
3887 5753 0.635263 5.34669
3887 5753 0.637706 5.36335
3887 5753 0.64015 5.38002
3887 5753 0.642593 5.39669
3887 5753 0.645036 5.41335
3887 5753 0.64748 5.43002
3887 5753 0.649923 5.44669
3887 5753 0.652366 5.46336
3887 5753 0.654809 5.48002
3887 5753 0.657253 5.49669
3887 5753 0.659696 5.51336
3887 5753 0.662139 5.53002
3887 5753 0.664583 5.54669
3887 5753 0.667026 5.56336
3887 5753 0.669469 5.58002
3887 5753 0.671913 5.59669
3887 5753 0.674356 5.61335
3887 5753 0.676799 5.63002
3887 5753 0.679243 5.64669
3887 5753 0.681686 5.66335
3887 5753 0.684129 5.68002
3887 5753 0.686573 5.69669
3887 5753 0.689016 5.71335
3887 5753 0.691459 5.73002
3887 5753 0.693902 5.74669
3887 5753 0.696346 5.76335
3887 5753 0.698789 5.78002
3887 5753 0.701232 5.79669
3887 5753 0.703676 5.81335
3887 5753 0.706119 5.83002
3887 5753 0.708562 5.84668
3887 5753 0.711006 5.86335
3887 5753 0.713449 5.88002
3887 5753 0.715892 5.89668
3887 5753 0.718336 5.91335
3887 5753 0.720779 5.93002
3887 5753 0.723222 5.94668
3887 5753 0.725666 5.96335
3887 5753 0.728109 5.98002
3887 5753 0.730552 5.99668
3887 5753 0.732996 6.01335
3887 5753 0.735439 6.03001
3887 5753 0.737882 6.04668
3887 5753 0.740325 6.06335
3887 5753 0.742769 6.08001
3887 5753 0.745212 6.09668
3887 5753 0.747655 6.11335
3887 5753 0.750099 6.13001
3887 5753 0.752542 6.14668
3887 5753 0.754985 6.16335
3887 5753 0.757429 6.18001
3887 5753 0.759872 6.19668
3887 5753 0.762315 6.21335
3887 5753 0.764759 6.23001
3887 5753 0.767202 6.24668
3887 5753 0.769645 6.26334
3887 5753 0.772089 6.28001
3887 5753 0.774532 6.29668
3887 5753 0.776975 6.31334
3887 5753 0.779418 6.33001
3887 5753 0.781862 6.34668
3887 5753 0.784305 6.36334
3887 5753 0.786748 6.38001
3887 5753 0.789192 6.39668
3887 5753 0.791635 6.41334
3887 5753 0.794078 6.43001
3887 5753 0.796522 6.44668
3887 5753 0.798965 6.46334
3887 5753 0.801408 6.48001
3887 5753 0.803852 6.49667
3887 5753 0.806295 6.51334
3887 5753 0.808738 6.53001
3887 5753 0.811182 6.54667
3887 5753 0.813625 6.56334
3887 5753 0.816068 6.58001
3887 5753 0.818511 6.59667
3887 5753 0.820955 6.61334
3887 5753 0.823398 6.63001
3887 5753 0.825841 6.64667
3887 5753 0.828285 6.66334
3887 5753 0.830728 6.68001
3887 5753 0.833171 6.69667
3887 5753 0.835615 6.71334
3887 5753 0.838058 6.73
3887 5753 0.840501 6.74667
3887 5753 0.842945 6.76334
3887 5753 0.845388 6.78
3887 5753 0.847831 6.79667
3887 5753 0.850275 6.81334
3887 5753 0.852718 6.83
3887 5753 0.855161 6.84667
3887 5753 0.857605 6.86334
3887 5753 0.860048 6.88
3887 5753 0.862491 6.89667
3887 5753 0.864934 6.91333
3887 5753 0.867378 6.93
3887 5753 0.869821 6.94667
3887 5753 0.872264 6.96333
3887 5753 0.874708 6.98
3887 5753 0.877151 6.99667
3887 5753 0.879594 7.01333
3887 5753 0.882038 7.03
3887 5753 0.884481 7.04667
3887 5753 0.886924 7.06333
3887 5753 0.889368 7.08
3887 5753 0.891811 7.09667
3887 5753 0.894254 7.11333
3887 5753 0.896698 7.13
3887 5753 0.899141 7.14666
3887 5753 0.901584 7.16333
3887 5753 0.904027 7.18
3887 5753 0.906471 7.19666
3887 5753 0.908914 7.21333
3887 5753 0.911357 7.23
3887 5753 0.913801 7.24666
3887 5753 0.916244 7.26333
3887 5753 0.918687 7.28
3887 5753 0.921131 7.29666
3887 5753 0.923574 7.31333
3887 5753 0.926017 7.33
3887 5753 0.928461 7.34666
3887 5753 0.930904 7.36333
3887 5753 0.933347 7.37999
3887 5753 0.935791 7.39666
3887 5753 0.938234 7.41333
3887 5753 0.940677 7.42999
3887 5753 0.94312 7.44666
3887 5753 0.945564 7.46333
3887 5753 0.948007 7.47999
3887 5753 0.95045 7.49666
3887 5753 0.952894 7.51333
3887 5753 0.955337 7.52999
3887 5753 0.95778 7.54666
3887 5753 0.960224 7.56332
3887 5753 0.962667 7.57999
3887 5753 0.96511 7.59666
3887 5753 0.967554 7.61332
3887 5753 0.969997 7.62999
3887 5753 0.97244 7.64666
3887 5753 0.974884 7.66332
3887 5753 0.977327 7.67999
3887 5753 0.97977 7.69666
3887 5753 0.982213 7.71332
3887 5753 0.984657 7.72999
3887 5753 0.9871 7.74666
3887 5753 0.989543 7.76332
3887 5753 0.991987 7.77999
3887 5753 0.99443 7.79665
3887 5753 0.996873 7.81332
3887 5753 0.999317 7.82999
3887 5753 1.00176 7.84665
3887 5753 1.0042 7.86332
3887 5753 1.00665 7.87999
3887 5753 1.00909 7.89665
3887 5753 1.01153 7.91332
3887 5753 1.01398 7.92999
3887 5753 1.01642 7.94665
3887 5753 1.01886 7.96332
3887 5753 1.02131 7.97999
3887 5753 1.02375 7.99665
3887 5753 1.02619 8.01332
3887 5753 1.02864 8.02998
3887 5753 1.03108 8.04665
3887 5753 1.03352 8.06332
3887 5753 1.03597 8.07998
3887 5753 1.03841 8.09665
3887 5753 1.04085 8.11332
3887 5753 1.0433 8.12998
3887 5753 1.04574 8.14665
3887 5753 1.04818 8.16332
3887 5753 1.05063 8.17998
3887 5753 1.05307 8.19665
3887 5753 1.05551 8.21332
3887 5753 1.05796 8.22998
3887 5753 1.0604 8.24665
3887 5753 1.06284 8.26331
3887 5753 1.06529 8.27998
3887 5753 1.06773 8.29665
3887 5753 1.07017 8.31331
3887 5753 1.07262 8.32998
3887 5753 1.07506 8.34665
3887 5753 1.0775 8.36331
3887 5753 1.07995 8.37998
3887 5753 1.08239 8.39665
3887 5753 1.08483 8.41331
3887 5753 1.08728 8.42998
3887 5753 1.08972 8.44664
3887 5753 1.09216 8.46331
3887 5753 1.09461 8.47998
3887 5753 1.09705 8.49664
3887 5753 1.09949 8.51331
3887 5753 1.10194 8.52998
3887 5753 1.10438 8.54664
3887 5753 1.10682 8.56331
3887 5753 1.10927 8.57998
3887 5753 1.11171 8.59664
3887 5753 1.11415 8.61331
3887 5753 1.1166 8.62998
3887 5753 1.11904 8.64664
3887 5753 1.12148 8.66331
3887 5753 1.12393 8.67997
3887 5753 1.12637 8.69664
3887 5753 1.12881 8.71331
3887 5753 1.13126 8.72997
3887 5753 1.1337 8.74664
3887 5753 1.13614 8.76331
3887 5753 1.13859 8.77997
3887 5753 1.14103 8.79664
3887 5753 1.14347 8.81331
3887 5753 1.14592 8.82997
3887 5753 1.14836 8.84664
3887 5753 1.1508 8.86331
3887 5753 1.15325 8.87997
3887 5753 1.15569 8.89664
3887 5753 1.15813 8.9133
3887 5753 1.16058 8.92997
3887 5753 1.16302 8.94664
3887 5753 1.16546 8.9633
3887 5753 1.16791 8.97997
3887 5753 1.17035 8.99664
3887 5753 1.17279 9.0133
3887 5753 1.17524 9.02997
3887 5753 1.17768 9.04664
3887 5753 1.18012 9.0633
3887 5753 1.18257 9.07997
3887 5753 1.18501 9.09663
3887 5753 1.18745 9.1133
3887 5753 1.1899 9.12997
3887 5753 1.19234 9.14663
3887 5753 1.19478 9.1633
3887 5753 1.19723 9.17997
3887 5753 1.19967 9.19663
3887 5753 1.20211 9.2133
3887 5753 1.20456 9.22997
3887 5753 1.207 9.24663
3887 5753 1.20944 9.2633
3887 5753 1.21188 9.27997
3887 5753 1.21433 9.29663
3887 5753 1.21677 9.3133
3887 5753 1.21921 9.32996
3887 5753 1.22166 9.34663
3887 5753 1.2241 9.3633
3887 5753 1.22654 9.37996
3887 5753 1.22899 9.39663
3887 5753 1.23143 9.4133
3887 5753 1.23387 9.42996
3887 5753 1.23632 9.44663
3887 5753 1.23876 9.4633
3887 5753 1.2412 9.47996
3887 5753 1.24365 9.49663
3887 5753 1.24609 9.5133
3887 5753 1.24853 9.52996
3887 5753 1.25098 9.54663
3887 5753 1.25342 9.56329
3887 5753 1.25586 9.57996
3887 5753 1.25831 9.59663
3887 5753 1.26075 9.61329
3887 5753 1.26319 9.62996
3887 5753 1.26564 9.64663
3887 5753 1.26808 9.66329
3887 5753 1.27052 9.67996
3887 5753 1.27297 9.69663
3887 5753 1.27541 9.71329
3887 5753 1.27785 9.72996
3887 5753 1.2803 9.74662
3887 5753 1.28274 9.76329
3887 5753 1.28518 9.77996
3887 5753 1.28763 9.79662
3887 5753 1.29007 9.81329
3887 5753 1.29251 9.82996
3887 5753 1.29496 9.84662
3887 5753 1.2974 9.86329
3887 5753 1.29984 9.87996
3887 5753 1.30229 9.89662
3887 5753 1.30473 9.91329
3887 5753 1.30717 9.92996
3887 5753 1.30962 9.94662
3887 5753 1.31206 9.96329
3887 5753 1.3145 9.97995
3887 5753 1.31695 9.99662
3887 5753 1.31939 10.0133
3887 5753 1.32183 10.03
3887 5753 1.32428 10.0466
3887 5753 1.32672 10.0633
3887 5753 1.32916 10.08
3887 5753 1.33161 10.0966
3887 5753 1.33405 10.1133
3887 5753 1.33649 10.13
3887 5753 1.33894 10.1466
3887 5753 1.34138 10.1633
3887 5753 1.34382 10.18
3887 5753 1.34627 10.1966
3887 5753 1.34871 10.2133
3887 5753 1.35115 10.23
3887 5753 1.3536 10.2466
3886 5753 1.35604 10.2633
3885 5753 1.35848 10.28
3885 5753 1.36093 10.2966
3884 5753 1.36337 10.3133
3883 5753 1.36581 10.3299
3881 5753 1.36826 10.3466
3879 5753 1.3707 10.3633
3878 5753 1.37314 10.3799
3878 5753 1.37559 10.3966
3877 5753 1.37803 10.4133
3872 5753 1.38047 10.4299
3870 5753 1.38292 10.4466
3867 5753 1.38536 10.4633
3863 5753 1.3878 10.4799
3862 5753 1.39025 10.4966
3860 5753 1.39269 10.5133
3857 5753 1.39513 10.5299
3852 5753 1.39758 10.5466
3847 5753 1.40002 10.5633
3844 5753 1.40246 10.5799
3839 5753 1.40491 10.5966
3836 5753 1.40735 10.6133
3829 5753 1.40979 10.6299
3824 5753 1.41224 10.6466
3821 5753 1.41468 10.6633
3813 5753 1.41712 10.6799
3808 5753 1.41957 10.6966
3800 5753 1.42201 10.7133
3795 5753 1.42445 10.7299
3789 5753 1.4269 10.7466
3784 5753 1.42934 10.7633
3776 5753 1.43178 10.7799
3770 5753 1.43423 10.7966
3763 5753 1.43667 10.8133
3757 5753 1.43911 10.8299
3749 5753 1.44156 10.8466
3742 5753 1.444 10.8633
3734 5753 1.44644 10.8799
3725 5753 1.44889 10.8966
3714 5753 1.45133 10.9133
3704 5753 1.45377 10.9299
3698 5753 1.45622 10.9466
3687 5753 1.45866 10.9633
3675 5753 1.4611 10.9799
3664 5753 1.46355 10.9966
3653 5753 1.46599 11.0133
3641 5753 1.46843 11.0299
3630 5753 1.47088 11.0466
3619 5753 1.47332 11.0633
3611 5753 1.47576 11.0799
3597 5753 1.47821 11.0966
3587 5753 1.48065 11.1133
3577 5753 1.48309 11.1299
3566 5753 1.48554 11.1466
3552 5753 1.48798 11.1633
3542 5753 1.49042 11.1799
3530 5753 1.49287 11.1966
3512 5753 1.49531 11.2133
3496 5753 1.49775 11.2299
3487 5753 1.5002 11.2466
3469 5753 1.50264 11.2633
3458 5753 1.50508 11.2799
3443 5753 1.50753 11.2966
3430 5753 1.50997 11.3133
3413 5753 1.51241 11.3299
3395 5753 1.51486 11.3466
3387 5753 1.5173 11.3633
3369 5753 1.51974 11.3799
3353 5753 1.52219 11.3966
3342 5753 1.52463 11.4133
3328 5753 1.52707 11.4299
3313 5753 1.52952 11.4466
3296 5753 1.53196 11.4633
3280 5753 1.5344 11.4799
3263 5753 1.53685 11.4966
3248 5753 1.53929 11.5133
3230 5753 1.54173 11.5299
3215 5753 1.54418 11.5466
3195 5753 1.54662 11.5633
3185 5753 1.54906 11.5799
3171 5753 1.55151 11.5966
3155 5753 1.55395 11.6133
3142 5753 1.55639 11.6299
3117 5753 1.55884 11.6466
3103 5753 1.56128 11.6633
3085 5753 1.56372 11.6799
3064 5753 1.56617 11.6966
3050 5753 1.56861 11.7133
3037 5753 1.57105 11.7299
3024 5753 1.5735 11.7466
3004 5753 1.57594 11.7633
2993 5753 1.57838 11.7799
2973 5753 1.58083 11.7966
2958 5753 1.58327 11.8133
2940 5753 1.58571 11.8299
2921 5753 1.58816 11.8466
2903 5753 1.5906 11.8633
2886 5753 1.59304 11.8799
2869 5753 1.59549 11.8966
2854 5753 1.59793 11.9133
2837 5753 1.60037 11.9299
2820 5753 1.60282 11.9466
2803 5753 1.60526 11.9633
2785 5753 1.6077 11.9799
2767 5753 1.61015 11.9966
2749 5753 1.61259 12.0133
2735 5753 1.61503 12.0299
2728 5753 1.61748 12.0466
2705 5753 1.61992 12.0633
2688 5753 1.62236 12.0799
2667 5753 1.6248 12.0966
2652 5753 1.62725 12.1133
2635 5753 1.62969 12.1299
2620 5753 1.63213 12.1466
2604 5753 1.63458 12.1633
2588 5753 1.63702 12.1799
2570 5753 1.63946 12.1966
2557 5753 1.64191 12.2133
2540 5753 1.64435 12.2299
2526 5753 1.64679 12.2466
2508 5753 1.64924 12.2633
2492 5753 1.65168 12.2799
2471 5753 1.65412 12.2966
2451 5753 1.65657 12.3133
2443 5753 1.65901 12.3299
2428 5753 1.66145 12.3466
2408 5753 1.6639 12.3633
2396 5753 1.66634 12.3799
2380 5753 1.66878 12.3966
2358 5753 1.67123 12.4133
2342 5753 1.67367 12.4299
2325 5753 1.67611 12.4466
2308 5753 1.67856 12.4633
2291 5753 1.681 12.4799
2273 5753 1.68344 12.4966
2256 5753 1.68589 12.5132
2236 5753 1.68833 12.5299
2216 5753 1.69077 12.5466
2204 5753 1.69322 12.5632
2188 5753 1.69566 12.5799
2169 5753 1.6981 12.5966
2154 5753 1.70055 12.6132
2137 5753 1.70299 12.6299
2117 5753 1.70543 12.6466
2101 5753 1.70788 12.6632
2084 5753 1.71032 12.6799
2066 5753 1.71276 12.6966
2052 5753 1.71521 12.7132
2034 5753 1.71765 12.7299
2015 5753 1.72009 12.7466
1994 5753 1.72254 12.7632
1975 5753 1.72498 12.7799
1956 5753 1.72742 12.7966
1943 5753 1.72987 12.8132
1922 5753 1.73231 12.8299
1909 5753 1.73475 12.8466
1892 5753 1.7372 12.8632
1874 5753 1.73964 12.8799
1857 5753 1.74208 12.8966
1838 5753 1.74453 12.9132
1825 5753 1.74697 12.9299
1808 5753 1.74941 12.9466
1792 5753 1.75186 12.9632
1777 5753 1.7543 12.9799
1757 5753 1.75674 12.9966
1739 5753 1.75919 13.0132
1723 5753 1.76163 13.0299
1707 5753 1.76407 13.0466
1694 5753 1.76652 13.0632
1680 5753 1.76896 13.0799
1667 5753 1.7714 13.0966
1653 5753 1.77385 13.1132
1632 5753 1.77629 13.1299
1617 5753 1.77873 13.1466
1603 5753 1.78118 13.1632
1586 5753 1.78362 13.1799
1574 5753 1.78606 13.1966
1559 5753 1.78851 13.2132
1549 5753 1.79095 13.2299
1534 5753 1.79339 13.2466
1519 5753 1.79584 13.2632
1509 5753 1.79828 13.2799
1495 5753 1.80072 13.2966
1483 5753 1.80317 13.3132
1467 5753 1.80561 13.3299
1455 5753 1.80805 13.3466
1447 5753 1.8105 13.3632
1433 5753 1.81294 13.3799
1423 5753 1.81538 13.3966
1414 5753 1.81783 13.4132
1401 5753 1.82027 13.4299
1389 5753 1.82271 13.4466
1379 5753 1.82516 13.4632
1370 5753 1.8276 13.4799
1360 5753 1.83004 13.4966
1345 5753 1.83249 13.5132
1338 5753 1.83493 13.5299
1327 5753 1.83737 13.5466
1314 5753 1.83982 13.5632
1302 5753 1.84226 13.5799
1292 5753 1.8447 13.5966
1280 5753 1.84715 13.6132
1272 5753 1.84959 13.6299
1260 5753 1.85203 13.6466
1251 5753 1.85448 13.6632
1242 5753 1.85692 13.6799
1237 5753 1.85936 13.6966
1226 5753 1.86181 13.7132
1217 5753 1.86425 13.7299
1210 5753 1.86669 13.7466
1202 5753 1.86914 13.7632
1191 5753 1.87158 13.7799
1181 5753 1.87402 13.7966
1175 5753 1.87647 13.8132
1166 5753 1.87891 13.8299
1156 5753 1.88135 13.8466
1149 5753 1.8838 13.8632
1138 5753 1.88624 13.8799
1130 5753 1.88868 13.8966
1119 5753 1.89113 13.9132
1110 5753 1.89357 13.9299
1100 5753 1.89601 13.9466
1092 5753 1.89846 13.9632
1083 5753 1.9009 13.9799
1074 5753 1.90334 13.9966
1065 5753 1.90579 14.0132
1055 5753 1.90823 14.0299
1044 5753 1.91067 14.0466
1035 5753 1.91312 14.0632
1028 5753 1.91556 14.0799
1019 5753 1.918 14.0966
1014 5753 1.92045 14.1132
1009 5753 1.92289 14.1299
1001 5753 1.92533 14.1466
995 5753 1.92778 14.1632
991 5753 1.93022 14.1799
986 5753 1.93266 14.1966
980 5753 1.93511 14.2132
974 5753 1.93755 14.2299
967 5753 1.93999 14.2466
963 5753 1.94244 14.2632
956 5753 1.94488 14.2799
952 5753 1.94732 14.2966
946 5753 1.94977 14.3132
942 5753 1.95221 14.3299
936 5753 1.95465 14.3466
930 5753 1.9571 14.3632
926 5753 1.95954 14.3799
921 5753 1.96198 14.3966
916 5753 1.96443 14.4132
912 5753 1.96687 14.4299
906 5753 1.96931 14.4466
900 5753 1.97176 14.4632
898 5753 1.9742 14.4799
893 5753 1.97664 14.4966
888 5753 1.97909 14.5132
884 5753 1.98153 14.5299
880 5753 1.98397 14.5466
877 5753 1.98642 14.5632
874 5753 1.98886 14.5799
872 5753 1.9913 14.5966
866 5753 1.99375 14.6132
862 5753 1.99619 14.6299
856 5753 1.99863 14.6466
850 5753 2.00108 14.6632
847 5753 2.00352 14.6799
843 5753 2.00596 14.6965
840 5753 2.00841 14.7132
838 5753 2.01085 14.7299
834 5753 2.01329 14.7465
830 5753 2.01574 14.7632
827 5753 2.01818 14.7799
823 5753 2.02062 14.7965
820 5753 2.02307 14.8132
816 5753 2.02551 14.8299
811 5753 2.02795 14.8465
808 5753 2.0304 14.8632
805 5753 2.03284 14.8799
802 5753 2.03528 14.8965
798 5753 2.03772 14.9132
795 5753 2.04017 14.9299
793 5753 2.04261 14.9465
792 5753 2.04505 14.9632
786 5753 2.0475 14.9799
784 5753 2.04994 14.9965
781 5753 2.05238 15.0132
776 5753 2.05483 15.0299
772 5753 2.05727 15.0465
770 5753 2.05971 15.0632
768 5753 2.06216 15.0799
766 5753 2.0646 15.0965
762 5753 2.06704 15.1132
759 5753 2.06949 15.1299
758 5753 2.07193 15.1465
753 5753 2.07437 15.1632
749 5753 2.07682 15.1799
748 5753 2.07926 15.1965
746 5753 2.0817 15.2132
742 5753 2.08415 15.2299
739 5753 2.08659 15.2465
735 5753 2.08903 15.2632
733 5753 2.09148 15.2799
728 5753 2.09392 15.2965
726 5753 2.09636 15.3132
724 5753 2.09881 15.3299
721 5753 2.10125 15.3465
720 5753 2.10369 15.3632
717 5753 2.10614 15.3799
715 5753 2.10858 15.3965
711 5753 2.11102 15.4132
709 5753 2.11347 15.4299
707 5753 2.11591 15.4465
704 5753 2.11835 15.4632
700 5753 2.1208 15.4799
698 5753 2.12324 15.4965
696 5753 2.12568 15.5132
693 5753 2.12813 15.5299
692 5753 2.13057 15.5465
689 5753 2.13301 15.5632
686 5753 2.13546 15.5799
684 5753 2.1379 15.5965
680 5753 2.14034 15.6132
677 5753 2.14279 15.6299
675 5753 2.14523 15.6465
671 5753 2.14767 15.6632
670 5753 2.15012 15.6799
667 5753 2.15256 15.6965
665 5753 2.155 15.7132
661 5753 2.15745 15.7299
659 5753 2.15989 15.7465
657 5753 2.16233 15.7632
654 5753 2.16478 15.7799
651 5753 2.16722 15.7965
649 5753 2.16966 15.8132
648 5753 2.17211 15.8299
645 5753 2.17455 15.8465
644 5753 2.17699 15.8632
640 5753 2.17944 15.8799
639 5753 2.18188 15.8965
636 5753 2.18432 15.9132
634 5753 2.18677 15.9299
633 5753 2.18921 15.9465
631 5753 2.19165 15.9632
628 5753 2.1941 15.9799
625 5753 2.19654 15.9965
623 5753 2.19898 16.0132
620 5753 2.20143 16.0299
619 5753 2.20387 16.0465
615 5753 2.20631 16.0632
614 5753 2.20876 16.0799
610 5753 2.2112 16.0965
609 5753 2.21364 16.1132
606 5753 2.21609 16.1299
604 5753 2.21853 16.1465
600 5753 2.22097 16.1632
599 5753 2.22342 16.1799
596 5753 2.22586 16.1965
594 5753 2.2283 16.2132
594 5753 2.23075 16.2299
591 5753 2.23319 16.2465
588 5753 2.23563 16.2632
586 5753 2.23808 16.2799
584 5753 2.24052 16.2965
581 5753 2.24296 16.3132
579 5753 2.24541 16.3299
576 5753 2.24785 16.3465
574 5753 2.25029 16.3632
572 5753 2.25274 16.3799
568 5753 2.25518 16.3965
567 5753 2.25762 16.4132
565 5753 2.26007 16.4299
563 5753 2.26251 16.4465
562 5753 2.26495 16.4632
558 5753 2.2674 16.4799
557 5753 2.26984 16.4965
555 5753 2.27228 16.5132
553 5753 2.27473 16.5299
550 5753 2.27717 16.5465
548 5753 2.27961 16.5632
545 5753 2.28206 16.5799
544 5753 2.2845 16.5965
542 5753 2.28694 16.6132
539 5753 2.28939 16.6299
536 5753 2.29183 16.6465
535 5753 2.29427 16.6632
533 5753 2.29672 16.6799
531 5753 2.29916 16.6965
529 5753 2.3016 16.7132
527 5753 2.30405 16.7299
523 5753 2.30649 16.7465
521 5753 2.30893 16.7632
519 5753 2.31138 16.7799
519 5753 2.31382 16.7965
514 5753 2.31626 16.8132
513 5753 2.31871 16.8298
510 5753 2.32115 16.8465
508 5753 2.32359 16.8632
507 5753 2.32604 16.8798
505 5753 2.32848 16.8965
503 5753 2.33092 16.9132
501 5753 2.33337 16.9298
498 5753 2.33581 16.9465
497 5753 2.33825 16.9632
496 5753 2.3407 16.9798
493 5753 2.34314 16.9965
490 5753 2.34558 17.0132
489 5753 2.34803 17.0298
486 5753 2.35047 17.0465
484 5753 2.35291 17.0632
483 5753 2.35536 17.0798
481 5753 2.3578 17.0965
477 5753 2.36024 17.1132
475 5753 2.36269 17.1298
474 5753 2.36513 17.1465
471 5753 2.36757 17.1632
466 5753 2.37002 17.1798
466 5753 2.37246 17.1965
463 5753 2.3749 17.2132
461 5753 2.37735 17.2298
459 5753 2.37979 17.2465
458 5753 2.38223 17.2632
456 5753 2.38468 17.2798
453 5753 2.38712 17.2965
450 5753 2.38956 17.3132
447 5753 2.39201 17.3298
445 5753 2.39445 17.3465
444 5753 2.39689 17.3632
442 5753 2.39934 17.3798
439 5753 2.40178 17.3965
434 5753 2.40422 17.4132
432 5753 2.40667 17.4298
430 5753 2.40911 17.4465
428 5753 2.41155 17.4632
427 5753 2.414 17.4798
424 5753 2.41644 17.4965
422 5753 2.41888 17.5132
421 5753 2.42133 17.5298
417 5753 2.42377 17.5465
414 5753 2.42621 17.5632
412 5753 2.42866 17.5798
408 5753 2.4311 17.5965
408 5753 2.43354 17.6132
405 5753 2.43599 17.6298
403 5753 2.43843 17.6465
401 5753 2.44087 17.6632
400 5753 2.44332 17.6798
398 5753 2.44576 17.6965
394 5753 2.4482 17.7132
393 5753 2.45064 17.7298
389 5753 2.45309 17.7465
386 5753 2.45553 17.7632
385 5753 2.45797 17.7798
381 5753 2.46042 17.7965
379 5753 2.46286 17.8132
376 5753 2.4653 17.8298
373 5753 2.46775 17.8465
371 5753 2.47019 17.8632
369 5753 2.47263 17.8798
367 5753 2.47508 17.8965
364 5753 2.47752 17.9132
361 5753 2.47996 17.9298
358 5753 2.48241 17.9465
358 5753 2.48485 17.9632
355 5753 2.48729 17.9798
351 5753 2.48974 17.9965
350 5753 2.49218 18.0132
349 5753 2.49462 18.0298
348 5753 2.49707 18.0465
344 5753 2.49951 18.0632
342 5753 2.50195 18.0798
338 5753 2.5044 18.0965
337 5753 2.50684 18.1132
337 5753 2.50928 18.1298
332 5753 2.51173 18.1465
330 5753 2.51417 18.1632
328 5753 2.51661 18.1798
326 5753 2.51906 18.1965
322 5753 2.5215 18.2132
321 5753 2.52394 18.2298
320 5753 2.52639 18.2465
317 5753 2.52883 18.2632
315 5753 2.53127 18.2798
312 5753 2.53372 18.2965
310 5753 2.53616 18.3132
308 5753 2.5386 18.3298
308 5753 2.54105 18.3465
305 5753 2.54349 18.3632
302 5753 2.54593 18.3798
300 5753 2.54838 18.3965
299 5753 2.55082 18.4132
297 5753 2.55326 18.4298
295 5753 2.55571 18.4465
292 5753 2.55815 18.4632
289 5753 2.56059 18.4798
289 5753 2.56304 18.4965
286 5753 2.56548 18.5132
283 5753 2.56792 18.5298
281 5753 2.57037 18.5465
278 5753 2.57281 18.5632
278 5753 2.57525 18.5798
275 5753 2.57525 18.5965
272 5753 2.57525 18.6132
271 5753 2.57525 18.6298
268 5753 2.57525 18.6465
267 5753 2.57525 18.6632
264 5753 2.57525 18.6798
262 5753 2.57525 18.6965
261 5753 2.57525 18.7132
256 5753 2.57525 18.7298
255 5753 2.57525 18.7465
254 5753 2.57525 18.7632
253 5753 2.57525 18.7798
250 5753 2.57525 18.7965
249 5753 2.57525 18.8132
246 5753 2.57525 18.8298
245 5753 2.57525 18.8465
243 5753 2.57525 18.8632
240 5753 2.57525 18.8798
235 5753 2.57525 18.8965
234 5753 2.57525 18.9132
234 5753 2.57525 18.9298
232 5753 2.57525 18.9465
231 5753 2.57525 18.9632
229 5753 2.57525 18.9798
226 5753 2.57525 18.9965
224 5753 2.57525 19.0131
222 5753 2.57525 19.0298
220 5753 2.57525 19.0465
219 5753 2.57525 19.0631
218 5753 2.57525 19.0798
216 5753 2.57525 19.0965
212 5753 2.57525 19.1131
210 5753 2.57525 19.1298
209 5753 2.57525 19.1465
206 5753 2.57525 19.1631
205 5753 2.57525 19.1798
204 5753 2.57525 19.1965
200 5753 2.57525 19.2131
196 5753 2.57525 19.2298
194 5753 2.57525 19.2465
192 5753 2.57525 19.2631
190 5753 2.57525 19.2798
188 5753 2.57525 19.2965
184 5753 2.57525 19.3131
182 5753 2.57525 19.3298
179 5753 2.57525 19.3465
178 5753 2.57525 19.3631
175 5753 2.57525 19.3798
173 5753 2.57525 19.3965
172 5753 2.57525 19.4131
168 5753 2.57525 19.4298
166 5753 2.57525 19.4465
163 5753 2.57525 19.4631
163 5753 2.57525 19.4798
160 5753 2.57525 19.4965
157 5753 2.57525 19.5131
155 5753 2.57525 19.5298
155 5753 2.57525 19.5465
153 5753 2.57525 19.5631
152 5753 2.57525 19.5798
150 5753 2.57525 19.5965
146 5753 2.57525 19.6131
146 5753 2.57525 19.6298
145 5753 2.57525 19.6465
144 5753 2.57525 19.6631
142 5753 2.57525 19.6798
142 5753 2.57525 19.6965
142 5753 2.57525 19.7131
141 5753 2.57525 19.7298
141 5753 2.57525 19.7465
138 5753 2.57525 19.7631
137 5753 2.57525 19.7798
137 5753 2.57525 19.7965
137 5753 2.57525 19.8131
136 5753 2.57525 19.8298
134 5753 2.57525 19.8465
134 5753 2.57525 19.8631
133 5753 2.57525 19.8798
133 5753 2.57525 19.8965
132 5753 2.57525 19.9131
132 5753 2.57525 19.9298
132 5753 2.57525 19.9465
132 5753 2.57525 19.9631
132 5753 2.57525 19.9798
131 5753 2.57525 19.9965
131 5753 2.57525 20.0131
130 5753 2.57525 20.0298
130 5753 2.57525 20.0465
130 5753 2.57525 20.0631
129 5753 2.57525 20.0798
129 5753 2.57525 20.0965
129 5753 2.57525 20.1131
129 5753 2.57525 20.1298
129 5753 2.57525 20.1465
129 5753 2.57525 20.1631
129 5753 2.57525 20.1798
129 5753 2.57525 20.1965
129 5753 2.57525 20.2131
129 5753 2.57525 20.2298
129 5753 2.57525 20.2465
129 5753 2.57525 20.2631
129 5753 2.57525 20.2798
129 5753 2.57525 20.2965
129 5753 2.57525 20.3131
129 5753 2.57525 20.3298
129 5753 2.57525 20.3465
129 5753 2.57525 20.3631
129 5753 2.57525 20.3798
129 5753 2.57525 20.3965
129 5753 2.57525 20.4131
129 5753 2.57525 20.4298
