20244 16951 0.00244333 0.00794053
20205 16951 0.00244333 0.0246072
20187 16951 0.00244333 0.0412738
20185 16951 0.00244333 0.0579405
19772 16951 0.00244333 0.0746071
19504 16951 0.00244333 0.0912738
19450 16951 0.00244333 0.10794
19435 16951 0.00244333 0.124607
19435 16951 0.00244333 0.141274
19020 16951 0.00244333 0.15794
18743 16951 0.00244333 0.174607
18678 16951 0.00244333 0.191274
18672 16951 0.00244333 0.20794
18671 16951 0.00244333 0.224607
18256 16951 0.00244333 0.241274
17970 16951 0.00244333 0.25794
17902 16951 0.00244333 0.274607
17898 16951 0.00244333 0.291274
17898 16951 0.00244333 0.30794
17482 16951 0.00244333 0.324607
17194 16951 0.00244333 0.341274
17125 16951 0.00244333 0.35794
17124 16951 0.00244333 0.374607
17121 16951 0.00244333 0.391273
16696 16951 0.00244333 0.40794
16432 16951 0.00244333 0.424607
16350 16951 0.00244333 0.441273
16350 16951 0.00244333 0.45794
16350 16951 0.00244333 0.474607
15924 16951 0.00244333 0.491273
15636 16951 0.00244333 0.50794
15576 16951 0.00244333 0.524607
15576 16951 0.00244333 0.541273
15576 16951 0.00244333 0.55794
15576 16951 0.00244333 0.574607
15576 16951 0.00244333 0.591273
15576 16951 0.00244333 0.60794
15576 16951 0.00244333 0.624607
15576 16951 0.00244333 0.641273
15576 16951 0.00244333 0.65794
15576 16951 0.00244333 0.674607
15576 16951 0.00244333 0.691273
15576 16951 0.00244333 0.70794
15576 16951 0.00244333 0.724607
15576 16951 0.00244333 0.741273
15576 16951 0.00244333 0.75794
15576 16951 0.00244333 0.774606
15576 16951 0.00244333 0.791273
15576 16951 0.00244333 0.80794
15576 16951 0.00244333 0.824606
15576 16951 0.00244333 0.841273
15576 16951 0.00244333 0.85794
15576 16951 0.00244333 0.874606
15576 16951 0.00488665 0.891273
15576 16951 0.00732998 0.90794
15576 16951 0.0097733 0.924606
15576 16951 0.0122166 0.941273
15576 16951 0.0146599 0.95794
15576 16951 0.0171033 0.974606
15576 16951 0.0195466 0.991273
15576 16951 0.0219899 1.00794
15576 16951 0.0244332 1.02461
15576 16951 0.0268766 1.04127
15576 16951 0.0293199 1.05794
15576 16951 0.0317632 1.07461
15576 16951 0.0342066 1.09127
15576 16951 0.0366499 1.10794
15576 16951 0.0390932 1.12461
15576 16951 0.0415365 1.14127
15576 16951 0.0439798 1.15794
15576 16951 0.0464232 1.17461
15576 16951 0.0488665 1.19127
15576 16951 0.0513098 1.20794
15576 16951 0.0537531 1.22461
15576 16951 0.0561965 1.24128
15576 16951 0.0586398 1.25794
15576 16951 0.0610831 1.27461
15576 16951 0.0635265 1.29128
15576 16951 0.0659698 1.30794
15576 16951 0.0684131 1.32461
15576 16951 0.0708564 1.34128
15576 16951 0.0732998 1.35794
15576 16951 0.0757431 1.37461
15576 16951 0.0781864 1.39128
15576 16951 0.0806298 1.40794
15576 16951 0.0830731 1.42461
15576 16951 0.0855164 1.44128
15576 16951 0.0879597 1.45795
15576 16951 0.0904031 1.47461
15576 16951 0.0928464 1.49128
15576 16951 0.0952897 1.50795
15576 16951 0.0977331 1.52461
15576 16951 0.100176 1.54128
15576 16951 0.10262 1.55795
15576 16951 0.105063 1.57461
15576 16951 0.107506 1.59128
15576 16951 0.10995 1.60795
15576 16951 0.112393 1.62461
15576 16951 0.114836 1.64128
15576 16951 0.11728 1.65795
15576 16951 0.119723 1.67461
15576 16951 0.122166 1.69128
15576 16951 0.12461 1.70795
15576 16951 0.127053 1.72462
15576 16951 0.129496 1.74128
15576 16951 0.13194 1.75795
15576 16951 0.134383 1.77462
15576 16951 0.136826 1.79128
15576 16951 0.13927 1.80795
15576 16951 0.141713 1.82462
15576 16951 0.144156 1.84128
15576 16951 0.1466 1.85795
15576 16951 0.149043 1.87462
15576 16951 0.151486 1.89128
15576 16951 0.15393 1.90795
15576 16951 0.156373 1.92462
15576 16951 0.158816 1.94128
15576 16951 0.16126 1.95795
15576 16951 0.163703 1.97462
15576 16951 0.166146 1.99129
15576 16951 0.16859 2.00795
15576 16951 0.171033 2.02462
15576 16951 0.173476 2.04129
15576 16951 0.17592 2.05795
15576 16951 0.178363 2.07462
15576 16951 0.180806 2.09129
15576 16951 0.18325 2.10795
15576 16951 0.185693 2.12462
15576 16951 0.188136 2.14129
15576 16951 0.19058 2.15795
15576 16951 0.193023 2.17462
15576 16951 0.195466 2.19129
15576 16951 0.19791 2.20796
15576 16951 0.200353 2.22462
15576 16951 0.202796 2.24129
15576 16951 0.20524 2.25796
15576 16951 0.207683 2.27462
15576 16951 0.210126 2.29129
15576 16951 0.212569 2.30796
15576 16951 0.215013 2.32462
15576 16951 0.217456 2.34129
15576 16951 0.219899 2.35796
15576 16951 0.222343 2.37462
15576 16951 0.224786 2.39129
15576 16951 0.227229 2.40796
15576 16951 0.229673 2.42462
15576 16951 0.232116 2.44129
15576 16951 0.234559 2.45796
15576 16951 0.237003 2.47463
15576 16951 0.239446 2.49129
15576 16951 0.241889 2.50796
15576 16951 0.244333 2.52463
15576 16951 0.246776 2.54129
15576 16951 0.249219 2.55796
15576 16951 0.251663 2.57463
15576 16951 0.254106 2.59129
15576 16951 0.256549 2.60796
15576 16951 0.258993 2.62463
15576 16951 0.261436 2.64129
15576 16951 0.263879 2.65796
15576 16951 0.266323 2.67463
15576 16951 0.268766 2.69129
15576 16951 0.271209 2.70796
15576 16951 0.273653 2.72463
15576 16951 0.276096 2.7413
15576 16951 0.278539 2.75796
15576 16951 0.280982 2.77463
15576 16951 0.283426 2.7913
15576 16951 0.285869 2.80796
15576 16951 0.288312 2.82463
15576 16951 0.290756 2.8413
15576 16951 0.293199 2.85796
15576 16951 0.295642 2.87463
15576 16951 0.298086 2.8913
15576 16951 0.300529 2.90796
15576 16951 0.302972 2.92463
15576 16951 0.305416 2.9413
15576 16951 0.307859 2.95797
15576 16951 0.310302 2.97463
15576 16951 0.312746 2.9913
15576 16951 0.315189 3.00797
15576 16951 0.317632 3.02463
15576 16951 0.320076 3.0413
15576 16951 0.322519 3.05797
15576 16951 0.324962 3.07463
15576 16951 0.327405 3.0913
15576 16951 0.329849 3.10797
15576 16951 0.332292 3.12463
15576 16951 0.334735 3.1413
15576 16951 0.337179 3.15797
15576 16951 0.339622 3.17463
15576 16951 0.342065 3.1913
15576 16951 0.344509 3.20797
15576 16951 0.346952 3.22464
15576 16951 0.349395 3.2413
15576 16951 0.351839 3.25797
15576 16951 0.354282 3.27464
15576 16951 0.356725 3.2913
15576 16951 0.359169 3.30797
15576 16951 0.361612 3.32464
15576 16951 0.364055 3.3413
15576 16951 0.366498 3.35797
15576 16951 0.368942 3.37464
15576 16951 0.371385 3.3913
15576 16951 0.373828 3.40797
15576 16951 0.376272 3.42464
15576 16951 0.378715 3.4413
15576 16951 0.381158 3.45797
15576 16951 0.383602 3.47464
15576 16951 0.386045 3.49131
15576 16951 0.388488 3.50797
15576 16951 0.390932 3.52464
15576 16951 0.393375 3.54131
15576 16951 0.395818 3.55797
15576 16951 0.398262 3.57464
15576 16951 0.400705 3.59131
15576 16951 0.403148 3.60797
15576 16951 0.405591 3.62464
15576 16951 0.408035 3.64131
15576 16951 0.410478 3.65797
15576 16951 0.412921 3.67464
15576 16951 0.415365 3.69131
15576 16951 0.417808 3.70798
15576 16951 0.420251 3.72464
15576 16951 0.422695 3.74131
15576 16951 0.425138 3.75798
15576 16951 0.427581 3.77464
15576 16951 0.430025 3.79131
15576 16951 0.432468 3.80798
15576 16951 0.434911 3.82464
15576 16951 0.437355 3.84131
15576 16951 0.439798 3.85798
15576 16951 0.442241 3.87464
15576 16951 0.444685 3.89131
15576 16951 0.447128 3.90798
15576 16951 0.449571 3.92464
15576 16951 0.452014 3.94131
15576 16951 0.454458 3.95798
15576 16951 0.456901 3.97465
15576 16951 0.459344 3.99131
15576 16951 0.461788 4.00798
15576 16951 0.464231 4.02465
15576 16951 0.466674 4.04131
15576 16951 0.469118 4.05798
15576 16951 0.471561 4.07465
15576 16951 0.474004 4.09131
15576 16951 0.476448 4.10798
15576 16951 0.478891 4.12465
15576 16951 0.481334 4.14131
15576 16951 0.483778 4.15798
15576 16951 0.486221 4.17465
15576 16951 0.488664 4.19131
15576 16951 0.491107 4.20798
15576 16951 0.493551 4.22465
15576 16951 0.495994 4.24132
15576 16951 0.498437 4.25798
15576 16951 0.500881 4.27465
15576 16951 0.503324 4.29132
15576 16951 0.505767 4.30798
15576 16951 0.508211 4.32465
15576 16951 0.510654 4.34132
15576 16951 0.513097 4.35798
15576 16951 0.515541 4.37465
15576 16951 0.517984 4.39132
15576 16951 0.520427 4.40798
15576 16951 0.522871 4.42465
15576 16951 0.525314 4.44132
15576 16951 0.527757 4.45798
15576 16951 0.5302 4.47465
15576 16951 0.532644 4.49132
15576 16951 0.535087 4.50799
15576 16951 0.53753 4.52465
15576 16951 0.539974 4.54132
15576 16951 0.542417 4.55799
15576 16951 0.54486 4.57465
15576 16951 0.547304 4.59132
15576 16951 0.549747 4.60799
15576 16951 0.55219 4.62465
15576 16951 0.554634 4.64132
15576 16951 0.557077 4.65799
15576 16951 0.55952 4.67465
15576 16951 0.561964 4.69132
15576 16951 0.564407 4.70799
15576 16951 0.56685 4.72466
15576 16951 0.569293 4.74132
15576 16951 0.571737 4.75799
15576 16951 0.57418 4.77466
15576 16951 0.576623 4.79132
15576 16951 0.579067 4.80799
15576 16951 0.58151 4.82466
15576 16951 0.583953 4.84132
15576 16951 0.586397 4.85799
15576 16951 0.58884 4.87466
15576 16951 0.591283 4.89132
15576 16951 0.593727 4.90799
15576 16951 0.59617 4.92466
15576 16951 0.598613 4.94133
15576 16951 0.601057 4.95799
15576 16951 0.6035 4.97466
15576 16951 0.605943 4.99133
15576 16951 0.608387 5.00799
15576 16951 0.61083 5.02466
15576 16951 0.613273 5.04133
15576 16951 0.615716 5.05799
15576 16951 0.61816 5.07466
15576 16951 0.620603 5.09132
15576 16951 0.623046 5.10799
15576 16951 0.62549 5.12466
15576 16951 0.627933 5.14132
15576 16951 0.630376 5.15799
15576 16951 0.63282 5.17466
15576 16951 0.635263 5.19132
15576 16951 0.637706 5.20799
15576 16951 0.64015 5.22466
15576 16951 0.642593 5.24132
15576 16951 0.645036 5.25799
15576 16951 0.64748 5.27466
15576 16951 0.649923 5.29132
15576 16951 0.652366 5.30799
15576 16951 0.654809 5.32465
15576 16951 0.657253 5.34132
15576 16951 0.659696 5.35799
15576 16951 0.662139 5.37465
15576 16951 0.664583 5.39132
15576 16951 0.667026 5.40799
15576 16951 0.669469 5.42465
15576 16951 0.671913 5.44132
15576 16951 0.674356 5.45799
15576 16951 0.676799 5.47465
15576 16951 0.679243 5.49132
15576 16951 0.681686 5.50799
15576 16951 0.684129 5.52465
15576 16951 0.686573 5.54132
15576 16951 0.689016 5.55798
15576 16951 0.691459 5.57465
15576 16951 0.693902 5.59132
15576 16951 0.696346 5.60798
15576 16951 0.698789 5.62465
15576 16951 0.701232 5.64132
15576 16951 0.703676 5.65798
15576 16951 0.706119 5.67465
15576 16951 0.708562 5.69132
15576 16951 0.711006 5.70798
15576 16951 0.713449 5.72465
15576 16951 0.715892 5.74131
15576 16951 0.718336 5.75798
15576 16951 0.720779 5.77465
15576 16951 0.723222 5.79131
15576 16951 0.725666 5.80798
15576 16951 0.728109 5.82465
15576 16951 0.730552 5.84131
15576 16951 0.732996 5.85798
15576 16951 0.735439 5.87465
15576 16951 0.737882 5.89131
15576 16951 0.740325 5.90798
15576 16951 0.742769 5.92465
15576 16951 0.745212 5.94131
15576 16951 0.747655 5.95798
15576 16951 0.750099 5.97464
15576 16951 0.752542 5.99131
15576 16951 0.754985 6.00798
15576 16951 0.757429 6.02464
15576 16951 0.759872 6.04131
15576 16951 0.762315 6.05798
15576 16951 0.764759 6.07464
15576 16951 0.767202 6.09131
15576 16951 0.769645 6.10798
15576 16951 0.772089 6.12464
15576 16951 0.774532 6.14131
15576 16951 0.776975 6.15798
15576 16951 0.779418 6.17464
15576 16951 0.781862 6.19131
15576 16951 0.784305 6.20797
15576 16951 0.786748 6.22464
15576 16951 0.789192 6.24131
15576 16951 0.791635 6.25797
15576 16951 0.794078 6.27464
15576 16951 0.796522 6.29131
15576 16951 0.798965 6.30797
15576 16951 0.801408 6.32464
15576 16951 0.803852 6.34131
15576 16951 0.806295 6.35797
15576 16951 0.808738 6.37464
15576 16951 0.811182 6.3913
15576 16951 0.813625 6.40797
15576 16951 0.816068 6.42464
15576 16951 0.818511 6.4413
15576 16951 0.820955 6.45797
15576 16951 0.823398 6.47464
15576 16951 0.825841 6.4913
15576 16951 0.828285 6.50797
15576 16951 0.830728 6.52464
15576 16951 0.833171 6.5413
15576 16951 0.835615 6.55797
15576 16951 0.838058 6.57464
15576 16951 0.840501 6.5913
15576 16951 0.842945 6.60797
15576 16951 0.845388 6.62463
15576 16951 0.847831 6.6413
15576 16951 0.850275 6.65797
15576 16951 0.852718 6.67463
15576 16951 0.855161 6.6913
15576 16951 0.857605 6.70797
15576 16951 0.860048 6.72463
15576 16951 0.862491 6.7413
15576 16951 0.864934 6.75797
15576 16951 0.867378 6.77463
15576 16951 0.869821 6.7913
15576 16951 0.872264 6.80797
15576 16951 0.874708 6.82463
15576 16951 0.877151 6.8413
15576 16951 0.879594 6.85796
15576 16951 0.882038 6.87463
15576 16951 0.884481 6.8913
15576 16951 0.886924 6.90796
15576 16951 0.889368 6.92463
15576 16951 0.891811 6.9413
15576 16951 0.894254 6.95796
15576 16951 0.896698 6.97463
15576 16951 0.899141 6.9913
15576 16951 0.901584 7.00796
15576 16951 0.904027 7.02463
15576 16951 0.906471 7.0413
15576 16951 0.908914 7.05796
15576 16951 0.911357 7.07463
15576 16951 0.913801 7.09129
15576 16951 0.916244 7.10796
15576 16951 0.918687 7.12463
15576 16951 0.921131 7.14129
15576 16951 0.923574 7.15796
15576 16951 0.926017 7.17463
15576 16951 0.928461 7.19129
15575 16951 0.930904 7.20796
15574 16951 0.933347 7.22463
15573 16951 0.935791 7.24129
15571 16951 0.938234 7.25796
15571 16951 0.940677 7.27462
15570 16951 0.94312 7.29129
15568 16951 0.945564 7.30796
15566 16951 0.948007 7.32462
15565 16951 0.95045 7.34129
15564 16951 0.952894 7.35796
15561 16951 0.955337 7.37462
15560 16951 0.95778 7.39129
15557 16951 0.960224 7.40796
15552 16951 0.962667 7.42462
15550 16951 0.96511 7.44129
15549 16951 0.967554 7.45796
15545 16951 0.969997 7.47462
15541 16951 0.97244 7.49129
15537 16951 0.974884 7.50795
15535 16951 0.977327 7.52462
15529 16951 0.97977 7.54129
15524 16951 0.982213 7.55795
15524 16951 0.984657 7.57462
15519 16951 0.9871 7.59129
15513 16951 0.989543 7.60795
15511 16951 0.991987 7.62462
15506 16951 0.99443 7.64129
15498 16951 0.996873 7.65795
15494 16951 0.999317 7.67462
15486 16951 1.00176 7.69129
15476 16951 1.0042 7.70795
15466 16951 1.00665 7.72462
15459 16951 1.00909 7.74128
15449 16951 1.01153 7.75795
15443 16951 1.01398 7.77462
15431 16951 1.01642 7.79128
15422 16951 1.01886 7.80795
15416 16951 1.02131 7.82462
15400 16951 1.02375 7.84128
15391 16951 1.02619 7.85795
15379 16951 1.02864 7.87462
15368 16951 1.03108 7.89128
15355 16951 1.03352 7.90795
15342 16951 1.03597 7.92461
15330 16951 1.03841 7.94128
15312 16951 1.04085 7.95795
15304 16951 1.0433 7.97461
15293 16951 1.04574 7.99128
15279 16951 1.04818 8.00795
15267 16951 1.05063 8.02461
15251 16951 1.05307 8.04128
15236 16951 1.05551 8.05795
15220 16951 1.05796 8.07461
15202 16951 1.0604 8.09128
15190 16951 1.06284 8.10795
15173 16951 1.06529 8.12461
15151 16951 1.06773 8.14128
15131 16951 1.07017 8.15794
15111 16951 1.07262 8.17461
15097 16951 1.07506 8.19128
15078 16951 1.0775 8.20794
15056 16951 1.07995 8.22461
15036 16951 1.08239 8.24128
15016 16951 1.08483 8.25794
14991 16951 1.08728 8.27461
14967 16951 1.08972 8.29128
14944 16951 1.09216 8.30794
14918 16951 1.09461 8.32461
14898 16951 1.09705 8.34128
14873 16951 1.09949 8.35794
14856 16951 1.10194 8.37461
14830 16951 1.10438 8.39127
14804 16951 1.10682 8.40794
14779 16951 1.10927 8.42461
14750 16951 1.11171 8.44127
14727 16951 1.11415 8.45794
14699 16951 1.1166 8.47461
14666 16951 1.11904 8.49127
14637 16951 1.12148 8.50794
14608 16951 1.12393 8.52461
14582 16951 1.12637 8.54127
14557 16951 1.12881 8.55794
14524 16951 1.13126 8.5746
14497 16951 1.1337 8.59127
14466 16951 1.13614 8.60794
14436 16951 1.13859 8.6246
14400 16951 1.14103 8.64127
14364 16951 1.14347 8.65794
14332 16951 1.14592 8.6746
14300 16951 1.14836 8.69127
14272 16951 1.1508 8.70794
14231 16951 1.15325 8.7246
14192 16951 1.15569 8.74127
14159 16951 1.15813 8.75794
14128 16951 1.16058 8.7746
14095 16951 1.16302 8.79127
14054 16951 1.16546 8.80793
14022 16951 1.16791 8.8246
13989 16951 1.17035 8.84127
13951 16951 1.17279 8.85793
13915 16951 1.17524 8.8746
13875 16951 1.17768 8.89127
13845 16951 1.18012 8.90793
13801 16951 1.18257 8.9246
13762 16951 1.18501 8.94127
13731 16951 1.18745 8.95793
13693 16951 1.1899 8.9746
13647 16951 1.19234 8.99127
13618 16951 1.19478 9.00793
13570 16951 1.19723 9.0246
13542 16951 1.19967 9.04126
13497 16951 1.20211 9.05793
13459 16951 1.20456 9.0746
13423 16951 1.207 9.09126
13378 16951 1.20944 9.10793
13340 16951 1.21188 9.1246
13297 16951 1.21433 9.14126
13255 16951 1.21677 9.15793
13217 16951 1.21921 9.1746
13166 16951 1.22166 9.19126
13126 16951 1.2241 9.20793
13086 16951 1.22654 9.2246
13036 16951 1.22899 9.24126
12999 16951 1.23143 9.25793
12957 16951 1.23387 9.27459
12913 16951 1.23632 9.29126
12872 16951 1.23876 9.30793
12827 16951 1.2412 9.32459
12786 16951 1.24365 9.34126
12748 16951 1.24609 9.35793
12700 16951 1.24853 9.37459
12655 16951 1.25098 9.39126
12614 16951 1.25342 9.40793
12571 16951 1.25586 9.42459
12524 16951 1.25831 9.44126
12484 16951 1.26075 9.45792
12435 16951 1.26319 9.47459
12402 16951 1.26564 9.49126
12354 16951 1.26808 9.50792
12309 16951 1.27052 9.52459
12268 16951 1.27297 9.54126
12225 16951 1.27541 9.55792
12180 16951 1.27785 9.57459
12134 16951 1.2803 9.59126
12088 16951 1.28274 9.60792
12048 16951 1.28518 9.62459
12003 16951 1.28763 9.64126
11954 16951 1.29007 9.65792
11904 16951 1.29251 9.67459
11860 16951 1.29496 9.69125
11812 16951 1.2974 9.70792
11772 16951 1.29984 9.72459
11725 16951 1.30229 9.74125
11685 16951 1.30473 9.75792
11624 16951 1.30717 9.77459
11588 16951 1.30962 9.79125
11538 16951 1.31206 9.80792
11484 16951 1.3145 9.82459
11448 16951 1.31695 9.84125
11396 16951 1.31939 9.85792
11339 16951 1.32183 9.87459
11296 16951 1.32428 9.89125
11248 16951 1.32672 9.90792
11200 16951 1.32916 9.92458
11159 16951 1.33161 9.94125
11108 16951 1.33405 9.95792
11066 16951 1.33649 9.97458
11012 16951 1.33894 9.99125
10965 16951 1.34138 10.0079
10916 16951 1.34382 10.0246
10862 16951 1.34627 10.0412
10814 16951 1.34871 10.0579
10766 16951 1.35115 10.0746
10719 16951 1.3536 10.0912
10673 16951 1.35604 10.1079
10624 16951 1.35848 10.1246
10579 16951 1.36093 10.1412
10528 16951 1.36337 10.1579
10479 16951 1.36581 10.1746
10431 16951 1.36826 10.1912
10388 16951 1.3707 10.2079
10332 16951 1.37314 10.2246
10293 16951 1.37559 10.2412
10238 16951 1.37803 10.2579
10196 16951 1.38047 10.2746
10149 16951 1.38292 10.2912
10105 16951 1.38536 10.3079
10057 16951 1.3878 10.3246
10005 16951 1.39025 10.3412
9956 16951 1.39269 10.3579
9906 16951 1.39513 10.3746
9866 16951 1.39758 10.3912
9810 16951 1.40002 10.4079
9773 16951 1.40246 10.4246
9725 16951 1.40491 10.4412
9678 16951 1.40735 10.4579
9630 16951 1.40979 10.4746
9590 16951 1.41224 10.4912
9536 16951 1.41468 10.5079
9494 16951 1.41712 10.5246
9439 16951 1.41957 10.5412
9395 16951 1.42201 10.5579
9343 16951 1.42445 10.5746
9295 16951 1.4269 10.5912
9251 16951 1.42934 10.6079
9214 16951 1.43178 10.6246
9165 16951 1.43423 10.6412
9121 16951 1.43667 10.6579
9072 16951 1.43911 10.6746
9034 16951 1.44156 10.6912
8985 16951 1.444 10.7079
8935 16951 1.44644 10.7246
8891 16951 1.44889 10.7412
8852 16951 1.45133 10.7579
8799 16951 1.45377 10.7746
8763 16951 1.45622 10.7912
8718 16951 1.45866 10.8079
8669 16951 1.4611 10.8246
8623 16951 1.46355 10.8412
8573 16951 1.46599 10.8579
8537 16951 1.46843 10.8746
8488 16951 1.47088 10.8912
8440 16951 1.47332 10.9079
8399 16951 1.47576 10.9246
8354 16951 1.47821 10.9412
8308 16951 1.48065 10.9579
8273 16951 1.48309 10.9746
8220 16951 1.48554 10.9912
8182 16951 1.48798 11.0079
8129 16951 1.49042 11.0246
8092 16951 1.49287 11.0412
8046 16951 1.49531 11.0579
8006 16951 1.49775 11.0746
7963 16951 1.5002 11.0912
7916 16951 1.50264 11.1079
7877 16951 1.50508 11.1246
7837 16951 1.50753 11.1412
7787 16951 1.50997 11.1579
7747 16951 1.51241 11.1746
7705 16951 1.51486 11.1912
7660 16951 1.5173 11.2079
7625 16951 1.51974 11.2246
7585 16951 1.52219 11.2412
7539 16951 1.52463 11.2579
7496 16951 1.52707 11.2746
7454 16951 1.52952 11.2912
7410 16951 1.53196 11.3079
7375 16951 1.5344 11.3246
7327 16951 1.53685 11.3412
7282 16951 1.53929 11.3579
7245 16951 1.54173 11.3746
7203 16951 1.54418 11.3912
7167 16951 1.54662 11.4079
7121 16951 1.54906 11.4246
7081 16951 1.55151 11.4412
7036 16951 1.55395 11.4579
6998 16951 1.55639 11.4746
6957 16951 1.55884 11.4912
6918 16951 1.56128 11.5079
6879 16951 1.56372 11.5246
6839 16951 1.56617 11.5412
6804 16951 1.56861 11.5579
6761 16951 1.57105 11.5746
6721 16951 1.5735 11.5912
6680 16951 1.57594 11.6079
6639 16951 1.57838 11.6246
6605 16951 1.58083 11.6412
6562 16951 1.58327 11.6579
6526 16951 1.58571 11.6746
6478 16951 1.58816 11.6912
6440 16951 1.5906 11.7079
6407 16951 1.59304 11.7246
6360 16951 1.59549 11.7412
6325 16951 1.59793 11.7579
6287 16951 1.60037 11.7746
6242 16951 1.60282 11.7912
6204 16951 1.60526 11.8079
6167 16951 1.6077 11.8246
6133 16951 1.61015 11.8412
6085 16951 1.61259 11.8579
6053 16951 1.61503 11.8746
6005 16951 1.61748 11.8912
5971 16951 1.61992 11.9079
5933 16951 1.62236 11.9246
5890 16951 1.6248 11.9412
5849 16951 1.62725 11.9579
5809 16951 1.62969 11.9746
5766 16951 1.63213 11.9912
5727 16951 1.63458 12.0079
5684 16951 1.63702 12.0246
5646 16951 1.63946 12.0412
5607 16951 1.64191 12.0579
5566 16951 1.64435 12.0746
5524 16951 1.64679 12.0912
5483 16951 1.64924 12.1079
5443 16951 1.65168 12.1246
5396 16951 1.65412 12.1412
5358 16951 1.65657 12.1579
5309 16951 1.65901 12.1746
5275 16951 1.66145 12.1912
5234 16951 1.6639 12.2079
5193 16951 1.66634 12.2245
5148 16951 1.66878 12.2412
5110 16951 1.67123 12.2579
5067 16951 1.67367 12.2745
5030 16951 1.67611 12.2912
4990 16951 1.67856 12.3079
4940 16951 1.681 12.3245
4901 16951 1.68344 12.3412
4865 16951 1.68589 12.3579
4827 16951 1.68833 12.3745
4785 16951 1.69077 12.3912
4740 16951 1.69322 12.4079
4701 16951 1.69566 12.4245
4665 16951 1.6981 12.4412
4622 16951 1.70055 12.4579
4585 16951 1.70299 12.4745
4544 16951 1.70543 12.4912
4501 16951 1.70788 12.5079
4460 16951 1.71032 12.5245
4420 16951 1.71276 12.5412
4376 16951 1.71521 12.5579
4335 16951 1.71765 12.5745
4291 16951 1.72009 12.5912
4248 16951 1.72254 12.6079
4208 16951 1.72498 12.6245
4165 16951 1.72742 12.6412
4130 16951 1.72987 12.6579
4087 16951 1.73231 12.6745
4047 16951 1.73475 12.6912
4009 16951 1.7372 12.7079
3972 16951 1.73964 12.7245
3931 16951 1.74208 12.7412
3895 16951 1.74453 12.7579
3858 16951 1.74697 12.7745
3822 16951 1.74941 12.7912
3778 16951 1.75186 12.8079
3747 16951 1.7543 12.8245
3706 16951 1.75674 12.8412
3671 16951 1.75919 12.8579
3630 16951 1.76163 12.8745
3599 16951 1.76407 12.8912
3566 16951 1.76652 12.9079
3529 16951 1.76896 12.9245
3492 16951 1.7714 12.9412
3460 16951 1.77385 12.9579
3422 16951 1.77629 12.9745
3395 16951 1.77873 12.9912
3361 16951 1.78118 13.0079
3327 16951 1.78362 13.0245
3293 16951 1.78606 13.0412
3257 16951 1.78851 13.0579
3224 16951 1.79095 13.0745
3188 16951 1.79339 13.0912
3151 16951 1.79584 13.1079
3117 16951 1.79828 13.1245
3078 16951 1.80072 13.1412
3050 16951 1.80317 13.1579
3017 16951 1.80561 13.1745
2986 16951 1.80805 13.1912
2955 16951 1.8105 13.2079
2915 16951 1.81294 13.2245
2885 16951 1.81538 13.2412
2853 16951 1.81783 13.2579
2819 16951 1.82027 13.2745
2789 16951 1.82271 13.2912
2754 16951 1.82516 13.3079
2723 16951 1.8276 13.3245
2690 16951 1.83004 13.3412
2662 16951 1.83249 13.3579
2632 16951 1.83493 13.3745
2594 16951 1.83737 13.3912
2570 16951 1.83982 13.4079
2537 16951 1.84226 13.4245
2506 16951 1.8447 13.4412
2479 16951 1.84715 13.4579
2448 16951 1.84959 13.4745
2420 16951 1.85203 13.4912
2385 16951 1.85448 13.5079
2356 16951 1.85692 13.5245
2325 16951 1.85936 13.5412
2296 16951 1.86181 13.5579
2268 16951 1.86425 13.5745
2238 16951 1.86669 13.5912
2207 16951 1.86914 13.6079
2179 16951 1.87158 13.6245
2146 16951 1.87402 13.6412
2123 16951 1.87647 13.6579
2092 16951 1.87891 13.6745
2069 16951 1.88135 13.6912
2037 16951 1.8838 13.7079
2009 16951 1.88624 13.7245
1981 16951 1.88868 13.7412
1957 16951 1.89113 13.7579
1926 16951 1.89357 13.7745
1899 16951 1.89601 13.7912
1873 16951 1.89846 13.8079
1849 16951 1.9009 13.8245
1820 16951 1.90334 13.8412
1798 16951 1.90579 13.8579
1762 16951 1.90823 13.8745
1740 16951 1.91067 13.8912
1716 16951 1.91312 13.9079
1695 16951 1.91556 13.9245
1668 16951 1.918 13.9412
1637 16951 1.92045 13.9579
1617 16951 1.92289 13.9745
1593 16951 1.92533 13.9912
1569 16951 1.92778 14.0079
1541 16951 1.93022 14.0245
1521 16951 1.93266 14.0412
1496 16951 1.93511 14.0579
1472 16951 1.93755 14.0745
1447 16951 1.93999 14.0912
1424 16951 1.94244 14.1079
1397 16951 1.94488 14.1245
1381 16951 1.94732 14.1412
1352 16951 1.94977 14.1579
1330 16951 1.95221 14.1745
1306 16951 1.95465 14.1912
1285 16951 1.9571 14.2079
1265 16951 1.95954 14.2245
1243 16951 1.96198 14.2412
1220 16951 1.96443 14.2579
1196 16951 1.96687 14.2745
1171 16951 1.96931 14.2912
1151 16951 1.97176 14.3079
1131 16951 1.9742 14.3245
1109 16951 1.97664 14.3412
1089 16951 1.97909 14.3579
1067 16951 1.98153 14.3745
1045 16951 1.98397 14.3912
1029 16951 1.98642 14.4078
1007 16951 1.98886 14.4245
989 16951 1.9913 14.4412
968 16951 1.99375 14.4578
953 16951 1.99619 14.4745
932 16951 1.99863 14.4912
914 16951 2.00108 14.5078
892 16951 2.00352 14.5245
877 16951 2.00596 14.5412
860 16951 2.00841 14.5578
843 16951 2.01085 14.5745
821 16951 2.01329 14.5912
807 16951 2.01574 14.6078
790 16951 2.01818 14.6245
775 16951 2.02062 14.6412
757 16951 2.02307 14.6578
739 16951 2.02551 14.6745
725 16951 2.02795 14.6912
710 16951 2.0304 14.7078
695 16951 2.03284 14.7245
679 16951 2.03528 14.7412
662 16951 2.03772 14.7578
648 16951 2.04017 14.7745
633 16951 2.04261 14.7912
619 16951 2.04505 14.8078
605 16951 2.0475 14.8245
589 16951 2.04994 14.8412
576 16951 2.05238 14.8578
563 16951 2.05483 14.8745
552 16951 2.05727 14.8912
537 16951 2.05971 14.9078
525 16951 2.06216 14.9245
509 16951 2.0646 14.9412
499 16951 2.06704 14.9578
488 16951 2.06949 14.9745
473 16951 2.07193 14.9912
463 16951 2.07437 15.0078
450 16951 2.07682 15.0245
439 16951 2.07926 15.0412
429 16951 2.0817 15.0578
417 16951 2.08415 15.0745
406 16951 2.08659 15.0912
395 16951 2.08903 15.1078
384 16951 2.09148 15.1245
376 16951 2.09392 15.1412
366 16951 2.09636 15.1578
354 16951 2.09881 15.1745
344 16951 2.10125 15.1912
334 16951 2.10369 15.2078
324 16951 2.10614 15.2245
313 16951 2.10858 15.2412
306 16951 2.11102 15.2578
294 16951 2.11347 15.2745
286 16951 2.11591 15.2912
275 16951 2.11835 15.3078
264 16951 2.1208 15.3245
255 16951 2.12324 15.3412
245 16951 2.12568 15.3578
236 16951 2.12813 15.3745
226 16951 2.13057 15.3912
217 16951 2.13301 15.4078
208 16951 2.13546 15.4245
198 16951 2.1379 15.4412
188 16951 2.14034 15.4578
180 16951 2.14279 15.4745
171 16951 2.14523 15.4912
164 16951 2.14767 15.5078
153 16951 2.15012 15.5245
145 16951 2.15256 15.5412
137 16951 2.155 15.5578
127 16951 2.15745 15.5745
118 16951 2.15989 15.5912
110 16951 2.16233 15.6078
101 16951 2.16478 15.6245
91 16951 2.16722 15.6412
84 16951 2.16966 15.6578
76 16951 2.17211 15.6745
69 16951 2.17455 15.6912
60 16951 2.17699 15.7078
56 16951 2.17944 15.7245
48 16951 2.18188 15.7412
40 16951 2.18432 15.7578
36 16951 2.18677 15.7745
31 16951 2.18921 15.7912
25 16951 2.19165 15.8078
20 16951 2.1941 15.8245
17 16951 2.19654 15.8412
12 16951 2.19898 15.8578
11 16951 2.20143 15.8745
5 16951 2.20387 15.8912
1 16951 2.20631 15.9078
1 16951 2.20876 15.9245
1 16951 2.2112 15.9412
1 16951 2.21364 15.9578
0 16951 2.21609 15.9745
0 16951 2.21853 15.9912
0 16951 2.22097 16.0078
0 16951 2.22342 16.0245
0 16951 2.22586 16.0412
0 16951 2.2283 16.0578
0 16951 2.23075 16.0745
0 16951 2.23319 16.0912
0 16951 2.23563 16.1078
0 16951 2.23808 16.1245
0 16951 2.24052 16.1412
0 16951 2.24296 16.1578
0 16951 2.24541 16.1745
0 16951 2.24785 16.1912
0 16951 2.25029 16.2078
0 16951 2.25274 16.2245
0 16951 2.25518 16.2412
0 16951 2.25762 16.2578
0 16951 2.26007 16.2745
0 16951 2.26251 16.2912
0 16951 2.26495 16.3078
0 16951 2.2674 16.3245
0 16951 2.26984 16.3412
0 16951 2.27228 16.3578
0 16951 2.27473 16.3745
0 16951 2.27717 16.3912
0 16951 2.27961 16.4078
0 16951 2.28206 16.4245
0 16951 2.2845 16.4412
0 16951 2.28694 16.4578
0 16951 2.28939 16.4745
0 16951 2.29183 16.4911
0 16951 2.29427 16.5078
0 16951 2.29672 16.5245
0 16951 2.29916 16.5411
0 16951 2.3016 16.5578
0 16951 2.30405 16.5745
0 16951 2.30649 16.5911
0 16951 2.30893 16.6078
0 16951 2.31138 16.6245
0 16951 2.31382 16.6411
0 16951 2.31626 16.6578
0 16951 2.31871 16.6745
0 16951 2.32115 16.6911
0 16951 2.32359 16.7078
0 16951 2.32604 16.7245
0 16951 2.32848 16.7411
0 16951 2.33092 16.7578
0 16951 2.33337 16.7745
0 16951 2.33581 16.7911
0 16951 2.33825 16.8078
0 16951 2.3407 16.8245
0 16951 2.34314 16.8411
0 16951 2.34558 16.8578
0 16951 2.34803 16.8745
0 16951 2.35047 16.8911
0 16951 2.35291 16.9078
0 16951 2.35536 16.9245
0 16951 2.3578 16.9411
0 16951 2.36024 16.9578
0 16951 2.36269 16.9745
0 16951 2.36513 16.9911
0 16951 2.36757 17.0078
0 16951 2.37002 17.0245
0 16951 2.37246 17.0411
0 16951 2.3749 17.0578
0 16951 2.37735 17.0745
0 16951 2.37979 17.0911
0 16951 2.38223 17.1078
0 16951 2.38468 17.1245
0 16951 2.38712 17.1411
0 16951 2.38956 17.1578
0 16951 2.39201 17.1745
0 16951 2.39445 17.1911
0 16951 2.39689 17.2078
0 16951 2.39934 17.2245
0 16951 2.40178 17.2411
0 16951 2.40422 17.2578
0 16951 2.40667 17.2745
0 16951 2.40911 17.2911
0 16951 2.41155 17.3078
0 16951 2.414 17.3245
0 16951 2.41644 17.3411
0 16951 2.41888 17.3578
0 16951 2.42133 17.3745
0 16951 2.42377 17.3911
0 16951 2.42621 17.4078
0 16951 2.42866 17.4245
0 16951 2.4311 17.4411
0 16951 2.43354 17.4578
0 16951 2.43599 17.4745
0 16951 2.43843 17.4911
0 16951 2.44087 17.5078
0 16951 2.44332 17.5245
0 16951 2.44576 17.5411
0 16951 2.4482 17.5578
0 16951 2.45064 17.5745
0 16951 2.45309 17.5911
0 16951 2.45553 17.6078
0 16951 2.45797 17.6245
0 16951 2.46042 17.6411
0 16951 2.46286 17.6578
0 16951 2.4653 17.6745
0 16951 2.46775 17.6911
0 16951 2.47019 17.7078
0 16951 2.47263 17.7245
0 16951 2.47508 17.7411
0 16951 2.47752 17.7578
0 16951 2.47996 17.7745
0 16951 2.48241 17.7911
0 16951 2.48485 17.8078
0 16951 2.48729 17.8245
0 16951 2.48974 17.8411
0 16951 2.49218 17.8578
0 16951 2.49462 17.8745
0 16951 2.49707 17.8911
0 16951 2.49951 17.9078
0 16951 2.50195 17.9245
0 16951 2.5044 17.9411
0 16951 2.50684 17.9578
0 16951 2.50928 17.9745
0 16951 2.51173 17.9911
0 16951 2.51417 18.0078
0 16951 2.51661 18.0245
0 16951 2.51906 18.0411
0 16951 2.5215 18.0578
0 16951 2.52394 18.0745
0 16951 2.52639 18.0911
0 16951 2.52883 18.1078
0 16951 2.53127 18.1245
0 16951 2.53372 18.1411
0 16951 2.53616 18.1578
0 16951 2.5386 18.1745
0 16951 2.54105 18.1911
0 16951 2.54349 18.2078
0 16951 2.54593 18.2245
0 16951 2.54838 18.2411
0 16951 2.55082 18.2578
0 16951 2.55326 18.2745
0 16951 2.55571 18.2911
0 16951 2.55815 18.3078
0 16951 2.56059 18.3245
0 16951 2.56304 18.3411
0 16951 2.56548 18.3578
0 16951 2.56792 18.3745
0 16951 2.57037 18.3911
0 16951 2.57281 18.4078
0 16951 2.57525 18.4245
0 16951 2.57525 18.4411
0 16951 2.57525 18.4578
0 16951 2.57525 18.4745
0 16951 2.57525 18.4911
0 16951 2.57525 18.5078
0 16951 2.57525 18.5245
0 16951 2.57525 18.5411
0 16951 2.57525 18.5578
0 16951 2.57525 18.5745
0 16951 2.57525 18.5911
0 16951 2.57525 18.6078
0 16951 2.57525 18.6245
0 16951 2.57525 18.6411
0 16951 2.57525 18.6578
0 16951 2.57525 18.6744
0 16951 2.57525 18.6911
0 16951 2.57525 18.7078
0 16951 2.57525 18.7244
0 16951 2.57525 18.7411
0 16951 2.57525 18.7578
0 16951 2.57525 18.7744
