inside_count	theta (degrees)	time (s)
57951	0.0286479	0.0160751
57950	0.0572957	0.0327415
57950	0.0859435	0.049408
57950	0.114591	0.0660744
57948	0.143239	0.0827408
57948	0.171887	0.0994072
57948	0.200535	0.116074
57948	0.229183	0.13274
57948	0.257831	0.149406
57948	0.286479	0.166073
57948	0.315126	0.182739
57948	0.343774	0.199406
57948	0.372422	0.216072
57948	0.40107	0.232738
57947	0.429718	0.249405
57945	0.458366	0.266071
57944	0.487013	0.282738
57944	0.515661	0.299404
57944	0.544309	0.316071
57943	0.572957	0.332737
57943	0.601605	0.349403
57943	0.630253	0.36607
57943	0.658901	0.382736
57943	0.687548	0.399403
57943	0.716196	0.416069
57942	0.744844	0.432735
57942	0.773492	0.449402
57942	0.80214	0.466068
57942	0.830788	0.482735
57942	0.859436	0.499401
57941	0.888083	0.516068
57940	0.916731	0.532734
57939	0.945379	0.5494
57939	0.974027	0.566067
57939	1.00267	0.582733
57939	1.03132	0.5994
57939	1.05997	0.616066
57939	1.08862	0.632732
57938	1.11727	0.649399
57938	1.14591	0.666065
57938	1.17456	0.682732
57937	1.20321	0.699398
57937	1.23186	0.716064
57937	1.2605	0.732731
57937	1.28915	0.749397
57937	1.3178	0.766064
57937	1.34645	0.78273
57937	1.3751	0.799397
57937	1.40374	0.816063
57937	1.43239	0.832729
57936	1.46104	0.849396
57936	1.48969	0.866062
57936	1.51834	0.882729
57936	1.54698	0.899395
57936	1.57563	0.916061
57936	1.60428	0.932728
57936	1.63293	0.949394
57934	1.66157	0.966061
57933	1.69022	0.982727
57933	1.71887	0.999393
57933	1.74752	1.01606
57933	1.77617	1.03273
57931	1.80481	1.04939
57931	1.83346	1.06606
57931	1.86211	1.08273
57931	1.89076	1.09939
57931	1.9194	1.11606
57931	1.94805	1.13272
57931	1.9767	1.14939
57931	2.00535	1.16606
57931	2.034	1.18272
57931	2.06264	1.19939
57930	2.09129	1.21606
57930	2.11994	1.23272
57930	2.14859	1.24939
57929	2.17724	1.26606
57929	2.20588	1.28272
57929	2.23453	1.29939
57929	2.26318	1.31606
57928	2.29183	1.33272
57928	2.32048	1.34939
57927	2.34912	1.36605
57927	2.37777	1.38272
57927	2.40642	1.39939
57927	2.43507	1.41605
57927	2.46372	1.43272
57927	2.49236	1.44939
57927	2.52101	1.46605
57926	2.54966	1.48272
57926	2.57831	1.49939
57926	2.60695	1.51605
57926	2.6356	1.53272
57926	2.66425	1.54939
57926	2.6929	1.56605
57926	2.72155	1.58272
57926	2.75019	1.59938
57926	2.77884	1.61605
57926	2.80749	1.63272
57926	2.83614	1.64938
57926	2.86479	1.66605
57924	2.89343	1.68272
57924	2.92208	1.69938
57924	2.95073	1.71605
57924	2.97938	1.73272
57924	3.00803	1.74938
57924	3.03667	1.76605
57924	3.06532	1.78271
57924	3.09397	1.79938
57924	3.12262	1.81605
57922	3.15126	1.83271
57922	3.17991	1.84938
57922	3.20856	1.86605
57922	3.23721	1.88271
57922	3.26586	1.89938
57922	3.2945	1.91605
57921	3.32315	1.93271
57919	3.3518	1.94938
57919	3.38045	1.96605
57919	3.4091	1.98271
57919	3.43774	1.99938
57919	3.46639	2.01604
57919	3.49504	2.03271
57919	3.52369	2.04938
57918	3.55234	2.06604
57917	3.58098	2.08271
57917	3.60963	2.09938
57917	3.63828	2.11604
57917	3.66693	2.13271
57917	3.69557	2.14938
57917	3.72422	2.16604
57917	3.75287	2.18271
57917	3.78152	2.19938
57915	3.81017	2.21604
57915	3.83881	2.23271
57914	3.86746	2.24937
57914	3.89611	2.26604
57914	3.92476	2.28271
57914	3.95341	2.29937
57914	3.98205	2.31604
57914	4.0107	2.33271
57913	4.03935	2.34937
57913	4.068	2.36604
57913	4.09665	2.38271
57913	4.12529	2.39937
57911	4.15394	2.41604
57911	4.18259	2.4327
57911	4.21124	2.44937
57911	4.23989	2.46604
57911	4.26853	2.4827
57911	4.29718	2.49937
57911	4.32583	2.51604
57911	4.35448	2.5327
57910	4.38312	2.54937
57910	4.41177	2.56604
57910	4.44042	2.5827
57910	4.46907	2.59937
57910	4.49772	2.61604
57910	4.52636	2.6327
57910	4.55501	2.64937
57910	4.58366	2.66603
57910	4.61231	2.6827
57910	4.64096	2.69937
57910	4.6696	2.71603
57910	4.69825	2.7327
57910	4.7269	2.74937
57910	4.75555	2.76603
57909	4.7842	2.7827
57908	4.81284	2.79937
57908	4.84149	2.81603
57908	4.87014	2.8327
57908	4.89879	2.84937
57908	4.92743	2.86603
57907	4.95608	2.8827
57907	4.98473	2.89936
57906	5.01338	2.91603
57906	5.04203	2.9327
57906	5.07067	2.94936
57904	5.09932	2.96603
57904	5.12797	2.9827
57904	5.15662	2.99936
57904	5.18527	3.01603
57903	5.21391	3.0327
57903	5.24256	3.04936
57903	5.27121	3.06603
57903	5.29986	3.0827
57903	5.32851	3.09936
57903	5.35715	3.11603
57903	5.3858	3.13269
57903	5.41445	3.14936
57903	5.4431	3.16603
57903	5.47175	3.18269
57903	5.50039	3.19936
57903	5.52904	3.21603
57903	5.55769	3.23269
57903	5.58634	3.24936
57903	5.61498	3.26603
57903	5.64363	3.28269
57903	5.67228	3.29936
57903	5.70093	3.31602
57903	5.72958	3.33269
57903	5.75822	3.34936
57901	5.78687	3.36602
57900	5.81552	3.38269
57900	5.84417	3.39936
57900	5.87282	3.41602
57900	5.90146	3.43269
57900	5.93011	3.44936
57900	5.95876	3.46602
57900	5.98741	3.48269
57900	6.01606	3.49936
57900	6.0447	3.51602
57900	6.07335	3.53269
57900	6.102	3.54935
57900	6.13065	3.56602
57900	6.1593	3.58269
57900	6.18794	3.59935
57900	6.21659	3.61602
57900	6.24524	3.63269
57900	6.27389	3.64935
57900	6.30253	3.66602
57900	6.33118	3.68269
57900	6.35983	3.69935
57900	6.38848	3.71602
57900	6.41713	3.73269
57900	6.44577	3.74935
57900	6.47442	3.76602
57900	6.50307	3.78268
57900	6.53172	3.79935
57900	6.56037	3.81602
57899	6.58901	3.83268
57899	6.61766	3.84935
57899	6.64631	3.86602
57899	6.67496	3.88268
57899	6.70361	3.89935
57899	6.73225	3.91602
57899	6.7609	3.93268
57899	6.78955	3.94935
57899	6.8182	3.96601
57899	6.84685	3.98268
57899	6.87549	3.99935
57899	6.90414	4.01601
57899	6.93279	4.03268
57899	6.96144	4.04935
57899	6.99008	4.06601
57899	7.01873	4.08268
57899	7.04738	4.09935
57899	7.07603	4.11601
57899	7.10468	4.13268
57899	7.13332	4.14935
57899	7.16197	4.16601
57899	7.19062	4.18268
57899	7.21927	4.19934
57899	7.24791	4.21601
57899	7.27656	4.23268
57899	7.30521	4.24934
57899	7.33386	4.26601
57899	7.3625	4.28268
57899	7.39115	4.29934
57899	7.4198	4.31601
57899	7.44845	4.33268
57890	7.47709	4.34934
57882	7.50574	4.36601
57874	7.53439	4.38268
57871	7.56304	4.39934
57869	7.59168	4.41601
57865	7.62033	4.43267
57859	7.64898	4.44934
57854	7.67763	4.46601
57849	7.70627	4.48267
57844	7.73492	4.49934
57839	7.76357	4.51601
57831	7.79222	4.53267
57823	7.82086	4.54934
57817	7.84951	4.56601
57808	7.87816	4.58267
57802	7.90681	4.59934
57796	7.93545	4.616
57786	7.9641	4.63267
57780	7.99275	4.64934
57772	8.0214	4.666
57766	8.05004	4.68267
57759	8.07869	4.69934
57750	8.10734	4.716
57744	8.13599	4.73267
57733	8.16463	4.74934
57721	8.19328	4.766
57708	8.22193	4.78267
57698	8.25058	4.79934
57687	8.27922	4.816
57676	8.30787	4.83267
57664	8.33652	4.84933
57652	8.36517	4.866
57638	8.39381	4.88267
57623	8.42246	4.89933
57611	8.45111	4.916
57599	8.47976	4.93267
57589	8.5084	4.94933
57574	8.53705	4.966
57559	8.5657	4.98267
57540	8.59435	4.99933
57523	8.62299	5.016
57509	8.65164	5.03267
57491	8.68029	5.04933
57477	8.70894	5.066
57462	8.73758	5.08266
57444	8.76623	5.09933
57428	8.79488	5.116
57412	8.82353	5.13266
57397	8.85217	5.14933
57379	8.88082	5.166
57359	8.90947	5.18266
57344	8.93812	5.19933
57322	8.96676	5.216
57306	8.99541	5.23266
57284	9.02406	5.24933
57262	9.05271	5.266
57240	9.08135	5.28266
57217	9.11	5.29933
57195	9.13865	5.31599
57170	9.1673	5.33266
57146	9.19594	5.34933
57125	9.22459	5.36599
57103	9.25324	5.38266
57082	9.28189	5.39933
57056	9.31053	5.41599
57027	9.33918	5.43266
57004	9.36783	5.44933
56978	9.39648	5.46599
56954	9.42512	5.48266
56929	9.45377	5.49932
56902	9.48242	5.51599
56877	9.51107	5.53266
56856	9.53971	5.54932
56830	9.56836	5.56599
56804	9.59701	5.58266
56776	9.62566	5.59932
56747	9.6543	5.61599
56717	9.68295	5.63266
56690	9.7116	5.64932
56658	9.74024	5.66599
56626	9.76889	5.68266
56597	9.79754	5.69932
56570	9.82619	5.71599
56539	9.85484	5.73265
56507	9.88348	5.74932
56473	9.91213	5.76599
56443	9.94078	5.78265
56412	9.96943	5.79932
56381	9.99807	5.81599
56351	10.0267	5.83265
56318	10.0554	5.84932
56284	10.084	5.86599
56252	10.1127	5.88265
56219	10.1413	5.89932
56183	10.17	5.91599
56145	10.1986	5.93265
56112	10.2273	5.94932
56078	10.2559	5.96598
56040	10.2845	5.98265
56004	10.3132	5.99932
55971	10.3418	6.01598
55936	10.3705	6.03265
55901	10.3991	6.04932
55859	10.4278	6.06598
55817	10.4564	6.08265
55780	10.4851	6.09932
55742	10.5137	6.11598
55709	10.5424	6.13265
55669	10.571	6.14931
55628	10.5997	6.16598
55589	10.6283	6.18265
55548	10.657	6.19931
55509	10.6856	6.21598
55471	10.7143	6.23265
55429	10.7429	6.24931
55390	10.7716	6.26598
55351	10.8002	6.28265
55307	10.8288	6.29931
55265	10.8575	6.31598
55228	10.8861	6.33265
55188	10.9148	6.34931
55141	10.9434	6.36598
55102	10.9721	6.38264
55060	11.0007	6.39931
55014	11.0294	6.41598
54969	11.058	6.43264
54927	11.0867	6.44931
54882	11.1153	6.46598
54836	11.144	6.48264
54797	11.1726	6.49931
54753	11.2013	6.51598
54708	11.2299	6.53264
54663	11.2586	6.54931
54611	11.2872	6.56598
54571	11.3159	6.58264
54525	11.3445	6.59931
54479	11.3732	6.61597
54434	11.4018	6.63264
54385	11.4304	6.64931
54343	11.4591	6.66597
54292	11.4877	6.68264
54245	11.5164	6.69931
54200	11.545	6.71597
54153	11.5737	6.73264
54108	11.6023	6.74931
54060	11.631	6.76597
54014	11.6596	6.78264
53969	11.6883	6.7993
53925	11.7169	6.81597
53873	11.7456	6.83264
53823	11.7742	6.8493
53768	11.8029	6.86597
53713	11.8315	6.88264
53667	11.8602	6.8993
53617	11.8888	6.91597
53573	11.9175	6.93264
53517	11.9461	6.9493
53471	11.9747	6.96597
53420	12.0034	6.98264
53366	12.032	6.9993
53315	12.0607	7.01597
53261	12.0893	7.03263
53207	12.118	7.0493
53155	12.1466	7.06597
53097	12.1753	7.08263
53045	12.2039	7.0993
52996	12.2326	7.11597
52947	12.2612	7.13263
52887	12.2899	7.1493
52831	12.3185	7.16597
52772	12.3472	7.18263
52716	12.3758	7.1993
52664	12.4045	7.21597
52613	12.4331	7.23263
52557	12.4618	7.2493
52499	12.4904	7.26596
52437	12.5191	7.28263
52385	12.5477	7.2993
52318	12.5763	7.31596
52266	12.605	7.33263
52209	12.6336	7.3493
52152	12.6623	7.36596
52093	12.6909	7.38263
52032	12.7196	7.3993
51981	12.7482	7.41596
51912	12.7769	7.43263
51850	12.8055	7.4493
51801	12.8342	7.46596
51745	12.8628	7.48263
51686	12.8915	7.49929
51621	12.9201	7.51596
51559	12.9488	7.53263
51504	12.9774	7.54929
51443	13.0061	7.56596
51382	13.0347	7.58263
51323	13.0634	7.59929
51263	13.092	7.61596
51209	13.1206	7.63263
51147	13.1493	7.64929
51083	13.1779	7.66596
51031	13.2066	7.68262
50969	13.2352	7.69929
50902	13.2639	7.71596
50845	13.2925	7.73262
50785	13.3212	7.74929
50725	13.3498	7.76596
50667	13.3785	7.78262
50607	13.4071	7.79929
50544	13.4358	7.81596
50484	13.4644	7.83262
50421	13.4931	7.84929
50357	13.5217	7.86596
50295	13.5504	7.88262
50242	13.579	7.89929
50177	13.6077	7.91595
50123	13.6363	7.93262
50060	13.665	7.94929
50000	13.6936	7.96595
49935	13.7222	7.98262
49877	13.7509	7.99929
49821	13.7795	8.01595
49763	13.8082	8.03262
49702	13.8368	8.04929
49646	13.8655	8.06595
49587	13.8941	8.08262
49529	13.9228	8.09929
49474	13.9514	8.11595
49407	13.9801	8.13262
49347	14.0087	8.14928
49284	14.0374	8.16595
49227	14.066	8.18262
49167	14.0947	8.19928
49102	14.1233	8.21595
49046	14.152	8.23262
48981	14.1806	8.24928
48918	14.2093	8.26595
48857	14.2379	8.28262
48799	14.2665	8.29928
48739	14.2952	8.31595
48678	14.3238	8.33261
48622	14.3525	8.34928
48553	14.3811	8.36595
48492	14.4098	8.38261
48437	14.4384	8.39928
48379	14.4671	8.41595
48316	14.4957	8.43261
48255	14.5244	8.44928
48200	14.553	8.46595
48136	14.5817	8.48261
48078	14.6103	8.49928
48022	14.639	8.51595
47959	14.6676	8.53261
47900	14.6963	8.54928
47847	14.7249	8.56594
47783	14.7536	8.58261
47722	14.7822	8.59928
47657	14.8109	8.61594
47598	14.8395	8.63261
47531	14.8681	8.64928
47472	14.8968	8.66594
47411	14.9254	8.68261
47357	14.9541	8.69928
47300	14.9827	8.71594
47234	15.0114	8.73261
47172	15.04	8.74928
47116	15.0687	8.76594
47055	15.0973	8.78261
47000	15.126	8.79927
46934	15.1546	8.81594
46875	15.1833	8.83261
46811	15.2119	8.84927
46750	15.2406	8.86594
46687	15.2692	8.88261
46625	15.2979	8.89927
46558	15.3265	8.91594
46509	15.3552	8.93261
46442	15.3838	8.94927
46370	15.4124	8.96594
46319	15.4411	8.9826
46259	15.4697	8.99927
46199	15.4984	9.01594
46136	15.527	9.0326
46065	15.5557	9.04927
46005	15.5843	9.06594
45942	15.613	9.0826
45885	15.6416	9.09927
45816	15.6703	9.11594
45755	15.6989	9.1326
45688	15.7276	9.14927
45625	15.7562	9.16594
45564	15.7849	9.1826
45502	15.8135	9.19927
45432	15.8422	9.21593
45370	15.8708	9.2326
45312	15.8995	9.24927
45248	15.9281	9.26593
45178	15.9567	9.2826
45108	15.9854	9.29927
45045	16.014	9.31593
44983	16.0427	9.3326
44920	16.0713	9.34927
44853	16.1	9.36593
44782	16.1286	9.3826
44723	16.1573	9.39927
44659	16.1859	9.41593
44590	16.2146	9.4326
44525	16.2432	9.44926
44460	16.2719	9.46593
44386	16.3005	9.4826
44324	16.3292	9.49926
44262	16.3578	9.51593
44194	16.3865	9.5326
44125	16.4151	9.54926
44057	16.4438	9.56593
43996	16.4724	9.5826
43924	16.5011	9.59926
43863	16.5297	9.61593
43789	16.5583	9.6326
43730	16.587	9.64926
43662	16.6156	9.66593
43595	16.6443	9.68259
43530	16.6729	9.69926
43461	16.7016	9.71593
43390	16.7302	9.73259
43325	16.7589	9.74926
43243	16.7875	9.76593
43167	16.8162	9.78259
43092	16.8448	9.79926
43027	16.8735	9.81593
42956	16.9021	9.83259
42879	16.9308	9.84926
42811	16.9594	9.86592
42741	16.9881	9.88259
42671	17.0167	9.89926
42588	17.0454	9.91592
42515	17.074	9.93259
42442	17.1026	9.94926
42377	17.1313	9.96592
42313	17.1599	9.98259
42219	17.1886	9.99926
42137	17.2172	10.0159
42055	17.2459	10.0326
41986	17.2745	10.0493
41911	17.3032	10.0659
41844	17.3318	10.0826
41775	17.3605	10.0993
41715	17.3891	10.1159
41637	17.4178	10.1326
41540	17.4464	10.1493
41450	17.4751	10.1659
41377	17.5037	10.1826
41276	17.5324	10.1993
41195	17.561	10.2159
41121	17.5897	10.2326
41057	17.6183	10.2493
40971	17.647	10.2659
40881	17.6756	10.2826
40800	17.7042	10.2993
40725	17.7329	10.3159
40644	17.7615	10.3326
40561	17.7902	10.3493
40478	17.8188	10.3659
40384	17.8475	10.3826
40294	17.8761	10.3993
40213	17.9048	10.4159
40139	17.9334	10.4326
40063	17.9621	10.4492
39973	17.9907	10.4659
39891	18.0194	10.4826
39810	18.048	10.4992
39736	18.0767	10.5159
39653	18.1053	10.5326
39580	18.134	10.5492
39478	18.1626	10.5659
39396	18.1913	10.5826
39324	18.2199	10.5992
39240	18.2485	10.6159
39157	18.2772	10.6326
39077	18.3058	10.6492
38986	18.3345	10.6659
38912	18.3631	10.6826
38820	18.3918	10.6992
38752	18.4204	10.7159
38684	18.4491	10.7326
38600	18.4777	10.7492
38503	18.5064	10.7659
38423	18.535	10.7826
38329	18.5637	10.7992
38230	18.5923	10.8159
38159	18.621	10.8326
38078	18.6496	10.8492
38001	18.6783	10.8659
37931	18.7069	10.8826
37849	18.7356	10.8992
37736	18.7642	10.9159
37641	18.7929	10.9326
37559	18.8215	10.9492
37488	18.8501	10.9659
37408	18.8788	10.9826
37332	18.9074	10.9992
37239	18.9361	11.0159
37139	18.9647	11.0326
37073	18.9934	11.0492
36999	19.022	11.0659
36898	19.0507	11.0826
36806	19.0793	11.0992
36734	19.108	11.1159
36662	19.1366	11.1326
36588	19.1653	11.1492
36494	19.1939	11.1659
36386	19.2226	11.1826
36298	19.2512	11.1992
36223	19.2799	11.2159
36148	19.3085	11.2326
36069	19.3372	11.2492
35992	19.3658	11.2659
35920	19.3944	11.2826
35833	19.4231	11.2992
35742	19.4517	11.3159
35644	19.4804	11.3326
35573	19.509	11.3492
35497	19.5377	11.3659
35416	19.5663	11.3826
35342	19.595	11.3992
35257	19.6236	11.4159
35136	19.6523	11.4326
35043	19.6809	11.4492
34968	19.7096	11.4659
34906	19.7382	11.4826
34837	19.7669	11.4992
34738	19.7955	11.5159
34643	19.8242	11.5326
34556	19.8528	11.5492
34486	19.8815	11.5659
34420	19.9101	11.5826
34353	19.9387	11.5992
34257	19.9674	11.6159
34149	19.996	11.6326
34071	20.0247	11.6492
33998	20.0533	11.6659
33918	20.082	11.6826
33835	20.1106	11.6992
33757	20.1393	11.7159
33665	20.1679	11.7326
33582	20.1966	11.7492
33499	20.2252	11.7659
33429	20.2539	11.7826
33328	20.2825	11.7992
33250	20.3112	11.8159
33186	20.3398	11.8326
33104	20.3685	11.8492
33015	20.3971	11.8659
32941	20.4258	11.8826
32871	20.4544	11.8992
32767	20.4831	11.9159
32686	20.5117	11.9326
32614	20.5403	11.9492
32545	20.569	11.9659
32475	20.5976	11.9826
32379	20.6263	11.9992
32290	20.6549	12.0159
32208	20.6836	12.0326
32120	20.7122	12.0492
32039	20.7409	12.0659
31971	20.7695	12.0826
31891	20.7982	12.0992
31812	20.8268	12.1159
31718	20.8555	12.1326
31646	20.8841	12.1492
31556	20.9128	12.1659
31472	20.9414	12.1826
31385	20.9701	12.1992
31305	20.9987	12.2159
31237	21.0274	12.2326
31161	21.056	12.2492
31078	21.0846	12.2659
30977	21.1133	12.2826
30900	21.1419	12.2992
30838	21.1706	12.3159
30760	21.1992	12.3326
30665	21.2279	12.3492
30590	21.2565	12.3659
30517	21.2852	12.3826
30429	21.3138	12.3992
30346	21.3425	12.4159
30274	21.3711	12.4326
30204	21.3998	12.4492
30119	21.4284	12.4659
30040	21.4571	12.4826
29957	21.4857	12.4992
29876	21.5144	12.5159
29789	21.543	12.5326
29709	21.5717	12.5492
29615	21.6003	12.5659
29541	21.629	12.5826
29479	21.6576	12.5992
29408	21.6862	12.6159
29302	21.7149	12.6325
29215	21.7435	12.6492
29149	21.7722	12.6659
29080	21.8008	12.6825
29003	21.8295	12.6992
28922	21.8581	12.7159
28851	21.8868	12.7325
28760	21.9154	12.7492
28682	21.9441	12.7659
28603	21.9727	12.7825
28522	22.0014	12.7992
28453	22.03	12.8159
28383	22.0587	12.8325
28299	22.0873	12.8492
28219	22.116	12.8659
28134	22.1446	12.8825
28051	22.1733	12.8992
27970	22.2019	12.9159
27897	22.2305	12.9325
27825	22.2592	12.9492
27748	22.2878	12.9659
27652	22.3165	12.9825
27565	22.3451	12.9992
27500	22.3738	13.0159
27423	22.4024	13.0325
27347	22.4311	13.0492
27285	22.4597	13.0659
27202	22.4884	13.0825
27128	22.517	13.0992
27042	22.5457	13.1159
26943	22.5743	13.1325
26856	22.603	13.1492
26790	22.6316	13.1659
26730	22.6603	13.1825
26666	22.6889	13.1992
26564	22.7176	13.2159
26469	22.7462	13.2325
26396	22.7749	13.2492
26308	22.8035	13.2659
26237	22.8321	13.2825
26173	22.8608	13.2992
26095	22.8894	13.3159
26003	22.9181	13.3325
25928	22.9467	13.3492
25853	22.9754	13.3659
25768	23.004	13.3825
25675	23.0327	13.3992
25598	23.0613	13.4159
25532	23.09	13.4325
25468	23.1186	13.4492
25398	23.1473	13.4659
25320	23.1759	13.4825
25243	23.2046	13.4992
25162	23.2332	13.5159
25082	23.2619	13.5325
24999	23.2905	13.5492
24927	23.3192	13.5659
24856	23.3478	13.5825
24772	23.3764	13.5992
24689	23.4051	13.6159
24616	23.4337	13.6325
24519	23.4624	13.6492
24433	23.491	13.6659
24357	23.5197	13.6825
24283	23.5483	13.6992
24234	23.577	13.7159
24158	23.6056	13.7325
24072	23.6343	13.7492
24011	23.6629	13.7659
23951	23.6916	13.7825
23877	23.7202	13.7992
23801	23.7489	13.8159
23718	23.7775	13.8325
23641	23.8062	13.8492
23571	23.8348	13.8659
23496	23.8635	13.8825
23414	23.8921	13.8992
23346	23.9207	13.9159
23266	23.9494	13.9325
23188	23.978	13.9492
23122	24.0067	13.9659
23045	24.0353	13.9825
22977	24.064	13.9992
22887	24.0926	14.0159
22817	24.1213	14.0325
22749	24.1499	14.0492
22678	24.1786	14.0659
22602	24.2072	14.0825
22534	24.2359	14.0992
22484	24.2645	14.1159
22417	24.2932	14.1326
22333	24.3218	14.1492
22246	24.3505	14.1659
22177	24.3791	14.1826
22119	24.4078	14.1992
22046	24.4364	14.2159
21961	24.4651	14.2326
21886	24.4937	14.2492
21818	24.5223	14.2659
21739	24.551	14.2826
21682	24.5796	14.2993
21617	24.6083	14.3159
21548	24.6369	14.3326
21476	24.6656	14.3493
21406	24.6942	14.3659
21332	24.7229	14.3826
21261	24.7515	14.3993
21187	24.7802	14.4159
21135	24.8088	14.4326
21076	24.8375	14.4493
21004	24.8661	14.466
20940	24.8948	14.4826
20876	24.9234	14.4993
20806	24.9521	14.516
20735	24.9807	14.5326
20655	25.0094	14.5493
20588	25.038	14.566
20520	25.0666	14.5826
20447	25.0953	14.5993
20379	25.1239	14.616
20291	25.1526	14.6327
20226	25.1812	14.6493
20172	25.2099	14.666
20098	25.2385	14.6827
20028	25.2672	14.6993
19972	25.2958	14.716
19906	25.3245	14.7327
19846	25.3531	14.7494
19772	25.3818	14.766
19701	25.4104	14.7827
19646	25.4391	14.7994
19587	25.4677	14.816
19516	25.4964	14.8327
19455	25.525	14.8494
19399	25.5537	14.866
19343	25.5823	14.8827
19283	25.611	14.8994
19209	25.6396	14.9161
19145	25.6682	14.9327
19077	25.6969	14.9494
19006	25.7255	14.9661
18943	25.7542	14.9827
18879	25.7828	14.9994
18820	25.8115	15.0161
18759	25.8401	15.0327
18705	25.8688	15.0494
18620	25.8974	15.0661
18550	25.9261	15.0828
18491	25.9547	15.0994
18427	25.9834	15.1161
18364	26.012	15.1328
18310	26.0407	15.1494
18249	26.0693	15.1661
18184	26.098	15.1828
18127	26.1266	15.1994
18045	26.1553	15.2161
17980	26.1839	15.2328
17918	26.2125	15.2495
17861	26.2412	15.2661
17794	26.2698	15.2828
17730	26.2985	15.2995
17669	26.3271	15.3161
17609	26.3558	15.3328
17556	26.3844	15.3495
17501	26.4131	15.3661
17433	26.4417	15.3828
17375	26.4704	15.3995
17313	26.499	15.4162
17250	26.5277	15.4328
17196	26.5563	15.4495
17145	26.585	15.4662
17076	26.6136	15.4828
17025	26.6423	15.4995
16962	26.6709	15.5162
16895	26.6996	15.5329
16833	26.7282	15.5495
16770	26.7568	15.5662
16709	26.7855	15.5829
16654	26.8141	15.5995
16598	26.8428	15.6162
16544	26.8714	15.6329
16491	26.9001	15.6495
16435	26.9287	15.6662
16368	26.9574	15.6829
16303	26.986	15.6996
16241	27.0147	15.7162
16184	27.0433	15.7329
16126	27.072	15.7496
16078	27.1006	15.7662
16020	27.1293	15.7829
15962	27.1579	15.7996
15906	27.1866	15.8162
15863	27.2152	15.8329
15803	27.2439	15.8496
15734	27.2725	15.8663
15672	27.3012	15.8829
15615	27.3298	15.8996
15563	27.3584	15.9163
15516	27.3871	15.9329
15452	27.4157	15.9496
15393	27.4444	15.9663
15339	27.473	15.9829
15285	27.5017	15.9996
15234	27.5303	16.0163
15177	27.559	16.033
15128	27.5876	16.0496
15075	27.6163	16.0663
15020	27.6449	16.083
14967	27.6736	16.0996
14926	27.7022	16.1163
14874	27.7309	16.133
14814	27.7595	16.1497
14761	27.7882	16.1663
14705	27.8168	16.183
14650	27.8455	16.1997
14603	27.8741	16.2163
14540	27.9028	16.233
14486	27.9314	16.2497
14440	27.96	16.2663
14389	27.9887	16.283
14331	28.0173	16.2997
14271	28.046	16.3164
14223	28.0746	16.333
14177	28.1033	16.3497
14129	28.1319	16.3664
14081	28.1606	16.383
14029	28.1892	16.3997
13975	28.2179	16.4164
13926	28.2465	16.433
13871	28.2752	16.4497
13822	28.3038	16.4664
13777	28.3325	16.4831
13731	28.3611	16.4997
13679	28.3898	16.5164
13633	28.4184	16.5331
13578	28.4471	16.5497
13527	28.4757	16.5664
13474	28.5043	16.5831
13428	28.533	16.5997
13374	28.5616	16.6164
13321	28.5903	16.6331
13274	28.6189	16.6498
13220	28.6476	16.6664
13167	28.6762	16.6831
13123	28.7049	16.6998
13078	28.7335	16.7164
13029	28.7622	16.7331
12979	28.7908	16.7498
12931	28.8195	16.7664
12877	28.8481	16.7831
12829	28.8768	16.7998
12788	28.9054	16.8165
12739	28.9341	16.8331
12693	28.9627	16.8498
12637	28.9914	16.8665
12586	29.02	16.8831
12542	29.0487	16.8998
12495	29.0773	16.9165
12451	29.106	16.9332
12405	29.1346	16.9498
12352	29.1633	16.9665
12304	29.1919	16.9832
12256	29.2206	16.9998
12213	29.2492	17.0165
12165	29.2779	17.0332
12115	29.3065	17.0498
12074	29.3352	17.0665
12018	29.3638	17.0832
11971	29.3925	17.0999
11925	29.4211	17.1165
11882	29.4498	17.1332
11838	29.4784	17.1499
11795	29.5071	17.1665
11748	29.5357	17.1832
11702	29.5644	17.1999
11649	29.593	17.2165
11610	29.6217	17.2332
11571	29.6503	17.2499
11526	29.679	17.2666
11480	29.7076	17.2832
11440	29.7363	17.2999
11394	29.7649	17.3166
11344	29.7936	17.3332
11301	29.8222	17.3499
11260	29.8508	17.3666
11215	29.8795	17.3832
11167	29.9081	17.3999
11124	29.9368	17.4166
11081	29.9654	17.4333
11039	29.9941	17.4499
10986	30.0227	17.4666
10952	30.0514	17.4833
10907	30.08	17.4999
10864	30.1087	17.5166
10827	30.1373	17.5333
10782	30.166	17.5499
10740	30.1946	17.5666
10693	30.2233	17.5833
10645	30.2519	17.6
10607	30.2806	17.6166
10562	30.3092	17.6333
10522	30.3379	17.65
10476	30.3665	17.6666
10428	30.3952	17.6833
10384	30.4238	17.7
10336	30.4525	17.7167
10311	30.4811	17.7333
10273	30.5098	17.75
10224	30.5384	17.7667
10183	30.5671	17.7833
10143	30.5957	17.8
10105	30.6244	17.8167
10058	30.653	17.8333
10021	30.6817	17.85
9982	30.7103	17.8667
9941	30.739	17.8834
9898	30.7676	17.9
9855	30.7963	17.9167
9811	30.8249	17.9334
9770	30.8536	17.95
9727	30.8822	17.9667
9686	30.9109	17.9834
9645	30.9395	18
9606	30.9682	18.0167
9573	30.9968	18.0334
9530	31.0255	18.0501
9494	31.0541	18.0667
9451	31.0828	18.0834
9408	31.1114	18.1001
9374	31.1401	18.1167
9332	31.1687	18.1334
9297	31.1974	18.1501
9270	31.226	18.1667
9232	31.2547	18.1834
9191	31.2833	18.2001
9153	31.312	18.2168
9118	31.3406	18.2334
9079	31.3693	18.2501
9046	31.3979	18.2668
9007	31.4266	18.2834
8971	31.4552	18.3001
8930	31.4839	18.3168
8891	31.5125	18.3335
8850	31.5412	18.3501
8813	31.5698	18.3668
8772	31.5984	18.3835
8738	31.6271	18.4001
8697	31.6557	18.4168
8667	31.6844	18.4335
8627	31.713	18.4501
8593	31.7417	18.4668
8546	31.7703	18.4835
8516	31.799	18.5002
8482	31.8276	18.5168
8453	31.8563	18.5335
8406	31.8849	18.5502
8369	31.9136	18.5668
8326	31.9422	18.5835
8292	31.9709	18.6002
8254	31.9995	18.6168
8221	32.0282	18.6335
8180	32.0568	18.6502
8144	32.0855	18.6669
8107	32.1141	18.6835
8069	32.1428	18.7002
8040	32.1714	18.7169
8007	32.2001	18.7335
7967	32.2287	18.7502
7936	32.2574	18.7669
7902	32.286	18.7835
7863	32.3147	18.8002
7834	32.3433	18.8169
7794	32.372	18.8336
7755	32.4006	18.8502
7724	32.4293	18.8669
7691	32.4579	18.8836
7662	32.4866	18.9002
7629	32.5152	18.9169
7594	32.5439	18.9336
7568	32.5725	18.9502
7525	32.6012	18.9669
7492	32.6298	18.9836
7455	32.6585	19.0003
7418	32.6871	19.0169
7387	32.7158	19.0336
7356	32.7444	19.0503
7327	32.7731	19.0669
7289	32.8017	19.0836
7262	32.8304	19.1003
7227	32.859	19.117
7191	32.8877	19.1336
7162	32.9163	19.1503
7131	32.945	19.167
7098	32.9736	19.1836
7067	33.0023	19.2003
7033	33.0309	19.217
7001	33.0596	19.2336
6963	33.0882	19.2503
6935	33.1169	19.267
6905	33.1455	19.2837
6865	33.1742	19.3003
6829	33.2028	19.317
6799	33.2315	19.3337
6775	33.2601	19.3503
6743	33.2888	19.367
6717	33.3174	19.3837
6688	33.3461	19.4003
6659	33.3747	19.417
6632	33.4034	19.4337
6600	33.432	19.4504
6567	33.4606	19.467
6538	33.4893	19.4837
6505	33.5179	19.5004
6477	33.5466	19.517
6449	33.5752	19.5337
6421	33.6039	19.5504
6393	33.6325	19.567
6364	33.6612	19.5837
6331	33.6898	19.6004
6297	33.7185	19.6171
6273	33.7471	19.6337
6241	33.7758	19.6504
6213	33.8044	19.6671
6187	33.8331	19.6837
6164	33.8617	19.7004
6128	33.8904	19.7171
6102	33.919	19.7337
6075	33.9477	19.7504
6054	33.9763	19.7671
6022	34.005	19.7838
5994	34.0336	19.8004
5968	34.0623	19.8171
5937	34.0909	19.8338
5908	34.1196	19.8504
5878	34.1482	19.8671
5855	34.1769	19.8838
5831	34.2055	19.9005
5801	34.2342	19.9171
5772	34.2628	19.9338
5747	34.2915	19.9505
5722	34.3201	19.9671
5689	34.3488	19.9838
5657	34.3774	20.0005
5630	34.4061	20.0171
5606	34.4347	20.0338
5582	34.4634	20.0505
5560	34.492	20.0672
5531	34.5207	20.0838
5511	34.5493	20.1005
5488	34.578	20.1172
5460	34.6066	20.1338
5435	34.6353	20.1505
5403	34.6639	20.1672
5378	34.6926	20.1838
5354	34.7212	20.2005
5330	34.7499	20.2172
5304	34.7785	20.2339
5279	34.8072	20.2505
5252	34.8358	20.2672
5223	34.8645	20.2839
5197	34.8931	20.3005
5175	34.9218	20.3172
5151	34.9504	20.3339
5128	34.9791	20.3505
5104	35.0077	20.3672
5083	35.0364	20.3839
5052	35.065	20.4006
5026	35.0937	20.4172
5001	35.1223	20.4339
4984	35.151	20.4506
4951	35.1796	20.4672
4926	35.2082	20.4839
4901	35.2369	20.5006
4881	35.2655	20.5173
4858	35.2942	20.5339
4829	35.3228	20.5506
4808	35.3515	20.5673
4784	35.3801	20.5839
4760	35.4088	20.6006
4739	35.4374	20.6173
4718	35.4661	20.6339
4696	35.4947	20.6506
4672	35.5234	20.6673
4649	35.552	20.684
4625	35.5807	20.7006
4602	35.6093	20.7173
4581	35.638	20.734
4552	35.6666	20.7506
4534	35.6953	20.7673
4514	35.7239	20.784
4494	35.7526	20.8006
4477	35.7812	20.8173
4451	35.8099	20.834
4435	35.8385	20.8507
4414	35.8672	20.8673
4390	35.8958	20.884
4365	35.9245	20.9007
4346	35.9531	20.9173
4327	35.9818	20.934
4301	36.0104	20.9507
4283	36.0391	20.9673
4265	36.0677	20.984
4239	36.0964	21.0007
4220	36.125	21.0174
4201	36.1537	21.034
4183	36.1823	21.0507
4159	36.211	21.0674
4140	36.2396	21.084
4122	36.2683	21.1007
4108	36.2969	21.1174
4085	36.3256	21.134
4068	36.3542	21.1507
4051	36.3829	21.1674
4026	36.4115	21.1841
4010	36.4402	21.2007
3993	36.4688	21.2174
3971	36.4975	21.2341
3945	36.5261	21.2507
3928	36.5548	21.2674
3908	36.5834	21.2841
3894	36.6121	21.3008
3871	36.6407	21.3174
3851	36.6694	21.3341
3838	36.698	21.3508
3821	36.7267	21.3674
3803	36.7553	21.3841
3784	36.784	21.4008
3769	36.8126	21.4174
3748	36.8413	21.4341
3731	36.8699	21.4508
3716	36.8985	21.4675
3697	36.9272	21.4841
3681	36.9558	21.5008
3667	36.9845	21.5175
3646	37.0131	21.5341
3629	37.0418	21.5508
3610	37.0704	21.5675
3591	37.0991	21.5841
3577	37.1277	21.6008
3563	37.1564	21.6175
3543	37.185	21.6342
3527	37.2137	21.6508
3508	37.2423	21.6675
3492	37.271	21.6842
3475	37.2996	21.7008
3460	37.3283	21.7175
3443	37.3569	21.7342
3429	37.3856	21.7508
3405	37.4142	21.7675
3390	37.4429	21.7842
3374	37.4715	21.8009
3359	37.5002	21.8175
3345	37.5288	21.8342
3325	37.5575	21.8509
3308	37.5861	21.8675
3292	37.6148	21.8842
3279	37.6434	21.9009
3266	37.6721	21.9175
3248	37.7007	21.9342
3232	37.7294	21.9509
3217	37.758	21.9676
3195	37.7867	21.9842
3181	37.8153	22.0009
3169	37.844	22.0176
3155	37.8726	22.0342
3140	37.9013	22.0509
3126	37.9299	22.0676
3109	37.9586	22.0843
3093	37.9872	22.1009
3081	38.0159	22.1176
3064	38.0445	22.1343
3053	38.0732	22.1509
3042	38.1018	22.1676
3023	38.1305	22.1843
3010	38.1591	22.2009
2996	38.1878	22.2176
2982	38.2164	22.2343
2967	38.2451	22.251
2950	38.2737	22.2676
2937	38.3024	22.2843
2921	38.331	22.301
2904	38.3597	22.3176
2894	38.3883	22.3343
2882	38.417	22.351
2869	38.4456	22.3676
2853	38.4743	22.3843
2841	38.5029	22.401
2827	38.5316	22.4177
2814	38.5602	22.4343
2800	38.5889	22.451
2786	38.6175	22.4677
2776	38.6461	22.4843
2760	38.6748	22.501
2750	38.7034	22.5177
2739	38.7321	22.5343
2722	38.7607	22.551
2711	38.7894	22.5677
2698	38.818	22.5844
2680	38.8467	22.601
2670	38.8753	22.6177
2659	38.904	22.6344
2650	38.9326	22.651
2631	38.9613	22.6677
2616	38.9899	22.6844
2605	39.0186	22.701
2594	39.0472	22.7177
2582	39.0759	22.7344
2566	39.1045	22.7511
2556	39.1332	22.7677
2543	39.1618	22.7844
2529	39.1905	22.8011
2517	39.2191	22.8177
2502	39.2478	22.8344
2490	39.2764	22.8511
2481	39.3051	22.8678
2469	39.3337	22.8844
2458	39.3624	22.9011
2449	39.391	22.9178
2435	39.4197	22.9344
2425	39.4483	22.9511
2412	39.477	22.9678
2404	39.5056	22.9844
2392	39.5343	23.0011
2380	39.5629	23.0178
2366	39.5916	23.0345
2356	39.6202	23.0511
2344	39.6489	23.0678
2333	39.6775	23.0845
2321	39.7062	23.1011
2309	39.7348	23.1178
2298	39.7635	23.1345
2288	39.7921	23.1511
2282	39.8208	23.1678
2271	39.8494	23.1845
2257	39.8781	23.2012
2246	39.9067	23.2178
2232	39.9354	23.2345
2222	39.964	23.2512
2207	39.9927	23.2678
2201	40.0213	23.2845
2192	40.05	23.3012
2181	40.0786	23.3178
2173	40.1073	23.3345
2162	40.1359	23.3512
2151	40.1646	23.3679
2142	40.1932	23.3845
2131	40.2219	23.4012
2119	40.2505	23.4179
2109	40.2792	23.4345
2098	40.3078	23.4512
2085	40.3365	23.4679
2077	40.3651	23.4846
2068	40.3937	23.5012
2060	40.4224	23.5179
2047	40.451	23.5346
2035	40.4797	23.5512
2029	40.5083	23.5679
2020	40.537	23.5846
2014	40.5656	23.6012
2001	40.5943	23.6179
1993	40.6229	23.6346
1983	40.6516	23.6513
1974	40.6802	23.6679
1964	40.7089	23.6846
1953	40.7375	23.7013
1946	40.7662	23.7179
1935	40.7948	23.7346
1923	40.8235	23.7513
1918	40.8521	23.7679
1909	40.8808	23.7846
1901	40.9094	23.8013
1886	40.9381	23.818
1878	40.9667	23.8346
1871	40.9954	23.8513
1860	41.024	23.868
1854	41.0527	23.8846
1846	41.0813	23.9013
1837	41.11	23.918
1824	41.1386	23.9346
1817	41.1673	23.9513
1810	41.1959	23.968
1800	41.2246	23.9847
1789	41.2532	24.0013
1785	41.2819	24.018
1778	41.3105	24.0347
1767	41.3392	24.0513
1759	41.3678	24.068
1747	41.3965	24.0847
1741	41.4251	24.1013
1736	41.4538	24.118
1724	41.4824	24.1347
1716	41.5111	24.1514
1712	41.5397	24.168
1700	41.5684	24.1847
1692	41.597	24.2014
1683	41.6257	24.218
1679	41.6543	24.2347
1672	41.683	24.2514
1660	41.7116	24.2681
1651	41.7403	24.2847
1648	41.7689	24.3014
1638	41.7976	24.3181
1632	41.8262	24.3347
1622	41.8549	24.3514
1613	41.8835	24.3681
1608	41.9122	24.3847
1598	41.9408	24.4014
1593	41.9695	24.4181
1583	41.9981	24.4348
1577	42.0268	24.4514
1570	42.0554	24.4681
1561	42.0841	24.4848
1552	42.1127	24.5014
1543	42.1413	24.5181
1537	42.17	24.5348
1531	42.1987	24.5514
1523	42.2273	24.5681
1518	42.2559	24.5848
1509	42.2846	24.6015
1498	42.3132	24.6181
1491	42.3419	24.6348
1484	42.3705	24.6515
1479	42.3992	24.6681
1471	42.4278	24.6848
1464	42.4565	24.7015
1457	42.4851	24.7181
1450	42.5138	24.7348
1446	42.5424	24.7515
1439	42.5711	24.7682
1432	42.5997	24.7848
1427	42.6284	24.8015
1418	42.657	24.8182
1411	42.6857	24.8348
1404	42.7143	24.8515
1397	42.743	24.8682
1392	42.7716	24.8848
1385	42.8003	24.9015
1376	42.8289	24.9182
1372	42.8576	24.9349
1365	42.8862	24.9515
1360	42.9149	24.9682
1354	42.9435	24.9849
1347	42.9722	25.0015
1341	43.0008	25.0182
1334	43.0295	25.0349
1328	43.0581	25.0516
1322	43.0868	25.0682
1318	43.1154	25.0849
1309	43.1441	25.1016
1303	43.1727	25.1182
1298	43.2014	25.1349
1289	43.23	25.1516
1284	43.2587	25.1682
1276	43.2873	25.1849
1271	43.316	25.2016
1264	43.3446	25.2183
1257	43.3733	25.2349
1251	43.4019	25.2516
1247	43.4306	25.2683
1243	43.4592	25.2849
1235	43.4879	25.3016
1231	43.5165	25.3183
1226	43.5452	25.3349
1221	43.5738	25.3516
1214	43.6025	25.3683
1207	43.6311	25.385
1201	43.6598	25.4016
1196	43.6884	25.4183
1192	43.7171	25.435
1188	43.7457	25.4516
1183	43.7744	25.4683
1175	43.803	25.485
1166	43.8317	25.5016
1163	43.8603	25.5183
1158	43.889	25.535
1153	43.9176	25.5517
1147	43.9463	25.5683
1141	43.9749	25.585
1137	44.0035	25.6017
1130	44.0322	25.6183
1126	44.0608	25.635
1122	44.0895	25.6517
1112	44.1181	25.6684
1109	44.1468	25.685
1104	44.1754	25.7017
1096	44.2041	25.7184
1092	44.2327	25.735
1088	44.2614	25.7517
1087	44.29	25.7684
1082	44.3187	25.785
1075	44.3473	25.8017
1072	44.376	25.8184
1067	44.4046	25.8351
1060	44.4333	25.8517
1055	44.4619	25.8684
1049	44.4906	25.8851
1044	44.5192	25.9017
1037	44.5479	25.9184
1032	44.5765	25.9351
1028	44.6052	25.9517
1023	44.6338	25.9684
1016	44.6625	25.9851
1014	44.6911	26.0018
1014	44.7198	26.0184
1012	44.7484	26.0351
1006	44.7771	26.0518
998	44.8057	26.0684
992	44.8344	26.0851
986	44.863	26.1018
981	44.8917	26.1184
973	44.9203	26.1351
969	44.949	26.1518
969	44.9776	26.1685
968	45.0063	26.1851
962	45.0349	26.2018
957	45.0636	26.2185
952	45.0922	26.2351
943	45.1209	26.2518
939	45.1495	26.2685
933	45.1782	26.2851
927	45.2068	26.3018
926	45.2355	26.3185
926	45.2641	26.3352
924	45.2928	26.3518
918	45.3214	26.3685
913	45.3501	26.3852
908	45.3787	26.4018
905	45.4074	26.4185
905	45.436	26.4352
903	45.4647	26.4519
895	45.4933	26.4685
891	45.522	26.4852
883	45.5506	26.5019
881	45.5793	26.5185
880	45.6079	26.5352
876	45.6366	26.5519
871	45.6652	26.5685
865	45.6939	26.5852
862	45.7225	26.6019
862	45.7511	26.6186
860	45.7798	26.6352
854	45.8084	26.6519
848	45.8371	26.6686
844	45.8657	26.6852
844	45.8944	26.7019
843	45.923	26.7186
839	45.9517	26.7352
832	45.9517	26.7519
826	45.9517	26.7686
821	45.9517	26.7853
819	45.9517	26.8019
819	45.9517	26.8186
813	45.9517	26.8353
810	45.9517	26.8519
809	45.9517	26.8686
801	45.9517	26.8853
798	45.9517	26.9019
798	45.9517	26.9186
798	45.9517	26.9353
798	45.9517	26.952
794	45.9517	26.9686
784	45.9517	26.9853
780	45.9517	27.002
774	45.9517	27.0186
768	45.9517	27.0353
766	45.9517	27.052
761	45.9517	27.0686
758	45.9517	27.0853
758	45.9517	27.102
758	45.9517	27.1187
754	45.9517	27.1353
749	45.9517	27.152
748	45.9517	27.1687
748	45.9517	27.1853
747	45.9517	27.202
741	45.9517	27.2187
731	45.9517	27.2354
724	45.9517	27.252
717	45.9517	27.2687
716	45.9517	27.2854
716	45.9517	27.302
716	45.9517	27.3187
716	45.9517	27.3354
716	45.923	27.352
716	45.8944	27.3687
715	45.8657	27.3854
708	45.8371	27.4021
705	45.8084	27.4187
704	45.7798	27.4354
700	45.7511	27.4521
693	45.7225	27.4687
689	45.6939	27.4854
688	45.6652	27.5021
681	45.6366	27.5187
681	45.6079	27.5354
679	45.5793	27.5521
672	45.5506	27.5688
667	45.522	27.5854
667	45.4933	27.6021
666	45.4647	27.6188
666	45.436	27.6354
660	45.4074	27.6521
657	45.3787	27.6688
652	45.3501	27.6854
652	45.3214	27.7021
652	45.2928	27.7188
652	45.2641	27.7355
652	45.2355	27.7521
646	45.2068	27.7688
639	45.1782	27.7855
631	45.1495	27.8021
627	45.1209	27.8188
627	45.0922	27.8355
627	45.0636	27.8521
627	45.0349	27.8688
625	45.0063	27.8855
620	44.9776	27.9022
616	44.949	27.9188
615	44.9203	27.9355
615	44.8917	27.9522
612	44.863	27.9688
606	44.8344	27.9855
601	44.8057	28.0022
597	44.7771	28.0189
595	44.7484	28.0355
595	44.7198	28.0522
595	44.6911	28.0689
595	44.6625	28.0855
595	44.6338	28.1022
595	44.6052	28.1189
593	44.5765	28.1355
587	44.5479	28.1522
578	44.5192	28.1689
572	44.4906	28.1856
572	44.4619	28.2022
572	44.4333	28.2189
572	44.4046	28.2356
572	44.376	28.2522
572	44.3473	28.2689
570	44.3187	28.2856
566	44.29	28.3022
562	44.2614	28.3189
562	44.2327	28.3356
562	44.2041	28.3523
562	44.1754	28.3689
562	44.1468	28.3856
562	44.1181	28.4023
562	44.0895	28.4189
559	44.0608	28.4356
552	44.0322	28.4523
552	44.0035	28.4689
552	43.9749	28.4856
552	43.9463	28.5023
552	43.9176	28.519
547	43.889	28.5356
543	43.8603	28.5523
543	43.8317	28.569
543	43.803	28.5856
543	43.7744	28.6023
543	43.7457	28.619
543	43.7171	28.6357
543	43.6884	28.6523
543	43.6598	28.669
543	43.6311	28.6857
538	43.6025	28.7023
533	43.5738	28.719
530	43.5452	28.7357
529	43.5165	28.7523
529	43.4879	28.769
529	43.4592	28.7857
529	43.4306	28.8024
529	43.4019	28.819
529	43.3733	28.8357
529	43.3446	28.8524
529	43.316	28.869
526	43.2873	28.8857
521	43.2587	28.9024
520	43.23	28.919
520	43.2014	28.9357
520	43.1727	28.9524
520	43.1441	28.9691
520	43.1154	28.9857
520	43.0868	29.0024
520	43.0581	29.0191
520	43.0295	29.0357
520	43.0008	29.0524
520	42.9722	29.0691
520	42.9435	29.0857
515	42.9149	29.1024
510	42.8862	29.1191
508	42.8576	29.1358
508	42.8289	29.1524
508	42.8003	29.1691
508	42.7716	29.1858
508	42.743	29.2024
508	42.7143	29.2191
508	42.6857	29.2358
508	42.657	29.2524
508	42.6284	29.2691
508	42.5997	29.2858
508	42.5711	29.3025
508	42.5424	29.3191
508	42.5138	29.3358
508	42.4851	29.3525
508	42.4565	29.3691
508	42.4278	29.3858
508	42.3992	29.4025
508	42.3705	29.4192
508	42.3419	29.4358
508	42.3132	29.4525
508	42.2846	29.4692
508	42.2559	29.4858
508	42.2273	29.5025
508	42.1987	29.5192
508	42.17	29.5358
508	42.1413	29.5525
508	42.1127	29.5692
508	42.0841	29.5859
508	42.0554	29.6025
505	42.0268	29.6192
500	41.9981	29.6359
496	41.9695	29.6525
496	41.9408	29.6692
496	41.9122	29.6859
496	41.8835	29.7025
496	41.8549	29.7192
496	41.8262	29.7359
496	41.7976	29.7526
496	41.7689	29.7692
496	41.7403	29.7859
496	41.7116	29.8026
496	41.683	29.8192
496	41.6543	29.8359
496	41.6257	29.8526
496	41.597	29.8692
491	41.5684	29.8859
489	41.5397	29.9026
489	41.5111	29.9193
489	41.4824	29.9359
489	41.4538	29.9526
489	41.4251	29.9693
489	41.3965	29.9859
489	41.3678	30.0026
489	41.3392	30.0193
489	41.3105	30.0359
489	41.2819	30.0526
489	41.2532	30.0693
489	41.2246	30.086
489	41.1959	30.1026
489	41.1673	30.1193
489	41.1386	30.136
489	41.11	30.1526
489	41.0813	30.1693
489	41.0527	30.186
489	41.024	30.2027
489	40.9954	30.2193
489	40.9667	30.236
489	40.9381	30.2527
489	40.9094	30.2693
489	40.8808	30.286
489	40.8521	30.3027
489	40.8235	30.3193
489	40.7948	30.336
489	40.7662	30.3527
489	40.7375	30.3694
489	40.7089	30.386
489	40.6802	30.4027
489	40.6516	30.4194
489	40.6229	30.436
489	40.5943	30.4527
486	40.5656	30.4694
482	40.537	30.486
482	40.5083	30.5027
482	40.4797	30.5194
482	40.451	30.5361
482	40.4224	30.5527
482	40.3937	30.5694
482	40.3651	30.5861
482	40.3365	30.6027
482	40.3078	30.6194
482	40.2792	30.6361
482	40.2505	30.6527
482	40.2219	30.6694
482	40.1932	30.6861
482	40.1646	30.7028
482	40.1359	30.7194
482	40.1073	30.7361
482	40.0786	30.7528
482	40.05	30.7694
482	40.0213	30.7861
482	39.9927	30.8028
482	39.964	30.8195
482	39.9354	30.8361
482	39.9067	30.8528
482	39.8781	30.8695
481	39.8494	30.8861
481	39.8208	30.9028
481	39.7921	30.9195
481	39.7635	30.9361
481	39.7348	30.9528
481	39.7062	30.9695
481	39.6775	30.9862
481	39.6489	31.0028
481	39.6202	31.0195
481	39.5916	31.0362
481	39.5629	31.0528
481	39.5343	31.0695
481	39.5056	31.0862
481	39.477	31.1028
481	39.4483	31.1195
481	39.4197	31.1362
481	39.391	31.1529
481	39.3624	31.1695
481	39.3337	31.1862
481	39.3051	31.2029
481	39.2764	31.2195
481	39.2478	31.2362
481	39.2191	31.2529
481	39.1905	31.2695
481	39.1618	31.2862
481	39.1332	31.3029
481	39.1045	31.3196
481	39.0759	31.3362
481	39.0472	31.3529
481	39.0186	31.3696
481	38.9899	31.3862
481	38.9613	31.4029
481	38.9326	31.4196
481	38.904	31.4362
481	38.8753	31.4529
481	38.8467	31.4696
479	38.818	31.4863
476	38.7894	31.5029
472	38.7607	31.5196
472	38.7321	31.5363
472	38.7034	31.5529
472	38.6748	31.5696
472	38.6461	31.5863
472	38.6175	31.603
472	38.5889	31.6196
472	38.5602	31.6363
472	38.5316	31.653
472	38.5029	31.6696
472	38.4743	31.6863
472	38.4456	31.703
472	38.417	31.7196
472	38.3883	31.7363
472	38.3597	31.753
472	38.331	31.7697
472	38.3024	31.7863
472	38.2737	31.803
472	38.2451	31.8197
472	38.2164	31.8363
472	38.1878	31.853
472	38.1591	31.8697
472	38.1305	31.8863
472	38.1018	31.903
472	38.0732	31.9197
472	38.0445	31.9364
472	38.0159	31.953
472	37.9872	31.9697
472	37.9586	31.9864
472	37.9299	32.003
472	37.9013	32.0197
472	37.8726	32.0364
472	37.844	32.053
472	37.8153	32.0697
471	37.7867	32.0864
471	37.758	32.1031
471	37.7294	32.1197
471	37.7007	32.1364
471	37.6721	32.1531
471	37.6434	32.1697
471	37.6148	32.1864
471	37.5861	32.2031
471	37.5575	32.2197
471	37.5288	32.2364
471	37.5002	32.2531
471	37.4715	32.2698
471	37.4429	32.2864
471	37.4142	32.3031
471	37.3856	32.3198
471	37.3569	32.3364
471	37.3283	32.3531
471	37.2996	32.3698
471	37.271	32.3865
471	37.2423	32.4031
471	37.2137	32.4198
471	37.185	32.4365
471	37.1564	32.4531
471	37.1277	32.4698
471	37.0991	32.4865
471	37.0704	32.5031
471	37.0418	32.5198
471	37.0131	32.5365
471	36.9845	32.5532
471	36.9558	32.5698
471	36.9272	32.5865
471	36.8985	32.6032
471	36.8699	32.6198
471	36.8413	32.6365
471	36.8126	32.6532
471	36.784	32.6698
471	36.7553	32.6865
471	36.7267	32.7032
471	36.698	32.7199
471	36.6694	32.7365
471	36.6407	32.7532
471	36.6121	32.7699
470	36.5834	32.7865
470	36.5548	32.8032
470	36.5261	32.8199
470	36.4975	32.8365
470	36.4688	32.8532
470	36.4402	32.8699
470	36.4115	32.8866
470	36.3829	32.9032
470	36.3542	32.9199
470	36.3256	32.9366
470	36.2969	32.9532
470	36.2683	32.9699
470	36.2396	32.9866
470	36.211	33.0033
470	36.1823	33.0199
470	36.1537	33.0366
470	36.125	33.0533
470	36.0964	33.0699
470	36.0677	33.0866
470	36.0391	33.1033
470	36.0104	33.1199
470	35.9818	33.1366
470	35.9531	33.1533
470	35.9245	33.17
470	35.8958	33.1866
470	35.8672	33.2033
470	35.8385	33.22
470	35.8099	33.2366
470	35.7812	33.2533
470	35.7526	33.27
470	35.7239	33.2866
470	35.6953	33.3033
470	35.6666	33.32
470	35.638	33.3367
470	35.6093	33.3533
470	35.5807	33.37
470	35.552	33.3867
470	35.5234	33.4033
470	35.4947	33.42
470	35.4661	33.4367
470	35.4374	33.4533
470	35.4088	33.47
470	35.3801	33.4867
470	35.3515	33.5034
470	35.3228	33.52
470	35.2942	33.5367
470	35.2655	33.5534
470	35.2369	33.57
470	35.2082	33.5867
470	35.1796	33.6034
470	35.151	33.62
470	35.1223	33.6367
470	35.0937	33.6534
470	35.065	33.6701
470	35.0364	33.6867
470	35.0077	33.7034
470	34.9791	33.7201
470	34.9504	33.7367
470	34.9218	33.7534
470	34.8931	33.7701
470	34.8645	33.7868
470	34.8358	33.8034
470	34.8072	33.8201
470	34.7785	33.8368
470	34.7499	33.8534
470	34.7212	33.8701
470	34.6926	33.8868
470	34.6639	33.9034
470	34.6353	33.9201
470	34.6066	33.9368
470	34.578	33.9535
470	34.5493	33.9701
470	34.5207	33.9868
470	34.492	34.0035
470	34.4634	34.0201
470	34.4347	34.0368
470	34.4061	34.0535
470	34.3774	34.0701
470	34.3488	34.0868
470	34.3201	34.1035
470	34.2915	34.1202
470	34.2628	34.1368
470	34.2342	34.1535
470	34.2055	34.1702
470	34.1769	34.1868
470	34.1482	34.2035
470	34.1196	34.2202
470	34.0909	34.2368
470	34.0623	34.2535
470	34.0336	34.2702
470	34.005	34.2869
470	33.9763	34.3035
470	33.9477	34.3202
470	33.919	34.3369
470	33.8904	34.3535
470	33.8617	34.3702
470	33.8331	34.3869
470	33.8044	34.4035
470	33.7758	34.4202
470	33.7471	34.4369
470	33.7185	34.4536
470	33.6898	34.4702
470	33.6612	34.4869
470	33.6325	34.5036
470	33.6039	34.5202
470	33.5752	34.5369
470	33.5466	34.5536
470	33.5179	34.5703
470	33.4893	34.5869
470	33.4606	34.6036
470	33.432	34.6203
470	33.4034	34.6369
470	33.3747	34.6536
470	33.3461	34.6703
470	33.3174	34.6869
470	33.2888	34.7036
470	33.2601	34.7203
470	33.2315	34.737
470	33.2028	34.7536
470	33.1742	34.7703
470	33.1455	34.787
470	33.1169	34.8036
470	33.0882	34.8203
470	33.0596	34.837
470	33.0309	34.8536
470	33.0023	34.8703
470	32.9736	34.887
470	32.945	34.9037
470	32.9163	34.9203
470	32.8877	34.937
470	32.859	34.9537
470	32.8304	34.9703
470	32.8017	34.987
470	32.7731	35.0037
470	32.7444	35.0203
470	32.7158	35.037
470	32.6871	35.0537
470	32.6585	35.0704
470	32.6298	35.087
470	32.6012	35.1037
470	32.5725	35.1204
470	32.5439	35.137
470	32.5152	35.1537
470	32.4866	35.1704
470	32.4579	35.187
470	32.4293	35.2037
470	32.4006	35.2204
470	32.372	35.2371
470	32.3433	35.2537
470	32.3147	35.2704
470	32.286	35.2871
470	32.2574	35.3037
470	32.2287	35.3204
470	32.2001	35.3371
470	32.1714	35.3538
470	32.1428	35.3704
470	32.1141	35.3871
470	32.0855	35.4038
470	32.0568	35.4204
470	32.0282	35.4371
470	31.9995	35.4538
470	31.9709	35.4704
470	31.9422	35.4871
470	31.9136	35.5038
470	31.8849	35.5205
470	31.8563	35.5371
470	31.8276	35.5538
470	31.799	35.5705
470	31.7703	35.5871
470	31.7417	35.6038
470	31.713	35.6205
470	31.6844	35.6371
469	31.6557	35.6538
469	31.6271	35.6705
469	31.5984	35.6872
469	31.5698	35.7038
469	31.5412	35.7205
469	31.5125	35.7372
469	31.4839	35.7538
469	31.4552	35.7705
469	31.4266	35.7872
469	31.3979	35.8038
469	31.3693	35.8205
469	31.3406	35.8372
469	31.312	35.8539
469	31.2833	35.8705
469	31.2547	35.8872
469	31.226	35.9039
469	31.1974	35.9205
469	31.1687	35.9372
469	31.1401	35.9539
469	31.1114	35.9706
469	31.0828	35.9872
469	31.0541	36.0039
469	31.0255	36.0206
469	30.9968	36.0372
469	30.9682	36.0539
469	30.9395	36.0706
469	30.9109	36.0872
469	30.8822	36.1039
469	30.8536	36.1206
469	30.8249	36.1373
469	30.7963	36.1539
469	30.7676	36.1706
469	30.739	36.1873
469	30.7103	36.2039
469	30.6817	36.2206
469	30.653	36.2373
469	30.6244	36.2539
469	30.5957	36.2706
469	30.5671	36.2873
469	30.5384	36.304
469	30.5098	36.3206
469	30.4811	36.3373
469	30.4525	36.354
469	30.4238	36.3706
469	30.3952	36.3873
469	30.3665	36.404
469	30.3379	36.4206
469	30.3092	36.4373
469	30.2806	36.454
469	30.2519	36.4707
469	30.2233	36.4873
469	30.1946	36.504
469	30.166	36.5207
469	30.1373	36.5373
469	30.1087	36.554
469	30.08	36.5707
469	30.0514	36.5873
469	30.0227	36.604
469	29.9941	36.6207
469	29.9654	36.6374
469	29.9368	36.654
469	29.9081	36.6707
469	29.8795	36.6874
469	29.8508	36.704
469	29.8222	36.7207
469	29.7936	36.7374
469	29.7649	36.7541
469	29.7363	36.7707
469	29.7076	36.7874
469	29.679	36.8041
469	29.6503	36.8207
469	29.6217	36.8374
469	29.593	36.8541
469	29.5644	36.8707
469	29.5357	36.8874
469	29.5071	36.9041
469	29.4784	36.9208
469	29.4498	36.9374
469	29.4211	36.9541
469	29.3925	36.9708
469	29.3638	36.9874
469	29.3352	37.0041
469	29.3065	37.0208
469	29.2779	37.0374
469	29.2492	37.0541
469	29.2206	37.0708
469	29.1919	37.0875
469	29.1633	37.1041
469	29.1346	37.1208
469	29.106	37.1375
469	29.0773	37.1541
469	29.0487	37.1708
469	29.02	37.1875
469	28.9914	37.2041
469	28.9627	37.2208
469	28.9341	37.2375
469	28.9054	37.2542
469	28.8768	37.2708
469	28.8481	37.2875
469	28.8195	37.3042
469	28.7908	37.3208
469	28.7622	37.3375
469	28.7335	37.3542
469	28.7049	37.3708
469	28.6762	37.3875
469	28.6476	37.4042
469	28.6189	37.4209
469	28.5903	37.4375
469	28.5616	37.4542
469	28.533	37.4709
469	28.5043	37.4875
469	28.4757	37.5042
469	28.4471	37.5209
469	28.4184	37.5376
469	28.3898	37.5542
469	28.3611	37.5709
469	28.3325	37.5876
469	28.3038	37.6042
469	28.2752	37.6209
469	28.2465	37.6376
469	28.2179	37.6542
469	28.1892	37.6709
469	28.1606	37.6876
469	28.1319	37.7043
469	28.1033	37.7209
469	28.0746	37.7376
469	28.046	37.7543
469	28.0173	37.7709
469	27.9887	37.7876
469	27.96	37.8043
469	27.9314	37.8209
469	27.9028	37.8376
469	27.8741	37.8543
469	27.8455	37.871
469	27.8168	37.8876
469	27.7882	37.9043
469	27.7595	37.921
469	27.7309	37.9376
469	27.7022	37.9543
469	27.6736	37.971
469	27.6449	37.9876
469	27.6163	38.0043
469	27.5876	38.021
469	27.559	38.0377
469	27.5303	38.0543
469	27.5017	38.071
469	27.473	38.0877
469	27.4444	38.1043
469	27.4157	38.121
469	27.3871	38.1377
469	27.3584	38.1544
469	27.3298	38.171
469	27.3012	38.1877
469	27.2725	38.2044
469	27.2439	38.221
469	27.2152	38.2377
469	27.1866	38.2544
469	27.1579	38.271
469	27.1293	38.2877
469	27.1006	38.3044
469	27.072	38.3211
469	27.0433	38.3377
469	27.0147	38.3544
469	26.986	38.3711
469	26.9574	38.3877
469	26.9287	38.4044
469	26.9001	38.4211
469	26.8714	38.4377
469	26.8428	38.4544
469	26.8141	38.4711
469	26.7855	38.4878
469	26.7569	38.5044
469	26.7282	38.5211
469	26.6996	38.5378
469	26.6709	38.5544
469	26.6423	38.5711
469	26.6136	38.5878
469	26.585	38.6044
469	26.5563	38.6211
469	26.5277	38.6378
469	26.499	38.6545
469	26.4704	38.6711
469	26.4417	38.6878
469	26.4131	38.7045
469	26.3844	38.7211
469	26.3558	38.7378
469	26.3271	38.7545
469	26.2985	38.7711
469	26.2698	38.7878
469	26.2412	38.8045
469	26.2125	38.8212
469	26.1839	38.8378
469	26.1553	38.8545
469	26.1266	38.8712
469	26.098	38.8878
469	26.0693	38.9045
469	26.0407	38.9212
469	26.012	38.9379
469	25.9834	38.9545
469	25.9547	38.9712
469	25.9261	38.9879
469	25.8974	39.0045
469	25.8688	39.0212
469	25.8401	39.0379
469	25.8115	39.0545
469	25.7828	39.0712
469	25.7542	39.0879
469	25.7255	39.1046
469	25.6969	39.1212
469	25.6682	39.1379
469	25.6396	39.1546
469	25.611	39.1712
469	25.5823	39.1879
469	25.5537	39.2046
469	25.525	39.2212
469	25.4964	39.2379
469	25.4677	39.2546
469	25.4391	39.2713
469	25.4104	39.2879
469	25.3818	39.3046
469	25.3531	39.3213
469	25.3245	39.3379
469	25.2958	39.3546
469	25.2672	39.3713
469	25.2385	39.3879
469	25.2099	39.4046
469	25.1812	39.4213
469	25.1526	39.438
469	25.1239	39.4546
469	25.0953	39.4713
469	25.0667	39.488
469	25.038	39.5046
469	25.0094	39.5213
469	24.9807	39.538
469	24.9521	39.5546
469	24.9234	39.5713
469	24.8948	39.588
469	24.8661	39.6047
469	24.8375	39.6213
469	24.8088	39.638
469	24.7802	39.6547
469	24.7515	39.6713
469	24.7229	39.688
469	24.6942	39.7047
469	24.6656	39.7214
469	24.6369	39.738
469	24.6083	39.7547
469	24.5796	39.7714
469	24.551	39.788
469	24.5223	39.8047
469	24.4937	39.8214
469	24.4651	39.838
469	24.4364	39.8547
469	24.4078	39.8714
469	24.3791	39.8881
469	24.3505	39.9047
469	24.3218	39.9214
469	24.2932	39.9381
469	24.2645	39.9547
469	24.2359	39.9714
469	24.2072	39.9881
469	24.1786	40.0047
469	24.1499	40.0214
469	24.1213	40.0381
469	24.0926	40.0548
469	24.064	40.0714
469	24.0353	40.0881
469	24.0067	40.1048
469	23.978	40.1214
469	23.9494	40.1381
469	23.9208	40.1548
469	23.8921	40.1714
469	23.8635	40.1881
469	23.8348	40.2048
469	23.8062	40.2215
469	23.7775	40.2381
469	23.7489	40.2548
469	23.7202	40.2715
469	23.6916	40.2881
469	23.6629	40.3048
469	23.6343	40.3215
469	23.6056	40.3382
469	23.577	40.3548
469	23.5483	40.3715
469	23.5197	40.3882
469	23.491	40.4048
469	23.4624	40.4215
469	23.4337	40.4382
469	23.4051	40.4548
469	23.3764	40.4715
469	23.3478	40.4882
469	23.3192	40.5049
469	23.2905	40.5215
469	23.2619	40.5382
469	23.2332	40.5549
469	23.2046	40.5715
469	23.1759	40.5882
469	23.1473	40.6049
469	23.1186	40.6215
469	23.09	40.6382
469	23.0613	40.6549
469	23.0327	40.6716
469	23.004	40.6882
469	22.9754	40.7049
469	22.9467	40.7216
469	22.9181	40.7382
469	22.8894	40.7549
469	22.8608	40.7716
469	22.8321	40.7882
469	22.8035	40.8049
469	22.7749	40.8216
469	22.7462	40.8383
469	22.7176	40.8549
469	22.6889	40.8716
469	22.6603	40.8883
469	22.6316	40.9049
469	22.603	40.9216
469	22.5743	40.9383
469	22.5457	40.9549
469	22.517	40.9716
469	22.4884	40.9883
469	22.4597	41.005
469	22.4311	41.0216
469	22.4024	41.0383
469	22.3738	41.055
469	22.3451	41.0716
469	22.3165	41.0883
469	22.2878	41.105
469	22.2592	41.1217
469	22.2305	41.1383
469	22.2019	41.155
469	22.1733	41.1717
469	22.1446	41.1883
469	22.116	41.205
469	22.0873	41.2217
469	22.0587	41.2383
469	22.03	41.255
469	22.0014	41.2717
469	21.9727	41.2884
469	21.9441	41.305
469	21.9154	41.3217
469	21.8868	41.3384
469	21.8581	41.355
469	21.8295	41.3717
469	21.8008	41.3884
469	21.7722	41.405
469	21.7435	41.4217
469	21.7149	41.4384
469	21.6862	41.4551
469	21.6576	41.4717
469	21.629	41.4884
469	21.6003	41.5051
469	21.5717	41.5217
469	21.543	41.5384
469	21.5144	41.5551
469	21.4857	41.5717
469	21.4571	41.5884
469	21.4284	41.6051
469	21.3998	41.6218
469	21.3711	41.6384
469	21.3425	41.6551
469	21.3138	41.6718
469	21.2852	41.6884
469	21.2565	41.7051
469	21.2279	41.7218
469	21.1992	41.7384
469	21.1706	41.7551
469	21.1419	41.7718
469	21.1133	41.7885
469	21.0847	41.8051
469	21.056	41.8218
469	21.0274	41.8385
469	20.9987	41.8551
469	20.9701	41.8718
469	20.9414	41.8885
469	20.9128	41.9052
469	20.8841	41.9218
469	20.8555	41.9385
469	20.8268	41.9552
469	20.7982	41.9718
469	20.7695	41.9885
469	20.7409	42.0052
469	20.7122	42.0218
469	20.6836	42.0385
469	20.6549	42.0552
469	20.6263	42.0719
469	20.5976	42.0885
469	20.569	42.1052
469	20.5403	42.1219
469	20.5117	42.1385
469	20.4831	42.1552
469	20.4544	42.1719
469	20.4258	42.1885
469	20.3971	42.2052
469	20.3685	42.2219
469	20.3398	42.2386
469	20.3112	42.2552
469	20.2825	42.2719
469	20.2539	42.2886
469	20.2252	42.3052
469	20.1966	42.3219
469	20.1679	42.3386
469	20.1393	42.3552
469	20.1106	42.3719
469	20.082	42.3886
469	20.0533	42.4053
469	20.0247	42.4219
469	19.996	42.4386
469	19.9674	42.4553
469	19.9388	42.4719
469	19.9101	42.4886
469	19.8815	42.5053
469	19.8528	42.5219
469	19.8242	42.5386
469	19.7955	42.5553
469	19.7669	42.572
469	19.7382	42.5886
469	19.7096	42.6053
469	19.6809	42.622
469	19.6523	42.6386
469	19.6236	42.6553
469	19.595	42.672
469	19.5663	42.6887
469	19.5377	42.7053
469	19.509	42.722
469	19.4804	42.7387
469	19.4517	42.7553
469	19.4231	42.772
469	19.3944	42.7887
469	19.3658	42.8053
469	19.3372	42.822
469	19.3085	42.8387
469	19.2799	42.8554
469	19.2512	42.872
469	19.2226	42.8887
469	19.1939	42.9054
469	19.1653	42.922
469	19.1366	42.9387
469	19.108	42.9554
469	19.0793	42.972
469	19.0507	42.9887
469	19.022	43.0054
469	18.9934	43.0221
469	18.9647	43.0387
469	18.9361	43.0554
469	18.9074	43.0721
469	18.8788	43.0887
469	18.8501	43.1054
469	18.8215	43.1221
469	18.7929	43.1387
469	18.7642	43.1554
469	18.7356	43.1721
469	18.7069	43.1888
469	18.6783	43.2054
469	18.6496	43.2221
469	18.621	43.2388
469	18.5923	43.2554
469	18.5637	43.2721
469	18.535	43.2888
469	18.5064	43.3055
469	18.4777	43.3221
469	18.4491	43.3388
469	18.4204	43.3555
469	18.3918	43.3721
469	18.3631	43.3888
469	18.3345	43.4055
469	18.3058	43.4221
469	18.2772	43.4388
469	18.2486	43.4555
469	18.2199	43.4722
469	18.1913	43.4888
469	18.1626	43.5055
469	18.134	43.5222
469	18.1053	43.5388
469	18.0767	43.5555
469	18.048	43.5722
469	18.0194	43.5888
469	17.9907	43.6055
469	17.9621	43.6222
469	17.9334	43.6389
469	17.9048	43.6555
469	17.8761	43.6722
469	17.8475	43.6889
469	17.8188	43.7055
469	17.7902	43.7222
469	17.7615	43.7389
469	17.7329	43.7555
469	17.7042	43.7722
469	17.6756	43.7889
469	17.647	43.8056
469	17.6183	43.8222
469	17.5897	43.8389
469	17.561	43.8556
469	17.5324	43.8722
469	17.5037	43.8889
469	17.4751	43.9056
469	17.4464	43.9222
469	17.4178	43.9389
469	17.3891	43.9556
469	17.3605	43.9723
469	17.3318	43.9889
469	17.3032	44.0056
469	17.2745	44.0223
469	17.2459	44.0389
469	17.2172	44.0556
469	17.1886	44.0723
469	17.1599	44.089
469	17.1313	44.1056
469	17.1026	44.1223
469	17.074	44.139
469	17.0454	44.1556
469	17.0167	44.1723
469	16.9881	44.189
469	16.9594	44.2056
469	16.9308	44.2223
469	16.9021	44.239
469	16.8735	44.2557
469	16.8448	44.2723
469	16.8162	44.289
469	16.7875	44.3057
469	16.7589	44.3223
469	16.7302	44.339
469	16.7016	44.3557
469	16.6729	44.3723
469	16.6443	44.389
469	16.6156	44.4057
469	16.587	44.4224
469	16.5583	44.439
469	16.5297	44.4557
469	16.5011	44.4724
469	16.4724	44.489
469	16.4438	44.5057
469	16.4151	44.5224
469	16.3865	44.539
469	16.3578	44.5557
469	16.3292	44.5724
469	16.3005	44.5891
469	16.2719	44.6057
469	16.2432	44.6224
469	16.2146	44.6391
469	16.1859	44.6557
469	16.1573	44.6724
469	16.1286	44.6891
469	16.1	44.7057
469	16.0713	44.7224
469	16.0427	44.7391
469	16.014	44.7558
469	15.9854	44.7724
469	15.9568	44.7891
469	15.9281	44.8058
469	15.8995	44.8224
469	15.8708	44.8391
469	15.8422	44.8558
469	15.8135	44.8725
469	15.7849	44.8891
469	15.7562	44.9058
469	15.7276	44.9225
469	15.6989	44.9391
469	15.6703	44.9558
469	15.6416	44.9725
469	15.613	44.9891
469	15.5843	45.0058
469	15.5557	45.0225
469	15.527	45.0392
469	15.4984	45.0558
469	15.4697	45.0725
469	15.4411	45.0892
469	15.4124	45.1058
469	15.3838	45.1225
469	15.3552	45.1392
469	15.3265	45.1558
469	15.2979	45.1725
469	15.2692	45.1892
469	15.2406	45.2059
469	15.2119	45.2225
469	15.1833	45.2392
469	15.1546	45.2559
469	15.126	45.2725
469	15.0973	45.2892
469	15.0687	45.3059
469	15.04	45.3225
469	15.0114	45.3392
469	14.9827	45.3559
469	14.9541	45.3726
469	14.9254	45.3892
469	14.8968	45.4059
469	14.8681	45.4226
469	14.8395	45.4392
469	14.8109	45.4559
469	14.7822	45.4726
469	14.7536	45.4893
469	14.7249	45.5059
469	14.6963	45.5226
469	14.6676	45.5393
469	14.639	45.5559
469	14.6103	45.5726
469	14.5817	45.5893
469	14.553	45.6059
469	14.5244	45.6226
469	14.4957	45.6393
469	14.4671	45.656
469	14.4384	45.6726
469	14.4098	45.6893
469	14.3811	45.706
469	14.3525	45.7226
469	14.3238	45.7393
469	14.2952	45.756
469	14.2666	45.7726
469	14.2379	45.7893
469	14.2093	45.806
469	14.1806	45.8227
469	14.152	45.8393
469	14.1233	45.856
469	14.0947	45.8727
469	14.066	45.8893
469	14.0374	45.906
469	14.0087	45.9227
469	13.9801	45.9393
469	13.9514	45.956
469	13.9228	45.9727
469	13.8941	45.9894
469	13.8655	46.006
469	13.8368	46.0227
469	13.8082	46.0394
469	13.7795	46.056
469	13.7509	46.0727
469	13.7222	46.0894
469	13.6936	46.106
469	13.665	46.1227
469	13.6363	46.1394
469	13.6077	46.1561
469	13.579	46.1727
469	13.5504	46.1894
469	13.5217	46.2061
469	13.4931	46.2227
469	13.4644	46.2394
469	13.4358	46.2561
469	13.4071	46.2728
469	13.3785	46.2894
469	13.3498	46.3061
469	13.3212	46.3228
469	13.2925	46.3394
469	13.2639	46.3561
469	13.2352	46.3728
469	13.2066	46.3894
469	13.1779	46.4061
469	13.1493	46.4228
469	13.1207	46.4395
469	13.092	46.4561
469	13.0634	46.4728
469	13.0347	46.4895
469	13.0061	46.5061
469	12.9774	46.5228
469	12.9488	46.5395
469	12.9201	46.5561
469	12.8915	46.5728
469	12.8628	46.5895
469	12.8342	46.6062
469	12.8055	46.6228
469	12.7769	46.6395
469	12.7482	46.6562
469	12.7196	46.6728
469	12.6909	46.6895
469	12.6623	46.7062
469	12.6336	46.7228
469	12.605	46.7395
469	12.5763	46.7562
469	12.5477	46.7729
469	12.5191	46.7895
469	12.4904	46.8062
469	12.4618	46.8229
469	12.4331	46.8395
469	12.4045	46.8562
469	12.3758	46.8729
469	12.3472	46.8895
469	12.3185	46.9062
469	12.2899	46.9229
469	12.2612	46.9396
469	12.2326	46.9562
469	12.2039	46.9729
469	12.1753	46.9896
469	12.1466	47.0062
469	12.118	47.0229
469	12.0893	47.0396
469	12.0607	47.0563
469	12.032	47.0729
469	12.0034	47.0896
469	11.9748	47.1063
469	11.9461	47.1229
469	11.9175	47.1396
469	11.8888	47.1563
469	11.8602	47.1729
469	11.8315	47.1896
469	11.8029	47.2063
469	11.7742	47.223
469	11.7456	47.2396
469	11.7169	47.2563
469	11.6883	47.273
469	11.6596	47.2896
469	11.631	47.3063
469	11.6023	47.323
469	11.5737	47.3396
469	11.545	47.3563
469	11.5164	47.373
469	11.4877	47.3897
469	11.4591	47.4063
469	11.4304	47.423
469	11.4018	47.4397
469	11.3732	47.4563
469	11.3445	47.473
469	11.3159	47.4897
469	11.2872	47.5063
469	11.2586	47.523
469	11.2299	47.5397
469	11.2013	47.5564
469	11.1726	47.573
469	11.144	47.5897
469	11.1153	47.6064
469	11.0867	47.623
469	11.058	47.6397
469	11.0294	47.6564
469	11.0007	47.673
469	10.9721	47.6897
469	10.9434	47.7064
469	10.9148	47.7231
469	10.8861	47.7397
469	10.8575	47.7564
469	10.8289	47.7731
469	10.8002	47.7897
469	10.7716	47.8064
469	10.7429	47.8231
469	10.7143	47.8398
469	10.6856	47.8564
469	10.657	47.8731
469	10.6283	47.8898
469	10.5997	47.9064
469	10.571	47.9231
469	10.5424	47.9398
469	10.5137	47.9564
469	10.4851	47.9731
469	10.4564	47.9898
469	10.4278	48.0065
469	10.3991	48.0231
469	10.3705	48.0398
469	10.3418	48.0565
469	10.3132	48.0731
469	10.2845	48.0898
469	10.2559	48.1065
469	10.2273	48.1231
469	10.1986	48.1398
469	10.17	48.1565
469	10.1413	48.1732
469	10.1127	48.1898
469	10.084	48.2065
469	10.0554	48.2232
469	10.0267	48.2398
469	9.99808	48.2565
469	9.96943	48.2732
469	9.94078	48.2898
469	9.91213	48.3065
469	9.88348	48.3232
469	9.85484	48.3399
469	9.82619	48.3565
469	9.79754	48.3732
469	9.7689	48.3899
469	9.74025	48.4065
469	9.7116	48.4232
469	9.68295	48.4399
469	9.65431	48.4566
469	9.62566	48.4732
469	9.59701	48.4899
469	9.56836	48.5066
469	9.53972	48.5232
469	9.51107	48.5399
469	9.48242	48.5566
469	9.45377	48.5732
469	9.42513	48.5899
469	9.39648	48.6066
469	9.36783	48.6233
469	9.33918	48.6399
469	9.31054	48.6566
469	9.28189	48.6733
469	9.25324	48.6899
469	9.22459	48.7066
469	9.19595	48.7233
469	9.1673	48.7399
469	9.13865	48.7566
469	9.11	48.7733
469	9.08136	48.79
469	9.05271	48.8066
469	9.02406	48.8233
469	8.99541	48.84
469	8.96677	48.8566
469	8.93812	48.8733
469	8.90947	48.89
469	8.88082	48.9066
469	8.85218	48.9233
469	8.82353	48.94
469	8.79488	48.9567
469	8.76623	48.9733
469	8.73759	48.99
469	8.70894	49.0067
469	8.68029	49.0233
469	8.65164	49.04
469	8.623	49.0567
469	8.59435	49.0733
469	8.5657	49.09
469	8.53705	49.1067
469	8.50841	49.1234
469	8.47976	49.14
469	8.45111	49.1567
469	8.42246	49.1734
469	8.39382	49.19
469	8.36517	49.2067
469	8.33652	49.2234
469	8.30787	49.2401
469	8.27923	49.2567
469	8.25058	49.2734
469	8.22193	49.2901
469	8.19328	49.3067
469	8.16464	49.3234
469	8.13599	49.3401
469	8.10734	49.3567
469	8.07869	49.3734
469	8.05005	49.3901
469	8.0214	49.4068
469	7.99275	49.4234
469	7.9641	49.4401
469	7.93546	49.4568
469	7.90681	49.4734
469	7.87816	49.4901
469	7.84951	49.5068
469	7.82087	49.5234
469	7.79222	49.5401
469	7.76357	49.5568
469	7.73492	49.5735
469	7.70628	49.5901
469	7.67763	49.6068
469	7.64898	49.6235
469	7.62033	49.6401
469	7.59169	49.6568
469	7.56304	49.6735
469	7.53439	49.6901
469	7.50574	49.7068
469	7.4771	49.7235
469	7.44845	49.7402
469	7.4198	49.7568
469	7.39115	49.7735
469	7.36251	49.7902
469	7.33386	49.8068
469	7.30521	49.8235
469	7.27656	49.8402
469	7.24792	49.8568
469	7.21927	49.8735
469	7.19062	49.8902
469	7.16197	49.9069
469	7.13333	49.9235
469	7.10468	49.9402
469	7.07603	49.9569
469	7.04738	49.9735
469	7.01873	49.9902
469	6.99009	50.0069
469	6.96144	50.0236
469	6.93279	50.0402
469	6.90414	50.0569
469	6.8755	50.0736
469	6.84685	50.0902
469	6.8182	50.1069
469	6.78955	50.1236
469	6.7609	50.1402
469	6.73226	50.1569
469	6.70361	50.1736
469	6.67496	50.1903
469	6.64631	50.2069
469	6.61766	50.2236
469	6.58902	50.2403
469	6.56037	50.2569
469	6.53172	50.2736
469	6.50307	50.2903
469	6.47442	50.3069
469	6.44578	50.3236
469	6.41713	50.3403
469	6.38848	50.357
469	6.35983	50.3736
469	6.33119	50.3903
469	6.30254	50.407
469	6.27389	50.4236
469	6.24524	50.4403
469	6.21659	50.457
469	6.18795	50.4736
469	6.1593	50.4903
469	6.13065	50.507
469	6.102	50.5237
469	6.07335	50.5403
469	6.04471	50.557
469	6.01606	50.5737
469	5.98741	50.5903
469	5.95876	50.607
469	5.93011	50.6237
469	5.90147	50.6404
469	5.87282	50.657
469	5.84417	50.6737
469	5.81552	50.6904
469	5.78687	50.707
469	5.75823	50.7237
469	5.72958	50.7404
469	5.70093	50.757
469	5.67228	50.7737
469	5.64364	50.7904
469	5.61499	50.8071
469	5.58634	50.8237
469	5.55769	50.8404
469	5.52904	50.8571
469	5.5004	50.8737
469	5.47175	50.8904
469	5.4431	50.9071
469	5.41445	50.9237
469	5.3858	50.9404
469	5.35716	50.9571
469	5.32851	50.9738
469	5.29986	50.9904
469	5.27121	51.0071
469	5.24256	51.0238
469	5.21392	51.0404
469	5.18527	51.0571
469	5.15662	51.0738
469	5.12797	51.0904
469	5.09933	51.1071
469	5.07068	51.1238
469	5.04203	51.1405
469	5.01338	51.1571
469	4.98473	51.1738
469	4.95609	51.1905
469	4.92744	51.2071
469	4.89879	51.2238
469	4.87014	51.2405
469	4.84149	51.2571
469	4.81285	51.2738
469	4.7842	51.2905
469	4.75555	51.3072
469	4.7269	51.3238
469	4.69825	51.3405
469	4.66961	51.3572
469	4.64096	51.3738
469	4.61231	51.3905
469	4.58366	51.4072
469	4.55501	51.4239
469	4.52637	51.4405
469	4.49772	51.4572
469	4.46907	51.4739
469	4.44042	51.4905
469	4.41178	51.5072
469	4.38313	51.5239
469	4.35448	51.5405
469	4.32583	51.5572
469	4.29718	51.5739
469	4.26854	51.5906
469	4.23989	51.6072
469	4.21124	51.6239
469	4.18259	51.6406
469	4.15394	51.6572
469	4.1253	51.6739
469	4.09665	51.6906
469	4.068	51.7072
469	4.03935	51.7239
469	4.0107	51.7406
469	3.98206	51.7573
469	3.95341	51.7739
469	3.92476	51.7906
469	3.89611	51.8073
469	3.86747	51.8239
469	3.83882	51.8406
469	3.81017	51.8573
469	3.78152	51.8739
469	3.75287	51.8906
469	3.72423	51.9073
469	3.69558	51.924
469	3.66693	51.9406
469	3.63828	51.9573
469	3.60963	51.974
469	3.58099	51.9906
469	3.55234	52.0073
469	3.52369	52.024
469	3.49504	52.0406
469	3.46639	52.0573
469	3.43775	52.074
469	3.4091	52.0907
469	3.38045	52.1073
469	3.3518	52.124
469	3.32315	52.1407
469	3.29451	52.1573
469	3.26586	52.174
469	3.23721	52.1907
469	3.20856	52.2074
469	3.17992	52.224
469	3.15127	52.2407
469	3.12262	52.2574
469	3.09397	52.274
469	3.06532	52.2907
469	3.03668	52.3074
469	3.00803	52.324
469	2.97938	52.3407
469	2.95073	52.3574
469	2.92208	52.3741
469	2.89344	52.3907
469	2.86479	52.4074
469	2.83614	52.4241
469	2.80749	52.4407
469	2.77884	52.4574
469	2.7502	52.4741
469	2.72155	52.4907
469	2.6929	52.5074
469	2.66425	52.5241
469	2.63561	52.5408
469	2.60696	52.5574
469	2.57831	52.5741
469	2.54966	52.5908
469	2.52101	52.6074
469	2.49237	52.6241
469	2.46372	52.6408
469	2.43507	52.6574
469	2.40642	52.6741
469	2.37777	52.6908
469	2.34913	52.7075
469	2.32048	52.7241
469	2.29183	52.7408
469	2.26318	52.7575
469	2.23453	52.7741
469	2.20589	52.7908
469	2.17724	52.8075
469	2.14859	52.8242
469	2.11994	52.8408
469	2.09129	52.8575
469	2.06265	52.8742
469	2.034	52.8908
469	2.00535	52.9075
469	1.9767	52.9242
469	1.94806	52.9408
469	1.91941	52.9575
469	1.89076	52.9742
469	1.86211	52.9909
469	1.83346	53.0075
469	1.80482	53.0242
469	1.77617	53.0409
469	1.74752	53.0575
469	1.71887	53.0742
469	1.69022	53.0909
469	1.66158	53.1075
469	1.63293	53.1242
469	1.60428	53.1409
469	1.57563	53.1576
469	1.54699	53.1742
469	1.51834	53.1909
469	1.48969	53.2076
469	1.46104	53.2242
469	1.43239	53.2409
469	1.40375	53.2576
469	1.3751	53.2742
469	1.34645	53.2909
469	1.3178	53.3076
469	1.28916	53.3243
469	1.26051	53.3409
469	1.23186	53.3576
469	1.20321	53.3743
469	1.17456	53.3909
469	1.14592	53.4076
469	1.11727	53.4243
469	1.08862	53.4409
469	1.05997	53.4576
469	1.03132	53.4743
469	1.00268	53.491
469	0.974029	53.5076
469	0.945382	53.5243
469	0.916734	53.541
469	0.888086	53.5576
469	0.859438	53.5743
469	0.83079	53.591
469	0.802142	53.6077
469	0.773495	53.6243
469	0.744847	53.641
469	0.716199	53.6577
469	0.687551	53.6743
469	0.658903	53.691
469	0.630255	53.7077
469	0.601607	53.7243
469	0.57296	53.741
469	0.544312	53.7577
469	0.515664	53.7744
469	0.487016	53.791
469	0.458368	53.8077
469	0.42972	53.8244
469	0.401072	53.841
469	0.372425	53.8577
469	0.343777	53.8744
469	0.315129	53.891
469	0.286481	53.9077
469	0.257833	53.9244
469	0.229185	53.9411
469	0.200537	53.9577
469	0.17189	53.9744
469	0.143242	53.9911
469	0.114594	54.0077
469	0.085946	54.0244
469	0.0572982	54.0411
469	0.0286503	54.0577
469	2.46127e-06	54.0744
469	-0.0286454	54.0911
469	0	54.1078
469	0	54.1244
469	0	54.1411
469	0	54.1578
469	0	54.1744
469	0	54.1911
469	0	54.2078
469	0	54.2244
469	0	54.2411
469	0	54.2578
469	0	54.2745
469	0	54.2911
469	0	54.3078
469	0	54.3245
469	0	54.3411
469	0	54.3578
469	0	54.3745
469	0	54.3912
469	0	54.4078
469	0	54.4245
469	0	54.4412
469	0	54.4578
469	0	54.4745
469	0	54.4912
469	0	54.5078
469	0	54.5245
469	0	54.5412
469	0	54.5579
469	0	54.5745
469	0	54.5912
469	0	54.6079
469	0	54.6245
469	0	54.6412
469	0	54.6579
469	0	54.6745
469	0	54.6912
469	0	54.7079
469	0	54.7246
469	0	54.7412
469	0	54.7579
469	0	54.7746
469	0	54.7912
469	0	54.8079
469	0	54.8246
469	0	54.8412
469	0	54.8579
469	0	54.8746
469	0	54.8913
469	0	54.9079
469	0	54.9246
469	0	54.9413
469	0	54.9579
469	0	54.9746
469	0	54.9913
469	0	55.0079
469	0	55.0246
469	0	55.0413
469	0	55.058
469	0	55.0746
469	0	55.0913
