inside_count	theta (degrees)	time (s)
163957	0.0286479	0.00828552
163957	0.0572957	0.0249481
163957	0.0859435	0.0416107
163957	0.114591	0.0582733
163957	0.143239	0.0749359
163957	0.171887	0.0915985
163957	0.200535	0.108261
163957	0.229183	0.124924
163957	0.257831	0.141586
163957	0.286479	0.158249
163957	0.315126	0.174911
163957	0.343774	0.191574
163957	0.372422	0.208237
163957	0.40107	0.224899
163957	0.429718	0.241562
163957	0.458366	0.258224
163957	0.487013	0.274887
163957	0.515661	0.29155
163957	0.544309	0.308212
163957	0.572957	0.324875
163957	0.601605	0.341537
163957	0.630253	0.3582
163957	0.658901	0.374863
163957	0.687548	0.391525
163957	0.716196	0.408188
163957	0.744844	0.42485
163957	0.773492	0.441513
163957	0.80214	0.458176
163957	0.830788	0.474838
163957	0.859436	0.491501
163957	0.888083	0.508163
163957	0.916731	0.524826
163957	0.945379	0.541489
163957	0.974027	0.558151
163957	1.00267	0.574814
163957	1.03132	0.591476
163957	1.05997	0.608139
163957	1.08862	0.624802
163957	1.11727	0.641464
163957	1.14591	0.658127
163957	1.17456	0.674789
163957	1.20321	0.691452
163957	1.23186	0.708115
163957	1.2605	0.724777
163957	1.28915	0.74144
163957	1.3178	0.758102
163957	1.34645	0.774765
163957	1.3751	0.791428
163957	1.40374	0.80809
163957	1.43239	0.824753
163957	1.46104	0.841415
163957	1.48969	0.858078
163957	1.51834	0.874741
163957	1.54698	0.891403
163957	1.57563	0.908066
163957	1.60428	0.924728
163957	1.63293	0.941391
163957	1.66157	0.958054
163957	1.69022	0.974716
163957	1.71887	0.991379
163957	1.74752	1.00804
163957	1.77617	1.0247
163957	1.80481	1.04137
163957	1.83346	1.05803
163957	1.86211	1.07469
163957	1.89076	1.09135
163957	1.9194	1.10802
163957	1.94805	1.12468
163957	1.9767	1.14134
163957	2.00535	1.158
163957	2.034	1.17467
163957	2.06264	1.19133
163957	2.09129	1.20799
163957	2.11994	1.22466
163957	2.14859	1.24132
163957	2.17724	1.25798
163957	2.20588	1.27464
163957	2.23453	1.29131
163957	2.26318	1.30797
163957	2.29183	1.32463
163957	2.32048	1.34129
163957	2.34912	1.35796
163957	2.37777	1.37462
163957	2.40642	1.39128
163957	2.43507	1.40794
163957	2.46372	1.42461
163957	2.49236	1.44127
163957	2.52101	1.45793
163957	2.54966	1.47459
163957	2.57831	1.49126
163957	2.60695	1.50792
163957	2.6356	1.52458
163957	2.66425	1.54124
163957	2.6929	1.55791
163957	2.72155	1.57457
163957	2.75019	1.59123
163957	2.77884	1.60789
163957	2.80749	1.62456
163957	2.83614	1.64122
163957	2.86479	1.65788
163957	2.89343	1.67455
163957	2.92208	1.69121
163957	2.95073	1.70787
163957	2.97938	1.72453
163957	3.00803	1.7412
163957	3.03667	1.75786
163957	3.06532	1.77452
163957	3.09397	1.79118
163957	3.12262	1.80785
163957	3.15126	1.82451
163957	3.17991	1.84117
163957	3.20856	1.85783
163957	3.23721	1.8745
163957	3.26586	1.89116
163957	3.2945	1.90782
163957	3.32315	1.92448
163957	3.3518	1.94115
163957	3.38045	1.95781
163957	3.4091	1.97447
163957	3.43774	1.99113
163957	3.46639	2.0078
163957	3.49504	2.02446
163957	3.52369	2.04112
163957	3.55234	2.05779
163957	3.58098	2.07445
163957	3.60963	2.09111
163957	3.63828	2.10777
163957	3.66693	2.12444
163957	3.69557	2.1411
163957	3.72422	2.15776
163957	3.75287	2.17442
163957	3.78152	2.19109
163957	3.81017	2.20775
163957	3.83881	2.22441
163957	3.86746	2.24107
163957	3.89611	2.25774
163957	3.92476	2.2744
163957	3.95341	2.29106
163957	3.98205	2.30772
163957	4.0107	2.32439
163957	4.03935	2.34105
163957	4.068	2.35771
163957	4.09665	2.37437
163957	4.12529	2.39104
163957	4.15394	2.4077
163957	4.18259	2.42436
163957	4.21124	2.44102
163957	4.23989	2.45769
163957	4.26853	2.47435
163957	4.29718	2.49101
163957	4.32583	2.50768
163957	4.35448	2.52434
163957	4.38312	2.541
163957	4.41177	2.55766
163957	4.44042	2.57433
163957	4.46907	2.59099
163957	4.49772	2.60765
163957	4.52636	2.62431
163957	4.55501	2.64098
163957	4.58366	2.65764
163957	4.61231	2.6743
163957	4.64096	2.69096
163957	4.6696	2.70763
163957	4.69825	2.72429
163957	4.7269	2.74095
163957	4.75555	2.75761
163957	4.7842	2.77428
163957	4.81284	2.79094
163957	4.84149	2.8076
163957	4.87014	2.82426
163957	4.89879	2.84093
163957	4.92743	2.85759
163957	4.95608	2.87425
163957	4.98473	2.89091
163957	5.01338	2.90758
163957	5.04203	2.92424
163957	5.07067	2.9409
163957	5.09932	2.95757
163957	5.12797	2.97423
163957	5.15662	2.99089
163957	5.18527	3.00755
163957	5.21391	3.02422
163957	5.24256	3.04088
163957	5.27121	3.05754
163957	5.29986	3.0742
163957	5.32851	3.09087
163957	5.35715	3.10753
163957	5.3858	3.12419
163957	5.41445	3.14085
163957	5.4431	3.15752
163957	5.47175	3.17418
163957	5.50039	3.19084
163957	5.52904	3.2075
163957	5.55769	3.22417
163957	5.58634	3.24083
163957	5.61498	3.25749
163957	5.64363	3.27415
163957	5.67228	3.29082
163957	5.70093	3.30748
163957	5.72958	3.32414
163957	5.75822	3.34081
163957	5.78687	3.35747
163957	5.81552	3.37413
163957	5.84417	3.39079
163957	5.87282	3.40746
163957	5.90146	3.42412
163957	5.93011	3.44078
163957	5.95876	3.45744
163957	5.98741	3.47411
163957	6.01606	3.49077
163957	6.0447	3.50743
163957	6.07335	3.52409
163957	6.102	3.54076
163957	6.13065	3.55742
163957	6.1593	3.57408
163957	6.18794	3.59074
163957	6.21659	3.60741
163957	6.24524	3.62407
163957	6.27389	3.64073
163957	6.30253	3.65739
163957	6.33118	3.67406
163957	6.35983	3.69072
163957	6.38848	3.70738
163957	6.41713	3.72404
163957	6.44577	3.74071
163957	6.47442	3.75737
163957	6.50307	3.77403
163957	6.53172	3.7907
163957	6.56037	3.80736
163957	6.58901	3.82402
163957	6.61766	3.84068
163957	6.64631	3.85735
163957	6.67496	3.87401
163957	6.70361	3.89067
163957	6.73225	3.90733
163957	6.7609	3.924
163957	6.78955	3.94066
163957	6.8182	3.95732
163957	6.84685	3.97398
163957	6.87549	3.99065
163957	6.90414	4.00731
163957	6.93279	4.02397
163957	6.96144	4.04063
163957	6.99008	4.0573
163957	7.01873	4.07396
163957	7.04738	4.09062
163957	7.07603	4.10728
163957	7.10468	4.12395
163957	7.13332	4.14061
163957	7.16197	4.15727
163957	7.19062	4.17393
163957	7.21927	4.1906
163957	7.24791	4.20726
163957	7.27656	4.22392
163957	7.30521	4.24059
163957	7.33386	4.25725
163957	7.3625	4.27391
163957	7.39115	4.29057
163957	7.4198	4.30724
163957	7.44845	4.3239
163957	7.47709	4.34056
163957	7.50574	4.35722
163957	7.53439	4.37389
163957	7.56304	4.39055
163957	7.59168	4.40721
163957	7.62033	4.42387
163957	7.64898	4.44054
163957	7.67763	4.4572
163957	7.70627	4.47386
163957	7.73492	4.49052
163957	7.76357	4.50719
163957	7.79222	4.52385
163957	7.82086	4.54051
163957	7.84951	4.55717
163957	7.87816	4.57384
163957	7.90681	4.5905
163957	7.93545	4.60716
163957	7.9641	4.62383
163957	7.99275	4.64049
163957	8.0214	4.65715
163957	8.05004	4.67381
163957	8.07869	4.69048
163957	8.10734	4.70714
163957	8.13599	4.7238
163957	8.16463	4.74046
163957	8.19328	4.75713
163957	8.22193	4.77379
163957	8.25058	4.79045
163957	8.27922	4.80711
163957	8.30787	4.82378
163957	8.33652	4.84044
163957	8.36517	4.8571
163957	8.39381	4.87376
163957	8.42246	4.89043
163957	8.45111	4.90709
163957	8.47976	4.92375
163957	8.5084	4.94041
163957	8.53705	4.95708
163957	8.5657	4.97374
163957	8.59435	4.9904
163957	8.62299	5.00706
163957	8.65164	5.02373
163957	8.68029	5.04039
163957	8.70894	5.05705
163957	8.73758	5.07372
163957	8.76623	5.09038
163957	8.79488	5.10704
163957	8.82353	5.1237
163957	8.85217	5.14037
163957	8.88082	5.15703
163957	8.90947	5.17369
163957	8.93812	5.19035
163957	8.96676	5.20702
163957	8.99541	5.22368
163957	9.02406	5.24034
163957	9.05271	5.257
163957	9.08135	5.27367
163957	9.11	5.29033
163957	9.13865	5.30699
163957	9.1673	5.32365
163957	9.19594	5.34032
163957	9.22459	5.35698
163957	9.25324	5.37364
163957	9.28189	5.3903
163957	9.31053	5.40697
163957	9.33918	5.42363
163957	9.36783	5.44029
163957	9.39648	5.45695
163957	9.42512	5.47362
163957	9.45377	5.49028
163957	9.48242	5.50694
163957	9.51107	5.52361
163957	9.53971	5.54027
163957	9.56836	5.55693
163957	9.59701	5.57359
163957	9.62566	5.59026
163957	9.6543	5.60692
163957	9.68295	5.62358
163957	9.7116	5.64024
163957	9.74024	5.65691
163957	9.76889	5.67357
163957	9.79754	5.69023
163957	9.82619	5.70689
163957	9.85484	5.72356
163957	9.88348	5.74022
163957	9.91213	5.75688
163957	9.94078	5.77354
163957	9.96943	5.79021
163957	9.99807	5.80687
163957	10.0267	5.82353
163957	10.0554	5.84019
163957	10.084	5.85686
163957	10.1127	5.87352
163957	10.1413	5.89018
163957	10.17	5.90685
163957	10.1986	5.92351
163957	10.2273	5.94017
163957	10.2559	5.95683
163957	10.2845	5.9735
163957	10.3132	5.99016
163957	10.3418	6.00682
163957	10.3705	6.02348
163957	10.3991	6.04015
163957	10.4278	6.05681
163957	10.4564	6.07347
163957	10.4851	6.09013
163957	10.5137	6.1068
163957	10.5424	6.12346
163957	10.571	6.14012
163957	10.5997	6.15678
163957	10.6283	6.17345
163957	10.657	6.19011
163957	10.6856	6.20677
163957	10.7143	6.22343
163957	10.7429	6.2401
163957	10.7716	6.25676
163957	10.8002	6.27342
163957	10.8288	6.29008
163957	10.8575	6.30675
163957	10.8861	6.32341
163957	10.9148	6.34007
163957	10.9434	6.35674
163957	10.9721	6.3734
163957	11.0007	6.39006
163957	11.0294	6.40672
163957	11.058	6.42339
163957	11.0867	6.44005
163957	11.1153	6.45671
163957	11.144	6.47337
163957	11.1726	6.49004
163957	11.2013	6.5067
163957	11.2299	6.52336
163957	11.2586	6.54002
163957	11.2872	6.55669
163957	11.3159	6.57335
163957	11.3445	6.59001
163957	11.3732	6.60667
163957	11.4018	6.62334
163957	11.4304	6.64
163957	11.4591	6.65666
163957	11.4877	6.67332
163957	11.5164	6.68999
163957	11.545	6.70665
163957	11.5737	6.72331
163957	11.6023	6.73997
163957	11.631	6.75664
163957	11.6596	6.7733
163957	11.6883	6.78996
163957	11.7169	6.80663
163957	11.7456	6.82329
163957	11.7742	6.83995
163957	11.8029	6.85661
163957	11.8315	6.87328
163957	11.8602	6.88994
163957	11.8888	6.9066
163957	11.9175	6.92326
163957	11.9461	6.93993
163957	11.9747	6.95659
163957	12.0034	6.97325
163957	12.032	6.98991
163957	12.0607	7.00658
163957	12.0893	7.02324
163957	12.118	7.0399
163957	12.1466	7.05656
163957	12.1753	7.07323
163957	12.2039	7.08989
163957	12.2326	7.10655
163957	12.2612	7.12321
163957	12.2899	7.13988
163957	12.3185	7.15654
163957	12.3472	7.1732
163957	12.3758	7.18987
163957	12.4045	7.20653
163957	12.4331	7.22319
163957	12.4618	7.23985
163957	12.4904	7.25652
163957	12.5191	7.27318
163957	12.5477	7.28984
163957	12.5763	7.3065
163957	12.605	7.32317
163957	12.6336	7.33983
163957	12.6623	7.35649
163957	12.6909	7.37315
163957	12.7196	7.38982
163957	12.7482	7.40648
163957	12.7769	7.42314
163957	12.8055	7.4398
163957	12.8342	7.45647
163957	12.8628	7.47313
163957	12.8915	7.48979
163957	12.9201	7.50645
163957	12.9488	7.52312
163957	12.9774	7.53978
163957	13.0061	7.55644
163957	13.0347	7.5731
163957	13.0634	7.58977
163957	13.092	7.60643
163957	13.1206	7.62309
163957	13.1493	7.63976
163957	13.1779	7.65642
163957	13.2066	7.67308
163957	13.2352	7.68974
163957	13.2639	7.70641
163957	13.2925	7.72307
163957	13.3212	7.73973
163957	13.3498	7.75639
163957	13.3785	7.77306
163957	13.4071	7.78972
163957	13.4358	7.80638
163957	13.4644	7.82304
163957	13.4931	7.83971
163957	13.5217	7.85637
163957	13.5504	7.87303
163957	13.579	7.88969
163957	13.6077	7.90636
163957	13.6363	7.92302
163957	13.665	7.93968
163957	13.6936	7.95634
163957	13.7222	7.97301
163957	13.7509	7.98967
163957	13.7795	8.00633
163957	13.8082	8.02299
163957	13.8368	8.03966
163957	13.8655	8.05632
163957	13.8941	8.07298
163957	13.9228	8.08965
163957	13.9514	8.10631
163957	13.9801	8.12297
163957	14.0087	8.13963
163957	14.0374	8.1563
163957	14.066	8.17296
163957	14.0947	8.18962
163957	14.1233	8.20628
163957	14.152	8.22295
163957	14.1806	8.23961
163957	14.2093	8.25627
163957	14.2379	8.27293
163957	14.2665	8.2896
163957	14.2952	8.30626
163957	14.3238	8.32292
163957	14.3525	8.33958
163957	14.3811	8.35625
163957	14.4098	8.37291
163957	14.4384	8.38957
163957	14.4671	8.40623
163957	14.4957	8.4229
163957	14.5244	8.43956
163957	14.553	8.45622
163957	14.5817	8.47289
163957	14.6103	8.48955
163957	14.639	8.50621
163957	14.6676	8.52287
163957	14.6963	8.53954
163957	14.7249	8.5562
163957	14.7536	8.57286
163957	14.7822	8.58952
163957	14.8109	8.60619
163957	14.8395	8.62285
163957	14.8681	8.63951
163957	14.8968	8.65617
163957	14.9254	8.67284
163957	14.9541	8.6895
163957	14.9827	8.70616
163957	15.0114	8.72282
163957	15.04	8.73949
163957	15.0687	8.75615
163957	15.0973	8.77281
163957	15.126	8.78947
163957	15.1546	8.80614
163957	15.1833	8.8228
163957	15.2119	8.83946
163957	15.2406	8.85612
163957	15.2692	8.87279
163957	15.2979	8.88945
163957	15.3265	8.90611
163957	15.3552	8.92278
163957	15.3838	8.93944
163957	15.4124	8.9561
163957	15.4411	8.97276
163957	15.4697	8.98943
163957	15.4984	9.00609
163957	15.527	9.02275
163957	15.5557	9.03941
163957	15.5843	9.05608
163957	15.613	9.07274
163957	15.6416	9.0894
163957	15.6703	9.10606
163957	15.6989	9.12273
163957	15.7276	9.13939
163957	15.7562	9.15605
163957	15.7849	9.17271
163957	15.8135	9.18938
163957	15.8422	9.20604
163957	15.8708	9.2227
163957	15.8995	9.23936
163957	15.9281	9.25603
163957	15.9567	9.27269
163957	15.9854	9.28935
163957	16.014	9.30602
163957	16.0427	9.32268
163957	16.0713	9.33934
163957	16.1	9.356
163957	16.1286	9.37267
163957	16.1573	9.38933
163957	16.1859	9.40599
163957	16.2146	9.42265
163957	16.2432	9.43932
163957	16.2719	9.45598
163957	16.3005	9.47264
163957	16.3292	9.4893
163957	16.3578	9.50597
163957	16.3865	9.52263
163957	16.4151	9.53929
163957	16.4438	9.55595
163957	16.4724	9.57262
163957	16.5011	9.58928
163957	16.5297	9.60594
163957	16.5583	9.6226
163957	16.587	9.63927
163957	16.6156	9.65593
163957	16.6443	9.67259
163957	16.6729	9.68925
163957	16.7016	9.70592
163957	16.7302	9.72258
163957	16.7589	9.73924
163957	16.7875	9.75591
163957	16.8162	9.77257
163957	16.8448	9.78923
163957	16.8735	9.80589
163957	16.9021	9.82256
163957	16.9308	9.83922
163957	16.9594	9.85588
163957	16.9881	9.87254
163957	17.0167	9.88921
163957	17.0454	9.90587
163957	17.074	9.92253
163957	17.1026	9.93919
163957	17.1313	9.95586
163957	17.1599	9.97252
163957	17.1886	9.98918
163957	17.2172	10.0058
163957	17.2459	10.0225
163957	17.2745	10.0392
163957	17.3032	10.0558
163957	17.3318	10.0725
163957	17.3605	10.0892
163957	17.3891	10.1058
163957	17.4178	10.1225
163957	17.4464	10.1391
163957	17.4751	10.1558
163957	17.5037	10.1725
163957	17.5324	10.1891
163957	17.561	10.2058
163957	17.5897	10.2225
163957	17.6183	10.2391
163957	17.647	10.2558
163957	17.6756	10.2724
163957	17.7042	10.2891
163957	17.7329	10.3058
163957	17.7615	10.3224
163957	17.7902	10.3391
163957	17.8188	10.3558
163957	17.8475	10.3724
163957	17.8761	10.3891
163957	17.9048	10.4057
163957	17.9334	10.4224
163957	17.9621	10.4391
163956	17.9907	10.4557
163956	18.0194	10.4724
163956	18.048	10.4891
163956	18.0767	10.5057
163956	18.1053	10.5224
163956	18.134	10.539
163956	18.1626	10.5557
163956	18.1913	10.5724
163956	18.2199	10.589
163956	18.2485	10.6057
163956	18.2772	10.6224
163956	18.3058	10.639
163956	18.3345	10.6557
163956	18.3631	10.6723
163956	18.3918	10.689
163956	18.4204	10.7057
163955	18.4491	10.7223
163955	18.4777	10.739
163955	18.5064	10.7557
163955	18.535	10.7723
163955	18.5637	10.789
163955	18.5923	10.8056
163955	18.621	10.8223
163955	18.6496	10.839
163955	18.6783	10.8556
163955	18.7069	10.8723
163955	18.7356	10.889
163955	18.7642	10.9056
163955	18.7929	10.9223
163955	18.8215	10.9389
163955	18.8501	10.9556
163955	18.8788	10.9723
163955	18.9074	10.9889
163955	18.9361	11.0056
163955	18.9647	11.0223
163955	18.9934	11.0389
163955	19.022	11.0556
163955	19.0507	11.0723
163955	19.0793	11.0889
163955	19.108	11.1056
163955	19.1366	11.1222
163955	19.1653	11.1389
163955	19.1939	11.1556
163955	19.2226	11.1722
163955	19.2512	11.1889
163955	19.2799	11.2056
163955	19.3085	11.2222
163955	19.3372	11.2389
163955	19.3658	11.2555
163955	19.3944	11.2722
163955	19.4231	11.2889
163955	19.4517	11.3055
163955	19.4804	11.3222
163955	19.509	11.3389
163955	19.5377	11.3555
163955	19.5663	11.3722
163955	19.595	11.3888
163955	19.6236	11.4055
163955	19.6523	11.4222
163955	19.6809	11.4388
163955	19.7096	11.4555
163955	19.7382	11.4722
163955	19.7669	11.4888
163955	19.7955	11.5055
163955	19.8242	11.5221
163955	19.8528	11.5388
163955	19.8815	11.5555
163955	19.9101	11.5721
163955	19.9387	11.5888
163955	19.9674	11.6055
163955	19.996	11.6221
163955	20.0247	11.6388
163955	20.0533	11.6554
163955	20.082	11.6721
163955	20.1106	11.6888
163955	20.1393	11.7054
163955	20.1679	11.7221
163955	20.1966	11.7388
163955	20.2252	11.7554
163955	20.2539	11.7721
163955	20.2825	11.7887
163955	20.3112	11.8054
163955	20.3398	11.8221
163955	20.3685	11.8387
163955	20.3971	11.8554
163955	20.4258	11.8721
163955	20.4544	11.8887
163955	20.4831	11.9054
163955	20.5117	11.922
163955	20.5403	11.9387
163955	20.569	11.9554
163955	20.5976	11.972
163955	20.6263	11.9887
163955	20.6549	12.0054
163955	20.6836	12.022
163955	20.7122	12.0387
163955	20.7409	12.0553
163955	20.7695	12.072
163955	20.7982	12.0887
163955	20.8268	12.1053
163955	20.8555	12.122
163955	20.8841	12.1387
163955	20.9128	12.1553
163955	20.9414	12.172
163955	20.9701	12.1886
163955	20.9987	12.2053
163955	21.0274	12.222
163955	21.056	12.2386
163955	21.0846	12.2553
163955	21.1133	12.272
163955	21.1419	12.2886
163955	21.1706	12.3053
163955	21.1992	12.3219
163955	21.2279	12.3386
163955	21.2565	12.3553
163955	21.2852	12.3719
163955	21.3138	12.3886
163955	21.3425	12.4053
163955	21.3711	12.4219
163955	21.3998	12.4386
163955	21.4284	12.4552
163955	21.4571	12.4719
163955	21.4857	12.4886
163955	21.5144	12.5052
163955	21.543	12.5219
163955	21.5717	12.5386
163955	21.6003	12.5552
163955	21.629	12.5719
163955	21.6576	12.5885
163955	21.6862	12.6052
163955	21.7149	12.6219
163955	21.7435	12.6385
163955	21.7722	12.6552
163955	21.8008	12.6719
163955	21.8295	12.6885
163955	21.8581	12.7052
163955	21.8868	12.7218
163955	21.9154	12.7385
163955	21.9441	12.7552
163955	21.9727	12.7718
163955	22.0014	12.7885
163955	22.03	12.8052
163955	22.0587	12.8218
163955	22.0873	12.8385
163955	22.116	12.8551
163955	22.1446	12.8718
163955	22.1733	12.8885
163955	22.2019	12.9051
163955	22.2305	12.9218
163955	22.2592	12.9385
163955	22.2878	12.9551
163954	22.3165	12.9718
163954	22.3451	12.9884
163954	22.3738	13.0051
163954	22.4024	13.0218
163954	22.4311	13.0384
163954	22.4597	13.0551
163954	22.4884	13.0718
163954	22.517	13.0884
163954	22.5457	13.1051
163954	22.5743	13.1217
163954	22.603	13.1384
163954	22.6316	13.1551
163954	22.6603	13.1717
163954	22.6889	13.1884
163954	22.7176	13.2051
163954	22.7462	13.2217
163954	22.7749	13.2384
163954	22.8035	13.2551
163954	22.8321	13.2717
163954	22.8608	13.2884
163954	22.8894	13.305
163954	22.9181	13.3217
163954	22.9467	13.3384
163954	22.9754	13.355
163954	23.004	13.3717
163954	23.0327	13.3884
163954	23.0613	13.405
163954	23.09	13.4217
163954	23.1186	13.4383
163954	23.1473	13.455
163954	23.1759	13.4717
163954	23.2046	13.4883
163954	23.2332	13.505
163954	23.2619	13.5217
163954	23.2905	13.5383
163954	23.3192	13.555
163954	23.3478	13.5716
163954	23.3764	13.5883
163954	23.4051	13.605
163954	23.4337	13.6216
163954	23.4624	13.6383
163954	23.491	13.655
163954	23.5197	13.6716
163954	23.5483	13.6883
163954	23.577	13.7049
163954	23.6056	13.7216
163954	23.6343	13.7383
163954	23.6629	13.7549
163954	23.6916	13.7716
163954	23.7202	13.7883
163954	23.7489	13.8049
163954	23.7775	13.8216
163954	23.8062	13.8382
163954	23.8348	13.8549
163954	23.8635	13.8716
163954	23.8921	13.8882
163954	23.9207	13.9049
163954	23.9494	13.9216
163954	23.978	13.9382
163954	24.0067	13.9549
163954	24.0353	13.9715
163954	24.064	13.9882
163954	24.0926	14.0049
163954	24.1213	14.0215
163954	24.1499	14.0382
163954	24.1786	14.0549
163954	24.2072	14.0715
163954	24.2359	14.0882
163954	24.2645	14.1048
163954	24.2932	14.1215
163954	24.3218	14.1382
163954	24.3505	14.1548
163954	24.3791	14.1715
163954	24.4078	14.1882
163954	24.4364	14.2048
163954	24.4651	14.2215
163954	24.4937	14.2381
163954	24.5223	14.2548
163954	24.551	14.2715
163954	24.5796	14.2881
163954	24.6083	14.3048
163954	24.6369	14.3215
163954	24.6656	14.3381
163954	24.6942	14.3548
163954	24.7229	14.3714
163954	24.7515	14.3881
163954	24.7802	14.4048
163954	24.8088	14.4214
163954	24.8375	14.4381
163954	24.8661	14.4548
163954	24.8948	14.4714
163954	24.9234	14.4881
163954	24.9521	14.5047
163954	24.9807	14.5214
163954	25.0094	14.5381
163954	25.038	14.5547
163954	25.0666	14.5714
163954	25.0953	14.5881
163954	25.1239	14.6047
163954	25.1526	14.6214
163954	25.1812	14.638
163954	25.2099	14.6547
163954	25.2385	14.6714
163954	25.2672	14.688
163954	25.2958	14.7047
163954	25.3245	14.7214
163954	25.3531	14.738
163954	25.3818	14.7547
163954	25.4104	14.7713
163954	25.4391	14.788
163954	25.4677	14.8047
163954	25.4964	14.8213
163954	25.525	14.838
163954	25.5537	14.8547
163954	25.5823	14.8713
163954	25.611	14.888
163954	25.6396	14.9046
163953	25.6682	14.9213
163953	25.6969	14.938
163953	25.7255	14.9546
163953	25.7542	14.9713
163953	25.7828	14.988
163953	25.8115	15.0046
163953	25.8401	15.0213
163953	25.8688	15.0379
163953	25.8974	15.0546
163953	25.9261	15.0713
163953	25.9547	15.0879
163952	25.9834	15.1046
163952	26.012	15.1213
163952	26.0407	15.1379
163952	26.0693	15.1546
163952	26.098	15.1712
163952	26.1266	15.1879
163952	26.1553	15.2046
163952	26.1839	15.2212
163952	26.2125	15.2379
163952	26.2412	15.2546
163952	26.2698	15.2712
163952	26.2985	15.2879
163952	26.3271	15.3046
163952	26.3558	15.3212
163952	26.3844	15.3379
163952	26.4131	15.3545
163952	26.4417	15.3712
163952	26.4704	15.3879
163952	26.499	15.4045
163952	26.5277	15.4212
163952	26.5563	15.4379
163952	26.585	15.4545
163952	26.6136	15.4712
163952	26.6423	15.4878
163952	26.6709	15.5045
163952	26.6996	15.5212
163952	26.7282	15.5378
163952	26.7568	15.5545
163952	26.7855	15.5712
163952	26.8141	15.5878
163952	26.8428	15.6045
163952	26.8714	15.6211
163952	26.9001	15.6378
163952	26.9287	15.6545
163952	26.9574	15.6711
163952	26.986	15.6878
163952	27.0147	15.7045
163952	27.0433	15.7211
163952	27.072	15.7378
163952	27.1006	15.7544
163952	27.1293	15.7711
163952	27.1579	15.7878
163952	27.1866	15.8044
163952	27.2152	15.8211
163952	27.2439	15.8378
163952	27.2725	15.8544
163952	27.3012	15.8711
163952	27.3298	15.8877
163952	27.3584	15.9044
163952	27.3871	15.9211
163952	27.4157	15.9377
163952	27.4444	15.9544
163952	27.473	15.9711
163952	27.5017	15.9877
163952	27.5303	16.0044
163952	27.559	16.021
163952	27.5876	16.0377
163952	27.6163	16.0544
163952	27.6449	16.071
163952	27.6736	16.0877
163952	27.7022	16.1044
163952	27.7309	16.121
163952	27.7595	16.1377
163952	27.7882	16.1543
163952	27.8168	16.171
163952	27.8455	16.1877
163952	27.8741	16.2043
163952	27.9028	16.221
163952	27.9314	16.2377
163952	27.96	16.2543
163952	27.9887	16.271
163952	28.0173	16.2876
163952	28.046	16.3043
163952	28.0746	16.321
163952	28.1033	16.3376
163952	28.1319	16.3543
163952	28.1606	16.371
163952	28.1892	16.3876
163952	28.2179	16.4043
163952	28.2465	16.4209
163952	28.2752	16.4376
163952	28.3038	16.4543
163952	28.3325	16.4709
163952	28.3611	16.4876
163952	28.3898	16.5043
163952	28.4184	16.5209
163952	28.4471	16.5376
163952	28.4757	16.5542
163952	28.5043	16.5709
163952	28.533	16.5876
163952	28.5616	16.6042
163952	28.5903	16.6209
163952	28.6189	16.6376
163952	28.6476	16.6542
163952	28.6762	16.6709
163952	28.7049	16.6875
163952	28.7335	16.7042
163952	28.7622	16.7209
163952	28.7908	16.7375
163952	28.8195	16.7542
163952	28.8481	16.7709
163952	28.8768	16.7875
163952	28.9054	16.8042
163952	28.9341	16.8208
163952	28.9627	16.8375
163952	28.9914	16.8542
163952	29.02	16.8708
163952	29.0487	16.8875
163952	29.0773	16.9042
163952	29.106	16.9208
163952	29.1346	16.9375
163952	29.1633	16.9541
163952	29.1919	16.9708
163952	29.2206	16.9875
163952	29.2492	17.0041
163952	29.2779	17.0208
163952	29.3065	17.0375
163952	29.3352	17.0541
163952	29.3638	17.0708
163952	29.3925	17.0874
163952	29.4211	17.1041
163952	29.4498	17.1208
163952	29.4784	17.1374
163952	29.5071	17.1541
163952	29.5357	17.1708
163952	29.5644	17.1874
163952	29.593	17.2041
163952	29.6217	17.2207
163952	29.6503	17.2374
163952	29.679	17.2541
163952	29.7076	17.2707
163952	29.7363	17.2874
163952	29.7649	17.3041
163952	29.7936	17.3207
163952	29.8222	17.3374
163952	29.8508	17.354
163952	29.8795	17.3707
163952	29.9081	17.3874
163952	29.9368	17.404
163952	29.9654	17.4207
163952	29.9941	17.4374
163952	30.0227	17.454
163952	30.0514	17.4707
163952	30.08	17.4874
163952	30.1087	17.504
163952	30.1373	17.5207
163952	30.166	17.5373
163952	30.1946	17.554
163952	30.2233	17.5707
163952	30.2519	17.5873
163952	30.2806	17.604
163952	30.3092	17.6207
163952	30.3379	17.6373
163952	30.3665	17.654
163952	30.3952	17.6706
163952	30.4238	17.6873
163952	30.4525	17.704
163952	30.4811	17.7206
163952	30.5098	17.7373
163952	30.5384	17.754
163952	30.5671	17.7706
163952	30.5957	17.7873
163952	30.6244	17.8039
163952	30.653	17.8206
163952	30.6817	17.8373
163952	30.7103	17.8539
163952	30.739	17.8706
163952	30.7676	17.8873
163952	30.7963	17.9039
163952	30.8249	17.9206
163952	30.8536	17.9372
163952	30.8822	17.9539
163952	30.9109	17.9706
163952	30.9395	17.9872
163952	30.9682	18.0039
163952	30.9968	18.0206
163952	31.0255	18.0372
163952	31.0541	18.0539
163952	31.0828	18.0705
163951	31.1114	18.0872
163951	31.1401	18.1039
163951	31.1687	18.1205
163951	31.1974	18.1372
163951	31.226	18.1539
163951	31.2547	18.1705
163951	31.2833	18.1872
163951	31.312	18.2038
163951	31.3406	18.2205
163951	31.3693	18.2372
163951	31.3979	18.2538
163951	31.4266	18.2705
163951	31.4552	18.2872
163951	31.4839	18.3038
163951	31.5125	18.3205
163951	31.5412	18.3371
163951	31.5698	18.3538
163951	31.5984	18.3705
163951	31.6271	18.3871
163951	31.6557	18.4038
163951	31.6844	18.4205
163951	31.713	18.4371
163951	31.7417	18.4538
163951	31.7703	18.4704
163951	31.799	18.4871
163951	31.8276	18.5038
163951	31.8563	18.5204
163950	31.8849	18.5371
163950	31.9136	18.5538
163950	31.9422	18.5704
163950	31.9709	18.5871
163949	31.9995	18.6037
163949	32.0282	18.6204
163949	32.0568	18.6371
163949	32.0855	18.6537
163949	32.1141	18.6704
163949	32.1428	18.6871
163949	32.1714	18.7037
163949	32.2001	18.7204
163949	32.2287	18.737
163949	32.2574	18.7537
163949	32.286	18.7704
163949	32.3147	18.787
163949	32.3433	18.8037
163949	32.372	18.8204
163948	32.4006	18.837
163948	32.4293	18.8537
163948	32.4579	18.8703
163948	32.4866	18.887
163948	32.5152	18.9037
163948	32.5439	18.9203
163948	32.5725	18.937
163948	32.6012	18.9537
163948	32.6298	18.9703
163948	32.6585	18.987
163948	32.6871	19.0036
163948	32.7158	19.0203
163948	32.7444	19.037
163948	32.7731	19.0536
163948	32.8017	19.0703
163948	32.8304	19.087
163948	32.859	19.1036
163948	32.8877	19.1203
163948	32.9163	19.1369
163948	32.945	19.1536
163948	32.9736	19.1703
163948	33.0023	19.1869
163948	33.0309	19.2036
163948	33.0596	19.2203
163948	33.0882	19.2369
163948	33.1169	19.2536
163948	33.1455	19.2702
163948	33.1742	19.2869
163948	33.2028	19.3036
163948	33.2315	19.3202
163948	33.2601	19.3369
163948	33.2888	19.3536
163948	33.3174	19.3702
163948	33.3461	19.3869
163948	33.3747	19.4035
163948	33.4034	19.4202
163948	33.432	19.4369
163948	33.4606	19.4535
163948	33.4893	19.4702
163948	33.5179	19.4869
163948	33.5466	19.5035
163948	33.5752	19.5202
163948	33.6039	19.5368
163948	33.6325	19.5535
163948	33.6612	19.5702
163948	33.6898	19.5868
163948	33.7185	19.6035
163948	33.7471	19.6202
163948	33.7758	19.6368
163948	33.8044	19.6535
163948	33.8331	19.6702
163948	33.8617	19.6868
163948	33.8904	19.7035
163948	33.919	19.7201
163948	33.9477	19.7368
163948	33.9763	19.7535
163948	34.005	19.7701
163948	34.0336	19.7868
163948	34.0623	19.8035
163948	34.0909	19.8201
163948	34.1196	19.8368
163948	34.1482	19.8534
163948	34.1769	19.8701
163948	34.2055	19.8868
163948	34.2342	19.9034
163948	34.2628	19.9201
163948	34.2915	19.9368
163948	34.3201	19.9534
163948	34.3488	19.9701
163948	34.3774	19.9867
163948	34.4061	20.0034
163948	34.4347	20.0201
163948	34.4634	20.0367
163948	34.492	20.0534
163948	34.5207	20.0701
163948	34.5493	20.0867
163948	34.578	20.1034
163948	34.6066	20.12
163948	34.6353	20.1367
163948	34.6639	20.1534
163948	34.6926	20.17
163948	34.7212	20.1867
163948	34.7499	20.2034
163948	34.7785	20.22
163947	34.8072	20.2367
163947	34.8358	20.2533
163947	34.8645	20.27
163947	34.8931	20.2867
163947	34.9218	20.3033
163947	34.9504	20.32
163947	34.9791	20.3367
163947	35.0077	20.3533
163947	35.0364	20.37
163947	35.065	20.3866
163947	35.0937	20.4033
163947	35.1223	20.42
163947	35.151	20.4366
163947	35.1796	20.4533
163947	35.2082	20.47
163947	35.2369	20.4866
163947	35.2655	20.5033
163947	35.2942	20.5199
163947	35.3228	20.5366
163947	35.3515	20.5533
163947	35.3801	20.5699
163947	35.4088	20.5866
163947	35.4374	20.6033
163947	35.4661	20.6199
163947	35.4947	20.6366
163947	35.5234	20.6532
163947	35.552	20.6699
163947	35.5807	20.6866
163947	35.6093	20.7032
163947	35.638	20.7199
163947	35.6666	20.7366
163947	35.6953	20.7532
163947	35.7239	20.7699
163947	35.7526	20.7865
163947	35.7812	20.8032
163947	35.8099	20.8199
163947	35.8385	20.8365
163947	35.8672	20.8532
163947	35.8958	20.8699
163947	35.9245	20.8865
163947	35.9531	20.9032
163947	35.9818	20.9198
163947	36.0104	20.9365
163947	36.0391	20.9532
163947	36.0677	20.9698
163947	36.0964	20.9865
163947	36.125	21.0032
163947	36.1537	21.0198
163947	36.1823	21.0365
163947	36.211	21.0531
163947	36.2396	21.0698
163947	36.2683	21.0865
163947	36.2969	21.1031
163947	36.3256	21.1198
163947	36.3542	21.1365
163947	36.3829	21.1531
163947	36.4115	21.1698
163947	36.4402	21.1864
163947	36.4688	21.2031
163935	36.4975	21.2198
163934	36.5261	21.2364
163934	36.5548	21.2531
163931	36.5834	21.2698
163920	36.6121	21.2864
163920	36.6407	21.3031
163920	36.6694	21.3197
163920	36.698	21.3364
163920	36.7267	21.3531
163920	36.7553	21.3697
163919	36.784	21.3864
163912	36.8126	21.4031
163912	36.8413	21.4197
163912	36.8699	21.4364
163912	36.8985	21.453
163903	36.9272	21.4697
163899	36.9558	21.4864
163899	36.9845	21.503
163899	37.0131	21.5197
163899	37.0418	21.5364
163899	37.0704	21.553
163899	37.0991	21.5697
163899	37.1277	21.5863
163895	37.1564	21.603
163885	37.185	21.6197
163878	37.2137	21.6363
163871	37.2423	21.653
163869	37.271	21.6697
163861	37.2996	21.6863
163861	37.3283	21.703
163861	37.3569	21.7197
163859	37.3856	21.7363
163845	37.4142	21.753
163840	37.4429	21.7696
163833	37.4715	21.7863
163832	37.5002	21.803
163828	37.5288	21.8196
163821	37.5575	21.8363
163805	37.5861	21.853
163805	37.6148	21.8696
163805	37.6434	21.8863
163799	37.6721	21.9029
163791	37.7007	21.9196
163786	37.7294	21.9363
163785	37.758	21.9529
163781	37.7867	21.9696
163760	37.8153	21.9863
163759	37.844	22.0029
163758	37.8726	22.0196
163754	37.9013	22.0362
163739	37.9299	22.0529
163727	37.9586	22.0696
163719	37.9872	22.0862
163718	38.0159	22.1029
163717	38.0445	22.1196
163706	38.0732	22.1362
163689	38.1018	22.1529
163684	38.1305	22.1695
163682	38.1591	22.1862
163668	38.1878	22.2029
163641	38.2164	22.2195
163630	38.2451	22.2362
163622	38.2737	22.2529
163617	38.3024	22.2695
163614	38.331	22.2862
163608	38.3597	22.3028
163594	38.3883	22.3195
163580	38.417	22.3362
163567	38.4456	22.3528
163558	38.4743	22.3695
163545	38.5029	22.3862
163524	38.5316	22.4028
163517	38.5602	22.4195
163506	38.5889	22.4361
163494	38.6175	22.4528
163481	38.6461	22.4695
163458	38.6748	22.4861
163446	38.7034	22.5028
163430	38.7321	22.5195
163417	38.7607	22.5361
163404	38.7894	22.5528
163391	38.818	22.5694
163381	38.8467	22.5861
163365	38.8753	22.6028
163349	38.904	22.6194
163336	38.9326	22.6361
163323	38.9613	22.6528
163305	38.9899	22.6694
163290	39.0186	22.6861
163271	39.0472	22.7027
163256	39.0759	22.7194
163231	39.1045	22.7361
163217	39.1332	22.7527
163202	39.1618	22.7694
163184	39.1905	22.7861
163164	39.2191	22.8027
163151	39.2478	22.8194
163136	39.2764	22.836
163117	39.3051	22.8527
163098	39.3337	22.8694
163084	39.3624	22.886
163066	39.391	22.9027
163050	39.4197	22.9194
163036	39.4483	22.936
163019	39.477	22.9527
163000	39.5056	22.9693
162981	39.5343	22.986
162961	39.5629	23.0027
162940	39.5916	23.0193
162914	39.6202	23.036
162900	39.6489	23.0527
162874	39.6775	23.0693
162857	39.7062	23.086
162832	39.7348	23.1026
162813	39.7635	23.1193
162804	39.7921	23.136
162776	39.8208	23.1526
162753	39.8494	23.1693
162737	39.8781	23.186
162718	39.9067	23.2026
162688	39.9354	23.2193
162663	39.964	23.2359
162650	39.9927	23.2526
162621	40.0213	23.2693
162589	40.05	23.2859
162568	40.0786	23.3026
162550	40.1073	23.3193
162517	40.1359	23.3359
162494	40.1646	23.3526
162476	40.1932	23.3692
162449	40.2219	23.3859
162430	40.2505	23.4026
162410	40.2792	23.4192
162384	40.3078	23.4359
162365	40.3365	23.4526
162340	40.3651	23.4692
162321	40.3937	23.4859
162290	40.4224	23.5025
162262	40.451	23.5192
162235	40.4797	23.5359
162209	40.5083	23.5525
162184	40.537	23.5692
162155	40.5656	23.5859
162126	40.5943	23.6025
162105	40.6229	23.6192
162073	40.6516	23.6358
162038	40.6802	23.6525
162016	40.7089	23.6692
161991	40.7375	23.6858
161956	40.7662	23.7025
161923	40.7948	23.7192
161901	40.8235	23.7358
161877	40.8521	23.7525
161845	40.8808	23.7691
161811	40.9094	23.7858
161793	40.9381	23.8025
161759	40.9667	23.8191
161726	40.9954	23.8358
161703	41.024	23.8525
161684	41.0527	23.8691
161640	41.0813	23.8858
161613	41.11	23.9025
161574	41.1386	23.9191
161547	41.1673	23.9358
161524	41.1959	23.9524
161497	41.2246	23.9691
161442	41.2532	23.9858
161417	41.2819	24.0024
161389	41.3105	24.0191
161370	41.3392	24.0358
161326	41.3678	24.0524
161284	41.3965	24.0691
161259	41.4251	24.0857
161231	41.4538	24.1024
161191	41.4824	24.1191
161154	41.5111	24.1357
161134	41.5397	24.1524
161093	41.5684	24.1691
161066	41.597	24.1857
161021	41.6257	24.2024
160994	41.6543	24.219
160962	41.683	24.2357
160921	41.7116	24.2524
160889	41.7403	24.269
160857	41.7689	24.2857
160815	41.7976	24.3024
160784	41.8262	24.319
160760	41.8549	24.3357
160705	41.8835	24.3523
160682	41.9122	24.369
160642	41.9408	24.3857
160608	41.9695	24.4023
160568	41.9981	24.419
160529	42.0268	24.4357
160491	42.0554	24.4523
160460	42.0841	24.469
160418	42.1127	24.4856
160379	42.1413	24.5023
160346	42.17	24.519
160309	42.1987	24.5356
160270	42.2273	24.5523
160229	42.2559	24.569
160192	42.2846	24.5856
160146	42.3132	24.6023
160108	42.3419	24.6189
160071	42.3705	24.6356
160032	42.3992	24.6523
159992	42.4278	24.6689
159968	42.4565	24.6856
159909	42.4851	24.7023
159863	42.5138	24.7189
159835	42.5424	24.7356
159792	42.5711	24.7522
159750	42.5997	24.7689
159704	42.6284	24.7856
159673	42.657	24.8022
159617	42.6857	24.8189
159585	42.7143	24.8356
159533	42.743	24.8522
159507	42.7716	24.8689
159469	42.8003	24.8855
159416	42.8289	24.9022
159367	42.8576	24.9189
159322	42.8862	24.9355
159279	42.9149	24.9522
159234	42.9435	24.9689
159184	42.9722	24.9855
159145	43.0008	25.0022
159081	43.0295	25.0188
159038	43.0581	25.0355
158979	43.0868	25.0522
158951	43.1154	25.0688
158919	43.1441	25.0855
158865	43.1727	25.1022
158817	43.2014	25.1188
158769	43.23	25.1355
158719	43.2587	25.1521
158672	43.2873	25.1688
158630	43.316	25.1855
158582	43.3446	25.2021
158521	43.3733	25.2188
158500	43.4019	25.2355
158441	43.4306	25.2521
158402	43.4592	25.2688
158346	43.4879	25.2854
158292	43.5165	25.3021
158242	43.5452	25.3188
158192	43.5738	25.3354
158142	43.6025	25.3521
158100	43.6311	25.3688
158062	43.6598	25.3854
158002	43.6884	25.4021
157954	43.7171	25.4187
157906	43.7457	25.4354
157839	43.7744	25.4521
157790	43.803	25.4687
157745	43.8317	25.4854
157667	43.8603	25.5021
157625	43.889	25.5187
157588	43.9176	25.5354
157527	43.9463	25.552
157453	43.9749	25.5687
157413	44.0035	25.5854
157362	44.0322	25.602
157298	44.0608	25.6187
157245	44.0895	25.6354
157197	44.1181	25.652
157144	44.1468	25.6687
157095	44.1754	25.6853
157036	44.2041	25.702
156973	44.2327	25.7187
156917	44.2614	25.7353
156860	44.29	25.752
156805	44.3187	25.7687
156743	44.3473	25.7853
156696	44.376	25.802
156628	44.4046	25.8186
156572	44.4333	25.8353
156509	44.4619	25.852
156450	44.4906	25.8686
156380	44.5192	25.8853
156327	44.5479	25.902
156266	44.5765	25.9186
156210	44.6052	25.9353
156156	44.6338	25.952
156097	44.6625	25.9686
156037	44.6911	25.9853
155980	44.7198	26.0019
155917	44.7484	26.0186
155843	44.7771	26.0353
155785	44.8057	26.0519
155720	44.8344	26.0686
155662	44.863	26.0853
155602	44.8917	26.1019
155533	44.9203	26.1186
155488	44.949	26.1352
155432	44.9776	26.1519
155370	45.0063	26.1686
155305	45.0349	26.1852
155245	45.0636	26.2019
155181	45.0922	26.2186
155120	45.1209	26.2352
155055	45.1495	26.2519
154996	45.1782	26.2685
154934	45.2068	26.2852
154876	45.2355	26.3019
154820	45.2641	26.3185
154760	45.2928	26.3352
154694	45.3214	26.3519
154624	45.3501	26.3685
154561	45.3787	26.3852
154494	45.4074	26.4018
154429	45.436	26.4185
154375	45.4647	26.4352
154316	45.4933	26.4518
154260	45.522	26.4685
154190	45.5506	26.4852
154120	45.5793	26.5018
154057	45.6079	26.5185
153985	45.6366	26.5351
153923	45.6652	26.5518
153859	45.6939	26.5685
153798	45.7225	26.5851
153736	45.7511	26.6018
153678	45.7798	26.6185
153616	45.8084	26.6351
153553	45.8371	26.6518
153490	45.8657	26.6684
153426	45.8944	26.6851
153364	45.923	26.7018
153293	45.9517	26.7184
153229	45.9803	26.7351
153172	46.009	26.7518
153105	46.0376	26.7684
153034	46.0663	26.7851
152965	46.0949	26.8017
152905	46.1236	26.8184
152841	46.1522	26.8351
152778	46.1809	26.8517
152709	46.2095	26.8684
152651	46.2382	26.8851
152574	46.2668	26.9017
152504	46.2955	26.9184
152443	46.3241	26.935
152375	46.3528	26.9517
152307	46.3814	26.9684
152246	46.4101	26.985
152177	46.4387	27.0017
152108	46.4674	27.0184
152048	46.496	27.035
151974	46.5247	27.0517
151915	46.5533	27.0683
151848	46.582	27.085
151780	46.6106	27.1017
151716	46.6393	27.1183
151643	46.6679	27.135
151574	46.6966	27.1517
151508	46.7252	27.1683
151435	46.7539	27.185
151371	46.7825	27.2016
151305	46.8112	27.2183
151231	46.8398	27.235
151153	46.8685	27.2516
151082	46.8971	27.2683
151015	46.9258	27.285
150948	46.9544	27.3016
150880	46.9831	27.3183
150812	47.0117	27.3349
150746	47.0404	27.3516
150677	47.069	27.3683
150604	47.0977	27.3849
150535	47.1263	27.4016
150477	47.155	27.4183
150416	47.1836	27.4349
150338	47.2123	27.4516
150268	47.2409	27.4682
150190	47.2696	27.4849
150121	47.2982	27.5016
150060	47.3269	27.5182
149984	47.3555	27.5349
149917	47.3842	27.5516
149838	47.4128	27.5682
149757	47.4415	27.5849
149689	47.4701	27.6015
149622	47.4987	27.6182
149558	47.5274	27.6349
149495	47.556	27.6515
149425	47.5847	27.6682
149347	47.6133	27.6849
149281	47.642	27.7015
149190	47.6706	27.7182
149122	47.6993	27.7348
149048	47.7279	27.7515
148972	47.7566	27.7682
148915	47.7852	27.7848
148832	47.8139	27.8015
148763	47.8425	27.8182
148686	47.8712	27.8348
148612	47.8998	27.8515
148539	47.9285	27.8681
148470	47.9571	27.8848
148393	47.9858	27.9015
148329	48.0144	27.9181
148257	48.0431	27.9348
148188	48.0717	27.9515
148099	48.1004	27.9681
148018	48.129	27.9848
147939	48.1577	28.0014
147862	48.1863	28.0181
147780	48.215	28.0348
147710	48.2436	28.0514
147633	48.2723	28.0681
147573	48.3009	28.0848
147509	48.3296	28.1014
147445	48.3582	28.1181
147374	48.3869	28.1348
147283	48.4155	28.1514
147196	48.4442	28.1681
147117	48.4728	28.1847
147045	48.5015	28.2014
146965	48.5301	28.2181
146899	48.5588	28.2347
146815	48.5874	28.2514
146735	48.6161	28.2681
146655	48.6447	28.2847
146576	48.6734	28.3014
146501	48.702	28.318
146414	48.7307	28.3347
146346	48.7593	28.3514
146270	48.788	28.368
146214	48.8166	28.3847
146133	48.8453	28.4014
146049	48.8739	28.418
145975	48.9026	28.4347
145905	48.9312	28.4513
145831	48.9599	28.468
145760	48.9885	28.4847
145660	49.0172	28.5013
145576	49.0458	28.518
145506	49.0745	28.5347
145432	49.1031	28.5513
145342	49.1318	28.568
145271	49.1604	28.5846
145199	49.1891	28.6013
145122	49.2177	28.618
145028	49.2463	28.6346
144955	49.275	28.6513
144877	49.3036	28.668
144809	49.3323	28.6846
144738	49.3609	28.7013
144649	49.3896	28.7179
144571	49.4182	28.7346
144511	49.4469	28.7513
144439	49.4755	28.7679
144364	49.5042	28.7846
144270	49.5328	28.8013
144168	49.5615	28.8179
144082	49.5901	28.8346
144010	49.6188	28.8512
143925	49.6474	28.8679
143842	49.6761	28.8846
143772	49.7047	28.9012
143689	49.7334	28.9179
143624	49.762	28.9346
143552	49.7907	28.9512
143478	49.8193	28.9679
143400	49.848	28.9845
143297	49.8766	29.0012
143221	49.9053	29.0179
143155	49.9339	29.0345
143070	49.9626	29.0512
142981	49.9912	29.0679
142889	50.0199	29.0845
142804	50.0485	29.1012
142721	50.0772	29.1178
142638	50.1058	29.1345
142547	50.1345	29.1512
142485	50.1631	29.1678
142404	50.1918	29.1845
142324	50.2204	29.2012
142250	50.2491	29.2178
142167	50.2777	29.2345
142089	50.3064	29.2511
142019	50.335	29.2678
141946	50.3637	29.2845
141888	50.3923	29.3011
141808	50.421	29.3178
141728	50.4496	29.3345
141639	50.4783	29.3511
141553	50.5069	29.3678
141478	50.5356	29.3844
141387	50.5642	29.4011
141310	50.5929	29.4178
141249	50.6215	29.4344
141177	50.6502	29.4511
141087	50.6788	29.4678
141007	50.7075	29.4844
140918	50.7361	29.5011
140823	50.7648	29.5177
140727	50.7934	29.5344
140665	50.8221	29.5511
140591	50.8507	29.5677
140487	50.8794	29.5844
140398	50.908	29.6011
140319	50.9367	29.6177
140243	50.9653	29.6344
140158	50.9939	29.651
140077	51.0226	29.6677
140011	51.0513	29.6844
139939	51.0799	29.701
139863	51.1085	29.7177
139769	51.1372	29.7344
139689	51.1658	29.751
139611	51.1945	29.7677
139538	51.2231	29.7843
139441	51.2518	29.801
139352	51.2804	29.8177
139263	51.3091	29.8343
139184	51.3377	29.851
139067	51.3664	29.8677
138966	51.395	29.8843
138869	51.4237	29.901
138781	51.4523	29.9176
138707	51.481	29.9343
138604	51.5096	29.951
138532	51.5383	29.9676
138452	51.5669	29.9843
138359	51.5956	30.001
138283	51.6242	30.0176
138202	51.6529	30.0343
138112	51.6815	30.0509
138029	51.7102	30.0676
137932	51.7388	30.0843
137843	51.7675	30.1009
137747	51.7961	30.1176
137656	51.8248	30.1343
137570	51.8534	30.1509
137469	51.8821	30.1676
137371	51.9107	30.1842
137290	51.9394	30.2009
137205	51.968	30.2176
137106	51.9967	30.2342
137025	52.0253	30.2509
136940	52.054	30.2676
136848	52.0826	30.2842
136754	52.1113	30.3009
136674	52.1399	30.3176
136603	52.1686	30.3342
136524	52.1972	30.3509
136411	52.2259	30.3675
136320	52.2545	30.3842
136245	52.2832	30.4009
136150	52.3118	30.4175
136074	52.3405	30.4342
135991	52.3691	30.4509
135902	52.3978	30.4675
135802	52.4264	30.4842
135718	52.4551	30.5008
135627	52.4837	30.5175
135541	52.5124	30.5342
135449	52.541	30.5508
135357	52.5697	30.5675
135264	52.5983	30.5842
135178	52.627	30.6008
135105	52.6556	30.6175
135021	52.6843	30.6341
134927	52.7129	30.6508
134829	52.7416	30.6675
134743	52.7702	30.6841
134664	52.7989	30.7008
134562	52.8275	30.7175
134471	52.8561	30.7341
134370	52.8848	30.7508
134279	52.9134	30.7674
134187	52.9421	30.7841
134086	52.9707	30.8008
134005	52.9994	30.8174
133930	53.028	30.8341
133854	53.0567	30.8508
133765	53.0853	30.8674
133664	53.114	30.8841
133574	53.1426	30.9007
133484	53.1713	30.9174
133387	53.1999	30.9341
133295	53.2286	30.9507
133218	53.2572	30.9674
133124	53.2859	30.9841
133044	53.3145	31.0007
132950	53.3432	31.0174
132871	53.3718	31.034
132802	53.4005	31.0507
132694	53.4291	31.0674
132592	53.4578	31.084
132494	53.4864	31.1007
132405	53.5151	31.1174
132314	53.5437	31.134
132203	53.5724	31.1507
132114	53.601	31.1673
132030	53.6297	31.184
131948	53.6583	31.2007
131861	53.687	31.2173
131780	53.7156	31.234
131696	53.7443	31.2507
131620	53.7729	31.2673
131538	53.8016	31.284
131432	53.8302	31.3006
131346	53.8589	31.3173
131277	53.8875	31.334
131188	53.9162	31.3506
131098	53.9448	31.3673
131010	53.9735	31.384
130928	54.0021	31.4006
130851	54.0308	31.4173
130772	54.0594	31.4339
130683	54.0881	31.4506
130601	54.1167	31.4673
130505	54.1454	31.4839
130420	54.174	31.5006
130318	54.2027	31.5173
130234	54.2313	31.5339
130131	54.26	31.5506
130009	54.2886	31.5672
129888	54.3173	31.5839
129780	54.3459	31.6006
129697	54.3746	31.6172
129609	54.4032	31.6339
129518	54.4319	31.6506
129457	54.4605	31.6672
129393	54.4892	31.6839
129311	54.5178	31.7005
129229	54.5465	31.7172
129132	54.5751	31.7339
129052	54.6037	31.7505
128976	54.6324	31.7672
128878	54.661	31.7839
128744	54.6897	31.8005
128630	54.7183	31.8172
128507	54.747	31.8338
128399	54.7756	31.8505
128301	54.8043	31.8672
128208	54.8329	31.8838
128135	54.8616	31.9005
128014	54.8902	31.9172
127922	54.9189	31.9338
127829	54.9475	31.9505
127737	54.9762	31.9671
127654	55.0048	31.9838
127557	55.0335	32.0005
127478	55.0621	32.0171
127397	55.0908	32.0338
127318	55.1194	32.0505
127214	55.1481	32.0671
127138	55.1767	32.0838
127040	55.2054	32.1004
126945	55.234	32.1171
126864	55.2627	32.1338
126748	55.2913	32.1504
126652	55.32	32.1671
126557	55.3486	32.1838
126451	55.3773	32.2004
126351	55.4059	32.2171
126276	55.4346	32.2337
126197	55.4632	32.2504
126106	55.4919	32.2671
126020	55.5205	32.2837
125950	55.5492	32.3004
125841	55.5778	32.3171
125759	55.6065	32.3337
125665	55.6351	32.3504
125582	55.6638	32.3671
125490	55.6924	32.3837
125393	55.7211	32.4004
125307	55.7497	32.417
125191	55.7784	32.4337
125091	55.807	32.4504
124983	55.8357	32.467
124899	55.8643	32.4837
124832	55.893	32.5004
124727	55.9216	32.517
124609	55.9503	32.5337
124500	55.9789	32.5503
124401	56.0076	32.567
124306	56.0362	32.5837
124188	56.0649	32.6003
124097	56.0935	32.617
124005	56.1222	32.6337
123915	56.1508	32.6503
123827	56.1795	32.667
123735	56.2081	32.6836
123647	56.2368	32.7003
123543	56.2654	32.717
123464	56.2941	32.7336
123376	56.3227	32.7503
123277	56.3513	32.767
123192	56.38	32.7836
123108	56.4086	32.8003
123026	56.4373	32.8169
122938	56.4659	32.8336
122815	56.4946	32.8503
122733	56.5232	32.8669
122635	56.5519	32.8836
122522	56.5805	32.9003
122457	56.6092	32.9169
122379	56.6378	32.9336
122276	56.6665	32.9502
122163	56.6951	32.9669
122061	56.7238	32.9836
121974	56.7524	33.0002
121876	56.7811	33.0169
121752	56.8097	33.0336
121640	56.8384	33.0502
121549	56.867	33.0669
121467	56.8957	33.0835
121355	56.9243	33.1002
121250	56.953	33.1169
121159	56.9816	33.1335
121071	57.0103	33.1502
120973	57.0389	33.1669
120879	57.0676	33.1835
120785	57.0962	33.2002
120691	57.1249	33.2168
120585	57.1535	33.2335
120495	57.1822	33.2502
120389	57.2108	33.2668
120291	57.2395	33.2835
120196	57.2681	33.3002
120091	57.2968	33.3168
120015	57.3254	33.3335
119932	57.3541	33.3501
119847	57.3827	33.3668
119747	57.4114	33.3835
119637	57.44	33.4001
119542	57.4686	33.4168
119441	57.4973	33.4335
119316	57.5259	33.4501
119211	57.5546	33.4668
119128	57.5832	33.4834
119049	57.6119	33.5001
118949	57.6405	33.5168
118850	57.6692	33.5334
118774	57.6978	33.5501
118666	57.7265	33.5668
118564	57.7551	33.5834
118469	57.7838	33.6001
118368	57.8124	33.6167
118262	57.841	33.6334
118210	57.8697	33.6501
118121	57.8983	33.6667
118034	57.927	33.6834
117947	57.927	33.7001
117853	57.927	33.7167
117759	57.927	33.7334
117651	57.927	33.75
117530	57.927	33.7667
117420	57.927	33.7834
117330	57.927	33.8
117242	57.927	33.8167
117155	57.927	33.8334
117068	57.927	33.85
116953	57.927	33.8667
116844	57.927	33.8833
116767	57.927	33.9
116668	57.927	33.9167
116576	57.927	33.9333
116493	57.927	33.95
116397	57.927	33.9667
116316	57.927	33.9833
116221	57.927	34
116124	57.927	34.0166
116009	57.927	34.0333
115922	57.927	34.05
115843	57.927	34.0666
115726	57.927	34.0833
115608	57.927	34.1
115487	57.927	34.1166
115415	57.927	34.1333
115338	57.927	34.1499
115249	57.927	34.1666
115168	57.927	34.1833
115060	57.927	34.1999
114950	57.927	34.2166
114845	57.927	34.2333
114770	57.927	34.2499
114674	57.927	34.2666
114581	57.927	34.2832
114496	57.927	34.2999
114394	57.927	34.3166
114300	57.927	34.3332
114190	57.927	34.3499
114100	57.927	34.3666
114021	57.927	34.3832
113915	57.927	34.3999
113824	57.927	34.4165
113744	57.927	34.4332
113624	57.927	34.4499
113540	57.927	34.4665
113423	57.927	34.4832
113328	57.927	34.4999
113235	57.927	34.5165
113127	57.927	34.5332
113032	57.927	34.5499
112923	57.927	34.5665
112828	57.927	34.5832
112742	57.927	34.5998
112664	57.927	34.6165
112539	57.927	34.6332
112447	57.927	34.6498
112363	57.927	34.6665
112280	57.927	34.6832
112183	57.927	34.6998
112083	57.8983	34.7165
111977	57.8697	34.7331
111884	57.841	34.7498
111814	57.8124	34.7665
111730	57.7838	34.7831
111629	57.7551	34.7998
111538	57.7265	34.8165
111435	57.6978	34.8331
111349	57.6692	34.8498
111245	57.6405	34.8664
111153	57.6119	34.8831
111079	57.5832	34.8998
110994	57.5546	34.9164
110909	57.5259	34.9331
110811	57.4973	34.9498
110710	57.4686	34.9664
110619	57.44	34.9831
110500	57.4114	34.9997
110412	57.3827	35.0164
110319	57.3541	35.0331
110236	57.3254	35.0497
110139	57.2968	35.0664
110065	57.2681	35.0831
109979	57.2395	35.0997
109883	57.2108	35.1164
109790	57.1822	35.133
109701	57.1535	35.1497
109623	57.1249	35.1664
109558	57.0962	35.183
109468	57.0676	35.1997
109371	57.0389	35.2164
109271	57.0103	35.233
109159	56.9816	35.2497
109056	56.953	35.2663
108965	56.9243	35.283
108865	56.8957	35.2997
108759	56.867	35.3163
108664	56.8384	35.333
108575	56.8097	35.3497
108477	56.7811	35.3663
108390	56.7524	35.383
108275	56.7238	35.3996
108176	56.6951	35.4163
108075	56.6665	35.433
107986	56.6378	35.4496
107904	56.6092	35.4663
107819	56.5805	35.483
107734	56.5519	35.4996
107642	56.5232	35.5163
107565	56.4946	35.5329
107488	56.4659	35.5496
107398	56.4373	35.5663
107305	56.4086	35.5829
107201	56.38	35.5996
107110	56.3513	35.6163
107037	56.3227	35.6329
106941	56.2941	35.6496
106852	56.2654	35.6662
106784	56.2368	35.6829
106700	56.2081	35.6996
106625	56.1795	35.7162
106539	56.1508	35.7329
106453	56.1222	35.7496
106378	56.0935	35.7662
106278	56.0649	35.7829
106196	56.0362	35.7995
106095	56.0076	35.8162
106015	55.9789	35.8329
105930	55.9503	35.8495
105853	55.9216	35.8662
105763	55.893	35.8829
105691	55.8643	35.8995
105608	55.8357	35.9162
105530	55.807	35.9328
105447	55.7784	35.9495
105376	55.7497	35.9662
105305	55.7211	35.9828
105234	55.6924	35.9995
105156	55.6638	36.0162
105060	55.6351	36.0328
104988	55.6065	36.0495
104923	55.5778	36.0661
104850	55.5492	36.0828
104772	55.5205	36.0995
104702	55.4919	36.1161
104612	55.4632	36.1328
104545	55.4346	36.1495
104469	55.4059	36.1661
104407	55.3773	36.1828
104343	55.3486	36.1994
104260	55.32	36.2161
104186	55.2913	36.2328
104108	55.2627	36.2494
104042	55.234	36.2661
103967	55.2054	36.2828
103899	55.1767	36.2994
103831	55.1481	36.3161
103757	55.1194	36.3327
103673	55.0908	36.3494
103606	55.0621	36.3661
103539	55.0335	36.3827
103464	55.0048	36.3994
103390	54.9762	36.4161
103314	54.9475	36.4327
103240	54.9189	36.4494
103171	54.8902	36.466
103101	54.8616	36.4827
103034	54.8329	36.4994
102972	54.8043	36.516
102909	54.7756	36.5327
102824	54.747	36.5494
102752	54.7183	36.566
102702	54.6897	36.5827
102636	54.661	36.5993
102569	54.6324	36.616
102511	54.6037	36.6327
102457	54.5751	36.6493
102391	54.5465	36.666
102322	54.5178	36.6827
102262	54.4892	36.6993
102198	54.4605	36.716
102132	54.4319	36.7327
102053	54.4032	36.7493
101992	54.3746	36.766
101928	54.3459	36.7826
101878	54.3173	36.7993
101810	54.2886	36.816
101750	54.26	36.8326
101697	54.2313	36.8493
101650	54.2027	36.866
101590	54.174	36.8826
101536	54.1454	36.8993
101470	54.1167	36.9159
101422	54.0881	36.9326
101362	54.0594	36.9493
101294	54.0308	36.9659
101238	54.0021	36.9826
101198	53.9735	36.9993
101164	53.9448	37.0159
101122	53.9162	37.0326
101071	53.8875	37.0492
101025	53.8589	37.0659
100961	53.8302	37.0826
100896	53.8016	37.0992
100849	53.7729	37.1159
100795	53.7443	37.1326
100744	53.7156	37.1492
100696	53.687	37.1659
100648	53.6583	37.1825
100594	53.6297	37.1992
100536	53.601	37.2159
100493	53.5724	37.2325
100448	53.5437	37.2492
100408	53.5151	37.2659
100370	53.4864	37.2825
100321	53.4578	37.2992
100270	53.4291	37.3158
100218	53.4005	37.3325
100182	53.3718	37.3492
100136	53.3432	37.3658
100088	53.3145	37.3825
100037	53.2859	37.3992
99992	53.2572	37.4158
99937	53.2286	37.4325
99899	53.1999	37.4491
99849	53.1713	37.4658
99812	53.1426	37.4825
99776	53.114	37.4991
99743	53.0853	37.5158
99702	53.0567	37.5325
99663	53.028	37.5491
99629	52.9994	37.5658
99591	52.9707	37.5824
99539	52.9421	37.5991
99491	52.9134	37.6158
99456	52.8848	37.6324
99408	52.8561	37.6491
99353	52.8275	37.6658
99319	52.7989	37.6824
99289	52.7702	37.6991
99254	52.7416	37.7157
99221	52.7129	37.7324
99193	52.6843	37.7491
99156	52.6556	37.7657
99114	52.627	37.7824
99081	52.5983	37.7991
99041	52.5697	37.8157
99011	52.541	37.8324
98978	52.5124	37.849
98946	52.4837	37.8657
98911	52.4551	37.8824
98877	52.4264	37.899
98836	52.3978	37.9157
98800	52.3691	37.9324
98776	52.3405	37.949
98736	52.3118	37.9657
98695	52.2832	37.9823
98657	52.2545	37.999
98626	52.2259	38.0157
98608	52.1972	38.0323
98587	52.1686	38.049
98569	52.1399	38.0657
98534	52.1113	38.0823
98499	52.0826	38.099
98476	52.054	38.1156
98444	52.0253	38.1323
98417	51.9967	38.149
98385	51.968	38.1656
98348	51.9394	38.1823
98320	51.9107	38.199
98284	51.8821	38.2156
98258	51.8534	38.2323
98223	51.8248	38.2489
98201	51.7961	38.2656
98173	51.7675	38.2823
98156	51.7388	38.2989
98132	51.7102	38.3156
98100	51.6815	38.3323
98066	51.6529	38.3489
98037	51.6242	38.3656
98014	51.5956	38.3822
97990	51.5669	38.3989
97962	51.5383	38.4156
97937	51.5096	38.4322
97922	51.481	38.4489
97895	51.4523	38.4656
97871	51.4237	38.4822
97842	51.395	38.4989
97826	51.3664	38.5155
97799	51.3377	38.5322
97778	51.3091	38.5489
97757	51.2804	38.5655
97734	51.2518	38.5822
97710	51.2231	38.5989
97688	51.1945	38.6155
97666	51.1658	38.6322
97643	51.1372	38.6488
97613	51.1085	38.6655
97599	51.0799	38.6822
97575	51.0513	38.6988
97557	51.0226	38.7155
97540	50.9939	38.7322
97524	50.9653	38.7488
97515	50.9367	38.7655
97498	50.908	38.7822
97479	50.8794	38.7988
97468	50.8507	38.8155
97445	50.8221	38.8321
97421	50.7934	38.8488
97395	50.7648	38.8655
97370	50.7361	38.8821
97344	50.7075	38.8988
97323	50.6788	38.9155
97305	50.6502	38.9321
97291	50.6215	38.9488
97277	50.5929	38.9654
97261	50.5642	38.9821
97237	50.5356	38.9988
97221	50.5069	39.0154
97199	50.4783	39.0321
97172	50.4496	39.0488
97141	50.421	39.0654
97106	50.3923	39.0821
97079	50.3637	39.0987
97061	50.335	39.1154
97049	50.3064	39.1321
97029	50.2777	39.1487
97018	50.2491	39.1654
97010	50.2204	39.1821
96991	50.1918	39.1987
96984	50.1631	39.2154
96975	50.1345	39.232
96954	50.1058	39.2487
96932	50.0772	39.2654
96916	50.0485	39.282
96898	50.0199	39.2987
96884	49.9912	39.3154
96867	49.9626	39.332
96856	49.9339	39.3487
96838	49.9053	39.3653
96824	49.8766	39.382
96814	49.848	39.3987
96799	49.8193	39.4153
96784	49.7907	39.432
96767	49.762	39.4487
96744	49.7334	39.4653
96722	49.7047	39.482
96705	49.6761	39.4986
96687	49.6474	39.5153
96672	49.6188	39.532
96654	49.5901	39.5486
96645	49.5615	39.5653
96640	49.5328	39.582
96634	49.5042	39.5986
96621	49.4755	39.6153
96613	49.4469	39.6319
96597	49.4182	39.6486
96584	49.3896	39.6653
96574	49.3609	39.6819
96559	49.3323	39.6986
96550	49.3036	39.7153
96539	49.275	39.7319
96532	49.2463	39.7486
96526	49.2177	39.7652
96504	49.1891	39.7819
96487	49.1604	39.7986
96471	49.1318	39.8152
96455	49.1031	39.8319
96440	49.0745	39.8486
96425	49.0458	39.8652
96412	49.0172	39.8819
96400	48.9885	39.8985
96393	48.9599	39.9152
96388	48.9312	39.9319
96377	48.9026	39.9485
96358	48.8739	39.9652
96347	48.8453	39.9819
96337	48.8166	39.9985
96321	48.788	40.0152
96312	48.7593	40.0318
96306	48.7307	40.0485
96299	48.702	40.0652
96291	48.6734	40.0818
96282	48.6447	40.0985
96271	48.6161	40.1152
96265	48.5874	40.1318
96248	48.5588	40.1485
96237	48.5301	40.1651
96232	48.5015	40.1818
96220	48.4728	40.1985
96205	48.4442	40.2151
96197	48.4155	40.2318
96191	48.3869	40.2485
96183	48.3582	40.2651
96173	48.3296	40.2818
96162	48.3009	40.2984
96157	48.2723	40.3151
96146	48.2436	40.3318
96135	48.215	40.3484
96126	48.1863	40.3651
96119	48.1577	40.3818
96110	48.129	40.3984
96101	48.1004	40.4151
96089	48.0717	40.4317
96084	48.0431	40.4484
96076	48.0144	40.4651
96067	47.9858	40.4817
96054	47.9571	40.4984
96046	47.9285	40.5151
96039	47.8998	40.5317
96028	47.8712	40.5484
96015	47.8425	40.565
96003	47.8139	40.5817
95996	47.7852	40.5984
95990	47.7566	40.615
95985	47.7279	40.6317
95977	47.6993	40.6484
95971	47.6706	40.665
95964	47.642	40.6817
95957	47.6133	40.6983
95949	47.5847	40.715
95945	47.556	40.7317
95940	47.5274	40.7483
95935	47.4987	40.765
95930	47.4701	40.7817
95923	47.4415	40.7983
95917	47.4128	40.815
95914	47.3842	40.8316
95908	47.3555	40.8483
95900	47.3269	40.865
95897	47.2982	40.8816
95891	47.2696	40.8983
95884	47.2409	40.915
95878	47.2123	40.9316
95869	47.1836	40.9483
95860	47.155	40.965
95853	47.1263	40.9816
95846	47.0977	40.9983
95840	47.069	41.015
95834	47.0404	41.0316
95830	47.0117	41.0483
95830	46.9831	41.0649
95825	46.9544	41.0816
95820	46.9258	41.0983
95819	46.8971	41.1149
95815	46.8685	41.1316
95804	46.8398	41.1483
95795	46.8112	41.1649
95784	46.7825	41.1816
95776	46.7539	41.1982
95772	46.7252	41.2149
95770	46.6966	41.2316
95763	46.6679	41.2482
95760	46.6393	41.2649
95756	46.6106	41.2816
95750	46.582	41.2982
95747	46.5533	41.3149
95745	46.5247	41.3315
95742	46.496	41.3482
95739	46.4674	41.3649
95734	46.4387	41.3815
95730	46.4101	41.3982
95726	46.3814	41.4149
95719	46.3528	41.4315
95711	46.3241	41.4482
95707	46.2955	41.4648
95706	46.2668	41.4815
95703	46.2382	41.4982
95699	46.2095	41.5148
95692	46.1809	41.5315
95689	46.1522	41.5482
95684	46.1236	41.5648
95679	46.0949	41.5815
95674	46.0663	41.5981
95673	46.0376	41.6148
95670	46.009	41.6315
95667	45.9803	41.6481
95667	45.9517	41.6648
95666	45.923	41.6815
95662	45.8944	41.6981
95659	45.8657	41.7148
95656	45.8371	41.7314
95655	45.8084	41.7481
95653	45.7798	41.7648
95650	45.7511	41.7814
95650	45.7225	41.7981
95648	45.6939	41.8148
95644	45.6652	41.8314
95641	45.6366	41.8481
95640	45.6079	41.8647
95637	45.5793	41.8814
95632	45.5506	41.8981
95630	45.522	41.9147
95629	45.4933	41.9314
95627	45.4647	41.9481
95626	45.436	41.9647
95623	45.4074	41.9814
95621	45.3787	41.998
95618	45.3501	42.0147
95616	45.3214	42.0314
95614	45.2928	42.048
95611	45.2641	42.0647
95606	45.2355	42.0814
95604	45.2068	42.098
95604	45.1782	42.1147
95602	45.1495	42.1313
95600	45.1209	42.148
95600	45.0922	42.1647
95598	45.0636	42.1813
95597	45.0349	42.198
95596	45.0063	42.2147
95596	44.9776	42.2313
95596	44.949	42.248
95595	44.9203	42.2646
95595	44.8917	42.2813
95594	44.863	42.298
95593	44.8344	42.3146
95593	44.8057	42.3313
95593	44.7771	42.348
95590	44.7484	42.3646
95590	44.7198	42.3813
95588	44.6911	42.3979
95587	44.6625	42.4146
95586	44.6338	42.4313
95586	44.6052	42.4479
95583	44.5765	42.4646
95581	44.5479	42.4813
95578	44.5192	42.4979
95577	44.4906	42.5146
95574	44.4619	42.5313
95572	44.4333	42.5479
95569	44.4046	42.5646
95568	44.376	42.5812
95568	44.3473	42.5979
95568	44.3187	42.6146
95567	44.29	42.6312
95566	44.2614	42.6479
95565	44.2327	42.6646
95563	44.2041	42.6812
95562	44.1754	42.6979
95562	44.1468	42.7145
95561	44.1181	42.7312
95561	44.0895	42.7479
95560	44.0608	42.7645
95559	44.0322	42.7812
95558	44.0035	42.7979
95557	43.9749	42.8145
95557	43.9463	42.8312
95557	43.9176	42.8478
95557	43.889	42.8645
95557	43.8603	42.8812
95556	43.8317	42.8978
95556	43.803	42.9145
95556	43.7744	42.9312
95556	43.7457	42.9478
95556	43.7171	42.9645
95556	43.6884	42.9811
95556	43.6598	42.9978
95556	43.6311	43.0145
95556	43.6025	43.0311
95556	43.5738	43.0478
95556	43.5452	43.0645
95556	43.5165	43.0811
95556	43.4879	43.0978
95556	43.4592	43.1144
95556	43.4306	43.1311
95556	43.4019	43.1478
95556	43.3733	43.1644
95555	43.3446	43.1811
95555	43.316	43.1978
95555	43.2873	43.2144
95555	43.2587	43.2311
95555	43.23	43.2477
95555	43.2014	43.2644
95555	43.1727	43.2811
95555	43.1441	43.2977
95554	43.1154	43.3144
95553	43.0868	43.3311
95551	43.0581	43.3477
95550	43.0295	43.3644
95548	43.0008	43.381
95548	42.9722	43.3977
95546	42.9435	43.4144
95545	42.9149	43.431
95544	42.8862	43.4477
95544	42.8576	43.4644
95543	42.8289	43.481
95541	42.8003	43.4977
95540	42.7716	43.5143
95539	42.743	43.531
95539	42.7143	43.5477
95537	42.6857	43.5643
95536	42.657	43.581
95536	42.6284	43.5977
95535	42.5997	43.6143
95535	42.5711	43.631
95534	42.5424	43.6476
95534	42.5138	43.6643
95534	42.4851	43.681
95534	42.4565	43.6976
95534	42.4278	43.7143
95534	42.3992	43.731
95534	42.3705	43.7476
95534	42.3419	43.7643
95534	42.3132	43.7809
95534	42.2846	43.7976
95534	42.2559	43.8143
95534	42.2273	43.8309
95534	42.1987	43.8476
95534	42.17	43.8643
95533	42.1413	43.8809
95533	42.1127	43.8976
95533	42.0841	43.9142
95533	42.0554	43.9309
95533	42.0268	43.9476
95533	41.9981	43.9642
95533	41.9695	43.9809
95533	41.9408	43.9976
95533	41.9122	44.0142
95533	41.8835	44.0309
95533	41.8549	44.0475
95533	41.8262	44.0642
95533	41.7976	44.0809
95533	41.7689	44.0975
95532	41.7403	44.1142
95532	41.7116	44.1309
95532	41.683	44.1475
95532	41.6543	44.1642
95532	41.6257	44.1808
95532	41.597	44.1975
95532	41.5684	44.2142
95532	41.5397	44.2308
95531	41.5111	44.2475
95531	41.4824	44.2642
95531	41.4538	44.2808
95531	41.4251	44.2975
95531	41.3965	44.3141
95531	41.3678	44.3308
95531	41.3392	44.3475
95531	41.3105	44.3641
95531	41.2819	44.3808
95531	41.2532	44.3975
95530	41.2246	44.4141
95530	41.1959	44.4308
95530	41.1673	44.4474
95530	41.1386	44.4641
95530	41.11	44.4808
95530	41.0813	44.4974
95530	41.0527	44.5141
95530	41.024	44.5308
95530	40.9954	44.5474
95530	40.9667	44.5641
95530	40.9381	44.5807
95530	40.9094	44.5974
95530	40.8808	44.6141
95530	40.8521	44.6307
95530	40.8235	44.6474
95530	40.7948	44.6641
95530	40.7662	44.6807
95530	40.7375	44.6974
95530	40.7089	44.7141
95530	40.6802	44.7307
95530	40.6516	44.7474
95530	40.6229	44.764
95530	40.5943	44.7807
95530	40.5656	44.7974
95530	40.537	44.814
95530	40.5083	44.8307
95530	40.4797	44.8474
95530	40.451	44.864
95530	40.4224	44.8807
95530	40.3937	44.8973
95530	40.3651	44.914
95530	40.3365	44.9307
95530	40.3078	44.9473
95530	40.2792	44.964
95530	40.2505	44.9807
95530	40.2219	44.9973
95530	40.1932	45.014
95530	40.1646	45.0306
95530	40.1359	45.0473
95530	40.1073	45.064
95530	40.0786	45.0806
95530	40.05	45.0973
95530	40.0213	45.114
95530	39.9927	45.1306
95530	39.964	45.1473
95530	39.9354	45.1639
95530	39.9067	45.1806
95530	39.8781	45.1973
95530	39.8494	45.2139
95530	39.8208	45.2306
95530	39.7921	45.2473
95530	39.7635	45.2639
95530	39.7348	45.2806
95530	39.7062	45.2972
95530	39.6775	45.3139
95530	39.6489	45.3306
95530	39.6202	45.3472
95530	39.5916	45.3639
95530	39.5629	45.3806
95530	39.5343	45.3972
95530	39.5056	45.4139
95530	39.477	45.4305
95530	39.4483	45.4472
95530	39.4197	45.4639
95530	39.391	45.4805
95530	39.3624	45.4972
95530	39.3337	45.5139
95530	39.3051	45.5305
95530	39.2764	45.5472
95530	39.2478	45.5638
95530	39.2191	45.5805
95530	39.1905	45.5972
95530	39.1618	45.6138
95530	39.1332	45.6305
95530	39.1045	45.6472
95530	39.0759	45.6638
95529	39.0472	45.6805
95529	39.0186	45.6971
95529	38.9899	45.7138
95529	38.9613	45.7305
95529	38.9326	45.7471
95529	38.904	45.7638
95529	38.8753	45.7805
95529	38.8467	45.7971
95529	38.818	45.8138
95529	38.7894	45.8304
95529	38.7607	45.8471
95529	38.7321	45.8638
95529	38.7034	45.8804
95529	38.6748	45.8971
95529	38.6461	45.9138
95529	38.6175	45.9304
95529	38.5889	45.9471
95529	38.5602	45.9637
95529	38.5316	45.9804
95529	38.5029	45.9971
95529	38.4743	46.0137
95529	38.4456	46.0304
95529	38.417	46.0471
95529	38.3883	46.0637
95529	38.3597	46.0804
95529	38.331	46.097
95529	38.3024	46.1137
95529	38.2737	46.1304
95529	38.2451	46.147
95529	38.2164	46.1637
95529	38.1878	46.1804
95529	38.1591	46.197
95529	38.1305	46.2137
95529	38.1018	46.2303
95529	38.0732	46.247
95529	38.0445	46.2637
95529	38.0159	46.2803
95529	37.9872	46.297
95529	37.9586	46.3137
95529	37.9299	46.3303
95529	37.9013	46.347
95529	37.8726	46.3636
95529	37.844	46.3803
95529	37.8153	46.397
95529	37.7867	46.4136
95529	37.758	46.4303
95529	37.7294	46.447
95529	37.7007	46.4636
95529	37.6721	46.4803
95529	37.6434	46.4969
95529	37.6148	46.5136
95529	37.5861	46.5303
95529	37.5575	46.5469
95529	37.5288	46.5636
95529	37.5002	46.5803
95529	37.4715	46.5969
95529	37.4429	46.6136
95529	37.4142	46.6302
95529	37.3856	46.6469
95529	37.3569	46.6636
95529	37.3283	46.6802
95529	37.2996	46.6969
95529	37.271	46.7136
95529	37.2423	46.7302
95529	37.2137	46.7469
95529	37.185	46.7635
95529	37.1564	46.7802
95529	37.1277	46.7969
95529	37.0991	46.8135
95529	37.0704	46.8302
95529	37.0418	46.8469
95529	37.0131	46.8635
95529	36.9845	46.8802
95529	36.9558	46.8969
95529	36.9272	46.9135
95529	36.8985	46.9302
95529	36.8699	46.9468
95529	36.8413	46.9635
95529	36.8126	46.9802
95529	36.784	46.9968
95529	36.7553	47.0135
95529	36.7267	47.0302
95529	36.698	47.0468
95529	36.6694	47.0635
95529	36.6407	47.0801
95529	36.6121	47.0968
95529	36.5834	47.1135
95529	36.5548	47.1301
95529	36.5261	47.1468
95529	36.4975	47.1635
95529	36.4688	47.1801
95529	36.4402	47.1968
95529	36.4115	47.2134
95529	36.3829	47.2301
95529	36.3542	47.2468
95529	36.3256	47.2634
95529	36.2969	47.2801
95529	36.2683	47.2968
95529	36.2396	47.3134
95529	36.211	47.3301
95529	36.1823	47.3467
95529	36.1537	47.3634
95529	36.125	47.3801
95529	36.0964	47.3967
95529	36.0677	47.4134
95529	36.0391	47.4301
95529	36.0104	47.4467
95529	35.9818	47.4634
95529	35.9531	47.48
95529	35.9245	47.4967
95529	35.8958	47.5134
95529	35.8672	47.53
95529	35.8385	47.5467
95529	35.8099	47.5634
95529	35.7812	47.58
95529	35.7526	47.5967
95529	35.7239	47.6133
95529	35.6953	47.63
95529	35.6666	47.6467
95529	35.638	47.6633
95529	35.6093	47.68
95529	35.5807	47.6967
95529	35.552	47.7133
95529	35.5234	47.73
95529	35.4947	47.7466
95529	35.4661	47.7633
95529	35.4374	47.78
95529	35.4088	47.7966
95529	35.3801	47.8133
95529	35.3515	47.83
95529	35.3228	47.8466
95529	35.2942	47.8633
95529	35.2655	47.8799
95529	35.2369	47.8966
95529	35.2082	47.9133
95529	35.1796	47.9299
95529	35.151	47.9466
95529	35.1223	47.9633
95529	35.0937	47.9799
95529	35.065	47.9966
95529	35.0364	48.0132
95529	35.0077	48.0299
95529	34.9791	48.0466
95529	34.9504	48.0632
95529	34.9218	48.0799
95529	34.8931	48.0966
95529	34.8645	48.1132
95529	34.8358	48.1299
95529	34.8072	48.1465
95529	34.7785	48.1632
95529	34.7499	48.1799
95529	34.7212	48.1965
95529	34.6926	48.2132
95529	34.6639	48.2299
95529	34.6353	48.2465
95529	34.6066	48.2632
95529	34.578	48.2798
95529	34.5493	48.2965
95529	34.5207	48.3132
95529	34.492	48.3298
95529	34.4634	48.3465
95529	34.4347	48.3632
95529	34.4061	48.3798
95529	34.3774	48.3965
95529	34.3488	48.4131
95529	34.3201	48.4298
95529	34.2915	48.4465
95529	34.2628	48.4631
95529	34.2342	48.4798
95529	34.2055	48.4965
95529	34.1769	48.5131
95529	34.1482	48.5298
95529	34.1196	48.5464
95529	34.0909	48.5631
95529	34.0623	48.5798
95529	34.0336	48.5964
95529	34.005	48.6131
95529	33.9763	48.6298
95529	33.9477	48.6464
95529	33.919	48.6631
95529	33.8904	48.6797
95529	33.8617	48.6964
95529	33.8331	48.7131
95529	33.8044	48.7297
95529	33.7758	48.7464
95529	33.7471	48.7631
95529	33.7185	48.7797
95529	33.6898	48.7964
95529	33.6612	48.813
95529	33.6325	48.8297
95529	33.6039	48.8464
95529	33.5752	48.863
95529	33.5466	48.8797
95529	33.5179	48.8964
95529	33.4893	48.913
95529	33.4606	48.9297
95529	33.432	48.9464
95529	33.4034	48.963
95529	33.3747	48.9797
95529	33.3461	48.9963
95529	33.3174	49.013
95529	33.2888	49.0297
95529	33.2601	49.0463
95529	33.2315	49.063
95529	33.2028	49.0797
95529	33.1742	49.0963
95529	33.1455	49.113
95529	33.1169	49.1296
95529	33.0882	49.1463
95529	33.0596	49.163
95529	33.0309	49.1796
95529	33.0023	49.1963
95529	32.9736	49.213
95529	32.945	49.2296
95529	32.9163	49.2463
95529	32.8877	49.2629
95529	32.859	49.2796
95529	32.8304	49.2963
95529	32.8017	49.3129
95529	32.7731	49.3296
95529	32.7444	49.3463
95529	32.7158	49.3629
95529	32.6871	49.3796
95529	32.6585	49.3962
95529	32.6298	49.4129
95529	32.6012	49.4296
95529	32.5725	49.4462
95529	32.5439	49.4629
95529	32.5152	49.4796
95529	32.4866	49.4962
95529	32.4579	49.5129
95529	32.4293	49.5295
95529	32.4006	49.5462
95529	32.372	49.5629
95529	32.3433	49.5795
95529	32.3147	49.5962
95529	32.286	49.6129
95529	32.2574	49.6295
95529	32.2287	49.6462
95529	32.2001	49.6628
95529	32.1714	49.6795
95529	32.1428	49.6962
95529	32.1141	49.7128
95529	32.0855	49.7295
95529	32.0568	49.7462
95529	32.0282	49.7628
95529	31.9995	49.7795
95529	31.9709	49.7961
95529	31.9422	49.8128
95529	31.9136	49.8295
95529	31.8849	49.8461
95529	31.8563	49.8628
95529	31.8276	49.8795
95529	31.799	49.8961
95529	31.7703	49.9128
95529	31.7417	49.9294
95529	31.713	49.9461
95529	31.6844	49.9628
95529	31.6557	49.9794
95529	31.6271	49.9961
95529	31.5984	50.0128
95529	31.5698	50.0294
95529	31.5412	50.0461
95529	31.5125	50.0627
95529	31.4839	50.0794
95529	31.4552	50.0961
95528	31.4266	50.1127
95528	31.3979	50.1294
95528	31.3693	50.1461
95528	31.3406	50.1627
95528	31.312	50.1794
95528	31.2833	50.196
95528	31.2547	50.2127
95528	31.226	50.2294
95528	31.1974	50.246
95528	31.1687	50.2627
95528	31.1401	50.2794
95528	31.1114	50.296
95528	31.0828	50.3127
95528	31.0541	50.3293
95528	31.0255	50.346
95528	30.9968	50.3627
95528	30.9682	50.3793
95528	30.9395	50.396
95528	30.9109	50.4127
95528	30.8822	50.4293
95528	30.8536	50.446
95528	30.8249	50.4626
95528	30.7963	50.4793
95528	30.7676	50.496
95528	30.739	50.5126
95528	30.7103	50.5293
95528	30.6817	50.546
95528	30.653	50.5626
95528	30.6244	50.5793
95528	30.5957	50.5959
95528	30.5671	50.6126
95528	30.5384	50.6293
95528	30.5098	50.6459
95528	30.4811	50.6626
95528	30.4525	50.6793
95528	30.4238	50.6959
95528	30.3952	50.7126
95528	30.3665	50.7292
95528	30.3379	50.7459
95528	30.3092	50.7626
95528	30.2806	50.7792
95528	30.2519	50.7959
95528	30.2233	50.8126
95528	30.1946	50.8292
95528	30.166	50.8459
95528	30.1373	50.8625
95528	30.1087	50.8792
95528	30.08	50.8959
95528	30.0514	50.9125
95528	30.0227	50.9292
95528	29.9941	50.9459
95528	29.9654	50.9625
95528	29.9368	50.9792
95528	29.9081	50.9958
95528	29.8795	51.0125
95528	29.8508	51.0292
95528	29.8222	51.0458
95528	29.7936	51.0625
95528	29.7649	51.0792
95528	29.7363	51.0958
95528	29.7076	51.1125
95528	29.679	51.1292
95528	29.6503	51.1458
95528	29.6217	51.1625
95528	29.593	51.1791
95528	29.5644	51.1958
95528	29.5357	51.2125
95528	29.5071	51.2291
95528	29.4784	51.2458
95528	29.4498	51.2625
95528	29.4211	51.2791
95528	29.3925	51.2958
95528	29.3638	51.3124
95528	29.3352	51.3291
95528	29.3065	51.3458
95528	29.2779	51.3624
95528	29.2492	51.3791
95528	29.2206	51.3958
95528	29.1919	51.4124
95528	29.1633	51.4291
95528	29.1346	51.4457
95528	29.106	51.4624
95528	29.0773	51.4791
95528	29.0487	51.4957
95528	29.02	51.5124
95528	28.9914	51.5291
95528	28.9627	51.5457
95528	28.9341	51.5624
95528	28.9054	51.579
95528	28.8768	51.5957
95528	28.8481	51.6124
95528	28.8195	51.629
95528	28.7908	51.6457
95528	28.7622	51.6624
95528	28.7335	51.679
95528	28.7049	51.6957
95528	28.6762	51.7123
95528	28.6476	51.729
95528	28.6189	51.7457
95528	28.5903	51.7623
95528	28.5616	51.779
95528	28.533	51.7957
95528	28.5043	51.8123
95528	28.4757	51.829
95528	28.4471	51.8456
95528	28.4184	51.8623
95528	28.3898	51.879
95528	28.3611	51.8956
95528	28.3325	51.9123
95528	28.3038	51.929
95528	28.2752	51.9456
95528	28.2465	51.9623
95528	28.2179	51.9789
95528	28.1892	51.9956
95528	28.1606	52.0123
95528	28.1319	52.0289
95528	28.1033	52.0456
95528	28.0746	52.0623
95528	28.046	52.0789
95528	28.0173	52.0956
95528	27.9887	52.1122
95528	27.96	52.1289
95528	27.9314	52.1456
95528	27.9028	52.1622
95528	27.8741	52.1789
95528	27.8455	52.1956
95528	27.8168	52.2122
95528	27.7882	52.2289
95528	27.7595	52.2455
95528	27.7309	52.2622
95528	27.7022	52.2789
95528	27.6736	52.2955
95528	27.6449	52.3122
95528	27.6163	52.3289
95528	27.5876	52.3455
95528	27.559	52.3622
95528	27.5303	52.3788
95528	27.5017	52.3955
95528	27.473	52.4122
95528	27.4444	52.4288
95528	27.4157	52.4455
95528	27.3871	52.4622
95528	27.3584	52.4788
95528	27.3298	52.4955
95528	27.3012	52.5121
95528	27.2725	52.5288
95528	27.2439	52.5455
95528	27.2152	52.5621
95528	27.1866	52.5788
95528	27.1579	52.5955
95528	27.1293	52.6121
95528	27.1006	52.6288
95528	27.072	52.6454
95528	27.0433	52.6621
95528	27.0147	52.6788
95528	26.986	52.6954
95528	26.9574	52.7121
95528	26.9287	52.7288
95528	26.9001	52.7454
95528	26.8714	52.7621
95528	26.8428	52.7787
95528	26.8141	52.7954
95528	26.7855	52.8121
95528	26.7569	52.8287
95528	26.7282	52.8454
95528	26.6996	52.8621
95528	26.6709	52.8787
95528	26.6423	52.8954
95528	26.6136	52.912
95528	26.585	52.9287
95528	26.5563	52.9454
95528	26.5277	52.962
95528	26.499	52.9787
95528	26.4704	52.9954
95528	26.4417	53.012
95528	26.4131	53.0287
95528	26.3844	53.0453
95528	26.3558	53.062
95528	26.3271	53.0787
95528	26.2985	53.0953
95528	26.2698	53.112
95528	26.2412	53.1287
95528	26.2125	53.1453
95528	26.1839	53.162
95528	26.1553	53.1786
95528	26.1266	53.1953
95528	26.098	53.212
95528	26.0693	53.2286
95528	26.0407	53.2453
95528	26.012	53.262
95528	25.9834	53.2786
95528	25.9547	53.2953
95528	25.9261	53.312
95528	25.8974	53.3286
95528	25.8688	53.3453
95528	25.8401	53.3619
95528	25.8115	53.3786
95528	25.7828	53.3953
95528	25.7542	53.4119
95528	25.7255	53.4286
95528	25.6969	53.4453
95528	25.6682	53.4619
95528	25.6396	53.4786
95528	25.611	53.4952
95528	25.5823	53.5119
95528	25.5537	53.5286
95528	25.525	53.5452
95528	25.4964	53.5619
95528	25.4677	53.5786
95528	25.4391	53.5952
95528	25.4104	53.6119
95528	25.3818	53.6285
95528	25.3531	53.6452
95528	25.3245	53.6619
95528	25.2958	53.6785
95528	25.2672	53.6952
95528	25.2385	53.7119
95528	25.2099	53.7285
95528	25.1812	53.7452
95528	25.1526	53.7618
95528	25.1239	53.7785
95528	25.0953	53.7952
95528	25.0667	53.8118
95528	25.038	53.8285
95528	25.0094	53.8452
95528	24.9807	53.8618
95528	24.9521	53.8785
95528	24.9234	53.8951
95528	24.8948	53.9118
95528	24.8661	53.9285
95528	24.8375	53.9451
95528	24.8088	53.9618
95528	24.7802	53.9785
95528	24.7515	53.9951
95528	24.7229	54.0118
95528	24.6942	54.0284
95528	24.6656	54.0451
95528	24.6369	54.0618
95528	24.6083	54.0784
95528	24.5796	54.0951
95528	24.551	54.1118
95528	24.5223	54.1284
95528	24.4937	54.1451
95528	24.4651	54.1617
95528	24.4364	54.1784
95528	24.4078	54.1951
95528	24.3791	54.2117
95528	24.3505	54.2284
95528	24.3218	54.2451
95528	24.2932	54.2617
95528	24.2645	54.2784
95528	24.2359	54.295
95528	24.2072	54.3117
95528	24.1786	54.3284
95528	24.1499	54.345
95528	24.1213	54.3617
95528	24.0926	54.3784
95528	24.064	54.395
95528	24.0353	54.4117
95528	24.0067	54.4283
95528	23.978	54.445
95528	23.9494	54.4617
95528	23.9208	54.4783
95528	23.8921	54.495
95528	23.8635	54.5117
95528	23.8348	54.5283
95528	23.8062	54.545
95528	23.7775	54.5616
95528	23.7489	54.5783
95528	23.7202	54.595
95528	23.6916	54.6116
95528	23.6629	54.6283
95528	23.6343	54.645
95528	23.6056	54.6616
95528	23.577	54.6783
95528	23.5483	54.6949
95528	23.5197	54.7116
95528	23.491	54.7283
95528	23.4624	54.7449
95528	23.4337	54.7616
95528	23.4051	54.7783
95528	23.3764	54.7949
95528	23.3478	54.8116
95528	23.3192	54.8282
95528	23.2905	54.8449
95528	23.2619	54.8616
95528	23.2332	54.8782
95528	23.2046	54.8949
95528	23.1759	54.9116
95528	23.1473	54.9282
95528	23.1186	54.9449
95528	23.09	54.9615
95528	23.0613	54.9782
95528	23.0327	54.9949
95528	23.004	55.0115
95528	22.9754	55.0282
95528	22.9467	55.0449
95528	22.9181	55.0615
95528	22.8894	55.0782
95528	22.8608	55.0948
95528	22.8321	55.1115
95528	22.8035	55.1282
95528	22.7749	55.1448
95528	22.7462	55.1615
95528	22.7176	55.1782
95528	22.6889	55.1948
95528	22.6603	55.2115
95528	22.6316	55.2281
95528	22.603	55.2448
95528	22.5743	55.2615
95528	22.5457	55.2781
95528	22.517	55.2948
95528	22.4884	55.3115
95528	22.4597	55.3281
95528	22.4311	55.3448
95528	22.4024	55.3615
95528	22.3738	55.3781
95528	22.3451	55.3948
95528	22.3165	55.4114
95528	22.2878	55.4281
95528	22.2592	55.4448
95528	22.2305	55.4614
95528	22.2019	55.4781
95528	22.1733	55.4948
95528	22.1446	55.5114
95528	22.116	55.5281
95528	22.0873	55.5447
95528	22.0587	55.5614
95528	22.03	55.5781
95528	22.0014	55.5947
95528	21.9727	55.6114
95528	21.9441	55.6281
95528	21.9154	55.6447
95528	21.8868	55.6614
95528	21.8581	55.678
95528	21.8295	55.6947
95528	21.8008	55.7114
95528	21.7722	55.728
95528	21.7435	55.7447
95528	21.7149	55.7614
95528	21.6862	55.778
95528	21.6576	55.7947
95528	21.629	55.8113
95528	21.6003	55.828
95528	21.5717	55.8447
95528	21.543	55.8613
95528	21.5144	55.878
95528	21.4857	55.8947
95528	21.4571	55.9113
95528	21.4284	55.928
95528	21.3998	55.9446
95528	21.3711	55.9613
95528	21.3425	55.978
95528	21.3138	55.9946
95528	21.2852	56.0113
95528	21.2565	56.028
95528	21.2279	56.0446
95528	21.1992	56.0613
95528	21.1706	56.0779
95528	21.1419	56.0946
95528	21.1133	56.1113
95528	21.0847	56.1279
95528	21.056	56.1446
95528	21.0274	56.1613
95528	20.9987	56.1779
95528	20.9701	56.1946
95528	20.9414	56.2112
95528	20.9128	56.2279
95528	20.8841	56.2446
95528	20.8555	56.2612
95528	20.8268	56.2779
95528	20.7982	56.2946
95528	20.7695	56.3112
95528	20.7409	56.3279
95528	20.7122	56.3445
95528	20.6836	56.3612
95528	20.6549	56.3779
95528	20.6263	56.3945
95528	20.5976	56.4112
95528	20.569	56.4279
95528	20.5403	56.4445
95528	20.5117	56.4612
95528	20.4831	56.4778
95528	20.4544	56.4945
95528	20.4258	56.5112
95528	20.3971	56.5278
95528	20.3685	56.5445
95528	20.3398	56.5612
95528	20.3112	56.5778
95528	20.2825	56.5945
95528	20.2539	56.6111
95528	20.2252	56.6278
95528	20.1966	56.6445
95528	20.1679	56.6611
95528	20.1393	56.6778
95528	20.1106	56.6945
95528	20.082	56.7111
95528	20.0533	56.7278
95528	20.0247	56.7444
95528	19.996	56.7611
95528	19.9674	56.7778
95528	19.9388	56.7944
95528	19.9101	56.8111
95528	19.8815	56.8278
95528	19.8528	56.8444
95528	19.8242	56.8611
95528	19.7955	56.8777
95528	19.7669	56.8944
95528	19.7382	56.9111
95528	19.7096	56.9277
95528	19.6809	56.9444
95528	19.6523	56.9611
95528	19.6236	56.9777
95528	19.595	56.9944
95528	19.5663	57.011
95528	19.5377	57.0277
95528	19.509	57.0444
95528	19.4804	57.061
95528	19.4517	57.0777
95528	19.4231	57.0944
95528	19.3944	57.111
95528	19.3658	57.1277
95528	19.3372	57.1443
95528	19.3085	57.161
95528	19.2799	57.1777
95528	19.2512	57.1943
95528	19.2226	57.211
95528	19.1939	57.2277
95528	19.1653	57.2443
95528	19.1366	57.261
95528	19.108	57.2776
95528	19.0793	57.2943
95528	19.0507	57.311
95528	19.022	57.3276
95528	18.9934	57.3443
95528	18.9647	57.361
95528	18.9361	57.3776
95528	18.9074	57.3943
95528	18.8788	57.4109
95528	18.8501	57.4276
95528	18.8215	57.4443
95528	18.7929	57.4609
95528	18.7642	57.4776
95528	18.7356	57.4943
95528	18.7069	57.5109
95528	18.6783	57.5276
95528	18.6496	57.5443
95528	18.621	57.5609
95528	18.5923	57.5776
95528	18.5637	57.5942
95528	18.535	57.6109
95528	18.5064	57.6276
95528	18.4777	57.6442
95528	18.4491	57.6609
95528	18.4204	57.6776
95528	18.3918	57.6942
95528	18.3631	57.7109
95528	18.3345	57.7275
95528	18.3058	57.7442
95528	18.2772	57.7609
95528	18.2486	57.7775
95528	18.2199	57.7942
95528	18.1913	57.8109
95528	18.1626	57.8275
95528	18.134	57.8442
95528	18.1053	57.8608
95528	18.0767	57.8775
95528	18.048	57.8942
95528	18.0194	57.9108
95528	17.9907	57.9275
95528	17.9621	57.9442
95528	17.9334	57.9608
95528	17.9048	57.9775
95528	17.8761	57.9941
95528	17.8475	58.0108
95528	17.8188	58.0275
95528	17.7902	58.0441
95528	17.7615	58.0608
95528	17.7329	58.0775
95528	17.7042	58.0941
95528	17.6756	58.1108
95528	17.647	58.1274
95528	17.6183	58.1441
95528	17.5897	58.1608
95528	17.561	58.1774
95528	17.5324	58.1941
95528	17.5037	58.2108
95528	17.4751	58.2274
95528	17.4464	58.2441
95528	17.4178	58.2607
95528	17.3891	58.2774
95528	17.3605	58.2941
95528	17.3318	58.3107
95528	17.3032	58.3274
95528	17.2745	58.3441
95528	17.2459	58.3607
95528	17.2172	58.3774
95528	17.1886	58.394
95528	17.1599	58.4107
95528	17.1313	58.4274
95528	17.1026	58.444
95528	17.074	58.4607
95528	17.0454	58.4774
95528	17.0167	58.494
95528	16.9881	58.5107
95528	16.9594	58.5273
95528	16.9308	58.544
95528	16.9021	58.5607
95528	16.8735	58.5773
95528	16.8448	58.594
95528	16.8162	58.6107
95528	16.7875	58.6273
95528	16.7589	58.644
95528	16.7302	58.6606
95528	16.7016	58.6773
95528	16.6729	58.694
95528	16.6443	58.7106
95528	16.6156	58.7273
95528	16.587	58.744
95528	16.5583	58.7606
95528	16.5297	58.7773
95528	16.5011	58.7939
95528	16.4724	58.8106
95528	16.4438	58.8273
95528	16.4151	58.8439
95528	16.3865	58.8606
95528	16.3578	58.8773
95528	16.3292	58.8939
95528	16.3005	58.9106
95528	16.2719	58.9272
95528	16.2432	58.9439
95528	16.2146	58.9606
95528	16.1859	58.9772
95528	16.1573	58.9939
95528	16.1286	59.0106
95528	16.1	59.0272
95528	16.0713	59.0439
95528	16.0427	59.0605
95528	16.014	59.0772
95528	15.9854	59.0939
95528	15.9568	59.1105
95528	15.9281	59.1272
95528	15.8995	59.1439
95528	15.8708	59.1605
95528	15.8422	59.1772
95528	15.8135	59.1938
95528	15.7849	59.2105
95528	15.7562	59.2272
95528	15.7276	59.2438
95528	15.6989	59.2605
95528	15.6703	59.2772
95528	15.6416	59.2938
95528	15.613	59.3105
95528	15.5843	59.3271
95528	15.5557	59.3438
95528	15.527	59.3605
95528	15.4984	59.3771
95528	15.4697	59.3938
95528	15.4411	59.4105
95528	15.4124	59.4271
95528	15.3838	59.4438
95528	15.3552	59.4604
95528	15.3265	59.4771
95528	15.2979	59.4938
95528	15.2692	59.5104
95528	15.2406	59.5271
95528	15.2119	59.5438
95528	15.1833	59.5604
95528	15.1546	59.5771
95528	15.126	59.5938
95528	15.0973	59.6104
95528	15.0687	59.6271
95528	15.04	59.6437
95528	15.0114	59.6604
95528	14.9827	59.6771
95528	14.9541	59.6937
95528	14.9254	59.7104
95528	14.8968	59.7271
95528	14.8681	59.7437
95528	14.8395	59.7604
95528	14.8109	59.777
95528	14.7822	59.7937
95528	14.7536	59.8104
95528	14.7249	59.827
95528	14.6963	59.8437
95528	14.6676	59.8604
95528	14.639	59.877
95528	14.6103	59.8937
95528	14.5817	59.9103
95528	14.553	59.927
95528	14.5244	59.9437
95528	14.4957	59.9603
95528	14.4671	59.977
95528	14.4384	59.9937
95528	14.4098	60.0103
95528	14.3811	60.027
95528	14.3525	60.0436
95528	14.3238	60.0603
95528	14.2952	60.077
95528	14.2666	60.0936
95528	14.2379	60.1103
95528	14.2093	60.127
95528	14.1806	60.1436
95528	14.152	60.1603
95528	14.1233	60.1769
95528	14.0947	60.1936
95528	14.066	60.2103
95528	14.0374	60.2269
95528	14.0087	60.2436
95528	13.9801	60.2603
95528	13.9514	60.2769
95528	13.9228	60.2936
95528	13.8941	60.3102
95528	13.8655	60.3269
95528	13.8368	60.3436
95528	13.8082	60.3602
95528	13.7795	60.3769
95528	13.7509	60.3936
95528	13.7222	60.4102
95528	13.6936	60.4269
95528	13.665	60.4435
95528	13.6363	60.4602
95528	13.6077	60.4769
95528	13.579	60.4935
95528	13.5504	60.5102
95528	13.5217	60.5269
95528	13.4931	60.5435
95528	13.4644	60.5602
95528	13.4358	60.5768
95528	13.4071	60.5935
95528	13.3785	60.6102
95528	13.3498	60.6268
95528	13.3212	60.6435
95528	13.2925	60.6602
95528	13.2639	60.6768
95528	13.2352	60.6935
95528	13.2066	60.7101
95528	13.1779	60.7268
95528	13.1493	60.7435
95528	13.1207	60.7601
95528	13.092	60.7768
95528	13.0634	60.7935
95528	13.0347	60.8101
95528	13.0061	60.8268
95528	12.9774	60.8434
95528	12.9488	60.8601
95528	12.9201	60.8768
95528	12.8915	60.8934
95528	12.8628	60.9101
95528	12.8342	60.9268
95528	12.8055	60.9434
95528	12.7769	60.9601
95528	12.7482	60.9767
95528	12.7196	60.9934
95528	12.6909	61.0101
95528	12.6623	61.0267
95528	12.6336	61.0434
95528	12.605	61.0601
95528	12.5763	61.0767
95528	12.5477	61.0934
95528	12.5191	61.11
95528	12.4904	61.1267
95528	12.4618	61.1434
95528	12.4331	61.16
95528	12.4045	61.1767
95528	12.3758	61.1934
95528	12.3472	61.21
95528	12.3185	61.2267
95528	12.2899	61.2433
95528	12.2612	61.26
95528	12.2326	61.2767
95528	12.2039	61.2933
95528	12.1753	61.31
95528	12.1466	61.3267
95528	12.118	61.3433
95528	12.0893	61.36
95528	12.0607	61.3766
95528	12.032	61.3933
95528	12.0034	61.41
95528	11.9748	61.4266
95528	11.9461	61.4433
95528	11.9175	61.46
95528	11.8888	61.4766
95528	11.8602	61.4933
95528	11.8315	61.5099
95528	11.8029	61.5266
95528	11.7742	61.5433
95528	11.7456	61.5599
95528	11.7169	61.5766
95528	11.6883	61.5933
95528	11.6596	61.6099
95528	11.631	61.6266
95528	11.6023	61.6432
95528	11.5737	61.6599
95528	11.545	61.6766
95528	11.5164	61.6932
95528	11.4877	61.7099
95528	11.4591	61.7266
95528	11.4304	61.7432
95528	11.4018	61.7599
95528	11.3732	61.7766
95528	11.3445	61.7932
95528	11.3159	61.8099
95528	11.2872	61.8265
95528	11.2586	61.8432
95528	11.2299	61.8599
95528	11.2013	61.8765
95528	11.1726	61.8932
95528	11.144	61.9099
95528	11.1153	61.9265
95528	11.0867	61.9432
95528	11.058	61.9598
95528	11.0294	61.9765
95528	11.0007	61.9932
95528	10.9721	62.0098
95528	10.9434	62.0265
95528	10.9148	62.0432
95528	10.8861	62.0598
95528	10.8575	62.0765
95528	10.8289	62.0931
95528	10.8002	62.1098
95528	10.7716	62.1265
95528	10.7429	62.1431
95528	10.7143	62.1598
95528	10.6856	62.1765
95528	10.657	62.1931
95528	10.6283	62.2098
95528	10.5997	62.2264
95528	10.571	62.2431
95528	10.5424	62.2598
95528	10.5137	62.2764
95528	10.4851	62.2931
95528	10.4564	62.3098
95528	10.4278	62.3264
95528	10.3991	62.3431
95528	10.3705	62.3597
95528	10.3418	62.3764
95528	10.3132	62.3931
95528	10.2845	62.4097
95528	10.2559	62.4264
95528	10.2273	62.4431
95528	10.1986	62.4597
95528	10.17	62.4764
95528	10.1413	62.493
95528	10.1127	62.5097
95528	10.084	62.5264
95528	10.0554	62.543
95528	10.0267	62.5597
95528	9.99808	62.5764
95528	9.96943	62.593
95528	9.94078	62.6097
95528	9.91213	62.6263
95528	9.88348	62.643
95528	9.85484	62.6597
95528	9.82619	62.6763
95528	9.79754	62.693
95528	9.7689	62.7097
95528	9.74025	62.7263
95528	9.7116	62.743
95528	9.68295	62.7596
95528	9.65431	62.7763
95528	9.62566	62.793
95528	9.59701	62.8096
95528	9.56836	62.8263
95528	9.53972	62.843
95528	9.51107	62.8596
95528	9.48242	62.8763
95528	9.45377	62.8929
95528	9.42513	62.9096
95528	9.39648	62.9263
95528	9.36783	62.9429
95528	9.33918	62.9596
95528	9.31054	62.9763
95528	9.28189	62.9929
95528	9.25324	63.0096
95528	9.22459	63.0262
95528	9.19595	63.0429
95528	9.1673	63.0596
95528	9.13865	63.0762
95528	9.11	63.0929
95528	9.08136	63.1096
95528	9.05271	63.1262
95528	9.02406	63.1429
95528	8.99541	63.1595
95528	8.96677	63.1762
95528	8.93812	63.1929
95528	8.90947	63.2095
95528	8.88082	63.2262
95528	8.85218	63.2429
95528	8.82353	63.2595
95528	8.79488	63.2762
95528	8.76623	63.2928
95528	8.73759	63.3095
95528	8.70894	63.3262
95528	8.68029	63.3428
95528	8.65164	63.3595
95528	8.623	63.3762
95528	8.59435	63.3928
95528	8.5657	63.4095
95528	8.53705	63.4261
95528	8.50841	63.4428
95528	8.47976	63.4595
95528	8.45111	63.4761
95528	8.42246	63.4928
95528	8.39382	63.5095
95528	8.36517	63.5261
95528	8.33652	63.5428
95528	8.30787	63.5594
95528	8.27923	63.5761
95528	8.25058	63.5928
95528	8.22193	63.6094
95528	8.19328	63.6261
95528	8.16464	63.6428
95528	8.13599	63.6594
95528	8.10734	63.6761
95528	8.07869	63.6927
95528	8.05005	63.7094
95528	8.0214	63.7261
95528	7.99275	63.7427
95528	7.9641	63.7594
95528	7.93546	63.7761
95528	7.90681	63.7927
95528	7.87816	63.8094
95528	7.84951	63.826
95528	7.82087	63.8427
95528	7.79222	63.8594
95528	7.76357	63.876
95528	7.73492	63.8927
95528	7.70628	63.9094
95528	7.67763	63.926
95528	7.64898	63.9427
95528	7.62033	63.9594
95528	7.59169	63.976
95528	7.56304	63.9927
95528	7.53439	64.0093
95528	7.50574	64.026
95528	7.4771	64.0427
95528	7.44845	64.0593
95528	7.4198	64.076
95528	7.39115	64.0927
95528	7.36251	64.1093
95528	7.33386	64.126
95528	7.30521	64.1426
95528	7.27656	64.1593
95528	7.24792	64.176
95528	7.21927	64.1926
95528	7.19062	64.2093
95528	7.16197	64.226
95528	7.13333	64.2426
95528	7.10468	64.2593
95528	7.07603	64.2759
95528	7.04738	64.2926
95528	7.01873	64.3093
95528	6.99009	64.3259
95528	6.96144	64.3426
95528	6.93279	64.3593
95528	6.90414	64.3759
95528	6.8755	64.3926
95528	6.84685	64.4092
95528	6.8182	64.4259
95528	6.78955	64.4426
95528	6.7609	64.4592
95528	6.73226	64.4759
95528	6.70361	64.4926
95528	6.67496	64.5092
95528	6.64631	64.5259
95528	6.61766	64.5425
95528	6.58902	64.5592
95528	6.56037	64.5759
95528	6.53172	64.5925
95528	6.50307	64.6092
95528	6.47442	64.6259
95528	6.44578	64.6425
95528	6.41713	64.6592
95528	6.38848	64.6758
95528	6.35983	64.6925
95528	6.33119	64.7092
95528	6.30254	64.7258
95528	6.27389	64.7425
95528	6.24524	64.7592
95528	6.21659	64.7758
95528	6.18795	64.7925
95528	6.1593	64.8091
95528	6.13065	64.8258
95528	6.102	64.8425
95528	6.07335	64.8591
95528	6.04471	64.8758
95528	6.01606	64.8925
95528	5.98741	64.9091
95528	5.95876	64.9258
95528	5.93011	64.9424
95528	5.90147	64.9591
95528	5.87282	64.9758
95528	5.84417	64.9924
95528	5.81552	65.0091
95528	5.78687	65.0258
95528	5.75823	65.0424
95528	5.72958	65.0591
95528	5.70093	65.0757
95528	5.67228	65.0924
95528	5.64364	65.1091
95528	5.61499	65.1257
95528	5.58634	65.1424
95528	5.55769	65.1591
95528	5.52904	65.1757
95528	5.5004	65.1924
95528	5.47175	65.209
95528	5.4431	65.2257
95528	5.41445	65.2424
95528	5.3858	65.259
95528	5.35716	65.2757
95528	5.32851	65.2924
95528	5.29986	65.309
95528	5.27121	65.3257
95528	5.24256	65.3423
95528	5.21392	65.359
95528	5.18527	65.3757
95528	5.15662	65.3923
95528	5.12797	65.409
95528	5.09933	65.4257
95528	5.07068	65.4423
95528	5.04203	65.459
95528	5.01338	65.4756
95528	4.98473	65.4923
95528	4.95609	65.509
95528	4.92744	65.5256
95528	4.89879	65.5423
95528	4.87014	65.559
95528	4.84149	65.5756
95528	4.81285	65.5923
95528	4.7842	65.6089
95528	4.75555	65.6256
95528	4.7269	65.6423
95528	4.69825	65.6589
95528	4.66961	65.6756
95528	4.64096	65.6923
95528	4.61231	65.7089
95528	4.58366	65.7256
95528	4.55501	65.7422
95528	4.52637	65.7589
95528	4.49772	65.7756
95528	4.46907	65.7922
95528	4.44042	65.8089
95528	4.41178	65.8256
95528	4.38313	65.8422
95528	4.35448	65.8589
95528	4.32583	65.8755
95528	4.29718	65.8922
95528	4.26854	65.9089
95528	4.23989	65.9255
95528	4.21124	65.9422
95528	4.18259	65.9589
95528	4.15394	65.9755
95528	4.1253	65.9922
95528	4.09665	66.0089
95528	4.068	66.0255
95528	4.03935	66.0422
95528	4.0107	66.0588
95528	3.98206	66.0755
95528	3.95341	66.0922
95528	3.92476	66.1088
95528	3.89611	66.1255
95528	3.86747	66.1422
95528	3.83882	66.1588
95528	3.81017	66.1755
95528	3.78152	66.1921
95528	3.75287	66.2088
95528	3.72423	66.2255
95528	3.69558	66.2421
95528	3.66693	66.2588
95528	3.63828	66.2755
95528	3.60963	66.2921
95528	3.58099	66.3088
95528	3.55234	66.3254
95528	3.52369	66.3421
95528	3.49504	66.3588
95528	3.46639	66.3754
95528	3.43775	66.3921
95528	3.4091	66.4088
95528	3.38045	66.4254
95528	3.3518	66.4421
95528	3.32315	66.4587
95528	3.29451	66.4754
95528	3.26586	66.4921
95528	3.23721	66.5087
95528	3.20856	66.5254
95528	3.17992	66.5421
95528	3.15127	66.5587
95528	3.12262	66.5754
95528	3.09397	66.592
95528	3.06532	66.6087
95528	3.03668	66.6254
95528	3.00803	66.642
95528	2.97938	66.6587
95528	2.95073	66.6754
95528	2.92208	66.692
95528	2.89344	66.7087
95528	2.86479	66.7253
95528	2.83614	66.742
95528	2.80749	66.7587
95528	2.77884	66.7753
95528	2.7502	66.792
95528	2.72155	66.8087
95528	2.6929	66.8253
95528	2.66425	66.842
95528	2.63561	66.8586
95528	2.60696	66.8753
95528	2.57831	66.892
95528	2.54966	66.9086
95528	2.52101	66.9253
95528	2.49237	66.942
95528	2.46372	66.9586
95528	2.43507	66.9753
95528	2.40642	66.9919
95528	2.37777	67.0086
95528	2.34913	67.0253
95528	2.32048	67.0419
95528	2.29183	67.0586
95528	2.26318	67.0753
95528	2.23453	67.0919
95528	2.20589	67.1086
95528	2.17724	67.1252
95528	2.14859	67.1419
95528	2.11994	67.1586
95528	2.09129	67.1752
95528	2.06265	67.1919
95528	2.034	67.2086
95528	2.00535	67.2252
95528	1.9767	67.2419
95528	1.94806	67.2585
95528	1.91941	67.2752
95528	1.89076	67.2919
95528	1.86211	67.3085
95528	1.83346	67.3252
95528	1.80482	67.3419
95528	1.77617	67.3585
95528	1.74752	67.3752
95528	1.71887	67.3918
95528	1.69022	67.4085
95528	1.66158	67.4252
95528	1.63293	67.4418
95528	1.60428	67.4585
95528	1.57563	67.4752
95528	1.54699	67.4918
95528	1.51834	67.5085
95528	1.48969	67.5251
95528	1.46104	67.5418
95528	1.43239	67.5585
95528	1.40375	67.5751
95528	1.3751	67.5918
95528	1.34645	67.6085
95528	1.3178	67.6251
95528	1.28916	67.6418
95528	1.26051	67.6584
95528	1.23186	67.6751
95528	1.20321	67.6918
95528	1.17456	67.7084
95528	1.14592	67.7251
95528	1.11727	67.7418
95528	1.08862	67.7584
95528	1.05997	67.7751
95528	1.03132	67.7917
95528	1.00268	67.8084
95528	0.974029	67.8251
95528	0.945382	67.8417
95528	0.916734	67.8584
95528	0.888086	67.8751
95528	0.859438	67.8917
95528	0.83079	67.9084
95528	0.802142	67.925
95528	0.773495	67.9417
95528	0.744847	67.9584
95528	0.716199	67.975
95528	0.687551	67.9917
95528	0.658903	68.0084
95528	0.630255	68.025
95528	0.601607	68.0417
95528	0.57296	68.0583
95528	0.544312	68.075
95528	0.515664	68.0917
95528	0.487016	68.1083
95528	0.458368	68.125
95528	0.42972	68.1417
95528	0.401072	68.1583
95528	0.372425	68.175
95528	0.343777	68.1917
95528	0.315129	68.2083
95528	0.286481	68.225
95528	0.257833	68.2416
95528	0.229185	68.2583
95528	0.200537	68.275
95528	0.17189	68.2916
95528	0.143242	68.3083
95528	0.114594	68.325
95528	0.085946	68.3416
95528	0.0572982	68.3583
95528	0.0286503	68.3749
95528	2.46127e-06	68.3916
95528	-0.0286454	68.4083
95528	0	68.4249
95528	0	68.4416
95528	0	68.4583
95528	0	68.4749
95528	0	68.4916
95528	0	68.5082
95528	0	68.5249
95528	0	68.5416
95528	0	68.5582
95528	0	68.5749
95528	0	68.5916
95528	0	68.6082
95528	0	68.6249
95528	0	68.6415
95528	0	68.6582
95528	0	68.6749
95528	0	68.6915
95528	0	68.7082
95528	0	68.7249
95528	0	68.7415
95528	0	68.7582
95528	0	68.7748
95528	0	68.7915
95528	0	68.8082
95528	0	68.8248
95528	0	68.8415
95528	0	68.8582
95528	0	68.8748
95528	0	68.8915
95528	0	68.9081
95528	0	68.9248
95528	0	68.9415
95528	0	68.9581
95528	0	68.9748
95528	0	68.9915
95528	0	69.0081
95528	0	69.0248
95528	0	69.0414
95528	0	69.0581
95528	0	69.0748
95528	0	69.0914
95528	0	69.1081
95528	0	69.1248
95528	0	69.1414
95528	0	69.1581
95528	0	69.1747
95528	0	69.1914
95528	0	69.2081
95528	0	69.2247
95528	0	69.2414
95528	0	69.2581
95528	0	69.2747
95528	0	69.2914
95528	0	69.308
95528	0	69.3247
95528	0	69.3414
95528	0	69.358
95528	0	69.3747
95528	0	69.3914
95528	0	69.408
95528	0	69.4247
