inside_count num_particles theta time
18987 18987 0.00030507 0.0164452
18987 18987 0.00030507 0.0331116
18987 18987 0.00030507 0.049778
18987 18987 0.00030507 0.0664444
18987 18987 0.00030507 0.0831108
18987 18987 0.00030507 0.0997772
18987 18987 0.00030507 0.116444
18987 18987 0.00030507 0.13311
18987 18987 0.00030507 0.149776
18987 18987 0.00030507 0.166443
18987 18987 0.00030507 0.183109
18987 18987 0.00030507 0.199776
18987 18987 0.00030507 0.216442
18987 18987 0.00030507 0.233109
18987 18987 0.00030507 0.249775
18987 18987 0.00030507 0.266441
18987 18987 0.00030507 0.283108
18987 18987 0.00030507 0.299774
18987 18987 0.00030507 0.316441
18987 18987 0.00030507 0.333107
18987 18987 0.00030507 0.349773
18987 18987 0.00030507 0.36644
18987 18987 0.00335577 0.383106
18987 18987 0.00640648 0.399773
18987 18987 0.00945718 0.416439
18987 18987 0.0125079 0.433105
18987 18987 0.0155586 0.449772
18987 18987 0.0186093 0.466438
18987 18987 0.02166 0.483105
18987 18987 0.0247107 0.499771
18987 18987 0.0277614 0.516438
18987 18987 0.0308121 0.533104
18987 18987 0.0338628 0.54977
18987 18987 0.0369135 0.566437
18987 18987 0.0399642 0.583103
18987 18987 0.0430149 0.59977
18987 18987 0.0460656 0.616436
18987 18987 0.0491163 0.633102
18987 18987 0.052167 0.649769
18987 18987 0.0552177 0.666435
18987 18987 0.0582684 0.683102
18987 18987 0.0613191 0.699768
18987 18987 0.0643698 0.716434
18987 18987 0.0674206 0.733101
18987 18987 0.0704713 0.749767
18987 18987 0.073522 0.766434
18987 18987 0.0765727 0.7831
18987 18987 0.0796234 0.799767
18987 18987 0.0826741 0.816433
18987 18987 0.0857248 0.833099
18987 18987 0.0887755 0.849766
18987 18987 0.0918262 0.866432
18987 18987 0.0948769 0.883099
18987 18987 0.0979276 0.899765
18987 18987 0.100978 0.916431
18987 18987 0.104029 0.933098
18987 18987 0.10708 0.949764
18987 18987 0.11013 0.966431
18987 18987 0.113181 0.983097
18987 18987 0.116232 0.999763
18987 18987 0.119283 1.01643
18987 18987 0.122333 1.0331
18987 18987 0.125384 1.04976
18987 18987 0.128435 1.06643
18987 18987 0.131485 1.0831
18987 18987 0.134536 1.09976
18987 18987 0.137587 1.11643
18987 18987 0.140637 1.13309
18987 18987 0.143688 1.14976
18987 18987 0.146739 1.16643
18987 18987 0.14979 1.18309
18987 18987 0.15284 1.19976
18987 18987 0.155891 1.21643
18987 18987 0.158942 1.23309
18987 18987 0.161992 1.24976
18987 18987 0.165043 1.26643
18987 18987 0.168094 1.28309
18987 18987 0.171144 1.29976
18987 18987 0.174195 1.31643
18987 18987 0.177246 1.33309
18987 18987 0.180297 1.34976
18987 18987 0.183347 1.36642
18987 18987 0.186398 1.38309
18942 18987 0.189449 1.39976
18937 18987 0.192499 1.41642
18937 18987 0.19555 1.43309
18933 18987 0.198601 1.44976
18915 18987 0.201651 1.46642
18915 18987 0.204702 1.48309
18885 18987 0.207753 1.49976
18885 18987 0.210804 1.51642
18868 18987 0.213854 1.53309
18858 18987 0.216905 1.54976
18858 18987 0.219956 1.56642
18834 18987 0.223006 1.58309
18815 18987 0.226338 1.59975
18810 18987 0.229624 1.61642
18806 18987 0.232865 1.63309
18761 18987 0.23606 1.64975
18758 18987 0.239212 1.66642
18758 18987 0.242321 1.68309
18734 18987 0.245386 1.69975
18712 18987 0.248409 1.71642
18712 18987 0.251391 1.73309
18712 18987 0.254331 1.74975
18703 18987 0.257231 1.76642
18661 18987 0.260091 1.78308
18654 18987 0.262911 1.79975
18654 18987 0.265693 1.81642
18654 18987 0.268436 1.83308
18609 18987 0.271142 1.84975
18599 18987 0.27381 1.86642
18599 18987 0.276441 1.88308
18568 18987 0.279036 1.89975
18559 18987 0.281596 1.91642
18559 18987 0.28412 1.93308
18543 18987 0.286609 1.94975
18515 18987 0.289064 1.96642
18491 18987 0.291485 1.98308
18482 18987 0.293872 1.99975
18475 18987 0.296227 2.01641
18454 18987 0.298549 2.03308
18442 18987 0.300839 2.04975
18434 18987 0.303098 2.06641
18432 18987 0.305326 2.08308
18407 18987 0.307522 2.09975
18369 18987 0.309689 2.11641
18369 18987 0.311826 2.13308
18362 18987 0.313933 2.14975
18335 18987 0.316011 2.16641
18322 18987 0.31806 2.18308
18309 18987 0.320082 2.19975
18309 18987 0.322075 2.21641
18269 18987 0.324041 2.23308
18248 18987 0.32598 2.24974
18241 18987 0.327892 2.26641
18227 18987 0.329777 2.28308
18223 18987 0.331637 2.29974
18183 18987 0.333471 2.31641
18169 18987 0.33528 2.33308
18156 18987 0.337064 2.34974
18153 18987 0.338823 2.36641
18111 18987 0.340558 2.38308
18111 18987 0.342269 2.39974
18102 18987 0.343956 2.41641
18064 18987 0.34562 2.43307
18057 18987 0.347262 2.44974
18036 18987 0.34888 2.46641
18019 18987 0.350477 2.48307
18011 18987 0.352051 2.49974
17982 18987 0.353604 2.51641
17977 18987 0.355135 2.53307
17958 18987 0.356645 2.54974
17933 18987 0.358134 2.56641
17907 18987 0.359603 2.58307
17906 18987 0.361051 2.59974
17898 18987 0.36248 2.61641
17886 18987 0.363888 2.63307
17879 18987 0.365278 2.64974
17844 18987 0.366648 2.6664
17820 18987 0.367999 2.68307
17815 18987 0.369332 2.69974
17815 18987 0.370646 2.7164
17802 18987 0.371943 2.73307
17802 18987 0.373221 2.74974
17747 18987 0.374482 2.7664
17747 18987 0.375725 2.78307
17711 18987 0.376951 2.79974
17705 18987 0.37816 2.8164
17705 18987 0.379353 2.83307
17686 18987 0.380529 2.84974
17662 18987 0.381689 2.8664
17653 18987 0.382833 2.88307
17646 18987 0.383961 2.89973
17628 18987 0.385074 2.9164
17606 18987 0.386171 2.93307
17588 18987 0.387253 2.94973
17588 18987 0.38832 2.9664
17555 18987 0.389373 2.98307
17549 18987 0.390411 2.99973
17549 18987 0.391435 3.0164
17549 18987 0.392444 3.03307
17515 18987 0.39344 3.04973
17503 18987 0.394422 3.0664
17484 18987 0.39539 3.08307
17477 18987 0.396345 3.09973
17469 18987 0.397287 3.1164
17435 18987 0.398216 3.13306
17435 18987 0.399132 3.14973
17422 18987 0.400036 3.1664
17421 18987 0.400927 3.18306
17392 18987 0.401805 3.19973
17392 18987 0.402672 3.2164
17369 18987 0.403527 3.23306
17352 18987 0.404369 3.24973
17352 18987 0.405201 3.2664
17352 18987 0.40602 3.28306
17308 18987 0.406829 3.29973
17307 18987 0.407626 3.31639
17291 18987 0.408413 3.33306
17281 18987 0.409188 3.34973
17272 18987 0.409953 3.36639
17243 18987 0.410707 3.38306
17237 18987 0.411451 3.39973
17231 18987 0.412185 3.41639
17220 18987 0.412908 3.43306
17211 18987 0.413622 3.44973
17211 18987 0.414325 3.46639
17183 18987 0.415019 3.48306
17181 18987 0.415704 3.49973
17153 18987 0.416379 3.51639
17153 18987 0.417044 3.53306
17153 18987 0.417701 3.54972
17139 18987 0.418348 3.56639
17108 18987 0.418987 3.58306
17108 18987 0.419616 3.59972
17108 18987 0.420237 3.61639
17074 18987 0.42085 3.63306
17073 18987 0.421454 3.64972
17073 18987 0.42205 3.66639
17073 18987 0.422637 3.68306
17029 18987 0.423216 3.69972
17029 18987 0.423788 3.71639
17022 18987 0.424351 3.73306
17022 18987 0.424907 3.74972
17008 18987 0.425455 3.76639
16985 18987 0.425996 3.78305
16985 18987 0.426529 3.79972
16967 18987 0.427054 3.81639
16959 18987 0.427573 3.83305
16959 18987 0.428084 3.84972
16959 18987 0.428589 3.86639
16931 18987 0.429086 3.88305
16931 18987 0.429576 3.89972
16911 18987 0.43006 3.91639
16907 18987 0.430537 3.93305
16882 18987 0.431008 3.94972
16878 18987 0.431471 3.96638
16878 18987 0.431929 3.98305
16857 18987 0.43238 3.99972
16857 18987 0.432825 4.01638
16857 18987 0.433264 4.03305
16836 18987 0.433697 4.04972
16836 18987 0.434124 4.06638
16822 18987 0.434545 4.08305
16813 18987 0.43496 4.09972
16813 18987 0.43537 4.11638
16781 18987 0.435773 4.13305
16781 18987 0.436172 4.14972
16780 18987 0.436565 4.16638
16752 18987 0.436952 4.18305
16751 18987 0.437334 4.19971
16751 18987 0.437711 4.21638
16751 18987 0.438082 4.23305
16733 18987 0.438449 4.24971
16733 18987 0.43881 4.26638
16733 18987 0.439166 4.28305
16718 18987 0.439518 4.29971
16702 18987 0.439864 4.31638
16702 18987 0.440206 4.33305
16680 18987 0.440543 4.34971
16680 18987 0.440876 4.36638
16680 18987 0.441204 4.38305
16660 18987 0.441527 4.39971
16660 18987 0.441846 4.41638
16654 18987 0.442161 4.43304
16642 18987 0.442471 4.44971
16640 18987 0.442777 4.46638
16624 18987 0.442777 4.48304
16617 18987 0.442777 4.49971
16607 18987 0.442777 4.51638
16607 18987 0.442777 4.53304
16597 18987 0.442777 4.54971
16586 18987 0.442777 4.56638
16576 18987 0.442777 4.58304
16576 18987 0.442777 4.59971
16576 18987 0.442777 4.61637
16576 18987 0.442777 4.63304
16556 18987 0.442777 4.64971
16556 18987 0.442777 4.66637
16556 18987 0.442777 4.68304
16534 18987 0.442777 4.69971
16534 18987 0.442777 4.71637
16534 18987 0.442777 4.73304
16526 18987 0.442777 4.74971
16526 18987 0.442777 4.76637
16515 18987 0.442777 4.78304
16515 18987 0.442777 4.79971
16515 18987 0.442777 4.81637
16495 18987 0.442777 4.83304
16495 18987 0.442777 4.8497
16488 18987 0.442777 4.86637
16477 18987 0.442777 4.88304
16461 18987 0.442777 4.8997
16461 18987 0.442777 4.91637
16461 18987 0.442777 4.93304
16447 18987 0.442777 4.9497
16447 18987 0.442777 4.96637
16447 18987 0.442777 4.98304
16422 18987 0.442777 4.9997
16422 18987 0.442777 5.01637
16422 18987 0.442777 5.03304
16409 18987 0.442777 5.0497
16409 18987 0.442777 5.06637
16409 18987 0.442777 5.08303
16388 18987 0.442777 5.0997
16388 18987 0.442777 5.11637
16381 18987 0.442777 5.13303
16369 18987 0.442777 5.1497
16369 18987 0.442777 5.16637
16369 18987 0.442777 5.18303
16362 18987 0.442777 5.1997
16362 18987 0.442777 5.21637
16362 18987 0.442777 5.23303
16350 18987 0.442777 5.2497
16350 18987 0.442777 5.26637
16350 18987 0.442777 5.28303
16337 18987 0.442777 5.2997
16336 18987 0.442777 5.31636
16336 18987 0.442777 5.33303
16336 18987 0.442777 5.3497
16336 18987 0.442777 5.36636
16311 18987 0.442777 5.38303
16311 18987 0.442777 5.3997
16311 18987 0.442777 5.41636
16300 18987 0.442777 5.43303
16300 18987 0.442777 5.4497
16296 18987 0.442777 5.46636
16291 18987 0.442777 5.48303
16290 18987 0.442777 5.49969
16286 18987 0.442777 5.51636
16286 18987 0.442777 5.53303
16271 18987 0.442777 5.54969
16271 18987 0.442777 5.56636
16271 18987 0.442777 5.58303
16261 18987 0.442777 5.59969
16261 18987 0.442777 5.61636
16261 18987 0.442777 5.63303
16261 18987 0.442777 5.64969
16261 18987 0.442777 5.66636
16244 18987 0.442777 5.68303
16244 18987 0.442777 5.69969
16244 18987 0.442777 5.71636
16244 18987 0.442777 5.73302
16233 18987 0.442777 5.74969
16230 18987 0.442777 5.76636
16226 18987 0.442777 5.78302
16226 18987 0.442777 5.79969
16226 18987 0.442777 5.81636
16226 18987 0.442777 5.83302
16220 18987 0.442777 5.84969
16217 18987 0.442777 5.86636
16217 18987 0.442777 5.88302
16205 18987 0.442777 5.89969
16205 18987 0.442777 5.91636
16205 18987 0.442777 5.93302
16205 18987 0.442777 5.94969
16205 18987 0.442777 5.96635
16205 18987 0.442777 5.98302
16185 18987 0.442777 5.99969
16185 18987 0.442777 6.01635
16183 18987 0.442777 6.03302
16183 18987 0.442777 6.04969
16183 18987 0.442777 6.06635
16183 18987 0.442777 6.08302
16176 18987 0.442777 6.09969
16176 18987 0.442777 6.11635
16176 18987 0.442777 6.13302
16162 18987 0.442777 6.14968
16162 18987 0.442777 6.16635
16162 18987 0.442777 6.18302
16162 18987 0.442777 6.19968
16161 18987 0.442777 6.21635
16161 18987 0.442777 6.23302
16146 18987 0.442777 6.24968
16146 18987 0.442777 6.26635
16146 18987 0.442777 6.28302
16146 18987 0.442777 6.29968
16141 18987 0.442777 6.31635
16141 18987 0.442777 6.33302
16140 18987 0.442777 6.34968
16140 18987 0.442777 6.36635
16140 18987 0.442777 6.38301
16140 18987 0.442777 6.39968
16140 18987 0.442777 6.41635
16140 18987 0.442777 6.43301
16136 18987 0.442777 6.44968
16133 18987 0.442777 6.46635
16133 18987 0.442777 6.48301
16133 18987 0.442777 6.49968
16129 18987 0.442777 6.51635
16129 18987 0.442777 6.53301
16127 18987 0.442777 6.54968
16127 18987 0.442777 6.56635
16127 18987 0.442777 6.58301
16127 18987 0.442777 6.59968
16127 18987 0.442777 6.61634
16127 18987 0.442777 6.63301
16127 18987 0.442777 6.64968
16127 18987 0.442777 6.66634
16119 18987 0.442777 6.68301
16116 18987 0.442777 6.69968
16114 18987 0.442777 6.71634
16114 18987 0.442777 6.73301
16114 18987 0.442777 6.74968
16114 18987 0.442777 6.76634
16111 18987 0.442777 6.78301
16105 18987 0.442777 6.79967
16105 18987 0.442777 6.81634
16105 18987 0.442777 6.83301
16105 18987 0.442777 6.84967
16105 18987 0.442777 6.86634
16105 18987 0.442777 6.88301
16105 18987 0.442777 6.89967
16092 18987 0.442777 6.91634
16092 18987 0.442777 6.93301
16092 18987 0.442777 6.94967
16092 18987 0.442777 6.96634
16092 18987 0.442777 6.98301
16085 18987 0.442777 6.99967
16085 18987 0.442777 7.01634
16085 18987 0.442777 7.033
16085 18987 0.442777 7.04967
16085 18987 0.442777 7.06634
16085 18987 0.442777 7.083
16085 18987 0.442777 7.09967
16085 18987 0.442777 7.11634
16085 18987 0.442777 7.133
16085 18987 0.442777 7.14967
16075 18987 0.442777 7.16634
16075 18987 0.442777 7.183
16075 18987 0.442777 7.19967
16075 18987 0.442777 7.21634
16075 18987 0.442777 7.233
16075 18987 0.442777 7.24967
16075 18987 0.442777 7.26633
16068 18987 0.442777 7.283
16068 18987 0.442777 7.29967
16066 18987 0.442777 7.31633
16066 18987 0.442777 7.333
16066 18987 0.442777 7.34967
16066 18987 0.442777 7.36633
16066 18987 0.442777 7.383
16060 18987 0.442777 7.39967
16060 18987 0.442777 7.41633
16060 18987 0.442777 7.433
16054 18987 0.442777 7.44967
16054 18987 0.442777 7.46633
16054 18987 0.442777 7.483
16054 18987 0.442777 7.49966
16054 18987 0.442777 7.51633
16054 18987 0.442777 7.533
16054 18987 0.442777 7.54966
16054 18987 0.442777 7.56633
16054 18987 0.442777 7.583
16054 18987 0.442777 7.59966
16054 18987 0.442777 7.61633
16047 18987 0.442777 7.633
16047 18987 0.442777 7.64966
16047 18987 0.442777 7.66633
16041 18987 0.442777 7.68299
16041 18987 0.442777 7.69966
16041 18987 0.442777 7.71633
16041 18987 0.442777 7.73299
16041 18987 0.442777 7.74966
16041 18987 0.442777 7.76633
16035 18987 0.442777 7.78299
16035 18987 0.442777 7.79966
16035 18987 0.442777 7.81633
16035 18987 0.442777 7.83299
16035 18987 0.442777 7.84966
16035 18987 0.442777 7.86633
16035 18987 0.442777 7.88299
16035 18987 0.442777 7.89966
16035 18987 0.442777 7.91632
16035 18987 0.442777 7.93299
16035 18987 0.442777 7.94966
16035 18987 0.442777 7.96632
16035 18987 0.442777 7.98299
16035 18987 0.442777 7.99966
16035 18987 0.442777 8.01632
16035 18987 0.442777 8.03299
16024 18987 0.442777 8.04966
16024 18987 0.442777 8.06632
16024 18987 0.442777 8.08299
16024 18987 0.442777 8.09966
16024 18987 0.442777 8.11632
16024 18987 0.442777 8.13299
16024 18987 0.442777 8.14965
16024 18987 0.442777 8.16632
16024 18987 0.442777 8.18299
16024 18987 0.442777 8.19965
16024 18987 0.442777 8.21632
16016 18987 0.442777 8.23299
16016 18987 0.442777 8.24965
16016 18987 0.442777 8.26632
16016 18987 0.442777 8.28299
16016 18987 0.442777 8.29965
16016 18987 0.442777 8.31632
16016 18987 0.442777 8.33298
16016 18987 0.442777 8.34965
16016 18987 0.442777 8.36632
16016 18987 0.442777 8.38298
16016 18987 0.442777 8.39965
16016 18987 0.442777 8.41632
16016 18987 0.442777 8.43298
16009 18987 0.442777 8.44965
16009 18987 0.442777 8.46632
16009 18987 0.442777 8.48298
16009 18987 0.442777 8.49965
16009 18987 0.442777 8.51632
16009 18987 0.442777 8.53298
16009 18987 0.442777 8.54965
16009 18987 0.442777 8.56631
16009 18987 0.442777 8.58298
16009 18987 0.442777 8.59965
16009 18987 0.442777 8.61631
16009 18987 0.442777 8.63298
16009 18987 0.442777 8.64965
16009 18987 0.442777 8.66631
16009 18987 0.442777 8.68298
16009 18987 0.442777 8.69965
16003 18987 0.442777 8.71631
16003 18987 0.442777 8.73298
16003 18987 0.442777 8.74965
16003 18987 0.442777 8.76631
16001 18987 0.442777 8.78298
16001 18987 0.442777 8.79964
16001 18987 0.442777 8.81631
16001 18987 0.442777 8.83298
16001 18987 0.442777 8.84964
16001 18987 0.442777 8.86631
16001 18987 0.442777 8.88298
16001 18987 0.442777 8.89964
16000 18987 0.442777 8.91631
15996 18987 0.442777 8.93298
15996 18987 0.442777 8.94964
15996 18987 0.442777 8.96631
15996 18987 0.442777 8.98298
15996 18987 0.442777 8.99964
15996 18987 0.442777 9.01631
15996 18987 0.442777 9.03297
15996 18987 0.442777 9.04964
15996 18987 0.442777 9.06631
15996 18987 0.442777 9.08297
15996 18987 0.442777 9.09964
15992 18987 0.442777 9.11631
15992 18987 0.442777 9.13297
15992 18987 0.442777 9.14964
15992 18987 0.442777 9.16631
15992 18987 0.442777 9.18297
15992 18987 0.442777 9.19964
15992 18987 0.442777 9.2163
15992 18987 0.442777 9.23297
15992 18987 0.442777 9.24964
15992 18987 0.442777 9.2663
15992 18987 0.442777 9.28297
15992 18987 0.442777 9.29964
15992 18987 0.442777 9.3163
15992 18987 0.442777 9.33297
15992 18987 0.442777 9.34964
15992 18987 0.442777 9.3663
15992 18987 0.442777 9.38297
15992 18987 0.442777 9.39964
15986 18987 0.442777 9.4163
15986 18987 0.442777 9.43297
15986 18987 0.442777 9.44963
15986 18987 0.442777 9.4663
15986 18987 0.442777 9.48297
15986 18987 0.442777 9.49963
15986 18987 0.442777 9.5163
15986 18987 0.442777 9.53297
15986 18987 0.442777 9.54963
15986 18987 0.442777 9.5663
15986 18987 0.442777 9.58297
15986 18987 0.442777 9.59963
15975 18987 0.442777 9.6163
15975 18987 0.442777 9.63297
15975 18987 0.442777 9.64963
15975 18987 0.442777 9.6663
15975 18987 0.442777 9.68296
15975 18987 0.442777 9.69963
15975 18987 0.442777 9.7163
15975 18987 0.442777 9.73296
15975 18987 0.442777 9.74963
15975 18987 0.442777 9.7663
15969 18987 0.442777 9.78296
15969 18987 0.442777 9.79963
15969 18987 0.442777 9.8163
15969 18987 0.442777 9.83296
15969 18987 0.442777 9.84963
15969 18987 0.442777 9.86629
15969 18987 0.442777 9.88296
15969 18987 0.442777 9.89963
15969 18987 0.442777 9.91629
15962 18987 0.442777 9.93296
15962 18987 0.442777 9.94963
15962 18987 0.442777 9.96629
15962 18987 0.442777 9.98296
15962 18987 0.442777 9.99963
15962 18987 0.442777 10.0163
15962 18987 0.442777 10.033
15962 18987 0.442777 10.0496
15962 18987 0.442777 10.0663
15962 18987 0.442777 10.083
15962 18987 0.442777 10.0996
15962 18987 0.442777 10.1163
15962 18987 0.442777 10.133
15962 18987 0.442777 10.1496
15962 18987 0.442777 10.1663
15962 18987 0.442777 10.183
15962 18987 0.442777 10.1996
15962 18987 0.442777 10.2163
15962 18987 0.442777 10.233
15962 18987 0.442777 10.2496
15962 18987 0.442777 10.2663
15962 18987 0.442777 10.283
15962 18987 0.445828 10.2996
15962 18987 0.448878 10.3163
15962 18987 0.451929 10.333
15962 18987 0.45498 10.3496
15962 18987 0.45803 10.3663
15962 18987 0.461081 10.383
15962 18987 0.464132 10.3996
15962 18987 0.467183 10.4163
15954 18987 0.470233 10.433
15954 18987 0.473284 10.4496
15954 18987 0.476335 10.4663
15952 18987 0.479385 10.483
15952 18987 0.482436 10.4996
15952 18987 0.485487 10.5163
15952 18987 0.488538 10.533
15952 18987 0.491588 10.5496
15952 18987 0.494639 10.5663
15952 18987 0.49769 10.583
15952 18987 0.50074 10.5996
15952 18987 0.503791 10.6163
15952 18987 0.506842 10.6329
15952 18987 0.509892 10.6496
15952 18987 0.512943 10.6663
15952 18987 0.515994 10.6829
15952 18987 0.519045 10.6996
15952 18987 0.522095 10.7163
15952 18987 0.525146 10.7329
15952 18987 0.528197 10.7496
15952 18987 0.531247 10.7663
15952 18987 0.534298 10.7829
15952 18987 0.537349 10.7996
15952 18987 0.540399 10.8163
15952 18987 0.54345 10.8329
15952 18987 0.546501 10.8496
15952 18987 0.549551 10.8663
15952 18987 0.552602 10.8829
15952 18987 0.555653 10.8996
15952 18987 0.558703 10.9163
15952 18987 0.561754 10.9329
15944 18987 0.564805 10.9496
15944 18987 0.567855 10.9663
15944 18987 0.570906 10.9829
15944 18987 0.573957 10.9996
15944 18987 0.577008 11.0163
15944 18987 0.580058 11.0329
15944 18987 0.583109 11.0496
15944 18987 0.58616 11.0663
15932 18987 0.58921 11.0829
15932 18987 0.592261 11.0996
15932 18987 0.595312 11.1163
15932 18987 0.598362 11.1329
15932 18987 0.601413 11.1496
15932 18987 0.604464 11.1663
15932 18987 0.607514 11.1829
15932 18987 0.610565 11.1996
15916 18987 0.613616 11.2163
15916 18987 0.616666 11.2329
15907 18987 0.619717 11.2496
15907 18987 0.622768 11.2663
15890 18987 0.625818 11.2829
15890 18987 0.628869 11.2996
15883 18987 0.63192 11.3163
15883 18987 0.634971 11.3329
15849 18987 0.638021 11.3496
15847 18987 0.641072 11.3663
15845 18987 0.644123 11.3829
15840 18987 0.647173 11.3996
15827 18987 0.650224 11.4163
15820 18987 0.653275 11.433
15810 18987 0.656325 11.4496
15801 18987 0.659376 11.4663
15787 18987 0.662427 11.483
15787 18987 0.665477 11.4996
15750 18987 0.66881 11.5163
15750 18987 0.672097 11.533
15750 18987 0.675338 11.5496
15723 18987 0.678535 11.5663
15692 18987 0.681687 11.583
15692 18987 0.684796 11.5997
15692 18987 0.687863 11.6163
15691 18987 0.690887 11.633
15635 18987 0.693869 11.6497
15616 18987 0.69681 11.6663
15609 18987 0.699711 11.683
15609 18987 0.702571 11.6997
15584 18987 0.705393 11.7164
15536 18987 0.708175 11.733
15536 18987 0.710919 11.7497
15522 18987 0.713625 11.7664
15503 18987 0.716294 11.783
15492 18987 0.718926 11.7997
15484 18987 0.721521 11.8164
15454 18987 0.724081 11.833
15420 18987 0.726606 11.8497
15398 18987 0.729096 11.8664
15398 18987 0.731551 11.8831
15363 18987 0.733973 11.8997
15341 18987 0.736361 11.9164
15325 18987 0.738716 11.9331
15293 18987 0.741039 11.9497
15293 18987 0.74333 11.9664
15243 18987 0.745589 11.9831
15217 18987 0.747818 11.9997
15203 18987 0.750015 12.0164
15203 18987 0.752182 12.0331
15164 18987 0.754319 12.0498
15155 18987 0.756427 12.0664
15103 18987 0.758506 12.0831
15086 18987 0.760556 12.0998
15064 18987 0.762577 12.1164
15040 18987 0.764571 12.1331
15040 18987 0.766537 12.1498
14976 18987 0.768477 12.1664
14976 18987 0.770389 12.1831
14936 18987 0.772275 12.1998
14913 18987 0.774135 12.2165
14913 18987 0.77597 12.2331
14863 18987 0.777779 12.2498
14841 18987 0.779563 12.2665
14795 18987 0.781323 12.2831
14795 18987 0.783059 12.2998
14789 18987 0.78477 12.3165
14708 18987 0.786458 12.3331
14708 18987 0.788122 12.3498
14663 18987 0.789764 12.3665
14663 18987 0.791383 12.3832
14619 18987 0.79298 12.3998
14619 18987 0.794555 12.4165
14555 18987 0.796108 12.4332
14555 18987 0.797639 12.4498
14499 18987 0.79915 12.4665
14499 18987 0.800639 12.4832
14476 18987 0.802108 12.4999
14411 18987 0.803557 12.5165
14411 18987 0.804986 12.5332
14411 18987 0.806395 12.5499
14323 18987 0.807785 12.5665
14323 18987 0.809155 12.5832
14286 18987 0.810507 12.5999
14285 18987 0.81184 12.6165
14236 18987 0.813155 12.6332
14224 18987 0.814451 12.6499
14192 18987 0.81573 12.6666
14157 18987 0.816991 12.6832
14120 18987 0.818235 12.6999
14099 18987 0.819461 12.7166
14092 18987 0.820671 12.7332
14039 18987 0.821863 12.7499
14039 18987 0.82304 12.7666
13962 18987 0.8242 12.7832
13959 18987 0.825344 12.7999
13959 18987 0.826473 12.8166
13932 18987 0.827586 12.8333
13901 18987 0.828683 12.8499
13857 18987 0.829766 12.8666
13831 18987 0.830833 12.8833
13831 18987 0.831886 12.8999
13831 18987 0.832924 12.9166
13755 18987 0.833948 12.9333
13724 18987 0.834958 12.9499
13724 18987 0.835954 12.9666
13724 18987 0.836936 12.9833
13658 18987 0.837905 13
13641 18987 0.83886 13.0166
13641 18987 0.839802 13.0333
13584 18987 0.840731 13.05
13570 18987 0.841648 13.0666
13555 18987 0.842551 13.0833
13555 18987 0.843442 13.1
13492 18987 0.844321 13.1166
13492 18987 0.845188 13.1333
13486 18987 0.846043 13.15
13408 18987 0.846886 13.1667
13408 18987 0.847718 13.1833
13408 18987 0.848538 13.2
13358 18987 0.849346 13.2167
13338 18987 0.850144 13.2333
13338 18987 0.85093 13.25
13338 18987 0.851706 13.2667
13268 18987 0.852471 13.2834
13268 18987 0.853225 13.3
13246 18987 0.85397 13.3167
13246 18987 0.854703 13.3334
13187 18987 0.855427 13.35
13187 18987 0.856141 13.3667
13130 18987 0.856845 13.3834
13130 18987 0.857539 13.4
13130 18987 0.858223 13.4167
13088 18987 0.858898 13.4334
13061 18987 0.859564 13.4501
13059 18987 0.860221 13.4667
13036 18987 0.860869 13.4834
13036 18987 0.861507 13.5001
12980 18987 0.862137 13.5167
12979 18987 0.862758 13.5334
12953 18987 0.863371 13.5501
12924 18987 0.863975 13.5667
12917 18987 0.864571 13.5834
12882 18987 0.865158 13.6001
12867 18987 0.865738 13.6168
12867 18987 0.86631 13.6334
12867 18987 0.866873 13.6501
12822 18987 0.867429 13.6668
12798 18987 0.867977 13.6834
12779 18987 0.868518 13.7001
12779 18987 0.869051 13.7168
12750 18987 0.869577 13.7334
12730 18987 0.870096 13.7501
12712 18987 0.870607 13.7668
12682 18987 0.871112 13.7835
12682 18987 0.871609 13.8001
12662 18987 0.8721 13.8168
12645 18987 0.872583 13.8335
12644 18987 0.873061 13.8501
12603 18987 0.873531 13.8668
12603 18987 0.873995 13.8835
12595 18987 0.874453 13.9002
12560 18987 0.874904 13.9168
12560 18987 0.875349 13.9335
12527 18987 0.875788 13.9502
12519 18987 0.876221 13.9668
12509 18987 0.876648 13.9835
12468 18987 0.87707 14.0002
12468 18987 0.877485 14.0168
12468 18987 0.877894 14.0335
12468 18987 0.878298 14.0502
12412 18987 0.878697 14.0669
12412 18987 0.87909 14.0835
12412 18987 0.879477 14.1002
12373 18987 0.879859 14.1169
12373 18987 0.880236 14.1335
12373 18987 0.880608 14.1502
12372 18987 0.880974 14.1669
12313 18987 0.881336 14.1835
12313 18987 0.881692 14.2002
12313 18987 0.882044 14.2169
12293 18987 0.88239 14.2336
12259 18987 0.882732 14.2502
12259 18987 0.88307 14.2669
12259 18987 0.883402 14.2836
12236 18987 0.88373 14.3002
12222 18987 0.884054 14.3169
12222 18987 0.884373 14.3336
12203 18987 0.884687 14.3502
12183 18987 0.884997 14.3669
12179 18987 0.885303 14.3836
12148 18987 0.885303 14.4003
12148 18987 0.885303 14.4169
12148 18987 0.885303 14.4336
12106 18987 0.885303 14.4503
12106 18987 0.885303 14.4669
12106 18987 0.885303 14.4836
12093 18987 0.885303 14.5003
12074 18987 0.885303 14.5169
12068 18987 0.885303 14.5336
12047 18987 0.885303 14.5503
12047 18987 0.885303 14.567
12029 18987 0.885303 14.5836
12016 18987 0.885303 14.6003
12004 18987 0.885303 14.617
12004 18987 0.885303 14.6336
11979 18987 0.885303 14.6503
11979 18987 0.885303 14.667
11957 18987 0.885303 14.6837
11957 18987 0.885303 14.7003
11957 18987 0.885303 14.717
11943 18987 0.885303 14.7337
11908 18987 0.885303 14.7503
11908 18987 0.885303 14.767
11900 18987 0.885303 14.7837
11900 18987 0.885303 14.8003
11865 18987 0.885303 14.817
11865 18987 0.885303 14.8337
11865 18987 0.885303 14.8504
11856 18987 0.885303 14.867
11856 18987 0.885303 14.8837
11841 18987 0.885303 14.9004
11821 18987 0.885303 14.917
11820 18987 0.885303 14.9337
11820 18987 0.885303 14.9504
11807 18987 0.885303 14.967
11795 18987 0.885303 14.9837
11775 18987 0.885303 15.0004
11763 18987 0.885303 15.0171
11763 18987 0.885303 15.0337
11763 18987 0.885303 15.0504
11763 18987 0.885303 15.0671
11737 18987 0.885303 15.0837
11737 18987 0.885303 15.1004
11737 18987 0.885303 15.1171
11722 18987 0.885303 15.1337
11716 18987 0.885303 15.1504
11716 18987 0.885303 15.1671
11687 18987 0.885303 15.1838
11687 18987 0.885303 15.2004
11687 18987 0.885303 15.2171
11672 18987 0.885303 15.2338
11672 18987 0.885303 15.2504
11672 18987 0.885303 15.2671
11644 18987 0.885303 15.2838
11644 18987 0.885303 15.3004
11644 18987 0.885303 15.3171
11644 18987 0.885303 15.3338
11644 18987 0.885303 15.3505
11627 18987 0.885303 15.3671
11614 18987 0.885303 15.3838
11614 18987 0.885303 15.4005
11614 18987 0.885303 15.4171
11590 18987 0.885303 15.4338
11590 18987 0.885303 15.4505
11590 18987 0.885303 15.4672
11590 18987 0.885303 15.4838
11579 18987 0.885303 15.5005
11579 18987 0.885303 15.5172
11563 18987 0.885303 15.5338
11563 18987 0.885303 15.5505
11556 18987 0.885303 15.5672
11556 18987 0.885303 15.5838
11535 18987 0.885303 15.6005
11534 18987 0.885303 15.6172
11533 18987 0.885303 15.6339
11533 18987 0.885303 15.6505
11533 18987 0.885303 15.6672
11511 18987 0.885303 15.6839
11511 18987 0.885303 15.7005
11511 18987 0.885303 15.7172
11511 18987 0.885303 15.7339
11511 18987 0.885303 15.7505
11483 18987 0.885303 15.7672
11483 18987 0.885303 15.7839
11473 18987 0.885303 15.8006
11473 18987 0.885303 15.8172
11473 18987 0.885303 15.8339
11473 18987 0.885303 15.8506
11473 18987 0.885303 15.8672
11464 18987 0.885303 15.8839
11464 18987 0.885303 15.9006
11457 18987 0.885303 15.9172
11457 18987 0.885303 15.9339
11447 18987 0.885303 15.9506
11438 18987 0.885303 15.9673
11438 18987 0.885303 15.9839
11438 18987 0.885303 16.0006
11428 18987 0.885303 16.0173
11428 18987 0.885303 16.0339
11428 18987 0.885303 16.0506
11428 18987 0.885303 16.0673
11412 18987 0.885303 16.084
11412 18987 0.885303 16.1006
11412 18987 0.885303 16.1173
11405 18987 0.885303 16.134
11405 18987 0.885303 16.1506
11405 18987 0.885303 16.1673
11394 18987 0.885303 16.184
11392 18987 0.885303 16.2006
11391 18987 0.885303 16.2173
11391 18987 0.885303 16.234
11391 18987 0.885303 16.2507
11379 18987 0.885303 16.2673
11372 18987 0.885303 16.284
11372 18987 0.885303 16.3007
11372 18987 0.885303 16.3173
11361 18987 0.885303 16.334
11361 18987 0.885303 16.3507
11359 18987 0.885303 16.3673
11359 18987 0.885303 16.384
11359 18987 0.885303 16.4007
11352 18987 0.885303 16.4174
11352 18987 0.885303 16.434
11352 18987 0.885303 16.4507
11352 18987 0.885303 16.4674
11336 18987 0.885303 16.484
11330 18987 0.885303 16.5007
11330 18987 0.885303 16.5174
11330 18987 0.885303 16.534
11330 18987 0.885303 16.5507
11330 18987 0.885303 16.5674
11330 18987 0.885303 16.5841
11330 18987 0.885303 16.6007
11313 18987 0.885303 16.6174
11306 18987 0.885303 16.6341
11305 18987 0.885303 16.6507
11305 18987 0.885303 16.6674
11305 18987 0.885303 16.6841
11302 18987 0.885303 16.7007
11302 18987 0.885303 16.7174
11302 18987 0.885303 16.7341
11293 18987 0.885303 16.7508
11293 18987 0.885303 16.7674
11293 18987 0.885303 16.7841
11289 18987 0.885303 16.8008
11289 18987 0.885303 16.8174
11289 18987 0.885303 16.8341
11282 18987 0.885303 16.8508
11278 18987 0.885303 16.8675
11278 18987 0.885303 16.8841
11271 18987 0.885303 16.9008
11271 18987 0.885303 16.9175
11271 18987 0.885303 16.9341
11271 18987 0.885303 16.9508
11271 18987 0.885303 16.9675
11266 18987 0.885303 16.9841
11260 18987 0.885303 17.0008
11255 18987 0.885303 17.0175
11255 18987 0.885303 17.0342
11255 18987 0.885303 17.0508
11255 18987 0.885303 17.0675
11255 18987 0.885303 17.0842
11244 18987 0.885303 17.1008
11244 18987 0.885303 17.1175
11244 18987 0.885303 17.1342
11240 18987 0.885303 17.1508
11240 18987 0.885303 17.1675
11229 18987 0.885303 17.1842
11224 18987 0.885303 17.2009
11224 18987 0.885303 17.2175
11224 18987 0.885303 17.2342
11218 18987 0.885303 17.2509
11218 18987 0.885303 17.2675
11218 18987 0.885303 17.2842
11218 18987 0.885303 17.3009
11218 18987 0.885303 17.3175
11206 18987 0.885303 17.3342
11206 18987 0.885303 17.3509
11203 18987 0.885303 17.3676
11203 18987 0.885303 17.3842
11203 18987 0.885303 17.4009
11203 18987 0.885303 17.4176
11197 18987 0.885303 17.4342
11187 18987 0.885303 17.4509
11187 18987 0.885303 17.4676
11180 18987 0.885303 17.4842
11180 18987 0.885303 17.5009
11180 18987 0.885303 17.5176
11180 18987 0.885303 17.5343
11180 18987 0.885303 17.5509
11177 18987 0.885303 17.5676
11168 18987 0.885303 17.5843
11168 18987 0.885303 17.6009
11168 18987 0.885303 17.6176
11168 18987 0.885303 17.6343
11157 18987 0.885303 17.651
11157 18987 0.885303 17.6676
11157 18987 0.885303 17.6843
11157 18987 0.885303 17.701
11148 18987 0.885303 17.7176
11148 18987 0.885303 17.7343
11148 18987 0.885303 17.751
11143 18987 0.885303 17.7676
11139 18987 0.885303 17.7843
11139 18987 0.885303 17.801
11139 18987 0.885303 17.8177
11131 18987 0.885303 17.8343
11131 18987 0.885303 17.851
11131 18987 0.885303 17.8677
11131 18987 0.885303 17.8843
11121 18987 0.885303 17.901
11121 18987 0.885303 17.9177
11121 18987 0.885303 17.9343
11117 18987 0.885303 17.951
11117 18987 0.885303 17.9677
11112 18987 0.885303 17.9844
11112 18987 0.885303 18.001
11112 18987 0.885303 18.0177
11112 18987 0.885303 18.0344
11099 18987 0.885303 18.051
11099 18987 0.885303 18.0677
11099 18987 0.885303 18.0844
11099 18987 0.885303 18.101
11099 18987 0.885303 18.1177
11099 18987 0.885303 18.1344
11099 18987 0.885303 18.1511
11099 18987 0.885303 18.1677
11097 18987 0.885303 18.1844
11086 18987 0.885303 18.2011
11086 18987 0.885303 18.2177
11086 18987 0.885303 18.2344
11086 18987 0.885303 18.2511
11086 18987 0.885303 18.2677
11086 18987 0.885303 18.2844
11086 18987 0.885303 18.3011
11086 18987 0.885303 18.3178
11086 18987 0.885303 18.3344
11078 18987 0.885303 18.3511
11074 18987 0.885303 18.3678
11074 18987 0.885303 18.3844
11074 18987 0.885303 18.4011
11074 18987 0.885303 18.4178
11067 18987 0.885303 18.4345
11067 18987 0.885303 18.4511
11064 18987 0.885303 18.4678
11064 18987 0.885303 18.4845
11064 18987 0.885303 18.5011
11061 18987 0.885303 18.5178
11061 18987 0.885303 18.5345
11061 18987 0.885303 18.5511
11061 18987 0.885303 18.5678
11052 18987 0.885303 18.5845
11052 18987 0.885303 18.6012
11050 18987 0.885303 18.6178
11050 18987 0.885303 18.6345
11050 18987 0.885303 18.6512
11047 18987 0.885303 18.6678
11047 18987 0.885303 18.6845
11047 18987 0.885303 18.7012
11047 18987 0.885303 18.7178
11047 18987 0.885303 18.7345
11047 18987 0.885303 18.7512
11047 18987 0.885303 18.7679
11036 18987 0.885303 18.7845
11036 18987 0.885303 18.8012
11036 18987 0.885303 18.8179
11036 18987 0.885303 18.8345
11036 18987 0.885303 18.8512
11036 18987 0.885303 18.8679
11036 18987 0.885303 18.8845
11036 18987 0.885303 18.9012
11029 18987 0.885303 18.9179
11029 18987 0.885303 18.9346
11029 18987 0.885303 18.9512
11029 18987 0.885303 18.9679
11029 18987 0.885303 18.9846
11029 18987 0.885303 19.0012
11029 18987 0.885303 19.0179
11029 18987 0.885303 19.0346
11029 18987 0.885303 19.0513
11021 18987 0.885303 19.0679
11021 18987 0.885303 19.0846
11021 18987 0.885303 19.1013
11021 18987 0.885303 19.1179
11021 18987 0.885303 19.1346
11016 18987 0.885303 19.1513
11015 18987 0.885303 19.1679
11015 18987 0.885303 19.1846
11015 18987 0.885303 19.2013
11015 18987 0.885303 19.218
11015 18987 0.885303 19.2346
11008 18987 0.885303 19.2513
11008 18987 0.885303 19.268
11008 18987 0.885303 19.2846
11008 18987 0.885303 19.3013
11008 18987 0.885303 19.318
11008 18987 0.885303 19.3346
11002 18987 0.885303 19.3513
11002 18987 0.885303 19.368
11002 18987 0.885303 19.3847
11002 18987 0.885303 19.4013
11002 18987 0.885303 19.418
11002 18987 0.885303 19.4347
11002 18987 0.885303 19.4513
11002 18987 0.885303 19.468
11002 18987 0.885303 19.4847
10995 18987 0.885303 19.5013
10995 18987 0.885303 19.518
10994 18987 0.885303 19.5347
10994 18987 0.885303 19.5514
10994 18987 0.885303 19.568
10994 18987 0.885303 19.5847
10994 18987 0.885303 19.6014
10994 18987 0.885303 19.618
10989 18987 0.885303 19.6347
10989 18987 0.885303 19.6514
10989 18987 0.885303 19.668
10989 18987 0.885303 19.6847
10989 18987 0.885303 19.7014
10989 18987 0.885303 19.7181
10989 18987 0.885303 19.7347
10989 18987 0.885303 19.7514
10981 18987 0.885303 19.7681
10981 18987 0.885303 19.7847
10981 18987 0.885303 19.8014
10981 18987 0.885303 19.8181
10981 18987 0.885303 19.8348
10981 18987 0.885303 19.8514
10975 18987 0.885303 19.8681
10975 18987 0.885303 19.8848
10975 18987 0.885303 19.9014
10975 18987 0.885303 19.9181
10975 18987 0.885303 19.9348
10975 18987 0.885303 19.9514
10975 18987 0.885303 19.9681
10975 18987 0.885303 19.9848
10975 18987 0.885303 20.0015
10970 18987 0.885303 20.0181
10970 18987 0.885303 20.0348
10970 18987 0.885303 20.0515
10970 18987 0.885303 20.0681
10970 18987 0.885303 20.0848
10970 18987 0.885303 20.1015
10970 18987 0.885303 20.1181
10970 18987 0.885303 20.1348
10964 18987 0.885303 20.1515
10964 18987 0.885303 20.1682
10964 18987 0.885303 20.1848
10964 18987 0.885303 20.2015
10964 18987 0.885303 20.2182
10964 18987 0.885303 20.2348
10964 18987 0.885303 20.2515
10964 18987 0.885303 20.2682
10964 18987 0.885303 20.2848
10964 18987 0.885303 20.3015
10954 18987 0.885303 20.3182
10954 18987 0.885303 20.3349
10954 18987 0.885303 20.3515
10954 18987 0.885303 20.3682
10954 18987 0.885303 20.3849
10954 18987 0.885303 20.4015
10954 18987 0.885303 20.4182
10954 18987 0.885303 20.4349
10954 18987 0.885303 20.4515
10954 18987 0.885303 20.4682
10954 18987 0.885303 20.4849
10954 18987 0.885303 20.5016
10954 18987 0.885303 20.5182
10953 18987 0.885303 20.5349
10945 18987 0.885303 20.5516
10945 18987 0.885303 20.5682
10945 18987 0.885303 20.5849
10945 18987 0.885303 20.6016
10945 18987 0.885303 20.6183
10945 18987 0.885303 20.6349
10942 18987 0.885303 20.6516
10942 18987 0.885303 20.6683
10942 18987 0.885303 20.6849
10942 18987 0.885303 20.7016
10942 18987 0.885303 20.7183
10942 18987 0.885303 20.7349
10942 18987 0.885303 20.7516
10932 18987 0.885303 20.7683
10932 18987 0.885303 20.785
10932 18987 0.885303 20.8016
10932 18987 0.885303 20.8183
10932 18987 0.885303 20.835
10932 18987 0.885303 20.8516
10932 18987 0.885303 20.8683
10932 18987 0.885303 20.885
10932 18987 0.885303 20.9016
10932 18987 0.885303 20.9183
10932 18987 0.885303 20.935
10932 18987 0.885303 20.9517
10932 18987 0.885303 20.9683
10932 18987 0.885303 20.985
10932 18987 0.885303 21.0017
10932 18987 0.885303 21.0183
10929 18987 0.885303 21.035
10927 18987 0.885303 21.0517
10927 18987 0.885303 21.0683
10926 18987 0.885303 21.085
10926 18987 0.885303 21.1017
10926 18987 0.885303 21.1184
10926 18987 0.885303 21.135
10926 18987 0.885303 21.1517
10926 18987 0.885303 21.1684
10926 18987 0.885303 21.185
10926 18987 0.885303 21.2017
10926 18987 0.885303 21.2184
10926 18987 0.885303 21.2351
10926 18987 0.885303 21.2517
10926 18987 0.885303 21.2684
10924 18987 0.885303 21.2851
10921 18987 0.885303 21.3017
10921 18987 0.885303 21.3184
10921 18987 0.885303 21.3351
10921 18987 0.885303 21.3517
10921 18987 0.885303 21.3684
10921 18987 0.885303 21.3851
10921 18987 0.885303 21.4018
10921 18987 0.885303 21.4184
10921 18987 0.885303 21.4351
10921 18987 0.885303 21.4518
10921 18987 0.885303 21.4684
10921 18987 0.885303 21.4851
10921 18987 0.885303 21.5018
10921 18987 0.885303 21.5184
10915 18987 0.885303 21.5351
10915 18987 0.885303 21.5518
10915 18987 0.885303 21.5685
10914 18987 0.885303 21.5851
10914 18987 0.885303 21.6018
10914 18987 0.885303 21.6185
10914 18987 0.885303 21.6351
10914 18987 0.885303 21.6518
10914 18987 0.885303 21.6685
10914 18987 0.885303 21.6851
10914 18987 0.885303 21.7018
10914 18987 0.885303 21.7185
10914 18987 0.885303 21.7352
10914 18987 0.885303 21.7518
10914 18987 0.885303 21.7685
10914 18987 0.885303 21.7852
10914 18987 0.885303 21.8018
10914 18987 0.885303 21.8185
10914 18987 0.885303 21.8352
10914 18987 0.885303 21.8518
10914 18987 0.885303 21.8685
10914 18987 0.885303 21.8852
10914 18987 0.885303 21.9019
10914 18987 0.885303 21.9185
10914 18987 0.885303 21.9352
10914 18987 0.888354 21.9519
10914 18987 0.891405 21.9685
10914 18987 0.894456 21.9852
10914 18987 0.897506 22.0019
10914 18987 0.900557 22.0186
10907 18987 0.903608 22.0352
10907 18987 0.906658 22.0519
10907 18987 0.909709 22.0686
10907 18987 0.91276 22.0852
10907 18987 0.91581 22.1019
10907 18987 0.918861 22.1186
10907 18987 0.921912 22.1352
10907 18987 0.924962 22.1519
10907 18987 0.928013 22.1686
10907 18987 0.931064 22.1853
10907 18987 0.934114 22.2019
10907 18987 0.937165 22.2186
10907 18987 0.940216 22.2353
10907 18987 0.943267 22.2519
10907 18987 0.946317 22.2686
10907 18987 0.949368 22.2853
10899 18987 0.952419 22.3019
10899 18987 0.955469 22.3186
10899 18987 0.95852 22.3353
10899 18987 0.961571 22.352
10898 18987 0.964621 22.3686
10898 18987 0.967672 22.3853
10898 18987 0.970723 22.402
10898 18987 0.973773 22.4186
10898 18987 0.976824 22.4353
10898 18987 0.979875 22.452
10892 18987 0.982925 22.4686
10892 18987 0.985976 22.4853
10892 18987 0.989027 22.502
10892 18987 0.992077 22.5187
10892 18987 0.995128 22.5353
10892 18987 0.998179 22.552
10892 18987 1.00123 22.5687
10892 18987 1.00428 22.5853
10892 18987 1.00733 22.602
10892 18987 1.01038 22.6187
10884 18987 1.01343 22.6353
10884 18987 1.01648 22.652
10884 18987 1.01953 22.6687
10884 18987 1.02258 22.6854
10884 18987 1.02564 22.702
10884 18987 1.02869 22.7187
10884 18987 1.03174 22.7354
10874 18987 1.03479 22.752
10874 18987 1.03784 22.7687
10866 18987 1.04089 22.7854
10866 18987 1.04394 22.8021
10866 18987 1.04699 22.8187
10866 18987 1.05004 22.8354
10866 18987 1.05309 22.8521
10856 18987 1.05614 22.8687
10856 18987 1.05919 22.8854
10832 18987 1.06224 22.9021
10832 18987 1.06529 22.9187
10832 18987 1.06834 22.9354
10832 18987 1.0714 22.9521
10832 18987 1.07445 22.9688
10799 18987 1.0775 22.9854
10799 18987 1.08055 23.0021
10799 18987 1.0836 23.0188
10774 18987 1.08665 23.0354
10774 18987 1.0897 23.0521
10774 18987 1.09275 23.0688
10744 18987 1.0958 23.0854
10711 18987 1.09885 23.1021
10711 18987 1.1019 23.1188
10711 18987 1.10495 23.1355
10674 18987 1.108 23.1521
10674 18987 1.11134 23.1688
10651 18987 1.11462 23.1855
10625 18987 1.11786 23.2021
10625 18987 1.12106 23.2188
10584 18987 1.12421 23.2355
10576 18987 1.12732 23.2521
10576 18987 1.13039 23.2688
10529 18987 1.13341 23.2855
10509 18987 1.1364 23.3022
10509 18987 1.13934 23.3188
10464 18987 1.14224 23.3355
10436 18987 1.1451 23.3522
10418 18987 1.14792 23.3688
10417 18987 1.1507 23.3855
10382 18987 1.15345 23.4022
10346 18987 1.15615 23.4188
10346 18987 1.15882 23.4355
10277 18987 1.16145 23.4522
10276 18987 1.16405 23.4689
10276 18987 1.16661 23.4855
10226 18987 1.16913 23.5022
10179 18987 1.17162 23.5189
10179 18987 1.17408 23.5355
10143 18987 1.1765 23.5522
10118 18987 1.17889 23.5689
10058 18987 1.18124 23.5856
10045 18987 1.18357 23.6022
10022 18987 1.18586 23.6189
9975 18987 1.18812 23.6356
9938 18987 1.19035 23.6522
9916 18987 1.19254 23.6689
9899 18987 1.19471 23.6856
9864 18987 1.19685 23.7022
9791 18987 1.19896 23.7189
9791 18987 1.20103 23.7356
9717 18987 1.20308 23.7523
9694 18987 1.20511 23.7689
9694 18987 1.2071 23.7856
9657 18987 1.20907 23.8023
9598 18987 1.21101 23.8189
9561 18987 1.21292 23.8356
9512 18987 1.2148 23.8523
9505 18987 1.21666 23.8689
9439 18987 1.2185 23.8856
9412 18987 1.22031 23.9023
9358 18987 1.22209 23.919
9329 18987 1.22385 23.9356
9275 18987 1.22559 23.9523
9248 18987 1.2273 23.969
9200 18987 1.22899 23.9856
9199 18987 1.23065 24.0023
9131 18987 1.23229 24.019
9076 18987 1.23391 24.0356
9024 18987 1.23551 24.0523
9021 18987 1.23708 24.069
8947 18987 1.23864 24.0857
8911 18987 1.24017 24.1023
8880 18987 1.24168 24.119
8851 18987 1.24317 24.1357
8787 18987 1.24464 24.1523
8768 18987 1.24609 24.169
8710 18987 1.24752 24.1857
8663 18987 1.24892 24.2024
8630 18987 1.25031 24.219
8587 18987 1.25169 24.2357
8523 18987 1.25304 24.2524
8523 18987 1.25437 24.269
8454 18987 1.25568 24.2857
8432 18987 1.25698 24.3024
8368 18987 1.25826 24.319
8338 18987 1.25952 24.3357
8294 18987 1.26076 24.3524
8245 18987 1.26199 24.3691
8216 18987 1.2632 24.3857
8170 18987 1.26439 24.4024
8169 18987 1.26557 24.4191
8092 18987 1.26673 24.4357
8055 18987 1.26787 24.4524
8038 18987 1.269 24.4691
7980 18987 1.27012 24.4857
7933 18987 1.27121 24.5024
7911 18987 1.2723 24.5191
7845 18987 1.27336 24.5358
7830 18987 1.27442 24.5524
7796 18987 1.27545 24.5691
7747 18987 1.27648 24.5858
7707 18987 1.27749 24.6024
7653 18987 1.27848 24.6191
7612 18987 1.27947 24.6358
7594 18987 1.28044 24.6524
7545 18987 1.28139 24.6691
7532 18987 1.28233 24.6858
7470 18987 1.28326 24.7025
7454 18987 1.28418 24.7191
7398 18987 1.28508 24.7358
7385 18987 1.28597 24.7525
7366 18987 1.28685 24.7691
7315 18987 1.28772 24.7858
7271 18987 1.28857 24.8025
7238 18987 1.28942 24.8191
7190 18987 1.29025 24.8358
7189 18987 1.29107 24.8525
7113 18987 1.29188 24.8692
7103 18987 1.29267 24.8858
7084 18987 1.29346 24.9025
7040 18987 1.29424 24.9192
7022 18987 1.295 24.9358
6979 18987 1.29576 24.9525
6927 18987 1.2965 24.9692
6927 18987 1.29723 24.9859
6865 18987 1.29796 25.0025
6865 18987 1.29867 25.0192
6800 18987 1.29938 25.0359
6800 18987 1.30007 25.0525
6762 18987 1.30075 25.0692
6703 18987 1.30143 25.0859
6690 18987 1.3021 25.1025
6685 18987 1.30275 25.1192
6623 18987 1.3034 25.1359
6588 18987 1.30404 25.1526
6588 18987 1.30467 25.1692
6572 18987 1.30529 25.1859
6525 18987 1.3059 25.2026
6470 18987 1.30651 25.2192
6459 18987 1.3071 25.2359
6459 18987 1.30769 25.2526
6414 18987 1.30827 25.2692
6377 18987 1.30884 25.2859
6334 18987 1.3094 25.3026
6334 18987 1.30996 25.3193
6334 18987 1.31051 25.3359
6281 18987 1.31105 25.3526
6275 18987 1.31158 25.3693
6216 18987 1.31211 25.3859
6216 18987 1.31263 25.4026
6195 18987 1.31314 25.4193
6137 18987 1.31364 25.4359
6137 18987 1.31414 25.4526
6111 18987 1.31463 25.4693
6086 18987 1.31511 25.486
6057 18987 1.31559 25.5026
6057 18987 1.31606 25.5193
6001 18987 1.31653 25.536
5993 18987 1.31698 25.5526
5986 18987 1.31744 25.5693
5964 18987 1.31788 25.586
5910 18987 1.31832 25.6026
5910 18987 1.31875 25.6193
5875 18987 1.31918 25.636
5875 18987 1.3196 25.6527
5821 18987 1.32002 25.6693
5821 18987 1.32043 25.686
5796 18987 1.32083 25.7027
5769 18987 1.32123 25.7193
5753 18987 1.32162 25.736
5728 18987 1.32201 25.7527
5712 18987 1.32239 25.7694
5691 18987 1.32277 25.786
5685 18987 1.32314 25.8027
5659 18987 1.32351 25.8194
5637 18987 1.32387 25.836
5628 18987 1.32422 25.8527
5592 18987 1.32458 25.8694
5592 18987 1.32492 25.886
5556 18987 1.32526 25.9027
5541 18987 1.3256 25.9194
5541 18987 1.32593 25.9361
5522 18987 1.32626 25.9527
5486 18987 1.32659 25.9694
5483 18987 1.3269 25.9861
5458 18987 1.32722 26.0027
5436 18987 1.32753 26.0194
5423 18987 1.32783 26.0361
5405 18987 1.32783 26.0527
5405 18987 1.32783 26.0694
5364 18987 1.32783 26.0861
5361 18987 1.32783 26.1028
5361 18987 1.32783 26.1194
5322 18987 1.32783 26.1361
5307 18987 1.32783 26.1528
5286 18987 1.32783 26.1694
5286 18987 1.32783 26.1861
5261 18987 1.32783 26.2028
5247 18987 1.32783 26.2194
5234 18987 1.32783 26.2361
5234 18987 1.32783 26.2528
5191 18987 1.32783 26.2695
5191 18987 1.32783 26.2861
5165 18987 1.32783 26.3028
5165 18987 1.32783 26.3195
5165 18987 1.32783 26.3361
5140 18987 1.32783 26.3528
5109 18987 1.32783 26.3695
5109 18987 1.32783 26.3862
5086 18987 1.32783 26.4028
5086 18987 1.32783 26.4195
5069 18987 1.32783 26.4362
5055 18987 1.32783 26.4528
5055 18987 1.32783 26.4695
5023 18987 1.32783 26.4862
5023 18987 1.32783 26.5028
4998 18987 1.32783 26.5195
4997 18987 1.32783 26.5362
4988 18987 1.32783 26.5529
4947 18987 1.32783 26.5695
4945 18987 1.32783 26.5862
4945 18987 1.32783 26.6029
4919 18987 1.32783 26.6195
4919 18987 1.32783 26.6362
4908 18987 1.32783 26.6529
4894 18987 1.32783 26.6695
4886 18987 1.32783 26.6862
4872 18987 1.32783 26.7029
4860 18987 1.32783 26.7196
4860 18987 1.32783 26.7362
4836 18987 1.32783 26.7529
4836 18987 1.32783 26.7696
4836 18987 1.32783 26.7862
4802 18987 1.32783 26.8029
4802 18987 1.32783 26.8196
4802 18987 1.32783 26.8362
4802 18987 1.32783 26.8529
4772 18987 1.32783 26.8696
4756 18987 1.32783 26.8863
4756 18987 1.32783 26.9029
4756 18987 1.32783 26.9196
4735 18987 1.32783 26.9363
4735 18987 1.32783 26.9529
4735 18987 1.32783 26.9696
4705 18987 1.32783 26.9863
4704 18987 1.32783 27.0029
4704 18987 1.32783 27.0196
4704 18987 1.32783 27.0363
4704 18987 1.32783 27.053
4670 18987 1.32783 27.0696
4670 18987 1.32783 27.0863
4670 18987 1.32783 27.103
4657 18987 1.32783 27.1196
4649 18987 1.32783 27.1363
4642 18987 1.32783 27.153
4642 18987 1.32783 27.1697
4640 18987 1.32783 27.1863
4624 18987 1.32783 27.203
4613 18987 1.32783 27.2197
4613 18987 1.32783 27.2363
4613 18987 1.32783 27.253
4597 18987 1.32783 27.2697
4597 18987 1.32783 27.2863
4582 18987 1.32783 27.303
4575 18987 1.32783 27.3197
4575 18987 1.32783 27.3364
4575 18987 1.32783 27.353
4561 18987 1.32783 27.3697
4552 18987 1.32783 27.3864
4552 18987 1.32783 27.403
4541 18987 1.32783 27.4197
4541 18987 1.32783 27.4364
4541 18987 1.32783 27.453
4526 18987 1.32783 27.4697
4526 18987 1.32783 27.4864
4526 18987 1.32783 27.5031
4506 18987 1.32783 27.5197
4506 18987 1.32783 27.5364
4506 18987 1.32783 27.5531
4492 18987 1.32783 27.5697
4492 18987 1.32783 27.5864
4492 18987 1.32783 27.6031
4480 18987 1.32783 27.6197
4480 18987 1.32783 27.6364
4475 18987 1.32783 27.6531
4462 18987 1.32783 27.6698
4462 18987 1.32783 27.6864
4449 18987 1.32783 27.7031
4449 18987 1.32783 27.7198
4449 18987 1.32783 27.7364
4449 18987 1.32783 27.7531
4441 18987 1.32783 27.7698
4428 18987 1.32783 27.7864
4428 18987 1.32783 27.8031
4428 18987 1.32783 27.8198
4428 18987 1.32783 27.8365
4419 18987 1.32783 27.8531
4419 18987 1.32783 27.8698
4404 18987 1.32783 27.8865
4404 18987 1.32783 27.9031
4403 18987 1.32783 27.9198
4393 18987 1.32783 27.9365
4381 18987 1.32783 27.9532
4381 18987 1.32783 27.9698
4381 18987 1.32783 27.9865
4374 18987 1.32783 28.0032
4374 18987 1.32783 28.0198
4374 18987 1.32783 28.0365
4357 18987 1.32783 28.0532
4357 18987 1.32783 28.0698
4357 18987 1.32783 28.0865
4357 18987 1.32783 28.1032
4342 18987 1.32783 28.1199
4342 18987 1.32783 28.1365
4342 18987 1.32783 28.1532
4338 18987 1.32783 28.1699
4338 18987 1.32783 28.1865
4326 18987 1.32783 28.2032
4326 18987 1.32783 28.2199
4326 18987 1.32783 28.2365
4326 18987 1.32783 28.2532
4326 18987 1.32783 28.2699
4314 18987 1.32783 28.2866
4314 18987 1.32783 28.3032
4314 18987 1.32783 28.3199
4305 18987 1.32783 28.3366
4305 18987 1.32783 28.3532
4305 18987 1.32783 28.3699
4294 18987 1.32783 28.3866
4294 18987 1.32783 28.4032
4294 18987 1.32783 28.4199
4294 18987 1.32783 28.4366
4281 18987 1.32783 28.4533
4281 18987 1.32783 28.4699
4281 18987 1.32783 28.4866
4281 18987 1.32783 28.5033
4269 18987 1.32783 28.5199
4269 18987 1.32783 28.5366
4269 18987 1.32783 28.5533
4269 18987 1.32783 28.57
4269 18987 1.32783 28.5866
4258 18987 1.32783 28.6033
4258 18987 1.32783 28.62
4258 18987 1.32783 28.6366
4258 18987 1.32783 28.6533
4258 18987 1.32783 28.67
4258 18987 1.32783 28.6866
4242 18987 1.32783 28.7033
4242 18987 1.32783 28.72
4242 18987 1.32783 28.7367
4234 18987 1.32783 28.7533
4234 18987 1.32783 28.77
4234 18987 1.32783 28.7867
4233 18987 1.32783 28.8033
4232 18987 1.32783 28.82
4216 18987 1.32783 28.8367
4216 18987 1.32783 28.8533
4215 18987 1.32783 28.87
4215 18987 1.32783 28.8867
4215 18987 1.32783 28.9034
4204 18987 1.32783 28.92
4204 18987 1.32783 28.9367
4204 18987 1.32783 28.9534
4204 18987 1.32783 28.97
4204 18987 1.32783 28.9867
4204 18987 1.32783 29.0034
4187 18987 1.32783 29.02
4187 18987 1.32783 29.0367
4187 18987 1.32783 29.0534
4187 18987 1.32783 29.0701
4187 18987 1.32783 29.0867
4187 18987 1.32783 29.1034
4184 18987 1.32783 29.1201
4184 18987 1.32783 29.1367
4173 18987 1.32783 29.1534
4173 18987 1.32783 29.1701
4173 18987 1.32783 29.1867
4173 18987 1.32783 29.2034
4163 18987 1.32783 29.2201
4163 18987 1.32783 29.2368
4163 18987 1.32783 29.2534
4163 18987 1.32783 29.2701
4157 18987 1.32783 29.2868
4156 18987 1.32783 29.3034
4156 18987 1.32783 29.3201
4147 18987 1.32783 29.3368
4147 18987 1.32783 29.3535
4147 18987 1.32783 29.3701
4147 18987 1.32783 29.3868
4147 18987 1.32783 29.4035
4147 18987 1.32783 29.4201
4139 18987 1.32783 29.4368
4139 18987 1.32783 29.4535
4139 18987 1.32783 29.4701
4135 18987 1.32783 29.4868
4135 18987 1.32783 29.5035
4130 18987 1.32783 29.5202
4130 18987 1.32783 29.5368
4126 18987 1.32783 29.5535
4126 18987 1.32783 29.5702
4126 18987 1.32783 29.5868
4126 18987 1.32783 29.6035
4114 18987 1.32783 29.6202
4114 18987 1.32783 29.6368
4114 18987 1.32783 29.6535
4114 18987 1.32783 29.6702
4104 18987 1.32783 29.6869
4104 18987 1.32783 29.7035
4101 18987 1.32783 29.7202
4101 18987 1.32783 29.7369
4101 18987 1.32783 29.7535
4101 18987 1.32783 29.7702
4101 18987 1.32783 29.7869
4101 18987 1.32783 29.8035
4095 18987 1.32783 29.8202
4095 18987 1.32783 29.8369
4095 18987 1.32783 29.8536
4092 18987 1.32783 29.8702
4086 18987 1.32783 29.8869
4086 18987 1.32783 29.9036
4086 18987 1.32783 29.9202
4086 18987 1.32783 29.9369
4086 18987 1.32783 29.9536
4077 18987 1.32783 29.9702
4077 18987 1.32783 29.9869
4077 18987 1.32783 30.0036
4077 18987 1.32783 30.0203
4077 18987 1.32783 30.0369
4077 18987 1.32783 30.0536
4070 18987 1.32783 30.0703
4070 18987 1.32783 30.0869
4070 18987 1.32783 30.1036
4070 18987 1.32783 30.1203
4070 18987 1.32783 30.137
4070 18987 1.32783 30.1536
4065 18987 1.32783 30.1703
4065 18987 1.32783 30.187
4065 18987 1.32783 30.2036
4061 18987 1.32783 30.2203
4061 18987 1.32783 30.237
4061 18987 1.32783 30.2536
4057 18987 1.32783 30.2703
4057 18987 1.32783 30.287
4057 18987 1.32783 30.3037
4057 18987 1.32783 30.3203
4057 18987 1.32783 30.337
4057 18987 1.32783 30.3537
4051 18987 1.32783 30.3703
4046 18987 1.32783 30.387
4046 18987 1.32783 30.4037
4046 18987 1.32783 30.4203
4046 18987 1.32783 30.437
4046 18987 1.32783 30.4537
4046 18987 1.32783 30.4704
4042 18987 1.32783 30.487
4042 18987 1.32783 30.5037
4042 18987 1.32783 30.5204
4042 18987 1.32783 30.537
4042 18987 1.32783 30.5537
4042 18987 1.32783 30.5704
4042 18987 1.32783 30.587
4033 18987 1.32783 30.6037
4033 18987 1.32783 30.6204
4033 18987 1.32783 30.6371
4033 18987 1.32783 30.6537
4033 18987 1.32783 30.6704
4033 18987 1.32783 30.6871
4033 18987 1.32783 30.7037
4033 18987 1.32783 30.7204
4033 18987 1.32783 30.7371
4027 18987 1.32783 30.7537
4027 18987 1.32783 30.7704
4027 18987 1.32783 30.7871
4021 18987 1.32783 30.8038
4021 18987 1.32783 30.8204
4020 18987 1.32783 30.8371
4020 18987 1.32783 30.8538
4020 18987 1.32783 30.8704
4020 18987 1.32783 30.8871
4020 18987 1.32783 30.9038
4020 18987 1.32783 30.9205
4009 18987 1.32783 30.9371
4008 18987 1.32783 30.9538
4008 18987 1.32783 30.9705
4008 18987 1.32783 30.9871
4008 18987 1.32783 31.0038
4008 18987 1.32783 31.0205
4007 18987 1.32783 31.0371
4007 18987 1.32783 31.0538
4000 18987 1.32783 31.0705
3997 18987 1.32783 31.0872
3997 18987 1.32783 31.1038
3995 18987 1.32783 31.1205
3994 18987 1.32783 31.1372
3994 18987 1.32783 31.1538
3993 18987 1.32783 31.1705
3993 18987 1.32783 31.1872
3993 18987 1.32783 31.2038
3993 18987 1.32783 31.2205
3993 18987 1.32783 31.2372
3986 18987 1.32783 31.2539
3986 18987 1.32783 31.2705
3986 18987 1.32783 31.2872
3986 18987 1.32783 31.3039
3986 18987 1.32783 31.3205
3980 18987 1.32783 31.3372
3980 18987 1.32783 31.3539
3980 18987 1.32783 31.3705
3980 18987 1.32783 31.3872
3975 18987 1.32783 31.4039
3975 18987 1.32783 31.4206
3975 18987 1.32783 31.4372
3975 18987 1.32783 31.4539
3975 18987 1.32783 31.4706
3969 18987 1.32783 31.4872
3969 18987 1.32783 31.5039
3967 18987 1.32783 31.5206
3967 18987 1.32783 31.5373
3967 18987 1.32783 31.5539
3967 18987 1.32783 31.5706
3967 18987 1.32783 31.5873
3967 18987 1.32783 31.6039
3967 18987 1.32783 31.6206
3959 18987 1.32783 31.6373
3959 18987 1.32783 31.6539
3959 18987 1.32783 31.6706
3959 18987 1.32783 31.6873
3959 18987 1.32783 31.704
3959 18987 1.32783 31.7206
3959 18987 1.32783 31.7373
3959 18987 1.32783 31.754
3959 18987 1.32783 31.7706
3959 18987 1.32783 31.7873
3959 18987 1.32783 31.804
3951 18987 1.32783 31.8206
3951 18987 1.32783 31.8373
3951 18987 1.32783 31.854
3951 18987 1.32783 31.8707
3947 18987 1.32783 31.8873
3947 18987 1.32783 31.904
3947 18987 1.32783 31.9207
3947 18987 1.32783 31.9373
3947 18987 1.32783 31.954
3947 18987 1.32783 31.9707
3947 18987 1.32783 31.9873
3941 18987 1.32783 32.004
3941 18987 1.32783 32.0207
3941 18987 1.32783 32.0374
3941 18987 1.32783 32.054
3941 18987 1.32783 32.0707
3941 18987 1.32783 32.0874
3938 18987 1.32783 32.104
3938 18987 1.32783 32.1207
3938 18987 1.32783 32.1374
3938 18987 1.32783 32.154
3938 18987 1.32783 32.1707
3938 18987 1.32783 32.1874
3929 18987 1.32783 32.2041
3929 18987 1.32783 32.2207
3929 18987 1.32783 32.2374
3929 18987 1.32783 32.2541
3926 18987 1.32783 32.2707
3926 18987 1.32783 32.2874
3926 18987 1.32783 32.3041
3926 18987 1.32783 32.3208
3926 18987 1.32783 32.3374
3926 18987 1.32783 32.3541
3916 18987 1.32783 32.3708
3916 18987 1.32783 32.3874
3916 18987 1.32783 32.4041
3916 18987 1.32783 32.4208
3916 18987 1.32783 32.4374
3916 18987 1.32783 32.4541
3916 18987 1.32783 32.4708
3916 18987 1.32783 32.4875
3916 18987 1.32783 32.5041
3916 18987 1.32783 32.5208
3916 18987 1.32783 32.5375
3916 18987 1.32783 32.5541
3916 18987 1.32783 32.5708
3909 18987 1.32783 32.5875
3909 18987 1.32783 32.6041
3909 18987 1.32783 32.6208
3909 18987 1.32783 32.6375
3909 18987 1.32783 32.6542
3909 18987 1.32783 32.6708
3909 18987 1.32783 32.6875
3909 18987 1.32783 32.7042
3909 18987 1.32783 32.7208
3905 18987 1.32783 32.7375
3905 18987 1.32783 32.7542
3905 18987 1.32783 32.7708
3900 18987 1.32783 32.7875
3900 18987 1.32783 32.8042
3900 18987 1.32783 32.8209
3900 18987 1.32783 32.8375
3900 18987 1.32783 32.8542
3900 18987 1.32783 32.8709
3900 18987 1.32783 32.8875
3900 18987 1.32783 32.9042
3895 18987 1.32783 32.9209
3895 18987 1.32783 32.9375
3895 18987 1.32783 32.9542
3891 18987 1.32783 32.9709
3891 18987 1.32783 32.9876
3891 18987 1.32783 33.0042
3891 18987 1.32783 33.0209
3891 18987 1.32783 33.0376
3891 18987 1.32783 33.0542
3891 18987 1.32783 33.0709
3891 18987 1.32783 33.0876
3891 18987 1.32783 33.1043
3891 18987 1.32783 33.1209
3891 18987 1.32783 33.1376
3891 18987 1.32783 33.1543
3891 18987 1.32783 33.1709
3884 18987 1.32783 33.1876
3884 18987 1.32783 33.2043
3884 18987 1.32783 33.2209
3884 18987 1.32783 33.2376
3884 18987 1.32783 33.2543
3884 18987 1.32783 33.271
3884 18987 1.32783 33.2876
3884 18987 1.32783 33.3043
3884 18987 1.32783 33.321
3884 18987 1.32783 33.3376
3884 18987 1.32783 33.3543
3884 18987 1.32783 33.371
3884 18987 1.32783 33.3876
3884 18987 1.32783 33.4043
3879 18987 1.32783 33.421
3879 18987 1.32783 33.4377
3879 18987 1.32783 33.4543
3879 18987 1.32783 33.471
3879 18987 1.32783 33.4877
3879 18987 1.32783 33.5043
3879 18987 1.32783 33.521
3879 18987 1.32783 33.5377
3879 18987 1.32783 33.5543
3879 18987 1.32783 33.571
3879 18987 1.32783 33.5877
3875 18987 1.32783 33.6044
3874 18987 1.32783 33.621
3874 18987 1.32783 33.6377
3874 18987 1.32783 33.6544
3874 18987 1.32783 33.671
3874 18987 1.32783 33.6877
3874 18987 1.32783 33.7044
3874 18987 1.32783 33.7211
3874 18987 1.32783 33.7377
3874 18987 1.32783 33.7544
3874 18987 1.32783 33.7711
3866 18987 1.32783 33.7877
3866 18987 1.32783 33.8044
3866 18987 1.32783 33.8211
3866 18987 1.32783 33.8377
3866 18987 1.32783 33.8544
3866 18987 1.32783 33.8711
3866 18987 1.32783 33.8878
3866 18987 1.32783 33.9044
3860 18987 1.32783 33.9211
3860 18987 1.32783 33.9378
3860 18987 1.32783 33.9544
3860 18987 1.32783 33.9711
3860 18987 1.32783 33.9878
3860 18987 1.32783 34.0044
3860 18987 1.32783 34.0211
3860 18987 1.32783 34.0378
3860 18987 1.32783 34.0545
3860 18987 1.32783 34.0711
3860 18987 1.32783 34.0878
3860 18987 1.32783 34.1045
3860 18987 1.32783 34.1211
3860 18987 1.32783 34.1378
3860 18987 1.32783 34.1545
3855 18987 1.32783 34.1711
3855 18987 1.32783 34.1878
3855 18987 1.32783 34.2045
3855 18987 1.32783 34.2212
3855 18987 1.32783 34.2378
3855 18987 1.32783 34.2545
3855 18987 1.32783 34.2712
3855 18987 1.32783 34.2878
3855 18987 1.32783 34.3045
3855 18987 1.32783 34.3212
3855 18987 1.32783 34.3378
3855 18987 1.32783 34.3545
3855 18987 1.32783 34.3712
3855 18987 1.32783 34.3879
3855 18987 1.32783 34.4045
3855 18987 1.32783 34.4212
3850 18987 1.32783 34.4379
3850 18987 1.32783 34.4545
3850 18987 1.32783 34.4712
3850 18987 1.32783 34.4879
3850 18987 1.32783 34.5046
3850 18987 1.32783 34.5212
3850 18987 1.32783 34.5379
3850 18987 1.32783 34.5546
3850 18987 1.32783 34.5712
3850 18987 1.32783 34.5879
3850 18987 1.32783 34.6046
3843 18987 1.32783 34.6212
3843 18987 1.32783 34.6379
3843 18987 1.32783 34.6546
3843 18987 1.32783 34.6713
3843 18987 1.32783 34.6879
3843 18987 1.32783 34.7046
3843 18987 1.32783 34.7213
3843 18987 1.32783 34.7379
3843 18987 1.32783 34.7546
3843 18987 1.32783 34.7713
3838 18987 1.32783 34.7879
3838 18987 1.32783 34.8046
3838 18987 1.32783 34.8213
3838 18987 1.32783 34.838
3838 18987 1.32783 34.8546
3838 18987 1.32783 34.8713
3838 18987 1.32783 34.888
3838 18987 1.32783 34.9046
3838 18987 1.32783 34.9213
3838 18987 1.32783 34.938
3838 18987 1.32783 34.9546
3838 18987 1.32783 34.9713
3838 18987 1.32783 34.988
3838 18987 1.32783 35.0047
3838 18987 1.32783 35.0213
3838 18987 1.32783 35.038
3838 18987 1.32783 35.0547
3838 18987 1.32783 35.0713
3838 18987 1.32783 35.088
3838 18987 1.32783 35.1047
3838 18987 1.32783 35.1213
3838 18987 1.32783 35.138
3838 18987 1.33089 35.1547
3838 18987 1.33394 35.1714
3838 18987 1.33699 35.188
3838 18987 1.34004 35.2047
3835 18987 1.34309 35.2214
3832 18987 1.34614 35.238
3832 18987 1.34919 35.2547
3831 18987 1.35224 35.2714
3831 18987 1.35529 35.2881
3831 18987 1.35834 35.3047
3831 18987 1.36139 35.3214
3831 18987 1.36444 35.3381
3831 18987 1.36749 35.3547
3831 18987 1.37054 35.3714
3831 18987 1.3736 35.3881
3831 18987 1.37665 35.4047
3831 18987 1.3797 35.4214
3831 18987 1.38275 35.4381
3831 18987 1.3858 35.4548
3831 18987 1.38885 35.4714
3831 18987 1.3919 35.4881
3831 18987 1.39495 35.5048
3831 18987 1.398 35.5214
3831 18987 1.40105 35.5381
3827 18987 1.4041 35.5548
3827 18987 1.40715 35.5714
3827 18987 1.4102 35.5881
3827 18987 1.41325 35.6048
3827 18987 1.4163 35.6215
3827 18987 1.41936 35.6381
3827 18987 1.42241 35.6548
3827 18987 1.42546 35.6715
3827 18987 1.42851 35.6881
3827 18987 1.43156 35.7048
3827 18987 1.43461 35.7215
3827 18987 1.43766 35.7381
3827 18987 1.44071 35.7548
3827 18987 1.44376 35.7715
3827 18987 1.44681 35.7882
3827 18987 1.44986 35.8048
3827 18987 1.45291 35.8215
3821 18987 1.45596 35.8382
3821 18987 1.45901 35.8548
3821 18987 1.46207 35.8715
3821 18987 1.46512 35.8882
3821 18987 1.46817 35.9049
3821 18987 1.47122 35.9215
3821 18987 1.47427 35.9382
3821 18987 1.47732 35.9549
3812 18987 1.48037 35.9715
3812 18987 1.48342 35.9882
3812 18987 1.48647 36.0049
3799 18987 1.48952 36.0215
3799 18987 1.49257 36.0382
3799 18987 1.49562 36.0549
3786 18987 1.49867 36.0716
3786 18987 1.50172 36.0882
3786 18987 1.50477 36.1049
3786 18987 1.50783 36.1216
3786 18987 1.51088 36.1382
3764 18987 1.51393 36.1549
3750 18987 1.51698 36.1716
3750 18987 1.52003 36.1882
3732 18987 1.52308 36.2049
3732 18987 1.52613 36.2216
3732 18987 1.52918 36.2383
3710 18987 1.53223 36.2549
3695 18987 1.53528 36.2716
3683 18987 1.53833 36.2883
3673 18987 1.54138 36.3049
3646 18987 1.54443 36.3216
3641 18987 1.54748 36.3383
3622 18987 1.55053 36.3549
3613 18987 1.55387 36.3716
3596 18987 1.55715 36.3883
3595 18987 1.5604 36.405
3566 18987 1.56359 36.4216
3540 18987 1.56675 36.4383
3524 18987 1.56985 36.455
3488 18987 1.57292 36.4716
3481 18987 1.57594 36.4883
3473 18987 1.57893 36.505
3438 18987 1.58187 36.5216
3424 18987 1.58477 36.5383
3390 18987 1.58763 36.555
3390 18987 1.59045 36.5717
3351 18987 1.59323 36.5883
3351 18987 1.59598 36.605
3313 18987 1.59868 36.6217
3313 18987 1.60135 36.6383
3267 18987 1.60398 36.655
3262 18987 1.60658 36.6717
3236 18987 1.60914 36.6884
3200 18987 1.61167 36.705
3186 18987 1.61416 36.7217
3148 18987 1.61661 36.7384
3148 18987 1.61903 36.755
3114 18987 1.62142 36.7717
3088 18987 1.62378 36.7884
3057 18987 1.6261 36.805
3057 18987 1.62839 36.8217
2996 18987 1.63065 36.8384
2994 18987 1.63288 36.8551
2970 18987 1.63507 36.8717
2933 18987 1.63724 36.8884
2932 18987 1.63938 36.9051
2891 18987 1.64149 36.9217
2874 18987 1.64357 36.9384
2831 18987 1.64562 36.9551
2797 18987 1.64764 36.9717
2772 18987 1.64963 36.9884
2749 18987 1.6516 37.0051
2712 18987 1.65354 37.0218
2688 18987 1.65545 37.0384
2663 18987 1.65734 37.0551
2638 18987 1.6592 37.0718
2607 18987 1.66103 37.0884
2573 18987 1.66284 37.1051
2533 18987 1.66462 37.1218
2533 18987 1.66638 37.1384
2476 18987 1.66812 37.1551
2439 18987 1.66983 37.1718
2427 18987 1.67152 37.1885
2409 18987 1.67318 37.2051
2366 18987 1.67483 37.2218
2350 18987 1.67644 37.2385
2303 18987 1.67804 37.2551
2290 18987 1.67962 37.2718
2270 18987 1.68117 37.2885
2219 18987 1.6827 37.3051
2192 18987 1.68421 37.3218
2168 18987 1.6857 37.3385
2131 18987 1.68717 37.3552
2131 18987 1.68862 37.3718
2083 18987 1.69005 37.3885
2041 18987 1.69146 37.4052
2041 18987 1.69285 37.4218
2008 18987 1.69422 37.4385
1978 18987 1.69557 37.4552
1942 18987 1.6969 37.4719
1922 18987 1.69822 37.4885
1911 18987 1.69951 37.5052
1866 18987 1.70079 37.5219
1829 18987 1.70205 37.5385
1829 18987 1.7033 37.5552
1785 18987 1.70452 37.5719
1763 18987 1.70573 37.5885
1741 18987 1.70693 37.6052
1720 18987 1.7081 37.6219
1696 18987 1.70926 37.6386
1679 18987 1.71041 37.6552
1646 18987 1.71153 37.6719
1631 18987 1.71265 37.6886
1589 18987 1.71375 37.7052
1583 18987 1.71483 37.7219
1554 18987 1.7159 37.7386
1535 18987 1.71695 37.7552
1513 18987 1.71799 37.7719
1513 18987 1.71901 37.7886
1486 18987 1.72002 37.8053
1454 18987 1.72102 37.8219
1421 18987 1.722 37.8386
1415 18987 1.72297 37.8553
1415 18987 1.72392 37.8719
1366 18987 1.72486 37.8886
1365 18987 1.72579 37.9053
1344 18987 1.72671 37.9219
1330 18987 1.72761 37.9386
1311 18987 1.72851 37.9553
1297 18987 1.72938 37.972
1264 18987 1.73025 37.9886
1241 18987 1.73111 38.0053
1241 18987 1.73195 38.022
1241 18987 1.73278 38.0386
1196 18987 1.7336 38.0553
1196 18987 1.73441 38.072
1171 18987 1.73521 38.0886
1171 18987 1.73599 38.1053
1146 18987 1.73677 38.122
1139 18987 1.73753 38.1387
1128 18987 1.73829 38.1553
1092 18987 1.73903 38.172
1091 18987 1.73977 38.1887
1091 18987 1.74049 38.2053
1063 18987 1.7412 38.222
1063 18987 1.74191 38.2387
1031 18987 1.7426 38.2554
1031 18987 1.74329 38.272
1031 18987 1.74396 38.2887
1014 18987 1.74463 38.3054
1014 18987 1.74528 38.322
998 18987 1.74593 38.3387
981 18987 1.74657 38.3554
969 18987 1.7472 38.372
969 18987 1.74782 38.3887
969 18987 1.74843 38.4054
935 18987 1.74904 38.4221
935 18987 1.74963 38.4387
935 18987 1.75022 38.4554
935 18987 1.7508 38.4721
908 18987 1.75137 38.4887
908 18987 1.75194 38.5054
908 18987 1.75249 38.5221
908 18987 1.75304 38.5387
888 18987 1.75358 38.5554
888 18987 1.75411 38.5721
873 18987 1.75464 38.5888
861 18987 1.75516 38.6054
861 18987 1.75567 38.6221
855 18987 1.75618 38.6388
846 18987 1.75667 38.6554
837 18987 1.75716 38.6721
837 18987 1.75765 38.6888
837 18987 1.75812 38.7054
822 18987 1.75859 38.7221
811 18987 1.75906 38.7388
811 18987 1.75952 38.7555
797 18987 1.75997 38.7721
797 18987 1.76041 38.7888
797 18987 1.76085 38.8055
788 18987 1.76129 38.8221
780 18987 1.76171 38.8388
771 18987 1.76213 38.8555
766 18987 1.76255 38.8722
763 18987 1.76296 38.8888
763 18987 1.76336 38.9055
763 18987 1.76376 38.9222
740 18987 1.76415 38.9388
740 18987 1.76454 38.9555
740 18987 1.76492 38.9722
740 18987 1.7653 38.9888
728 18987 1.76567 39.0055
728 18987 1.76604 39.0222
708 18987 1.7664 39.0389
708 18987 1.76676 39.0555
708 18987 1.76711 39.0722
693 18987 1.76745 39.0889
693 18987 1.7678 39.1055
693 18987 1.76813 39.1222
684 18987 1.76847 39.1389
684 18987 1.76879 39.1555
665 18987 1.76912 39.1722
665 18987 1.76944 39.1889
650 18987 1.76975 39.2056
648 18987 1.77006 39.2222
648 18987 1.77037 39.2389
648 18987 1.77037 39.2556
638 18987 1.77037 39.2722
630 18987 1.77037 39.2889
630 18987 1.77037 39.3056
625 18987 1.77037 39.3222
609 18987 1.77037 39.3389
609 18987 1.77037 39.3556
609 18987 1.77037 39.3723
597 18987 1.77037 39.3889
596 18987 1.77037 39.4056
588 18987 1.77037 39.4223
585 18987 1.77037 39.4389
585 18987 1.77037 39.4556
570 18987 1.77037 39.4723
570 18987 1.77037 39.4889
570 18987 1.77037 39.5056
568 18987 1.77037 39.5223
568 18987 1.77037 39.539
556 18987 1.77037 39.5556
556 18987 1.77037 39.5723
545 18987 1.77037 39.589
545 18987 1.77037 39.6056
544 18987 1.77037 39.6223
544 18987 1.77037 39.639
544 18987 1.77037 39.6557
537 18987 1.77037 39.6723
537 18987 1.77037 39.689
531 18987 1.77037 39.7057
531 18987 1.77037 39.7223
531 18987 1.77037 39.739
521 18987 1.77037 39.7557
521 18987 1.77037 39.7723
521 18987 1.77037 39.789
521 18987 1.77037 39.8057
513 18987 1.77037 39.8224
513 18987 1.77037 39.839
513 18987 1.77037 39.8557
506 18987 1.77037 39.8724
506 18987 1.77037 39.889
506 18987 1.77037 39.9057
506 18987 1.77037 39.9224
503 18987 1.77037 39.939
498 18987 1.77037 39.9557
498 18987 1.77037 39.9724
496 18987 1.77037 39.9891
493 18987 1.77037 40.0057
493 18987 1.77037 40.0224
493 18987 1.77037 40.0391
493 18987 1.77037 40.0557
488 18987 1.77037 40.0724
488 18987 1.77037 40.0891
488 18987 1.77037 40.1057
482 18987 1.77037 40.1224
482 18987 1.77037 40.1391
482 18987 1.77037 40.1558
482 18987 1.77037 40.1724
476 18987 1.77037 40.1891
476 18987 1.77037 40.2058
476 18987 1.77037 40.2224
476 18987 1.77037 40.2391
476 18987 1.77037 40.2558
471 18987 1.77037 40.2724
471 18987 1.77037 40.2891
471 18987 1.77037 40.3058
471 18987 1.77037 40.3225
471 18987 1.77037 40.3391
471 18987 1.77037 40.3558
471 18987 1.77037 40.3725
471 18987 1.77037 40.3891
471 18987 1.77037 40.4058
464 18987 1.77037 40.4225
464 18987 1.77037 40.4392
464 18987 1.77037 40.4558
464 18987 1.77037 40.4725
464 18987 1.77037 40.4892
462 18987 1.77037 40.5058
462 18987 1.77037 40.5225
462 18987 1.77037 40.5392
462 18987 1.77037 40.5558
462 18987 1.77037 40.5725
462 18987 1.77037 40.5892
462 18987 1.77037 40.6059
455 18987 1.77037 40.6225
455 18987 1.77037 40.6392
455 18987 1.77037 40.6559
455 18987 1.77037 40.6725
455 18987 1.77037 40.6892
454 18987 1.77037 40.7059
454 18987 1.77037 40.7225
454 18987 1.77037 40.7392
454 18987 1.77037 40.7559
454 18987 1.77037 40.7726
454 18987 1.77037 40.7892
454 18987 1.77037 40.8059
454 18987 1.77037 40.8226
454 18987 1.77037 40.8392
450 18987 1.77037 40.8559
450 18987 1.77037 40.8726
450 18987 1.77037 40.8892
450 18987 1.77037 40.9059
450 18987 1.77037 40.9226
450 18987 1.77037 40.9393
450 18987 1.77037 40.9559
450 18987 1.77037 40.9726
450 18987 1.77037 40.9893
450 18987 1.77037 41.0059
450 18987 1.77037 41.0226
450 18987 1.77037 41.0393
450 18987 1.77037 41.056
450 18987 1.77037 41.0726
450 18987 1.77037 41.0893
450 18987 1.77037 41.106
450 18987 1.77037 41.1226
450 18987 1.77037 41.1393
450 18987 1.77037 41.156
450 18987 1.77037 41.1726
450 18987 1.77037 41.1893
450 18987 1.77037 41.206
450 18987 1.77342 41.2227
450 18987 1.77647 41.2393
450 18987 1.77952 41.256
450 18987 1.78257 41.2727
450 18987 1.78562 41.2893
450 18987 1.78867 41.306
450 18987 1.79172 41.3227
450 18987 1.79477 41.3393
450 18987 1.79782 41.356
450 18987 1.80087 41.3727
450 18987 1.80392 41.3894
450 18987 1.80698 41.406
450 18987 1.81003 41.4227
450 18987 1.81308 41.4394
450 18987 1.81613 41.456
450 18987 1.81918 41.4727
450 18987 1.82223 41.4894
450 18987 1.82528 41.506
450 18987 1.82833 41.5227
450 18987 1.83138 41.5394
450 18987 1.83443 41.5561
450 18987 1.83748 41.5727
450 18987 1.84053 41.5894
450 18987 1.84358 41.6061
450 18987 1.84663 41.6227
450 18987 1.84969 41.6394
450 18987 1.85274 41.6561
450 18987 1.85579 41.6727
450 18987 1.85884 41.6894
450 18987 1.86189 41.7061
444 18987 1.86494 41.7228
444 18987 1.86799 41.7394
444 18987 1.87104 41.7561
444 18987 1.87409 41.7728
444 18987 1.87714 41.7894
444 18987 1.88019 41.8061
444 18987 1.88324 41.8228
441 18987 1.88629 41.8395
441 18987 1.88934 41.8561
441 18987 1.89239 41.8728
441 18987 1.89545 41.8895
441 18987 1.8985 41.9061
441 18987 1.90155 41.9228
441 18987 1.9046 41.9395
441 18987 1.90765 41.9561
441 18987 1.9107 41.9728
441 18987 1.91375 41.9895
434 18987 1.9168 42.0062
434 18987 1.91985 42.0228
434 18987 1.9229 42.0395
434 18987 1.92595 42.0562
426 18987 1.929 42.0728
426 18987 1.93205 42.0895
426 18987 1.9351 42.1062
426 18987 1.93815 42.1228
423 18987 1.94121 42.1395
416 18987 1.94426 42.1562
416 18987 1.94731 42.1729
416 18987 1.95036 42.1895
416 18987 1.95341 42.2062
407 18987 1.95646 42.2229
400 18987 1.95951 42.2395
400 18987 1.96256 42.2562
400 18987 1.96561 42.2729
395 18987 1.96866 42.2895
395 18987 1.97171 42.3062
384 18987 1.97476 42.3229
369 18987 1.97781 42.3396
368 18987 1.98086 42.3562
368 18987 1.98392 42.3729
358 18987 1.98697 42.3896
358 18987 1.99002 42.4062
341 18987 1.99307 42.4229
341 18987 1.9964 42.4396
341 18987 1.99969 42.4562
341 18987 2.00293 42.4729
329 18987 2.00612 42.4896
312 18987 2.00928 42.5063
310 18987 2.01239 42.5229
310 18987 2.01545 42.5396
299 18987 2.01848 42.5563
299 18987 2.02146 42.5729
283 18987 2.0244 42.5896
283 18987 2.0273 42.6063
262 18987 2.03016 42.623
251 18987 2.03298 42.6396
248 18987 2.03577 42.6563
235 18987 2.03851 42.673
235 18987 2.04122 42.6896
224 18987 2.04388 42.7063
224 18987 2.04652 42.723
224 18987 2.04911 42.7396
214 18987 2.05167 42.7563
214 18987 2.0542 42.773
197 18987 2.05669 42.7897
197 18987 2.05914 42.8063
197 18987 2.06156 42.823
179 18987 2.06395 42.8397
176 18987 2.06631 42.8563
176 18987 2.06863 42.873
176 18987 2.07092 42.8897
164 18987 2.07318 42.9063
164 18987 2.07541 42.923
152 18987 2.07761 42.9397
152 18987 2.07977 42.9564
142 18987 2.08191 42.973
135 18987 2.08402 42.9897
135 18987 2.0861 43.0064
126 18987 2.08815 43.023
114 18987 2.09017 43.0397
114 18987 2.09216 43.0564
114 18987 2.09413 43.073
96 18987 2.09607 43.0897
86 18987 2.09798 43.1064
86 18987 2.09987 43.1231
77 18987 2.10173 43.1397
49 18987 2.10356 43.1564
29 18987 2.10537 43.1731
14 18987 2.10716 43.1897
14 18987 2.10892 43.2064
1 18987 2.11065 43.2231
1 18987 2.11236 43.2397
1 18987 2.11405 43.2564
1 18987 2.11572 43.2731
1 18987 2.11736 43.2898
1 18987 2.11898 43.3064
1 18987 2.12057 43.3231
1 18987 2.12215 43.3398
0 18987 2.1237 43.3564
0 18987 2.12523 43.3731
0 18987 2.12674 43.3898
0 18987 2.12823 43.4065
0 18987 2.1297 43.4231
0 18987 2.13115 43.4398
0 18987 2.13258 43.4565
0 18987 2.13399 43.4731
0 18987 2.13538 43.4898
0 18987 2.13675 43.5065
0 18987 2.1381 43.5231
0 18987 2.13943 43.5398
0 18987 2.14075 43.5565
0 18987 2.14205 43.5732
0 18987 2.14332 43.5898
0 18987 2.14458 43.6065
0 18987 2.14583 43.6232
0 18987 2.14705 43.6398
0 18987 2.14826 43.6565
0 18987 2.14946 43.6732
0 18987 2.15063 43.6898
0 18987 2.15179 43.7065
0 18987 2.15294 43.7232
0 18987 2.15407 43.7399
0 18987 2.15518 43.7565
0 18987 2.15628 43.7732
0 18987 2.15736 43.7899
0 18987 2.15843 43.8065
0 18987 2.15948 43.8232
0 18987 2.16052 43.8399
0 18987 2.16154 43.8565
0 18987 2.16255 43.8732
0 18987 2.16355 43.8899
0 18987 2.16453 43.9066
0 18987 2.1655 43.9232
0 18987 2.16646 43.9399
0 18987 2.1674 43.9566
0 18987 2.16833 43.9732
0 18987 2.16924 43.9899
0 18987 2.17015 44.0066
0 18987 2.17104 44.0233
0 18987 2.17192 44.0399
0 18987 2.17278 44.0566
0 18987 2.17364 44.0733
0 18987 2.17448 44.0899
0 18987 2.17531 44.1066
0 18987 2.17613 44.1233
0 18987 2.17694 44.1399
0 18987 2.17774 44.1566
0 18987 2.17853 44.1733
0 18987 2.1793 44.19
0 18987 2.18007 44.2066
0 18987 2.18082 44.2233
0 18987 2.18157 44.24
0 18987 2.1823 44.2566
0 18987 2.18302 44.2733
0 18987 2.18374 44.29
0 18987 2.18444 44.3066
0 18987 2.18513 44.3233
0 18987 2.18582 44.34
0 18987 2.18649 44.3567
0 18987 2.18716 44.3733
0 18987 2.18782 44.39
0 18987 2.18846 44.4067
0 18987 2.1891 44.4233
0 18987 2.18973 44.44
0 18987 2.19035 44.4567
0 18987 2.19097 44.4733
0 18987 2.19157 44.49
0 18987 2.19217 44.5067
0 18987 2.19275 44.5234
0 18987 2.19333 44.54
0 18987 2.19391 44.5567
0 18987 2.19447 44.5734
0 18987 2.19502 44.59
0 18987 2.19557 44.6067
0 18987 2.19611 44.6234
0 18987 2.19665 44.64
0 18987 2.19717 44.6567
0 18987 2.19769 44.6734
0 18987 2.1982 44.6901
0 18987 2.19871 44.7067
0 18987 2.1992 44.7234
0 18987 2.1997 44.7401
0 18987 2.20018 44.7567
0 18987 2.20066 44.7734
0 18987 2.20113 44.7901
0 18987 2.20159 44.8068
0 18987 2.20205 44.8234
0 18987 2.2025 44.8401
0 18987 2.20295 44.8568
0 18987 2.20338 44.8734
0 18987 2.20382 44.8901
0 18987 2.20424 44.9068
0 18987 2.20467 44.9234
0 18987 2.20508 44.9401
0 18987 2.20549 44.9568
0 18987 2.20589 44.9735
0 18987 2.20629 44.9901
0 18987 2.20669 45.0068
0 18987 2.20707 45.0235
0 18987 2.20745 45.0401
0 18987 2.20783 45.0568
0 18987 2.2082 45.0735
0 18987 2.20857 45.0901
0 18987 2.20893 45.1068
0 18987 2.20929 45.1235
0 18987 2.20964 45.1402
0 18987 2.20999 45.1568
0 18987 2.21033 45.1735
0 18987 2.21067 45.1902
0 18987 2.211 45.2068
0 18987 2.21133 45.2235
0 18987 2.21165 45.2402
0 18987 2.21197 45.2568
0 18987 2.21228 45.2735
0 18987 2.21259 45.2902
0 18987 2.2129 45.3069
0 18987 2.2129 45.3235
0 18987 2.2129 45.3402
0 18987 2.2129 45.3569
0 18987 2.2129 45.3735
0 18987 2.2129 45.3902
0 18987 2.2129 45.4069
0 18987 2.2129 45.4235
0 18987 2.2129 45.4402
0 18987 2.2129 45.4569
0 18987 2.2129 45.4736
0 18987 2.2129 45.4902
0 18987 2.2129 45.5069
0 18987 2.2129 45.5236
0 18987 2.2129 45.5402
0 18987 2.2129 45.5569
0 18987 2.2129 45.5736
0 18987 2.2129 45.5903
0 18987 2.2129 45.6069
0 18987 2.2129 45.6236
0 18987 2.2129 45.6403
0 18987 2.2129 45.6569
0 18987 2.21595 45.6736
0 18987 2.219 45.6903
0 18987 2.22205 45.7069
0 18987 2.2251 45.7236
0 18987 2.22815 45.7403
0 18987 2.2312 45.757
0 18987 2.23425 45.7736
0 18987 2.23731 45.7903
0 18987 2.24036 45.807
0 18987 2.24341 45.8236
0 18987 2.24646 45.8403
0 18987 2.24951 45.857
0 18987 2.25256 45.8736
0 18987 2.25561 45.8903
0 18987 2.25866 45.907
0 18987 2.26171 45.9237
0 18987 2.26476 45.9403
0 18987 2.26781 45.957
0 18987 2.27086 45.9737
0 18987 2.27392 45.9903
0 18987 2.27697 46.007
0 18987 2.28002 46.0237
0 18987 2.28307 46.0403
0 18987 2.28612 46.057
0 18987 2.28917 46.0737
0 18987 2.29222 46.0904
0 18987 2.29527 46.107
0 18987 2.29832 46.1237
0 18987 2.30137 46.1404
0 18987 2.30442 46.157
0 18987 2.30747 46.1737
0 18987 2.31052 46.1904
0 18987 2.31358 46.2071
0 18987 2.31663 46.2237
0 18987 2.31968 46.2404
0 18987 2.32273 46.2571
0 18987 2.32578 46.2737
0 18987 2.32883 46.2904
0 18987 2.33188 46.3071
0 18987 2.33493 46.3237
0 18987 2.33798 46.3404
0 18987 2.34103 46.3571
0 18987 2.34408 46.3738
0 18987 2.34713 46.3904
0 18987 2.35019 46.4071
0 18987 2.35324 46.4238
0 18987 2.35629 46.4404
0 18987 2.35934 46.4571
0 18987 2.36239 46.4738
0 18987 2.36544 46.4904
0 18987 2.36849 46.5071
0 18987 2.37154 46.5238
0 18987 2.37459 46.5405
0 18987 2.37764 46.5571
0 18987 2.38069 46.5738
0 18987 2.38374 46.5905
0 18987 2.3868 46.6071
0 18987 2.38985 46.6238
0 18987 2.3929 46.6405
0 18987 2.39595 46.6571
0 18987 2.399 46.6738
0 18987 2.40205 46.6905
0 18987 2.4051 46.7072
0 18987 2.40815 46.7238
0 18987 2.4112 46.7405
0 18987 2.41425 46.7572
0 18987 2.4173 46.7738
0 18987 2.42035 46.7905
0 18987 2.4234 46.8072
0 18987 2.42646 46.8238
0 18987 2.42951 46.8405
0 18987 2.43256 46.8572
0 18987 2.43561 46.8739
0 18987 2.43894 46.8905
0 18987 2.44223 46.9072
0 18987 2.44547 46.9239
0 18987 2.44867 46.9405
0 18987 2.45182 46.9572
0 18987 2.45493 46.9739
0 18987 2.45799 46.9906
0 18987 2.46102 47.0072
0 18987 2.464 47.0239
0 18987 2.46694 47.0406
0 18987 2.46984 47.0572
0 18987 2.4727 47.0739
0 18987 2.47552 47.0906
0 18987 2.47831 47.1072
0 18987 2.48105 47.1239
0 18987 2.48376 47.1406
0 18987 2.48642 47.1573
0 18987 2.48906 47.1739
0 18987 2.49165 47.1906
0 18987 2.49421 47.2073
0 18987 2.49674 47.2239
0 18987 2.49923 47.2406
0 18987 2.50168 47.2573
0 18987 2.5041 47.2739
0 18987 2.50649 47.2906
0 18987 2.50885 47.3073
0 18987 2.51117 47.324
0 18987 2.51346 47.3406
0 18987 2.51572 47.3573
0 18987 2.51795 47.374
0 18987 2.52014 47.3906
0 18987 2.52231 47.4073
0 18987 2.52445 47.424
0 18987 2.52656 47.4406
0 18987 2.52864 47.4573
0 18987 2.53069 47.474
0 18987 2.53271 47.4907
0 18987 2.5347 47.5073
0 18987 2.53667 47.524
0 18987 2.53861 47.5407
0 18987 2.54052 47.5573
0 18987 2.54241 47.574
0 18987 2.54427 47.5907
0 18987 2.5461 47.6073
0 18987 2.54791 47.624
0 18987 2.54969 47.6407
0 18987 2.55145 47.6574
0 18987 2.55319 47.674
0 18987 2.5549 47.6907
0 18987 2.55659 47.7074
0 18987 2.55825 47.724
0 18987 2.55989 47.7407
0 18987 2.56151 47.7574
0 18987 2.56311 47.7741
0 18987 2.56468 47.7907
0 18987 2.56624 47.8074
0 18987 2.56777 47.8241
0 18987 2.56928 47.8407
0 18987 2.57077 47.8574
0 18987 2.57224 47.8741
0 18987 2.57369 47.8907
0 18987 2.57512 47.9074
0 18987 2.57653 47.9241
0 18987 2.57791 47.9408
0 18987 2.57929 47.9574
0 18987 2.58064 47.9741
0 18987 2.58197 47.9908
0 18987 2.58328 48.0074
0 18987 2.58458 48.0241
0 18987 2.58586 48.0408
0 18987 2.58712 48.0574
0 18987 2.58836 48.0741
0 18987 2.58959 48.0908
0 18987 2.5908 48.1075
0 18987 2.59199 48.1241
0 18987 2.59317 48.1408
0 18987 2.59433 48.1575
0 18987 2.59547 48.1741
0 18987 2.5966 48.1908
0 18987 2.59772 48.2075
0 18987 2.59881 48.2241
0 18987 2.5999 48.2408
0 18987 2.60096 48.2575
0 18987 2.60202 48.2742
0 18987 2.60305 48.2908
0 18987 2.60408 48.3075
0 18987 2.60509 48.3242
0 18987 2.60608 48.3408
0 18987 2.60707 48.3575
0 18987 2.60803 48.3742
0 18987 2.60899 48.3909
0 18987 2.60993 48.4075
0 18987 2.61086 48.4242
0 18987 2.61178 48.4409
0 18987 2.61268 48.4575
0 18987 2.61357 48.4742
0 18987 2.61445 48.4909
0 18987 2.61532 48.5075
0 18987 2.61617 48.5242
0 18987 2.61702 48.5409
0 18987 2.61785 48.5576
0 18987 2.61867 48.5742
0 18987 2.61948 48.5909
0 18987 2.62027 48.6076
0 18987 2.62106 48.6242
0 18987 2.62184 48.6409
0 18987 2.6226 48.6576
0 18987 2.62335 48.6742
0 18987 2.6241 48.6909
0 18987 2.62483 48.7076
0 18987 2.62556 48.7243
0 18987 2.62627 48.7409
0 18987 2.62697 48.7576
0 18987 2.62767 48.7743
0 18987 2.62835 48.7909
0 18987 2.62903 48.8076
0 18987 2.62969 48.8243
0 18987 2.63035 48.8409
0 18987 2.631 48.8576
0 18987 2.63164 48.8743
0 18987 2.63227 48.891
0 18987 2.63289 48.9076
0 18987 2.6335 48.9243
0 18987 2.6341 48.941
0 18987 2.6347 48.9576
0 18987 2.63529 48.9743
0 18987 2.63587 48.991
0 18987 2.63644 49.0076
0 18987 2.637 49.0243
0 18987 2.63756 49.041
0 18987 2.63811 49.0577
0 18987 2.63865 49.0743
0 18987 2.63918 49.091
0 18987 2.63971 49.1077
0 18987 2.64022 49.1243
0 18987 2.64074 49.141
0 18987 2.64124 49.1577
0 18987 2.64174 49.1744
0 18987 2.64223 49.191
0 18987 2.64271 49.2077
0 18987 2.64319 49.2244
0 18987 2.64366 49.241
0 18987 2.64412 49.2577
0 18987 2.64458 49.2744
0 18987 2.64503 49.291
0 18987 2.64548 49.3077
0 18987 2.64592 49.3244
0 18987 2.64635 49.3411
0 18987 2.64678 49.3577
0 18987 2.6472 49.3744
0 18987 2.64761 49.3911
0 18987 2.64802 49.4077
0 18987 2.64843 49.4244
0 18987 2.64883 49.4411
0 18987 2.64922 49.4577
0 18987 2.64961 49.4744
0 18987 2.64999 49.4911
0 18987 2.65037 49.5078
0 18987 2.65074 49.5244
0 18987 2.6511 49.5411
0 18987 2.65146 49.5578
0 18987 2.65182 49.5744
0 18987 2.65217 49.5911
0 18987 2.65252 49.6078
0 18987 2.65286 49.6244
0 18987 2.6532 49.6411
0 18987 2.65353 49.6578
0 18987 2.65386 49.6745
0 18987 2.65418 49.6911
0 18987 2.6545 49.7078
0 18987 2.65482 49.7245
0 18987 2.65513 49.7411
0 18987 2.65543 49.7578
0 18987 2.65543 49.7745
0 18987 2.65543 49.7911
0 18987 2.65543 49.8078
0 18987 2.65543 49.8245
0 18987 2.65543 49.8412
0 18987 2.65543 49.8578
0 18987 2.65543 49.8745
0 18987 2.65543 49.8912
0 18987 2.65543 49.9078
0 18987 2.65543 49.9245
0 18987 2.65543 49.9412
0 18987 2.65543 49.9579
0 18987 2.65543 49.9745
0 18987 2.65543 49.9912
0 18987 2.65543 50.0079
0 18987 2.65543 50.0245
0 18987 2.65543 50.0412
0 18987 2.65543 50.0579
0 18987 2.65543 50.0745
0 18987 2.65543 50.0912
0 18987 2.65543 50.1079
0 18987 2.65848 50.1246
0 18987 2.66153 50.1412
0 18987 2.66458 50.1579
0 18987 2.66764 50.1746
0 18987 2.67069 50.1912
0 18987 2.67374 50.2079
0 18987 2.67679 50.2246
0 18987 2.67984 50.2412
0 18987 2.68289 50.2579
0 18987 2.68594 50.2746
0 18987 2.68899 50.2913
0 18987 2.69204 50.3079
0 18987 2.69509 50.3246
0 18987 2.69814 50.3413
0 18987 2.70119 50.3579
0 18987 2.70425 50.3746
0 18987 2.7073 50.3913
0 18987 2.71035 50.4079
0 18987 2.7134 50.4246
0 18987 2.71645 50.4413
0 18987 2.7195 50.458
0 18987 2.72255 50.4746
0 18987 2.7256 50.4913
0 18987 2.72865 50.508
0 18987 2.7317 50.5246
0 18987 2.73475 50.5413
0 18987 2.7378 50.558
0 18987 2.74085 50.5746
0 18987 2.74391 50.5913
0 18987 2.74696 50.608
0 18987 2.75001 50.6247
0 18987 2.75306 50.6413
0 18987 2.75611 50.658
0 18987 2.75916 50.6747
0 18987 2.76221 50.6913
0 18987 2.76526 50.708
0 18987 2.76831 50.7247
0 18987 2.77136 50.7414
0 18987 2.77441 50.758
0 18987 2.77746 50.7747
0 18987 2.78052 50.7914
0 18987 2.78357 50.808
0 18987 2.78662 50.8247
0 18987 2.78967 50.8414
0 18987 2.79272 50.858
0 18987 2.79577 50.8747
0 18987 2.79882 50.8914
0 18987 2.80187 50.9081
0 18987 2.80492 50.9247
0 18987 2.80797 50.9414
0 18987 2.81102 50.9581
0 18987 2.81407 50.9747
0 18987 2.81713 50.9914
0 18987 2.82018 51.0081
0 18987 2.82323 51.0247
0 18987 2.82628 51.0414
0 18987 2.82933 51.0581
0 18987 2.83238 51.0748
0 18987 2.83543 51.0914
0 18987 2.83848 51.1081
0 18987 2.84153 51.1248
0 18987 2.84458 51.1414
0 18987 2.84763 51.1581
0 18987 2.85068 51.1748
0 18987 2.85373 51.1914
0 18987 2.85679 51.2081
0 18987 2.85984 51.2248
0 18987 2.86289 51.2415
0 18987 2.86594 51.2581
0 18987 2.86899 51.2748
0 18987 2.87204 51.2915
0 18987 2.87509 51.3081
0 18987 2.87814 51.3248
0 18987 2.88147 51.3415
0 18987 2.88476 51.3582
0 18987 2.888 51.3748
0 18987 2.8912 51.3915
0 18987 2.89435 51.4082
0 18987 2.89746 51.4248
0 18987 2.90053 51.4415
0 18987 2.90355 51.4582
0 18987 2.90653 51.4748
0 18987 2.90947 51.4915
0 18987 2.91237 51.5082
0 18987 2.91524 51.5249
0 18987 2.91806 51.5415
0 18987 2.92084 51.5582
0 18987 2.92358 51.5749
0 18987 2.92629 51.5915
0 18987 2.92896 51.6082
0 18987 2.93159 51.6249
0 18987 2.93419 51.6415
0 18987 2.93674 51.6582
0 18987 2.93927 51.6749
0 18987 2.94176 51.6916
0 18987 2.94421 51.7082
0 18987 2.94664 51.7249
0 18987 2.94902 51.7416
0 18987 2.95138 51.7582
0 18987 2.9537 51.7749
0 18987 2.95599 51.7916
0 18987 2.95825 51.8082
0 18987 2.96048 51.8249
0 18987 2.96268 51.8416
0 18987 2.96485 51.8583
0 18987 2.96698 51.8749
0 18987 2.96909 51.8916
0 18987 2.97117 51.9083
0 18987 2.97322 51.9249
0 18987 2.97524 51.9416
0 18987 2.97723 51.9583
0 18987 2.9792 51.9749
0 18987 2.98114 51.9916
0 18987 2.98305 52.0083
0 18987 2.98494 52.025
0 18987 2.9868 52.0416
0 18987 2.98863 52.0583
0 18987 2.99044 52.075
0 18987 2.99223 52.0916
0 18987 2.99399 52.1083
0 18987 2.99572 52.125
0 18987 2.99743 52.1417
0 18987 2.99912 52.1583
