inside_count	theta (degrees)	time (s)
83969	0.0286479	0.0123749
83969	0.0572957	0.0290375
83969	0.0859435	0.0457001
83969	0.114591	0.0623627
83969	0.143239	0.0790253
83969	0.171887	0.0956879
83969	0.200535	0.11235
83969	0.229183	0.129013
83969	0.257831	0.145676
83969	0.286479	0.162338
83969	0.315126	0.179001
83969	0.343774	0.195663
83969	0.372422	0.212326
83969	0.40107	0.228989
83969	0.429718	0.245651
83969	0.458366	0.262314
83969	0.487013	0.278976
83969	0.515661	0.295639
83969	0.544309	0.312302
83969	0.572957	0.328964
83969	0.601605	0.345627
83969	0.630253	0.362289
83969	0.658901	0.378952
83969	0.687548	0.395615
83969	0.716196	0.412277
83969	0.744844	0.42894
83969	0.773492	0.445602
83969	0.80214	0.462265
83969	0.830788	0.478928
83969	0.859436	0.49559
83969	0.888083	0.512253
83969	0.916731	0.528915
83969	0.945379	0.545578
83969	0.974027	0.562241
83969	1.00267	0.578903
83969	1.03132	0.595566
83969	1.05997	0.612228
83969	1.08862	0.628891
83969	1.11727	0.645554
83969	1.14591	0.662216
83969	1.17456	0.678879
83969	1.20321	0.695541
83969	1.23186	0.712204
83969	1.2605	0.728867
83969	1.28915	0.745529
83969	1.3178	0.762192
83969	1.34645	0.778854
83969	1.3751	0.795517
83969	1.40374	0.81218
83969	1.43239	0.828842
83969	1.46104	0.845505
83969	1.48969	0.862167
83969	1.51834	0.87883
83969	1.54698	0.895493
83969	1.57563	0.912155
83969	1.60428	0.928818
83969	1.63293	0.94548
83969	1.66157	0.962143
83969	1.69022	0.978806
83969	1.71887	0.995468
83969	1.74752	1.01213
83969	1.77617	1.02879
83969	1.80481	1.04546
83969	1.83346	1.06212
83969	1.86211	1.07878
83969	1.89076	1.09544
83969	1.9194	1.11211
83969	1.94805	1.12877
83969	1.9767	1.14543
83969	2.00535	1.16209
83969	2.034	1.17876
83969	2.06264	1.19542
83969	2.09129	1.21208
83969	2.11994	1.22874
83969	2.14859	1.24541
83969	2.17724	1.26207
83969	2.20588	1.27873
83969	2.23453	1.29539
83969	2.26318	1.31206
83969	2.29183	1.32872
83969	2.32048	1.34538
83969	2.34912	1.36205
83969	2.37777	1.37871
83969	2.40642	1.39537
83969	2.43507	1.41203
83969	2.46372	1.4287
83969	2.49236	1.44536
83969	2.52101	1.46202
83969	2.54966	1.47868
83969	2.57831	1.49535
83969	2.60695	1.51201
83969	2.6356	1.52867
83969	2.66425	1.54533
83969	2.6929	1.562
83969	2.72155	1.57866
83969	2.75019	1.59532
83969	2.77884	1.61198
83969	2.80749	1.62865
83969	2.83614	1.64531
83969	2.86479	1.66197
83969	2.89343	1.67863
83969	2.92208	1.6953
83969	2.95073	1.71196
83969	2.97938	1.72862
83969	3.00803	1.74529
83969	3.03667	1.76195
83969	3.06532	1.77861
83969	3.09397	1.79527
83969	3.12262	1.81194
83969	3.15126	1.8286
83969	3.17991	1.84526
83969	3.20856	1.86192
83969	3.23721	1.87859
83969	3.26586	1.89525
83969	3.2945	1.91191
83969	3.32315	1.92857
83969	3.3518	1.94524
83969	3.38045	1.9619
83969	3.4091	1.97856
83969	3.43774	1.99522
83969	3.46639	2.01189
83969	3.49504	2.02855
83969	3.52369	2.04521
83969	3.55234	2.06187
83969	3.58098	2.07854
83969	3.60963	2.0952
83969	3.63828	2.11186
83969	3.66693	2.12852
83969	3.69557	2.14519
83969	3.72422	2.16185
83969	3.75287	2.17851
83969	3.78152	2.19518
83969	3.81017	2.21184
83969	3.83881	2.2285
83969	3.86746	2.24516
83969	3.89611	2.26183
83969	3.92476	2.27849
83969	3.95341	2.29515
83969	3.98205	2.31181
83969	4.0107	2.32848
83969	4.03935	2.34514
83969	4.068	2.3618
83969	4.09665	2.37846
83969	4.12529	2.39513
83969	4.15394	2.41179
83969	4.18259	2.42845
83969	4.21124	2.44511
83969	4.23989	2.46178
83969	4.26853	2.47844
83969	4.29718	2.4951
83969	4.32583	2.51176
83969	4.35448	2.52843
83969	4.38312	2.54509
83969	4.41177	2.56175
83969	4.44042	2.57841
83969	4.46907	2.59508
83969	4.49772	2.61174
83969	4.52636	2.6284
83969	4.55501	2.64507
83969	4.58366	2.66173
83969	4.61231	2.67839
83969	4.64096	2.69505
83969	4.6696	2.71172
83969	4.69825	2.72838
83969	4.7269	2.74504
83969	4.75555	2.7617
83969	4.7842	2.77837
83969	4.81284	2.79503
83969	4.84149	2.81169
83969	4.87014	2.82835
83969	4.89879	2.84502
83969	4.92743	2.86168
83969	4.95608	2.87834
83969	4.98473	2.895
83969	5.01338	2.91167
83969	5.04203	2.92833
83969	5.07067	2.94499
83969	5.09932	2.96165
83969	5.12797	2.97832
83969	5.15662	2.99498
83969	5.18527	3.01164
83969	5.21391	3.02831
83969	5.24256	3.04497
83969	5.27121	3.06163
83969	5.29986	3.07829
83969	5.32851	3.09496
83969	5.35715	3.11162
83969	5.3858	3.12828
83969	5.41445	3.14494
83969	5.4431	3.16161
83969	5.47175	3.17827
83969	5.50039	3.19493
83969	5.52904	3.21159
83969	5.55769	3.22826
83969	5.58634	3.24492
83969	5.61498	3.26158
83969	5.64363	3.27824
83969	5.67228	3.29491
83969	5.70093	3.31157
83969	5.72958	3.32823
83969	5.75822	3.34489
83969	5.78687	3.36156
83969	5.81552	3.37822
83969	5.84417	3.39488
83969	5.87282	3.41154
83969	5.90146	3.42821
83969	5.93011	3.44487
83969	5.95876	3.46153
83969	5.98741	3.4782
83969	6.01606	3.49486
83969	6.0447	3.51152
83969	6.07335	3.52818
83969	6.102	3.54485
83969	6.13065	3.56151
83969	6.1593	3.57817
83969	6.18794	3.59483
83969	6.21659	3.6115
83969	6.24524	3.62816
83969	6.27389	3.64482
83969	6.30253	3.66148
83969	6.33118	3.67815
83969	6.35983	3.69481
83969	6.38848	3.71147
83969	6.41713	3.72813
83969	6.44577	3.7448
83969	6.47442	3.76146
83969	6.50307	3.77812
83969	6.53172	3.79478
83969	6.56037	3.81145
83969	6.58901	3.82811
83969	6.61766	3.84477
83969	6.64631	3.86143
83969	6.67496	3.8781
83969	6.70361	3.89476
83969	6.73225	3.91142
83969	6.7609	3.92809
83969	6.78955	3.94475
83969	6.8182	3.96141
83969	6.84685	3.97807
83969	6.87549	3.99474
83969	6.90414	4.0114
83969	6.93279	4.02806
83969	6.96144	4.04472
83969	6.99008	4.06139
83969	7.01873	4.07805
83969	7.04738	4.09471
83969	7.07603	4.11137
83969	7.10468	4.12804
83969	7.13332	4.1447
83969	7.16197	4.16136
83969	7.19062	4.17802
83969	7.21927	4.19469
83969	7.24791	4.21135
83969	7.27656	4.22801
83969	7.30521	4.24467
83969	7.33386	4.26134
83969	7.3625	4.278
83969	7.39115	4.29466
83969	7.4198	4.31133
83969	7.44845	4.32799
83969	7.47709	4.34465
83969	7.50574	4.36131
83969	7.53439	4.37798
83969	7.56304	4.39464
83969	7.59168	4.4113
83969	7.62033	4.42796
83969	7.64898	4.44463
83969	7.67763	4.46129
83969	7.70627	4.47795
83969	7.73492	4.49461
83969	7.76357	4.51128
83969	7.79222	4.52794
83969	7.82086	4.5446
83969	7.84951	4.56126
83969	7.87816	4.57793
83969	7.90681	4.59459
83969	7.93545	4.61125
83969	7.9641	4.62791
83969	7.99275	4.64458
83969	8.0214	4.66124
83969	8.05004	4.6779
83969	8.07869	4.69456
83969	8.10734	4.71123
83969	8.13599	4.72789
83969	8.16463	4.74455
83969	8.19328	4.76122
83969	8.22193	4.77788
83969	8.25058	4.79454
83969	8.27922	4.8112
83969	8.30787	4.82787
83969	8.33652	4.84453
83969	8.36517	4.86119
83969	8.39381	4.87785
83969	8.42246	4.89452
83969	8.45111	4.91118
83969	8.47976	4.92784
83969	8.5084	4.9445
83969	8.53705	4.96117
83969	8.5657	4.97783
83969	8.59435	4.99449
83969	8.62299	5.01115
83969	8.65164	5.02782
83969	8.68029	5.04448
83969	8.70894	5.06114
83969	8.73758	5.0778
83969	8.76623	5.09447
83969	8.79488	5.11113
83969	8.82353	5.12779
83969	8.85217	5.14445
83969	8.88082	5.16112
83969	8.90947	5.17778
83969	8.93812	5.19444
83969	8.96676	5.21111
83969	8.99541	5.22777
83969	9.02406	5.24443
83969	9.05271	5.26109
83969	9.08135	5.27776
83969	9.11	5.29442
83969	9.13865	5.31108
83969	9.1673	5.32774
83969	9.19594	5.34441
83969	9.22459	5.36107
83969	9.25324	5.37773
83969	9.28189	5.39439
83969	9.31053	5.41106
83969	9.33918	5.42772
83969	9.36783	5.44438
83969	9.39648	5.46104
83969	9.42512	5.47771
83969	9.45377	5.49437
83969	9.48242	5.51103
83969	9.51107	5.52769
83969	9.53971	5.54436
83969	9.56836	5.56102
83969	9.59701	5.57768
83969	9.62566	5.59435
83969	9.6543	5.61101
83969	9.68295	5.62767
83969	9.7116	5.64433
83969	9.74024	5.661
83969	9.76889	5.67766
83969	9.79754	5.69432
83969	9.82619	5.71098
83969	9.85484	5.72765
83969	9.88348	5.74431
83969	9.91213	5.76097
83969	9.94078	5.77763
83969	9.96943	5.7943
83969	9.99807	5.81096
83969	10.0267	5.82762
83969	10.0554	5.84428
83969	10.084	5.86095
83969	10.1127	5.87761
83969	10.1413	5.89427
83969	10.17	5.91093
83969	10.1986	5.9276
83969	10.2273	5.94426
83969	10.2559	5.96092
83969	10.2845	5.97758
83969	10.3132	5.99425
83969	10.3418	6.01091
83969	10.3705	6.02757
83969	10.3991	6.04424
83969	10.4278	6.0609
83969	10.4564	6.07756
83969	10.4851	6.09422
83969	10.5137	6.11089
83969	10.5424	6.12755
83969	10.571	6.14421
83969	10.5997	6.16087
83969	10.6283	6.17754
83969	10.657	6.1942
83969	10.6856	6.21086
83969	10.7143	6.22752
83969	10.7429	6.24419
83969	10.7716	6.26085
83969	10.8002	6.27751
83969	10.8288	6.29417
83969	10.8575	6.31084
83969	10.8861	6.3275
83969	10.9148	6.34416
83969	10.9434	6.36082
83969	10.9721	6.37749
83969	11.0007	6.39415
83969	11.0294	6.41081
83969	11.058	6.42747
83969	11.0867	6.44414
83969	11.1153	6.4608
83969	11.144	6.47746
83969	11.1726	6.49413
83969	11.2013	6.51079
83969	11.2299	6.52745
83969	11.2586	6.54411
83969	11.2872	6.56078
83969	11.3159	6.57744
83969	11.3445	6.5941
83969	11.3732	6.61076
83969	11.4018	6.62743
83969	11.4304	6.64409
83969	11.4591	6.66075
83969	11.4877	6.67741
83969	11.5164	6.69408
83969	11.545	6.71074
83969	11.5737	6.7274
83969	11.6023	6.74406
83969	11.631	6.76073
83969	11.6596	6.77739
83969	11.6883	6.79405
83969	11.7169	6.81071
83969	11.7456	6.82738
83969	11.7742	6.84404
83969	11.8029	6.8607
83969	11.8315	6.87737
83969	11.8602	6.89403
83969	11.8888	6.91069
83969	11.9175	6.92735
83969	11.9461	6.94402
83969	11.9747	6.96068
83969	12.0034	6.97734
83969	12.032	6.994
83969	12.0607	7.01067
83969	12.0893	7.02733
83969	12.118	7.04399
83969	12.1466	7.06065
83969	12.1753	7.07732
83969	12.2039	7.09398
83969	12.2326	7.11064
83969	12.2612	7.1273
83969	12.2899	7.14397
83969	12.3185	7.16063
83969	12.3472	7.17729
83969	12.3758	7.19395
83969	12.4045	7.21062
83969	12.4331	7.22728
83969	12.4618	7.24394
83969	12.4904	7.2606
83969	12.5191	7.27727
83969	12.5477	7.29393
83969	12.5763	7.31059
83969	12.605	7.32726
83969	12.6336	7.34392
83969	12.6623	7.36058
83969	12.6909	7.37724
83968	12.7196	7.39391
83968	12.7482	7.41057
83968	12.7769	7.42723
83968	12.8055	7.44389
83968	12.8342	7.46056
83968	12.8628	7.47722
83968	12.8915	7.49388
83968	12.9201	7.51054
83968	12.9488	7.52721
83968	12.9774	7.54387
83968	13.0061	7.56053
83968	13.0347	7.57719
83968	13.0634	7.59386
83968	13.092	7.61052
83968	13.1206	7.62718
83968	13.1493	7.64384
83968	13.1779	7.66051
83968	13.2066	7.67717
83968	13.2352	7.69383
83968	13.2639	7.71049
83968	13.2925	7.72716
83968	13.3212	7.74382
83968	13.3498	7.76048
83968	13.3785	7.77715
83968	13.4071	7.79381
83968	13.4358	7.81047
83968	13.4644	7.82713
83968	13.4931	7.8438
83968	13.5217	7.86046
83968	13.5504	7.87712
83968	13.579	7.89378
83968	13.6077	7.91045
83968	13.6363	7.92711
83968	13.665	7.94377
83968	13.6936	7.96043
83968	13.7222	7.9771
83968	13.7509	7.99376
83968	13.7795	8.01042
83968	13.8082	8.02708
83968	13.8368	8.04375
83968	13.8655	8.06041
83968	13.8941	8.07707
83968	13.9228	8.09373
83968	13.9514	8.1104
83968	13.9801	8.12706
83968	14.0087	8.14372
83968	14.0374	8.16039
83968	14.066	8.17705
83968	14.0947	8.19371
83968	14.1233	8.21037
83968	14.152	8.22704
83968	14.1806	8.2437
83968	14.2093	8.26036
83968	14.2379	8.27702
83968	14.2665	8.29369
83968	14.2952	8.31035
83968	14.3238	8.32701
83968	14.3525	8.34367
83968	14.3811	8.36034
83968	14.4098	8.377
83968	14.4384	8.39366
83968	14.4671	8.41032
83968	14.4957	8.42699
83968	14.5244	8.44365
83968	14.553	8.46031
83968	14.5817	8.47697
83968	14.6103	8.49364
83968	14.639	8.5103
83968	14.6676	8.52696
83968	14.6963	8.54362
83968	14.7249	8.56029
83968	14.7536	8.57695
83968	14.7822	8.59361
83968	14.8109	8.61028
83968	14.8395	8.62694
83968	14.8681	8.6436
83968	14.8968	8.66026
83968	14.9254	8.67693
83968	14.9541	8.69359
83968	14.9827	8.71025
83968	15.0114	8.72691
83968	15.04	8.74358
83968	15.0687	8.76024
83968	15.0973	8.7769
83968	15.126	8.79356
83968	15.1546	8.81023
83968	15.1833	8.82689
83968	15.2119	8.84355
83968	15.2406	8.86021
83968	15.2692	8.87688
83968	15.2979	8.89354
83968	15.3265	8.9102
83968	15.3552	8.92686
83968	15.3838	8.94353
83968	15.4124	8.96019
83968	15.4411	8.97685
83968	15.4697	8.99352
83968	15.4984	9.01018
83968	15.527	9.02684
83968	15.5557	9.0435
83968	15.5843	9.06017
83968	15.613	9.07683
83968	15.6416	9.09349
83968	15.6703	9.11015
83968	15.6989	9.12682
83968	15.7276	9.14348
83968	15.7562	9.16014
83968	15.7849	9.1768
83968	15.8135	9.19347
83968	15.8422	9.21013
83968	15.8708	9.22679
83968	15.8995	9.24345
83968	15.9281	9.26012
83968	15.9567	9.27678
83968	15.9854	9.29344
83968	16.014	9.3101
83968	16.0427	9.32677
83968	16.0713	9.34343
83968	16.1	9.36009
83968	16.1286	9.37675
83968	16.1573	9.39342
83968	16.1859	9.41008
83968	16.2146	9.42674
83968	16.2432	9.44341
83968	16.2719	9.46007
83968	16.3005	9.47673
83968	16.3292	9.49339
83968	16.3578	9.51006
83968	16.3865	9.52672
83968	16.4151	9.54338
83968	16.4438	9.56004
83968	16.4724	9.57671
83968	16.5011	9.59337
83968	16.5297	9.61003
83968	16.5583	9.62669
83968	16.587	9.64336
83968	16.6156	9.66002
83968	16.6443	9.67668
83968	16.6729	9.69334
83968	16.7016	9.71001
83968	16.7302	9.72667
83968	16.7589	9.74333
83968	16.7875	9.75999
83968	16.8162	9.77666
83968	16.8448	9.79332
83968	16.8735	9.80998
83968	16.9021	9.82664
83968	16.9308	9.84331
83968	16.9594	9.85997
83968	16.9881	9.87663
83968	17.0167	9.8933
83968	17.0454	9.90996
83968	17.074	9.92662
83968	17.1026	9.94328
83968	17.1313	9.95995
83968	17.1599	9.97661
83968	17.1886	9.99327
83968	17.2172	10.0099
83968	17.2459	10.0266
83968	17.2745	10.0433
83968	17.3032	10.0599
83968	17.3318	10.0766
83968	17.3605	10.0932
83968	17.3891	10.1099
83968	17.4178	10.1266
83968	17.4464	10.1432
83968	17.4751	10.1599
83968	17.5037	10.1766
83968	17.5324	10.1932
83968	17.561	10.2099
83968	17.5897	10.2265
83968	17.6183	10.2432
83968	17.647	10.2599
83968	17.6756	10.2765
83968	17.7042	10.2932
83968	17.7329	10.3099
83968	17.7615	10.3265
83968	17.7902	10.3432
83968	17.8188	10.3598
83968	17.8475	10.3765
83968	17.8761	10.3932
83968	17.9048	10.4098
83968	17.9334	10.4265
83968	17.9621	10.4432
83968	17.9907	10.4598
83968	18.0194	10.4765
83968	18.048	10.4931
83968	18.0767	10.5098
83968	18.1053	10.5265
83968	18.134	10.5431
83968	18.1626	10.5598
83968	18.1913	10.5765
83968	18.2199	10.5931
83968	18.2485	10.6098
83968	18.2772	10.6264
83968	18.3058	10.6431
83968	18.3345	10.6598
83968	18.3631	10.6764
83968	18.3918	10.6931
83968	18.4204	10.7098
83968	18.4491	10.7264
83968	18.4777	10.7431
83968	18.5064	10.7598
83968	18.535	10.7764
83968	18.5637	10.7931
83968	18.5923	10.8097
83968	18.621	10.8264
83968	18.6496	10.8431
83968	18.6783	10.8597
83968	18.7069	10.8764
83968	18.7356	10.8931
83968	18.7642	10.9097
83968	18.7929	10.9264
83968	18.8215	10.943
83968	18.8501	10.9597
83968	18.8788	10.9764
83968	18.9074	10.993
83968	18.9361	11.0097
83968	18.9647	11.0264
83968	18.9934	11.043
83968	19.022	11.0597
83968	19.0507	11.0763
83968	19.0793	11.093
83968	19.108	11.1097
83968	19.1366	11.1263
83968	19.1653	11.143
83968	19.1939	11.1597
83968	19.2226	11.1763
83968	19.2512	11.193
83968	19.2799	11.2096
83968	19.3085	11.2263
83968	19.3372	11.243
83968	19.3658	11.2596
83968	19.3944	11.2763
83968	19.4231	11.293
83968	19.4517	11.3096
83968	19.4804	11.3263
83968	19.509	11.3429
83968	19.5377	11.3596
83968	19.5663	11.3763
83968	19.595	11.3929
83968	19.6236	11.4096
83968	19.6523	11.4263
83968	19.6809	11.4429
83968	19.7096	11.4596
83968	19.7382	11.4762
83968	19.7669	11.4929
83968	19.7955	11.5096
83968	19.8242	11.5262
83968	19.8528	11.5429
83968	19.8815	11.5596
83968	19.9101	11.5762
83968	19.9387	11.5929
83968	19.9674	11.6095
83968	19.996	11.6262
83968	20.0247	11.6429
83968	20.0533	11.6595
83968	20.082	11.6762
83968	20.1106	11.6929
83968	20.1393	11.7095
83968	20.1679	11.7262
83968	20.1966	11.7428
83968	20.2252	11.7595
83968	20.2539	11.7762
83968	20.2825	11.7928
83968	20.3112	11.8095
83968	20.3398	11.8262
83968	20.3685	11.8428
83968	20.3971	11.8595
83968	20.4258	11.8761
83968	20.4544	11.8928
83968	20.4831	11.9095
83968	20.5117	11.9261
83968	20.5403	11.9428
83968	20.569	11.9595
83968	20.5976	11.9761
83968	20.6263	11.9928
83968	20.6549	12.0094
83968	20.6836	12.0261
83968	20.7122	12.0428
83968	20.7409	12.0594
83968	20.7695	12.0761
83968	20.7982	12.0928
83968	20.8268	12.1094
83968	20.8555	12.1261
83968	20.8841	12.1427
83968	20.9128	12.1594
83968	20.9414	12.1761
83968	20.9701	12.1927
83968	20.9987	12.2094
83968	21.0274	12.2261
83968	21.056	12.2427
83968	21.0846	12.2594
83968	21.1133	12.276
83968	21.1419	12.2927
83968	21.1706	12.3094
83968	21.1992	12.326
83968	21.2279	12.3427
83968	21.2565	12.3594
83968	21.2852	12.376
83968	21.3138	12.3927
83968	21.3425	12.4093
83968	21.3711	12.426
83968	21.3998	12.4427
83968	21.4284	12.4593
83968	21.4571	12.476
83968	21.4857	12.4927
83968	21.5144	12.5093
83968	21.543	12.526
83968	21.5717	12.5426
83968	21.6003	12.5593
83968	21.629	12.576
83968	21.6576	12.5926
83968	21.6862	12.6093
83968	21.7149	12.626
83968	21.7435	12.6426
83968	21.7722	12.6593
83968	21.8008	12.6759
83968	21.8295	12.6926
83968	21.8581	12.7093
83968	21.8868	12.7259
83968	21.9154	12.7426
83968	21.9441	12.7593
83968	21.9727	12.7759
83968	22.0014	12.7926
83968	22.03	12.8092
83968	22.0587	12.8259
83968	22.0873	12.8426
83968	22.116	12.8592
83968	22.1446	12.8759
83968	22.1733	12.8926
83968	22.2019	12.9092
83968	22.2305	12.9259
83968	22.2592	12.9426
83968	22.2878	12.9592
83968	22.3165	12.9759
83968	22.3451	12.9925
83968	22.3738	13.0092
83968	22.4024	13.0259
83968	22.4311	13.0425
83968	22.4597	13.0592
83968	22.4884	13.0759
83968	22.517	13.0925
83968	22.5457	13.1092
83968	22.5743	13.1258
83968	22.603	13.1425
83968	22.6316	13.1592
83968	22.6603	13.1758
83968	22.6889	13.1925
83968	22.7176	13.2092
83968	22.7462	13.2258
83968	22.7749	13.2425
83968	22.8035	13.2591
83968	22.8321	13.2758
83968	22.8608	13.2925
83968	22.8894	13.3091
83968	22.9181	13.3258
83968	22.9467	13.3425
83968	22.9754	13.3591
83968	23.004	13.3758
83968	23.0327	13.3924
83968	23.0613	13.4091
83968	23.09	13.4258
83968	23.1186	13.4424
83968	23.1473	13.4591
83968	23.1759	13.4758
83968	23.2046	13.4924
83968	23.2332	13.5091
83968	23.2619	13.5257
83968	23.2905	13.5424
83968	23.3192	13.5591
83968	23.3478	13.5757
83968	23.3764	13.5924
83968	23.4051	13.6091
83968	23.4337	13.6257
83968	23.4624	13.6424
83968	23.491	13.659
83968	23.5197	13.6757
83968	23.5483	13.6924
83968	23.577	13.709
83968	23.6056	13.7257
83968	23.6343	13.7424
83968	23.6629	13.759
83968	23.6916	13.7757
83968	23.7202	13.7923
83968	23.7489	13.809
83968	23.7775	13.8257
83968	23.8062	13.8423
83968	23.8348	13.859
83968	23.8635	13.8757
83968	23.8921	13.8923
83968	23.9207	13.909
83968	23.9494	13.9256
83968	23.978	13.9423
83968	24.0067	13.959
83968	24.0353	13.9756
83968	24.064	13.9923
83968	24.0926	14.009
83968	24.1213	14.0256
83968	24.1499	14.0423
83968	24.1786	14.0589
83968	24.2072	14.0756
83968	24.2359	14.0923
83968	24.2645	14.1089
83968	24.2932	14.1256
83968	24.3218	14.1423
83968	24.3505	14.1589
83968	24.3791	14.1756
83968	24.4078	14.1922
83968	24.4364	14.2089
83968	24.4651	14.2256
83968	24.4937	14.2422
83968	24.5223	14.2589
83968	24.551	14.2756
83968	24.5796	14.2922
83968	24.6083	14.3089
83968	24.6369	14.3255
83968	24.6656	14.3422
83968	24.6942	14.3589
83968	24.7229	14.3755
83968	24.7515	14.3922
83968	24.7802	14.4089
83968	24.8088	14.4255
83968	24.8375	14.4422
83968	24.8661	14.4588
83968	24.8948	14.4755
83968	24.9234	14.4922
83968	24.9521	14.5088
83968	24.9807	14.5255
83968	25.0094	14.5422
83968	25.038	14.5588
83968	25.0666	14.5755
83968	25.0953	14.5921
83968	25.1239	14.6088
83968	25.1526	14.6255
83968	25.1812	14.6421
83968	25.2099	14.6588
83968	25.2385	14.6755
83968	25.2672	14.6921
83968	25.2958	14.7088
83968	25.3245	14.7254
83968	25.3531	14.7421
83968	25.3818	14.7588
83968	25.4104	14.7754
83968	25.4391	14.7921
83968	25.4677	14.8088
83968	25.4964	14.8254
83968	25.525	14.8421
83968	25.5537	14.8587
83968	25.5823	14.8754
83968	25.611	14.8921
83968	25.6396	14.9087
83968	25.6682	14.9254
83968	25.6969	14.9421
83968	25.7255	14.9587
83968	25.7542	14.9754
83968	25.7828	14.9921
83968	25.8115	15.0087
83968	25.8401	15.0254
83968	25.8688	15.042
83968	25.8974	15.0587
83968	25.9261	15.0754
83968	25.9547	15.092
83968	25.9834	15.1087
83968	26.012	15.1254
83968	26.0407	15.142
83968	26.0693	15.1587
83968	26.098	15.1753
83968	26.1266	15.192
83968	26.1553	15.2087
83968	26.1839	15.2253
83968	26.2125	15.242
83968	26.2412	15.2587
83968	26.2698	15.2753
83968	26.2985	15.292
83968	26.3271	15.3086
83968	26.3558	15.3253
83968	26.3844	15.342
83968	26.4131	15.3586
83968	26.4417	15.3753
83968	26.4704	15.392
83968	26.499	15.4086
83968	26.5277	15.4253
83968	26.5563	15.4419
83968	26.585	15.4586
83968	26.6136	15.4753
83968	26.6423	15.4919
83968	26.6709	15.5086
83968	26.6996	15.5253
83968	26.7282	15.5419
83968	26.7568	15.5586
83968	26.7855	15.5752
83968	26.8141	15.5919
83968	26.8428	15.6086
83968	26.8714	15.6252
83968	26.9001	15.6419
83968	26.9287	15.6586
83968	26.9574	15.6752
83968	26.986	15.6919
83968	27.0147	15.7085
83968	27.0433	15.7252
83968	27.072	15.7419
83968	27.1006	15.7585
83968	27.1293	15.7752
83968	27.1579	15.7919
83968	27.1866	15.8085
83968	27.2152	15.8252
83968	27.2439	15.8418
83968	27.2725	15.8585
83968	27.3012	15.8752
83968	27.3298	15.8918
83968	27.3584	15.9085
83968	27.3871	15.9252
83968	27.4157	15.9418
83968	27.4444	15.9585
83968	27.473	15.9751
83968	27.5017	15.9918
83968	27.5303	16.0085
83968	27.559	16.0251
83968	27.5876	16.0418
83968	27.6163	16.0585
83968	27.6449	16.0751
83968	27.6736	16.0918
83968	27.7022	16.1084
83968	27.7309	16.1251
83968	27.7595	16.1418
83968	27.7882	16.1584
83968	27.8168	16.1751
83968	27.8455	16.1918
83968	27.8741	16.2084
83968	27.9028	16.2251
83968	27.9314	16.2417
83968	27.96	16.2584
83968	27.9887	16.2751
83968	28.0173	16.2917
83968	28.046	16.3084
83968	28.0746	16.3251
83968	28.1033	16.3417
83968	28.1319	16.3584
83968	28.1606	16.375
83968	28.1892	16.3917
83968	28.2179	16.4084
83968	28.2465	16.425
83968	28.2752	16.4417
83968	28.3038	16.4584
83968	28.3325	16.475
83968	28.3611	16.4917
83967	28.3898	16.5083
83967	28.4184	16.525
83967	28.4471	16.5417
83967	28.4757	16.5583
83967	28.5043	16.575
83967	28.533	16.5917
83967	28.5616	16.6083
83967	28.5903	16.625
83967	28.6189	16.6416
83967	28.6476	16.6583
83967	28.6762	16.675
83967	28.7049	16.6916
83967	28.7335	16.7083
83967	28.7622	16.725
83967	28.7908	16.7416
83967	28.8195	16.7583
83967	28.8481	16.7749
83967	28.8768	16.7916
83967	28.9054	16.8083
83967	28.9341	16.8249
83967	28.9627	16.8416
83967	28.9914	16.8583
83967	29.02	16.8749
83967	29.0487	16.8916
83967	29.0773	16.9082
83967	29.106	16.9249
83967	29.1346	16.9416
83967	29.1633	16.9582
83967	29.1919	16.9749
83967	29.2206	16.9916
83967	29.2492	17.0082
83967	29.2779	17.0249
83967	29.3065	17.0415
83967	29.3352	17.0582
83967	29.3638	17.0749
83967	29.3925	17.0915
83967	29.4211	17.1082
83967	29.4498	17.1249
83967	29.4784	17.1415
83967	29.5071	17.1582
83967	29.5357	17.1749
83967	29.5644	17.1915
83967	29.593	17.2082
83967	29.6217	17.2248
83967	29.6503	17.2415
83967	29.679	17.2582
83967	29.7076	17.2748
83967	29.7363	17.2915
83967	29.7649	17.3082
83967	29.7936	17.3248
83967	29.8222	17.3415
83967	29.8508	17.3581
83967	29.8795	17.3748
83967	29.9081	17.3915
83967	29.9368	17.4081
83967	29.9654	17.4248
83967	29.9941	17.4415
83967	30.0227	17.4581
83967	30.0514	17.4748
83967	30.08	17.4914
83967	30.1087	17.5081
83967	30.1373	17.5248
83967	30.166	17.5414
83967	30.1946	17.5581
83967	30.2233	17.5748
83967	30.2519	17.5914
83967	30.2806	17.6081
83967	30.3092	17.6247
83967	30.3379	17.6414
83967	30.3665	17.6581
83967	30.3952	17.6747
83967	30.4238	17.6914
83967	30.4525	17.7081
83967	30.4811	17.7247
83967	30.5098	17.7414
83967	30.5384	17.758
83967	30.5671	17.7747
83967	30.5957	17.7914
83967	30.6244	17.808
83967	30.653	17.8247
83967	30.6817	17.8414
83967	30.7103	17.858
83967	30.739	17.8747
83967	30.7676	17.8913
83967	30.7963	17.908
83967	30.8249	17.9247
83967	30.8536	17.9413
83967	30.8822	17.958
83967	30.9109	17.9747
83967	30.9395	17.9913
83967	30.9682	18.008
83967	30.9968	18.0246
83967	31.0255	18.0413
83967	31.0541	18.058
83967	31.0828	18.0746
83967	31.1114	18.0913
83967	31.1401	18.108
83967	31.1687	18.1246
83967	31.1974	18.1413
83967	31.226	18.1579
83967	31.2547	18.1746
83967	31.2833	18.1913
83967	31.312	18.2079
83967	31.3406	18.2246
83967	31.3693	18.2413
83967	31.3979	18.2579
83967	31.4266	18.2746
83967	31.4552	18.2912
83967	31.4839	18.3079
83967	31.5125	18.3246
83967	31.5412	18.3412
83967	31.5698	18.3579
83967	31.5984	18.3746
83967	31.6271	18.3912
83967	31.6557	18.4079
83967	31.6844	18.4245
83967	31.713	18.4412
83967	31.7417	18.4579
83967	31.7703	18.4745
83967	31.799	18.4912
83967	31.8276	18.5079
83967	31.8563	18.5245
83967	31.8849	18.5412
83967	31.9136	18.5578
83967	31.9422	18.5745
83967	31.9709	18.5912
83967	31.9995	18.6078
83967	32.0282	18.6245
83967	32.0568	18.6412
83967	32.0855	18.6578
83967	32.1141	18.6745
83967	32.1428	18.6911
83967	32.1714	18.7078
83967	32.2001	18.7245
83967	32.2287	18.7411
83967	32.2574	18.7578
83967	32.286	18.7745
83967	32.3147	18.7911
83967	32.3433	18.8078
83967	32.372	18.8244
83967	32.4006	18.8411
83967	32.4293	18.8578
83967	32.4579	18.8744
83967	32.4866	18.8911
83967	32.5152	18.9078
83967	32.5439	18.9244
83967	32.5725	18.9411
83967	32.6012	18.9577
83967	32.6298	18.9744
83967	32.6585	18.9911
83967	32.6871	19.0077
83967	32.7158	19.0244
83967	32.7444	19.0411
83967	32.7731	19.0577
83967	32.8017	19.0744
83967	32.8304	19.091
83967	32.859	19.1077
83967	32.8877	19.1244
83967	32.9163	19.141
83967	32.945	19.1577
83967	32.9736	19.1744
83967	33.0023	19.191
83967	33.0309	19.2077
83967	33.0596	19.2243
83967	33.0882	19.241
83967	33.1169	19.2577
83967	33.1455	19.2743
83967	33.1742	19.291
83967	33.2028	19.3077
83967	33.2315	19.3243
83967	33.2601	19.341
83967	33.2888	19.3577
83967	33.3174	19.3743
83967	33.3461	19.391
83967	33.3747	19.4076
83967	33.4034	19.4243
83967	33.432	19.441
83967	33.4606	19.4576
83967	33.4893	19.4743
83967	33.5179	19.491
83967	33.5466	19.5076
83967	33.5752	19.5243
83967	33.6039	19.5409
83967	33.6325	19.5576
83967	33.6612	19.5743
83967	33.6898	19.5909
83967	33.7185	19.6076
83967	33.7471	19.6243
83967	33.7758	19.6409
83967	33.8044	19.6576
83967	33.8331	19.6742
83967	33.8617	19.6909
83967	33.8904	19.7076
83967	33.919	19.7242
83967	33.9477	19.7409
83967	33.9477	19.7576
83967	33.9477	19.7742
83967	33.9477	19.7909
83967	33.9477	19.8075
83967	33.9477	19.8242
83967	33.9477	19.8409
83967	33.9477	19.8575
83967	33.9477	19.8742
83967	33.9477	19.8909
83967	33.9477	19.9075
83967	33.9477	19.9242
83967	33.9477	19.9408
83967	33.9477	19.9575
83967	33.919	19.9742
83967	33.8904	19.9908
83967	33.8617	20.0075
83967	33.8331	20.0242
83967	33.8044	20.0408
83967	33.7758	20.0575
83967	33.7471	20.0741
83967	33.7185	20.0908
83967	33.6898	20.1075
83967	33.6612	20.1241
83967	33.6325	20.1408
83967	33.6039	20.1575
83967	33.5752	20.1741
83967	33.5466	20.1908
83967	33.5179	20.2074
83967	33.4893	20.2241
83967	33.4606	20.2408
83967	33.432	20.2574
83967	33.4034	20.2741
83967	33.3747	20.2908
83967	33.3461	20.3074
83967	33.3174	20.3241
83967	33.2888	20.3407
83967	33.2601	20.3574
83967	33.2315	20.3741
83967	33.2028	20.3907
83967	33.1742	20.4074
83967	33.1455	20.4241
83967	33.1169	20.4407
83967	33.0882	20.4574
83967	33.0596	20.474
83967	33.0309	20.4907
83967	33.0023	20.5074
83967	32.9736	20.524
83967	32.945	20.5407
83967	32.9163	20.5574
83967	32.8877	20.574
83967	32.859	20.5907
83967	32.8304	20.6073
83967	32.8017	20.624
83967	32.7731	20.6407
83967	32.7444	20.6573
83967	32.7158	20.674
83967	32.6871	20.6907
83967	32.6585	20.7073
83967	32.6298	20.724
83967	32.6012	20.7406
83967	32.5725	20.7573
83967	32.5439	20.774
83967	32.5152	20.7906
83967	32.4866	20.8073
83967	32.4579	20.824
83967	32.4293	20.8406
83967	32.4006	20.8573
83967	32.372	20.8739
83967	32.3433	20.8906
83967	32.3147	20.9073
83967	32.286	20.9239
83967	32.2574	20.9406
83967	32.2287	20.9573
83967	32.2001	20.9739
83967	32.1714	20.9906
83967	32.1428	21.0072
83967	32.1141	21.0239
83967	32.0855	21.0406
83967	32.0568	21.0572
83967	32.0282	21.0739
83967	31.9995	21.0906
83967	31.9709	21.1072
83967	31.9422	21.1239
83967	31.9136	21.1405
83967	31.8849	21.1572
83967	31.8563	21.1739
83967	31.8276	21.1905
83967	31.799	21.2072
83967	31.7703	21.2239
83967	31.7417	21.2405
83967	31.713	21.2572
83967	31.6844	21.2738
83967	31.6557	21.2905
83967	31.6271	21.3072
83967	31.5984	21.3238
83967	31.5698	21.3405
83967	31.5412	21.3572
83967	31.5125	21.3738
83967	31.4839	21.3905
83967	31.4552	21.4072
83967	31.4266	21.4238
83967	31.3979	21.4405
83967	31.3693	21.4571
83967	31.3406	21.4738
83967	31.312	21.4905
83967	31.2833	21.5071
83967	31.2547	21.5238
83967	31.226	21.5405
83967	31.1974	21.5571
83967	31.1687	21.5738
83967	31.1401	21.5904
83967	31.1114	21.6071
83967	31.0828	21.6238
83967	31.0541	21.6404
83967	31.0255	21.6571
83967	30.9968	21.6738
83967	30.9682	21.6904
83967	30.9395	21.7071
83967	30.9109	21.7237
83967	30.8822	21.7404
83967	30.8536	21.7571
83967	30.8249	21.7737
83967	30.7963	21.7904
83967	30.7676	21.8071
83967	30.739	21.8237
83967	30.7103	21.8404
83967	30.6817	21.857
83967	30.653	21.8737
83967	30.6244	21.8904
83967	30.5957	21.907
83967	30.5671	21.9237
83967	30.5384	21.9404
83967	30.5098	21.957
83967	30.4811	21.9737
83967	30.4525	21.9903
83967	30.4238	22.007
83967	30.3952	22.0237
83967	30.3665	22.0403
83967	30.3379	22.057
83967	30.3092	22.0737
83967	30.2806	22.0903
83967	30.2519	22.107
83967	30.2233	22.1236
83967	30.1946	22.1403
83967	30.166	22.157
83967	30.1373	22.1736
83967	30.1087	22.1903
83967	30.08	22.207
83967	30.0514	22.2236
83967	30.0227	22.2403
83967	29.9941	22.2569
83967	29.9654	22.2736
83967	29.9368	22.2903
83967	29.9081	22.3069
83967	29.8795	22.3236
83967	29.8508	22.3403
83967	29.8222	22.3569
83967	29.7936	22.3736
83967	29.7649	22.3902
83967	29.7363	22.4069
83967	29.7076	22.4236
83967	29.679	22.4402
83967	29.6503	22.4569
83967	29.6217	22.4736
83967	29.593	22.4902
83967	29.5644	22.5069
83967	29.5357	22.5235
83967	29.5071	22.5402
83967	29.4784	22.5569
83967	29.4498	22.5735
83967	29.4211	22.5902
83967	29.3925	22.6069
83967	29.3638	22.6235
83967	29.3352	22.6402
83967	29.3065	22.6568
83967	29.2779	22.6735
83967	29.2492	22.6902
83967	29.2206	22.7068
83967	29.1919	22.7235
83967	29.1633	22.7402
83967	29.1346	22.7568
83967	29.106	22.7735
83967	29.0773	22.7901
83967	29.0487	22.8068
83967	29.02	22.8235
83967	28.9914	22.8401
83967	28.9627	22.8568
83967	28.9341	22.8735
83967	28.9054	22.8901
83967	28.8768	22.9068
83967	28.8481	22.9234
83967	28.8195	22.9401
83967	28.7908	22.9568
83967	28.7622	22.9734
83967	28.7335	22.9901
83967	28.7049	23.0068
83967	28.6762	23.0234
83967	28.6476	23.0401
83967	28.6189	23.0567
83967	28.5903	23.0734
83967	28.5616	23.0901
83967	28.533	23.1067
83967	28.5043	23.1234
83967	28.4757	23.1401
83967	28.4471	23.1567
83967	28.4184	23.1734
83967	28.3898	23.19
83967	28.3611	23.2067
83967	28.3325	23.2234
83967	28.3038	23.24
83967	28.2752	23.2567
83967	28.2465	23.2734
83967	28.2179	23.29
83967	28.1892	23.3067
83967	28.1606	23.3233
83967	28.1319	23.34
83967	28.1033	23.3567
83967	28.0746	23.3733
83967	28.046	23.39
83967	28.0173	23.4067
83967	27.9887	23.4233
83967	27.96	23.44
83967	27.9314	23.4566
83967	27.9028	23.4733
83967	27.8741	23.49
83967	27.8455	23.5066
83967	27.8168	23.5233
83967	27.7882	23.54
83967	27.7595	23.5566
83967	27.7309	23.5733
83967	27.7022	23.59
83967	27.6736	23.6066
83967	27.6449	23.6233
83967	27.6163	23.6399
83967	27.5876	23.6566
83967	27.559	23.6733
83967	27.5303	23.6899
83967	27.5017	23.7066
83967	27.473	23.7233
83967	27.4444	23.7399
83967	27.4157	23.7566
83967	27.3871	23.7732
83967	27.3584	23.7899
83967	27.3298	23.8066
83967	27.3012	23.8232
83967	27.2725	23.8399
83967	27.2439	23.8566
83967	27.2152	23.8732
83967	27.1866	23.8899
83967	27.1579	23.9065
83967	27.1293	23.9232
83967	27.1006	23.9399
83967	27.072	23.9565
83967	27.0433	23.9732
83967	27.0147	23.9899
83967	26.986	24.0065
83967	26.9574	24.0232
83967	26.9287	24.0398
83967	26.9001	24.0565
83967	26.8714	24.0732
83967	26.8428	24.0898
83967	26.8141	24.1065
83967	26.7855	24.1232
83967	26.7569	24.1398
83967	26.7282	24.1565
83967	26.6996	24.1731
83967	26.6709	24.1898
83967	26.6423	24.2065
83967	26.6136	24.2231
83967	26.585	24.2398
83967	26.5563	24.2565
83967	26.5277	24.2731
83967	26.499	24.2898
83967	26.4704	24.3064
83967	26.4417	24.3231
83967	26.4131	24.3398
83967	26.3844	24.3564
83967	26.3558	24.3731
83967	26.3271	24.3898
83967	26.2985	24.4064
83967	26.2698	24.4231
83967	26.2412	24.4397
83967	26.2125	24.4564
83967	26.1839	24.4731
83967	26.1553	24.4897
83967	26.1266	24.5064
83967	26.098	24.5231
83967	26.0693	24.5397
83967	26.0407	24.5564
83967	26.012	24.573
83967	25.9834	24.5897
83967	25.9547	24.6064
83967	25.9261	24.623
83967	25.8974	24.6397
83967	25.8688	24.6564
83967	25.8401	24.673
83967	25.8115	24.6897
83967	25.7828	24.7063
83967	25.7542	24.723
83967	25.7255	24.7397
83967	25.6969	24.7563
83967	25.6682	24.773
83967	25.6396	24.7897
83967	25.611	24.8063
83967	25.5823	24.823
83967	25.5537	24.8396
83967	25.525	24.8563
83967	25.4964	24.873
83967	25.4677	24.8896
83967	25.4391	24.9063
83967	25.4104	24.923
83967	25.3818	24.9396
83967	25.3531	24.9563
83967	25.3245	24.9729
83967	25.2958	24.9896
83967	25.2672	25.0063
83967	25.2385	25.0229
83967	25.2099	25.0396
83967	25.1812	25.0563
83967	25.1526	25.0729
83967	25.1239	25.0896
83967	25.0953	25.1062
83967	25.0667	25.1229
83967	25.038	25.1396
83967	25.0094	25.1562
83967	24.9807	25.1729
83967	24.9521	25.1896
83967	24.9234	25.2062
83967	24.8948	25.2229
83967	24.8661	25.2395
83967	24.8375	25.2562
83967	24.8088	25.2729
83967	24.7802	25.2895
83967	24.7515	25.3062
83967	24.7229	25.3229
83967	24.6942	25.3395
83967	24.6656	25.3562
83967	24.6369	25.3728
83967	24.6083	25.3895
83967	24.5796	25.4062
83967	24.551	25.4228
83967	24.5223	25.4395
83967	24.4937	25.4562
83967	24.4651	25.4728
83967	24.4364	25.4895
83967	24.4078	25.5061
83967	24.3791	25.5228
83967	24.3505	25.5395
83967	24.3218	25.5561
83967	24.2932	25.5728
83967	24.2645	25.5895
83967	24.2359	25.6061
83967	24.2072	25.6228
83967	24.1786	25.6395
83967	24.1499	25.6561
83967	24.1213	25.6728
83967	24.0926	25.6894
83967	24.064	25.7061
83967	24.0353	25.7228
83967	24.0067	25.7394
83967	23.978	25.7561
83967	23.9494	25.7728
83967	23.9208	25.7894
83967	23.8921	25.8061
83967	23.8635	25.8227
83967	23.8348	25.8394
83967	23.8062	25.8561
83967	23.7775	25.8727
83967	23.7489	25.8894
83967	23.7202	25.9061
83967	23.6916	25.9227
83967	23.6629	25.9394
83967	23.6343	25.956
83967	23.6056	25.9727
83967	23.577	25.9894
83967	23.5483	26.006
83967	23.5197	26.0227
83967	23.491	26.0394
83967	23.4624	26.056
83967	23.4337	26.0727
83967	23.4051	26.0893
83967	23.3764	26.106
83967	23.3478	26.1227
83967	23.3192	26.1393
83967	23.2905	26.156
83967	23.2619	26.1727
83967	23.2332	26.1893
83967	23.2046	26.206
83967	23.1759	26.2226
83967	23.1473	26.2393
83967	23.1186	26.256
83967	23.09	26.2726
83967	23.0613	26.2893
83967	23.0327	26.306
83967	23.004	26.3226
83967	22.9754	26.3393
83967	22.9467	26.3559
83967	22.9181	26.3726
83967	22.8894	26.3893
83967	22.8608	26.4059
83967	22.8321	26.4226
83967	22.8035	26.4393
83967	22.7749	26.4559
83967	22.7462	26.4726
83967	22.7176	26.4892
83967	22.6889	26.5059
83967	22.6603	26.5226
83967	22.6316	26.5392
83967	22.603	26.5559
83967	22.5743	26.5726
83967	22.5457	26.5892
83967	22.517	26.6059
83967	22.4884	26.6225
83967	22.4597	26.6392
83967	22.4311	26.6559
83967	22.4024	26.6725
83967	22.3738	26.6892
83967	22.3451	26.7059
83967	22.3165	26.7225
83967	22.2878	26.7392
83967	22.2592	26.7558
83967	22.2305	26.7725
83967	22.2019	26.7892
83967	22.1733	26.8058
83967	22.1446	26.8225
83967	22.116	26.8392
83967	22.0873	26.8558
83967	22.0587	26.8725
83967	22.03	26.8891
83967	22.0014	26.9058
83967	21.9727	26.9225
83967	21.9441	26.9391
83967	21.9154	26.9558
83967	21.8868	26.9725
83967	21.8581	26.9891
83967	21.8295	27.0058
83967	21.8008	27.0224
83967	21.7722	27.0391
83967	21.7435	27.0558
83967	21.7149	27.0724
83967	21.6862	27.0891
83967	21.6576	27.1058
83967	21.629	27.1224
83967	21.6003	27.1391
83967	21.5717	27.1557
83967	21.543	27.1724
83967	21.5144	27.1891
83967	21.4857	27.2057
83967	21.4571	27.2224
83967	21.4284	27.2391
83967	21.3998	27.2557
83967	21.3711	27.2724
83967	21.3425	27.289
83967	21.3138	27.3057
83967	21.2852	27.3224
83967	21.2565	27.339
83967	21.2279	27.3557
83967	21.1992	27.3724
83967	21.1706	27.389
83967	21.1419	27.4057
83967	21.1133	27.4223
83967	21.0847	27.439
83967	21.056	27.4557
83967	21.0274	27.4723
83967	20.9987	27.489
83967	20.9701	27.5057
83967	20.9414	27.5223
83967	20.9128	27.539
83967	20.8841	27.5556
83967	20.8555	27.5723
83967	20.8268	27.589
83967	20.7982	27.6056
83967	20.7695	27.6223
83967	20.7409	27.639
83967	20.7122	27.6556
83967	20.6836	27.6723
83967	20.6549	27.6889
83967	20.6263	27.7056
83967	20.5976	27.7223
83967	20.569	27.7389
83967	20.5403	27.7556
83967	20.5117	27.7723
83967	20.4831	27.7889
83967	20.4544	27.8056
83967	20.4258	27.8223
83967	20.3971	27.8389
83967	20.3685	27.8556
83967	20.3398	27.8722
83967	20.3112	27.8889
83967	20.2825	27.9056
83967	20.2539	27.9222
83967	20.2252	27.9389
83967	20.1966	27.9556
83967	20.1679	27.9722
83967	20.1393	27.9889
83967	20.1106	28.0055
83967	20.082	28.0222
83967	20.0533	28.0389
83967	20.0247	28.0555
83967	19.996	28.0722
83967	19.9674	28.0889
83967	19.9388	28.1055
83967	19.9101	28.1222
83967	19.8815	28.1388
83967	19.8528	28.1555
83967	19.8242	28.1722
83967	19.7955	28.1888
83967	19.7669	28.2055
83967	19.7382	28.2222
83967	19.7096	28.2388
83967	19.6809	28.2555
83967	19.6523	28.2721
83967	19.6236	28.2888
83967	19.595	28.3055
83967	19.5663	28.3221
83967	19.5377	28.3388
83967	19.509	28.3555
83967	19.4804	28.3721
83967	19.4517	28.3888
83967	19.4231	28.4054
83967	19.3944	28.4221
83967	19.3658	28.4388
83967	19.3372	28.4554
83967	19.3085	28.4721
83967	19.2799	28.4888
83967	19.2512	28.5054
83967	19.2226	28.5221
83967	19.1939	28.5387
83967	19.1653	28.5554
83967	19.1366	28.5721
83967	19.108	28.5887
83967	19.0793	28.6054
83967	19.0507	28.6221
83967	19.022	28.6387
83967	18.9934	28.6554
83967	18.9647	28.672
83967	18.9361	28.6887
83967	18.9074	28.7054
83967	18.8788	28.722
83967	18.8501	28.7387
83967	18.8215	28.7554
83967	18.7929	28.772
83967	18.7642	28.7887
83967	18.7356	28.8053
83967	18.7069	28.822
83967	18.6783	28.8387
83967	18.6496	28.8553
83967	18.621	28.872
83967	18.5923	28.8887
83967	18.5637	28.9053
83967	18.535	28.922
83967	18.5064	28.9386
83967	18.4777	28.9553
83967	18.4491	28.972
83967	18.4204	28.9886
83967	18.3918	29.0053
83967	18.3631	29.022
83967	18.3345	29.0386
83967	18.3058	29.0553
83967	18.2772	29.0719
83967	18.2486	29.0886
83967	18.2199	29.1053
83967	18.1913	29.1219
83967	18.1626	29.1386
83967	18.134	29.1553
83967	18.1053	29.1719
83967	18.0767	29.1886
83967	18.048	29.2052
83967	18.0194	29.2219
83967	17.9907	29.2386
83967	17.9621	29.2552
83967	17.9334	29.2719
83967	17.9048	29.2886
83967	17.8761	29.3052
83967	17.8475	29.3219
83967	17.8188	29.3385
83967	17.7902	29.3552
83967	17.7615	29.3719
83967	17.7329	29.3885
83967	17.7042	29.4052
83967	17.6756	29.4219
83967	17.647	29.4385
83967	17.6183	29.4552
83967	17.5897	29.4718
83967	17.561	29.4885
83967	17.5324	29.5052
83967	17.5037	29.5218
83967	17.4751	29.5385
83967	17.4464	29.5552
83967	17.4178	29.5718
83967	17.3891	29.5885
83967	17.3605	29.6051
83967	17.3318	29.6218
83967	17.3032	29.6385
83967	17.2745	29.6551
83967	17.2459	29.6718
83967	17.2172	29.6885
83967	17.1886	29.7051
83967	17.1599	29.7218
83967	17.1313	29.7384
83967	17.1026	29.7551
83967	17.074	29.7718
83967	17.0454	29.7884
83967	17.0167	29.8051
83967	16.9881	29.8218
83967	16.9594	29.8384
83967	16.9308	29.8551
83967	16.9021	29.8717
83967	16.8735	29.8884
83967	16.8448	29.9051
83967	16.8162	29.9217
83967	16.7875	29.9384
83967	16.7589	29.9551
83967	16.7302	29.9717
83967	16.7016	29.9884
83967	16.6729	30.0051
83967	16.6443	30.0217
83967	16.6156	30.0384
83967	16.587	30.055
83967	16.5583	30.0717
83967	16.5297	30.0884
83967	16.5011	30.105
83967	16.4724	30.1217
83967	16.4438	30.1384
83967	16.4151	30.155
83967	16.3865	30.1717
83967	16.3578	30.1883
83967	16.3292	30.205
83967	16.3005	30.2217
83967	16.2719	30.2383
83967	16.2432	30.255
83967	16.2146	30.2717
83967	16.1859	30.2883
83967	16.1573	30.305
83967	16.1286	30.3216
83967	16.1	30.3383
83967	16.0713	30.355
83967	16.0427	30.3716
83967	16.014	30.3883
83967	15.9854	30.405
83967	15.9568	30.4216
83967	15.9281	30.4383
83967	15.8995	30.4549
83967	15.8708	30.4716
83967	15.8422	30.4883
83967	15.8135	30.5049
83967	15.7849	30.5216
83967	15.7562	30.5383
83967	15.7276	30.5549
83967	15.6989	30.5716
83967	15.6703	30.5882
83967	15.6416	30.6049
83967	15.613	30.6216
83967	15.5843	30.6382
83967	15.5557	30.6549
83967	15.527	30.6716
83967	15.4984	30.6882
83967	15.4697	30.7049
83967	15.4411	30.7215
83967	15.4124	30.7382
83967	15.3838	30.7549
83967	15.3552	30.7715
83967	15.3265	30.7882
83967	15.2979	30.8049
83967	15.2692	30.8215
83967	15.2406	30.8382
83967	15.2119	30.8548
83967	15.1833	30.8715
83967	15.1546	30.8882
83967	15.126	30.9048
83967	15.0973	30.9215
83967	15.0687	30.9382
83967	15.04	30.9548
83967	15.0114	30.9715
83967	14.9827	30.9881
83967	14.9541	31.0048
83967	14.9254	31.0215
83967	14.8968	31.0381
83967	14.8681	31.0548
83967	14.8395	31.0715
83967	14.8109	31.0881
83967	14.7822	31.1048
83967	14.7536	31.1214
83967	14.7249	31.1381
83967	14.6963	31.1548
83967	14.6676	31.1714
83967	14.639	31.1881
83967	14.6103	31.2048
83967	14.5817	31.2214
83967	14.553	31.2381
83967	14.5244	31.2547
83967	14.4957	31.2714
83967	14.4671	31.2881
83967	14.4384	31.3047
83967	14.4098	31.3214
83967	14.3811	31.3381
83967	14.3525	31.3547
83967	14.3238	31.3714
83967	14.2952	31.388
83967	14.2666	31.4047
83967	14.2379	31.4214
83967	14.2093	31.438
83967	14.1806	31.4547
83967	14.152	31.4714
83967	14.1233	31.488
83967	14.0947	31.5047
83967	14.066	31.5213
83967	14.0374	31.538
83967	14.0087	31.5547
83967	13.9801	31.5713
83967	13.9514	31.588
83967	13.9228	31.6047
83967	13.8941	31.6213
83967	13.8655	31.638
83967	13.8368	31.6546
83967	13.8082	31.6713
83967	13.7795	31.688
83967	13.7509	31.7046
83967	13.7222	31.7213
83967	13.6936	31.738
83967	13.665	31.7546
83967	13.6363	31.7713
83967	13.6077	31.7879
83967	13.579	31.8046
83967	13.5504	31.8213
83967	13.5217	31.8379
83967	13.4931	31.8546
83967	13.4644	31.8713
83967	13.4358	31.8879
83967	13.4071	31.9046
83967	13.3785	31.9212
83967	13.3498	31.9379
83967	13.3212	31.9546
83967	13.2925	31.9712
83967	13.2639	31.9879
83967	13.2352	32.0046
83967	13.2066	32.0212
83967	13.1779	32.0379
83967	13.1493	32.0546
83967	13.1207	32.0712
83967	13.092	32.0879
83967	13.0634	32.1045
83967	13.0347	32.1212
83967	13.0061	32.1379
83967	12.9774	32.1545
83967	12.9488	32.1712
83967	12.9201	32.1879
83967	12.8915	32.2045
83967	12.8628	32.2212
83967	12.8342	32.2378
83967	12.8055	32.2545
83967	12.7769	32.2712
83967	12.7482	32.2878
83967	12.7196	32.3045
83967	12.6909	32.3212
83967	12.6623	32.3378
83967	12.6336	32.3545
83967	12.605	32.3711
83967	12.5763	32.3878
83967	12.5477	32.4045
83967	12.5191	32.4211
83967	12.4904	32.4378
83967	12.4618	32.4545
83967	12.4331	32.4711
83967	12.4045	32.4878
83967	12.3758	32.5044
83967	12.3472	32.5211
83967	12.3185	32.5378
83967	12.2899	32.5544
83967	12.2612	32.5711
83967	12.2326	32.5878
83967	12.2039	32.6044
83967	12.1753	32.6211
83967	12.1466	32.6377
83967	12.118	32.6544
83967	12.0893	32.6711
83967	12.0607	32.6877
83967	12.032	32.7044
83967	12.0034	32.7211
83967	11.9748	32.7377
83967	11.9461	32.7544
83967	11.9175	32.771
83967	11.8888	32.7877
83967	11.8602	32.8044
83967	11.8315	32.821
83967	11.8029	32.8377
83967	11.7742	32.8544
83967	11.7456	32.871
83967	11.7169	32.8877
83967	11.6883	32.9043
83967	11.6596	32.921
83967	11.631	32.9377
83967	11.6023	32.9543
83967	11.5737	32.971
83967	11.545	32.9877
83967	11.5164	33.0043
83967	11.4877	33.021
83967	11.4591	33.0376
83967	11.4304	33.0543
83967	11.4018	33.071
83967	11.3732	33.0876
83967	11.3445	33.1043
83967	11.3159	33.121
83967	11.2872	33.1376
83967	11.2586	33.1543
83967	11.2299	33.1709
83967	11.2013	33.1876
83967	11.1726	33.2043
83967	11.144	33.2209
83967	11.1153	33.2376
83967	11.0867	33.2543
83967	11.058	33.2709
83967	11.0294	33.2876
83967	11.0007	33.3042
83967	10.9721	33.3209
83967	10.9434	33.3376
83967	10.9148	33.3542
83967	10.8861	33.3709
83967	10.8575	33.3876
83967	10.8289	33.4042
83967	10.8002	33.4209
83967	10.7716	33.4375
83967	10.7429	33.4542
83967	10.7143	33.4709
83967	10.6856	33.4875
83967	10.657	33.5042
83967	10.6283	33.5209
83967	10.5997	33.5375
83967	10.571	33.5542
83967	10.5424	33.5708
83967	10.5137	33.5875
83967	10.4851	33.6042
83967	10.4564	33.6208
83967	10.4278	33.6375
83967	10.3991	33.6542
83967	10.3705	33.6708
83967	10.3418	33.6875
83967	10.3132	33.7041
83967	10.2845	33.7208
83967	10.2559	33.7375
83967	10.2273	33.7541
83967	10.1986	33.7708
83967	10.17	33.7875
83967	10.1413	33.8041
83967	10.1127	33.8208
83967	10.084	33.8374
83967	10.0554	33.8541
83967	10.0267	33.8708
83967	9.99808	33.8874
83967	9.96943	33.9041
83967	9.94078	33.9208
83967	9.91213	33.9374
83967	9.88348	33.9541
83967	9.85484	33.9707
83967	9.82619	33.9874
83967	9.79754	34.0041
83967	9.7689	34.0207
83967	9.74025	34.0374
83967	9.7116	34.0541
83967	9.68295	34.0707
83967	9.65431	34.0874
83967	9.62566	34.104
83967	9.59701	34.1207
83967	9.56836	34.1374
83967	9.53972	34.154
83967	9.51107	34.1707
83967	9.48242	34.1874
83967	9.45377	34.204
83967	9.42513	34.2207
83967	9.39648	34.2374
83967	9.36783	34.254
83967	9.33918	34.2707
83967	9.31054	34.2873
83967	9.28189	34.304
83967	9.25324	34.3207
83967	9.22459	34.3373
83967	9.19595	34.354
83967	9.1673	34.3707
83967	9.13865	34.3873
83967	9.11	34.404
83967	9.08136	34.4206
83967	9.05271	34.4373
83967	9.02406	34.454
83967	8.99541	34.4706
83967	8.96677	34.4873
83967	8.93812	34.504
83967	8.90947	34.5206
83967	8.88082	34.5373
83967	8.85218	34.5539
83967	8.82353	34.5706
83967	8.79488	34.5873
83967	8.76623	34.6039
83967	8.73759	34.6206
83967	8.70894	34.6373
83967	8.68029	34.6539
83967	8.65164	34.6706
83967	8.623	34.6872
83967	8.59435	34.7039
83967	8.5657	34.7206
83967	8.53705	34.7372
83967	8.50841	34.7539
83967	8.47976	34.7706
83967	8.45111	34.7872
83967	8.42246	34.8039
83967	8.39382	34.8205
83967	8.36517	34.8372
83967	8.33652	34.8539
83967	8.30787	34.8705
83967	8.27923	34.8872
83967	8.25058	34.9039
83967	8.22193	34.9205
83967	8.19328	34.9372
83967	8.16464	34.9538
83967	8.13599	34.9705
83967	8.10734	34.9872
83967	8.07869	35.0038
83967	8.05005	35.0205
83967	8.0214	35.0372
83967	7.99275	35.0538
83967	7.9641	35.0705
83967	7.93546	35.0871
83967	7.90681	35.1038
83967	7.87816	35.1205
83967	7.84951	35.1371
83967	7.82087	35.1538
83967	7.79222	35.1705
83967	7.76357	35.1871
83967	7.73492	35.2038
83967	7.70628	35.2204
83967	7.67763	35.2371
83967	7.64898	35.2538
83967	7.62033	35.2704
83967	7.59169	35.2871
83967	7.56304	35.3038
83967	7.53439	35.3204
83967	7.50574	35.3371
83967	7.4771	35.3537
83967	7.44845	35.3704
83967	7.4198	35.3871
83967	7.39115	35.4037
83967	7.36251	35.4204
83967	7.33386	35.4371
83967	7.30521	35.4537
83967	7.27656	35.4704
83967	7.24792	35.487
83967	7.21927	35.5037
83967	7.19062	35.5204
83967	7.16197	35.537
83967	7.13333	35.5537
83967	7.10468	35.5704
83967	7.07603	35.587
83967	7.04738	35.6037
83967	7.01873	35.6203
83967	6.99009	35.637
83967	6.96144	35.6537
83967	6.93279	35.6703
83967	6.90414	35.687
83967	6.8755	35.7037
83967	6.84685	35.7203
83967	6.8182	35.737
83967	6.78955	35.7536
83967	6.7609	35.7703
83967	6.73226	35.787
83967	6.70361	35.8036
83967	6.67496	35.8203
83967	6.64631	35.837
83967	6.61766	35.8536
83967	6.58902	35.8703
83967	6.56037	35.8869
83967	6.53172	35.9036
83967	6.50307	35.9203
83967	6.47442	35.9369
83967	6.44578	35.9536
83967	6.41713	35.9703
83967	6.38848	35.9869
83967	6.35983	36.0036
83967	6.33119	36.0202
83967	6.30254	36.0369
83967	6.27389	36.0536
83967	6.24524	36.0702
83967	6.21659	36.0869
83967	6.18795	36.1036
83967	6.1593	36.1202
83967	6.13065	36.1369
83967	6.102	36.1535
83967	6.07335	36.1702
83967	6.04471	36.1869
83967	6.01606	36.2035
83967	5.98741	36.2202
83967	5.95876	36.2369
83967	5.93011	36.2535
83967	5.90147	36.2702
83967	5.87282	36.2868
83967	5.84417	36.3035
83967	5.81552	36.3202
83967	5.78687	36.3368
83967	5.75823	36.3535
83967	5.72958	36.3702
83967	5.70093	36.3868
83967	5.67228	36.4035
83967	5.64364	36.4202
83967	5.61499	36.4368
83967	5.58634	36.4535
83967	5.55769	36.4701
83967	5.52904	36.4868
83967	5.5004	36.5035
83967	5.47175	36.5201
83967	5.4431	36.5368
83967	5.41445	36.5535
83967	5.3858	36.5701
83967	5.35716	36.5868
83967	5.32851	36.6034
83967	5.29986	36.6201
83967	5.27121	36.6368
83967	5.24256	36.6534
83967	5.21392	36.6701
83967	5.18527	36.6868
83967	5.15662	36.7034
83967	5.12797	36.7201
83967	5.09933	36.7367
83967	5.07068	36.7534
83967	5.04203	36.7701
83967	5.01338	36.7867
83967	4.98473	36.8034
83967	4.95609	36.8201
83967	4.92744	36.8367
83967	4.89879	36.8534
83967	4.87014	36.87
83967	4.84149	36.8867
83967	4.81285	36.9034
83967	4.7842	36.92
83967	4.75555	36.9367
83967	4.7269	36.9534
83967	4.69825	36.97
83967	4.66961	36.9867
83967	4.64096	37.0033
83967	4.61231	37.02
83967	4.58366	37.0367
83967	4.55501	37.0533
83967	4.52637	37.07
83967	4.49772	37.0867
83967	4.46907	37.1033
83967	4.44042	37.12
83967	4.41178	37.1366
83967	4.38313	37.1533
83967	4.35448	37.17
83967	4.32583	37.1866
83967	4.29718	37.2033
83967	4.26854	37.22
83967	4.23989	37.2366
83967	4.21124	37.2533
83967	4.18259	37.2699
83967	4.15394	37.2866
83967	4.1253	37.3033
83967	4.09665	37.3199
83967	4.068	37.3366
83967	4.03935	37.3533
83967	4.0107	37.3699
83967	3.98206	37.3866
83967	3.95341	37.4032
83967	3.92476	37.4199
83967	3.89611	37.4366
83967	3.86747	37.4532
83967	3.83882	37.4699
83967	3.81017	37.4866
83967	3.78152	37.5032
83967	3.75287	37.5199
83967	3.72423	37.5365
83967	3.69558	37.5532
83967	3.66693	37.5699
83967	3.63828	37.5865
83967	3.60963	37.6032
83967	3.58099	37.6199
83967	3.55234	37.6365
83967	3.52369	37.6532
83967	3.49504	37.6698
83967	3.46639	37.6865
83967	3.43775	37.7032
83967	3.4091	37.7198
83967	3.38045	37.7365
83967	3.3518	37.7532
83967	3.32315	37.7698
83967	3.29451	37.7865
83967	3.26586	37.8031
83967	3.23721	37.8198
83967	3.20856	37.8365
83967	3.17992	37.8531
83967	3.15127	37.8698
83967	3.12262	37.8865
83967	3.09397	37.9031
83967	3.06532	37.9198
83967	3.03668	37.9364
83967	3.00803	37.9531
83967	2.97938	37.9698
83967	2.95073	37.9864
83967	2.92208	38.0031
83967	2.89344	38.0198
83967	2.86479	38.0364
83967	2.83614	38.0531
83967	2.80749	38.0697
83967	2.77884	38.0864
83967	2.7502	38.1031
83967	2.72155	38.1197
83967	2.6929	38.1364
83967	2.66425	38.1531
83967	2.63561	38.1697
83967	2.60696	38.1864
83967	2.57831	38.203
83967	2.54966	38.2197
83967	2.52101	38.2364
83967	2.49237	38.253
83967	2.46372	38.2697
83967	2.43507	38.2864
83967	2.40642	38.303
83967	2.37777	38.3197
83967	2.34913	38.3363
83967	2.32048	38.353
83967	2.29183	38.3697
83967	2.26318	38.3863
83967	2.23453	38.403
83967	2.20589	38.4197
83967	2.17724	38.4363
83967	2.14859	38.453
83967	2.11994	38.4697
83967	2.09129	38.4863
83967	2.06265	38.503
83967	2.034	38.5196
83967	2.00535	38.5363
83967	1.9767	38.553
83967	1.94806	38.5696
83967	1.91941	38.5863
83967	1.89076	38.603
83967	1.86211	38.6196
83967	1.83346	38.6363
83967	1.80482	38.6529
83967	1.77617	38.6696
83967	1.74752	38.6863
83967	1.71887	38.7029
83967	1.69022	38.7196
83967	1.66158	38.7363
83967	1.63293	38.7529
83967	1.60428	38.7696
83967	1.57563	38.7862
83967	1.54699	38.8029
83967	1.51834	38.8196
83967	1.48969	38.8362
83967	1.46104	38.8529
83967	1.43239	38.8696
83967	1.40375	38.8862
83967	1.3751	38.9029
83967	1.34645	38.9195
83967	1.3178	38.9362
83967	1.28916	38.9529
83967	1.26051	38.9695
83967	1.23186	38.9862
83967	1.20321	39.0029
83967	1.17456	39.0195
83967	1.14592	39.0362
83967	1.11727	39.0528
83967	1.08862	39.0695
83967	1.05997	39.0862
83967	1.03132	39.1028
83967	1.00268	39.1195
83967	0.974029	39.1362
83967	0.945382	39.1528
83967	0.916734	39.1695
83967	0.888086	39.1861
83967	0.859438	39.2028
83967	0.83079	39.2195
83967	0.802142	39.2361
83967	0.773495	39.2528
83967	0.744847	39.2695
83967	0.716199	39.2861
83967	0.687551	39.3028
83967	0.658903	39.3194
83967	0.630255	39.3361
83967	0.601607	39.3528
83967	0.57296	39.3694
83967	0.544312	39.3861
83967	0.515664	39.4028
83967	0.487016	39.4194
83967	0.458368	39.4361
83967	0.42972	39.4527
83967	0.401072	39.4694
83967	0.372425	39.4861
83967	0.343777	39.5027
83967	0.315129	39.5194
83967	0.286481	39.5361
83967	0.257833	39.5527
83967	0.229185	39.5694
83967	0.200537	39.586
83967	0.17189	39.6027
83967	0.143242	39.6194
83967	0.114594	39.636
83967	0.085946	39.6527
83967	0.0572982	39.6694
83967	0.0286503	39.686
83967	2.46127e-06	39.7027
83967	-0.0286454	39.7193
83967	0	39.736
83967	0	39.7527
83967	0	39.7693
83967	0	39.786
83967	0	39.8027
83967	0	39.8193
83967	0	39.836
83967	0	39.8526
83967	0	39.8693
83967	0	39.886
83967	0	39.9026
83967	0	39.9193
83967	0	39.936
83967	0	39.9526
83967	0	39.9693
83967	0	39.9859
83967	0	40.0026
83967	0	40.0193
83967	0	40.0359
83967	0	40.0526
83967	0	40.0693
83967	0	40.0859
83967	0	40.1026
83967	0	40.1192
83967	0	40.1359
83967	0	40.1526
83967	0	40.1692
83967	0	40.1859
83967	0	40.2026
83967	0	40.2192
83967	0	40.2359
83967	0	40.2525
83967	0	40.2692
83967	0	40.2859
83967	0	40.3025
83967	0	40.3192
83967	0	40.3359
83967	0	40.3525
83967	0	40.3692
83967	0	40.3858
83967	0	40.4025
83967	0	40.4192
83967	0	40.4358
83967	0	40.4525
83967	0	40.4692
83967	0	40.4858
83967	0	40.5025
83967	0	40.5191
83967	0	40.5358
83967	0	40.5525
83966	0	40.5691
83966	0	40.5858
83966	0	40.6025
83966	0	40.6191
83966	0	40.6358
83966	0	40.6525
83966	0	40.6691
83966	0	40.6858
83966	0	40.7024
83966	0	40.7191
83966	0	40.7358
