inside_count	theta (degrees)	time (s)
40616	0.0286479	0.0162582
40616	0.0572957	0.0329247
40616	0.0859435	0.0495911
40615	0.114591	0.0662575
40612	0.143239	0.0829239
40612	0.171887	0.0995903
40612	0.200535	0.116257
40612	0.229183	0.132923
40612	0.257831	0.14959
40612	0.286479	0.166256
40612	0.315126	0.182922
40612	0.343774	0.199589
40612	0.372422	0.216255
40610	0.40107	0.232922
40610	0.429718	0.249588
40610	0.458366	0.266254
40610	0.487013	0.282921
40610	0.515661	0.299587
40610	0.544309	0.316254
40610	0.572957	0.33292
40608	0.601605	0.349586
40608	0.630253	0.366253
40608	0.658901	0.382919
40608	0.687548	0.399586
40607	0.716196	0.416252
40607	0.744844	0.432919
40606	0.773492	0.449585
40606	0.80214	0.466251
40606	0.830788	0.482918
40606	0.859436	0.499584
40606	0.888083	0.516251
40606	0.916731	0.532917
40606	0.945379	0.549583
40606	0.974027	0.56625
40606	1.00267	0.582916
40606	1.03132	0.599583
40606	1.05997	0.616249
40606	1.08862	0.632915
40606	1.11727	0.649582
40605	1.14591	0.666248
40605	1.17456	0.682915
40605	1.20321	0.699581
40604	1.23186	0.716248
40604	1.2605	0.732914
40604	1.28915	0.74958
40604	1.3178	0.766247
40603	1.34645	0.782913
40603	1.3751	0.79958
40601	1.40374	0.816246
40599	1.43239	0.832912
40599	1.46104	0.849579
40599	1.48969	0.866245
40599	1.51834	0.882912
40599	1.54698	0.899578
40599	1.57563	0.916245
40599	1.60428	0.932911
40599	1.63293	0.949577
40599	1.66157	0.966244
40599	1.69022	0.98291
40599	1.71887	0.999577
40599	1.74752	1.01624
40599	1.77617	1.03291
40599	1.80481	1.04958
40599	1.83346	1.06624
40599	1.86211	1.08291
40598	1.89076	1.09958
40598	1.9194	1.11624
40597	1.94805	1.13291
40596	1.9767	1.14957
40596	2.00535	1.16624
40596	2.034	1.18291
40596	2.06264	1.19957
40596	2.09129	1.21624
40596	2.11994	1.23291
40596	2.14859	1.24957
40596	2.17724	1.26624
40596	2.20588	1.28291
40596	2.23453	1.29957
40596	2.26318	1.31624
40596	2.29183	1.3329
40596	2.32048	1.34957
40596	2.34912	1.36624
40596	2.37777	1.3829
40595	2.40642	1.39957
40594	2.43507	1.41624
40594	2.46372	1.4329
40594	2.49236	1.44957
40594	2.52101	1.46624
40593	2.54966	1.4829
40593	2.57831	1.49957
40591	2.60695	1.51624
40591	2.6356	1.5329
40591	2.66425	1.54957
40590	2.6929	1.56623
40590	2.72155	1.5829
40590	2.75019	1.59957
40590	2.77884	1.61623
40590	2.80749	1.6329
40590	2.83614	1.64957
40590	2.86479	1.66623
40589	2.89343	1.6829
40589	2.92208	1.69957
40589	2.95073	1.71623
40589	2.97938	1.7329
40589	3.00803	1.74957
40589	3.03667	1.76623
40589	3.06532	1.7829
40589	3.09397	1.79956
40589	3.12262	1.81623
40589	3.15126	1.8329
40589	3.17991	1.84956
40589	3.20856	1.86623
40589	3.23721	1.8829
40589	3.26586	1.89956
40589	3.2945	1.91623
40587	3.32315	1.9329
40586	3.3518	1.94956
40586	3.38045	1.96623
40586	3.4091	1.98289
40586	3.43774	1.99956
40586	3.46639	2.01623
40586	3.49504	2.03289
40585	3.52369	2.04956
40585	3.55234	2.06623
40585	3.58098	2.08289
40585	3.60963	2.09956
40585	3.63828	2.11623
40585	3.66693	2.13289
40585	3.69557	2.14956
40585	3.72422	2.16623
40585	3.75287	2.18289
40585	3.78152	2.19956
40585	3.81017	2.21622
40585	3.83881	2.23289
40585	3.86746	2.24956
40585	3.89611	2.26622
40585	3.92476	2.28289
40585	3.95341	2.29956
40585	3.98205	2.31622
40585	4.0107	2.33289
40585	4.03935	2.34956
40585	4.068	2.36622
40585	4.09665	2.38289
40585	4.12529	2.39956
40585	4.15394	2.41622
40585	4.18259	2.43289
40585	4.21124	2.44955
40585	4.23989	2.46622
40585	4.26853	2.48289
40585	4.29718	2.49955
40584	4.32583	2.51622
40584	4.35448	2.53289
40583	4.38312	2.54955
40583	4.41177	2.56622
40583	4.44042	2.58289
40583	4.46907	2.59955
40583	4.49772	2.61622
40583	4.52636	2.63288
40583	4.55501	2.64955
40582	4.58366	2.66622
40582	4.61231	2.68288
40582	4.64096	2.69955
40582	4.6696	2.71622
40581	4.69825	2.73288
40581	4.7269	2.74955
40580	4.75555	2.76622
40580	4.7842	2.78288
40580	4.81284	2.79955
40579	4.84149	2.81622
40579	4.87014	2.83288
40579	4.89879	2.84955
40579	4.92743	2.86621
40579	4.95608	2.88288
40579	4.98473	2.89955
40579	5.01338	2.91621
40579	5.04203	2.93288
40579	5.07067	2.94955
40579	5.09932	2.96621
40579	5.12797	2.98288
40579	5.15662	2.99955
40579	5.18527	3.01621
40579	5.21391	3.03288
40579	5.24256	3.04955
40579	5.27121	3.06621
40579	5.29986	3.08288
40579	5.32851	3.09954
40579	5.35715	3.11621
40579	5.3858	3.13288
40579	5.41445	3.14954
40579	5.4431	3.16621
40579	5.47175	3.18288
40579	5.50039	3.19954
40579	5.52904	3.21621
40579	5.55769	3.23288
40579	5.58634	3.24954
40579	5.61498	3.26621
40579	5.64363	3.28288
40579	5.67228	3.29954
40579	5.70093	3.31621
40579	5.72958	3.33287
40579	5.75822	3.34954
40578	5.78687	3.36621
40578	5.81552	3.38287
40578	5.84417	3.39954
40578	5.87282	3.41621
40578	5.90146	3.43287
40578	5.93011	3.44954
40578	5.95876	3.46621
40578	5.98741	3.48287
40578	6.01606	3.49954
40578	6.0447	3.5162
40578	6.07335	3.53287
40578	6.102	3.54954
40578	6.13065	3.5662
40578	6.1593	3.58287
40578	6.18794	3.59954
40578	6.21659	3.6162
40578	6.24524	3.63287
40578	6.27389	3.64954
40578	6.30253	3.6662
40578	6.33118	3.68287
40578	6.35983	3.69954
40578	6.38848	3.7162
40578	6.41713	3.73287
40578	6.44577	3.74953
40578	6.47442	3.7662
40578	6.50307	3.78287
40578	6.53172	3.79953
40578	6.56037	3.8162
40578	6.58901	3.83287
40578	6.61766	3.84953
40578	6.64631	3.8662
40578	6.67496	3.88287
40578	6.70361	3.89953
40578	6.73225	3.9162
40578	6.7609	3.93287
40578	6.78955	3.94953
40578	6.8182	3.9662
40578	6.84685	3.98286
40578	6.87549	3.99953
40578	6.90414	4.0162
40578	6.93279	4.03286
40578	6.96144	4.04953
40578	6.99008	4.0662
40578	7.01873	4.08286
40578	7.04738	4.09953
40578	7.07603	4.1162
40578	7.10468	4.13286
40578	7.13332	4.14953
40578	7.16197	4.16619
40578	7.19062	4.18286
40578	7.21927	4.19953
40578	7.24791	4.21619
40578	7.27656	4.23286
40578	7.30521	4.24953
40578	7.33386	4.26619
40578	7.3625	4.28286
40578	7.39115	4.29953
40578	7.4198	4.31619
40578	7.44845	4.33286
40578	7.47709	4.34953
40578	7.50574	4.36619
40578	7.53439	4.38286
40578	7.56304	4.39952
40578	7.59168	4.41619
40578	7.62033	4.43286
40578	7.64898	4.44952
40578	7.67763	4.46619
40578	7.70627	4.48286
40578	7.73492	4.49952
40578	7.76357	4.51619
40578	7.79222	4.53286
40578	7.82086	4.54952
40578	7.84951	4.56619
40578	7.87816	4.58286
40578	7.90681	4.59952
40578	7.93545	4.61619
40578	7.9641	4.63285
40578	7.99275	4.64952
40578	8.0214	4.66619
40578	8.05004	4.68285
40578	8.07869	4.69952
40578	8.10734	4.71619
40578	8.13599	4.73285
40578	8.16463	4.74952
40578	8.19328	4.76619
40578	8.22193	4.78285
40578	8.25058	4.79952
40578	8.27922	4.81618
40578	8.30787	4.83285
40578	8.33652	4.84952
40578	8.36517	4.86618
40578	8.39381	4.88285
40578	8.42246	4.89952
40578	8.45111	4.91618
40578	8.47976	4.93285
40578	8.5084	4.94952
40576	8.53705	4.96618
40566	8.5657	4.98285
40560	8.59435	4.99952
40555	8.62299	5.01618
40550	8.65164	5.03285
40547	8.68029	5.04951
40539	8.70894	5.06618
40536	8.73758	5.08285
40532	8.76623	5.09951
40525	8.79488	5.11618
40518	8.82353	5.13285
40509	8.85217	5.14951
40502	8.88082	5.16618
40496	8.90947	5.18285
40490	8.93812	5.19951
40483	8.96676	5.21618
40481	8.99541	5.23285
40473	9.02406	5.24951
40463	9.05271	5.26618
40457	9.08135	5.28284
40449	9.11	5.29951
40439	9.13865	5.31618
40432	9.1673	5.33284
40422	9.19594	5.34951
40414	9.22459	5.36618
40405	9.25324	5.38284
40396	9.28189	5.39951
40387	9.31053	5.41618
40379	9.33918	5.43284
40370	9.36783	5.44951
40361	9.39648	5.46618
40348	9.42512	5.48284
40336	9.45377	5.49951
40324	9.48242	5.51617
40307	9.51107	5.53284
40295	9.53971	5.54951
40282	9.56836	5.56617
40269	9.59701	5.58284
40257	9.62566	5.59951
40242	9.6543	5.61617
40228	9.68295	5.63284
40216	9.7116	5.64951
40201	9.74024	5.66617
40189	9.76889	5.68284
40168	9.79754	5.6995
40151	9.82619	5.71617
40132	9.85484	5.73284
40114	9.88348	5.7495
40100	9.91213	5.76617
40081	9.94078	5.78284
40065	9.96943	5.7995
40046	9.99807	5.81617
40022	10.0267	5.83284
39999	10.0554	5.8495
39978	10.084	5.86617
39958	10.1127	5.88284
39935	10.1413	5.8995
39915	10.17	5.91617
39889	10.1986	5.93283
39871	10.2273	5.9495
39847	10.2559	5.96617
39823	10.2845	5.98283
39795	10.3132	5.9995
39772	10.3418	6.01617
39747	10.3705	6.03283
39722	10.3991	6.0495
39695	10.4278	6.06617
39669	10.4564	6.08283
39645	10.4851	6.0995
39616	10.5137	6.11617
39591	10.5424	6.13283
39566	10.571	6.1495
39533	10.5997	6.16616
39503	10.6283	6.18283
39475	10.657	6.1995
39450	10.6856	6.21616
39421	10.7143	6.23283
39393	10.7429	6.2495
39364	10.7716	6.26616
39336	10.8002	6.28283
39305	10.8288	6.2995
39276	10.8575	6.31616
39242	10.8861	6.33283
39215	10.9148	6.34949
39182	10.9434	6.36616
39149	10.9721	6.38283
39123	11.0007	6.39949
39089	11.0294	6.41616
39059	11.058	6.43283
39032	11.0867	6.44949
38998	11.1153	6.46616
38964	11.144	6.48283
38933	11.1726	6.49949
38906	11.2013	6.51616
38872	11.2299	6.53283
38837	11.2586	6.54949
38806	11.2872	6.56616
38777	11.3159	6.58282
38745	11.3445	6.59949
38713	11.3732	6.61616
38685	11.4018	6.63282
38649	11.4304	6.64949
38620	11.4591	6.66616
38589	11.4877	6.68282
38553	11.5164	6.69949
38519	11.545	6.71616
38488	11.5737	6.73282
38461	11.6023	6.74949
38430	11.631	6.76616
38396	11.6596	6.78282
38367	11.6883	6.79949
38335	11.7169	6.81615
38305	11.7456	6.83282
38268	11.7742	6.84949
38237	11.8029	6.86615
38206	11.8315	6.88282
38172	11.8602	6.89949
38143	11.8888	6.91615
38113	11.9175	6.93282
38079	11.9461	6.94949
38044	11.9747	6.96615
38012	12.0034	6.98282
37983	12.032	6.99949
37951	12.0607	7.01615
37921	12.0893	7.03282
37887	12.118	7.04948
37859	12.1466	7.06615
37830	12.1753	7.08282
37800	12.2039	7.09948
37770	12.2326	7.11615
37737	12.2612	7.13282
37702	12.2899	7.14948
37671	12.3185	7.16615
37638	12.3472	7.18282
37605	12.3758	7.19948
37578	12.4045	7.21615
37545	12.4331	7.23281
37516	12.4618	7.24948
37490	12.4904	7.26615
37463	12.5191	7.28281
37429	12.5477	7.29948
37398	12.5763	7.31615
37364	12.605	7.33281
37334	12.6336	7.34948
37305	12.6623	7.36615
37275	12.6909	7.38281
37243	12.7196	7.39948
37215	12.7482	7.41615
37185	12.7769	7.43281
37157	12.8055	7.44948
37124	12.8342	7.46614
37093	12.8628	7.48281
37061	12.8915	7.49948
37031	12.9201	7.51614
37000	12.9488	7.53281
36972	12.9774	7.54948
36940	13.0061	7.56614
36912	13.0347	7.58281
36880	13.0634	7.59948
36847	13.092	7.61614
36814	13.1206	7.63281
36786	13.1493	7.64948
36755	13.1779	7.66614
36725	13.2066	7.68281
36699	13.2352	7.69947
36665	13.2639	7.71614
36637	13.2925	7.73281
36606	13.3212	7.74947
36580	13.3498	7.76614
36553	13.3785	7.78281
36524	13.4071	7.79947
36500	13.4358	7.81614
36473	13.4644	7.83281
36441	13.4931	7.84947
36411	13.5217	7.86614
36384	13.5504	7.8828
36354	13.579	7.89947
36324	13.6077	7.91614
36297	13.6363	7.9328
36264	13.665	7.94947
36233	13.6936	7.96614
36208	13.7222	7.9828
36181	13.7509	7.99947
36153	13.7795	8.01614
36117	13.8082	8.0328
36086	13.8368	8.04947
36058	13.8655	8.06614
36027	13.8941	8.0828
35997	13.9228	8.09947
35973	13.9514	8.11613
35941	13.9801	8.1328
35912	14.0087	8.14947
35880	14.0374	8.16613
35853	14.066	8.1828
35818	14.0947	8.19947
35790	14.1233	8.21613
35762	14.152	8.2328
35730	14.1806	8.24947
35702	14.2093	8.26613
35672	14.2379	8.2828
35648	14.2665	8.29947
35615	14.2952	8.31613
35585	14.3238	8.3328
35554	14.3525	8.34946
35519	14.3811	8.36613
35489	14.4098	8.3828
35457	14.4384	8.39946
35427	14.4671	8.41613
35401	14.4957	8.4328
35366	14.5244	8.44946
35332	14.553	8.46613
35300	14.5817	8.4828
35269	14.6103	8.49946
35232	14.639	8.51613
35200	14.6676	8.53279
35166	14.6963	8.54946
35132	14.7249	8.56613
35101	14.7536	8.58279
35067	14.7822	8.59946
35034	14.8109	8.61613
35003	14.8395	8.63279
34965	14.8681	8.64946
34932	14.8968	8.66613
34897	14.9254	8.68279
34862	14.9541	8.69946
34826	14.9827	8.71613
34791	15.0114	8.73279
34752	15.04	8.74946
34715	15.0687	8.76612
34679	15.0973	8.78279
34635	15.126	8.79946
34597	15.1546	8.81612
34561	15.1833	8.83279
34521	15.2119	8.84946
34488	15.2406	8.86612
34447	15.2692	8.88279
34409	15.2979	8.89946
34366	15.3265	8.91612
34325	15.3552	8.93279
34282	15.3838	8.94946
34243	15.4124	8.96612
34197	15.4411	8.98279
34160	15.4697	8.99945
34120	15.4984	9.01612
34081	15.527	9.03279
34032	15.5557	9.04945
33991	15.5843	9.06612
33949	15.613	9.08279
33905	15.6416	9.09945
33859	15.6703	9.11612
33814	15.6989	9.13279
33776	15.7276	9.14945
33729	15.7562	9.16612
33680	15.7849	9.18279
33638	15.8135	9.19945
33594	15.8422	9.21612
33553	15.8708	9.23278
33503	15.8995	9.24945
33455	15.9281	9.26612
33415	15.9567	9.28278
33367	15.9854	9.29945
33321	16.014	9.31612
33280	16.0427	9.33278
33229	16.0713	9.34945
33184	16.1	9.36612
33143	16.1286	9.38278
33096	16.1573	9.39945
33051	16.1859	9.41611
33007	16.2146	9.43278
32959	16.2432	9.44945
32912	16.2719	9.46611
32864	16.3005	9.48278
32820	16.3292	9.49945
32774	16.3578	9.51611
32726	16.3865	9.53278
32678	16.4151	9.54945
32628	16.4438	9.56611
32578	16.4724	9.58278
32533	16.5011	9.59945
32480	16.5297	9.61611
32434	16.5583	9.63278
32387	16.587	9.64944
32338	16.6156	9.66611
32291	16.6443	9.68278
32245	16.6729	9.69944
32187	16.7016	9.71611
32132	16.7302	9.73278
32087	16.7589	9.74944
32038	16.7875	9.76611
31985	16.8162	9.78278
31931	16.8448	9.79944
31882	16.8735	9.81611
31828	16.9021	9.83278
31778	16.9308	9.84944
31722	16.9594	9.86611
31671	16.9881	9.88277
31619	17.0167	9.89944
31566	17.0454	9.91611
31506	17.074	9.93277
31462	17.1026	9.94944
31399	17.1313	9.96611
31350	17.1599	9.98277
31298	17.1886	9.99944
31247	17.2172	10.0161
31199	17.2459	10.0328
31141	17.2745	10.0494
31092	17.3032	10.0661
31034	17.3318	10.0828
30983	17.3605	10.0994
30921	17.3891	10.1161
30869	17.4178	10.1328
30809	17.4464	10.1494
30749	17.4751	10.1661
30696	17.5037	10.1828
30642	17.5324	10.1994
30585	17.561	10.2161
30527	17.5897	10.2328
30474	17.6183	10.2494
30418	17.647	10.2661
30354	17.6756	10.2828
30300	17.7042	10.2994
30246	17.7329	10.3161
30192	17.7615	10.3328
30132	17.7902	10.3494
30073	17.8188	10.3661
30014	17.8475	10.3828
29958	17.8761	10.3994
29900	17.9048	10.4161
29847	17.9334	10.4328
29782	17.9621	10.4494
29722	17.9907	10.4661
29664	18.0194	10.4828
29611	18.048	10.4994
29550	18.0767	10.5161
29494	18.1053	10.5328
29431	18.134	10.5494
29376	18.1626	10.5661
29327	18.1913	10.5828
29265	18.2199	10.5994
29205	18.2485	10.6161
29146	18.2772	10.6328
29092	18.3058	10.6494
29040	18.3345	10.6661
28979	18.3631	10.6828
28922	18.3918	10.6994
28868	18.4204	10.7161
28818	18.4491	10.7328
28753	18.4777	10.7494
28698	18.5064	10.7661
28641	18.535	10.7828
28585	18.5637	10.7994
28521	18.5923	10.8161
28470	18.621	10.8328
28410	18.6496	10.8494
28360	18.6783	10.8661
28288	18.7069	10.8828
28226	18.7356	10.8994
28162	18.7642	10.9161
28108	18.7929	10.9328
28053	18.8215	10.9494
27998	18.8501	10.9661
27937	18.8788	10.9828
27879	18.9074	10.9994
27821	18.9361	11.0161
27774	18.9647	11.0328
27724	18.9934	11.0494
27659	19.022	11.0661
27603	19.0507	11.0828
27541	19.0793	11.0994
27489	19.108	11.1161
27434	19.1366	11.1328
27376	19.1653	11.1494
27317	19.1939	11.1661
27258	19.2226	11.1828
27201	19.2512	11.1994
27148	19.2799	11.2161
27098	19.3085	11.2328
27037	19.3372	11.2494
26978	19.3658	11.2661
26924	19.3944	11.2828
26870	19.4231	11.2994
26809	19.4517	11.3161
26747	19.4804	11.3328
26688	19.509	11.3494
26635	19.5377	11.3661
26586	19.5663	11.3828
26520	19.595	11.3994
26461	19.6236	11.4161
26404	19.6523	11.4328
26345	19.6809	11.4494
26292	19.7096	11.4661
26240	19.7382	11.4827
26191	19.7669	11.4994
26138	19.7955	11.5161
26073	19.8242	11.5327
26016	19.8528	11.5494
25960	19.8815	11.5661
25906	19.9101	11.5827
25851	19.9387	11.5994
25794	19.9674	11.6161
25739	19.996	11.6327
25671	20.0247	11.6494
25620	20.0533	11.6661
25570	20.082	11.6827
25511	20.1106	11.6994
25461	20.1393	11.7161
25407	20.1679	11.7327
25347	20.1966	11.7494
25290	20.2252	11.7661
25227	20.2539	11.7827
25173	20.2825	11.7994
25117	20.3112	11.8161
25061	20.3398	11.8327
25005	20.3685	11.8494
24951	20.3971	11.8661
24895	20.4258	11.8827
24837	20.4544	11.8994
24777	20.4831	11.9161
24731	20.5117	11.9327
24668	20.5403	11.9494
24608	20.569	11.9661
24552	20.5976	11.9827
24494	20.6263	11.9994
24440	20.6549	12.0161
24391	20.6836	12.0327
24334	20.7122	12.0494
24267	20.7409	12.0661
24208	20.7695	12.0827
24152	20.7982	12.0994
24097	20.8268	12.1161
24044	20.8555	12.1327
23980	20.8841	12.1494
23918	20.9128	12.1661
23866	20.9414	12.1827
23807	20.9701	12.1994
23746	20.9987	12.2161
23701	21.0274	12.2327
23640	21.056	12.2494
23591	21.0846	12.2661
23531	21.1133	12.2827
23478	21.1419	12.2994
23422	21.1706	12.3161
23363	21.1992	12.3327
23308	21.2279	12.3494
23247	21.2565	12.3661
23187	21.2852	12.3827
23127	21.3138	12.3994
23068	21.3425	12.4161
23017	21.3711	12.4327
22961	21.3998	12.4494
22900	21.4284	12.4661
22845	21.4571	12.4827
22793	21.4857	12.4994
22736	21.5144	12.5161
22687	21.543	12.5327
22625	21.5717	12.5494
22568	21.6003	12.5661
22514	21.629	12.5827
22455	21.6576	12.5994
22398	21.6862	12.6161
22350	21.7149	12.6327
22283	21.7435	12.6494
22232	21.7722	12.6661
22181	21.8008	12.6827
22111	21.8295	12.6994
22050	21.8581	12.7161
21999	21.8868	12.7327
21937	21.9154	12.7494
21879	21.9441	12.7661
21835	21.9727	12.7827
21778	22.0014	12.7994
21720	22.03	12.8161
21660	22.0587	12.8327
21612	22.0873	12.8494
21566	22.116	12.8661
21515	22.1446	12.8827
21457	22.1733	12.8994
21404	22.2019	12.9161
21350	22.2305	12.9327
21303	22.2592	12.9494
21249	22.2878	12.9661
21189	22.3165	12.9827
21140	22.3451	12.9994
21084	22.3738	13.0161
21033	22.4024	13.0327
20966	22.4311	13.0494
20906	22.4597	13.0661
20848	22.4884	13.0827
20787	22.517	13.0994
20724	22.5457	13.1161
20667	22.5743	13.1327
20617	22.603	13.1494
20566	22.6316	13.1661
20514	22.6603	13.1827
20454	22.6889	13.1994
20403	22.7176	13.2161
20346	22.7462	13.2327
20295	22.7749	13.2494
20251	22.8035	13.2661
20200	22.8321	13.2827
20137	22.8608	13.2994
20085	22.8894	13.3161
20032	22.9181	13.3327
19983	22.9467	13.3494
19934	22.9754	13.3661
19883	23.004	13.3827
19829	23.0327	13.3994
19781	23.0613	13.4161
19733	23.09	13.4327
19680	23.1186	13.4494
19619	23.1473	13.4661
19560	23.1759	13.4827
19514	23.2046	13.4994
19458	23.2332	13.5161
19394	23.2619	13.5327
19342	23.2905	13.5494
19291	23.3192	13.5661
19239	23.3478	13.5827
19186	23.3764	13.5994
19131	23.4051	13.6161
19076	23.4337	13.6327
19028	23.4624	13.6494
18984	23.491	13.666
18927	23.5197	13.6827
18870	23.5483	13.6994
18822	23.577	13.716
18772	23.6056	13.7327
18724	23.6343	13.7494
18671	23.6629	13.766
18621	23.6916	13.7827
18576	23.7202	13.7994
18526	23.7489	13.816
18460	23.7775	13.8327
18409	23.8062	13.8494
18365	23.8348	13.866
18312	23.8635	13.8827
18265	23.8921	13.8994
18209	23.9207	13.916
18159	23.9494	13.9327
18111	23.978	13.9494
18054	24.0067	13.966
18004	24.0353	13.9827
17957	24.064	13.9994
17901	24.0926	14.016
17836	24.1213	14.0327
17780	24.1499	14.0494
17738	24.1786	14.066
17690	24.2072	14.0827
17642	24.2359	14.0994
17596	24.2645	14.116
17545	24.2932	14.1327
17492	24.3218	14.1494
17438	24.3505	14.166
17387	24.3791	14.1827
17341	24.4078	14.1994
17290	24.4364	14.216
17227	24.4651	14.2327
17179	24.4937	14.2494
17129	24.5223	14.266
17078	24.551	14.2827
17028	24.5796	14.2994
16981	24.6083	14.316
16929	24.6369	14.3327
16874	24.6656	14.3494
16818	24.6942	14.366
16771	24.7229	14.3827
16724	24.7515	14.3994
16683	24.7802	14.416
16627	24.8088	14.4327
16580	24.8375	14.4494
16529	24.8661	14.466
16480	24.8948	14.4827
16435	24.9234	14.4994
16386	24.9521	14.516
16341	24.9807	14.5327
16293	25.0094	14.5494
16242	25.038	14.566
16193	25.0666	14.5827
16144	25.0953	14.5994
16097	25.1239	14.616
16038	25.1526	14.6327
15989	25.1812	14.6494
15940	25.2099	14.666
15888	25.2385	14.6827
15842	25.2672	14.6994
15794	25.2958	14.716
15749	25.3245	14.7327
15698	25.3531	14.7494
15651	25.3818	14.766
15602	25.4104	14.7827
15557	25.4391	14.7994
15511	25.4677	14.816
15466	25.4964	14.8327
15418	25.525	14.8494
15371	25.5537	14.866
15328	25.5823	14.8827
15282	25.611	14.8994
15232	25.6396	14.916
15195	25.6682	14.9327
15149	25.6969	14.9494
15100	25.7255	14.966
15058	25.7542	14.9827
15008	25.7828	14.9994
14967	25.8115	15.016
14923	25.8401	15.0327
14879	25.8688	15.0494
14827	25.8974	15.066
14779	25.9261	15.0827
14729	25.9547	15.0994
14681	25.9834	15.116
14639	26.012	15.1327
14593	26.0407	15.1494
14545	26.0693	15.166
14503	26.098	15.1827
14463	26.1266	15.1994
14420	26.1553	15.216
14381	26.1839	15.2327
14333	26.2125	15.2494
14282	26.2412	15.266
14239	26.2698	15.2827
14190	26.2985	15.2994
14155	26.3271	15.316
14111	26.3558	15.3327
14068	26.3844	15.3494
14024	26.4131	15.366
13983	26.4417	15.3827
13938	26.4704	15.3994
13892	26.499	15.416
13852	26.5277	15.4327
13809	26.5563	15.4494
13755	26.585	15.466
13712	26.6136	15.4827
13671	26.6423	15.4994
13630	26.6709	15.516
13583	26.6996	15.5327
13542	26.7282	15.5494
13500	26.7568	15.566
13457	26.7855	15.5827
13419	26.8141	15.5994
13375	26.8428	15.616
13332	26.8714	15.6327
13285	26.9001	15.6494
13243	26.9287	15.666
13194	26.9574	15.6827
13155	26.986	15.6994
13112	27.0147	15.716
13072	27.0433	15.7327
13025	27.072	15.7494
12977	27.1006	15.766
12932	27.1293	15.7827
12890	27.1579	15.7994
12849	27.1866	15.816
12815	27.2152	15.8327
12770	27.2439	15.8493
12724	27.2725	15.866
12680	27.3012	15.8827
12636	27.3298	15.8993
12596	27.3584	15.916
12563	27.3871	15.9327
12525	27.4157	15.9493
12478	27.4444	15.966
12440	27.473	15.9827
12397	27.5017	15.9993
12353	27.5303	16.016
12318	27.559	16.0327
12276	27.5876	16.0493
12231	27.6163	16.066
12192	27.6449	16.0827
12153	27.6736	16.0993
12104	27.7022	16.116
12064	27.7309	16.1327
12022	27.7595	16.1493
11985	27.7882	16.166
11944	27.8168	16.1827
11901	27.8455	16.1993
11868	27.8741	16.216
11828	27.9028	16.2327
11785	27.9314	16.2493
11745	27.96	16.266
11701	27.9887	16.2827
11669	28.0173	16.2993
11630	28.046	16.316
11590	28.0746	16.3327
11551	28.1033	16.3493
11513	28.1319	16.366
11469	28.1606	16.3827
11430	28.1892	16.3993
11390	28.2179	16.416
11350	28.2465	16.4327
11314	28.2752	16.4493
11282	28.3038	16.466
11235	28.3325	16.4827
11192	28.3611	16.4993
11155	28.3898	16.516
11120	28.4184	16.5327
11084	28.4471	16.5493
11044	28.4757	16.566
11002	28.5043	16.5827
10964	28.533	16.5993
10928	28.5616	16.616
10888	28.5903	16.6327
10854	28.6189	16.6493
10822	28.6476	16.666
10778	28.6762	16.6827
10738	28.7049	16.6993
10691	28.7335	16.716
10656	28.7622	16.7327
10617	28.7908	16.7493
10578	28.8195	16.766
10538	28.8481	16.7827
10506	28.8768	16.7993
10464	28.9054	16.816
10428	28.9341	16.8327
10391	28.9627	16.8493
10360	28.9914	16.866
10324	29.02	16.8827
10283	29.0487	16.8993
10240	29.0773	16.916
10203	29.106	16.9327
10171	29.1346	16.9493
10135	29.1633	16.966
10091	29.1919	16.9827
10058	29.2206	16.9993
10030	29.2492	17.016
9985	29.2779	17.0327
9947	29.3065	17.0493
9909	29.3352	17.066
9880	29.3638	17.0827
9836	29.3925	17.0993
9797	29.4211	17.116
9767	29.4498	17.1327
9735	29.4784	17.1493
9699	29.5071	17.166
9663	29.5357	17.1827
9626	29.5644	17.1993
9591	29.593	17.216
9562	29.6217	17.2327
9532	29.6503	17.2493
9491	29.679	17.266
9454	29.7076	17.2827
9415	29.7363	17.2993
9385	29.7649	17.316
9347	29.7936	17.3327
9315	29.8222	17.3493
9279	29.8508	17.366
9248	29.8795	17.3827
9218	29.9081	17.3993
9179	29.9368	17.416
9148	29.9654	17.4327
9111	29.9941	17.4493
9071	30.0227	17.466
9045	30.0514	17.4827
9009	30.08	17.4993
8975	30.1087	17.516
8938	30.1373	17.5327
8909	30.166	17.5493
8880	30.1946	17.566
8838	30.2233	17.5827
8818	30.2519	17.5993
8781	30.2806	17.616
8746	30.3092	17.6327
8720	30.3379	17.6493
8687	30.3665	17.666
8655	30.3952	17.6827
8616	30.4238	17.6993
8586	30.4525	17.716
8549	30.4811	17.7327
8513	30.5098	17.7493
8479	30.5384	17.766
8450	30.5671	17.7827
8411	30.5957	17.7993
8372	30.6244	17.816
8340	30.653	17.8327
8310	30.6817	17.8493
8277	30.7103	17.866
8247	30.739	17.8827
8215	30.7676	17.8993
8188	30.7963	17.916
8157	30.8249	17.9327
8126	30.8536	17.9493
8091	30.8822	17.966
8050	30.9109	17.9827
8024	30.9395	17.9993
7999	30.9682	18.016
7967	30.9968	18.0326
7930	31.0255	18.0493
7893	31.0541	18.066
7867	31.0828	18.0826
7840	31.1114	18.0993
7807	31.1401	18.116
7780	31.1687	18.1326
7750	31.1974	18.1493
7718	31.226	18.166
7685	31.2547	18.1826
7652	31.2833	18.1993
7629	31.312	18.216
7598	31.3406	18.2326
7567	31.3693	18.2493
7534	31.3979	18.266
7499	31.4266	18.2826
7471	31.4552	18.2993
7442	31.4839	18.316
7412	31.5125	18.3326
7386	31.5412	18.3493
7357	31.5698	18.366
7330	31.5984	18.3826
7300	31.6271	18.3993
7277	31.6557	18.416
7250	31.6844	18.4326
7218	31.713	18.4493
7193	31.7417	18.466
7154	31.7703	18.4826
7129	31.799	18.4993
7099	31.8276	18.516
7068	31.8563	18.5326
7035	31.8849	18.5493
7004	31.9136	18.566
6974	31.9422	18.5826
6947	31.9709	18.5993
6923	31.9995	18.616
6897	32.0282	18.6326
6873	32.0568	18.6493
6838	32.0855	18.666
6801	32.1141	18.6826
6767	32.1428	18.6993
6743	32.1714	18.716
6713	32.2001	18.7326
6684	32.2287	18.7493
6659	32.2574	18.766
6629	32.286	18.7826
6601	32.3147	18.7993
6567	32.3433	18.816
6546	32.372	18.8326
6524	32.4006	18.8493
6490	32.4293	18.866
6463	32.4579	18.8826
6443	32.4866	18.8993
6407	32.5152	18.916
6380	32.5439	18.9326
6360	32.5725	18.9493
6334	32.6012	18.966
6315	32.6298	18.9826
6286	32.6585	18.9993
6265	32.6871	19.016
6236	32.7158	19.0326
6199	32.7444	19.0493
6178	32.7731	19.066
6157	32.8017	19.0826
6135	32.8304	19.0993
6107	32.859	19.116
6082	32.8877	19.1326
6058	32.9163	19.1493
6036	32.945	19.166
6005	32.9736	19.1826
5978	33.0023	19.1993
5948	33.0309	19.216
5931	33.0596	19.2326
5905	33.0882	19.2493
5876	33.1169	19.266
5851	33.1455	19.2826
5830	33.1742	19.2993
5810	33.2028	19.316
5784	33.2315	19.3326
5754	33.2601	19.3493
5729	33.2888	19.366
5707	33.3174	19.3826
5682	33.3461	19.3993
5659	33.3747	19.416
5632	33.4034	19.4326
5608	33.432	19.4493
5584	33.4606	19.466
5560	33.4893	19.4826
5538	33.5179	19.4993
5516	33.5466	19.516
5492	33.5752	19.5326
5468	33.6039	19.5493
5441	33.6325	19.566
5421	33.6612	19.5826
5396	33.6898	19.5993
5371	33.7185	19.616
5338	33.7471	19.6326
5318	33.7758	19.6493
5292	33.8044	19.666
5274	33.8331	19.6826
5246	33.8617	19.6993
5220	33.8904	19.716
5202	33.919	19.7326
5176	33.9477	19.7493
5155	33.9763	19.766
5129	34.005	19.7826
5110	34.0336	19.7993
5090	34.0623	19.816
5069	34.0909	19.8326
5045	34.1196	19.8493
5022	34.1482	19.866
4998	34.1769	19.8826
4978	34.2055	19.8993
4954	34.2342	19.916
4932	34.2628	19.9326
4910	34.2915	19.9493
4887	34.3201	19.966
4863	34.3488	19.9826
4841	34.3774	19.9993
4818	34.4061	20.016
4800	34.4347	20.0326
4780	34.4634	20.0493
4755	34.492	20.066
4739	34.5207	20.0826
4721	34.5493	20.0993
4697	34.578	20.116
4676	34.6066	20.1326
4653	34.6353	20.1493
4630	34.6639	20.166
4608	34.6926	20.1826
4588	34.7212	20.1993
4570	34.7499	20.216
4550	34.7785	20.2326
4530	34.8072	20.2493
4510	34.8358	20.2659
4490	34.8645	20.2826
4471	34.8931	20.2993
4451	34.9218	20.3159
4438	34.9504	20.3326
4415	34.9791	20.3493
4395	35.0077	20.3659
4380	35.0364	20.3826
4363	35.065	20.3993
4347	35.0937	20.4159
4323	35.1223	20.4326
4301	35.151	20.4493
4286	35.1796	20.4659
4271	35.2082	20.4826
4254	35.2369	20.4993
4234	35.2655	20.5159
4216	35.2942	20.5326
4194	35.3228	20.5493
4173	35.3515	20.5659
4153	35.3801	20.5826
4136	35.4088	20.5993
4118	35.4374	20.6159
4098	35.4661	20.6326
4079	35.4947	20.6493
4066	35.5234	20.6659
4047	35.552	20.6826
4028	35.5807	20.6993
4009	35.6093	20.7159
3988	35.638	20.7326
3973	35.6666	20.7493
3959	35.6953	20.7659
3941	35.7239	20.7826
3922	35.7526	20.7993
3901	35.7812	20.8159
3888	35.8099	20.8326
3871	35.8385	20.8493
3852	35.8672	20.8659
3837	35.8958	20.8826
3820	35.9245	20.8993
3806	35.9531	20.9159
3785	35.9818	20.9326
3771	36.0104	20.9493
3749	36.0391	20.9659
3731	36.0677	20.9826
3716	36.0964	20.9993
3702	36.125	21.0159
3685	36.1537	21.0326
3673	36.1823	21.0493
3652	36.211	21.0659
3636	36.2396	21.0826
3618	36.2683	21.0993
3602	36.2969	21.1159
3582	36.3256	21.1326
3564	36.3542	21.1493
3551	36.3829	21.1659
3536	36.4115	21.1826
3520	36.4402	21.1993
3506	36.4688	21.2159
3492	36.4975	21.2326
3478	36.5261	21.2493
3458	36.5548	21.2659
3447	36.5834	21.2826
3430	36.6121	21.2993
3416	36.6407	21.3159
3401	36.6694	21.3326
3383	36.698	21.3493
3371	36.7267	21.3659
3354	36.7553	21.3826
3336	36.784	21.3993
3326	36.8126	21.4159
3309	36.8413	21.4326
3293	36.8699	21.4493
3276	36.8985	21.4659
3263	36.9272	21.4826
3251	36.9558	21.4993
3232	36.9845	21.5159
3218	37.0131	21.5326
3202	37.0418	21.5493
3188	37.0704	21.5659
3170	37.0991	21.5826
3158	37.1277	21.5993
3146	37.1564	21.6159
3132	37.185	21.6326
3116	37.2137	21.6493
3105	37.2423	21.6659
3091	37.271	21.6826
3076	37.2996	21.6993
3059	37.3283	21.7159
3042	37.3569	21.7326
3028	37.3856	21.7493
3013	37.4142	21.7659
3002	37.4429	21.7826
2984	37.4715	21.7993
2969	37.5002	21.8159
2954	37.5288	21.8326
2941	37.5575	21.8493
2934	37.5861	21.8659
2920	37.6148	21.8826
2905	37.6434	21.8993
2892	37.6721	21.9159
2880	37.7007	21.9326
2871	37.7294	21.9493
2853	37.758	21.9659
2842	37.7867	21.9826
2825	37.8153	21.9993
2816	37.844	22.0159
2802	37.8726	22.0326
2788	37.9013	22.0493
2774	37.9299	22.0659
2762	37.9586	22.0826
2752	37.9872	22.0993
2738	38.0159	22.1159
2721	38.0445	22.1326
2713	38.0732	22.1493
2700	38.1018	22.1659
2688	38.1305	22.1826
2674	38.1591	22.1993
2662	38.1878	22.2159
2650	38.2164	22.2326
2639	38.2451	22.2493
2624	38.2737	22.2659
2615	38.3024	22.2826
2607	38.331	22.2993
2594	38.3597	22.3159
2584	38.3883	22.3326
2575	38.417	22.3493
2561	38.4456	22.3659
2545	38.4743	22.3826
2539	38.5029	22.3993
2522	38.5316	22.4159
2514	38.5602	22.4326
2499	38.5889	22.4492
2486	38.6175	22.4659
2472	38.6461	22.4826
2459	38.6748	22.4992
2452	38.7034	22.5159
2439	38.7321	22.5326
2430	38.7607	22.5492
2420	38.7894	22.5659
2409	38.818	22.5826
2393	38.8467	22.5992
2386	38.8753	22.6159
2378	38.904	22.6326
2364	38.9326	22.6492
2352	38.9613	22.6659
2339	38.9899	22.6826
2331	39.0186	22.6992
2321	39.0472	22.7159
2314	39.0759	22.7326
2300	39.1045	22.7492
2289	39.1332	22.7659
2280	39.1618	22.7826
2270	39.1905	22.7992
2258	39.2191	22.8159
2247	39.2478	22.8326
2237	39.2764	22.8492
2226	39.3051	22.8659
2219	39.3337	22.8826
2205	39.3624	22.8992
2197	39.391	22.9159
2186	39.4197	22.9326
2175	39.4483	22.9492
2165	39.477	22.9659
2153	39.5056	22.9826
2143	39.5343	22.9992
2132	39.5629	23.0159
2120	39.5916	23.0326
2112	39.6202	23.0492
2104	39.6489	23.0659
2092	39.6775	23.0826
2085	39.7062	23.0992
2077	39.7348	23.1159
2066	39.7635	23.1326
2058	39.7921	23.1492
2048	39.8208	23.1659
2038	39.8494	23.1826
2030	39.8781	23.1992
2020	39.9067	23.2159
2013	39.9354	23.2326
2006	39.964	23.2492
1997	39.9927	23.2659
1990	40.0213	23.2826
1980	40.05	23.2992
1971	40.0786	23.3159
1964	40.1073	23.3326
1952	40.1359	23.3492
1945	40.1646	23.3659
1936	40.1932	23.3826
1925	40.2219	23.3992
1919	40.2505	23.4159
1909	40.2792	23.4326
1899	40.3078	23.4492
1891	40.3365	23.4659
1885	40.3651	23.4826
1878	40.3937	23.4992
1870	40.4224	23.5159
1862	40.451	23.5326
1853	40.4797	23.5492
1847	40.5083	23.5659
1839	40.537	23.5826
1831	40.5656	23.5992
1821	40.5943	23.6159
1815	40.6229	23.6326
1805	40.6516	23.6492
1795	40.6802	23.6659
1787	40.7089	23.6826
1783	40.7375	23.6992
1772	40.7662	23.7159
1768	40.7948	23.7326
1759	40.8235	23.7492
1751	40.8521	23.7659
1742	40.8808	23.7826
1736	40.9094	23.7992
1726	40.9381	23.8159
1718	40.9667	23.8326
1713	40.9954	23.8492
1707	41.024	23.8659
1696	41.0527	23.8826
1688	41.0813	23.8992
1680	41.11	23.9159
1670	41.1386	23.9326
1663	41.1673	23.9492
1658	41.1959	23.9659
1648	41.2246	23.9826
1639	41.2532	23.9992
1633	41.2819	24.0159
1626	41.3105	24.0326
1620	41.3392	24.0492
1614	41.3678	24.0659
1605	41.3965	24.0826
1596	41.4251	24.0992
1592	41.4538	24.1159
1582	41.4824	24.1326
1574	41.5111	24.1492
1570	41.5397	24.1659
1558	41.5684	24.1826
1553	41.597	24.1992
1544	41.6257	24.2159
1537	41.6543	24.2326
1528	41.683	24.2492
1520	41.7116	24.2659
1515	41.7403	24.2826
1506	41.7689	24.2992
1500	41.7976	24.3159
1497	41.8262	24.3326
1489	41.8549	24.3492
1486	41.8835	24.3659
1479	41.9122	24.3826
1471	41.9408	24.3992
1463	41.9695	24.4159
1454	41.9981	24.4326
1447	42.0268	24.4492
1440	42.0554	24.4659
1433	42.0841	24.4826
1426	42.1127	24.4992
1421	42.1413	24.5159
1415	42.17	24.5326
1409	42.1987	24.5492
1402	42.2273	24.5659
1396	42.2559	24.5826
1388	42.2846	24.5992
1382	42.3132	24.6159
1375	42.3419	24.6325
1369	42.3705	24.6492
1362	42.3992	24.6659
1354	42.4278	24.6825
1349	42.4565	24.6992
1345	42.4851	24.7159
1336	42.5138	24.7325
1332	42.5424	24.7492
1325	42.5711	24.7659
1318	42.5997	24.7825
1312	42.6284	24.7992
1305	42.657	24.8159
1299	42.6857	24.8325
1294	42.7143	24.8492
1286	42.743	24.8659
1282	42.7716	24.8825
1278	42.8003	24.8992
1275	42.8289	24.9159
1270	42.8576	24.9325
1262	42.8862	24.9492
1259	42.9149	24.9659
1251	42.9435	24.9825
1243	42.9722	24.9992
1238	43.0008	25.0159
1233	43.0295	25.0325
1227	43.0581	25.0492
1221	43.0868	25.0659
1217	43.1154	25.0825
1211	43.1441	25.0992
1205	43.1727	25.1159
1200	43.2014	25.1325
1196	43.23	25.1492
1191	43.2587	25.1659
1187	43.2873	25.1825
1181	43.316	25.1992
1173	43.3446	25.2159
1168	43.3733	25.2325
1164	43.4019	25.2492
1159	43.4306	25.2659
1155	43.4592	25.2825
1149	43.4879	25.2992
1144	43.5165	25.3159
1139	43.5452	25.3325
1133	43.5738	25.3492
1128	43.6025	25.3659
1120	43.6311	25.3825
1116	43.6598	25.3992
1113	43.6884	25.4159
1108	43.7171	25.4325
1100	43.7457	25.4492
1093	43.7744	25.4659
1088	43.803	25.4825
1081	43.8317	25.4992
1077	43.8603	25.5159
1071	43.889	25.5325
1071	43.9176	25.5492
1067	43.9463	25.5659
1063	43.9749	25.5825
1056	44.0035	25.5992
1048	44.0322	25.6159
1043	44.0608	25.6325
1043	44.0895	25.6492
1042	44.1181	25.6659
1036	44.1468	25.6825
1032	44.1754	25.6992
1027	44.2041	25.7159
1022	44.2327	25.7325
1017	44.2614	25.7492
1011	44.29	25.7659
1008	44.3187	25.7825
1008	44.3473	25.7992
1007	44.376	25.8159
1004	44.4046	25.8325
997	44.4333	25.8492
988	44.4619	25.8659
982	44.4906	25.8825
976	44.5192	25.8992
974	44.5479	25.9159
974	44.5765	25.9325
974	44.6052	25.9492
972	44.6338	25.9659
966	44.6625	25.9825
962	44.6911	25.9992
962	44.7198	26.0159
959	44.7484	26.0325
953	44.7771	26.0492
946	44.8057	26.0659
939	44.8344	26.0825
934	44.863	26.0992
932	44.8917	26.1159
926	44.9203	26.1326
922	44.949	26.1492
918	44.9776	26.1659
913	45.0063	26.1826
911	45.0349	26.1992
910	45.0636	26.2159
902	45.0922	26.2326
897	45.1209	26.2492
897	45.1495	26.2659
897	45.1782	26.2826
893	45.2068	26.2993
886	45.2355	26.3159
885	45.2641	26.3326
880	45.2928	26.3493
876	45.3214	26.3659
869	45.3501	26.3826
865	45.3787	26.3993
864	45.4074	26.4159
862	45.436	26.4326
855	45.4647	26.4493
851	45.4933	26.466
851	45.522	26.4826
851	45.5506	26.4993
851	45.5793	26.516
847	45.6079	26.5326
840	45.6366	26.5493
833	45.6652	26.566
827	45.6939	26.5826
827	45.7225	26.5993
827	45.7511	26.616
819	45.7798	26.6327
814	45.8084	26.6493
814	45.8371	26.666
814	45.8657	26.6827
814	45.8944	26.6993
811	45.923	26.716
802	45.9517	26.7327
797	45.9803	26.7494
797	46.009	26.766
793	46.0376	26.7827
788	46.0663	26.7994
783	46.0949	26.816
776	46.1236	26.8327
776	46.1522	26.8494
776	46.1809	26.866
773	46.2095	26.8827
772	46.2382	26.8994
769	46.2668	26.9161
762	46.2955	26.9327
756	46.3241	26.9494
751	46.3528	26.9661
751	46.3814	26.9827
751	46.4101	26.9994
751	46.4387	27.0161
749	46.4674	27.0327
739	46.496	27.0494
731	46.5247	27.0661
727	46.5533	27.0828
727	46.582	27.0994
727	46.6106	27.1161
726	46.6393	27.1328
720	46.6679	27.1494
716	46.6966	27.1661
714	46.7252	27.1828
714	46.7539	27.1994
714	46.7825	27.2161
713	46.8112	27.2328
712	46.8398	27.2495
704	46.8685	27.2661
699	46.8971	27.2828
698	46.9258	27.2995
698	46.9544	27.3161
698	46.9831	27.3328
697	47.0117	27.3495
689	47.0404	27.3661
685	47.069	27.3828
681	47.0977	27.3995
681	47.1263	27.4162
681	47.155	27.4328
681	47.1836	27.4495
679	47.2123	27.4662
670	47.2409	27.4828
661	47.2696	27.4995
659	47.2982	27.5162
659	47.3269	27.5329
659	47.3555	27.5495
659	47.3842	27.5662
659	47.4128	27.5829
659	47.4415	27.5995
655	47.4701	27.6162
651	47.4987	27.6329
651	47.5274	27.6495
645	47.556	27.6662
641	47.5847	27.6829
638	47.6133	27.6996
638	47.642	27.7162
638	47.6706	27.7329
632	47.6993	27.7496
628	47.7279	27.7662
626	47.7566	27.7829
622	47.7852	27.7996
620	47.8139	27.8162
620	47.8425	27.8329
620	47.8712	27.8496
620	47.8998	27.8663
620	47.9285	27.8829
614	47.9285	27.8996
606	47.9285	27.9163
601	47.9285	27.9329
600	47.9285	27.9496
600	47.9285	27.9663
600	47.9285	27.9829
599	47.9285	27.9996
593	47.9285	28.0163
592	47.9285	28.033
592	47.9285	28.0496
592	47.9285	28.0663
589	47.9285	28.083
582	47.9285	28.0996
579	47.9285	28.1163
579	47.9285	28.133
579	47.9285	28.1497
578	47.9285	28.1663
572	47.9285	28.183
568	47.9285	28.1997
567	47.9285	28.2163
567	47.9285	28.233
567	47.9285	28.2497
567	47.9285	28.2663
567	47.9285	28.283
562	47.9285	28.2997
554	47.9285	28.3164
551	47.9285	28.333
546	47.9285	28.3497
545	47.9285	28.3664
545	47.9285	28.383
545	47.9285	28.3997
545	47.9285	28.4164
545	47.9285	28.433
545	47.9285	28.4497
543	47.9285	28.4664
538	47.9285	28.4831
534	47.8998	28.4997
532	47.8712	28.5164
532	47.8425	28.5331
532	47.8139	28.5497
532	47.7852	28.5664
531	47.7566	28.5831
526	47.7279	28.5997
517	47.6993	28.6164
515	47.6706	28.6331
515	47.642	28.6498
515	47.6133	28.6664
515	47.5847	28.6831
515	47.556	28.6998
515	47.5274	28.7164
515	47.4987	28.7331
515	47.4701	28.7498
515	47.4415	28.7664
515	47.4128	28.7831
515	47.3842	28.7998
508	47.3555	28.8165
504	47.3269	28.8331
504	47.2982	28.8498
504	47.2696	28.8665
500	47.2409	28.8831
495	47.2123	28.8998
487	47.1836	28.9165
486	47.155	28.9332
486	47.1263	28.9498
486	47.0977	28.9665
486	47.069	28.9832
486	47.0404	28.9998
486	47.0117	29.0165
486	46.9831	29.0332
486	46.9544	29.0498
486	46.9258	29.0665
484	46.8971	29.0832
473	46.8685	29.0999
469	46.8398	29.1165
468	46.8112	29.1332
467	46.7825	29.1499
464	46.7539	29.1665
464	46.7252	29.1832
464	46.6966	29.1999
464	46.6679	29.2165
464	46.6393	29.2332
464	46.6106	29.2499
464	46.582	29.2666
461	46.5533	29.2832
455	46.5247	29.2999
446	46.496	29.3166
446	46.4674	29.3332
446	46.4387	29.3499
446	46.4101	29.3666
446	46.3814	29.3832
446	46.3528	29.3999
446	46.3241	29.4166
446	46.2955	29.4333
446	46.2668	29.4499
446	46.2382	29.4666
446	46.2095	29.4833
446	46.1809	29.4999
446	46.1522	29.5166
445	46.1236	29.5333
439	46.0949	29.5499
435	46.0663	29.5666
433	46.0376	29.5833
433	46.009	29.6
433	45.9803	29.6166
433	45.9517	29.6333
433	45.923	29.65
433	45.8944	29.6666
430	45.8657	29.6833
427	45.8371	29.7
426	45.8084	29.7167
426	45.7798	29.7333
426	45.7511	29.75
426	45.7225	29.7667
426	45.6939	29.7833
426	45.6652	29.8
426	45.6366	29.8167
426	45.6079	29.8333
426	45.5793	29.85
426	45.5506	29.8667
426	45.522	29.8834
422	45.4933	29.9
419	45.4647	29.9167
417	45.436	29.9334
417	45.4074	29.95
417	45.3787	29.9667
417	45.3501	29.9834
417	45.3214	30
417	45.2928	30.0167
417	45.2641	30.0334
417	45.2355	30.0501
417	45.2068	30.0667
417	45.1782	30.0834
417	45.1495	30.1001
417	45.1209	30.1167
413	45.0922	30.1334
410	45.0636	30.1501
408	45.0349	30.1667
408	45.0063	30.1834
408	44.9776	30.2001
408	44.949	30.2168
408	44.9203	30.2334
408	44.8917	30.2501
408	44.863	30.2668
408	44.8344	30.2834
408	44.8057	30.3001
408	44.7771	30.3168
408	44.7484	30.3335
408	44.7198	30.3501
408	44.6911	30.3668
407	44.6625	30.3835
401	44.6338	30.4001
398	44.6052	30.4168
398	44.5765	30.4335
398	44.5479	30.4501
398	44.5192	30.4668
398	44.4906	30.4835
398	44.4619	30.5002
398	44.4333	30.5168
398	44.4046	30.5335
398	44.376	30.5502
398	44.3473	30.5668
398	44.3187	30.5835
398	44.29	30.6002
398	44.2614	30.6168
398	44.2327	30.6335
394	44.2041	30.6502
389	44.1754	30.6669
388	44.1468	30.6835
388	44.1181	30.7002
388	44.0895	30.7169
388	44.0608	30.7335
388	44.0322	30.7502
388	44.0035	30.7669
388	43.9749	30.7835
388	43.9463	30.8002
388	43.9176	30.8169
388	43.889	30.8336
388	43.8603	30.8502
387	43.8317	30.8669
387	43.803	30.8836
387	43.7744	30.9002
387	43.7457	30.9169
387	43.7171	30.9336
387	43.6884	30.9502
387	43.6598	30.9669
387	43.6311	30.9836
387	43.6025	31.0003
387	43.5738	31.0169
387	43.5452	31.0336
387	43.5165	31.0503
387	43.4879	31.0669
387	43.4592	31.0836
387	43.4306	31.1003
387	43.4019	31.117
387	43.3733	31.1336
387	43.3446	31.1503
387	43.316	31.167
387	43.2873	31.1836
387	43.2587	31.2003
387	43.23	31.217
387	43.2014	31.2336
387	43.1727	31.2503
387	43.1441	31.267
387	43.1154	31.2837
387	43.0868	31.3003
387	43.0581	31.317
382	43.0295	31.3337
378	43.0008	31.3503
377	42.9722	31.367
377	42.9435	31.3837
377	42.9149	31.4003
377	42.8862	31.417
377	42.8576	31.4337
377	42.8289	31.4504
377	42.8003	31.467
377	42.7716	31.4837
377	42.743	31.5004
377	42.7143	31.517
377	42.6857	31.5337
377	42.657	31.5504
377	42.6284	31.567
377	42.5997	31.5837
377	42.5711	31.6004
377	42.5424	31.6171
377	42.5138	31.6337
377	42.4851	31.6504
377	42.4565	31.6671
377	42.4278	31.6837
377	42.3992	31.7004
377	42.3705	31.7171
377	42.3419	31.7337
377	42.3132	31.7504
377	42.2846	31.7671
377	42.2559	31.7838
377	42.2273	31.8004
377	42.1987	31.8171
377	42.17	31.8338
377	42.1413	31.8504
377	42.1127	31.8671
377	42.0841	31.8838
377	42.0554	31.9005
377	42.0268	31.9171
377	41.9981	31.9338
376	41.9695	31.9505
376	41.9408	31.9671
376	41.9122	31.9838
376	41.8835	32.0005
376	41.8549	32.0171
376	41.8262	32.0338
376	41.7976	32.0505
376	41.7689	32.0672
376	41.7403	32.0838
376	41.7116	32.1005
376	41.683	32.1172
376	41.6543	32.1338
376	41.6257	32.1505
376	41.597	32.1672
376	41.5684	32.1838
376	41.5397	32.2005
376	41.5111	32.2172
376	41.4824	32.2339
376	41.4538	32.2505
376	41.4251	32.2672
376	41.3965	32.2839
376	41.3678	32.3005
376	41.3392	32.3172
375	41.3105	32.3339
369	41.2819	32.3505
366	41.2532	32.3672
366	41.2246	32.3839
366	41.1959	32.4006
366	41.1673	32.4172
366	41.1386	32.4339
366	41.11	32.4506
366	41.0813	32.4672
366	41.0527	32.4839
366	41.024	32.5006
366	40.9954	32.5173
366	40.9667	32.5339
366	40.9381	32.5506
366	40.9094	32.5673
366	40.8808	32.5839
366	40.8521	32.6006
366	40.8235	32.6173
366	40.7948	32.6339
366	40.7662	32.6506
366	40.7375	32.6673
366	40.7089	32.684
366	40.6802	32.7006
366	40.6516	32.7173
366	40.6229	32.734
366	40.5943	32.7506
365	40.5656	32.7673
365	40.537	32.784
365	40.5083	32.8006
365	40.4797	32.8173
365	40.451	32.834
365	40.4224	32.8507
365	40.3937	32.8673
365	40.3651	32.884
365	40.3365	32.9007
365	40.3078	32.9173
365	40.2792	32.934
365	40.2505	32.9507
365	40.2219	32.9673
365	40.1932	32.984
365	40.1646	33.0007
365	40.1359	33.0174
365	40.1073	33.034
365	40.0786	33.0507
365	40.05	33.0674
365	40.0213	33.084
365	39.9927	33.1007
365	39.964	33.1174
365	39.9354	33.134
365	39.9067	33.1507
365	39.8781	33.1674
365	39.8494	33.1841
365	39.8208	33.2007
365	39.7921	33.2174
365	39.7635	33.2341
365	39.7348	33.2507
365	39.7062	33.2674
365	39.6775	33.2841
365	39.6489	33.3008
365	39.6202	33.3174
365	39.5916	33.3341
365	39.5629	33.3508
365	39.5343	33.3674
365	39.5056	33.3841
365	39.477	33.4008
365	39.4483	33.4174
365	39.4197	33.4341
365	39.391	33.4508
365	39.3624	33.4675
365	39.3337	33.4841
365	39.3051	33.5008
365	39.2764	33.5175
365	39.2478	33.5341
365	39.2191	33.5508
365	39.1905	33.5675
365	39.1618	33.5841
365	39.1332	33.6008
365	39.1045	33.6175
365	39.0759	33.6342
365	39.0472	33.6508
365	39.0186	33.6675
365	38.9899	33.6842
365	38.9613	33.7008
365	38.9326	33.7175
365	38.904	33.7342
365	38.8753	33.7508
365	38.8467	33.7675
365	38.818	33.7842
365	38.7894	33.8009
365	38.7607	33.8175
365	38.7321	33.8342
365	38.7034	33.8509
365	38.6748	33.8675
365	38.6461	33.8842
365	38.6175	33.9009
365	38.5889	33.9175
365	38.5602	33.9342
365	38.5316	33.9509
365	38.5029	33.9676
365	38.4743	33.9842
365	38.4456	34.0009
365	38.417	34.0176
365	38.3883	34.0342
365	38.3597	34.0509
365	38.331	34.0676
365	38.3024	34.0843
365	38.2737	34.1009
365	38.2451	34.1176
365	38.2164	34.1343
365	38.1878	34.1509
365	38.1591	34.1676
365	38.1305	34.1843
365	38.1018	34.2009
365	38.0732	34.2176
365	38.0445	34.2343
365	38.0159	34.251
365	37.9872	34.2676
365	37.9586	34.2843
365	37.9299	34.301
365	37.9013	34.3176
365	37.8726	34.3343
365	37.844	34.351
365	37.8153	34.3676
365	37.7867	34.3843
365	37.758	34.401
365	37.7294	34.4177
365	37.7007	34.4343
365	37.6721	34.451
365	37.6434	34.4677
365	37.6148	34.4843
365	37.5861	34.501
365	37.5575	34.5177
365	37.5288	34.5343
365	37.5002	34.551
365	37.4715	34.5677
365	37.4429	34.5844
365	37.4142	34.601
365	37.3856	34.6177
365	37.3569	34.6344
365	37.3283	34.651
365	37.2996	34.6677
365	37.271	34.6844
365	37.2423	34.701
365	37.2137	34.7177
365	37.185	34.7344
365	37.1564	34.7511
365	37.1277	34.7677
365	37.0991	34.7844
365	37.0704	34.8011
365	37.0418	34.8177
365	37.0131	34.8344
365	36.9845	34.8511
365	36.9558	34.8678
365	36.9272	34.8844
365	36.8985	34.9011
365	36.8699	34.9178
365	36.8413	34.9344
365	36.8126	34.9511
365	36.784	34.9678
365	36.7553	34.9844
365	36.7267	35.0011
365	36.698	35.0178
365	36.6694	35.0345
365	36.6407	35.0511
365	36.6121	35.0678
365	36.5834	35.0845
365	36.5548	35.1011
365	36.5261	35.1178
365	36.4975	35.1345
365	36.4688	35.1511
365	36.4402	35.1678
365	36.4115	35.1845
365	36.3829	35.2012
365	36.3542	35.2178
365	36.3256	35.2345
365	36.2969	35.2512
365	36.2683	35.2678
365	36.2396	35.2845
365	36.211	35.3012
365	36.1823	35.3178
365	36.1537	35.3345
365	36.125	35.3512
365	36.0964	35.3679
365	36.0677	35.3845
365	36.0391	35.4012
365	36.0104	35.4179
365	35.9818	35.4345
365	35.9531	35.4512
365	35.9245	35.4679
365	35.8958	35.4846
365	35.8672	35.5012
365	35.8385	35.5179
365	35.8099	35.5346
365	35.7812	35.5512
365	35.7526	35.5679
365	35.7239	35.5846
365	35.6953	35.6012
365	35.6666	35.6179
365	35.638	35.6346
365	35.6093	35.6513
365	35.5807	35.6679
365	35.552	35.6846
365	35.5234	35.7013
365	35.4947	35.7179
365	35.4661	35.7346
365	35.4374	35.7513
365	35.4088	35.7679
365	35.3801	35.7846
365	35.3515	35.8013
365	35.3228	35.818
365	35.2942	35.8346
365	35.2655	35.8513
365	35.2369	35.868
365	35.2082	35.8846
365	35.1796	35.9013
365	35.151	35.918
365	35.1223	35.9346
365	35.0937	35.9513
365	35.065	35.968
365	35.0364	35.9847
365	35.0077	36.0013
365	34.9791	36.018
365	34.9504	36.0347
365	34.9218	36.0513
365	34.8931	36.068
365	34.8645	36.0847
365	34.8358	36.1013
365	34.8072	36.118
365	34.7785	36.1347
365	34.7499	36.1514
365	34.7212	36.168
365	34.6926	36.1847
365	34.6639	36.2014
365	34.6353	36.218
365	34.6066	36.2347
365	34.578	36.2514
365	34.5493	36.2681
365	34.5207	36.2847
365	34.492	36.3014
365	34.4634	36.3181
365	34.4347	36.3347
365	34.4061	36.3514
365	34.3774	36.3681
365	34.3488	36.3847
365	34.3201	36.4014
365	34.2915	36.4181
365	34.2628	36.4348
365	34.2342	36.4514
365	34.2055	36.4681
365	34.1769	36.4848
365	34.1482	36.5014
365	34.1196	36.5181
365	34.0909	36.5348
365	34.0623	36.5514
365	34.0336	36.5681
365	34.005	36.5848
365	33.9763	36.6015
365	33.9477	36.6181
365	33.919	36.6348
365	33.8904	36.6515
365	33.8617	36.6681
365	33.8331	36.6848
365	33.8044	36.7015
365	33.7758	36.7181
365	33.7471	36.7348
365	33.7185	36.7515
365	33.6898	36.7682
365	33.6612	36.7848
365	33.6325	36.8015
365	33.6039	36.8182
365	33.5752	36.8348
365	33.5466	36.8515
365	33.5179	36.8682
365	33.4893	36.8848
365	33.4606	36.9015
365	33.432	36.9182
365	33.4034	36.9349
365	33.3747	36.9515
365	33.3461	36.9682
365	33.3174	36.9849
365	33.2888	37.0015
365	33.2601	37.0182
365	33.2315	37.0349
365	33.2028	37.0516
365	33.1742	37.0682
365	33.1455	37.0849
365	33.1169	37.1016
365	33.0882	37.1182
365	33.0596	37.1349
365	33.0309	37.1516
365	33.0023	37.1682
365	32.9736	37.1849
365	32.945	37.2016
365	32.9163	37.2183
365	32.8877	37.2349
365	32.859	37.2516
365	32.8304	37.2683
365	32.8017	37.2849
365	32.7731	37.3016
365	32.7444	37.3183
365	32.7158	37.3349
365	32.6871	37.3516
365	32.6585	37.3683
365	32.6298	37.385
365	32.6012	37.4016
365	32.5725	37.4183
365	32.5439	37.435
365	32.5152	37.4516
365	32.4866	37.4683
365	32.4579	37.485
365	32.4293	37.5016
365	32.4006	37.5183
365	32.372	37.535
365	32.3433	37.5517
365	32.3147	37.5683
365	32.286	37.585
365	32.2574	37.6017
365	32.2287	37.6183
365	32.2001	37.635
365	32.1714	37.6517
365	32.1428	37.6684
365	32.1141	37.685
365	32.0855	37.7017
365	32.0568	37.7184
365	32.0282	37.735
365	31.9995	37.7517
365	31.9709	37.7684
365	31.9422	37.785
365	31.9136	37.8017
365	31.8849	37.8184
365	31.8563	37.8351
365	31.8276	37.8517
365	31.799	37.8684
365	31.7703	37.8851
365	31.7417	37.9017
365	31.713	37.9184
365	31.6844	37.9351
365	31.6557	37.9517
365	31.6271	37.9684
365	31.5984	37.9851
365	31.5698	38.0018
365	31.5412	38.0184
365	31.5125	38.0351
365	31.4839	38.0518
365	31.4552	38.0684
365	31.4266	38.0851
365	31.3979	38.1018
365	31.3693	38.1184
365	31.3406	38.1351
365	31.312	38.1518
365	31.2833	38.1685
365	31.2547	38.1851
365	31.226	38.2018
365	31.1974	38.2185
365	31.1687	38.2351
365	31.1401	38.2518
365	31.1114	38.2685
365	31.0828	38.2851
365	31.0541	38.3018
365	31.0255	38.3185
365	30.9968	38.3352
365	30.9682	38.3518
365	30.9395	38.3685
365	30.9109	38.3852
365	30.8822	38.4018
365	30.8536	38.4185
365	30.8249	38.4352
365	30.7963	38.4519
365	30.7676	38.4685
365	30.739	38.4852
365	30.7103	38.5019
365	30.6817	38.5185
365	30.653	38.5352
365	30.6244	38.5519
365	30.5957	38.5685
365	30.5671	38.5852
365	30.5384	38.6019
365	30.5098	38.6186
365	30.4811	38.6352
365	30.4525	38.6519
365	30.4238	38.6686
365	30.3952	38.6852
365	30.3665	38.7019
365	30.3379	38.7186
365	30.3092	38.7352
365	30.2806	38.7519
365	30.2519	38.7686
365	30.2233	38.7853
365	30.1946	38.8019
365	30.166	38.8186
365	30.1373	38.8353
365	30.1087	38.8519
365	30.08	38.8686
365	30.0514	38.8853
365	30.0227	38.9019
365	29.9941	38.9186
365	29.9654	38.9353
365	29.9368	38.952
365	29.9081	38.9686
365	29.8795	38.9853
365	29.8508	39.002
365	29.8222	39.0186
365	29.7936	39.0353
365	29.7649	39.052
365	29.7363	39.0686
365	29.7076	39.0853
365	29.679	39.102
365	29.6503	39.1187
365	29.6217	39.1353
365	29.593	39.152
365	29.5644	39.1687
365	29.5357	39.1853
365	29.5071	39.202
365	29.4784	39.2187
365	29.4498	39.2354
365	29.4211	39.252
365	29.3925	39.2687
365	29.3638	39.2854
365	29.3352	39.302
365	29.3065	39.3187
365	29.2779	39.3354
365	29.2492	39.352
365	29.2206	39.3687
365	29.1919	39.3854
365	29.1633	39.4021
365	29.1346	39.4187
365	29.106	39.4354
365	29.0773	39.4521
365	29.0487	39.4687
365	29.02	39.4854
365	28.9914	39.5021
365	28.9627	39.5187
365	28.9341	39.5354
365	28.9054	39.5521
365	28.8768	39.5688
365	28.8481	39.5854
365	28.8195	39.6021
365	28.7908	39.6188
365	28.7622	39.6354
365	28.7335	39.6521
365	28.7049	39.6688
365	28.6762	39.6854
365	28.6476	39.7021
365	28.6189	39.7188
365	28.5903	39.7355
365	28.5616	39.7521
365	28.533	39.7688
365	28.5043	39.7855
365	28.4757	39.8021
365	28.4471	39.8188
365	28.4184	39.8355
365	28.3898	39.8521
365	28.3611	39.8688
365	28.3325	39.8855
365	28.3038	39.9022
365	28.2752	39.9188
365	28.2465	39.9355
365	28.2179	39.9522
365	28.1892	39.9688
365	28.1606	39.9855
365	28.1319	40.0022
365	28.1033	40.0189
365	28.0746	40.0355
365	28.046	40.0522
365	28.0173	40.0689
365	27.9887	40.0855
365	27.96	40.1022
365	27.9314	40.1189
365	27.9028	40.1355
365	27.8741	40.1522
365	27.8455	40.1689
365	27.8168	40.1856
365	27.7882	40.2022
365	27.7595	40.2189
365	27.7309	40.2356
365	27.7022	40.2522
365	27.6736	40.2689
365	27.6449	40.2856
365	27.6163	40.3022
365	27.5876	40.3189
365	27.559	40.3356
365	27.5303	40.3523
365	27.5017	40.3689
365	27.473	40.3856
365	27.4444	40.4023
365	27.4157	40.4189
365	27.3871	40.4356
365	27.3584	40.4523
365	27.3298	40.4689
365	27.3012	40.4856
365	27.2725	40.5023
365	27.2439	40.519
365	27.2152	40.5356
365	27.1866	40.5523
365	27.1579	40.569
365	27.1293	40.5856
365	27.1006	40.6023
365	27.072	40.619
365	27.0433	40.6357
365	27.0147	40.6523
365	26.986	40.669
365	26.9574	40.6857
365	26.9287	40.7023
365	26.9001	40.719
365	26.8714	40.7357
365	26.8428	40.7523
365	26.8141	40.769
365	26.7855	40.7857
365	26.7569	40.8024
365	26.7282	40.819
365	26.6996	40.8357
365	26.6709	40.8524
365	26.6423	40.869
365	26.6136	40.8857
365	26.585	40.9024
365	26.5563	40.919
365	26.5277	40.9357
365	26.499	40.9524
365	26.4704	40.9691
365	26.4417	40.9857
365	26.4131	41.0024
365	26.3844	41.0191
365	26.3558	41.0357
365	26.3271	41.0524
365	26.2985	41.0691
365	26.2698	41.0857
365	26.2412	41.1024
365	26.2125	41.1191
365	26.1839	41.1358
365	26.1553	41.1524
365	26.1266	41.1691
365	26.098	41.1858
365	26.0693	41.2024
365	26.0407	41.2191
365	26.012	41.2358
365	25.9834	41.2524
365	25.9547	41.2691
365	25.9261	41.2858
365	25.8974	41.3025
365	25.8688	41.3191
365	25.8401	41.3358
365	25.8115	41.3525
365	25.7828	41.3691
365	25.7542	41.3858
365	25.7255	41.4025
365	25.6969	41.4192
365	25.6682	41.4358
365	25.6396	41.4525
365	25.611	41.4692
365	25.5823	41.4858
365	25.5537	41.5025
365	25.525	41.5192
365	25.4964	41.5358
365	25.4677	41.5525
365	25.4391	41.5692
365	25.4104	41.5859
365	25.3818	41.6025
365	25.3531	41.6192
365	25.3245	41.6359
365	25.2958	41.6525
365	25.2672	41.6692
365	25.2385	41.6859
365	25.2099	41.7025
365	25.1812	41.7192
365	25.1526	41.7359
365	25.1239	41.7526
365	25.0953	41.7692
365	25.0667	41.7859
365	25.038	41.8026
365	25.0094	41.8192
365	24.9807	41.8359
365	24.9521	41.8526
365	24.9234	41.8692
365	24.8948	41.8859
365	24.8661	41.9026
365	24.8375	41.9193
365	24.8088	41.9359
365	24.7802	41.9526
365	24.7515	41.9693
365	24.7229	41.9859
365	24.6942	42.0026
365	24.6656	42.0193
365	24.6369	42.0359
365	24.6083	42.0526
365	24.5796	42.0693
365	24.551	42.086
365	24.5223	42.1026
365	24.4937	42.1193
365	24.4651	42.136
365	24.4364	42.1526
365	24.4078	42.1693
365	24.3791	42.186
365	24.3505	42.2027
365	24.3218	42.2193
365	24.2932	42.236
365	24.2645	42.2527
365	24.2359	42.2693
365	24.2072	42.286
365	24.1786	42.3027
365	24.1499	42.3193
365	24.1213	42.336
365	24.0926	42.3527
365	24.064	42.3694
365	24.0353	42.386
365	24.0067	42.4027
365	23.978	42.4194
365	23.9494	42.436
365	23.9208	42.4527
365	23.8921	42.4694
365	23.8635	42.486
365	23.8348	42.5027
365	23.8062	42.5194
365	23.7775	42.5361
365	23.7489	42.5527
365	23.7202	42.5694
365	23.6916	42.5861
365	23.6629	42.6027
365	23.6343	42.6194
365	23.6056	42.6361
365	23.577	42.6527
365	23.5483	42.6694
365	23.5197	42.6861
365	23.491	42.7028
365	23.4624	42.7194
365	23.4337	42.7361
365	23.4051	42.7528
365	23.3764	42.7694
365	23.3478	42.7861
365	23.3192	42.8028
365	23.2905	42.8195
365	23.2619	42.8361
365	23.2332	42.8528
365	23.2046	42.8695
365	23.1759	42.8861
365	23.1473	42.9028
365	23.1186	42.9195
365	23.09	42.9361
365	23.0613	42.9528
365	23.0327	42.9695
365	23.004	42.9862
365	22.9754	43.0028
365	22.9467	43.0195
365	22.9181	43.0362
365	22.8894	43.0528
365	22.8608	43.0695
365	22.8321	43.0862
365	22.8035	43.1028
365	22.7749	43.1195
365	22.7462	43.1362
365	22.7176	43.1529
365	22.6889	43.1695
365	22.6603	43.1862
365	22.6316	43.2029
365	22.603	43.2195
365	22.5743	43.2362
365	22.5457	43.2529
365	22.517	43.2695
365	22.4884	43.2862
365	22.4597	43.3029
365	22.4311	43.3196
365	22.4024	43.3362
365	22.3738	43.3529
365	22.3451	43.3696
365	22.3165	43.3862
365	22.2878	43.4029
365	22.2592	43.4196
365	22.2305	43.4362
365	22.2019	43.4529
365	22.1733	43.4696
365	22.1446	43.4863
365	22.116	43.5029
365	22.0873	43.5196
365	22.0587	43.5363
365	22.03	43.5529
365	22.0014	43.5696
365	21.9727	43.5863
365	21.9441	43.603
365	21.9154	43.6196
365	21.8868	43.6363
365	21.8581	43.653
365	21.8295	43.6696
365	21.8008	43.6863
365	21.7722	43.703
365	21.7435	43.7196
365	21.7149	43.7363
365	21.6862	43.753
365	21.6576	43.7697
365	21.629	43.7863
365	21.6003	43.803
365	21.5717	43.8197
365	21.543	43.8363
365	21.5144	43.853
365	21.4857	43.8697
365	21.4571	43.8863
365	21.4284	43.903
365	21.3998	43.9197
365	21.3711	43.9364
365	21.3425	43.953
365	21.3138	43.9697
365	21.2852	43.9864
365	21.2565	44.003
365	21.2279	44.0197
365	21.1992	44.0364
365	21.1706	44.053
365	21.1419	44.0697
365	21.1133	44.0864
365	21.0847	44.1031
365	21.056	44.1197
365	21.0274	44.1364
365	20.9987	44.1531
365	20.9701	44.1697
365	20.9414	44.1864
365	20.9128	44.2031
365	20.8841	44.2197
365	20.8555	44.2364
365	20.8268	44.2531
365	20.7982	44.2698
365	20.7695	44.2864
365	20.7409	44.3031
365	20.7122	44.3198
365	20.6836	44.3364
365	20.6549	44.3531
365	20.6263	44.3698
365	20.5976	44.3865
365	20.569	44.4031
365	20.5403	44.4198
365	20.5117	44.4365
365	20.4831	44.4531
365	20.4544	44.4698
365	20.4258	44.4865
365	20.3971	44.5031
365	20.3685	44.5198
365	20.3398	44.5365
365	20.3112	44.5532
365	20.2825	44.5698
365	20.2539	44.5865
365	20.2252	44.6032
365	20.1966	44.6198
365	20.1679	44.6365
365	20.1393	44.6532
365	20.1106	44.6698
365	20.082	44.6865
365	20.0533	44.7032
365	20.0247	44.7199
365	19.996	44.7365
365	19.9674	44.7532
365	19.9388	44.7699
365	19.9101	44.7865
365	19.8815	44.8032
365	19.8528	44.8199
365	19.8242	44.8365
365	19.7955	44.8532
365	19.7669	44.8699
365	19.7382	44.8866
365	19.7096	44.9032
365	19.6809	44.9199
365	19.6523	44.9366
365	19.6236	44.9532
365	19.595	44.9699
365	19.5663	44.9866
365	19.5377	45.0033
365	19.509	45.0199
365	19.4804	45.0366
365	19.4517	45.0533
365	19.4231	45.0699
365	19.3944	45.0866
365	19.3658	45.1033
365	19.3372	45.1199
365	19.3085	45.1366
365	19.2799	45.1533
365	19.2512	45.17
365	19.2226	45.1866
365	19.1939	45.2033
365	19.1653	45.22
365	19.1366	45.2366
365	19.108	45.2533
365	19.0793	45.27
365	19.0507	45.2866
365	19.022	45.3033
365	18.9934	45.32
365	18.9647	45.3367
365	18.9361	45.3533
365	18.9074	45.37
365	18.8788	45.3867
365	18.8501	45.4033
365	18.8215	45.42
365	18.7929	45.4367
365	18.7642	45.4533
365	18.7356	45.47
365	18.7069	45.4867
365	18.6783	45.5034
365	18.6496	45.52
365	18.621	45.5367
365	18.5923	45.5534
365	18.5637	45.57
365	18.535	45.5867
365	18.5064	45.6034
365	18.4777	45.62
365	18.4491	45.6367
365	18.4204	45.6534
365	18.3918	45.6701
365	18.3631	45.6867
365	18.3345	45.7034
365	18.3058	45.7201
365	18.2772	45.7367
365	18.2486	45.7534
365	18.2199	45.7701
365	18.1913	45.7868
365	18.1626	45.8034
365	18.134	45.8201
365	18.1053	45.8368
365	18.0767	45.8534
365	18.048	45.8701
365	18.0194	45.8868
365	17.9907	45.9034
365	17.9621	45.9201
365	17.9334	45.9368
365	17.9048	45.9535
365	17.8761	45.9701
365	17.8475	45.9868
365	17.8188	46.0035
365	17.7902	46.0201
365	17.7615	46.0368
365	17.7329	46.0535
365	17.7042	46.0701
365	17.6756	46.0868
365	17.647	46.1035
365	17.6183	46.1202
365	17.5897	46.1368
365	17.561	46.1535
365	17.5324	46.1702
365	17.5037	46.1868
365	17.4751	46.2035
365	17.4464	46.2202
365	17.4178	46.2368
365	17.3891	46.2535
365	17.3605	46.2702
365	17.3318	46.2869
365	17.3032	46.3035
365	17.2745	46.3202
365	17.2459	46.3369
365	17.2172	46.3535
365	17.1886	46.3702
365	17.1599	46.3869
365	17.1313	46.4035
365	17.1026	46.4202
365	17.074	46.4369
365	17.0454	46.4536
365	17.0167	46.4702
365	16.9881	46.4869
365	16.9594	46.5036
365	16.9308	46.5202
365	16.9021	46.5369
365	16.8735	46.5536
365	16.8448	46.5703
365	16.8162	46.5869
365	16.7875	46.6036
365	16.7589	46.6203
365	16.7302	46.6369
365	16.7016	46.6536
365	16.6729	46.6703
365	16.6443	46.6869
365	16.6156	46.7036
365	16.587	46.7203
365	16.5583	46.737
365	16.5297	46.7536
365	16.5011	46.7703
365	16.4724	46.787
365	16.4438	46.8036
365	16.4151	46.8203
365	16.3865	46.837
365	16.3578	46.8536
365	16.3292	46.8703
365	16.3005	46.887
365	16.2719	46.9037
365	16.2432	46.9203
365	16.2146	46.937
365	16.1859	46.9537
365	16.1573	46.9703
365	16.1286	46.987
365	16.1	47.0037
365	16.0713	47.0203
365	16.0427	47.037
365	16.014	47.0537
365	15.9854	47.0704
365	15.9568	47.087
365	15.9281	47.1037
365	15.8995	47.1204
365	15.8708	47.137
365	15.8422	47.1537
365	15.8135	47.1704
365	15.7849	47.187
365	15.7562	47.2037
365	15.7276	47.2204
365	15.6989	47.2371
365	15.6703	47.2537
365	15.6416	47.2704
365	15.613	47.2871
365	15.5843	47.3037
365	15.5557	47.3204
365	15.527	47.3371
365	15.4984	47.3538
365	15.4697	47.3704
365	15.4411	47.3871
365	15.4124	47.4038
365	15.3838	47.4204
365	15.3552	47.4371
365	15.3265	47.4538
365	15.2979	47.4704
365	15.2692	47.4871
365	15.2406	47.5038
365	15.2119	47.5205
365	15.1833	47.5371
365	15.1546	47.5538
365	15.126	47.5705
365	15.0973	47.5871
365	15.0687	47.6038
365	15.04	47.6205
365	15.0114	47.6371
365	14.9827	47.6538
365	14.9541	47.6705
365	14.9254	47.6872
365	14.8968	47.7038
365	14.8681	47.7205
365	14.8395	47.7372
365	14.8109	47.7538
365	14.7822	47.7705
365	14.7536	47.7872
365	14.7249	47.8038
365	14.6963	47.8205
365	14.6676	47.8372
365	14.639	47.8539
365	14.6103	47.8705
365	14.5817	47.8872
365	14.553	47.9039
365	14.5244	47.9205
365	14.4957	47.9372
365	14.4671	47.9539
365	14.4384	47.9706
365	14.4098	47.9872
365	14.3811	48.0039
365	14.3525	48.0206
365	14.3238	48.0372
365	14.2952	48.0539
365	14.2666	48.0706
365	14.2379	48.0872
365	14.2093	48.1039
365	14.1806	48.1206
365	14.152	48.1373
365	14.1233	48.1539
365	14.0947	48.1706
365	14.066	48.1873
365	14.0374	48.2039
365	14.0087	48.2206
365	13.9801	48.2373
365	13.9514	48.2539
365	13.9228	48.2706
365	13.8941	48.2873
365	13.8655	48.304
365	13.8368	48.3206
365	13.8082	48.3373
365	13.7795	48.354
365	13.7509	48.3706
365	13.7222	48.3873
365	13.6936	48.404
365	13.665	48.4206
365	13.6363	48.4373
365	13.6077	48.454
365	13.579	48.4707
365	13.5504	48.4873
365	13.5217	48.504
365	13.4931	48.5207
365	13.4644	48.5373
365	13.4358	48.554
365	13.4071	48.5707
365	13.3785	48.5873
365	13.3498	48.604
365	13.3212	48.6207
365	13.2925	48.6374
365	13.2639	48.654
365	13.2352	48.6707
365	13.2066	48.6874
365	13.1779	48.704
365	13.1493	48.7207
365	13.1207	48.7374
365	13.092	48.7541
365	13.0634	48.7707
365	13.0347	48.7874
365	13.0061	48.8041
365	12.9774	48.8207
365	12.9488	48.8374
365	12.9201	48.8541
365	12.8915	48.8707
365	12.8628	48.8874
365	12.8342	48.9041
365	12.8055	48.9208
365	12.7769	48.9374
365	12.7482	48.9541
365	12.7196	48.9708
365	12.6909	48.9874
365	12.6623	49.0041
365	12.6336	49.0208
365	12.605	49.0374
365	12.5763	49.0541
365	12.5477	49.0708
365	12.5191	49.0875
365	12.4904	49.1041
365	12.4618	49.1208
365	12.4331	49.1375
365	12.4045	49.1541
365	12.3758	49.1708
365	12.3472	49.1875
365	12.3185	49.2041
365	12.2899	49.2208
365	12.2612	49.2375
365	12.2326	49.2542
365	12.2039	49.2708
365	12.1753	49.2875
365	12.1466	49.3042
365	12.118	49.3208
365	12.0893	49.3375
365	12.0607	49.3542
365	12.032	49.3708
365	12.0034	49.3875
365	11.9748	49.4042
365	11.9461	49.4209
365	11.9175	49.4375
365	11.8888	49.4542
365	11.8602	49.4709
365	11.8315	49.4875
365	11.8029	49.5042
365	11.7742	49.5209
365	11.7456	49.5376
365	11.7169	49.5542
365	11.6883	49.5709
365	11.6596	49.5876
365	11.631	49.6042
365	11.6023	49.6209
365	11.5737	49.6376
365	11.545	49.6542
365	11.5164	49.6709
365	11.4877	49.6876
365	11.4591	49.7043
365	11.4304	49.7209
365	11.4018	49.7376
365	11.3732	49.7543
365	11.3445	49.7709
365	11.3159	49.7876
365	11.2872	49.8043
365	11.2586	49.8209
365	11.2299	49.8376
365	11.2013	49.8543
365	11.1726	49.871
365	11.144	49.8876
365	11.1153	49.9043
365	11.0867	49.921
365	11.058	49.9376
365	11.0294	49.9543
365	11.0007	49.971
365	10.9721	49.9876
365	10.9434	50.0043
365	10.9148	50.021
365	10.8861	50.0377
365	10.8575	50.0543
365	10.8289	50.071
365	10.8002	50.0877
365	10.7716	50.1043
365	10.7429	50.121
365	10.7143	50.1377
365	10.6856	50.1544
365	10.657	50.171
365	10.6283	50.1877
365	10.5997	50.2044
365	10.571	50.221
365	10.5424	50.2377
365	10.5137	50.2544
365	10.4851	50.271
365	10.4564	50.2877
365	10.4278	50.3044
365	10.3991	50.3211
365	10.3705	50.3377
365	10.3418	50.3544
365	10.3132	50.3711
365	10.2845	50.3877
365	10.2559	50.4044
365	10.2273	50.4211
365	10.1986	50.4377
365	10.17	50.4544
365	10.1413	50.4711
365	10.1127	50.4878
365	10.084	50.5044
365	10.0554	50.5211
365	10.0267	50.5378
365	9.99808	50.5544
365	9.96943	50.5711
365	9.94078	50.5878
365	9.91213	50.6044
365	9.88348	50.6211
365	9.85484	50.6378
365	9.82619	50.6545
365	9.79754	50.6711
365	9.7689	50.6878
365	9.74025	50.7045
365	9.7116	50.7211
365	9.68295	50.7378
365	9.65431	50.7545
365	9.62566	50.7711
365	9.59701	50.7878
365	9.56836	50.8045
365	9.53972	50.8212
365	9.51107	50.8378
365	9.48242	50.8545
365	9.45377	50.8712
365	9.42513	50.8878
365	9.39648	50.9045
365	9.36783	50.9212
365	9.33918	50.9379
365	9.31054	50.9545
365	9.28189	50.9712
365	9.25324	50.9879
365	9.22459	51.0045
365	9.19595	51.0212
365	9.1673	51.0379
365	9.13865	51.0545
365	9.11	51.0712
365	9.08136	51.0879
365	9.05271	51.1046
365	9.02406	51.1212
365	8.99541	51.1379
365	8.96677	51.1546
365	8.93812	51.1712
365	8.90947	51.1879
365	8.88082	51.2046
365	8.85218	51.2212
365	8.82353	51.2379
365	8.79488	51.2546
365	8.76623	51.2713
365	8.73759	51.2879
365	8.70894	51.3046
365	8.68029	51.3213
365	8.65164	51.3379
365	8.623	51.3546
365	8.59435	51.3713
365	8.5657	51.3879
365	8.53705	51.4046
365	8.50841	51.4213
365	8.47976	51.438
365	8.45111	51.4546
365	8.42246	51.4713
365	8.39382	51.488
365	8.36517	51.5046
365	8.33652	51.5213
365	8.30787	51.538
365	8.27923	51.5546
365	8.25058	51.5713
365	8.22193	51.588
365	8.19328	51.6047
365	8.16464	51.6213
365	8.13599	51.638
365	8.10734	51.6547
365	8.07869	51.6713
365	8.05005	51.688
365	8.0214	51.7047
365	7.99275	51.7214
365	7.9641	51.738
365	7.93546	51.7547
365	7.90681	51.7714
365	7.87816	51.788
365	7.84951	51.8047
365	7.82087	51.8214
365	7.79222	51.838
365	7.76357	51.8547
365	7.73492	51.8714
365	7.70628	51.8881
365	7.67763	51.9047
365	7.64898	51.9214
365	7.62033	51.9381
365	7.59169	51.9547
365	7.56304	51.9714
365	7.53439	51.9881
365	7.50574	52.0047
365	7.4771	52.0214
365	7.44845	52.0381
365	7.4198	52.0548
365	7.39115	52.0714
365	7.36251	52.0881
365	7.33386	52.1048
365	7.30521	52.1214
365	7.27656	52.1381
365	7.24792	52.1548
365	7.21927	52.1714
365	7.19062	52.1881
365	7.16197	52.2048
365	7.13333	52.2215
365	7.10468	52.2381
365	7.07603	52.2548
365	7.04738	52.2715
365	7.01873	52.2881
365	6.99009	52.3048
365	6.96144	52.3215
365	6.93279	52.3382
365	6.90414	52.3548
365	6.8755	52.3715
365	6.84685	52.3882
365	6.8182	52.4048
365	6.78955	52.4215
365	6.7609	52.4382
365	6.73226	52.4548
365	6.70361	52.4715
365	6.67496	52.4882
365	6.64631	52.5049
365	6.61766	52.5215
365	6.58902	52.5382
365	6.56037	52.5549
365	6.53172	52.5715
365	6.50307	52.5882
365	6.47442	52.6049
365	6.44578	52.6215
365	6.41713	52.6382
365	6.38848	52.6549
365	6.35983	52.6716
365	6.33119	52.6882
365	6.30254	52.7049
365	6.27389	52.7216
365	6.24524	52.7382
365	6.21659	52.7549
365	6.18795	52.7716
365	6.1593	52.7882
365	6.13065	52.8049
365	6.102	52.8216
365	6.07335	52.8383
365	6.04471	52.8549
365	6.01606	52.8716
365	5.98741	52.8883
365	5.95876	52.9049
365	5.93011	52.9216
365	5.90147	52.9383
365	5.87282	52.9549
365	5.84417	52.9716
365	5.81552	52.9883
365	5.78687	53.005
365	5.75823	53.0216
365	5.72958	53.0383
365	5.70093	53.055
365	5.67228	53.0716
365	5.64364	53.0883
365	5.61499	53.105
365	5.58634	53.1217
365	5.55769	53.1383
365	5.52904	53.155
365	5.5004	53.1717
365	5.47175	53.1883
365	5.4431	53.205
365	5.41445	53.2217
365	5.3858	53.2383
365	5.35716	53.255
365	5.32851	53.2717
365	5.29986	53.2884
365	5.27121	53.305
365	5.24256	53.3217
365	5.21392	53.3384
365	5.18527	53.355
365	5.15662	53.3717
365	5.12797	53.3884
365	5.09933	53.405
365	5.07068	53.4217
365	5.04203	53.4384
365	5.01338	53.4551
365	4.98473	53.4717
365	4.95609	53.4884
365	4.92744	53.5051
365	4.89879	53.5217
365	4.87014	53.5384
365	4.84149	53.5551
365	4.81285	53.5717
365	4.7842	53.5884
365	4.75555	53.6051
365	4.7269	53.6218
365	4.69825	53.6384
365	4.66961	53.6551
365	4.64096	53.6718
365	4.61231	53.6884
365	4.58366	53.7051
365	4.55501	53.7218
365	4.52637	53.7384
365	4.49772	53.7551
365	4.46907	53.7718
365	4.44042	53.7885
365	4.41178	53.8051
365	4.38313	53.8218
365	4.35448	53.8385
365	4.32583	53.8551
365	4.29718	53.8718
365	4.26854	53.8885
365	4.23989	53.9052
365	4.21124	53.9218
365	4.18259	53.9385
365	4.15394	53.9552
365	4.1253	53.9718
365	4.09665	53.9885
365	4.068	54.0052
365	4.03935	54.0218
365	4.0107	54.0385
365	3.98206	54.0552
365	3.95341	54.0719
365	3.92476	54.0885
365	3.89611	54.1052
365	3.86747	54.1219
365	3.83882	54.1385
365	3.81017	54.1552
365	3.78152	54.1719
365	3.75287	54.1885
365	3.72423	54.2052
365	3.69558	54.2219
365	3.66693	54.2386
365	3.63828	54.2552
365	3.60963	54.2719
365	3.58099	54.2886
365	3.55234	54.3052
365	3.52369	54.3219
365	3.49504	54.3386
365	3.46639	54.3552
365	3.43775	54.3719
365	3.4091	54.3886
365	3.38045	54.4053
365	3.3518	54.4219
365	3.32315	54.4386
365	3.29451	54.4553
365	3.26586	54.4719
365	3.23721	54.4886
365	3.20856	54.5053
365	3.17992	54.5219
365	3.15127	54.5386
365	3.12262	54.5553
365	3.09397	54.572
365	3.06532	54.5886
365	3.03668	54.6053
365	3.00803	54.622
365	2.97938	54.6386
365	2.95073	54.6553
365	2.92208	54.672
365	2.89344	54.6887
365	2.86479	54.7053
365	2.83614	54.722
365	2.80749	54.7387
365	2.77884	54.7553
365	2.7502	54.772
365	2.72155	54.7887
365	2.6929	54.8053
365	2.66425	54.822
365	2.63561	54.8387
365	2.60696	54.8554
365	2.57831	54.872
365	2.54966	54.8887
365	2.52101	54.9054
365	2.49237	54.922
365	2.46372	54.9387
365	2.43507	54.9554
365	2.40642	54.972
365	2.37777	54.9887
365	2.34913	55.0054
365	2.32048	55.0221
365	2.29183	55.0387
365	2.26318	55.0554
365	2.23453	55.0721
365	2.20589	55.0887
365	2.17724	55.1054
365	2.14859	55.1221
365	2.11994	55.1387
365	2.09129	55.1554
365	2.06265	55.1721
365	2.034	55.1888
365	2.00535	55.2054
365	1.9767	55.2221
365	1.94806	55.2388
365	1.91941	55.2554
365	1.89076	55.2721
365	1.86211	55.2888
365	1.83346	55.3055
365	1.80482	55.3221
365	1.77617	55.3388
365	1.74752	55.3555
365	1.71887	55.3721
365	1.69022	55.3888
365	1.66158	55.4055
365	1.63293	55.4221
365	1.60428	55.4388
365	1.57563	55.4555
365	1.54699	55.4722
365	1.51834	55.4888
365	1.48969	55.5055
365	1.46104	55.5222
365	1.43239	55.5388
365	1.40375	55.5555
365	1.3751	55.5722
365	1.34645	55.5888
365	1.3178	55.6055
365	1.28916	55.6222
365	1.26051	55.6389
365	1.23186	55.6555
365	1.20321	55.6722
365	1.17456	55.6889
365	1.14592	55.7055
365	1.11727	55.7222
365	1.08862	55.7389
365	1.05997	55.7555
365	1.03132	55.7722
365	1.00268	55.7889
365	0.974029	55.8056
365	0.945382	55.8222
365	0.916734	55.8389
365	0.888086	55.8556
365	0.859438	55.8722
365	0.83079	55.8889
365	0.802142	55.9056
365	0.773495	55.9222
365	0.744847	55.9389
365	0.716199	55.9556
365	0.687551	55.9723
365	0.658903	55.9889
365	0.630255	56.0056
365	0.601607	56.0223
365	0.57296	56.0389
365	0.544312	56.0556
365	0.515664	56.0723
365	0.487016	56.089
365	0.458368	56.1056
365	0.42972	56.1223
365	0.401072	56.139
365	0.372425	56.1556
365	0.343777	56.1723
365	0.315129	56.189
365	0.286481	56.2056
365	0.257833	56.2223
365	0.229185	56.239
365	0.200537	56.2557
365	0.17189	56.2723
365	0.143242	56.289
365	0.114594	56.3057
365	0.085946	56.3223
365	0.0572982	56.339
365	0.0286503	56.3557
365	2.46127e-06	56.3723
365	-0.0286454	56.389
365	0	56.4057
365	0	56.4224
365	0	56.439
365	0	56.4557
365	0	56.4724
365	0	56.489
365	0	56.5057
365	0	56.5224
365	0	56.539
365	0	56.5557
365	0	56.5724
365	0	56.5891
365	0	56.6057
365	0	56.6224
365	0	56.6391
365	0	56.6557
365	0	56.6724
365	0	56.6891
365	0	56.7057
365	0	56.7224
365	0	56.7391
365	0	56.7558
365	0	56.7724
365	0	56.7891
365	0	56.8058
365	0	56.8224
365	0	56.8391
365	0	56.8558
365	0	56.8725
365	0	56.8891
365	0	56.9058
365	0	56.9225
365	0	56.9391
365	0	56.9558
365	0	56.9725
365	0	56.9891
365	0	57.0058
365	0	57.0225
365	0	57.0392
365	0	57.0558
365	0	57.0725
365	0	57.0892
365	0	57.1058
365	0	57.1225
365	0	57.1392
365	0	57.1558
365	0	57.1725
365	0	57.1892
365	0	57.2059
365	0	57.2225
365	0	57.2392
365	0	57.2559
365	0	57.2725
365	0	57.2892
365	0	57.3059
365	0	57.3225
365	0	57.3392
365	0	57.3559
365	0	57.3726
365	0	57.3892
