inside_count num_particles theta time
23689 23690 0.000333301 0.00409317
23689 23690 0.000333301 0.0207596
23689 23690 0.000333301 0.037426
23689 23690 0.000333301 0.0540924
23689 23690 0.000333301 0.0707588
23689 23690 0.000333301 0.0874252
23689 23690 0.000333301 0.104092
23689 23690 0.000333301 0.120758
23689 23690 0.000333301 0.137424
23689 23690 0.000333301 0.154091
23689 23690 0.000333301 0.170757
23689 23690 0.000333301 0.187424
23688 23690 0.000333301 0.20409
23688 23690 0.000333301 0.220757
23688 23690 0.000333301 0.237423
23688 23690 0.000333301 0.254089
23688 23690 0.000333301 0.270756
23688 23690 0.000333301 0.287422
23688 23690 0.000333301 0.304089
23688 23690 0.000333301 0.320755
23688 23690 0.000333301 0.337421
23688 23690 0.000333301 0.354088
23688 23690 0.000333301 0.370754
23688 23690 0.000333301 0.387421
23688 23690 0.000333301 0.404087
23688 23690 0.000333301 0.420753
23688 23690 0.000333301 0.43742
23688 23690 0.000333301 0.454086
23688 23690 0.000333301 0.470753
23688 23690 0.000333301 0.487419
23688 23690 0.000333301 0.504086
23686 23690 0.000333301 0.520752
23686 23690 0.000333301 0.537418
23686 23690 0.000333301 0.554085
23686 23690 0.000333301 0.570751
23686 23690 0.000333301 0.587418
23686 23690 0.000333301 0.604084
23686 23690 0.000333301 0.62075
23686 23690 0.000333301 0.637417
23686 23690 0.000333301 0.654083
23686 23690 0.000333301 0.67075
23686 23690 0.000333301 0.687416
23686 23690 0.000333301 0.704082
23686 23690 0.000333301 0.720749
23686 23690 0.000333301 0.737415
23686 23690 0.000333301 0.754082
23686 23690 0.000333301 0.770748
23686 23690 0.000333301 0.787415
23686 23690 0.000333301 0.804081
23686 23690 0.000333301 0.820747
23686 23690 0.000333301 0.837414
23686 23690 0.000333301 0.85408
23686 23690 0.000333301 0.870747
23686 23690 0.00366631 0.887413
23686 23690 0.00699931 0.904079
23686 23690 0.0103323 0.920746
23686 23690 0.0136653 0.937412
23686 23690 0.0169983 0.954079
23686 23690 0.0203313 0.970745
23686 23690 0.0236643 0.987411
23686 23690 0.0269973 1.00408
23686 23690 0.0303303 1.02074
23686 23690 0.0336633 1.03741
23686 23690 0.0369964 1.05408
23686 23690 0.0403294 1.07074
23686 23690 0.0436624 1.08741
23686 23690 0.0469954 1.10408
23686 23690 0.0503284 1.12074
23686 23690 0.0536614 1.13741
23686 23690 0.0569944 1.15408
23686 23690 0.0603274 1.17074
23686 23690 0.0636604 1.18741
23686 23690 0.0669934 1.20407
23686 23690 0.0703264 1.22074
23686 23690 0.0736594 1.23741
23686 23690 0.0769924 1.25407
23686 23690 0.0803254 1.27074
23686 23690 0.0836584 1.28741
23686 23690 0.0869914 1.30407
23686 23690 0.0903244 1.32074
23686 23690 0.0936574 1.33741
23686 23690 0.0969904 1.35407
23686 23690 0.100323 1.37074
23686 23690 0.103656 1.38741
23686 23690 0.106989 1.40407
23686 23690 0.110322 1.42074
23686 23690 0.113655 1.4374
23686 23690 0.116988 1.45407
23686 23690 0.120321 1.47074
23686 23690 0.123654 1.4874
23686 23690 0.126987 1.50407
23686 23690 0.13032 1.52074
23686 23690 0.133653 1.5374
23686 23690 0.136986 1.55407
23686 23690 0.140319 1.57074
23686 23690 0.143652 1.5874
23686 23690 0.146985 1.60407
23686 23690 0.150318 1.62074
23686 23690 0.153651 1.6374
23686 23690 0.156984 1.65407
23686 23690 0.160317 1.67073
23686 23690 0.16365 1.6874
23686 23690 0.166983 1.70407
23686 23690 0.170316 1.72073
23686 23690 0.173649 1.7374
23686 23690 0.176982 1.75407
23686 23690 0.180315 1.77073
23686 23690 0.183648 1.7874
23678 23690 0.186981 1.80407
23669 23690 0.190314 1.82073
23666 23690 0.193647 1.8374
23665 23690 0.19698 1.85406
23663 23690 0.200313 1.87073
23652 23690 0.203646 1.8874
23643 23690 0.206979 1.90406
23643 23690 0.210313 1.92073
23633 23690 0.213646 1.9374
23633 23690 0.216979 1.95406
23618 23690 0.220312 1.97073
23598 23690 0.223645 1.9874
23589 23690 0.226978 2.00406
23579 23690 0.230311 2.02073
23575 23690 0.233963 2.0374
23575 23690 0.237562 2.05406
23566 23690 0.241109 2.07073
23560 23690 0.244604 2.08739
23501 23690 0.248049 2.10406
23473 23690 0.251443 2.12073
23470 23690 0.254789 2.13739
23464 23690 0.258085 2.15406
23464 23690 0.261334 2.17073
23463 23690 0.264535 2.18739
23423 23690 0.26769 2.20406
23412 23690 0.270799 2.22073
23402 23690 0.273863 2.23739
23375 23690 0.276882 2.25406
23345 23690 0.279858 2.27073
23313 23690 0.28279 2.28739
23300 23690 0.28568 2.30406
23300 23690 0.288527 2.32072
23286 23690 0.291334 2.33739
23229 23690 0.294099 2.35406
23160 23690 0.296824 2.37072
23135 23690 0.29951 2.38739
23135 23690 0.302157 2.40406
23106 23690 0.304765 2.42072
23082 23690 0.307335 2.43739
23056 23690 0.309868 2.45406
23022 23690 0.312364 2.47072
22949 23690 0.314824 2.48739
22928 23690 0.317248 2.50406
22901 23690 0.319637 2.52072
22884 23690 0.321991 2.53739
22854 23690 0.324311 2.55405
22812 23690 0.326597 2.57072
22735 23690 0.32885 2.58739
22701 23690 0.331071 2.60405
22691 23690 0.333259 2.62072
22683 23690 0.335415 2.63739
22658 23690 0.33754 2.65405
22621 23690 0.339634 2.67072
22567 23690 0.341697 2.68739
22543 23690 0.343731 2.70405
22471 23690 0.345735 2.72072
22413 23690 0.34771 2.73738
22374 23690 0.349656 2.75405
22368 23690 0.351574 2.77072
22335 23690 0.353464 2.78738
22313 23690 0.355326 2.80405
22256 23690 0.357162 2.82072
22212 23690 0.358971 2.83738
22147 23690 0.360753 2.85405
22113 23690 0.36251 2.87072
22071 23690 0.364241 2.88738
22048 23690 0.365947 2.90405
22004 23690 0.367628 2.92072
21979 23690 0.369285 2.93738
21943 23690 0.370917 2.95405
21884 23690 0.372526 2.97071
21830 23690 0.374112 2.98738
21819 23690 0.375674 3.00405
21791 23690 0.377214 3.02071
21746 23690 0.378731 3.03738
21682 23690 0.380227 3.05405
21651 23690 0.3817 3.07071
21617 23690 0.383152 3.08738
21606 23690 0.384584 3.10405
21544 23690 0.385994 3.12071
21495 23690 0.387384 3.13738
21459 23690 0.388753 3.15405
21399 23690 0.390103 3.17071
21384 23690 0.391433 3.18738
21367 23690 0.392744 3.20404
21320 23690 0.394036 3.22071
21285 23690 0.395308 3.23738
21201 23690 0.396563 3.25404
21186 23690 0.397799 3.27071
21159 23690 0.399017 3.28738
21122 23690 0.400218 3.30404
21059 23690 0.401401 3.32071
21045 23690 0.402567 3.33738
21027 23690 0.403716 3.35404
20956 23690 0.404848 3.37071
20927 23690 0.405964 3.38737
20895 23690 0.407063 3.40404
20876 23690 0.408147 3.42071
20849 23690 0.409215 3.43737
20794 23690 0.410267 3.45404
20773 23690 0.411304 3.47071
20722 23690 0.412326 3.48737
20670 23690 0.413333 3.50404
20617 23690 0.414326 3.52071
20591 23690 0.415304 3.53737
20564 23690 0.416268 3.55404
20542 23690 0.417218 3.57071
20513 23690 0.418154 3.58737
20489 23690 0.419076 3.60404
20458 23690 0.419985 3.6207
20410 23690 0.420881 3.63737
20387 23690 0.421764 3.65404
20338 23690 0.422634 3.6707
20303 23690 0.423491 3.68737
20260 23690 0.424336 3.70404
20258 23690 0.425168 3.7207
20223 23690 0.425989 3.73737
20193 23690 0.426798 3.75404
20176 23690 0.427594 3.7707
20127 23690 0.42838 3.78737
20083 23690 0.429153 3.80404
20046 23690 0.429916 3.8207
20028 23690 0.430667 3.83737
20009 23690 0.431408 3.85403
19983 23690 0.432138 3.8707
19946 23690 0.432857 3.88737
19913 23690 0.433566 3.90403
19892 23690 0.434264 3.9207
19870 23690 0.434953 3.93737
19845 23690 0.435631 3.95403
19813 23690 0.436299 3.9707
19777 23690 0.436958 3.98737
19727 23690 0.437607 4.00403
19715 23690 0.438247 4.0207
19667 23690 0.438877 4.03736
19667 23690 0.439499 4.05403
19665 23690 0.440111 4.0707
19614 23690 0.440714 4.08736
19591 23690 0.441309 4.10403
19591 23690 0.441895 4.1207
19565 23690 0.442472 4.13736
19527 23690 0.443041 4.15403
19500 23690 0.443602 4.1707
19495 23690 0.444155 4.18736
19427 23690 0.444699 4.20403
19426 23690 0.445236 4.2207
19411 23690 0.445765 4.23736
19404 23690 0.446286 4.25403
19353 23690 0.446799 4.27069
19305 23690 0.447306 4.28736
19287 23690 0.447804 4.30403
19268 23690 0.448296 4.32069
19248 23690 0.44878 4.33736
19245 23690 0.449258 4.35403
19223 23690 0.449728 4.37069
19205 23690 0.450192 4.38736
19183 23690 0.450648 4.40403
19149 23690 0.451099 4.42069
19115 23690 0.451542 4.43736
19115 23690 0.451979 4.45403
19099 23690 0.45241 4.47069
19062 23690 0.452835 4.48736
19061 23690 0.453253 4.50402
19022 23690 0.453666 4.52069
18963 23690 0.454072 4.53736
18959 23690 0.454473 4.55402
18956 23690 0.454867 4.57069
18947 23690 0.455256 4.58736
18938 23690 0.455639 4.60402
18889 23690 0.456017 4.62069
18860 23690 0.456389 4.63736
18835 23690 0.456756 4.65402
18835 23690 0.457117 4.67069
18795 23690 0.457474 4.68736
18795 23690 0.457825 4.70402
18795 23690 0.45817 4.72069
18788 23690 0.458511 4.73735
18769 23690 0.458847 4.75402
18724 23690 0.458847 4.77069
18691 23690 0.458847 4.78735
18648 23690 0.458847 4.80402
18641 23690 0.458847 4.82069
18640 23690 0.458847 4.83735
18633 23690 0.458847 4.85402
18600 23690 0.458847 4.87069
18600 23690 0.458847 4.88735
18598 23690 0.458847 4.90402
18563 23690 0.458847 4.92068
18530 23690 0.458847 4.93735
18519 23690 0.458847 4.95402
18494 23690 0.458847 4.97068
18485 23690 0.458847 4.98735
18485 23690 0.458847 5.00402
18479 23690 0.458847 5.02068
18458 23690 0.458847 5.03735
18423 23690 0.458847 5.05402
18400 23690 0.458847 5.07068
18398 23690 0.458847 5.08735
18386 23690 0.458847 5.10402
18358 23690 0.458847 5.12068
18358 23690 0.458847 5.13735
18332 23690 0.458847 5.15401
18317 23690 0.458847 5.17068
18317 23690 0.458847 5.18735
18300 23690 0.458847 5.20401
18293 23690 0.458847 5.22068
18280 23690 0.458847 5.23735
18279 23690 0.458847 5.25401
18237 23690 0.458847 5.27068
18213 23690 0.458847 5.28735
18211 23690 0.458847 5.30401
18198 23690 0.458847 5.32068
18190 23690 0.458847 5.33735
18181 23690 0.458847 5.35401
18169 23690 0.458847 5.37068
18142 23690 0.458847 5.38734
18121 23690 0.458847 5.40401
18109 23690 0.458847 5.42068
18099 23690 0.458847 5.43734
18099 23690 0.458847 5.45401
18090 23690 0.458847 5.47068
18090 23690 0.458847 5.48734
18073 23690 0.458847 5.50401
18051 23690 0.458847 5.52068
18045 23690 0.458847 5.53734
18009 23690 0.458847 5.55401
18006 23690 0.458847 5.57067
17998 23690 0.458847 5.58734
17984 23690 0.458847 5.60401
17976 23690 0.458847 5.62067
17976 23690 0.458847 5.63734
17976 23690 0.458847 5.65401
17976 23690 0.458847 5.67067
17973 23690 0.458847 5.68734
17933 23690 0.458847 5.70401
17902 23690 0.458847 5.72067
17902 23690 0.458847 5.73734
17896 23690 0.458847 5.75401
17890 23690 0.458847 5.77067
17890 23690 0.458847 5.78734
17890 23690 0.458847 5.804
17878 23690 0.458847 5.82067
17860 23690 0.458847 5.83734
17832 23690 0.458847 5.854
17828 23690 0.458847 5.87067
17828 23690 0.458847 5.88734
17825 23690 0.458847 5.904
17802 23690 0.458847 5.92067
17802 23690 0.458847 5.93734
17788 23690 0.458847 5.954
17788 23690 0.458847 5.97067
17788 23690 0.458847 5.98734
17773 23690 0.458847 6.004
17756 23690 0.458847 6.02067
17756 23690 0.458847 6.03733
17739 23690 0.458847 6.054
17725 23690 0.458847 6.07067
17725 23690 0.458847 6.08733
17725 23690 0.458847 6.104
17725 23690 0.458847 6.12067
17724 23690 0.458847 6.13733
17689 23690 0.458847 6.154
17673 23690 0.458847 6.17067
17671 23690 0.458847 6.18733
17670 23690 0.458847 6.204
17670 23690 0.458847 6.22066
17669 23690 0.458847 6.23733
17669 23690 0.458847 6.254
17669 23690 0.458847 6.27066
17664 23690 0.458847 6.28733
17664 23690 0.458847 6.304
17645 23690 0.458847 6.32066
17620 23690 0.458847 6.33733
17617 23690 0.458847 6.354
17617 23690 0.458847 6.37066
17616 23690 0.458847 6.38733
17608 23690 0.458847 6.404
17608 23690 0.458847 6.42066
17597 23690 0.458847 6.43733
17575 23690 0.458847 6.45399
17575 23690 0.458847 6.47066
17564 23690 0.458847 6.48733
17560 23690 0.458847 6.50399
17556 23690 0.458847 6.52066
17556 23690 0.458847 6.53733
17556 23690 0.458847 6.55399
17548 23690 0.458847 6.57066
17548 23690 0.458847 6.58733
17529 23690 0.458847 6.60399
17529 23690 0.458847 6.62066
17524 23690 0.458847 6.63733
17518 23690 0.458847 6.65399
17507 23690 0.458847 6.67066
17503 23690 0.458847 6.68732
17503 23690 0.458847 6.70399
17503 23690 0.458847 6.72066
17495 23690 0.458847 6.73732
17493 23690 0.458847 6.75399
17493 23690 0.458847 6.77066
17493 23690 0.458847 6.78732
17493 23690 0.458847 6.80399
17491 23690 0.458847 6.82066
17480 23690 0.458847 6.83732
17462 23690 0.458847 6.85399
17455 23690 0.458847 6.87066
17452 23690 0.458847 6.88732
17445 23690 0.458847 6.90399
17443 23690 0.458847 6.92065
17437 23690 0.458847 6.93732
17436 23690 0.458847 6.95399
17436 23690 0.458847 6.97065
17436 23690 0.458847 6.98732
17436 23690 0.458847 7.00399
17435 23690 0.458847 7.02065
17433 23690 0.458847 7.03732
17420 23690 0.458847 7.05399
17414 23690 0.458847 7.07065
17400 23690 0.458847 7.08732
17400 23690 0.458847 7.10398
17389 23690 0.458847 7.12065
17389 23690 0.458847 7.13732
17389 23690 0.458847 7.15398
17389 23690 0.458847 7.17065
17383 23690 0.458847 7.18732
17383 23690 0.458847 7.20398
17382 23690 0.458847 7.22065
17373 23690 0.458847 7.23732
17372 23690 0.458847 7.25398
17358 23690 0.458847 7.27065
17358 23690 0.458847 7.28732
17345 23690 0.458847 7.30398
17345 23690 0.458847 7.32065
17345 23690 0.458847 7.33731
17345 23690 0.458847 7.35398
17345 23690 0.458847 7.37065
17326 23690 0.458847 7.38731
17325 23690 0.458847 7.40398
17325 23690 0.458847 7.42065
17325 23690 0.458847 7.43731
17325 23690 0.458847 7.45398
17323 23690 0.458847 7.47065
17318 23690 0.458847 7.48731
17318 23690 0.458847 7.50398
17318 23690 0.458847 7.52065
17317 23690 0.458847 7.53731
17296 23690 0.458847 7.55398
17296 23690 0.458847 7.57064
17292 23690 0.458847 7.58731
17286 23690 0.458847 7.60398
17286 23690 0.458847 7.62064
17286 23690 0.458847 7.63731
17286 23690 0.458847 7.65398
17281 23690 0.458847 7.67064
17275 23690 0.458847 7.68731
17275 23690 0.458847 7.70398
17275 23690 0.458847 7.72064
17274 23690 0.458847 7.73731
17263 23690 0.458847 7.75397
17261 23690 0.458847 7.77064
17261 23690 0.458847 7.78731
17255 23690 0.458847 7.80397
17249 23690 0.458847 7.82064
17247 23690 0.458847 7.83731
17247 23690 0.458847 7.85397
17246 23690 0.458847 7.87064
17246 23690 0.458847 7.88731
17246 23690 0.458847 7.90397
17246 23690 0.458847 7.92064
17244 23690 0.458847 7.93731
17223 23690 0.458847 7.95397
17222 23690 0.458847 7.97064
17222 23690 0.458847 7.9873
17213 23690 0.458847 8.00397
17213 23690 0.458847 8.02064
17213 23690 0.458847 8.0373
17213 23690 0.458847 8.05397
17211 23690 0.458847 8.07064
17200 23690 0.458847 8.0873
17200 23690 0.458847 8.10397
17200 23690 0.458847 8.12064
17200 23690 0.458847 8.1373
17200 23690 0.458847 8.15397
17187 23690 0.458847 8.17064
17187 23690 0.458847 8.1873
17178 23690 0.458847 8.20397
17178 23690 0.458847 8.22063
17178 23690 0.458847 8.2373
17178 23690 0.458847 8.25397
17178 23690 0.458847 8.27063
17178 23690 0.458847 8.2873
17178 23690 0.458847 8.30397
17178 23690 0.458847 8.32063
17172 23690 0.458847 8.3373
17156 23690 0.458847 8.35397
17156 23690 0.458847 8.37063
17156 23690 0.458847 8.3873
17156 23690 0.458847 8.40396
17156 23690 0.458847 8.42063
17156 23690 0.458847 8.4373
17156 23690 0.458847 8.45396
17134 23690 0.458847 8.47063
17134 23690 0.458847 8.4873
17134 23690 0.458847 8.50396
17134 23690 0.458847 8.52063
17133 23690 0.458847 8.5373
17128 23690 0.458847 8.55396
17128 23690 0.458847 8.57063
17128 23690 0.458847 8.5873
17128 23690 0.458847 8.60396
17128 23690 0.458847 8.62063
17128 23690 0.458847 8.63729
17127 23690 0.458847 8.65396
17107 23690 0.458847 8.67063
17107 23690 0.458847 8.68729
17107 23690 0.458847 8.70396
17107 23690 0.458847 8.72063
17107 23690 0.458847 8.73729
17107 23690 0.458847 8.75396
17100 23690 0.458847 8.77063
17090 23690 0.458847 8.78729
17090 23690 0.458847 8.80396
17090 23690 0.458847 8.82063
17090 23690 0.458847 8.83729
17090 23690 0.458847 8.85396
17090 23690 0.458847 8.87062
17086 23690 0.458847 8.88729
17086 23690 0.458847 8.90396
17086 23690 0.458847 8.92062
17086 23690 0.458847 8.93729
17070 23690 0.458847 8.95396
17069 23690 0.458847 8.97062
17069 23690 0.458847 8.98729
17069 23690 0.458847 9.00396
17069 23690 0.458847 9.02062
17069 23690 0.458847 9.03729
17069 23690 0.458847 9.05396
17069 23690 0.458847 9.07062
17067 23690 0.458847 9.08729
17048 23690 0.458847 9.10395
17048 23690 0.458847 9.12062
17048 23690 0.458847 9.13729
17048 23690 0.458847 9.15395
17048 23690 0.458847 9.17062
17048 23690 0.458847 9.18729
17048 23690 0.458847 9.20395
17048 23690 0.458847 9.22062
17048 23690 0.458847 9.23729
17048 23690 0.458847 9.25395
17046 23690 0.458847 9.27062
17037 23690 0.458847 9.28728
17036 23690 0.458847 9.30395
17036 23690 0.458847 9.32062
17036 23690 0.458847 9.33728
17036 23690 0.458847 9.35395
17030 23690 0.458847 9.37062
17018 23690 0.458847 9.38728
17018 23690 0.458847 9.40395
17018 23690 0.458847 9.42062
17018 23690 0.458847 9.43728
17018 23690 0.458847 9.45395
17018 23690 0.458847 9.47062
17018 23690 0.458847 9.48728
17018 23690 0.458847 9.50395
17009 23690 0.458847 9.52061
17009 23690 0.458847 9.53728
17009 23690 0.458847 9.55395
17009 23690 0.458847 9.57061
17009 23690 0.458847 9.58728
17009 23690 0.458847 9.60395
17008 23690 0.458847 9.62061
17007 23690 0.458847 9.63728
16995 23690 0.458847 9.65395
16995 23690 0.458847 9.67061
16995 23690 0.458847 9.68728
16995 23690 0.458847 9.70395
16995 23690 0.458847 9.72061
16995 23690 0.458847 9.73728
16995 23690 0.458847 9.75394
16995 23690 0.458847 9.77061
16994 23690 0.458847 9.78728
16983 23690 0.458847 9.80394
16983 23690 0.458847 9.82061
16983 23690 0.458847 9.83728
16983 23690 0.458847 9.85394
16983 23690 0.458847 9.87061
16983 23690 0.458847 9.88728
16983 23690 0.458847 9.90394
16980 23690 0.458847 9.92061
16974 23690 0.458847 9.93727
16974 23690 0.458847 9.95394
16972 23690 0.458847 9.97061
16972 23690 0.458847 9.98727
16972 23690 0.458847 10.0039
16972 23690 0.458847 10.0206
16965 23690 0.458847 10.0373
16965 23690 0.458847 10.0539
16965 23690 0.458847 10.0706
16965 23690 0.458847 10.0873
16965 23690 0.458847 10.1039
16954 23690 0.458847 10.1206
16949 23690 0.458847 10.1373
16949 23690 0.458847 10.1539
16949 23690 0.458847 10.1706
16947 23690 0.458847 10.1873
16943 23690 0.458847 10.2039
16943 23690 0.458847 10.2206
16943 23690 0.458847 10.2373
16943 23690 0.458847 10.2539
16943 23690 0.458847 10.2706
16943 23690 0.458847 10.2873
16943 23690 0.458847 10.3039
16936 23690 0.458847 10.3206
16933 23690 0.458847 10.3373
16933 23690 0.458847 10.3539
16933 23690 0.458847 10.3706
16931 23690 0.458847 10.3873
16930 23690 0.458847 10.4039
16930 23690 0.458847 10.4206
16930 23690 0.458847 10.4373
16930 23690 0.458847 10.4539
16930 23690 0.458847 10.4706
16930 23690 0.458847 10.4873
16930 23690 0.458847 10.5039
16924 23690 0.458847 10.5206
16915 23690 0.458847 10.5373
16915 23690 0.458847 10.5539
16915 23690 0.458847 10.5706
16915 23690 0.458847 10.5873
16914 23690 0.458847 10.6039
16914 23690 0.458847 10.6206
16914 23690 0.458847 10.6373
16914 23690 0.458847 10.6539
16914 23690 0.458847 10.6706
16914 23690 0.458847 10.6873
16911 23690 0.458847 10.7039
16902 23690 0.458847 10.7206
16902 23690 0.458847 10.7373
16902 23690 0.458847 10.7539
16902 23690 0.458847 10.7706
16902 23690 0.458847 10.7873
16902 23690 0.458847 10.8039
16902 23690 0.458847 10.8206
16902 23690 0.458847 10.8373
16896 23690 0.458847 10.8539
16890 23690 0.458847 10.8706
16890 23690 0.458847 10.8873
16890 23690 0.458847 10.9039
16890 23690 0.458847 10.9206
16890 23690 0.458847 10.9373
16890 23690 0.458847 10.9539
16890 23690 0.458847 10.9706
16890 23690 0.458847 10.9873
16890 23690 0.458847 11.0039
16883 23690 0.458847 11.0206
16882 23690 0.458847 11.0373
16875 23690 0.458847 11.0539
16875 23690 0.458847 11.0706
16875 23690 0.458847 11.0873
16875 23690 0.458847 11.1039
16875 23690 0.458847 11.1206
16875 23690 0.458847 11.1373
16875 23690 0.458847 11.1539
16875 23690 0.458847 11.1706
16875 23690 0.458847 11.1873
16872 23690 0.458847 11.2039
16872 23690 0.458847 11.2206
16872 23690 0.458847 11.2373
16872 23690 0.458847 11.2539
16872 23690 0.458847 11.2706
16864 23690 0.458847 11.2873
16864 23690 0.458847 11.3039
16864 23690 0.458847 11.3206
16864 23690 0.458847 11.3373
16864 23690 0.458847 11.3539
16864 23690 0.458847 11.3706
16864 23690 0.458847 11.3873
16861 23690 0.458847 11.4039
16861 23690 0.458847 11.4206
16861 23690 0.458847 11.4373
16857 23690 0.458847 11.4539
16857 23690 0.458847 11.4706
16857 23690 0.458847 11.4873
16857 23690 0.458847 11.5039
16857 23690 0.458847 11.5206
16857 23690 0.458847 11.5373
16857 23690 0.458847 11.5539
16857 23690 0.458847 11.5706
16857 23690 0.458847 11.5872
16857 23690 0.458847 11.6039
16856 23690 0.458847 11.6206
16849 23690 0.458847 11.6372
16849 23690 0.458847 11.6539
16849 23690 0.458847 11.6706
16849 23690 0.458847 11.6872
16849 23690 0.458847 11.7039
16849 23690 0.458847 11.7206
16849 23690 0.458847 11.7372
16849 23690 0.458847 11.7539
16849 23690 0.458847 11.7706
16837 23690 0.458847 11.7872
16837 23690 0.458847 11.8039
16837 23690 0.458847 11.8206
16837 23690 0.458847 11.8372
16837 23690 0.458847 11.8539
16837 23690 0.458847 11.8706
16837 23690 0.458847 11.8872
16837 23690 0.458847 11.9039
16837 23690 0.458847 11.9206
16837 23690 0.458847 11.9372
16837 23690 0.458847 11.9539
16835 23690 0.458847 11.9706
16833 23690 0.458847 11.9872
16833 23690 0.458847 12.0039
16833 23690 0.458847 12.0206
16833 23690 0.458847 12.0372
16833 23690 0.458847 12.0539
16827 23690 0.458847 12.0706
16827 23690 0.458847 12.0872
16827 23690 0.458847 12.1039
16827 23690 0.458847 12.1206
16820 23690 0.458847 12.1372
16819 23690 0.458847 12.1539
16819 23690 0.458847 12.1706
16819 23690 0.458847 12.1872
16819 23690 0.458847 12.2039
16819 23690 0.458847 12.2206
16819 23690 0.458847 12.2372
16819 23690 0.458847 12.2539
16819 23690 0.458847 12.2706
16819 23690 0.458847 12.2872
16819 23690 0.458847 12.3039
16819 23690 0.458847 12.3206
16819 23690 0.458847 12.3372
16819 23690 0.458847 12.3539
16811 23690 0.458847 12.3706
16811 23690 0.458847 12.3872
16811 23690 0.458847 12.4039
16811 23690 0.458847 12.4206
16811 23690 0.458847 12.4372
16811 23690 0.458847 12.4539
16811 23690 0.458847 12.4706
16811 23690 0.458847 12.4872
16811 23690 0.458847 12.5039
16811 23690 0.458847 12.5206
16811 23690 0.458847 12.5372
16806 23690 0.458847 12.5539
16806 23690 0.458847 12.5706
16801 23690 0.458847 12.5872
16799 23690 0.458847 12.6039
16799 23690 0.458847 12.6206
16799 23690 0.458847 12.6372
16799 23690 0.458847 12.6539
16799 23690 0.458847 12.6706
16799 23690 0.458847 12.6872
16799 23690 0.458847 12.7039
16799 23690 0.458847 12.7206
16792 23690 0.458847 12.7372
16792 23690 0.458847 12.7539
16792 23690 0.458847 12.7706
16792 23690 0.458847 12.7872
16792 23690 0.458847 12.8039
16792 23690 0.458847 12.8206
16792 23690 0.458847 12.8372
16788 23690 0.458847 12.8539
16788 23690 0.458847 12.8706
16788 23690 0.458847 12.8872
16785 23690 0.458847 12.9039
16782 23690 0.458847 12.9206
16782 23690 0.458847 12.9372
16782 23690 0.458847 12.9539
16782 23690 0.458847 12.9706
16781 23690 0.458847 12.9872
16781 23690 0.458847 13.0039
16781 23690 0.458847 13.0206
16781 23690 0.458847 13.0372
16781 23690 0.458847 13.0539
16780 23690 0.458847 13.0706
16779 23690 0.458847 13.0872
16779 23690 0.458847 13.1039
16779 23690 0.458847 13.1206
16779 23690 0.458847 13.1372
16779 23690 0.458847 13.1539
16776 23690 0.458847 13.1706
16774 23690 0.458847 13.1872
16774 23690 0.458847 13.2039
16774 23690 0.458847 13.2206
16774 23690 0.458847 13.2372
16774 23690 0.458847 13.2539
16774 23690 0.458847 13.2706
16774 23690 0.458847 13.2872
16774 23690 0.458847 13.3039
16774 23690 0.458847 13.3206
16774 23690 0.458847 13.3372
16774 23690 0.458847 13.3539
16774 23690 0.458847 13.3706
16774 23690 0.458847 13.3872
16771 23690 0.458847 13.4039
16769 23690 0.458847 13.4206
16769 23690 0.458847 13.4372
16769 23690 0.458847 13.4539
16769 23690 0.458847 13.4706
16769 23690 0.458847 13.4872
16769 23690 0.458847 13.5039
16769 23690 0.458847 13.5206
16769 23690 0.458847 13.5372
16768 23690 0.458847 13.5539
16768 23690 0.458847 13.5706
16768 23690 0.458847 13.5872
16768 23690 0.458847 13.6039
16767 23690 0.458847 13.6206
16767 23690 0.458847 13.6372
16767 23690 0.458847 13.6539
16767 23690 0.458847 13.6706
16766 23690 0.458847 13.6872
16758 23690 0.458847 13.7039
16758 23690 0.458847 13.7206
16758 23690 0.458847 13.7372
16758 23690 0.458847 13.7539
16758 23690 0.458847 13.7705
16758 23690 0.458847 13.7872
16756 23690 0.458847 13.8039
16756 23690 0.458847 13.8205
16756 23690 0.458847 13.8372
16756 23690 0.458847 13.8539
16756 23690 0.458847 13.8705
16756 23690 0.458847 13.8872
16753 23690 0.458847 13.9039
16753 23690 0.458847 13.9205
16753 23690 0.458847 13.9372
16753 23690 0.458847 13.9539
16753 23690 0.458847 13.9705
16753 23690 0.458847 13.9872
16753 23690 0.458847 14.0039
16753 23690 0.458847 14.0205
16753 23690 0.458847 14.0372
16753 23690 0.458847 14.0539
16749 23690 0.458847 14.0705
16749 23690 0.458847 14.0872
16749 23690 0.458847 14.1039
16749 23690 0.458847 14.1205
16749 23690 0.458847 14.1372
16749 23690 0.458847 14.1539
16749 23690 0.458847 14.1705
16749 23690 0.458847 14.1872
16749 23690 0.458847 14.2039
16749 23690 0.458847 14.2205
16749 23690 0.458847 14.2372
16749 23690 0.458847 14.2539
16749 23690 0.458847 14.2705
16749 23690 0.458847 14.2872
16749 23690 0.458847 14.3039
16749 23690 0.458847 14.3205
16743 23690 0.458847 14.3372
16743 23690 0.458847 14.3539
16743 23690 0.458847 14.3705
16743 23690 0.458847 14.3872
16743 23690 0.458847 14.4039
16743 23690 0.458847 14.4205
16743 23690 0.458847 14.4372
16743 23690 0.458847 14.4539
16743 23690 0.458847 14.4705
16743 23690 0.458847 14.4872
16743 23690 0.458847 14.5039
16743 23690 0.458847 14.5205
16743 23690 0.458847 14.5372
16743 23690 0.458847 14.5539
16743 23690 0.458847 14.5705
16743 23690 0.458847 14.5872
16743 23690 0.458847 14.6039
16740 23690 0.458847 14.6205
16740 23690 0.458847 14.6372
16740 23690 0.458847 14.6539
16740 23690 0.458847 14.6705
16740 23690 0.458847 14.6872
16740 23690 0.458847 14.7039
16740 23690 0.458847 14.7205
16736 23690 0.458847 14.7372
16736 23690 0.458847 14.7539
16736 23690 0.458847 14.7705
16736 23690 0.458847 14.7872
16736 23690 0.458847 14.8039
16736 23690 0.458847 14.8205
16736 23690 0.458847 14.8372
16736 23690 0.458847 14.8539
16731 23690 0.458847 14.8705
16731 23690 0.458847 14.8872
16731 23690 0.458847 14.9039
16731 23690 0.458847 14.9205
16731 23690 0.458847 14.9372
16731 23690 0.458847 14.9539
16731 23690 0.458847 14.9705
16731 23690 0.458847 14.9872
16731 23690 0.458847 15.0039
16731 23690 0.458847 15.0205
16731 23690 0.458847 15.0372
16731 23690 0.458847 15.0539
16731 23690 0.458847 15.0705
16731 23690 0.458847 15.0872
16731 23690 0.458847 15.1039
16731 23690 0.458847 15.1205
16731 23690 0.458847 15.1372
16731 23690 0.458847 15.1539
16729 23690 0.458847 15.1705
16729 23690 0.458847 15.1872
16729 23690 0.458847 15.2039
16728 23690 0.458847 15.2205
16728 23690 0.458847 15.2372
16728 23690 0.458847 15.2539
16728 23690 0.458847 15.2705
16728 23690 0.458847 15.2872
16728 23690 0.458847 15.3039
16720 23690 0.458847 15.3205
16720 23690 0.458847 15.3372
16720 23690 0.458847 15.3539
16720 23690 0.458847 15.3705
16720 23690 0.458847 15.3872
16720 23690 0.458847 15.4039
16720 23690 0.458847 15.4205
16720 23690 0.458847 15.4372
16720 23690 0.458847 15.4539
16720 23690 0.458847 15.4705
16720 23690 0.458847 15.4872
16720 23690 0.458847 15.5039
16716 23690 0.458847 15.5205
16716 23690 0.458847 15.5372
16716 23690 0.458847 15.5539
16716 23690 0.458847 15.5705
16716 23690 0.458847 15.5872
16716 23690 0.458847 15.6039
16716 23690 0.458847 15.6205
16716 23690 0.458847 15.6372
16716 23690 0.458847 15.6539
16716 23690 0.458847 15.6705
16715 23690 0.458847 15.6872
16715 23690 0.458847 15.7039
16715 23690 0.458847 15.7205
16715 23690 0.458847 15.7372
16715 23690 0.458847 15.7539
16715 23690 0.458847 15.7705
16715 23690 0.458847 15.7872
16715 23690 0.458847 15.8039
16715 23690 0.458847 15.8205
16715 23690 0.458847 15.8372
16711 23690 0.458847 15.8539
16711 23690 0.458847 15.8705
16711 23690 0.458847 15.8872
16711 23690 0.458847 15.9039
16711 23690 0.458847 15.9205
16711 23690 0.458847 15.9372
16711 23690 0.458847 15.9538
16711 23690 0.458847 15.9705
16711 23690 0.458847 15.9872
16711 23690 0.458847 16.0038
16711 23690 0.458847 16.0205
16711 23690 0.458847 16.0372
16711 23690 0.458847 16.0538
16710 23690 0.458847 16.0705
16710 23690 0.458847 16.0872
16710 23690 0.458847 16.1038
16710 23690 0.458847 16.1205
16707 23690 0.458847 16.1372
16707 23690 0.458847 16.1538
16704 23690 0.458847 16.1705
16704 23690 0.458847 16.1872
16702 23690 0.458847 16.2038
16702 23690 0.458847 16.2205
16702 23690 0.458847 16.2372
16702 23690 0.458847 16.2538
16702 23690 0.458847 16.2705
16702 23690 0.458847 16.2872
16702 23690 0.458847 16.3038
16702 23690 0.458847 16.3205
16698 23690 0.458847 16.3372
16697 23690 0.458847 16.3538
16697 23690 0.458847 16.3705
16697 23690 0.458847 16.3872
16697 23690 0.458847 16.4038
16697 23690 0.458847 16.4205
16697 23690 0.458847 16.4372
16697 23690 0.458847 16.4538
16697 23690 0.458847 16.4705
16694 23690 0.458847 16.4872
16694 23690 0.458847 16.5038
16694 23690 0.458847 16.5205
16694 23690 0.458847 16.5372
16692 23690 0.458847 16.5538
16691 23690 0.458847 16.5705
16691 23690 0.458847 16.5872
16691 23690 0.458847 16.6038
16691 23690 0.458847 16.6205
16691 23690 0.458847 16.6372
16691 23690 0.458847 16.6538
16691 23690 0.458847 16.6705
16691 23690 0.458847 16.6872
16691 23690 0.458847 16.7038
16691 23690 0.458847 16.7205
16691 23690 0.458847 16.7372
16691 23690 0.458847 16.7538
16691 23690 0.458847 16.7705
16690 23690 0.458847 16.7872
16686 23690 0.458847 16.8038
16686 23690 0.458847 16.8205
16686 23690 0.458847 16.8372
16686 23690 0.458847 16.8538
16686 23690 0.458847 16.8705
16686 23690 0.458847 16.8872
16686 23690 0.458847 16.9038
16686 23690 0.458847 16.9205
16686 23690 0.458847 16.9372
16686 23690 0.458847 16.9538
16683 23690 0.458847 16.9705
16682 23690 0.458847 16.9872
16682 23690 0.458847 17.0038
16682 23690 0.458847 17.0205
16682 23690 0.458847 17.0372
16682 23690 0.458847 17.0538
16682 23690 0.458847 17.0705
16682 23690 0.458847 17.0872
16682 23690 0.458847 17.1038
16682 23690 0.458847 17.1205
16682 23690 0.458847 17.1372
16682 23690 0.458847 17.1538
16680 23690 0.458847 17.1705
16677 23690 0.458847 17.1872
16677 23690 0.458847 17.2038
16677 23690 0.458847 17.2205
16677 23690 0.458847 17.2372
16675 23690 0.458847 17.2538
16675 23690 0.458847 17.2705
16675 23690 0.458847 17.2872
16675 23690 0.458847 17.3038
16675 23690 0.458847 17.3205
16675 23690 0.458847 17.3372
16675 23690 0.458847 17.3538
16675 23690 0.458847 17.3705
16675 23690 0.458847 17.3872
16675 23690 0.458847 17.4038
16675 23690 0.458847 17.4205
16674 23690 0.458847 17.4372
16674 23690 0.458847 17.4538
16674 23690 0.458847 17.4705
16674 23690 0.458847 17.4872
16674 23690 0.458847 17.5038
16674 23690 0.458847 17.5205
16668 23690 0.458847 17.5372
16668 23690 0.458847 17.5538
16668 23690 0.458847 17.5705
16667 23690 0.458847 17.5872
16667 23690 0.458847 17.6038
16667 23690 0.458847 17.6205
16667 23690 0.458847 17.6372
16667 23690 0.458847 17.6538
16667 23690 0.458847 17.6705
16667 23690 0.458847 17.6872
16667 23690 0.458847 17.7038
16667 23690 0.458847 17.7205
16667 23690 0.458847 17.7372
16666 23690 0.458847 17.7538
16665 23690 0.458847 17.7705
16665 23690 0.458847 17.7872
16665 23690 0.458847 17.8038
16665 23690 0.458847 17.8205
16665 23690 0.458847 17.8372
16665 23690 0.458847 17.8538
16665 23690 0.458847 17.8705
16665 23690 0.458847 17.8872
16665 23690 0.458847 17.9038
16665 23690 0.458847 17.9205
16665 23690 0.458847 17.9372
16664 23690 0.458847 17.9538
16664 23690 0.458847 17.9705
16664 23690 0.458847 17.9872
16664 23690 0.458847 18.0038
16664 23690 0.458847 18.0205
16664 23690 0.458847 18.0372
16664 23690 0.458847 18.0538
16664 23690 0.458847 18.0705
16664 23690 0.458847 18.0872
16664 23690 0.458847 18.1038
16664 23690 0.458847 18.1205
16663 23690 0.458847 18.1371
16662 23690 0.458847 18.1538
16662 23690 0.458847 18.1705
16662 23690 0.458847 18.1871
16662 23690 0.458847 18.2038
16662 23690 0.458847 18.2205
16662 23690 0.458847 18.2371
16662 23690 0.458847 18.2538
16661 23690 0.458847 18.2705
16661 23690 0.458847 18.2871
16661 23690 0.458847 18.3038
16661 23690 0.458847 18.3205
16661 23690 0.458847 18.3371
16661 23690 0.458847 18.3538
16661 23690 0.458847 18.3705
16661 23690 0.458847 18.3871
16661 23690 0.458847 18.4038
16661 23690 0.458847 18.4205
16661 23690 0.458847 18.4371
16661 23690 0.458847 18.4538
16661 23690 0.458847 18.4705
16661 23690 0.458847 18.4871
16661 23690 0.458847 18.5038
16661 23690 0.458847 18.5205
16661 23690 0.458847 18.5371
16661 23690 0.458847 18.5538
16658 23690 0.458847 18.5705
16658 23690 0.458847 18.5871
16658 23690 0.458847 18.6038
16658 23690 0.458847 18.6205
16658 23690 0.458847 18.6371
16658 23690 0.458847 18.6538
16658 23690 0.458847 18.6705
16658 23690 0.458847 18.6871
16658 23690 0.458847 18.7038
16658 23690 0.458847 18.7205
16658 23690 0.458847 18.7371
16658 23690 0.458847 18.7538
16658 23690 0.458847 18.7705
16658 23690 0.458847 18.7871
16658 23690 0.458847 18.8038
16658 23690 0.458847 18.8205
16658 23690 0.458847 18.8371
16658 23690 0.458847 18.8538
16658 23690 0.458847 18.8705
16658 23690 0.458847 18.8871
16658 23690 0.458847 18.9038
16658 23690 0.458847 18.9205
16658 23690 0.46218 18.9371
16658 23690 0.465513 18.9538
16658 23690 0.468846 18.9705
16657 23690 0.472179 18.9871
16657 23690 0.475512 19.0038
16657 23690 0.478845 19.0205
16657 23690 0.482178 19.0371
16657 23690 0.485511 19.0538
16657 23690 0.488844 19.0705
16657 23690 0.492177 19.0871
16655 23690 0.49551 19.1038
16655 23690 0.498843 19.1205
16655 23690 0.502176 19.1371
16655 23690 0.505509 19.1538
16655 23690 0.508842 19.1705
16655 23690 0.512175 19.1871
16655 23690 0.515508 19.2038
16655 23690 0.518842 19.2205
16655 23690 0.522175 19.2371
16655 23690 0.525508 19.2538
16655 23690 0.528841 19.2705
16655 23690 0.532174 19.2871
16655 23690 0.535507 19.3038
16655 23690 0.53884 19.3205
16655 23690 0.542173 19.3371
16655 23690 0.545506 19.3538
16655 23690 0.548839 19.3705
16655 23690 0.552172 19.3871
16654 23690 0.555505 19.4038
16654 23690 0.558838 19.4205
16654 23690 0.562171 19.4371
16654 23690 0.565504 19.4538
16654 23690 0.568837 19.4705
16654 23690 0.57217 19.4871
16654 23690 0.575503 19.5038
16654 23690 0.578836 19.5205
16654 23690 0.582169 19.5371
16654 23690 0.585502 19.5538
16654 23690 0.588835 19.5705
16654 23690 0.592168 19.5871
16654 23690 0.595501 19.6038
16654 23690 0.598834 19.6205
16653 23690 0.602167 19.6371
16653 23690 0.6055 19.6538
16653 23690 0.608833 19.6705
16653 23690 0.612166 19.6871
16653 23690 0.615499 19.7038
16653 23690 0.618832 19.7205
16650 23690 0.622166 19.7371
16630 23690 0.625499 19.7538
16630 23690 0.628832 19.7705
16630 23690 0.632165 19.7871
16630 23690 0.635498 19.8038
16630 23690 0.638831 19.8205
16629 23690 0.642164 19.8371
16603 23690 0.645497 19.8538
16601 23690 0.64883 19.8705
16601 23690 0.652163 19.8871
16601 23690 0.655496 19.9038
16601 23690 0.658829 19.9205
16594 23690 0.662162 19.9371
16587 23690 0.665495 19.9538
16576 23690 0.668828 19.9705
16562 23690 0.672161 19.9871
16561 23690 0.675494 20.0038
16560 23690 0.678827 20.0205
16560 23690 0.68216 20.0371
16558 23690 0.685493 20.0538
16514 23690 0.688826 20.0705
16514 23690 0.692481 20.0871
16512 23690 0.696083 20.1038
16512 23690 0.699632 20.1205
16512 23690 0.70313 20.1371
16506 23690 0.706577 20.1538
16479 23690 0.709974 20.1705
16468 23690 0.713321 20.1871
16438 23690 0.71662 20.2038
16438 23690 0.719871 20.2205
16438 23690 0.723075 20.2371
16435 23690 0.726232 20.2538
16424 23690 0.729343 20.2705
16383 23690 0.732409 20.2871
16363 23690 0.735431 20.3038
16363 23690 0.738408 20.3204
16363 23690 0.741343 20.3371
16343 23690 0.744234 20.3538
16316 23690 0.747084 20.3704
16289 23690 0.749892 20.3871
16263 23690 0.752659 20.4038
16235 23690 0.755387 20.4204
16219 23690 0.758074 20.4371
16219 23690 0.760723 20.4538
16200 23690 0.763333 20.4704
16138 23690 0.765905 20.4871
16134 23690 0.76844 20.5038
16119 23690 0.770937 20.5204
16113 23690 0.773399 20.5371
16062 23690 0.775825 20.5538
16036 23690 0.778215 20.5704
16002 23690 0.780571 20.5871
15975 23690 0.782893 20.6038
15960 23690 0.785181 20.6204
15917 23690 0.787435 20.6371
15904 23690 0.789657 20.6538
15873 23690 0.791846 20.6704
15834 23690 0.794004 20.6871
15815 23690 0.79613 20.7038
15807 23690 0.798226 20.7204
15754 23690 0.800291 20.7371
15704 23690 0.802326 20.7538
15672 23690 0.804331 20.7704
15663 23690 0.806308 20.7871
15605 23690 0.808255 20.8038
15573 23690 0.810174 20.8204
15556 23690 0.812066 20.8371
15536 23690 0.81393 20.8538
15480 23690 0.815766 20.8704
15437 23690 0.817576 20.8871
15424 23690 0.81936 20.9038
15378 23690 0.821118 20.9204
15353 23690 0.82285 20.9371
15337 23690 0.824557 20.9538
15304 23690 0.82624 20.9704
15257 23690 0.827898 20.9871
15202 23690 0.829531 21.0038
15171 23690 0.831142 21.0204
15137 23690 0.832728 21.0371
15108 23690 0.834292 21.0538
15078 23690 0.835833 21.0704
15022 23690 0.837351 21.0871
14982 23690 0.838847 21.1038
14939 23690 0.840322 21.1204
14915 23690 0.841775 21.1371
14901 23690 0.843207 21.1538
14881 23690 0.844619 21.1704
14813 23690 0.84601 21.1871
14779 23690 0.84738 21.2038
14746 23690 0.848731 21.2204
14713 23690 0.850062 21.2371
14642 23690 0.851373 21.2538
14620 23690 0.852666 21.2704
14609 23690 0.85394 21.2871
14582 23690 0.855195 21.3038
14535 23690 0.856432 21.3204
14489 23690 0.857651 21.3371
14435 23690 0.858853 21.3538
14401 23690 0.860037 21.3704
14373 23690 0.861203 21.3871
14338 23690 0.862353 21.4038
14303 23690 0.863486 21.4204
14259 23690 0.864603 21.4371
14244 23690 0.865703 21.4538
14227 23690 0.866788 21.4704
14160 23690 0.867856 21.4871
14105 23690 0.868909 21.5038
14057 23690 0.869947 21.5204
14030 23690 0.87097 21.5371
14021 23690 0.871978 21.5538
13986 23690 0.872971 21.5704
13943 23690 0.87395 21.5871
13918 23690 0.874914 21.6038
13868 23690 0.875865 21.6204
13813 23690 0.876801 21.6371
13780 23690 0.877724 21.6538
13749 23690 0.878634 21.6704
13719 23690 0.879531 21.6871
13707 23690 0.880414 21.7038
13645 23690 0.881285 21.7204
13608 23690 0.882142 21.7371
13598 23690 0.882988 21.7538
13562 23690 0.883821 21.7704
13528 23690 0.884642 21.7871
13491 23690 0.885451 21.8038
13445 23690 0.886249 21.8204
13401 23690 0.887034 21.8371
13369 23690 0.887809 21.8538
13349 23690 0.888572 21.8704
13316 23690 0.889324 21.8871
13278 23690 0.890065 21.9038
13233 23690 0.890795 21.9204
13218 23690 0.891515 21.9371
13194 23690 0.892224 21.9538
13139 23690 0.892923 21.9704
13090 23690 0.893612 21.9871
13060 23690 0.894291 22.0038
13040 23690 0.89496 22.0204
13021 23690 0.895619 22.0371
13006 23690 0.896269 22.0538
12949 23690 0.896909 22.0704
12925 23690 0.89754 22.0871
12905 23690 0.898161 22.1038
12879 23690 0.898774 22.1204
12848 23690 0.899378 22.1371
12804 23690 0.899973 22.1538
12769 23690 0.900559 22.1704
12739 23690 0.901137 22.1871
12739 23690 0.901706 22.2038
12714 23690 0.902268 22.2204
12667 23690 0.902821 22.2371
12642 23690 0.903365 22.2538
12607 23690 0.903903 22.2704
12574 23690 0.904432 22.2871
12539 23690 0.904953 22.3038
12512 23690 0.905467 22.3204
12488 23690 0.905974 22.3371
12478 23690 0.906473 22.3538
12470 23690 0.906965 22.3704
12423 23690 0.907449 22.3871
12385 23690 0.907927 22.4038
12353 23690 0.908398 22.4204
12319 23690 0.908862 22.4371
12310 23690 0.909319 22.4538
12293 23690 0.909769 22.4704
12259 23690 0.910213 22.4871
12233 23690 0.910651 22.5037
12205 23690 0.911082 22.5204
12181 23690 0.911507 22.5371
12142 23690 0.911926 22.5537
12116 23690 0.912338 22.5704
12097 23690 0.912745 22.5871
12083 23690 0.913146 22.6037
12050 23690 0.913541 22.6204
12016 23690 0.91393 22.6371
11993 23690 0.914313 22.6537
11978 23690 0.914691 22.6704
11964 23690 0.915064 22.6871
11938 23690 0.915431 22.7037
11912 23690 0.915792 22.7204
11886 23690 0.916149 22.7371
11865 23690 0.9165 22.7537
11853 23690 0.916846 22.7704
11834 23690 0.917187 22.7871
11804 23690 0.917524 22.8037
11771 23690 0.917524 22.8204
11745 23690 0.917524 22.8371
11735 23690 0.917524 22.8537
11718 23690 0.917524 22.8704
11695 23690 0.917524 22.8871
11663 23690 0.917524 22.9037
11657 23690 0.917524 22.9204
11644 23690 0.917524 22.9371
11613 23690 0.917524 22.9537
11578 23690 0.917524 22.9704
11562 23690 0.917524 22.9871
11543 23690 0.917524 23.0037
11522 23690 0.917524 23.0204
11501 23690 0.917524 23.0371
11488 23690 0.917524 23.0537
11464 23690 0.917524 23.0704
11440 23690 0.917524 23.0871
11425 23690 0.917524 23.1037
11404 23690 0.917524 23.1204
11386 23690 0.917524 23.1371
11373 23690 0.917524 23.1537
11342 23690 0.917524 23.1704
11325 23690 0.917524 23.1871
11315 23690 0.917524 23.2037
11293 23690 0.917524 23.2204
11259 23690 0.917524 23.2371
11236 23690 0.917524 23.2537
11234 23690 0.917524 23.2704
11225 23690 0.917524 23.2871
11202 23690 0.917524 23.3037
11180 23690 0.917524 23.3204
11146 23690 0.917524 23.3371
11138 23690 0.917524 23.3537
11138 23690 0.917524 23.3704
11138 23690 0.917524 23.3871
11115 23690 0.917524 23.4037
11087 23690 0.917524 23.4204
11060 23690 0.917524 23.4371
11029 23690 0.917524 23.4537
11012 23690 0.917524 23.4704
11002 23690 0.917524 23.4871
10992 23690 0.917524 23.5037
10990 23690 0.917524 23.5204
10974 23690 0.917524 23.5371
10955 23690 0.917524 23.5537
10933 23690 0.917524 23.5704
10906 23690 0.917524 23.5871
10890 23690 0.917524 23.6037
10890 23690 0.917524 23.6204
10890 23690 0.917524 23.6371
10875 23690 0.917524 23.6537
10846 23690 0.917524 23.6704
10832 23690 0.917524 23.6871
10819 23690 0.917524 23.7037
10807 23690 0.917524 23.7204
10785 23690 0.917524 23.7371
10773 23690 0.917524 23.7537
10764 23690 0.917524 23.7704
10759 23690 0.917524 23.7871
10749 23690 0.917524 23.8037
10719 23690 0.917524 23.8204
10707 23690 0.917524 23.8371
10696 23690 0.917524 23.8537
10694 23690 0.917524 23.8704
10693 23690 0.917524 23.8871
10669 23690 0.917524 23.9037
10643 23690 0.917524 23.9204
10621 23690 0.917524 23.9371
10621 23690 0.917524 23.9537
10621 23690 0.917524 23.9704
10609 23690 0.917524 23.9871
10584 23690 0.917524 24.0037
10564 23690 0.917524 24.0204
10546 23690 0.917524 24.0371
10546 23690 0.917524 24.0537
10546 23690 0.917524 24.0704
10545 23690 0.917524 24.0871
10542 23690 0.917524 24.1037
10516 23690 0.917524 24.1204
10478 23690 0.917524 24.1371
10478 23690 0.917524 24.1537
10478 23690 0.917524 24.1704
10478 23690 0.917524 24.1871
10468 23690 0.917524 24.2037
10425 23690 0.917524 24.2204
10419 23690 0.917524 24.2371
10419 23690 0.917524 24.2537
10419 23690 0.917524 24.2704
10419 23690 0.917524 24.2871
10410 23690 0.917524 24.3037
10383 23690 0.917524 24.3204
10360 23690 0.917524 24.3371
10359 23690 0.917524 24.3537
10359 23690 0.917524 24.3704
10359 23690 0.917524 24.3871
10348 23690 0.917524 24.4037
10324 23690 0.917524 24.4204
10300 23690 0.917524 24.4371
10300 23690 0.917524 24.4537
10300 23690 0.917524 24.4704
10295 23690 0.917524 24.4871
10294 23690 0.917524 24.5037
10287 23690 0.917524 24.5204
10262 23690 0.917524 24.5371
10248 23690 0.917524 24.5537
10238 23690 0.917524 24.5704
10227 23690 0.917524 24.5871
10222 23690 0.917524 24.6037
10222 23690 0.917524 24.6204
10222 23690 0.917524 24.6371
10205 23690 0.917524 24.6537
10205 23690 0.917524 24.6704
10205 23690 0.917524 24.687
10188 23690 0.917524 24.7037
10172 23690 0.917524 24.7204
10156 23690 0.917524 24.737
10151 23690 0.917524 24.7537
10151 23690 0.917524 24.7704
10151 23690 0.917524 24.787
10151 23690 0.917524 24.8037
10137 23690 0.917524 24.8204
10130 23690 0.917524 24.837
10130 23690 0.917524 24.8537
10127 23690 0.917524 24.8704
10089 23690 0.917524 24.887
10085 23690 0.917524 24.9037
10085 23690 0.917524 24.9204
10085 23690 0.917524 24.937
10085 23690 0.917524 24.9537
10074 23690 0.917524 24.9704
10067 23690 0.917524 24.987
10049 23690 0.917524 25.0037
10043 23690 0.917524 25.0204
10043 23690 0.917524 25.037
10043 23690 0.917524 25.0537
10043 23690 0.917524 25.0704
10043 23690 0.917524 25.087
10037 23690 0.917524 25.1037
10018 23690 0.917524 25.1204
10009 23690 0.917524 25.137
9985 23690 0.917524 25.1537
9975 23690 0.917524 25.1704
9975 23690 0.917524 25.187
9975 23690 0.917524 25.2037
9975 23690 0.917524 25.2204
9975 23690 0.917524 25.237
9974 23690 0.917524 25.2537
9974 23690 0.917524 25.2704
9955 23690 0.917524 25.287
9936 23690 0.917524 25.3037
9936 23690 0.917524 25.3204
9936 23690 0.917524 25.337
9924 23690 0.917524 25.3537
9924 23690 0.917524 25.3704
9924 23690 0.917524 25.387
9924 23690 0.917524 25.4037
9924 23690 0.917524 25.4204
9912 23690 0.917524 25.437
9883 23690 0.917524 25.4537
9883 23690 0.917524 25.4704
9882 23690 0.917524 25.487
9882 23690 0.917524 25.5037
9873 23690 0.917524 25.5204
9873 23690 0.917524 25.537
9862 23690 0.917524 25.5537
9862 23690 0.917524 25.5704
9861 23690 0.917524 25.587
9861 23690 0.917524 25.6037
9861 23690 0.917524 25.6204
9857 23690 0.917524 25.637
9835 23690 0.917524 25.6537
9835 23690 0.917524 25.6704
9835 23690 0.917524 25.687
9835 23690 0.917524 25.7037
9818 23690 0.917524 25.7204
9818 23690 0.917524 25.737
9818 23690 0.917524 25.7537
9798 23690 0.917524 25.7704
9797 23690 0.917524 25.787
9797 23690 0.917524 25.8037
9797 23690 0.917524 25.8204
9797 23690 0.917524 25.837
9797 23690 0.917524 25.8537
9795 23690 0.917524 25.8704
9779 23690 0.917524 25.887
9777 23690 0.917524 25.9037
9777 23690 0.917524 25.9204
9777 23690 0.917524 25.937
9777 23690 0.917524 25.9537
9777 23690 0.917524 25.9704
9759 23690 0.917524 25.987
9754 23690 0.917524 26.0037
9743 23690 0.917524 26.0204
9743 23690 0.917524 26.037
9743 23690 0.917524 26.0537
9741 23690 0.917524 26.0704
9741 23690 0.917524 26.087
9720 23690 0.917524 26.1037
9720 23690 0.917524 26.1204
9720 23690 0.917524 26.137
9718 23690 0.917524 26.1537
9714 23690 0.917524 26.1704
9712 23690 0.917524 26.187
9709 23690 0.917524 26.2037
9709 23690 0.917524 26.2204
9709 23690 0.917524 26.237
9709 23690 0.917524 26.2537
9707 23690 0.917524 26.2704
9691 23690 0.917524 26.287
9691 23690 0.917524 26.3037
9691 23690 0.917524 26.3204
9684 23690 0.917524 26.337
9674 23690 0.917524 26.3537
9670 23690 0.917524 26.3704
9670 23690 0.917524 26.387
9655 23690 0.917524 26.4037
9654 23690 0.917524 26.4204
9654 23690 0.917524 26.437
9654 23690 0.917524 26.4537
9653 23690 0.917524 26.4704
9653 23690 0.917524 26.487
9652 23690 0.917524 26.5037
9637 23690 0.917524 26.5204
9636 23690 0.917524 26.537
9636 23690 0.917524 26.5537
9628 23690 0.917524 26.5704
9628 23690 0.917524 26.587
9628 23690 0.917524 26.6037
9628 23690 0.917524 26.6204
9628 23690 0.917524 26.637
9628 23690 0.917524 26.6537
9628 23690 0.917524 26.6704
9626 23690 0.917524 26.687
9607 23690 0.917524 26.7037
9602 23690 0.917524 26.7204
9600 23690 0.917524 26.737
9600 23690 0.917524 26.7537
9600 23690 0.917524 26.7704
9594 23690 0.917524 26.787
9594 23690 0.917524 26.8037
9594 23690 0.917524 26.8204
9594 23690 0.917524 26.837
9594 23690 0.917524 26.8537
9587 23690 0.917524 26.8703
9571 23690 0.917524 26.887
9571 23690 0.917524 26.9037
9565 23690 0.917524 26.9203
9565 23690 0.917524 26.937
9564 23690 0.917524 26.9537
9563 23690 0.917524 26.9703
9563 23690 0.917524 26.987
9563 23690 0.917524 27.0037
9562 23690 0.917524 27.0203
9562 23690 0.917524 27.037
9562 23690 0.917524 27.0537
9547 23690 0.917524 27.0703
9542 23690 0.917524 27.087
9542 23690 0.917524 27.1037
9542 23690 0.917524 27.1203
9542 23690 0.917524 27.137
9542 23690 0.917524 27.1537
9542 23690 0.917524 27.1703
9542 23690 0.917524 27.187
9541 23690 0.917524 27.2037
9518 23690 0.917524 27.2203
9517 23690 0.917524 27.237
9517 23690 0.917524 27.2537
9517 23690 0.917524 27.2703
9517 23690 0.917524 27.287
9517 23690 0.917524 27.3037
9517 23690 0.917524 27.3203
9517 23690 0.917524 27.337
9517 23690 0.917524 27.3537
9517 23690 0.917524 27.3703
9509 23690 0.917524 27.387
9497 23690 0.917524 27.4037
9495 23690 0.917524 27.4203
9495 23690 0.917524 27.437
9495 23690 0.917524 27.4537
9495 23690 0.917524 27.4703
9495 23690 0.917524 27.487
9495 23690 0.917524 27.5037
9495 23690 0.917524 27.5203
9495 23690 0.917524 27.537
9495 23690 0.917524 27.5537
9476 23690 0.917524 27.5703
9476 23690 0.917524 27.587
9476 23690 0.917524 27.6037
9476 23690 0.917524 27.6203
9475 23690 0.917524 27.637
9475 23690 0.917524 27.6537
9475 23690 0.917524 27.6703
9470 23690 0.917524 27.687
9470 23690 0.917524 27.7037
9470 23690 0.917524 27.7203
9470 23690 0.917524 27.737
9470 23690 0.917524 27.7537
9470 23690 0.917524 27.7703
9450 23690 0.917524 27.787
9450 23690 0.917524 27.8037
9450 23690 0.917524 27.8203
9446 23690 0.917524 27.837
9441 23690 0.917524 27.8537
9441 23690 0.917524 27.8703
9441 23690 0.917524 27.887
9441 23690 0.917524 27.9037
9441 23690 0.917524 27.9203
9441 23690 0.917524 27.937
9425 23690 0.917524 27.9537
9424 23690 0.917524 27.9703
9421 23690 0.917524 27.987
9421 23690 0.917524 28.0037
9421 23690 0.917524 28.0203
9421 23690 0.917524 28.037
9419 23690 0.917524 28.0537
9419 23690 0.917524 28.0703
9412 23690 0.917524 28.087
9408 23690 0.917524 28.1037
9408 23690 0.917524 28.1203
9408 23690 0.917524 28.137
9408 23690 0.917524 28.1537
9407 23690 0.917524 28.1703
9407 23690 0.917524 28.187
9407 23690 0.917524 28.2037
9404 23690 0.917524 28.2203
9391 23690 0.917524 28.237
9391 23690 0.917524 28.2537
9390 23690 0.917524 28.2703
9390 23690 0.917524 28.287
9389 23690 0.917524 28.3037
9386 23690 0.917524 28.3203
9386 23690 0.917524 28.337
9386 23690 0.917524 28.3537
9383 23690 0.917524 28.3703
9374 23690 0.917524 28.387
9374 23690 0.917524 28.4037
9374 23690 0.917524 28.4203
9374 23690 0.917524 28.437
9374 23690 0.917524 28.4537
9374 23690 0.917524 28.4703
9374 23690 0.917524 28.487
9374 23690 0.917524 28.5037
9374 23690 0.917524 28.5203
9374 23690 0.917524 28.537
9374 23690 0.917524 28.5537
9374 23690 0.917524 28.5703
9365 23690 0.917524 28.587
9365 23690 0.917524 28.6037
9365 23690 0.917524 28.6203
9365 23690 0.917524 28.637
9365 23690 0.917524 28.6537
9365 23690 0.917524 28.6703
9365 23690 0.917524 28.687
9365 23690 0.917524 28.7037
9350 23690 0.917524 28.7203
9346 23690 0.917524 28.737
9346 23690 0.917524 28.7537
9346 23690 0.917524 28.7703
9346 23690 0.917524 28.787
9346 23690 0.917524 28.8037
9346 23690 0.917524 28.8203
9343 23690 0.917524 28.837
9342 23690 0.917524 28.8537
9342 23690 0.917524 28.8703
9342 23690 0.917524 28.887
9342 23690 0.917524 28.9037
9333 23690 0.917524 28.9203
9332 23690 0.917524 28.937
9330 23690 0.917524 28.9537
9323 23690 0.917524 28.9703
9319 23690 0.917524 28.987
9319 23690 0.917524 29.0037
9319 23690 0.917524 29.0203
9319 23690 0.917524 29.037
9318 23690 0.917524 29.0536
9312 23690 0.917524 29.0703
9312 23690 0.917524 29.087
9312 23690 0.917524 29.1036
9312 23690 0.917524 29.1203
9312 23690 0.917524 29.137
9312 23690 0.917524 29.1536
9312 23690 0.917524 29.1703
9303 23690 0.917524 29.187
9303 23690 0.917524 29.2036
9303 23690 0.917524 29.2203
9303 23690 0.917524 29.237
9303 23690 0.917524 29.2536
9303 23690 0.917524 29.2703
9303 23690 0.917524 29.287
9303 23690 0.917524 29.3036
9303 23690 0.917524 29.3203
9303 23690 0.917524 29.337
9303 23690 0.917524 29.3536
9303 23690 0.917524 29.3703
9303 23690 0.917524 29.387
9293 23690 0.917524 29.4036
9293 23690 0.917524 29.4203
9293 23690 0.917524 29.437
9293 23690 0.917524 29.4536
9293 23690 0.917524 29.4703
9293 23690 0.917524 29.487
9293 23690 0.917524 29.5036
9293 23690 0.917524 29.5203
9291 23690 0.917524 29.537
9280 23690 0.917524 29.5536
9280 23690 0.917524 29.5703
9280 23690 0.917524 29.587
9280 23690 0.917524 29.6036
9280 23690 0.917524 29.6203
9280 23690 0.917524 29.637
9280 23690 0.917524 29.6536
9280 23690 0.917524 29.6703
9280 23690 0.917524 29.687
9280 23690 0.917524 29.7036
9270 23690 0.917524 29.7203
9270 23690 0.917524 29.737
9269 23690 0.917524 29.7536
9269 23690 0.917524 29.7703
9269 23690 0.917524 29.787
9269 23690 0.917524 29.8036
9269 23690 0.917524 29.8203
9269 23690 0.917524 29.837
9269 23690 0.917524 29.8536
9263 23690 0.917524 29.8703
9261 23690 0.917524 29.887
9261 23690 0.917524 29.9036
9261 23690 0.917524 29.9203
9261 23690 0.917524 29.937
9261 23690 0.917524 29.9536
9261 23690 0.917524 29.9703
9257 23690 0.917524 29.987
9253 23690 0.917524 30.0036
9251 23690 0.917524 30.0203
9251 23690 0.917524 30.037
9251 23690 0.917524 30.0536
9251 23690 0.917524 30.0703
9251 23690 0.917524 30.087
9251 23690 0.917524 30.1036
9250 23690 0.917524 30.1203
9250 23690 0.917524 30.137
9250 23690 0.917524 30.1536
9250 23690 0.917524 30.1703
9250 23690 0.917524 30.187
9241 23690 0.917524 30.2036
9241 23690 0.917524 30.2203
9241 23690 0.917524 30.237
9239 23690 0.917524 30.2536
9239 23690 0.917524 30.2703
9239 23690 0.917524 30.287
9232 23690 0.917524 30.3036
9232 23690 0.917524 30.3203
9232 23690 0.917524 30.337
9232 23690 0.917524 30.3536
9232 23690 0.917524 30.3703
9232 23690 0.917524 30.387
9232 23690 0.917524 30.4036
9232 23690 0.917524 30.4203
9232 23690 0.917524 30.437
9232 23690 0.917524 30.4536
9227 23690 0.917524 30.4703
9227 23690 0.917524 30.487
9227 23690 0.917524 30.5036
9227 23690 0.917524 30.5203
9227 23690 0.917524 30.537
9227 23690 0.917524 30.5536
9227 23690 0.917524 30.5703
9227 23690 0.917524 30.587
9227 23690 0.917524 30.6036
9226 23690 0.917524 30.6203
9216 23690 0.917524 30.637
9216 23690 0.917524 30.6536
9216 23690 0.917524 30.6703
9216 23690 0.917524 30.687
9215 23690 0.917524 30.7036
9214 23690 0.917524 30.7203
9212 23690 0.917524 30.737
9212 23690 0.917524 30.7536
9212 23690 0.917524 30.7703
9212 23690 0.917524 30.787
9212 23690 0.917524 30.8036
9212 23690 0.917524 30.8203
9212 23690 0.917524 30.837
9212 23690 0.917524 30.8536
9212 23690 0.917524 30.8703
9212 23690 0.917524 30.887
9212 23690 0.917524 30.9036
9212 23690 0.917524 30.9203
9212 23690 0.917524 30.937
9212 23690 0.917524 30.9536
9212 23690 0.917524 30.9703
9204 23690 0.917524 30.987
9197 23690 0.917524 31.0036
9197 23690 0.917524 31.0203
9197 23690 0.917524 31.037
9197 23690 0.917524 31.0536
9197 23690 0.917524 31.0703
9197 23690 0.917524 31.087
9197 23690 0.917524 31.1036
9197 23690 0.917524 31.1203
9189 23690 0.917524 31.137
9189 23690 0.917524 31.1536
9189 23690 0.917524 31.1703
9189 23690 0.917524 31.187
9189 23690 0.917524 31.2036
9189 23690 0.917524 31.2203
9189 23690 0.917524 31.2369
9189 23690 0.917524 31.2536
9185 23690 0.917524 31.2703
9184 23690 0.917524 31.2869
9174 23690 0.917524 31.3036
9174 23690 0.917524 31.3203
9174 23690 0.917524 31.3369
9174 23690 0.917524 31.3536
9174 23690 0.917524 31.3703
9174 23690 0.917524 31.3869
9174 23690 0.917524 31.4036
9174 23690 0.917524 31.4203
9174 23690 0.917524 31.4369
9174 23690 0.917524 31.4536
9174 23690 0.917524 31.4703
9174 23690 0.917524 31.4869
9173 23690 0.917524 31.5036
9173 23690 0.917524 31.5203
9173 23690 0.917524 31.5369
9173 23690 0.917524 31.5536
9160 23690 0.917524 31.5703
9160 23690 0.917524 31.5869
9160 23690 0.917524 31.6036
9160 23690 0.917524 31.6203
9160 23690 0.917524 31.6369
9160 23690 0.917524 31.6536
9160 23690 0.917524 31.6703
9160 23690 0.917524 31.6869
9160 23690 0.917524 31.7036
9160 23690 0.917524 31.7203
9160 23690 0.917524 31.7369
9160 23690 0.917524 31.7536
9160 23690 0.917524 31.7703
9160 23690 0.917524 31.7869
9160 23690 0.917524 31.8036
9157 23690 0.917524 31.8203
9149 23690 0.917524 31.8369
9149 23690 0.917524 31.8536
9149 23690 0.917524 31.8703
9149 23690 0.917524 31.8869
9149 23690 0.917524 31.9036
9148 23690 0.917524 31.9203
9148 23690 0.917524 31.9369
9148 23690 0.917524 31.9536
9148 23690 0.917524 31.9703
9148 23690 0.917524 31.9869
9148 23690 0.917524 32.0036
9148 23690 0.917524 32.0203
9148 23690 0.917524 32.0369
9138 23690 0.917524 32.0536
9138 23690 0.917524 32.0703
9138 23690 0.917524 32.0869
9138 23690 0.917524 32.1036
9138 23690 0.917524 32.1203
9138 23690 0.917524 32.1369
9138 23690 0.917524 32.1536
9138 23690 0.917524 32.1703
9138 23690 0.917524 32.1869
9138 23690 0.917524 32.2036
9138 23690 0.917524 32.2203
9138 23690 0.917524 32.2369
9138 23690 0.917524 32.2536
9138 23690 0.917524 32.2703
9138 23690 0.917524 32.2869
9129 23690 0.917524 32.3036
9127 23690 0.917524 32.3203
9127 23690 0.917524 32.3369
9127 23690 0.917524 32.3536
9127 23690 0.917524 32.3703
9127 23690 0.917524 32.3869
9125 23690 0.917524 32.4036
9125 23690 0.917524 32.4203
9125 23690 0.917524 32.4369
9125 23690 0.917524 32.4536
9125 23690 0.917524 32.4703
9121 23690 0.917524 32.4869
9121 23690 0.917524 32.5036
9121 23690 0.917524 32.5203
9121 23690 0.917524 32.5369
9121 23690 0.917524 32.5536
9121 23690 0.917524 32.5703
9121 23690 0.917524 32.5869
9121 23690 0.917524 32.6036
9121 23690 0.917524 32.6203
9120 23690 0.917524 32.6369
9116 23690 0.917524 32.6536
9116 23690 0.917524 32.6703
9116 23690 0.917524 32.6869
9116 23690 0.917524 32.7036
9116 23690 0.917524 32.7203
9116 23690 0.917524 32.7369
9116 23690 0.917524 32.7536
9116 23690 0.917524 32.7703
9107 23690 0.917524 32.7869
9107 23690 0.917524 32.8036
9107 23690 0.917524 32.8203
9107 23690 0.917524 32.8369
9107 23690 0.917524 32.8536
9106 23690 0.917524 32.8703
9106 23690 0.917524 32.8869
9105 23690 0.917524 32.9036
9105 23690 0.917524 32.9203
9105 23690 0.917524 32.9369
9105 23690 0.917524 32.9536
9105 23690 0.917524 32.9703
9105 23690 0.917524 32.9869
9105 23690 0.917524 33.0036
9103 23690 0.917524 33.0203
9099 23690 0.917524 33.0369
9099 23690 0.917524 33.0536
9099 23690 0.917524 33.0703
9099 23690 0.917524 33.0869
9099 23690 0.917524 33.1036
9099 23690 0.917524 33.1203
9099 23690 0.917524 33.1369
9099 23690 0.917524 33.1536
9098 23690 0.917524 33.1703
9098 23690 0.917524 33.1869
9098 23690 0.917524 33.2036
9098 23690 0.917524 33.2203
9098 23690 0.917524 33.2369
9098 23690 0.917524 33.2536
9097 23690 0.917524 33.2703
9097 23690 0.917524 33.2869
9091 23690 0.917524 33.3036
9091 23690 0.917524 33.3203
9091 23690 0.917524 33.3369
9091 23690 0.917524 33.3536
9091 23690 0.917524 33.3703
9091 23690 0.917524 33.3869
9091 23690 0.917524 33.4036
9091 23690 0.917524 33.4202
9091 23690 0.917524 33.4369
9091 23690 0.917524 33.4536
9091 23690 0.917524 33.4702
9091 23690 0.917524 33.4869
9091 23690 0.917524 33.5036
9091 23690 0.917524 33.5202
9091 23690 0.917524 33.5369
9090 23690 0.917524 33.5536
9083 23690 0.917524 33.5702
9083 23690 0.917524 33.5869
9083 23690 0.917524 33.6036
9083 23690 0.917524 33.6202
9083 23690 0.917524 33.6369
9083 23690 0.917524 33.6536
9083 23690 0.917524 33.6702
9083 23690 0.917524 33.6869
9083 23690 0.917524 33.7036
9083 23690 0.917524 33.7202
9083 23690 0.917524 33.7369
9083 23690 0.917524 33.7536
9083 23690 0.917524 33.7702
9082 23690 0.917524 33.7869
9078 23690 0.917524 33.8036
9075 23690 0.917524 33.8202
9075 23690 0.917524 33.8369
9075 23690 0.917524 33.8536
9075 23690 0.917524 33.8702
9075 23690 0.917524 33.8869
9075 23690 0.917524 33.9036
9075 23690 0.917524 33.9202
9075 23690 0.917524 33.9369
9075 23690 0.917524 33.9536
9075 23690 0.917524 33.9702
9075 23690 0.917524 33.9869
9075 23690 0.917524 34.0036
9075 23690 0.917524 34.0202
9075 23690 0.917524 34.0369
9074 23690 0.917524 34.0536
9068 23690 0.917524 34.0702
9068 23690 0.917524 34.0869
9068 23690 0.917524 34.1036
9068 23690 0.917524 34.1202
9068 23690 0.917524 34.1369
9068 23690 0.917524 34.1536
9068 23690 0.917524 34.1702
9068 23690 0.917524 34.1869
9068 23690 0.917524 34.2036
9068 23690 0.917524 34.2202
9068 23690 0.917524 34.2369
9068 23690 0.917524 34.2536
9068 23690 0.917524 34.2702
9068 23690 0.917524 34.2869
9068 23690 0.917524 34.3036
9067 23690 0.917524 34.3202
9067 23690 0.917524 34.3369
9059 23690 0.917524 34.3536
9059 23690 0.917524 34.3702
9059 23690 0.917524 34.3869
9059 23690 0.917524 34.4036
9059 23690 0.917524 34.4202
9059 23690 0.917524 34.4369
9059 23690 0.917524 34.4536
9059 23690 0.917524 34.4702
9059 23690 0.917524 34.4869
9059 23690 0.917524 34.5036
9059 23690 0.917524 34.5202
9059 23690 0.917524 34.5369
9059 23690 0.917524 34.5536
9059 23690 0.917524 34.5702
9059 23690 0.917524 34.5869
9059 23690 0.917524 34.6036
9058 23690 0.917524 34.6202
9058 23690 0.917524 34.6369
9054 23690 0.917524 34.6536
9054 23690 0.917524 34.6702
9054 23690 0.917524 34.6869
9054 23690 0.917524 34.7036
9054 23690 0.917524 34.7202
9054 23690 0.917524 34.7369
9054 23690 0.917524 34.7536
9054 23690 0.917524 34.7702
9054 23690 0.917524 34.7869
9054 23690 0.917524 34.8036
9054 23690 0.917524 34.8202
9054 23690 0.917524 34.8369
9053 23690 0.917524 34.8536
9050 23690 0.917524 34.8702
9050 23690 0.917524 34.8869
9050 23690 0.917524 34.9036
9050 23690 0.917524 34.9202
9050 23690 0.917524 34.9369
9050 23690 0.917524 34.9536
9045 23690 0.917524 34.9702
9045 23690 0.917524 34.9869
9045 23690 0.917524 35.0036
9045 23690 0.917524 35.0202
9045 23690 0.917524 35.0369
9045 23690 0.917524 35.0536
9045 23690 0.917524 35.0702
9045 23690 0.917524 35.0869
9045 23690 0.917524 35.1036
9045 23690 0.917524 35.1202
9045 23690 0.917524 35.1369
9045 23690 0.917524 35.1536
9045 23690 0.917524 35.1702
9045 23690 0.917524 35.1869
9045 23690 0.917524 35.2036
9045 23690 0.917524 35.2202
9045 23690 0.917524 35.2369
9045 23690 0.917524 35.2536
9039 23690 0.917524 35.2702
9039 23690 0.917524 35.2869
9039 23690 0.917524 35.3036
9039 23690 0.917524 35.3202
9039 23690 0.917524 35.3369
9039 23690 0.917524 35.3536
9039 23690 0.917524 35.3702
9039 23690 0.917524 35.3869
9039 23690 0.917524 35.4036
9039 23690 0.917524 35.4202
9039 23690 0.917524 35.4369
9039 23690 0.917524 35.4536
9039 23690 0.917524 35.4702
9039 23690 0.917524 35.4869
9039 23690 0.917524 35.5036
9039 23690 0.917524 35.5202
9039 23690 0.917524 35.5369
9039 23690 0.917524 35.5536
9036 23690 0.917524 35.5702
9036 23690 0.917524 35.5869
9036 23690 0.917524 35.6035
9036 23690 0.917524 35.6202
9036 23690 0.917524 35.6369
9032 23690 0.917524 35.6535
9032 23690 0.917524 35.6702
9032 23690 0.917524 35.6869
9032 23690 0.917524 35.7035
9032 23690 0.917524 35.7202
9032 23690 0.917524 35.7369
9032 23690 0.917524 35.7535
9032 23690 0.917524 35.7702
9032 23690 0.917524 35.7869
9032 23690 0.917524 35.8035
9032 23690 0.917524 35.8202
9032 23690 0.917524 35.8369
9031 23690 0.917524 35.8535
9028 23690 0.917524 35.8702
9028 23690 0.917524 35.8869
9028 23690 0.917524 35.9035
9028 23690 0.917524 35.9202
9028 23690 0.917524 35.9369
9028 23690 0.917524 35.9535
9028 23690 0.917524 35.9702
9028 23690 0.917524 35.9869
9028 23690 0.917524 36.0035
9028 23690 0.917524 36.0202
9028 23690 0.917524 36.0369
9028 23690 0.917524 36.0535
9028 23690 0.917524 36.0702
9028 23690 0.917524 36.0869
9028 23690 0.917524 36.1035
9028 23690 0.917524 36.1202
9028 23690 0.917524 36.1369
9028 23690 0.917524 36.1535
9028 23690 0.917524 36.1702
9028 23690 0.917524 36.1869
9027 23690 0.917524 36.2035
9027 23690 0.917524 36.2202
9027 23690 0.917524 36.2369
9027 23690 0.917524 36.2535
9022 23690 0.917524 36.2702
9022 23690 0.917524 36.2869
9022 23690 0.917524 36.3035
9022 23690 0.917524 36.3202
9022 23690 0.917524 36.3369
9022 23690 0.917524 36.3535
9022 23690 0.917524 36.3702
9022 23690 0.917524 36.3869
9022 23690 0.917524 36.4035
9022 23690 0.917524 36.4202
9022 23690 0.917524 36.4369
9022 23690 0.917524 36.4535
9022 23690 0.917524 36.4702
9018 23690 0.917524 36.4869
9018 23690 0.917524 36.5035
9018 23690 0.917524 36.5202
9018 23690 0.917524 36.5369
9018 23690 0.917524 36.5535
9018 23690 0.917524 36.5702
9018 23690 0.917524 36.5869
9018 23690 0.917524 36.6035
9018 23690 0.917524 36.6202
9018 23690 0.917524 36.6369
9018 23690 0.917524 36.6535
9018 23690 0.917524 36.6702
9018 23690 0.917524 36.6869
9018 23690 0.917524 36.7035
9018 23690 0.917524 36.7202
9018 23690 0.917524 36.7369
9018 23690 0.917524 36.7535
9018 23690 0.917524 36.7702
9018 23690 0.917524 36.7869
9013 23690 0.917524 36.8035
9012 23690 0.917524 36.8202
9012 23690 0.917524 36.8369
9011 23690 0.917524 36.8535
9011 23690 0.917524 36.8702
9011 23690 0.917524 36.8869
9010 23690 0.917524 36.9035
9010 23690 0.917524 36.9202
9010 23690 0.917524 36.9369
9010 23690 0.917524 36.9535
9010 23690 0.917524 36.9702
9010 23690 0.917524 36.9869
9010 23690 0.917524 37.0035
9009 23690 0.917524 37.0202
9005 23690 0.917524 37.0369
9005 23690 0.917524 37.0535
9005 23690 0.917524 37.0702
9005 23690 0.917524 37.0869
9005 23690 0.917524 37.1035
9005 23690 0.917524 37.1202
9005 23690 0.917524 37.1369
9005 23690 0.917524 37.1535
9005 23690 0.917524 37.1702
9005 23690 0.917524 37.1869
9005 23690 0.917524 37.2035
9005 23690 0.917524 37.2202
9005 23690 0.917524 37.2369
9005 23690 0.917524 37.2535
9005 23690 0.917524 37.2702
9005 23690 0.917524 37.2869
9005 23690 0.917524 37.3035
9005 23690 0.917524 37.3202
9005 23690 0.917524 37.3369
9005 23690 0.917524 37.3535
9005 23690 0.917524 37.3702
9005 23690 0.917524 37.3869
9005 23690 0.920857 37.4035
9005 23690 0.92419 37.4202
9005 23690 0.927523 37.4369
8998 23690 0.930856 37.4535
8998 23690 0.934189 37.4702
8998 23690 0.937522 37.4869
8998 23690 0.940855 37.5035
8998 23690 0.944188 37.5202
8998 23690 0.947521 37.5369
8998 23690 0.950854 37.5535
8998 23690 0.954187 37.5702
8998 23690 0.95752 37.5869
8992 23690 0.960853 37.6035
8992 23690 0.964186 37.6202
8992 23690 0.967519 37.6369
8992 23690 0.970852 37.6535
8991 23690 0.974185 37.6702
8991 23690 0.977518 37.6869
8991 23690 0.980851 37.7035
8991 23690 0.984184 37.7202
8991 23690 0.987517 37.7369
8991 23690 0.99085 37.7535
8991 23690 0.994183 37.7702
8991 23690 0.997516 37.7868
8991 23690 1.00085 37.8035
8991 23690 1.00418 37.8202
8991 23690 1.00752 37.8368
8991 23690 1.01085 37.8535
8991 23690 1.01418 37.8702
8991 23690 1.01751 37.8868
8991 23690 1.02085 37.9035
8991 23690 1.02418 37.9202
8991 23690 1.02751 37.9368
8991 23690 1.03085 37.9535
8991 23690 1.03418 37.9702
8991 23690 1.03751 37.9868
8991 23690 1.04085 38.0035
8990 23690 1.04418 38.0202
8986 23690 1.04751 38.0368
8986 23690 1.05084 38.0535
8986 23690 1.05418 38.0702
8985 23690 1.05751 38.0868
8976 23690 1.06084 38.1035
8976 23690 1.06418 38.1202
8976 23690 1.06751 38.1368
8975 23690 1.07084 38.1535
8972 23690 1.07417 38.1702
8972 23690 1.07751 38.1868
8972 23690 1.08084 38.2035
8972 23690 1.08417 38.2202
8972 23690 1.08751 38.2368
8972 23690 1.09084 38.2535
8972 23690 1.09417 38.2702
8959 23690 1.09751 38.2868
8948 23690 1.10084 38.3035
8942 23690 1.10417 38.3202
8933 23690 1.1075 38.3368
8933 23690 1.11084 38.3535
8933 23690 1.11417 38.3702
8933 23690 1.1175 38.3868
8933 23690 1.12084 38.4035
8933 23690 1.12417 38.4202
8904 23690 1.1275 38.4368
8884 23690 1.13084 38.4535
8882 23690 1.13417 38.4702
8870 23690 1.1375 38.4868
8861 23690 1.14083 38.5035
8840 23690 1.14417 38.5202
8839 23690 1.1475 38.5368
8839 23690 1.15116 38.5535
8839 23690 1.15476 38.5702
8837 23690 1.15831 38.5868
8796 23690 1.16181 38.6035
8771 23690 1.16525 38.6202
8760 23690 1.16865 38.6368
8746 23690 1.172 38.6535
8730 23690 1.1753 38.6702
8713 23690 1.17855 38.6868
8703 23690 1.18175 38.7035
8686 23690 1.18491 38.7202
8663 23690 1.18802 38.7368
8650 23690 1.19109 38.7535
8627 23690 1.19411 38.7702
8609 23690 1.19709 38.7868
8591 23690 1.20002 38.8035
8569 23690 1.20291 38.8202
8540 23690 1.20576 38.8368
8521 23690 1.20857 38.8535
8512 23690 1.21134 38.8702
8493 23690 1.21407 38.8868
8452 23690 1.21675 38.9035
8425 23690 1.2194 38.9202
8392 23690 1.22201 38.9368
8356 23690 1.22458 38.9535
8323 23690 1.22712 38.9702
8312 23690 1.22962 38.9868
8300 23690 1.23208 39.0035
8256 23690 1.23451 39.0202
8223 23690 1.2369 39.0368
8196 23690 1.23925 39.0535
8159 23690 1.24157 39.0702
8116 23690 1.24386 39.0868
8070 23690 1.24612 39.1035
8050 23690 1.24834 39.1202
8013 23690 1.25053 39.1368
7964 23690 1.25269 39.1535
7924 23690 1.25481 39.1702
7890 23690 1.25691 39.1868
7855 23690 1.25897 39.2035
7812 23690 1.26101 39.2202
7762 23690 1.26301 39.2368
7720 23690 1.26499 39.2535
7675 23690 1.26694 39.2702
7634 23690 1.26886 39.2868
7590 23690 1.27075 39.3035
7555 23690 1.27261 39.3202
7512 23690 1.27445 39.3368
7465 23690 1.27626 39.3535
7421 23690 1.27804 39.3702
7380 23690 1.2798 39.3868
7334 23690 1.28153 39.4035
7276 23690 1.28324 39.4202
7221 23690 1.28492 39.4368
7165 23690 1.28658 39.4535
7125 23690 1.28822 39.4702
7080 23690 1.28983 39.4868
7029 23690 1.29141 39.5035
6984 23690 1.29298 39.5202
6937 23690 1.29452 39.5368
6894 23690 1.29604 39.5535
6845 23690 1.29753 39.5702
6794 23690 1.29901 39.5868
6749 23690 1.30046 39.6035
6702 23690 1.30189 39.6202
6644 23690 1.3033 39.6368
6592 23690 1.3047 39.6535
6550 23690 1.30607 39.6702
6488 23690 1.30742 39.6868
6443 23690 1.30875 39.7035
6400 23690 1.31006 39.7202
6344 23690 1.31135 39.7368
6295 23690 1.31263 39.7535
6245 23690 1.31388 39.7702
6185 23690 1.31512 39.7868
6140 23690 1.31634 39.8035
6100 23690 1.31754 39.8202
6053 23690 1.31872 39.8368
6000 23690 1.31989 39.8535
5946 23690 1.32104 39.8702
5894 23690 1.32217 39.8868
5846 23690 1.32329 39.9035
5802 23690 1.32439 39.9202
5764 23690 1.32547 39.9368
5711 23690 1.32654 39.9535
5667 23690 1.3276 39.9701
5619 23690 1.32863 39.9868
5559 23690 1.32966 40.0035
5505 23690 1.33067 40.0201
5476 23690 1.33166 40.0368
5431 23690 1.33264 40.0535
5375 23690 1.3336 40.0701
5329 23690 1.33455 40.0868
5287 23690 1.33549 40.1035
5243 23690 1.33641 40.1201
5202 23690 1.33732 40.1368
5159 23690 1.33822 40.1535
5104 23690 1.3391 40.1701
5054 23690 1.33997 40.1868
5011 23690 1.34083 40.2035
4973 23690 1.34168 40.2201
4928 23690 1.34251 40.2368
4892 23690 1.34333 40.2535
4846 23690 1.34414 40.2701
4801 23690 1.34494 40.2868
4762 23690 1.34572 40.3035
4717 23690 1.3465 40.3201
4676 23690 1.34726 40.3368
4636 23690 1.34801 40.3535
4589 23690 1.34875 40.3701
4550 23690 1.34948 40.3868
4511 23690 1.3502 40.4035
4466 23690 1.35091 40.4201
4428 23690 1.35161 40.4368
4383 23690 1.3523 40.4535
4344 23690 1.35298 40.4701
4314 23690 1.35365 40.4868
4282 23690 1.35431 40.5035
4249 23690 1.35496 40.5201
4205 23690 1.3556 40.5368
4157 23690 1.35623 40.5535
4122 23690 1.35685 40.5701
4087 23690 1.35746 40.5868
4050 23690 1.35807 40.6035
4016 23690 1.35866 40.6201
3981 23690 1.35925 40.6368
3948 23690 1.35983 40.6535
3919 23690 1.3604 40.6701
3883 23690 1.36096 40.6868
3839 23690 1.36151 40.7035
3804 23690 1.36206 40.7201
3768 23690 1.36259 40.7368
3734 23690 1.36312 40.7535
3700 23690 1.36364 40.7701
3672 23690 1.36416 40.7868
3636 23690 1.36466 40.8035
3600 23690 1.36516 40.8201
3570 23690 1.36565 40.8368
3542 23690 1.36614 40.8535
3508 23690 1.36662 40.8701
3474 23690 1.36709 40.8868
3445 23690 1.36755 40.9035
3416 23690 1.36801 40.9201
3390 23690 1.36846 40.9368
3356 23690 1.3689 40.9535
3326 23690 1.36934 40.9701
3299 23690 1.36977 40.9868
3275 23690 1.3702 41.0035
3248 23690 1.37062 41.0201
3215 23690 1.37103 41.0368
3185 23690 1.37144 41.0535
3157 23690 1.37184 41.0701
3130 23690 1.37223 41.0868
3106 23690 1.37262 41.1035
3085 23690 1.373 41.1201
3061 23690 1.37338 41.1368
3033 23690 1.37375 41.1535
3006 23690 1.37412 41.1701
2975 23690 1.37448 41.1868
2952 23690 1.37484 41.2035
2928 23690 1.37519 41.2201
2904 23690 1.37554 41.2368
2884 23690 1.37588 41.2535
2854 23690 1.37621 41.2701
2826 23690 1.37621 41.2868
2804 23690 1.37621 41.3035
2784 23690 1.37621 41.3201
2756 23690 1.37621 41.3368
2733 23690 1.37621 41.3535
2707 23690 1.37621 41.3701
2684 23690 1.37621 41.3868
2662 23690 1.37621 41.4035
2638 23690 1.37621 41.4201
2612 23690 1.37621 41.4368
2585 23690 1.37621 41.4535
2572 23690 1.37621 41.4701
2563 23690 1.37621 41.4868
2541 23690 1.37621 41.5035
2516 23690 1.37621 41.5201
2488 23690 1.37621 41.5368
2464 23690 1.37621 41.5535
2443 23690 1.37621 41.5701
2426 23690 1.37621 41.5868
2412 23690 1.37621 41.6035
2400 23690 1.37621 41.6201
2380 23690 1.37621 41.6368
2348 23690 1.37621 41.6535
2329 23690 1.37621 41.6701
2308 23690 1.37621 41.6868
2295 23690 1.37621 41.7035
2282 23690 1.37621 41.7201
2268 23690 1.37621 41.7368
2252 23690 1.37621 41.7535
2233 23690 1.37621 41.7701
2208 23690 1.37621 41.7868
2192 23690 1.37621 41.8035
2175 23690 1.37621 41.8201
2161 23690 1.37621 41.8368
2149 23690 1.37621 41.8535
2130 23690 1.37621 41.8701
2112 23690 1.37621 41.8868
2098 23690 1.37621 41.9035
2079 23690 1.37621 41.9201
2055 23690 1.37621 41.9368
2039 23690 1.37621 41.9535
2025 23690 1.37621 41.9701
2014 23690 1.37621 41.9868
2004 23690 1.37621 42.0035
1993 23690 1.37621 42.0201
1981 23690 1.37621 42.0368
1973 23690 1.37621 42.0535
1947 23690 1.37621 42.0701
1927 23690 1.37621 42.0868
1907 23690 1.37621 42.1035
1890 23690 1.37621 42.1201
1875 23690 1.37621 42.1368
1875 23690 1.37621 42.1535
1875 23690 1.37621 42.1701
1860 23690 1.37621 42.1868
1839 23690 1.37621 42.2034
1826 23690 1.37621 42.2201
1801 23690 1.37621 42.2368
1793 23690 1.37621 42.2534
1784 23690 1.37621 42.2701
1772 23690 1.37621 42.2868
1757 23690 1.37621 42.3034
1753 23690 1.37621 42.3201
1738 23690 1.37621 42.3368
1723 23690 1.37621 42.3534
1719 23690 1.37621 42.3701
1703 23690 1.37621 42.3868
1688 23690 1.37621 42.4034
1678 23690 1.37621 42.4201
1662 23690 1.37621 42.4368
1640 23690 1.37621 42.4534
1640 23690 1.37621 42.4701
1640 23690 1.37621 42.4868
1640 23690 1.37621 42.5034
1630 23690 1.37621 42.5201
1609 23690 1.37621 42.5368
1594 23690 1.37621 42.5534
1580 23690 1.37621 42.5701
1568 23690 1.37621 42.5868
1568 23690 1.37621 42.6034
1561 23690 1.37621 42.6201
1541 23690 1.37621 42.6368
1528 23690 1.37621 42.6534
1516 23690 1.37621 42.6701
1516 23690 1.37621 42.6868
1516 23690 1.37621 42.7034
1516 23690 1.37621 42.7201
1509 23690 1.37621 42.7368
1494 23690 1.37621 42.7534
1480 23690 1.37621 42.7701
1466 23690 1.37621 42.7868
1451 23690 1.37621 42.8034
1450 23690 1.37621 42.8201
1450 23690 1.37621 42.8368
1450 23690 1.37621 42.8534
1436 23690 1.37621 42.8701
1425 23690 1.37621 42.8868
1425 23690 1.37621 42.9034
1413 23690 1.37621 42.9201
1403 23690 1.37621 42.9368
1398 23690 1.37621 42.9534
1378 23690 1.37621 42.9701
1378 23690 1.37621 42.9868
1378 23690 1.37621 43.0034
1378 23690 1.37621 43.0201
1378 23690 1.37621 43.0368
1358 23690 1.37621 43.0534
1347 23690 1.37621 43.0701
1347 23690 1.37621 43.0868
1336 23690 1.37621 43.1034
1318 23690 1.37621 43.1201
1312 23690 1.37621 43.1368
1308 23690 1.37621 43.1534
1307 23690 1.37621 43.1701
1307 23690 1.37621 43.1868
1296 23690 1.37621 43.2034
1292 23690 1.37621 43.2201
1284 23690 1.37621 43.2368
1277 23690 1.37621 43.2534
1277 23690 1.37621 43.2701
1269 23690 1.37621 43.2868
1256 23690 1.37621 43.3034
1256 23690 1.37621 43.3201
1256 23690 1.37621 43.3368
1249 23690 1.37621 43.3534
1238 23690 1.37621 43.3701
1226 23690 1.37621 43.3868
1226 23690 1.37621 43.4034
1226 23690 1.37621 43.4201
1226 23690 1.37621 43.4368
1207 23690 1.37621 43.4534
1206 23690 1.37621 43.4701
1206 23690 1.37621 43.4868
1206 23690 1.37621 43.5034
1191 23690 1.37621 43.5201
1190 23690 1.37621 43.5368
1190 23690 1.37621 43.5534
1190 23690 1.37621 43.5701
1178 23690 1.37621 43.5868
1174 23690 1.37621 43.6034
1162 23690 1.37621 43.6201
1162 23690 1.37621 43.6368
1162 23690 1.37621 43.6534
1151 23690 1.37621 43.6701
1151 23690 1.37621 43.6868
1151 23690 1.37621 43.7034
1151 23690 1.37621 43.7201
1151 23690 1.37621 43.7368
1136 23690 1.37621 43.7534
1136 23690 1.37621 43.7701
1122 23690 1.37621 43.7868
1122 23690 1.37621 43.8034
1122 23690 1.37621 43.8201
1122 23690 1.37621 43.8368
1115 23690 1.37621 43.8534
1107 23690 1.37621 43.8701
1107 23690 1.37621 43.8868
1107 23690 1.37621 43.9034
1107 23690 1.37621 43.9201
1106 23690 1.37621 43.9368
1094 23690 1.37621 43.9534
1094 23690 1.37621 43.9701
1094 23690 1.37621 43.9868
1094 23690 1.37621 44.0034
1094 23690 1.37621 44.0201
1075 23690 1.37621 44.0368
1075 23690 1.37621 44.0534
1075 23690 1.37621 44.0701
1067 23690 1.37621 44.0868
1062 23690 1.37621 44.1034
1062 23690 1.37621 44.1201
1061 23690 1.37621 44.1368
1058 23690 1.37621 44.1534
1058 23690 1.37621 44.1701
1057 23690 1.37621 44.1868
1055 23690 1.37621 44.2034
1044 23690 1.37621 44.2201
1044 23690 1.37621 44.2368
1044 23690 1.37621 44.2534
1036 23690 1.37621 44.2701
1035 23690 1.37621 44.2868
1035 23690 1.37621 44.3034
1030 23690 1.37621 44.3201
1020 23690 1.37621 44.3368
1020 23690 1.37621 44.3534
1020 23690 1.37621 44.3701
1019 23690 1.37621 44.3867
1015 23690 1.37621 44.4034
1006 23690 1.37621 44.4201
1006 23690 1.37621 44.4367
1006 23690 1.37621 44.4534
1006 23690 1.37621 44.4701
1006 23690 1.37621 44.4867
1006 23690 1.37621 44.5034
1000 23690 1.37621 44.5201
1000 23690 1.37621 44.5367
1000 23690 1.37621 44.5534
1000 23690 1.37621 44.5701
992 23690 1.37621 44.5867
982 23690 1.37621 44.6034
982 23690 1.37621 44.6201
982 23690 1.37621 44.6367
982 23690 1.37621 44.6534
982 23690 1.37621 44.6701
982 23690 1.37621 44.6867
982 23690 1.37621 44.7034
981 23690 1.37621 44.7201
966 23690 1.37621 44.7367
966 23690 1.37621 44.7534
966 23690 1.37621 44.7701
966 23690 1.37621 44.7867
966 23690 1.37621 44.8034
966 23690 1.37621 44.8201
966 23690 1.37621 44.8367
959 23690 1.37621 44.8534
953 23690 1.37621 44.8701
952 23690 1.37621 44.8867
952 23690 1.37621 44.9034
948 23690 1.37621 44.9201
948 23690 1.37621 44.9367
948 23690 1.37621 44.9534
948 23690 1.37621 44.9701
948 23690 1.37621 44.9867
948 23690 1.37621 45.0034
943 23690 1.37621 45.0201
934 23690 1.37621 45.0367
934 23690 1.37621 45.0534
934 23690 1.37621 45.0701
934 23690 1.37621 45.0867
934 23690 1.37621 45.1034
934 23690 1.37621 45.1201
934 23690 1.37621 45.1367
934 23690 1.37621 45.1534
934 23690 1.37621 45.1701
934 23690 1.37621 45.1867
924 23690 1.37621 45.2034
921 23690 1.37621 45.2201
921 23690 1.37621 45.2367
921 23690 1.37621 45.2534
921 23690 1.37621 45.2701
921 23690 1.37621 45.2867
921 23690 1.37621 45.3034
916 23690 1.37621 45.3201
910 23690 1.37621 45.3367
910 23690 1.37621 45.3534
910 23690 1.37621 45.3701
910 23690 1.37621 45.3867
910 23690 1.37621 45.4034
910 23690 1.37621 45.4201
910 23690 1.37621 45.4367
910 23690 1.37621 45.4534
910 23690 1.37621 45.4701
910 23690 1.37621 45.4867
906 23690 1.37621 45.5034
900 23690 1.37621 45.5201
898 23690 1.37621 45.5367
898 23690 1.37621 45.5534
898 23690 1.37621 45.5701
898 23690 1.37621 45.5867
898 23690 1.37621 45.6034
898 23690 1.37621 45.6201
898 23690 1.37621 45.6367
898 23690 1.37621 45.6534
898 23690 1.37621 45.6701
898 23690 1.37621 45.6867
898 23690 1.37621 45.7034
889 23690 1.37621 45.7201
889 23690 1.37621 45.7367
889 23690 1.37621 45.7534
889 23690 1.37621 45.7701
889 23690 1.37621 45.7867
889 23690 1.37621 45.8034
882 23690 1.37621 45.8201
882 23690 1.37621 45.8367
882 23690 1.37621 45.8534
882 23690 1.37621 45.8701
882 23690 1.37621 45.8867
882 23690 1.37621 45.9034
882 23690 1.37621 45.9201
882 23690 1.37621 45.9367
882 23690 1.37621 45.9534
882 23690 1.37621 45.9701
882 23690 1.37621 45.9867
882 23690 1.37621 46.0034
882 23690 1.37621 46.0201
876 23690 1.37621 46.0367
874 23690 1.37621 46.0534
874 23690 1.37621 46.0701
874 23690 1.37621 46.0867
874 23690 1.37621 46.1034
874 23690 1.37621 46.1201
874 23690 1.37621 46.1367
874 23690 1.37621 46.1534
874 23690 1.37621 46.1701
874 23690 1.37621 46.1867
874 23690 1.37621 46.2034
874 23690 1.37621 46.2201
874 23690 1.37621 46.2367
863 23690 1.37621 46.2534
863 23690 1.37621 46.2701
863 23690 1.37621 46.2867
863 23690 1.37621 46.3034
863 23690 1.37621 46.3201
863 23690 1.37621 46.3367
863 23690 1.37621 46.3534
863 23690 1.37621 46.3701
863 23690 1.37621 46.3867
863 23690 1.37621 46.4034
863 23690 1.37621 46.4201
863 23690 1.37621 46.4367
863 23690 1.37621 46.4534
863 23690 1.37621 46.4701
863 23690 1.37621 46.4867
863 23690 1.37621 46.5034
863 23690 1.37621 46.5201
863 23690 1.37621 46.5367
863 23690 1.37621 46.5534
863 23690 1.37621 46.57
863 23690 1.37621 46.5867
863 23690 1.37621 46.6034
863 23690 1.37955 46.62
863 23690 1.38288 46.6367
862 23690 1.38621 46.6534
852 23690 1.38955 46.67
852 23690 1.39288 46.6867
852 23690 1.39621 46.7034
852 23690 1.39955 46.72
852 23690 1.40288 46.7367
852 23690 1.40621 46.7534
852 23690 1.40954 46.77
852 23690 1.41288 46.7867
852 23690 1.41621 46.8034
852 23690 1.41954 46.82
852 23690 1.42288 46.8367
852 23690 1.42621 46.8534
852 23690 1.42954 46.87
852 23690 1.43288 46.8867
852 23690 1.43621 46.9034
852 23690 1.43954 46.92
852 23690 1.44287 46.9367
852 23690 1.44621 46.9534
852 23690 1.44954 46.97
852 23690 1.45287 46.9867
852 23690 1.45621 47.0034
852 23690 1.45954 47.02
852 23690 1.46287 47.0367
847 23690 1.4662 47.0534
847 23690 1.46954 47.07
847 23690 1.47287 47.0867
847 23690 1.4762 47.1034
847 23690 1.47954 47.12
847 23690 1.48287 47.1367
847 23690 1.4862 47.1534
847 23690 1.48954 47.17
847 23690 1.49287 47.1867
847 23690 1.4962 47.2034
847 23690 1.49953 47.22
847 23690 1.50287 47.2367
847 23690 1.5062 47.2534
847 23690 1.50953 47.27
847 23690 1.51287 47.2867
838 23690 1.5162 47.3034
838 23690 1.51953 47.32
838 23690 1.52287 47.3367
838 23690 1.5262 47.3534
838 23690 1.52953 47.37
838 23690 1.53286 47.3867
838 23690 1.5362 47.4034
838 23690 1.53953 47.42
838 23690 1.54286 47.4367
838 23690 1.5462 47.4534
838 23690 1.54953 47.47
838 23690 1.55286 47.4867
838 23690 1.5562 47.5034
838 23690 1.55953 47.52
838 23690 1.56286 47.5367
838 23690 1.56619 47.5534
833 23690 1.56953 47.57
826 23690 1.57286 47.5867
826 23690 1.57619 47.6034
826 23690 1.57953 47.62
826 23690 1.58286 47.6367
826 23690 1.58619 47.6534
826 23690 1.58952 47.67
826 23690 1.59286 47.6867
825 23690 1.59619 47.7034
808 23690 1.59952 47.72
808 23690 1.60286 47.7367
808 23690 1.60619 47.7534
808 23690 1.60984 47.77
807 23690 1.61345 47.7867
799 23690 1.617 47.8034
794 23690 1.62049 47.82
794 23690 1.62394 47.8367
790 23690 1.62734 47.8534
785 23690 1.63069 47.87
772 23690 1.63399 47.8867
772 23690 1.63724 47.9034
772 23690 1.64044 47.92
772 23690 1.6436 47.9367
754 23690 1.64671 47.9534
750 23690 1.64978 47.97
743 23690 1.6528 47.9867
736 23690 1.65578 48.0034
730 23690 1.65871 48.02
718 23690 1.6616 48.0367
712 23690 1.66445 48.0534
703 23690 1.66726 48.0701
695 23690 1.67003 48.0867
688 23690 1.67276 48.1034
684 23690 1.67544 48.1201
670 23690 1.67809 48.1367
668 23690 1.6807 48.1534
657 23690 1.68328 48.1701
650 23690 1.68581 48.1867
642 23690 1.68831 48.2034
632 23690 1.69077 48.2201
622 23690 1.6932 48.2368
613 23690 1.69559 48.2534
603 23690 1.69794 48.2701
591 23690 1.70026 48.2868
591 23690 1.70255 48.3034
580 23690 1.70481 48.3201
570 23690 1.70703 48.3368
559 23690 1.70922 48.3534
548 23690 1.71138 48.3701
537 23690 1.7135 48.3868
526 23690 1.7156 48.4035
519 23690 1.71766 48.4201
505 23690 1.7197 48.4368
495 23690 1.7217 48.4535
482 23690 1.72368 48.4701
471 23690 1.72563 48.4868
467 23690 1.72755 48.5035
456 23690 1.72944 48.5201
446 23690 1.7313 48.5368
435 23690 1.73314 48.5535
428 23690 1.73495 48.5702
417 23690 1.73674 48.5868
407 23690 1.73849 48.6035
395 23690 1.74023 48.6202
386 23690 1.74193 48.6368
375 23690 1.74362 48.6535
363 23690 1.74527 48.6702
353 23690 1.74691 48.6869
343 23690 1.74852 48.7035
333 23690 1.7501 48.7202
323 23690 1.75167 48.7369
312 23690 1.75321 48.7535
303 23690 1.75473 48.7702
293 23690 1.75622 48.7869
286 23690 1.7577 48.8035
275 23690 1.75915 48.8202
264 23690 1.76058 48.8369
257 23690 1.762 48.8536
256 23690 1.76339 48.8702
240 23690 1.76476 48.8869
240 23690 1.76611 48.9036
232 23690 1.76744 48.9202
220 23690 1.76875 48.9369
209 23690 1.77004 48.9536
203 23690 1.77132 48.9702
203 23690 1.77257 48.9869
202 23690 1.77381 49.0036
186 23690 1.77503 49.0203
183 23690 1.77623 49.0369
172 23690 1.77741 49.0536
166 23690 1.77858 49.0703
160 23690 1.77973 49.0869
145 23690 1.78086 49.1036
144 23690 1.78198 49.1203
144 23690 1.78308 49.1369
144 23690 1.78417 49.1536
138 23690 1.78524 49.1703
125 23690 1.78629 49.187
125 23690 1.78733 49.2036
125 23690 1.78835 49.2203
111 23690 1.78936 49.237
103 23690 1.79035 49.2536
103 23690 1.79133 49.2703
103 23690 1.79229 49.287
99 23690 1.79324 49.3036
88 23690 1.79418 49.3203
88 23690 1.7951 49.337
74 23690 1.79601 49.3537
74 23690 1.79691 49.3703
74 23690 1.79779 49.387
74 23690 1.79866 49.4037
74 23690 1.79952 49.4203
54 23690 1.80037 49.437
54 23690 1.8012 49.4537
54 23690 1.80202 49.4704
54 23690 1.80283 49.487
38 23690 1.80363 49.5037
38 23690 1.80441 49.5204
38 23690 1.80519 49.537
38 23690 1.80595 49.5537
38 23690 1.8067 49.5704
38 23690 1.80745 49.587
25 23690 1.80818 49.6037
7 23690 1.8089 49.6204
0 23690 1.80961 49.6371
0 23690 1.8103 49.6537
0 23690 1.81099 49.6704
0 23690 1.81167 49.6871
0 23690 1.81234 49.7037
0 23690 1.813 49.7204
0 23690 1.81365 49.7371
0 23690 1.81429 49.7537
0 23690 1.81492 49.7704
0 23690 1.81554 49.7871
0 23690 1.81616 49.8038
0 23690 1.81676 49.8204
0 23690 1.81735 49.8371
0 23690 1.81794 49.8538
0 23690 1.81852 49.8704
0 23690 1.81909 49.8871
0 23690 1.81965 49.9038
0 23690 1.8202 49.9204
0 23690 1.82075 49.9371
0 23690 1.82128 49.9538
0 23690 1.82181 49.9705
0 23690 1.82234 49.9871
0 23690 1.82285 50.0038
0 23690 1.82336 50.0205
0 23690 1.82386 50.0371
0 23690 1.82435 50.0538
0 23690 1.82483 50.0705
0 23690 1.82531 50.0872
0 23690 1.82578 50.1038
0 23690 1.82624 50.1205
0 23690 1.8267 50.1372
0 23690 1.82715 50.1538
0 23690 1.8276 50.1705
0 23690 1.82803 50.1872
0 23690 1.82846 50.2038
0 23690 1.82889 50.2205
0 23690 1.82931 50.2372
0 23690 1.82972 50.2539
0 23690 1.83013 50.2705
0 23690 1.83053 50.2872
0 23690 1.83092 50.3039
0 23690 1.83131 50.3205
0 23690 1.8317 50.3372
0 23690 1.83207 50.3539
0 23690 1.83245 50.3705
0 23690 1.83281 50.3872
0 23690 1.83318 50.4039
0 23690 1.83353 50.4206
0 23690 1.83388 50.4372
0 23690 1.83423 50.4539
0 23690 1.83457 50.4706
0 23690 1.83491 50.4872
0 23690 1.83491 50.5039
0 23690 1.83491 50.5206
0 23690 1.83491 50.5372
0 23690 1.83491 50.5539
0 23690 1.83491 50.5706
0 23690 1.83491 50.5873
0 23690 1.83491 50.6039
0 23690 1.83491 50.6206
0 23690 1.83491 50.6373
0 23690 1.83491 50.6539
0 23690 1.83491 50.6706
0 23690 1.83491 50.6873
0 23690 1.83491 50.7039
0 23690 1.83491 50.7206
0 23690 1.83491 50.7373
0 23690 1.83491 50.754
0 23690 1.83491 50.7706
0 23690 1.83491 50.7873
0 23690 1.83491 50.804
0 23690 1.83491 50.8206
0 23690 1.83491 50.8373
0 23690 1.83824 50.854
0 23690 1.84157 50.8707
0 23690 1.84491 50.8873
0 23690 1.84824 50.904
0 23690 1.85157 50.9207
0 23690 1.8549 50.9373
0 23690 1.85824 50.954
0 23690 1.86157 50.9707
0 23690 1.8649 50.9873
0 23690 1.86824 51.004
0 23690 1.87157 51.0207
0 23690 1.8749 51.0374
0 23690 1.87824 51.054
0 23690 1.88157 51.0707
0 23690 1.8849 51.0874
0 23690 1.88823 51.104
0 23690 1.89157 51.1207
0 23690 1.8949 51.1374
0 23690 1.89823 51.154
0 23690 1.90157 51.1707
0 23690 1.9049 51.1874
0 23690 1.90823 51.2041
0 23690 1.91157 51.2207
0 23690 1.9149 51.2374
0 23690 1.91823 51.2541
0 23690 1.92156 51.2707
0 23690 1.9249 51.2874
0 23690 1.92823 51.3041
0 23690 1.93156 51.3207
0 23690 1.9349 51.3374
0 23690 1.93823 51.3541
0 23690 1.94156 51.3708
0 23690 1.9449 51.3874
0 23690 1.94823 51.4041
0 23690 1.95156 51.4208
0 23690 1.95489 51.4374
0 23690 1.95823 51.4541
0 23690 1.96156 51.4708
0 23690 1.96489 51.4874
0 23690 1.96823 51.5041
0 23690 1.97156 51.5208
0 23690 1.97489 51.5375
0 23690 1.97822 51.5541
0 23690 1.98156 51.5708
0 23690 1.98489 51.5875
0 23690 1.98822 51.6041
0 23690 1.99156 51.6208
0 23690 1.99489 51.6375
0 23690 1.99822 51.6542
0 23690 2.00156 51.6708
0 23690 2.00489 51.6875
0 23690 2.00822 51.7042
0 23690 2.01155 51.7208
0 23690 2.01489 51.7375
0 23690 2.01822 51.7542
0 23690 2.02155 51.7708
0 23690 2.02489 51.7875
0 23690 2.02822 51.8042
0 23690 2.03155 51.8209
0 23690 2.03489 51.8375
0 23690 2.03822 51.8542
0 23690 2.04155 51.8709
0 23690 2.04489 51.8875
0 23690 2.04822 51.9042
0 23690 2.05155 51.9209
0 23690 2.05489 51.9375
0 23690 2.05822 51.9542
0 23690 2.06155 51.9709
0 23690 2.06488 51.9876
0 23690 2.06854 52.0042
0 23690 2.07214 52.0209
0 23690 2.07569 52.0376
0 23690 2.07919 52.0542
0 23690 2.08264 52.0709
0 23690 2.08603 52.0876
0 23690 2.08938 52.1042
0 23690 2.09268 52.1209
0 23690 2.09593 52.1376
0 23690 2.09914 52.1543
0 23690 2.10229 52.1709
0 23690 2.1054 52.1876
0 23690 2.10847 52.2043
0 23690 2.11149 52.2209
0 23690 2.11447 52.2376
0 23690 2.11741 52.2543
0 23690 2.1203 52.271
0 23690 2.12315 52.2876
0 23690 2.12596 52.3043
0 23690 2.12872 52.321
0 23690 2.13145 52.3376
0 23690 2.13414 52.3543
0 23690 2.13679 52.371
0 23690 2.1394 52.3876
0 23690 2.14197 52.4043
0 23690 2.1445 52.421
0 23690 2.147 52.4377
0 23690 2.14946 52.4543
0 23690 2.15189 52.471
0 23690 2.15428 52.4877
0 23690 2.15664 52.5043
0 23690 2.15896 52.521
0 23690 2.16125 52.5377
0 23690 2.1635 52.5543
0 23690 2.16572 52.571
0 23690 2.16791 52.5877
0 23690 2.17007 52.6044
0 23690 2.1722 52.621
0 23690 2.17429 52.6377
0 23690 2.17636 52.6544
0 23690 2.17839 52.671
0 23690 2.1804 52.6877
0 23690 2.18237 52.7044
0 23690 2.18432 52.721
0 23690 2.18624 52.7377
0 23690 2.18813 52.7544
0 23690 2.19 52.7711
0 23690 2.19183 52.7877
0 23690 2.19365 52.8044
0 23690 2.19543 52.8211
0 23690 2.19719 52.8377
0 23690 2.19892 52.8544
0 23690 2.20063 52.8711
0 23690 2.20231 52.8877
0 23690 2.20397 52.9044
0 23690 2.2056 52.9211
0 23690 2.20721 52.9378
0 23690 2.2088 52.9544
0 23690 2.21036 52.9711
0 23690 2.2119 52.9878
0 23690 2.21342 53.0044
0 23690 2.21492 53.0211
0 23690 2.21639 53.0378
0 23690 2.21785 53.0545
0 23690 2.21928 53.0711
0 23690 2.22069 53.0878
0 23690 2.22208 53.1045
0 23690 2.22345 53.1211
0 23690 2.2248 53.1378
0 23690 2.22613 53.1545
0 23690 2.22744 53.1711
0 23690 2.22874 53.1878
0 23690 2.23001 53.2045
0 23690 2.23127 53.2212
0 23690 2.2325 53.2378
0 23690 2.23372 53.2545
0 23690 2.23492 53.2712
0 23690 2.23611 53.2878
0 23690 2.23728 53.3045
0 23690 2.23843 53.3212
0 23690 2.23956 53.3378
0 23690 2.24067 53.3545
0 23690 2.24178 53.3712
0 23690 2.24286 53.3879
0 23690 2.24393 53.4045
0 23690 2.24498 53.4212
0 23690 2.24602 53.4379
0 23690 2.24704 53.4545
0 23690 2.24805 53.4712
0 23690 2.24904 53.4879
0 23690 2.25002 53.5045
0 23690 2.25099 53.5212
0 23690 2.25194 53.5379
0 23690 2.25287 53.5546
0 23690 2.2538 53.5712
0 23690 2.25471 53.5879
0 23690 2.2556 53.6046
0 23690 2.25649 53.6212
0 23690 2.25736 53.6379
0 23690 2.25822 53.6546
0 23690 2.25906 53.6712
0 23690 2.25989 53.6879
0 23690 2.26072 53.7046
0 23690 2.26152 53.7213
0 23690 2.26232 53.7379
0 23690 2.26311 53.7546
0 23690 2.26388 53.7713
0 23690 2.26465 53.7879
0 23690 2.2654 53.8046
0 23690 2.26614 53.8213
0 23690 2.26687 53.838
0 23690 2.26759 53.8546
0 23690 2.2683 53.8713
0 23690 2.269 53.888
0 23690 2.26969 53.9046
0 23690 2.27036 53.9213
0 23690 2.27103 53.938
0 23690 2.27169 53.9546
0 23690 2.27234 53.9713
0 23690 2.27298 53.988
0 23690 2.27361 54.0047
0 23690 2.27424 54.0213
0 23690 2.27485 54.038
0 23690 2.27545 54.0547
0 23690 2.27605 54.0713
0 23690 2.27663 54.088
0 23690 2.27721 54.1047
0 23690 2.27778 54.1213
0 23690 2.27834 54.138
0 23690 2.2789 54.1547
0 23690 2.27944 54.1714
0 23690 2.27998 54.188
0 23690 2.28051 54.2047
0 23690 2.28103 54.2214
0 23690 2.28154 54.238
0 23690 2.28205 54.2547
0 23690 2.28255 54.2714
0 23690 2.28304 54.288
0 23690 2.28353 54.3047
0 23690 2.284 54.3214
0 23690 2.28447 54.3381
0 23690 2.28494 54.3547
0 23690 2.2854 54.3714
0 23690 2.28585 54.3881
0 23690 2.28629 54.4047
0 23690 2.28673 54.4214
0 23690 2.28716 54.4381
0 23690 2.28758 54.4548
0 23690 2.288 54.4714
0 23690 2.28841 54.4881
0 23690 2.28882 54.5048
0 23690 2.28922 54.5214
0 23690 2.28962 54.5381
0 23690 2.29001 54.5548
0 23690 2.29039 54.5714
0 23690 2.29077 54.5881
0 23690 2.29114 54.6048
0 23690 2.29151 54.6215
0 23690 2.29187 54.6381
0 23690 2.29223 54.6548
0 23690 2.29258 54.6715
0 23690 2.29292 54.6881
0 23690 2.29326 54.7048
0 23690 2.2936 54.7215
0 23690 2.2936 54.7381
0 23690 2.2936 54.7548
0 23690 2.2936 54.7715
0 23690 2.2936 54.7882
0 23690 2.2936 54.8048
0 23690 2.2936 54.8215
0 23690 2.2936 54.8382
0 23690 2.2936 54.8548
0 23690 2.2936 54.8715
0 23690 2.2936 54.8882
0 23690 2.2936 54.9048
0 23690 2.2936 54.9215
0 23690 2.2936 54.9382
0 23690 2.2936 54.9549
0 23690 2.2936 54.9715
0 23690 2.2936 54.9882
0 23690 2.2936 55.0049
0 23690 2.2936 55.0215
0 23690 2.2936 55.0382
0 23690 2.2936 55.0549
0 23690 2.2936 55.0715
0 23690 2.29693 55.0882
0 23690 2.30027 55.1049
0 23690 2.3036 55.1216
0 23690 2.30693 55.1382
0 23690 2.31027 55.1549
0 23690 2.3136 55.1716
0 23690 2.31693 55.1882
0 23690 2.32026 55.2049
0 23690 2.3236 55.2216
0 23690 2.32693 55.2383
0 23690 2.33026 55.2549
0 23690 2.3336 55.2716
0 23690 2.33693 55.2883
0 23690 2.34026 55.3049
0 23690 2.3436 55.3216
0 23690 2.34693 55.3383
0 23690 2.35026 55.3549
0 23690 2.3536 55.3716
0 23690 2.35693 55.3883
0 23690 2.36026 55.405
0 23690 2.3636 55.4216
0 23690 2.36693 55.4383
0 23690 2.37026 55.455
0 23690 2.37359 55.4716
0 23690 2.37693 55.4883
0 23690 2.38026 55.505
0 23690 2.38359 55.5216
0 23690 2.38693 55.5383
0 23690 2.39026 55.555
0 23690 2.39359 55.5717
0 23690 2.39693 55.5883
0 23690 2.40026 55.605
0 23690 2.40359 55.6217
0 23690 2.40693 55.6383
0 23690 2.41026 55.655
0 23690 2.41359 55.6717
0 23690 2.41692 55.6883
0 23690 2.42026 55.705
0 23690 2.42359 55.7217
0 23690 2.42692 55.7384
0 23690 2.43026 55.755
0 23690 2.43359 55.7717
0 23690 2.43692 55.7884
0 23690 2.44026 55.805
0 23690 2.44359 55.8217
0 23690 2.44692 55.8384
0 23690 2.45026 55.855
0 23690 2.45359 55.8717
0 23690 2.45692 55.8884
0 23690 2.46025 55.9051
0 23690 2.46359 55.9217
0 23690 2.46692 55.9384
0 23690 2.47025 55.9551
0 23690 2.47359 55.9717
0 23690 2.47692 55.9884
0 23690 2.48025 56.0051
0 23690 2.48359 56.0218
0 23690 2.48692 56.0384
0 23690 2.49025 56.0551
0 23690 2.49359 56.0718
0 23690 2.49692 56.0884
0 23690 2.50025 56.1051
0 23690 2.50358 56.1218
0 23690 2.50692 56.1384
0 23690 2.51025 56.1551
0 23690 2.51358 56.1718
0 23690 2.51692 56.1885
0 23690 2.52025 56.2051
0 23690 2.52358 56.2218
0 23690 2.52724 56.2385
0 23690 2.53084 56.2551
0 23690 2.53439 56.2718
0 23690 2.53789 56.2885
0 23690 2.54134 56.3051
0 23690 2.54473 56.3218
0 23690 2.54808 56.3385
0 23690 2.55138 56.3552
0 23690 2.55463 56.3718
0 23690 2.55783 56.3885
0 23690 2.56099 56.4052
0 23690 2.5641 56.4218
0 23690 2.56717 56.4385
0 23690 2.57019 56.4552
0 23690 2.57317 56.4718
0 23690 2.5761 56.4885
0 23690 2.57899 56.5052
0 23690 2.58184 56.5219
0 23690 2.58465 56.5385
0 23690 2.58742 56.5552
0 23690 2.59015 56.5719
0 23690 2.59283 56.5885
0 23690 2.59548 56.6052
0 23690 2.59809 56.6219
0 23690 2.60067 56.6385
0 23690 2.6032 56.6552
0 23690 2.6057 56.6719
0 23690 2.60816 56.6886
0 23690 2.61059 56.7052
0 23690 2.61298 56.7219
0 23690 2.61533 56.7386
0 23690 2.61765 56.7552
0 23690 2.61994 56.7719
0 23690 2.6222 56.7886
0 23690 2.62442 56.8053
0 23690 2.62661 56.8219
0 23690 2.62877 56.8386
0 23690 2.63089 56.8553
0 23690 2.63299 56.8719
0 23690 2.63505 56.8886
0 23690 2.63709 56.9053
0 23690 2.63909 56.9219
0 23690 2.64107 56.9386
0 23690 2.64302 56.9553
0 23690 2.64494 56.972
0 23690 2.64683 56.9886
0 23690 2.64869 57.0053
0 23690 2.65053 57.022
0 23690 2.65234 57.0386
0 23690 2.65412 57.0553
0 23690 2.65588 57.072
0 23690 2.65761 57.0886
0 23690 2.65932 57.1053
0 23690 2.661 57.122
0 23690 2.66266 57.1387
0 23690 2.6643 57.1553
0 23690 2.66591 57.172
0 23690 2.66749 57.1887
0 23690 2.66906 57.2053
0 23690 2.6706 57.222
0 23690 2.67212 57.2387
0 23690 2.67361 57.2553
0 23690 2.67509 57.272
0 23690 2.67654 57.2887
0 23690 2.67797 57.3054
0 23690 2.67938 57.322
0 23690 2.68077 57.3387
0 23690 2.68215 57.3554
0 23690 2.6835 57.372
0 23690 2.68483 57.3887
0 23690 2.68614 57.4054
0 23690 2.68743 57.4221
0 23690 2.68871 57.4387
0 23690 2.68996 57.4554
0 23690 2.6912 57.4721
0 23690 2.69242 57.4887
0 23690 2.69362 57.5054
0 23690 2.6948 57.5221
0 23690 2.69597 57.5387
0 23690 2.69712 57.5554
0 23690 2.69825 57.5721
0 23690 2.69937 57.5888
0 23690 2.70047 57.6054
0 23690 2.70155 57.6221
0 23690 2.70262 57.6388
0 23690 2.70368 57.6554
0 23690 2.70471 57.6721
0 23690 2.70574 57.6888
0 23690 2.70674 57.7054
0 23690 2.70774 57.7221
0 23690 2.70872 57.7388
0 23690 2.70968 57.7555
0 23690 2.71063 57.7721
0 23690 2.71157 57.7888
0 23690 2.71249 57.8055
0 23690 2.7134 57.8221
0 23690 2.7143 57.8388
0 23690 2.71518 57.8555
0 23690 2.71605 57.8721
0 23690 2.71691 57.8888
0 23690 2.71776 57.9055
0 23690 2.71859 57.9222
0 23690 2.71941 57.9388
0 23690 2.72022 57.9555
0 23690 2.72102 57.9722
0 23690 2.7218 57.9888
0 23690 2.72258 58.0055
0 23690 2.72334 58.0222
0 23690 2.72409 58.0388
0 23690 2.72483 58.0555
0 23690 2.72556 58.0722
0 23690 2.72628 58.0889
0 23690 2.72699 58.1055
0 23690 2.72769 58.1222
0 23690 2.72838 58.1389
0 23690 2.72906 58.1555
0 23690 2.72973 58.1722
0 23690 2.73039 58.1889
0 23690 2.73104 58.2056
0 23690 2.73168 58.2222
0 23690 2.73231 58.2389
0 23690 2.73293 58.2556
0 23690 2.73354 58.2722
0 23690 2.73415 58.2889
0 23690 2.73474 58.3056
0 23690 2.73533 58.3222
0 23690 2.73591 58.3389
0 23690 2.73647 58.3556
0 23690 2.73704 58.3723
0 23690 2.73759 58.3889
0 23690 2.73813 58.4056
0 23690 2.73867 58.4223
0 23690 2.7392 58.4389
0 23690 2.73972 58.4556
0 23690 2.74024 58.4723
0 23690 2.74074 58.4889
0 23690 2.74124 58.5056
0 23690 2.74173 58.5223
0 23690 2.74222 58.539
0 23690 2.7427 58.5556
0 23690 2.74317 58.5723
0 23690 2.74363 58.589
0 23690 2.74409 58.6056
0 23690 2.74454 58.6223
0 23690 2.74498 58.639
0 23690 2.74542 58.6556
0 23690 2.74585 58.6723
0 23690 2.74628 58.689
0 23690 2.74669 58.7057
0 23690 2.74711 58.7223
0 23690 2.74751 58.739
0 23690 2.74792 58.7557
0 23690 2.74831 58.7723
0 23690 2.7487 58.789
0 23690 2.74908 58.8057
0 23690 2.74946 58.8223
0 23690 2.74983 58.839
0 23690 2.7502 58.8557
0 23690 2.75056 58.8724
0 23690 2.75092 58.889
0 23690 2.75127 58.9057
0 23690 2.75162 58.9224
0 23690 2.75196 58.939
0 23690 2.75229 58.9557
0 23690 2.75229 58.9724
0 23690 2.75229 58.9891
0 23690 2.75229 59.0057
0 23690 2.75229 59.0224
0 23690 2.75229 59.0391
0 23690 2.75229 59.0557
0 23690 2.75229 59.0724
0 23690 2.75229 59.0891
0 23690 2.75229 59.1057
0 23690 2.75229 59.1224
0 23690 2.75229 59.1391
0 23690 2.75229 59.1558
0 23690 2.75229 59.1724
0 23690 2.75229 59.1891
0 23690 2.75229 59.2058
0 23690 2.75229 59.2224
0 23690 2.75229 59.2391
0 23690 2.75229 59.2558
0 23690 2.75229 59.2724
0 23690 2.75229 59.2891
0 23690 2.75229 59.3058
0 23690 2.75563 59.3225
0 23690 2.75896 59.3391
0 23690 2.76229 59.3558
0 23690 2.76563 59.3725
0 23690 2.76896 59.3891
0 23690 2.77229 59.4058
0 23690 2.77562 59.4225
0 23690 2.77896 59.4391
0 23690 2.78229 59.4558
0 23690 2.78562 59.4725
0 23690 2.78896 59.4892
0 23690 2.79229 59.5058
0 23690 2.79562 59.5225
0 23690 2.79896 59.5392
0 23690 2.80229 59.5558
0 23690 2.80562 59.5725
0 23690 2.80896 59.5892
0 23690 2.81229 59.6059
0 23690 2.81562 59.6225
0 23690 2.81895 59.6392
0 23690 2.82229 59.6559
0 23690 2.82562 59.6725
0 23690 2.82895 59.6892
0 23690 2.83229 59.7059
0 23690 2.83562 59.7225
0 23690 2.83895 59.7392
0 23690 2.84229 59.7559
0 23690 2.84562 59.7726
0 23690 2.84895 59.7892
0 23690 2.85229 59.8059
0 23690 2.85562 59.8226
0 23690 2.85895 59.8392
0 23690 2.86228 59.8559
0 23690 2.86562 59.8726
0 23690 2.86895 59.8892
0 23690 2.87228 59.9059
0 23690 2.87562 59.9226
0 23690 2.87895 59.9393
0 23690 2.88228 59.9559
0 23690 2.88562 59.9726
0 23690 2.88895 59.9893
0 23690 2.89228 60.0059
0 23690 2.89562 60.0226
0 23690 2.89895 60.0393
0 23690 2.90228 60.0559
0 23690 2.90562 60.0726
0 23690 2.90895 60.0893
0 23690 2.91228 60.106
0 23690 2.91561 60.1226
0 23690 2.91895 60.1393
0 23690 2.92228 60.156
0 23690 2.92561 60.1726
0 23690 2.92895 60.1893
0 23690 2.93228 60.206
0 23690 2.93561 60.2226
0 23690 2.93895 60.2393
0 23690 2.94228 60.256
0 23690 2.94561 60.2727
0 23690 2.94895 60.2893
0 23690 2.95228 60.306
0 23690 2.95561 60.3227
0 23690 2.95894 60.3393
0 23690 2.96228 60.356
0 23690 2.96561 60.3727
0 23690 2.96894 60.3894
0 23690 2.97228 60.406
0 23690 2.97561 60.4227
0 23690 2.97894 60.4394
0 23690 2.98228 60.456
0 23690 2.98593 60.4727
0 23690 2.98953 60.4894
0 23690 2.99308 60.506
0 23690 2.99658 60.5227
