inside_count	theta (degrees)	time (s)
32829	0.0286479	0.0163498
32829	0.0572957	0.0330162
32829	0.0859435	0.0496826
32829	0.114591	0.066349
32827	0.143239	0.0830154
32826	0.171887	0.0996819
32826	0.200535	0.116348
32825	0.229183	0.133015
32825	0.257831	0.149681
32825	0.286479	0.166348
32823	0.315126	0.183014
32823	0.343774	0.19968
32823	0.372422	0.216347
32823	0.40107	0.233013
32823	0.429718	0.24968
32823	0.458366	0.266346
32823	0.487013	0.283012
32823	0.515661	0.299679
32823	0.544309	0.316345
32822	0.572957	0.333012
32822	0.601605	0.349678
32822	0.630253	0.366344
32822	0.658901	0.383011
32821	0.687548	0.399677
32820	0.716196	0.416344
32820	0.744844	0.43301
32820	0.773492	0.449677
32820	0.80214	0.466343
32820	0.830788	0.483009
32820	0.859436	0.499676
32820	0.888083	0.516342
32820	0.916731	0.533009
32820	0.945379	0.549675
32820	0.974027	0.566341
32820	1.00267	0.583008
32820	1.03132	0.599674
32819	1.05997	0.616341
32819	1.08862	0.633007
32819	1.11727	0.649673
32819	1.14591	0.66634
32818	1.17456	0.683006
32818	1.20321	0.699673
32818	1.23186	0.716339
32818	1.2605	0.733006
32818	1.28915	0.749672
32818	1.3178	0.766338
32818	1.34645	0.783005
32818	1.3751	0.799671
32818	1.40374	0.816338
32817	1.43239	0.833004
32813	1.46104	0.84967
32812	1.48969	0.866337
32812	1.51834	0.883003
32811	1.54698	0.89967
32811	1.57563	0.916336
32811	1.60428	0.933002
32811	1.63293	0.949669
32811	1.66157	0.966335
32811	1.69022	0.983002
32811	1.71887	0.999668
32811	1.74752	1.01633
32811	1.77617	1.033
32811	1.80481	1.04967
32811	1.83346	1.06633
32811	1.86211	1.083
32811	1.89076	1.09967
32811	1.9194	1.11633
32811	1.94805	1.133
32810	1.9767	1.14967
32810	2.00535	1.16633
32810	2.034	1.183
32810	2.06264	1.19967
32810	2.09129	1.21633
32809	2.11994	1.233
32809	2.14859	1.24966
32809	2.17724	1.26633
32809	2.20588	1.283
32809	2.23453	1.29966
32808	2.26318	1.31633
32808	2.29183	1.333
32808	2.32048	1.34966
32807	2.34912	1.36633
32807	2.37777	1.383
32807	2.40642	1.39966
32807	2.43507	1.41633
32807	2.46372	1.43299
32807	2.49236	1.44966
32807	2.52101	1.46633
32807	2.54966	1.48299
32807	2.57831	1.49966
32807	2.60695	1.51633
32806	2.6356	1.53299
32806	2.66425	1.54966
32806	2.6929	1.56633
32806	2.72155	1.58299
32806	2.75019	1.59966
32806	2.77884	1.61633
32805	2.80749	1.63299
32805	2.83614	1.64966
32805	2.86479	1.66632
32805	2.89343	1.68299
32805	2.92208	1.69966
32805	2.95073	1.71632
32805	2.97938	1.73299
32805	3.00803	1.74966
32805	3.03667	1.76632
32805	3.06532	1.78299
32805	3.09397	1.79966
32804	3.12262	1.81632
32804	3.15126	1.83299
32804	3.17991	1.84966
32804	3.20856	1.86632
32804	3.23721	1.88299
32804	3.26586	1.89965
32804	3.2945	1.91632
32802	3.32315	1.93299
32802	3.3518	1.94965
32802	3.38045	1.96632
32802	3.4091	1.98299
32802	3.43774	1.99965
32802	3.46639	2.01632
32802	3.49504	2.03299
32802	3.52369	2.04965
32802	3.55234	2.06632
32802	3.58098	2.08298
32802	3.60963	2.09965
32802	3.63828	2.11632
32802	3.66693	2.13298
32802	3.69557	2.14965
32802	3.72422	2.16632
32802	3.75287	2.18298
32802	3.78152	2.19965
32801	3.81017	2.21632
32801	3.83881	2.23298
32801	3.86746	2.24965
32801	3.89611	2.26632
32801	3.92476	2.28298
32800	3.95341	2.29965
32800	3.98205	2.31631
32800	4.0107	2.33298
32800	4.03935	2.34965
32800	4.068	2.36631
32799	4.09665	2.38298
32799	4.12529	2.39965
32799	4.15394	2.41631
32799	4.18259	2.43298
32799	4.21124	2.44965
32799	4.23989	2.46631
32799	4.26853	2.48298
32799	4.29718	2.49965
32799	4.32583	2.51631
32799	4.35448	2.53298
32799	4.38312	2.54964
32799	4.41177	2.56631
32799	4.44042	2.58298
32799	4.46907	2.59964
32799	4.49772	2.61631
32799	4.52636	2.63298
32799	4.55501	2.64964
32799	4.58366	2.66631
32799	4.61231	2.68298
32799	4.64096	2.69964
32799	4.6696	2.71631
32799	4.69825	2.73298
32799	4.7269	2.74964
32799	4.75555	2.76631
32799	4.7842	2.78297
32799	4.81284	2.79964
32799	4.84149	2.81631
32799	4.87014	2.83297
32799	4.89879	2.84964
32799	4.92743	2.86631
32799	4.95608	2.88297
32799	4.98473	2.89964
32799	5.01338	2.91631
32799	5.04203	2.93297
32799	5.07067	2.94964
32799	5.09932	2.9663
32799	5.12797	2.98297
32799	5.15662	2.99964
32799	5.18527	3.0163
32799	5.21391	3.03297
32799	5.24256	3.04964
32799	5.27121	3.0663
32799	5.29986	3.08297
32799	5.32851	3.09964
32799	5.35715	3.1163
32799	5.3858	3.13297
32799	5.41445	3.14964
32799	5.4431	3.1663
32798	5.47175	3.18297
32798	5.50039	3.19963
32798	5.52904	3.2163
32798	5.55769	3.23297
32798	5.58634	3.24963
32798	5.61498	3.2663
32798	5.64363	3.28297
32798	5.67228	3.29963
32798	5.70093	3.3163
32798	5.72958	3.33297
32798	5.75822	3.34963
32798	5.78687	3.3663
32798	5.81552	3.38297
32798	5.84417	3.39963
32798	5.87282	3.4163
32798	5.90146	3.43296
32798	5.93011	3.44963
32798	5.95876	3.4663
32798	5.98741	3.48296
32798	6.01606	3.49963
32798	6.0447	3.5163
32798	6.07335	3.53296
32798	6.102	3.54963
32798	6.13065	3.5663
32798	6.1593	3.58296
32798	6.18794	3.59963
32798	6.21659	3.61629
32798	6.24524	3.63296
32798	6.27389	3.64963
32798	6.30253	3.66629
32798	6.33118	3.68296
32798	6.35983	3.69963
32798	6.38848	3.71629
32798	6.41713	3.73296
32798	6.44577	3.74963
32798	6.47442	3.76629
32798	6.50307	3.78296
32798	6.53172	3.79963
32798	6.56037	3.81629
32798	6.58901	3.83296
32798	6.61766	3.84962
32798	6.64631	3.86629
32798	6.67496	3.88296
32798	6.70361	3.89962
32798	6.73225	3.91629
32798	6.7609	3.93296
32798	6.78955	3.94962
32798	6.8182	3.96629
32798	6.84685	3.98296
32798	6.87549	3.99962
32798	6.90414	4.01629
32798	6.93279	4.03296
32798	6.96144	4.04962
32798	6.99008	4.06629
32798	7.01873	4.08295
32798	7.04738	4.09962
32798	7.07603	4.11629
32798	7.10468	4.13295
32798	7.13332	4.14962
32798	7.16197	4.16629
32798	7.19062	4.18295
32798	7.21927	4.19962
32798	7.24791	4.21629
32798	7.27656	4.23295
32798	7.30521	4.24962
32798	7.33386	4.26628
32798	7.3625	4.28295
32798	7.39115	4.29962
32798	7.4198	4.31628
32798	7.44845	4.33295
32798	7.47709	4.34962
32798	7.50574	4.36628
32798	7.53439	4.38295
32798	7.56304	4.39962
32798	7.59168	4.41628
32798	7.62033	4.43295
32798	7.64898	4.44962
32798	7.67763	4.46628
32798	7.70627	4.48295
32798	7.73492	4.49961
32798	7.76357	4.51628
32798	7.79222	4.53295
32798	7.82086	4.54961
32798	7.84951	4.56628
32798	7.87816	4.58295
32798	7.90681	4.59961
32798	7.93545	4.61628
32798	7.9641	4.63295
32798	7.99275	4.64961
32798	8.0214	4.66628
32798	8.05004	4.68295
32798	8.07869	4.69961
32798	8.10734	4.71628
32798	8.13599	4.73294
32798	8.16463	4.74961
32798	8.19328	4.76628
32798	8.22193	4.78294
32798	8.25058	4.79961
32798	8.27922	4.81628
32798	8.30787	4.83294
32798	8.33652	4.84961
32798	8.36517	4.86628
32798	8.39381	4.88294
32798	8.42246	4.89961
32798	8.45111	4.91628
32798	8.47976	4.93294
32798	8.5084	4.94961
32798	8.53705	4.96627
32798	8.5657	4.98294
32798	8.59435	4.99961
32798	8.62299	5.01627
32798	8.65164	5.03294
32798	8.68029	5.04961
32797	8.70894	5.06627
32797	8.73758	5.08294
32797	8.76623	5.09961
32797	8.79488	5.11627
32797	8.82353	5.13294
32797	8.85217	5.1496
32793	8.88082	5.16627
32781	8.90947	5.18294
32777	8.93812	5.1996
32776	8.96676	5.21627
32775	8.99541	5.23294
32765	9.02406	5.2496
32761	9.05271	5.26627
32755	9.08135	5.28294
32748	9.11	5.2996
32741	9.13865	5.31627
32736	9.1673	5.33294
32727	9.19594	5.3496
32722	9.22459	5.36627
32715	9.25324	5.38293
32704	9.28189	5.3996
32696	9.31053	5.41627
32689	9.33918	5.43293
32680	9.36783	5.4496
32669	9.39648	5.46627
32659	9.42512	5.48293
32647	9.45377	5.4996
32639	9.48242	5.51627
32629	9.51107	5.53293
32620	9.53971	5.5496
32609	9.56836	5.56627
32597	9.59701	5.58293
32588	9.62566	5.5996
32576	9.6543	5.61626
32563	9.68295	5.63293
32550	9.7116	5.6496
32540	9.74024	5.66626
32531	9.76889	5.68293
32520	9.79754	5.6996
32506	9.82619	5.71626
32489	9.85484	5.73293
32478	9.88348	5.7496
32465	9.91213	5.76626
32451	9.94078	5.78293
32433	9.96943	5.79959
32415	9.99807	5.81626
32399	10.0267	5.83293
32381	10.0554	5.84959
32367	10.084	5.86626
32355	10.1127	5.88293
32341	10.1413	5.89959
32327	10.17	5.91626
32306	10.1986	5.93293
32286	10.2273	5.94959
32271	10.2559	5.96626
32255	10.2845	5.98293
32237	10.3132	5.99959
32221	10.3418	6.01626
32206	10.3705	6.03292
32190	10.3991	6.04959
32169	10.4278	6.06626
32150	10.4564	6.08292
32131	10.4851	6.09959
32111	10.5137	6.11626
32091	10.5424	6.13292
32075	10.571	6.14959
32055	10.5997	6.16626
32036	10.6283	6.18292
32017	10.657	6.19959
31999	10.6856	6.21626
31980	10.7143	6.23292
31959	10.7429	6.24959
31939	10.7716	6.26625
31920	10.8002	6.28292
31900	10.8288	6.29959
31881	10.8575	6.31625
31859	10.8861	6.33292
31840	10.9148	6.34959
31814	10.9434	6.36625
31791	10.9721	6.38292
31770	11.0007	6.39959
31754	11.0294	6.41625
31735	11.058	6.43292
31712	11.0867	6.44958
31692	11.1153	6.46625
31674	11.144	6.48292
31654	11.1726	6.49958
31637	11.2013	6.51625
31617	11.2299	6.53292
31596	11.2586	6.54958
31571	11.2872	6.56625
31554	11.3159	6.58292
31537	11.3445	6.59958
31522	11.3732	6.61625
31500	11.4018	6.63292
31482	11.4304	6.64958
31465	11.4591	6.66625
31449	11.4877	6.68291
31428	11.5164	6.69958
31410	11.545	6.71625
31391	11.5737	6.73291
31371	11.6023	6.74958
31348	11.631	6.76625
31329	11.6596	6.78291
31306	11.6883	6.79958
31285	11.7169	6.81625
31265	11.7456	6.83291
31249	11.7742	6.84958
31232	11.8029	6.86625
31212	11.8315	6.88291
31193	11.8602	6.89958
31175	11.8888	6.91624
31158	11.9175	6.93291
31143	11.9461	6.94958
31122	11.9747	6.96624
31104	12.0034	6.98291
31092	12.032	6.99958
31073	12.0607	7.01624
31053	12.0893	7.03291
31034	12.118	7.04958
31017	12.1466	7.06624
30998	12.1753	7.08291
30981	12.2039	7.09958
30967	12.2326	7.11624
30949	12.2612	7.13291
30930	12.2899	7.14957
30911	12.3185	7.16624
30891	12.3472	7.18291
30871	12.3758	7.19957
30852	12.4045	7.21624
30839	12.4331	7.23291
30823	12.4618	7.24957
30805	12.4904	7.26624
30786	12.5191	7.28291
30769	12.5477	7.29957
30750	12.5763	7.31624
30732	12.605	7.3329
30715	12.6336	7.34957
30703	12.6623	7.36624
30681	12.6909	7.3829
30664	12.7196	7.39957
30647	12.7482	7.41624
30627	12.7769	7.4329
30610	12.8055	7.44957
30595	12.8342	7.46624
30579	12.8628	7.4829
30562	12.8915	7.49957
30543	12.9201	7.51624
30524	12.9488	7.5329
30507	12.9774	7.54957
30493	13.0061	7.56623
30474	13.0347	7.5829
30456	13.0634	7.59957
30441	13.092	7.61623
30421	13.1206	7.6329
30404	13.1493	7.64957
30388	13.1779	7.66623
30372	13.2066	7.6829
30356	13.2352	7.69957
30337	13.2639	7.71623
30318	13.2925	7.7329
30301	13.3212	7.74957
30283	13.3498	7.76623
30264	13.3785	7.7829
30244	13.4071	7.79956
30225	13.4358	7.81623
30209	13.4644	7.8329
30186	13.4931	7.84956
30169	13.5217	7.86623
30152	13.5504	7.8829
30138	13.579	7.89956
30117	13.6077	7.91623
30098	13.6363	7.9329
30072	13.665	7.94956
30052	13.6936	7.96623
30029	13.7222	7.98289
30011	13.7509	7.99956
29991	13.7795	8.01623
29971	13.8082	8.03289
29952	13.8368	8.04956
29932	13.8655	8.06623
29913	13.8941	8.08289
29893	13.9228	8.09956
29874	13.9514	8.11623
29856	13.9801	8.13289
29833	14.0087	8.14956
29810	14.0374	8.16623
29787	14.066	8.18289
29765	14.0947	8.19956
29747	14.1233	8.21622
29724	14.152	8.23289
29702	14.1806	8.24956
29680	14.2093	8.26622
29662	14.2379	8.28289
29640	14.2665	8.29956
29617	14.2952	8.31622
29594	14.3238	8.33289
29570	14.3525	8.34956
29541	14.3811	8.36622
29517	14.4098	8.38289
29495	14.4384	8.39956
29472	14.4671	8.41622
29449	14.4957	8.43289
29423	14.5244	8.44955
29396	14.553	8.46622
29370	14.5817	8.48289
29343	14.6103	8.49955
29317	14.639	8.51622
29292	14.6676	8.53289
29262	14.6963	8.54955
29233	14.7249	8.56622
29209	14.7536	8.58289
29181	14.7822	8.59955
29152	14.8109	8.61622
29128	14.8395	8.63288
29100	14.8681	8.64955
29075	14.8968	8.66622
29048	14.9254	8.68288
29021	14.9541	8.69955
28992	14.9827	8.71622
28964	15.0114	8.73288
28936	15.04	8.74955
28908	15.0687	8.76622
28878	15.0973	8.78288
28852	15.126	8.79955
28818	15.1546	8.81622
28790	15.1833	8.83288
28764	15.2119	8.84955
28734	15.2406	8.86621
28704	15.2692	8.88288
28676	15.2979	8.89955
28647	15.3265	8.91621
28620	15.3552	8.93288
28589	15.3838	8.94955
28555	15.4124	8.96621
28526	15.4411	8.98288
28497	15.4697	8.99955
28463	15.4984	9.01621
28430	15.527	9.03288
28399	15.5557	9.04955
28369	15.5843	9.06621
28336	15.613	9.08288
28304	15.6416	9.09954
28275	15.6703	9.11621
28243	15.6989	9.13288
28211	15.7276	9.14954
28178	15.7562	9.16621
28147	15.7849	9.18288
28123	15.8135	9.19954
28087	15.8422	9.21621
28054	15.8708	9.23288
28017	15.8995	9.24954
27985	15.9281	9.26621
27948	15.9567	9.28288
27916	15.9854	9.29954
27881	16.014	9.31621
27849	16.0427	9.33287
27811	16.0713	9.34954
27779	16.1	9.36621
27743	16.1286	9.38287
27711	16.1573	9.39954
27674	16.1859	9.41621
27642	16.2146	9.43287
27600	16.2432	9.44954
27568	16.2719	9.46621
27528	16.3005	9.48287
27488	16.3292	9.49954
27451	16.3578	9.5162
27413	16.3865	9.53287
27373	16.4151	9.54954
27339	16.4438	9.5662
27300	16.4724	9.58287
27261	16.5011	9.59954
27223	16.5297	9.6162
27184	16.5583	9.63287
27144	16.587	9.64954
27110	16.6156	9.6662
27068	16.6443	9.68287
27025	16.6729	9.69954
26988	16.7016	9.7162
26947	16.7302	9.73287
26911	16.7589	9.74953
26870	16.7875	9.7662
26832	16.8162	9.78287
26788	16.8448	9.79953
26749	16.8735	9.8162
26706	16.9021	9.83287
26666	16.9308	9.84953
26622	16.9594	9.8662
26582	16.9881	9.88287
26539	17.0167	9.89953
26493	17.0454	9.9162
26453	17.074	9.93287
26408	17.1026	9.94953
26368	17.1313	9.9662
26325	17.1599	9.98286
26281	17.1886	9.99953
26233	17.2172	10.0162
26187	17.2459	10.0329
26146	17.2745	10.0495
26103	17.3032	10.0662
26068	17.3318	10.0829
26018	17.3605	10.0995
25973	17.3891	10.1162
25925	17.4178	10.1329
25884	17.4464	10.1495
25839	17.4751	10.1662
25798	17.5037	10.1829
25754	17.5324	10.1995
25707	17.561	10.2162
25664	17.5897	10.2329
25622	17.6183	10.2495
25581	17.647	10.2662
25538	17.6756	10.2829
25491	17.7042	10.2995
25447	17.7329	10.3162
25400	17.7615	10.3329
25358	17.7902	10.3495
25311	17.8188	10.3662
25269	17.8475	10.3829
25225	17.8761	10.3995
25179	17.9048	10.4162
25139	17.9334	10.4329
25088	17.9621	10.4495
25047	17.9907	10.4662
24998	18.0194	10.4829
24951	18.048	10.4995
24909	18.0767	10.5162
24869	18.1053	10.5329
24822	18.134	10.5495
24775	18.1626	10.5662
24729	18.1913	10.5829
24687	18.2199	10.5995
24640	18.2485	10.6162
24598	18.2772	10.6329
24554	18.3058	10.6495
24502	18.3345	10.6662
24457	18.3631	10.6829
24414	18.3918	10.6995
24372	18.4204	10.7162
24329	18.4491	10.7329
24286	18.4777	10.7495
24246	18.5064	10.7662
24204	18.535	10.7829
24158	18.5637	10.7995
24107	18.5923	10.8162
24063	18.621	10.8329
24022	18.6496	10.8495
23980	18.6783	10.8662
23937	18.7069	10.8829
23886	18.7356	10.8995
23846	18.7642	10.9162
23797	18.7929	10.9328
23758	18.8215	10.9495
23720	18.8501	10.9662
23671	18.8788	10.9828
23629	18.9074	10.9995
23585	18.9361	11.0162
23545	18.9647	11.0328
23495	18.9934	11.0495
23446	19.022	11.0662
23401	19.0507	11.0828
23361	19.0793	11.0995
23320	19.108	11.1162
23269	19.1366	11.1328
23231	19.1653	11.1495
23183	19.1939	11.1662
23140	19.2226	11.1828
23089	19.2512	11.1995
23046	19.2799	11.2162
23005	19.3085	11.2328
22959	19.3372	11.2495
22915	19.3658	11.2662
22867	19.3944	11.2828
22822	19.4231	11.2995
22783	19.4517	11.3162
22735	19.4804	11.3328
22693	19.509	11.3495
22647	19.5377	11.3662
22606	19.5663	11.3828
22565	19.595	11.3995
22515	19.6236	11.4162
22469	19.6523	11.4328
22425	19.6809	11.4495
22378	19.7096	11.4662
22336	19.7382	11.4828
22292	19.7669	11.4995
22248	19.7955	11.5162
22202	19.8242	11.5328
22159	19.8528	11.5495
22114	19.8815	11.5662
22071	19.9101	11.5828
22023	19.9387	11.5995
21978	19.9674	11.6162
21935	19.996	11.6328
21890	20.0247	11.6495
21842	20.0533	11.6662
21796	20.082	11.6828
21753	20.1106	11.6995
21708	20.1393	11.7162
21668	20.1679	11.7328
21615	20.1966	11.7495
21572	20.2252	11.7662
21534	20.2539	11.7828
21492	20.2825	11.7995
21451	20.3112	11.8162
21399	20.3398	11.8328
21357	20.3685	11.8495
21315	20.3971	11.8662
21265	20.4258	11.8828
21225	20.4544	11.8995
21180	20.4831	11.9162
21135	20.5117	11.9328
21088	20.5403	11.9495
21043	20.569	11.9662
20992	20.5976	11.9828
20945	20.6263	11.9995
20903	20.6549	12.0162
20863	20.6836	12.0328
20805	20.7122	12.0495
20760	20.7409	12.0662
20719	20.7695	12.0828
20673	20.7982	12.0995
20632	20.8268	12.1162
20584	20.8555	12.1328
20540	20.8841	12.1495
20498	20.9128	12.1662
20454	20.9414	12.1828
20408	20.9701	12.1995
20366	20.9987	12.2162
20329	21.0274	12.2328
20281	21.056	12.2495
20231	21.0846	12.2662
20189	21.1133	12.2828
20148	21.1419	12.2995
20106	21.1706	12.3162
20063	21.1992	12.3328
20018	21.2279	12.3495
19970	21.2565	12.3662
19928	21.2852	12.3828
19881	21.3138	12.3995
19835	21.3425	12.4162
19791	21.3711	12.4328
19746	21.3998	12.4495
19702	21.4284	12.4662
19662	21.4571	12.4828
19614	21.4857	12.4995
19568	21.5144	12.5162
19525	21.543	12.5328
19477	21.5717	12.5495
19438	21.6003	12.5662
19392	21.629	12.5828
19339	21.6576	12.5995
19294	21.6862	12.6162
19259	21.7149	12.6328
19209	21.7435	12.6495
19166	21.7722	12.6662
19122	21.8008	12.6828
19088	21.8295	12.6995
19045	21.8581	12.7162
18995	21.8868	12.7328
18957	21.9154	12.7495
18912	21.9441	12.7662
18869	21.9727	12.7828
18824	22.0014	12.7995
18775	22.03	12.8162
18737	22.0587	12.8328
18691	22.0873	12.8495
18650	22.116	12.8662
18609	22.1446	12.8828
18563	22.1733	12.8995
18522	22.2019	12.9162
18481	22.2305	12.9328
18439	22.2592	12.9495
18396	22.2878	12.9662
18349	22.3165	12.9828
18301	22.3451	12.9995
18255	22.3738	13.0162
18220	22.4024	13.0328
18171	22.4311	13.0495
18127	22.4597	13.0662
18078	22.4884	13.0828
18031	22.517	13.0995
17989	22.5457	13.1161
17952	22.5743	13.1328
17911	22.603	13.1495
17866	22.6316	13.1661
17823	22.6603	13.1828
17771	22.6889	13.1995
17732	22.7176	13.2161
17695	22.7462	13.2328
17649	22.7749	13.2495
17599	22.8035	13.2661
17558	22.8321	13.2828
17517	22.8608	13.2995
17470	22.8894	13.3161
17425	22.9181	13.3328
17382	22.9467	13.3495
17340	22.9754	13.3661
17288	23.004	13.3828
17246	23.0327	13.3995
17202	23.0613	13.4161
17160	23.09	13.4328
17113	23.1186	13.4495
17073	23.1473	13.4661
17033	23.1759	13.4828
16990	23.2046	13.4995
16944	23.2332	13.5161
16897	23.2619	13.5328
16861	23.2905	13.5495
16817	23.3192	13.5661
16771	23.3478	13.5828
16725	23.3764	13.5995
16681	23.4051	13.6161
16644	23.4337	13.6328
16596	23.4624	13.6495
16549	23.491	13.6661
16506	23.5197	13.6828
16467	23.5483	13.6995
16424	23.577	13.7161
16380	23.6056	13.7328
16334	23.6343	13.7495
16293	23.6629	13.7661
16248	23.6916	13.7828
16207	23.7202	13.7995
16155	23.7489	13.8161
16118	23.7775	13.8328
16077	23.8062	13.8495
16034	23.8348	13.8661
15991	23.8635	13.8828
15944	23.8921	13.8995
15899	23.9207	13.9161
15865	23.9494	13.9328
15829	23.978	13.9495
15785	24.0067	13.9661
15732	24.0353	13.9828
15687	24.064	13.9995
15650	24.0926	14.0161
15609	24.1213	14.0328
15565	24.1499	14.0495
15531	24.1786	14.0661
15488	24.2072	14.0828
15443	24.2359	14.0995
15396	24.2645	14.1161
15359	24.2932	14.1328
15320	24.3218	14.1495
15276	24.3505	14.1661
15233	24.3791	14.1828
15190	24.4078	14.1995
15146	24.4364	14.2161
15113	24.4651	14.2328
15063	24.4937	14.2495
15027	24.5223	14.2661
14988	24.551	14.2828
14948	24.5796	14.2995
14903	24.6083	14.3161
14867	24.6369	14.3328
14817	24.6656	14.3495
14772	24.6942	14.3661
14734	24.7229	14.3828
14695	24.7515	14.3995
14655	24.7802	14.4161
14610	24.8088	14.4328
14567	24.8375	14.4495
14531	24.8661	14.4661
14494	24.8948	14.4828
14446	24.9234	14.4995
14402	24.9521	14.5161
14364	24.9807	14.5328
14325	25.0094	14.5495
14290	25.038	14.5661
14247	25.0666	14.5828
14205	25.0953	14.5995
14160	25.1239	14.6161
14118	25.1526	14.6328
14084	25.1812	14.6495
14043	25.2099	14.6661
14003	25.2385	14.6828
13960	25.2672	14.6995
13914	25.2958	14.7161
13878	25.3245	14.7328
13837	25.3531	14.7495
13802	25.3818	14.7661
13758	25.4104	14.7828
13716	25.4391	14.7995
13669	25.4677	14.8161
13634	25.4964	14.8328
13599	25.525	14.8495
13559	25.5537	14.8661
13528	25.5823	14.8828
13489	25.611	14.8995
13456	25.6396	14.9161
13412	25.6682	14.9328
13372	25.6969	14.9495
13343	25.7255	14.9661
13301	25.7542	14.9828
13254	25.7828	14.9995
13219	25.8115	15.0161
13185	25.8401	15.0328
13152	25.8688	15.0495
13117	25.8974	15.0661
13075	25.9261	15.0828
13044	25.9547	15.0995
13002	25.9834	15.1161
12955	26.012	15.1328
12916	26.0407	15.1495
12875	26.0693	15.1661
12838	26.098	15.1828
12802	26.1266	15.1995
12765	26.1553	15.2161
12737	26.1839	15.2328
12694	26.2125	15.2495
12658	26.2412	15.2661
12615	26.2698	15.2828
12582	26.2985	15.2994
12543	26.3271	15.3161
12507	26.3558	15.3328
12468	26.3844	15.3494
12436	26.4131	15.3661
12400	26.4417	15.3828
12360	26.4704	15.3994
12326	26.499	15.4161
12286	26.5277	15.4328
12248	26.5563	15.4494
12215	26.585	15.4661
12176	26.6136	15.4828
12145	26.6423	15.4994
12101	26.6709	15.5161
12062	26.6996	15.5328
12028	26.7282	15.5494
11988	26.7568	15.5661
11946	26.7855	15.5828
11910	26.8141	15.5994
11883	26.8428	15.6161
11848	26.8714	15.6328
11808	26.9001	15.6494
11775	26.9287	15.6661
11747	26.9574	15.6828
11710	26.986	15.6994
11677	27.0147	15.7161
11638	27.0433	15.7328
11605	27.072	15.7494
11566	27.1006	15.7661
11530	27.1293	15.7828
11493	27.1579	15.7994
11455	27.1866	15.8161
11427	27.2152	15.8328
11386	27.2439	15.8494
11347	27.2725	15.8661
11316	27.3012	15.8828
11279	27.3298	15.8994
11242	27.3584	15.9161
11205	27.3871	15.9328
11170	27.4157	15.9494
11137	27.4444	15.9661
11094	27.473	15.9828
11054	27.5017	15.9994
11023	27.5303	16.0161
10984	27.559	16.0328
10949	27.5876	16.0494
10910	27.6163	16.0661
10870	27.6449	16.0828
10838	27.6736	16.0994
10801	27.7022	16.1161
10767	27.7309	16.1328
10726	27.7595	16.1494
10700	27.7882	16.1661
10658	27.8168	16.1828
10621	27.8455	16.1994
10585	27.8741	16.2161
10551	27.9028	16.2328
10515	27.9314	16.2494
10488	27.96	16.2661
10450	27.9887	16.2828
10422	28.0173	16.2994
10381	28.046	16.3161
10343	28.0746	16.3328
10311	28.1033	16.3494
10272	28.1319	16.3661
10245	28.1606	16.3828
10218	28.1892	16.3994
10177	28.2179	16.4161
10143	28.2465	16.4328
10110	28.2752	16.4494
10084	28.3038	16.4661
10053	28.3325	16.4828
10021	28.3611	16.4994
9991	28.3898	16.5161
9957	28.4184	16.5328
9923	28.4471	16.5494
9884	28.4757	16.5661
9854	28.5043	16.5828
9826	28.533	16.5994
9787	28.5616	16.6161
9752	28.5903	16.6328
9727	28.6189	16.6494
9693	28.6476	16.6661
9656	28.6762	16.6828
9617	28.7049	16.6994
9577	28.7335	16.7161
9547	28.7622	16.7328
9516	28.7908	16.7494
9482	28.8195	16.7661
9452	28.8481	16.7828
9421	28.8768	16.7994
9390	28.9054	16.8161
9355	28.9341	16.8328
9318	28.9627	16.8494
9287	28.9914	16.8661
9253	29.02	16.8828
9228	29.0487	16.8994
9196	29.0773	16.9161
9164	29.106	16.9328
9135	29.1346	16.9494
9109	29.1633	16.9661
9073	29.1919	16.9828
9037	29.2206	16.9994
9012	29.2492	17.0161
8982	29.2779	17.0328
8948	29.3065	17.0494
8914	29.3352	17.0661
8880	29.3638	17.0828
8856	29.3925	17.0994
8827	29.4211	17.1161
8795	29.4498	17.1328
8758	29.4784	17.1494
8731	29.5071	17.1661
8703	29.5357	17.1828
8674	29.5644	17.1994
8644	29.593	17.2161
8618	29.6217	17.2328
8591	29.6503	17.2494
8555	29.679	17.2661
8518	29.7076	17.2828
8487	29.7363	17.2994
8458	29.7649	17.3161
8428	29.7936	17.3328
8401	29.8222	17.3494
8373	29.8508	17.3661
8342	29.8795	17.3828
8309	29.9081	17.3994
8275	29.9368	17.4161
8250	29.9654	17.4328
8220	29.9941	17.4494
8193	30.0227	17.4661
8156	30.0514	17.4827
8129	30.08	17.4994
8102	30.1087	17.5161
8072	30.1373	17.5327
8040	30.166	17.5494
8011	30.1946	17.5661
7983	30.2233	17.5827
7958	30.2519	17.5994
7924	30.2806	17.6161
7898	30.3092	17.6327
7868	30.3379	17.6494
7840	30.3665	17.6661
7815	30.3952	17.6827
7786	30.4238	17.6994
7756	30.4525	17.7161
7724	30.4811	17.7327
7695	30.5098	17.7494
7673	30.5384	17.7661
7643	30.5671	17.7827
7612	30.5957	17.7994
7588	30.6244	17.8161
7562	30.653	17.8327
7529	30.6817	17.8494
7501	30.7103	17.8661
7475	30.739	17.8827
7448	30.7676	17.8994
7419	30.7963	17.9161
7391	30.8249	17.9327
7366	30.8536	17.9494
7337	30.8822	17.9661
7313	30.9109	17.9827
7279	30.9395	17.9994
7258	30.9682	18.0161
7233	30.9968	18.0327
7205	31.0255	18.0494
7178	31.0541	18.0661
7147	31.0828	18.0827
7119	31.1114	18.0994
7089	31.1401	18.1161
7064	31.1687	18.1327
7040	31.1974	18.1494
7009	31.226	18.1661
6984	31.2547	18.1827
6962	31.2833	18.1994
6936	31.312	18.2161
6900	31.3406	18.2327
6878	31.3693	18.2494
6852	31.3979	18.2661
6830	31.4266	18.2827
6804	31.4552	18.2994
6774	31.4839	18.3161
6758	31.5125	18.3327
6726	31.5412	18.3494
6703	31.5698	18.3661
6671	31.5984	18.3827
6639	31.6271	18.3994
6618	31.6557	18.4161
6592	31.6844	18.4327
6567	31.713	18.4494
6544	31.7417	18.4661
6514	31.7703	18.4827
6494	31.799	18.4994
6465	31.8276	18.5161
6440	31.8563	18.5327
6420	31.8849	18.5494
6391	31.9136	18.5661
6366	31.9422	18.5827
6346	31.9709	18.5994
6324	31.9995	18.6161
6302	32.0282	18.6327
6278	32.0568	18.6494
6253	32.0855	18.6661
6228	32.1141	18.6827
6196	32.1428	18.6994
6171	32.1714	18.7161
6151	32.2001	18.7327
6124	32.2287	18.7494
6102	32.2574	18.7661
6077	32.286	18.7827
6058	32.3147	18.7994
6024	32.3433	18.8161
6004	32.372	18.8327
5979	32.4006	18.8494
5956	32.4293	18.8661
5930	32.4579	18.8827
5905	32.4866	18.8994
5888	32.5152	18.9161
5868	32.5439	18.9327
5842	32.5725	18.9494
5816	32.6012	18.9661
5795	32.6298	18.9827
5771	32.6585	18.9994
5743	32.6871	19.0161
5720	32.7158	19.0327
5702	32.7444	19.0494
5684	32.7731	19.0661
5657	32.8017	19.0827
5637	32.8304	19.0994
5610	32.859	19.1161
5590	32.8877	19.1327
5564	32.9163	19.1494
5535	32.945	19.1661
5518	32.9736	19.1827
5495	33.0023	19.1994
5477	33.0309	19.2161
5451	33.0596	19.2327
5424	33.0882	19.2494
5407	33.1169	19.2661
5379	33.1455	19.2827
5361	33.1742	19.2994
5337	33.2028	19.3161
5315	33.2315	19.3327
5297	33.2601	19.3494
5280	33.2888	19.3661
5259	33.3174	19.3827
5241	33.3461	19.3994
5216	33.3747	19.4161
5193	33.4034	19.4327
5169	33.432	19.4494
5150	33.4606	19.4661
5130	33.4893	19.4827
5103	33.5179	19.4994
5081	33.5466	19.5161
5058	33.5752	19.5327
5037	33.6039	19.5494
5015	33.6325	19.5661
4995	33.6612	19.5827
4973	33.6898	19.5994
4955	33.7185	19.6161
4933	33.7471	19.6327
4915	33.7758	19.6494
4889	33.8044	19.666
4873	33.8331	19.6827
4855	33.8617	19.6994
4831	33.8904	19.716
4805	33.919	19.7327
4780	33.9477	19.7494
4766	33.9763	19.766
4747	34.005	19.7827
4726	34.0336	19.7994
4710	34.0623	19.816
4687	34.0909	19.8327
4665	34.1196	19.8494
4645	34.1482	19.866
4627	34.1769	19.8827
4603	34.2055	19.8994
4583	34.2342	19.916
4568	34.2628	19.9327
4547	34.2915	19.9494
4526	34.3201	19.966
4510	34.3488	19.9827
4492	34.3774	19.9994
4473	34.4061	20.016
4454	34.4347	20.0327
4433	34.4634	20.0494
4420	34.492	20.066
4404	34.5207	20.0827
4384	34.5493	20.0994
4364	34.578	20.116
4347	34.6066	20.1327
4327	34.6353	20.1494
4307	34.6639	20.166
4291	34.6926	20.1827
4273	34.7212	20.1994
4248	34.7499	20.216
4232	34.7785	20.2327
4213	34.8072	20.2494
4199	34.8358	20.266
4178	34.8645	20.2827
4158	34.8931	20.2994
4145	34.9218	20.316
4119	34.9504	20.3327
4102	34.9791	20.3494
4087	35.0077	20.366
4069	35.0364	20.3827
4055	35.065	20.3994
4044	35.0937	20.416
4022	35.1223	20.4327
4002	35.151	20.4494
3986	35.1796	20.466
3970	35.2082	20.4827
3951	35.2369	20.4994
3933	35.2655	20.516
3921	35.2942	20.5327
3907	35.3228	20.5494
3888	35.3515	20.566
3870	35.3801	20.5827
3858	35.4088	20.5994
3840	35.4374	20.616
3829	35.4661	20.6327
3813	35.4947	20.6494
3796	35.5234	20.666
3781	35.552	20.6827
3764	35.5807	20.6994
3747	35.6093	20.716
3731	35.638	20.7327
3710	35.6666	20.7494
3704	35.6953	20.766
3689	35.7239	20.7827
3670	35.7526	20.7994
3656	35.7812	20.816
3637	35.8099	20.8327
3624	35.8385	20.8494
3603	35.8672	20.866
3585	35.8958	20.8827
3574	35.9245	20.8994
3555	35.9531	20.916
3540	35.9818	20.9327
3526	36.0104	20.9494
3516	36.0391	20.966
3500	36.0677	20.9827
3484	36.0964	20.9994
3465	36.125	21.016
3455	36.1537	21.0327
3438	36.1823	21.0494
3420	36.211	21.066
3406	36.2396	21.0827
3393	36.2683	21.0994
3379	36.2969	21.116
3366	36.3256	21.1327
3351	36.3542	21.1494
3332	36.3829	21.166
3319	36.4115	21.1827
3306	36.4402	21.1994
3294	36.4688	21.216
3282	36.4975	21.2327
3270	36.5261	21.2494
3253	36.5548	21.266
3238	36.5834	21.2827
3222	36.6121	21.2994
3207	36.6407	21.316
3197	36.6694	21.3327
3182	36.698	21.3494
3172	36.7267	21.366
3157	36.7553	21.3827
3140	36.784	21.3994
3126	36.8126	21.416
3115	36.8413	21.4327
3104	36.8699	21.4494
3091	36.8985	21.466
3079	36.9272	21.4827
3063	36.9558	21.4994
3052	36.9845	21.516
3035	37.0131	21.5327
3026	37.0418	21.5494
3010	37.0704	21.566
2998	37.0991	21.5827
2987	37.1277	21.5994
2972	37.1564	21.616
2961	37.185	21.6327
2946	37.2137	21.6494
2934	37.2423	21.666
2921	37.271	21.6827
2909	37.2996	21.6994
2904	37.3283	21.716
2888	37.3569	21.7327
2874	37.3856	21.7494
2864	37.4142	21.766
2848	37.4429	21.7827
2834	37.4715	21.7994
2821	37.5002	21.816
2810	37.5288	21.8327
2799	37.5575	21.8493
2789	37.5861	21.866
2774	37.6148	21.8827
2759	37.6434	21.8993
2748	37.6721	21.916
2735	37.7007	21.9327
2725	37.7294	21.9493
2711	37.758	21.966
2697	37.7867	21.9827
2683	37.8153	21.9993
2670	37.844	22.016
2664	37.8726	22.0327
2650	37.9013	22.0493
2639	37.9299	22.066
2625	37.9586	22.0827
2613	37.9872	22.0993
2601	38.0159	22.116
2586	38.0445	22.1327
2578	38.0732	22.1493
2567	38.1018	22.166
2554	38.1305	22.1827
2547	38.1591	22.1993
2532	38.1878	22.216
2521	38.2164	22.2327
2509	38.2451	22.2493
2503	38.2737	22.266
2492	38.3024	22.2827
2479	38.331	22.2993
2470	38.3597	22.316
2457	38.3883	22.3327
2446	38.417	22.3493
2436	38.4456	22.366
2421	38.4743	22.3827
2410	38.5029	22.3993
2401	38.5316	22.416
2391	38.5602	22.4327
2378	38.5889	22.4493
2368	38.6175	22.466
2359	38.6461	22.4827
2347	38.6748	22.4993
2337	38.7034	22.516
2328	38.7321	22.5327
2313	38.7607	22.5493
2305	38.7894	22.566
2294	38.818	22.5827
2283	38.8467	22.5993
2271	38.8753	22.616
2263	38.904	22.6327
2253	38.9326	22.6493
2243	38.9613	22.666
2235	38.9899	22.6827
2223	39.0186	22.6993
2212	39.0472	22.716
2204	39.0759	22.7327
2196	39.1045	22.7493
2184	39.1332	22.766
2177	39.1618	22.7827
2166	39.1905	22.7993
2156	39.2191	22.816
2147	39.2478	22.8327
2138	39.2764	22.8493
2126	39.3051	22.866
2118	39.3337	22.8827
2111	39.3624	22.8993
2096	39.391	22.916
2089	39.4197	22.9327
2082	39.4483	22.9493
2072	39.477	22.966
2063	39.5056	22.9827
2056	39.5343	22.9993
2048	39.5629	23.016
2040	39.5916	23.0327
2033	39.6202	23.0493
2024	39.6489	23.066
2012	39.6775	23.0827
2003	39.7062	23.0993
1991	39.7348	23.116
1984	39.7635	23.1327
1976	39.7921	23.1493
1964	39.8208	23.166
1956	39.8494	23.1827
1949	39.8781	23.1993
1938	39.9067	23.216
1931	39.9354	23.2327
1921	39.964	23.2493
1913	39.9927	23.266
1904	40.0213	23.2827
1896	40.05	23.2993
1889	40.0786	23.316
1884	40.1073	23.3327
1870	40.1359	23.3493
1864	40.1646	23.366
1854	40.1932	23.3827
1848	40.2219	23.3993
1842	40.2505	23.416
1833	40.2792	23.4327
1827	40.3078	23.4493
1816	40.3365	23.466
1810	40.3651	23.4827
1805	40.3937	23.4993
1792	40.4224	23.516
1782	40.451	23.5327
1774	40.4797	23.5493
1768	40.5083	23.566
1761	40.537	23.5827
1752	40.5656	23.5993
1744	40.5943	23.616
1737	40.6229	23.6327
1729	40.6516	23.6493
1723	40.6802	23.666
1717	40.7089	23.6827
1712	40.7375	23.6993
1703	40.7662	23.716
1695	40.7948	23.7327
1686	40.8235	23.7493
1679	40.8521	23.766
1674	40.8808	23.7827
1668	40.9094	23.7993
1659	40.9381	23.816
1651	40.9667	23.8327
1644	40.9954	23.8493
1639	41.024	23.866
1631	41.0527	23.8827
1621	41.0813	23.8993
1616	41.11	23.916
1607	41.1386	23.9327
1604	41.1673	23.9493
1596	41.1959	23.966
1588	41.2246	23.9827
1582	41.2532	23.9993
1574	41.2819	24.016
1564	41.3105	24.0326
1557	41.3392	24.0493
1550	41.3678	24.066
1542	41.3965	24.0826
1539	41.4251	24.0993
1532	41.4538	24.116
1526	41.4824	24.1326
1519	41.5111	24.1493
1512	41.5397	24.166
1505	41.5684	24.1826
1499	41.597	24.1993
1493	41.6257	24.216
1486	41.6543	24.2326
1481	41.683	24.2493
1471	41.7116	24.266
1467	41.7403	24.2826
1460	41.7689	24.2993
1454	41.7976	24.316
1449	41.8262	24.3326
1441	41.8549	24.3493
1435	41.8835	24.366
1426	41.9122	24.3826
1423	41.9408	24.3993
1413	41.9695	24.416
1408	41.9981	24.4326
1401	42.0268	24.4493
1397	42.0554	24.466
1389	42.0841	24.4826
1384	42.1127	24.4993
1377	42.1413	24.516
1373	42.17	24.5326
1366	42.1987	24.5493
1363	42.2273	24.566
1357	42.2559	24.5826
1351	42.2846	24.5993
1342	42.3132	24.616
1338	42.3419	24.6326
1333	42.3705	24.6493
1326	42.3992	24.666
1323	42.4278	24.6826
1318	42.4565	24.6993
1309	42.4851	24.716
1302	42.5138	24.7326
1298	42.5424	24.7493
1290	42.5711	24.766
1284	42.5997	24.7826
1282	42.6284	24.7993
1275	42.657	24.816
1272	42.6857	24.8326
1264	42.7143	24.8493
1255	42.743	24.866
1250	42.7716	24.8826
1245	42.8003	24.8993
1241	42.8289	24.916
1237	42.8576	24.9326
1229	42.8862	24.9493
1224	42.9149	24.966
1217	42.9435	24.9826
1213	42.9722	24.9993
1204	43.0008	25.016
1202	43.0295	25.0326
1201	43.0581	25.0493
1195	43.0868	25.066
1187	43.1154	25.0826
1181	43.1441	25.0993
1174	43.1727	25.116
1169	43.2014	25.1326
1168	43.23	25.1493
1165	43.2587	25.166
1162	43.2873	25.1826
1159	43.316	25.1993
1152	43.3446	25.216
1145	43.3733	25.2326
1138	43.4019	25.2493
1134	43.4306	25.266
1127	43.4592	25.2826
1120	43.4879	25.2993
1117	43.5165	25.316
1111	43.5452	25.3326
1105	43.5738	25.3493
1101	43.6025	25.366
1101	43.6311	25.3826
1100	43.6598	25.3993
1092	43.6884	25.416
1087	43.7171	25.4326
1084	43.7457	25.4493
1079	43.7744	25.466
1074	43.803	25.4826
1069	43.8317	25.4993
1064	43.8603	25.516
1063	43.889	25.5326
1062	43.9176	25.5493
1057	43.9463	25.566
1049	43.9749	25.5826
1042	44.0035	25.5993
1038	44.0322	25.616
1031	44.0608	25.6326
1027	44.0895	25.6493
1022	44.1181	25.666
1021	44.1468	25.6826
1021	44.1754	25.6993
1019	44.2041	25.716
1012	44.2327	25.7326
1008	44.2614	25.7493
1001	44.29	25.766
994	44.3187	25.7826
990	44.3473	25.7993
983	44.376	25.816
979	44.4046	25.8326
975	44.4333	25.8493
973	44.4619	25.866
973	44.4906	25.8826
969	44.5192	25.8993
964	44.5479	25.916
959	44.5765	25.9326
956	44.6052	25.9493
950	44.6338	25.966
944	44.6625	25.9826
938	44.6911	25.9993
933	44.7198	26.016
933	44.7484	26.0326
928	44.7771	26.0493
923	44.8057	26.066
919	44.8344	26.0826
914	44.863	26.0993
910	44.8917	26.116
905	44.9203	26.1326
902	44.949	26.1493
899	44.9776	26.166
892	45.0063	26.1826
889	45.0349	26.1993
889	45.0636	26.216
889	45.0922	26.2326
885	45.1209	26.2493
879	45.1495	26.2659
872	45.1782	26.2826
869	45.2068	26.2993
868	45.2355	26.3159
863	45.2641	26.3326
854	45.2928	26.3493
853	45.3214	26.3659
853	45.3501	26.3826
846	45.3787	26.3993
839	45.4074	26.4159
834	45.436	26.4326
833	45.4647	26.4493
833	45.4933	26.4659
833	45.522	26.4826
833	45.5506	26.4993
830	45.5793	26.5159
826	45.6079	26.5326
821	45.6366	26.5493
821	45.6652	26.5659
819	45.6939	26.5826
813	45.7225	26.5993
807	45.7511	26.6159
802	45.7798	26.6326
794	45.8084	26.6493
792	45.8371	26.6659
792	45.8657	26.6826
792	45.8944	26.6993
792	45.923	26.7159
787	45.9517	26.7326
782	45.9517	26.7493
780	45.9517	26.7659
778	45.9517	26.7826
775	45.9517	26.7993
768	45.9517	26.8159
768	45.9517	26.8326
765	45.9517	26.8493
758	45.9517	26.8659
754	45.9517	26.8826
754	45.9517	26.8993
754	45.9517	26.9159
750	45.9517	26.9326
742	45.9517	26.9493
739	45.923	26.9659
739	45.8944	26.9826
739	45.8657	26.9993
739	45.8371	27.0159
739	45.8084	27.0326
734	45.7798	27.0493
725	45.7511	27.0659
724	45.7225	27.0826
724	45.6939	27.0993
724	45.6652	27.1159
724	45.6366	27.1326
722	45.6079	27.1493
715	45.5793	27.1659
710	45.5506	27.1826
705	45.522	27.1993
704	45.4933	27.2159
698	45.4647	27.2326
691	45.436	27.2493
690	45.4074	27.2659
690	45.3787	27.2826
690	45.3501	27.2993
690	45.3214	27.3159
689	45.2928	27.3326
689	45.2641	27.3493
682	45.2355	27.3659
675	45.2068	27.3826
672	45.1782	27.3993
672	45.1495	27.4159
672	45.1209	27.4326
672	45.0922	27.4493
672	45.0636	27.4659
672	45.0349	27.4826
667	45.0063	27.4993
658	44.9776	27.5159
652	44.949	27.5326
650	44.9203	27.5493
650	44.8917	27.5659
650	44.863	27.5826
650	44.8344	27.5993
650	44.8057	27.6159
650	44.7771	27.6326
648	44.7484	27.6493
642	44.7198	27.6659
637	44.6911	27.6826
634	44.6625	27.6993
633	44.6338	27.7159
627	44.6052	27.7326
621	44.5765	27.7493
621	44.5479	27.7659
621	44.5192	27.7826
621	44.4906	27.7993
621	44.4619	27.8159
617	44.4333	27.8326
610	44.4046	27.8493
604	44.376	27.8659
604	44.3473	27.8826
604	44.3187	27.8993
604	44.29	27.9159
604	44.2614	27.9326
604	44.2327	27.9493
601	44.2041	27.9659
601	44.1754	27.9826
601	44.1468	27.9993
601	44.1181	28.0159
594	44.0895	28.0326
585	44.0608	28.0493
580	44.0322	28.0659
580	44.0035	28.0826
580	43.9749	28.0993
580	43.9463	28.1159
578	43.9176	28.1326
569	43.889	28.1493
568	43.8603	28.1659
568	43.8317	28.1826
568	43.803	28.1993
568	43.7744	28.2159
568	43.7457	28.2326
566	43.7171	28.2493
560	43.6884	28.2659
554	43.6598	28.2826
554	43.6311	28.2993
554	43.6025	28.3159
554	43.5738	28.3326
554	43.5452	28.3493
554	43.5165	28.3659
554	43.4879	28.3826
554	43.4592	28.3993
554	43.4306	28.4159
553	43.4019	28.4326
544	43.3733	28.4492
540	43.3446	28.4659
540	43.316	28.4826
540	43.2873	28.4992
540	43.2587	28.5159
540	43.23	28.5326
540	43.2014	28.5492
540	43.1727	28.5659
539	43.1441	28.5826
531	43.1154	28.5992
526	43.0868	28.6159
524	43.0581	28.6326
524	43.0295	28.6492
524	43.0008	28.6659
524	42.9722	28.6826
524	42.9435	28.6992
524	42.9149	28.7159
524	42.8862	28.7326
524	42.8576	28.7492
524	42.8289	28.7659
524	42.8003	28.7826
523	42.7716	28.7992
520	42.743	28.8159
519	42.7143	28.8326
519	42.6857	28.8492
519	42.657	28.8659
519	42.6284	28.8826
519	42.5997	28.8992
519	42.5711	28.9159
519	42.5424	28.9326
519	42.5138	28.9492
519	42.4851	28.9659
519	42.4565	28.9826
517	42.4278	28.9992
517	42.3992	29.0159
517	42.3705	29.0326
517	42.3419	29.0492
517	42.3132	29.0659
517	42.2846	29.0826
517	42.2559	29.0992
517	42.2273	29.1159
517	42.1987	29.1326
517	42.17	29.1492
512	42.1413	29.1659
507	42.1127	29.1826
505	42.0841	29.1992
505	42.0554	29.2159
505	42.0268	29.2326
505	41.9981	29.2492
505	41.9695	29.2659
505	41.9408	29.2826
505	41.9122	29.2992
505	41.8835	29.3159
505	41.8549	29.3326
505	41.8262	29.3492
505	41.7976	29.3659
505	41.7689	29.3826
502	41.7403	29.3992
500	41.7116	29.4159
500	41.683	29.4326
500	41.6543	29.4492
500	41.6257	29.4659
500	41.597	29.4826
500	41.5684	29.4992
500	41.5397	29.5159
500	41.5111	29.5326
500	41.4824	29.5492
500	41.4538	29.5659
500	41.4251	29.5826
500	41.3965	29.5992
498	41.3678	29.6159
494	41.3392	29.6326
490	41.3105	29.6492
490	41.2819	29.6659
489	41.2532	29.6826
489	41.2246	29.6992
489	41.1959	29.7159
489	41.1673	29.7326
489	41.1386	29.7492
489	41.11	29.7659
489	41.0813	29.7826
489	41.0527	29.7992
489	41.024	29.8159
489	40.9954	29.8326
489	40.9667	29.8492
489	40.9381	29.8659
489	40.9094	29.8826
489	40.8808	29.8992
489	40.8521	29.9159
489	40.8235	29.9326
489	40.7948	29.9492
489	40.7662	29.9659
489	40.7375	29.9826
489	40.7089	29.9992
489	40.6802	30.0159
489	40.6516	30.0326
489	40.6229	30.0492
489	40.5943	30.0659
489	40.5656	30.0826
489	40.537	30.0992
489	40.5083	30.1159
489	40.4797	30.1326
489	40.451	30.1492
489	40.4224	30.1659
489	40.3937	30.1826
489	40.3651	30.1992
489	40.3365	30.2159
489	40.3078	30.2326
489	40.2792	30.2492
489	40.2505	30.2659
489	40.2219	30.2826
489	40.1932	30.2992
489	40.1646	30.3159
489	40.1359	30.3326
489	40.1073	30.3492
489	40.0786	30.3659
489	40.05	30.3826
489	40.0213	30.3992
489	39.9927	30.4159
489	39.964	30.4326
489	39.9354	30.4492
489	39.9067	30.4659
489	39.8781	30.4826
489	39.8494	30.4992
489	39.8208	30.5159
489	39.7921	30.5326
489	39.7635	30.5492
489	39.7348	30.5659
489	39.7062	30.5826
489	39.6775	30.5992
489	39.6489	30.6159
489	39.6202	30.6325
489	39.5916	30.6492
489	39.5629	30.6659
489	39.5343	30.6825
489	39.5056	30.6992
489	39.477	30.7159
489	39.4483	30.7325
489	39.4197	30.7492
489	39.391	30.7659
489	39.3624	30.7825
489	39.3337	30.7992
489	39.3051	30.8159
489	39.2764	30.8325
489	39.2478	30.8492
489	39.2191	30.8659
489	39.1905	30.8825
489	39.1618	30.8992
489	39.1332	30.9159
489	39.1045	30.9325
489	39.0759	30.9492
489	39.0472	30.9659
489	39.0186	30.9825
489	38.9899	30.9992
489	38.9613	31.0159
489	38.9326	31.0325
489	38.904	31.0492
489	38.8753	31.0659
489	38.8467	31.0825
489	38.818	31.0992
484	38.7894	31.1159
480	38.7607	31.1325
479	38.7321	31.1492
479	38.7034	31.1659
479	38.6748	31.1825
479	38.6461	31.1992
479	38.6175	31.2159
479	38.5889	31.2325
479	38.5602	31.2492
479	38.5316	31.2659
479	38.5029	31.2825
479	38.4743	31.2992
479	38.4456	31.3159
479	38.417	31.3325
479	38.3883	31.3492
479	38.3597	31.3659
479	38.331	31.3825
479	38.3024	31.3992
479	38.2737	31.4159
479	38.2451	31.4325
479	38.2164	31.4492
479	38.1878	31.4659
479	38.1591	31.4825
479	38.1305	31.4992
479	38.1018	31.5159
479	38.0732	31.5325
479	38.0445	31.5492
479	38.0159	31.5659
479	37.9872	31.5825
479	37.9586	31.5992
479	37.9299	31.6159
479	37.9013	31.6325
479	37.8726	31.6492
479	37.844	31.6659
479	37.8153	31.6825
479	37.7867	31.6992
479	37.758	31.7159
479	37.7294	31.7325
479	37.7007	31.7492
479	37.6721	31.7659
479	37.6434	31.7825
479	37.6148	31.7992
479	37.5861	31.8159
479	37.5575	31.8325
479	37.5288	31.8492
479	37.5002	31.8659
479	37.4715	31.8825
479	37.4429	31.8992
479	37.4142	31.9159
479	37.3856	31.9325
479	37.3569	31.9492
479	37.3283	31.9659
479	37.2996	31.9825
479	37.271	31.9992
479	37.2423	32.0159
479	37.2137	32.0325
479	37.185	32.0492
479	37.1564	32.0659
479	37.1277	32.0825
479	37.0991	32.0992
479	37.0704	32.1159
479	37.0418	32.1326
479	37.0131	32.1492
479	36.9845	32.1659
479	36.9558	32.1826
479	36.9272	32.1992
479	36.8985	32.2159
479	36.8699	32.2326
479	36.8413	32.2492
479	36.8126	32.2659
479	36.784	32.2826
479	36.7553	32.2993
479	36.7267	32.3159
479	36.698	32.3326
479	36.6694	32.3493
479	36.6407	32.3659
479	36.6121	32.3826
479	36.5834	32.3993
479	36.5548	32.4159
479	36.5261	32.4326
479	36.4975	32.4493
479	36.4688	32.466
479	36.4402	32.4826
479	36.4115	32.4993
479	36.3829	32.516
479	36.3542	32.5326
479	36.3256	32.5493
479	36.2969	32.566
479	36.2683	32.5826
479	36.2396	32.5993
479	36.211	32.616
479	36.1823	32.6327
479	36.1537	32.6493
479	36.125	32.666
479	36.0964	32.6827
479	36.0677	32.6993
479	36.0391	32.716
479	36.0104	32.7327
479	35.9818	32.7494
479	35.9531	32.766
479	35.9245	32.7827
479	35.8958	32.7994
479	35.8672	32.816
479	35.8385	32.8327
479	35.8099	32.8494
479	35.7812	32.866
479	35.7526	32.8827
479	35.7239	32.8994
479	35.6953	32.9161
479	35.6666	32.9327
479	35.638	32.9494
479	35.6093	32.9661
479	35.5807	32.9827
479	35.552	32.9994
479	35.5234	33.0161
479	35.4947	33.0327
479	35.4661	33.0494
479	35.4374	33.0661
479	35.4088	33.0828
479	35.3801	33.0994
479	35.3515	33.1161
479	35.3228	33.1328
479	35.2942	33.1494
479	35.2655	33.1661
479	35.2369	33.1828
479	35.2082	33.1994
479	35.1796	33.2161
479	35.151	33.2328
479	35.1223	33.2495
479	35.0937	33.2661
479	35.065	33.2828
479	35.0364	33.2995
479	35.0077	33.3161
479	34.9791	33.3328
479	34.9504	33.3495
479	34.9218	33.3661
479	34.8931	33.3828
479	34.8645	33.3995
479	34.8358	33.4162
479	34.8072	33.4328
479	34.7785	33.4495
479	34.7499	33.4662
479	34.7212	33.4828
479	34.6926	33.4995
479	34.6639	33.5162
479	34.6353	33.5329
479	34.6066	33.5495
479	34.578	33.5662
479	34.5493	33.5829
479	34.5207	33.5995
479	34.492	33.6162
479	34.4634	33.6329
479	34.4347	33.6495
479	34.4061	33.6662
479	34.3774	33.6829
479	34.3488	33.6996
479	34.3201	33.7162
479	34.2915	33.7329
479	34.2628	33.7496
479	34.2342	33.7662
479	34.2055	33.7829
479	34.1769	33.7996
479	34.1482	33.8162
479	34.1196	33.8329
479	34.0909	33.8496
479	34.0623	33.8663
479	34.0336	33.8829
479	34.005	33.8996
479	33.9763	33.9163
479	33.9477	33.9329
479	33.919	33.9496
479	33.8904	33.9663
479	33.8617	33.9829
479	33.8331	33.9996
479	33.8044	34.0163
479	33.7758	34.033
479	33.7471	34.0496
479	33.7185	34.0663
479	33.6898	34.083
479	33.6612	34.0996
479	33.6325	34.1163
479	33.6039	34.133
479	33.5752	34.1497
479	33.5466	34.1663
479	33.5179	34.183
479	33.4893	34.1997
478	33.4606	34.2163
478	33.432	34.233
478	33.4034	34.2497
478	33.3747	34.2663
478	33.3461	34.283
478	33.3174	34.2997
478	33.2888	34.3164
478	33.2601	34.333
478	33.2315	34.3497
478	33.2028	34.3664
478	33.1742	34.383
478	33.1455	34.3997
478	33.1169	34.4164
478	33.0882	34.433
478	33.0596	34.4497
478	33.0309	34.4664
478	33.0023	34.4831
478	32.9736	34.4997
478	32.945	34.5164
478	32.9163	34.5331
478	32.8877	34.5497
478	32.859	34.5664
478	32.8304	34.5831
478	32.8017	34.5997
478	32.7731	34.6164
478	32.7444	34.6331
478	32.7158	34.6498
478	32.6871	34.6664
478	32.6585	34.6831
478	32.6298	34.6998
478	32.6012	34.7164
478	32.5725	34.7331
478	32.5439	34.7498
478	32.5152	34.7664
478	32.4866	34.7831
478	32.4579	34.7998
478	32.4293	34.8165
478	32.4006	34.8331
478	32.372	34.8498
478	32.3433	34.8665
478	32.3147	34.8831
478	32.286	34.8998
478	32.2574	34.9165
478	32.2287	34.9332
478	32.2001	34.9498
478	32.1714	34.9665
478	32.1428	34.9832
478	32.1141	34.9998
478	32.0855	35.0165
478	32.0568	35.0332
478	32.0282	35.0498
478	31.9995	35.0665
478	31.9709	35.0832
478	31.9422	35.0999
478	31.9136	35.1165
478	31.8849	35.1332
478	31.8563	35.1499
478	31.8276	35.1665
478	31.799	35.1832
478	31.7703	35.1999
478	31.7417	35.2165
478	31.713	35.2332
478	31.6844	35.2499
478	31.6557	35.2666
478	31.6271	35.2832
478	31.5984	35.2999
478	31.5698	35.3166
478	31.5412	35.3332
478	31.5125	35.3499
478	31.4839	35.3666
478	31.4552	35.3832
478	31.4266	35.3999
478	31.3979	35.4166
478	31.3693	35.4333
478	31.3406	35.4499
478	31.312	35.4666
478	31.2833	35.4833
478	31.2547	35.4999
478	31.226	35.5166
478	31.1974	35.5333
478	31.1687	35.5499
478	31.1401	35.5666
478	31.1114	35.5833
478	31.0828	35.6
478	31.0541	35.6166
478	31.0255	35.6333
478	30.9968	35.65
478	30.9682	35.6666
478	30.9395	35.6833
478	30.9109	35.7
478	30.8822	35.7167
478	30.8536	35.7333
478	30.8249	35.75
478	30.7963	35.7667
478	30.7676	35.7833
478	30.739	35.8
478	30.7103	35.8167
478	30.6817	35.8333
478	30.653	35.85
478	30.6244	35.8667
478	30.5957	35.8834
478	30.5671	35.9
478	30.5384	35.9167
478	30.5098	35.9334
478	30.4811	35.95
478	30.4525	35.9667
478	30.4238	35.9834
478	30.3952	36
478	30.3665	36.0167
478	30.3379	36.0334
478	30.3092	36.0501
478	30.2806	36.0667
478	30.2519	36.0834
478	30.2233	36.1001
478	30.1946	36.1167
478	30.166	36.1334
478	30.1373	36.1501
478	30.1087	36.1667
478	30.08	36.1834
478	30.0514	36.2001
478	30.0227	36.2168
478	29.9941	36.2334
478	29.9654	36.2501
477	29.9368	36.2668
477	29.9081	36.2834
477	29.8795	36.3001
477	29.8508	36.3168
477	29.8222	36.3335
477	29.7936	36.3501
477	29.7649	36.3668
477	29.7363	36.3835
477	29.7076	36.4001
477	29.679	36.4168
477	29.6503	36.4335
477	29.6217	36.4501
477	29.593	36.4668
477	29.5644	36.4835
477	29.5357	36.5002
477	29.5071	36.5168
477	29.4784	36.5335
477	29.4498	36.5502
477	29.4211	36.5668
477	29.3925	36.5835
477	29.3638	36.6002
477	29.3352	36.6168
477	29.3065	36.6335
477	29.2779	36.6502
477	29.2492	36.6669
477	29.2206	36.6835
477	29.1919	36.7002
477	29.1633	36.7169
477	29.1346	36.7335
477	29.106	36.7502
477	29.0773	36.7669
477	29.0487	36.7835
477	29.02	36.8002
477	28.9914	36.8169
477	28.9627	36.8336
477	28.9341	36.8502
477	28.9054	36.8669
477	28.8768	36.8836
477	28.8481	36.9002
477	28.8195	36.9169
477	28.7908	36.9336
477	28.7622	36.9502
477	28.7335	36.9669
477	28.7049	36.9836
477	28.6762	37.0003
477	28.6476	37.0169
477	28.6189	37.0336
477	28.5903	37.0503
477	28.5616	37.0669
477	28.533	37.0836
477	28.5043	37.1003
477	28.4757	37.117
477	28.4471	37.1336
477	28.4184	37.1503
477	28.3898	37.167
477	28.3611	37.1836
477	28.3325	37.2003
477	28.3038	37.217
477	28.2752	37.2336
477	28.2465	37.2503
477	28.2179	37.267
477	28.1892	37.2837
477	28.1606	37.3003
477	28.1319	37.317
477	28.1033	37.3337
477	28.0746	37.3503
477	28.046	37.367
477	28.0173	37.3837
477	27.9887	37.4003
477	27.96	37.417
477	27.9314	37.4337
477	27.9028	37.4504
477	27.8741	37.467
477	27.8455	37.4837
477	27.8168	37.5004
477	27.7882	37.517
477	27.7595	37.5337
477	27.7309	37.5504
477	27.7022	37.567
477	27.6736	37.5837
477	27.6449	37.6004
477	27.6163	37.6171
477	27.5876	37.6337
477	27.559	37.6504
477	27.5303	37.6671
477	27.5017	37.6837
477	27.473	37.7004
477	27.4444	37.7171
477	27.4157	37.7337
477	27.3871	37.7504
477	27.3584	37.7671
477	27.3298	37.7838
477	27.3012	37.8004
477	27.2725	37.8171
477	27.2439	37.8338
477	27.2152	37.8504
477	27.1866	37.8671
477	27.1579	37.8838
477	27.1293	37.9005
477	27.1006	37.9171
477	27.072	37.9338
477	27.0433	37.9505
477	27.0147	37.9671
477	26.986	37.9838
477	26.9574	38.0005
477	26.9287	38.0171
477	26.9001	38.0338
477	26.8714	38.0505
477	26.8428	38.0672
477	26.8141	38.0838
477	26.7855	38.1005
477	26.7569	38.1172
477	26.7282	38.1338
477	26.6996	38.1505
477	26.6709	38.1672
477	26.6423	38.1838
477	26.6136	38.2005
477	26.585	38.2172
477	26.5563	38.2339
477	26.5277	38.2505
477	26.499	38.2672
477	26.4704	38.2839
477	26.4417	38.3005
477	26.4131	38.3172
477	26.3844	38.3339
477	26.3558	38.3505
477	26.3271	38.3672
477	26.2985	38.3839
477	26.2698	38.4006
477	26.2412	38.4172
477	26.2125	38.4339
477	26.1839	38.4506
477	26.1553	38.4672
477	26.1266	38.4839
477	26.098	38.5006
477	26.0693	38.5173
477	26.0407	38.5339
477	26.012	38.5506
477	25.9834	38.5673
477	25.9547	38.5839
477	25.9261	38.6006
477	25.8974	38.6173
477	25.8688	38.6339
477	25.8401	38.6506
477	25.8115	38.6673
477	25.7828	38.684
477	25.7542	38.7006
477	25.7255	38.7173
477	25.6969	38.734
477	25.6682	38.7506
477	25.6396	38.7673
477	25.611	38.784
477	25.5823	38.8006
477	25.5537	38.8173
477	25.525	38.834
477	25.4964	38.8507
477	25.4677	38.8673
477	25.4391	38.884
477	25.4104	38.9007
477	25.3818	38.9173
477	25.3531	38.934
477	25.3245	38.9507
477	25.2958	38.9673
477	25.2672	38.984
477	25.2385	39.0007
477	25.2099	39.0174
477	25.1812	39.034
477	25.1526	39.0507
477	25.1239	39.0674
477	25.0953	39.084
477	25.0667	39.1007
477	25.038	39.1174
477	25.0094	39.134
477	24.9807	39.1507
477	24.9521	39.1674
477	24.9234	39.1841
477	24.8948	39.2007
477	24.8661	39.2174
477	24.8375	39.2341
477	24.8088	39.2507
477	24.7802	39.2674
477	24.7515	39.2841
477	24.7229	39.3008
477	24.6942	39.3174
477	24.6656	39.3341
477	24.6369	39.3508
477	24.6083	39.3674
477	24.5796	39.3841
477	24.551	39.4008
477	24.5223	39.4174
477	24.4937	39.4341
477	24.4651	39.4508
477	24.4364	39.4675
477	24.4078	39.4841
477	24.3791	39.5008
477	24.3505	39.5175
477	24.3218	39.5341
477	24.2932	39.5508
477	24.2645	39.5675
477	24.2359	39.5841
477	24.2072	39.6008
477	24.1786	39.6175
477	24.1499	39.6342
477	24.1213	39.6508
477	24.0926	39.6675
477	24.064	39.6842
477	24.0353	39.7008
477	24.0067	39.7175
477	23.978	39.7342
477	23.9494	39.7508
477	23.9208	39.7675
477	23.8921	39.7842
477	23.8635	39.8009
477	23.8348	39.8175
477	23.8062	39.8342
477	23.7775	39.8509
477	23.7489	39.8675
477	23.7202	39.8842
477	23.6916	39.9009
477	23.6629	39.9175
477	23.6343	39.9342
477	23.6056	39.9509
477	23.577	39.9676
477	23.5483	39.9842
477	23.5197	40.0009
477	23.491	40.0176
477	23.4624	40.0342
477	23.4337	40.0509
477	23.4051	40.0676
477	23.3764	40.0843
477	23.3478	40.1009
477	23.3192	40.1176
477	23.2905	40.1343
477	23.2619	40.1509
477	23.2332	40.1676
477	23.2046	40.1843
477	23.1759	40.2009
477	23.1473	40.2176
477	23.1186	40.2343
477	23.09	40.251
477	23.0613	40.2676
477	23.0327	40.2843
477	23.004	40.301
477	22.9754	40.3176
477	22.9467	40.3343
477	22.9181	40.351
477	22.8894	40.3676
477	22.8608	40.3843
477	22.8321	40.401
477	22.8035	40.4177
477	22.7749	40.4343
477	22.7462	40.451
477	22.7176	40.4677
477	22.6889	40.4843
477	22.6603	40.501
477	22.6316	40.5177
477	22.603	40.5343
477	22.5743	40.551
477	22.5457	40.5677
477	22.517	40.5844
477	22.4884	40.601
477	22.4597	40.6177
477	22.4311	40.6344
477	22.4024	40.651
477	22.3738	40.6677
477	22.3451	40.6844
477	22.3165	40.701
477	22.2878	40.7177
477	22.2592	40.7344
477	22.2305	40.7511
477	22.2019	40.7677
477	22.1733	40.7844
477	22.1446	40.8011
477	22.116	40.8177
477	22.0873	40.8344
477	22.0587	40.8511
477	22.03	40.8678
477	22.0014	40.8844
477	21.9727	40.9011
477	21.9441	40.9178
477	21.9154	40.9344
477	21.8868	40.9511
477	21.8581	40.9678
477	21.8295	40.9844
477	21.8008	41.0011
477	21.7722	41.0178
477	21.7435	41.0345
477	21.7149	41.0511
477	21.6862	41.0678
477	21.6576	41.0845
477	21.629	41.1011
477	21.6003	41.1178
477	21.5717	41.1345
477	21.543	41.1511
477	21.5144	41.1678
477	21.4857	41.1845
477	21.4571	41.2012
477	21.4284	41.2178
477	21.3998	41.2345
477	21.3711	41.2512
477	21.3425	41.2678
477	21.3138	41.2845
477	21.2852	41.3012
477	21.2565	41.3178
477	21.2279	41.3345
477	21.1992	41.3512
477	21.1706	41.3679
477	21.1419	41.3845
477	21.1133	41.4012
477	21.0847	41.4179
477	21.056	41.4345
477	21.0274	41.4512
477	20.9987	41.4679
477	20.9701	41.4846
477	20.9414	41.5012
477	20.9128	41.5179
477	20.8841	41.5346
477	20.8555	41.5512
477	20.8268	41.5679
477	20.7982	41.5846
477	20.7695	41.6012
477	20.7409	41.6179
477	20.7122	41.6346
477	20.6836	41.6513
477	20.6549	41.6679
477	20.6263	41.6846
477	20.5976	41.7013
477	20.569	41.7179
477	20.5403	41.7346
477	20.5117	41.7513
477	20.4831	41.7679
477	20.4544	41.7846
477	20.4258	41.8013
477	20.3971	41.818
477	20.3685	41.8346
477	20.3398	41.8513
477	20.3112	41.868
477	20.2825	41.8846
477	20.2539	41.9013
477	20.2252	41.918
477	20.1966	41.9346
477	20.1679	41.9513
477	20.1393	41.968
477	20.1106	41.9847
477	20.082	42.0013
477	20.0533	42.018
477	20.0247	42.0347
477	19.996	42.0513
477	19.9674	42.068
477	19.9388	42.0847
477	19.9101	42.1013
477	19.8815	42.118
477	19.8528	42.1347
477	19.8242	42.1514
477	19.7955	42.168
477	19.7669	42.1847
477	19.7382	42.2014
477	19.7096	42.218
477	19.6809	42.2347
477	19.6523	42.2514
477	19.6236	42.2681
477	19.595	42.2847
477	19.5663	42.3014
477	19.5377	42.3181
477	19.509	42.3347
477	19.4804	42.3514
477	19.4517	42.3681
477	19.4231	42.3847
477	19.3944	42.4014
477	19.3658	42.4181
477	19.3372	42.4348
477	19.3085	42.4514
477	19.2799	42.4681
477	19.2512	42.4848
477	19.2226	42.5014
477	19.1939	42.5181
477	19.1653	42.5348
477	19.1366	42.5514
477	19.108	42.5681
477	19.0793	42.5848
477	19.0507	42.6015
477	19.022	42.6181
477	18.9934	42.6348
477	18.9647	42.6515
477	18.9361	42.6681
477	18.9074	42.6848
477	18.8788	42.7015
477	18.8501	42.7181
477	18.8215	42.7348
477	18.7929	42.7515
477	18.7642	42.7682
477	18.7356	42.7848
477	18.7069	42.8015
477	18.6783	42.8182
477	18.6496	42.8348
477	18.621	42.8515
477	18.5923	42.8682
477	18.5637	42.8848
477	18.535	42.9015
477	18.5064	42.9182
477	18.4777	42.9349
477	18.4491	42.9515
477	18.4204	42.9682
477	18.3918	42.9849
477	18.3631	43.0015
477	18.3345	43.0182
477	18.3058	43.0349
477	18.2772	43.0516
477	18.2486	43.0682
477	18.2199	43.0849
477	18.1913	43.1016
477	18.1626	43.1182
477	18.134	43.1349
477	18.1053	43.1516
477	18.0767	43.1682
477	18.048	43.1849
477	18.0194	43.2016
477	17.9907	43.2183
477	17.9621	43.2349
477	17.9334	43.2516
477	17.9048	43.2683
477	17.8761	43.2849
477	17.8475	43.3016
477	17.8188	43.3183
477	17.7902	43.3349
477	17.7615	43.3516
477	17.7329	43.3683
477	17.7042	43.385
477	17.6756	43.4016
477	17.647	43.4183
477	17.6183	43.435
477	17.5897	43.4516
477	17.561	43.4683
477	17.5324	43.485
477	17.5037	43.5016
477	17.4751	43.5183
477	17.4464	43.535
477	17.4178	43.5517
477	17.3891	43.5683
477	17.3605	43.585
477	17.3318	43.6017
477	17.3032	43.6183
477	17.2745	43.635
477	17.2459	43.6517
477	17.2172	43.6684
477	17.1886	43.685
477	17.1599	43.7017
477	17.1313	43.7184
477	17.1026	43.735
477	17.074	43.7517
477	17.0454	43.7684
477	17.0167	43.785
477	16.9881	43.8017
477	16.9594	43.8184
477	16.9308	43.8351
477	16.9021	43.8517
477	16.8735	43.8684
477	16.8448	43.8851
477	16.8162	43.9017
477	16.7875	43.9184
477	16.7589	43.9351
477	16.7302	43.9517
477	16.7016	43.9684
477	16.6729	43.9851
477	16.6443	44.0018
477	16.6156	44.0184
477	16.587	44.0351
477	16.5583	44.0518
477	16.5297	44.0684
477	16.5011	44.0851
477	16.4724	44.1018
477	16.4438	44.1184
477	16.4151	44.1351
477	16.3865	44.1518
477	16.3578	44.1685
477	16.3292	44.1851
477	16.3005	44.2018
477	16.2719	44.2185
477	16.2432	44.2351
477	16.2146	44.2518
477	16.1859	44.2685
477	16.1573	44.2851
477	16.1286	44.3018
477	16.1	44.3185
477	16.0713	44.3352
477	16.0427	44.3518
477	16.014	44.3685
477	15.9854	44.3852
477	15.9568	44.4018
477	15.9281	44.4185
477	15.8995	44.4352
477	15.8708	44.4519
477	15.8422	44.4685
477	15.8135	44.4852
477	15.7849	44.5019
477	15.7562	44.5185
477	15.7276	44.5352
477	15.6989	44.5519
477	15.6703	44.5685
477	15.6416	44.5852
477	15.613	44.6019
477	15.5843	44.6186
477	15.5557	44.6352
477	15.527	44.6519
477	15.4984	44.6686
477	15.4697	44.6852
477	15.4411	44.7019
477	15.4124	44.7186
477	15.3838	44.7352
477	15.3552	44.7519
477	15.3265	44.7686
477	15.2979	44.7853
477	15.2692	44.8019
477	15.2406	44.8186
477	15.2119	44.8353
477	15.1833	44.8519
477	15.1546	44.8686
477	15.126	44.8853
477	15.0973	44.9019
477	15.0687	44.9186
477	15.04	44.9353
477	15.0114	44.952
477	14.9827	44.9686
477	14.9541	44.9853
477	14.9254	45.002
477	14.8968	45.0186
477	14.8681	45.0353
477	14.8395	45.052
477	14.8109	45.0686
477	14.7822	45.0853
477	14.7536	45.102
477	14.7249	45.1187
477	14.6963	45.1353
477	14.6676	45.152
477	14.639	45.1687
477	14.6103	45.1853
477	14.5817	45.202
477	14.553	45.2187
477	14.5244	45.2354
477	14.4957	45.252
477	14.4671	45.2687
477	14.4384	45.2854
477	14.4098	45.302
477	14.3811	45.3187
477	14.3525	45.3354
477	14.3238	45.352
477	14.2952	45.3687
477	14.2666	45.3854
477	14.2379	45.4021
477	14.2093	45.4187
477	14.1806	45.4354
477	14.152	45.4521
477	14.1233	45.4687
477	14.0947	45.4854
477	14.066	45.5021
477	14.0374	45.5187
477	14.0087	45.5354
477	13.9801	45.5521
477	13.9514	45.5688
477	13.9228	45.5854
477	13.8941	45.6021
477	13.8655	45.6188
477	13.8368	45.6354
477	13.8082	45.6521
477	13.7795	45.6688
477	13.7509	45.6854
477	13.7222	45.7021
477	13.6936	45.7188
477	13.665	45.7355
477	13.6363	45.7521
477	13.6077	45.7688
477	13.579	45.7855
477	13.5504	45.8021
477	13.5217	45.8188
477	13.4931	45.8355
477	13.4644	45.8521
477	13.4358	45.8688
477	13.4071	45.8855
477	13.3785	45.9022
477	13.3498	45.9188
477	13.3212	45.9355
477	13.2925	45.9522
477	13.2639	45.9688
477	13.2352	45.9855
477	13.2066	46.0022
477	13.1779	46.0189
477	13.1493	46.0355
477	13.1207	46.0522
477	13.092	46.0689
477	13.0634	46.0855
477	13.0347	46.1022
477	13.0061	46.1189
477	12.9774	46.1355
477	12.9488	46.1522
477	12.9201	46.1689
477	12.8915	46.1856
477	12.8628	46.2022
477	12.8342	46.2189
477	12.8055	46.2356
477	12.7769	46.2522
477	12.7482	46.2689
477	12.7196	46.2856
477	12.6909	46.3022
477	12.6623	46.3189
477	12.6336	46.3356
477	12.605	46.3523
477	12.5763	46.3689
477	12.5477	46.3856
477	12.5191	46.4023
477	12.4904	46.4189
477	12.4618	46.4356
477	12.4331	46.4523
477	12.4045	46.4689
477	12.3758	46.4856
477	12.3472	46.5023
477	12.3185	46.519
477	12.2899	46.5356
477	12.2612	46.5523
477	12.2326	46.569
477	12.2039	46.5856
477	12.1753	46.6023
477	12.1466	46.619
477	12.118	46.6357
477	12.0893	46.6523
477	12.0607	46.669
477	12.032	46.6857
477	12.0034	46.7023
477	11.9748	46.719
477	11.9461	46.7357
477	11.9175	46.7523
477	11.8888	46.769
477	11.8602	46.7857
477	11.8315	46.8024
477	11.8029	46.819
477	11.7742	46.8357
477	11.7456	46.8524
477	11.7169	46.869
477	11.6883	46.8857
477	11.6596	46.9024
477	11.631	46.919
477	11.6023	46.9357
477	11.5737	46.9524
477	11.545	46.9691
477	11.5164	46.9857
477	11.4877	47.0024
477	11.4591	47.0191
477	11.4304	47.0357
477	11.4018	47.0524
477	11.3732	47.0691
477	11.3445	47.0857
477	11.3159	47.1024
477	11.2872	47.1191
477	11.2586	47.1358
477	11.2299	47.1524
477	11.2013	47.1691
477	11.1726	47.1858
477	11.144	47.2024
477	11.1153	47.2191
477	11.0867	47.2358
477	11.058	47.2524
477	11.0294	47.2691
477	11.0007	47.2858
477	10.9721	47.3025
477	10.9434	47.3191
477	10.9148	47.3358
477	10.8861	47.3525
477	10.8575	47.3691
477	10.8289	47.3858
477	10.8002	47.4025
477	10.7716	47.4192
477	10.7429	47.4358
477	10.7143	47.4525
477	10.6856	47.4692
477	10.657	47.4858
477	10.6283	47.5025
477	10.5997	47.5192
477	10.571	47.5358
477	10.5424	47.5525
477	10.5137	47.5692
477	10.4851	47.5859
477	10.4564	47.6025
477	10.4278	47.6192
477	10.3991	47.6359
477	10.3705	47.6525
477	10.3418	47.6692
477	10.3132	47.6859
477	10.2845	47.7025
477	10.2559	47.7192
477	10.2273	47.7359
477	10.1986	47.7526
477	10.17	47.7692
477	10.1413	47.7859
477	10.1127	47.8026
477	10.084	47.8192
477	10.0554	47.8359
477	10.0267	47.8526
477	9.99808	47.8692
477	9.96943	47.8859
477	9.94078	47.9026
477	9.91213	47.9193
477	9.88348	47.9359
477	9.85484	47.9526
477	9.82619	47.9693
477	9.79754	47.9859
477	9.7689	48.0026
477	9.74025	48.0193
477	9.7116	48.0359
477	9.68295	48.0526
477	9.65431	48.0693
477	9.62566	48.086
477	9.59701	48.1026
477	9.56836	48.1193
477	9.53972	48.136
477	9.51107	48.1526
477	9.48242	48.1693
477	9.45377	48.186
477	9.42513	48.2027
477	9.39648	48.2193
477	9.36783	48.236
477	9.33918	48.2527
477	9.31054	48.2693
477	9.28189	48.286
477	9.25324	48.3027
477	9.22459	48.3193
477	9.19595	48.336
477	9.1673	48.3527
477	9.13865	48.3694
477	9.11	48.386
477	9.08136	48.4027
477	9.05271	48.4194
477	9.02406	48.436
477	8.99541	48.4527
477	8.96677	48.4694
477	8.93812	48.486
477	8.90947	48.5027
477	8.88082	48.5194
477	8.85218	48.5361
477	8.82353	48.5527
477	8.79488	48.5694
477	8.76623	48.5861
477	8.73759	48.6027
477	8.70894	48.6194
477	8.68029	48.6361
477	8.65164	48.6527
477	8.623	48.6694
477	8.59435	48.6861
477	8.5657	48.7028
477	8.53705	48.7194
477	8.50841	48.7361
477	8.47976	48.7528
477	8.45111	48.7694
477	8.42246	48.7861
477	8.39382	48.8028
477	8.36517	48.8195
477	8.33652	48.8361
477	8.30787	48.8528
477	8.27923	48.8695
477	8.25058	48.8861
477	8.22193	48.9028
477	8.19328	48.9195
477	8.16464	48.9361
477	8.13599	48.9528
477	8.10734	48.9695
477	8.07869	48.9862
477	8.05005	49.0028
477	8.0214	49.0195
477	7.99275	49.0362
477	7.9641	49.0528
477	7.93546	49.0695
477	7.90681	49.0862
477	7.87816	49.1028
477	7.84951	49.1195
477	7.82087	49.1362
477	7.79222	49.1529
477	7.76357	49.1695
477	7.73492	49.1862
477	7.70628	49.2029
477	7.67763	49.2195
477	7.64898	49.2362
477	7.62033	49.2529
477	7.59169	49.2695
477	7.56304	49.2862
477	7.53439	49.3029
477	7.50574	49.3196
477	7.4771	49.3362
477	7.44845	49.3529
477	7.4198	49.3696
477	7.39115	49.3862
477	7.36251	49.4029
477	7.33386	49.4196
477	7.30521	49.4362
477	7.27656	49.4529
477	7.24792	49.4696
477	7.21927	49.4863
477	7.19062	49.5029
477	7.16197	49.5196
477	7.13333	49.5363
477	7.10468	49.5529
477	7.07603	49.5696
477	7.04738	49.5863
477	7.01873	49.603
477	6.99009	49.6196
477	6.96144	49.6363
477	6.93279	49.653
477	6.90414	49.6696
477	6.8755	49.6863
477	6.84685	49.703
477	6.8182	49.7196
477	6.78955	49.7363
477	6.7609	49.753
477	6.73226	49.7697
477	6.70361	49.7863
477	6.67496	49.803
477	6.64631	49.8197
477	6.61766	49.8363
477	6.58902	49.853
477	6.56037	49.8697
477	6.53172	49.8863
477	6.50307	49.903
477	6.47442	49.9197
477	6.44578	49.9364
477	6.41713	49.953
477	6.38848	49.9697
477	6.35983	49.9864
477	6.33119	50.003
477	6.30254	50.0197
477	6.27389	50.0364
477	6.24524	50.053
477	6.21659	50.0697
477	6.18795	50.0864
477	6.1593	50.1031
477	6.13065	50.1197
477	6.102	50.1364
477	6.07335	50.1531
477	6.04471	50.1697
477	6.01606	50.1864
477	5.98741	50.2031
477	5.95876	50.2197
477	5.93011	50.2364
477	5.90147	50.2531
477	5.87282	50.2698
477	5.84417	50.2864
477	5.81552	50.3031
477	5.78687	50.3198
477	5.75823	50.3364
477	5.72958	50.3531
477	5.70093	50.3698
477	5.67228	50.3865
477	5.64364	50.4031
477	5.61499	50.4198
477	5.58634	50.4365
477	5.55769	50.4531
477	5.52904	50.4698
477	5.5004	50.4865
477	5.47175	50.5031
477	5.4431	50.5198
477	5.41445	50.5365
477	5.3858	50.5532
477	5.35716	50.5698
477	5.32851	50.5865
477	5.29986	50.6032
477	5.27121	50.6198
477	5.24256	50.6365
477	5.21392	50.6532
477	5.18527	50.6698
477	5.15662	50.6865
477	5.12797	50.7032
477	5.09933	50.7199
477	5.07068	50.7365
477	5.04203	50.7532
477	5.01338	50.7699
477	4.98473	50.7865
477	4.95609	50.8032
477	4.92744	50.8199
477	4.89879	50.8365
477	4.87014	50.8532
477	4.84149	50.8699
477	4.81285	50.8866
477	4.7842	50.9032
477	4.75555	50.9199
477	4.7269	50.9366
477	4.69825	50.9532
477	4.66961	50.9699
477	4.64096	50.9866
477	4.61231	51.0033
477	4.58366	51.0199
477	4.55501	51.0366
477	4.52637	51.0533
477	4.49772	51.0699
477	4.46907	51.0866
477	4.44042	51.1033
477	4.41178	51.1199
477	4.38313	51.1366
477	4.35448	51.1533
477	4.32583	51.17
477	4.29718	51.1866
477	4.26854	51.2033
477	4.23989	51.22
477	4.21124	51.2366
477	4.18259	51.2533
477	4.15394	51.27
477	4.1253	51.2866
477	4.09665	51.3033
477	4.068	51.32
477	4.03935	51.3367
477	4.0107	51.3533
477	3.98206	51.37
477	3.95341	51.3867
477	3.92476	51.4033
477	3.89611	51.42
477	3.86747	51.4367
477	3.83882	51.4533
477	3.81017	51.47
477	3.78152	51.4867
477	3.75287	51.5034
477	3.72423	51.52
477	3.69558	51.5367
477	3.66693	51.5534
477	3.63828	51.57
477	3.60963	51.5867
477	3.58099	51.6034
477	3.55234	51.62
477	3.52369	51.6367
477	3.49504	51.6534
477	3.46639	51.6701
477	3.43775	51.6867
477	3.4091	51.7034
477	3.38045	51.7201
477	3.3518	51.7367
477	3.32315	51.7534
477	3.29451	51.7701
477	3.26586	51.7868
477	3.23721	51.8034
477	3.20856	51.8201
477	3.17992	51.8368
477	3.15127	51.8534
477	3.12262	51.8701
477	3.09397	51.8868
477	3.06532	51.9034
477	3.03668	51.9201
477	3.00803	51.9368
477	2.97938	51.9535
477	2.95073	51.9701
477	2.92208	51.9868
477	2.89344	52.0035
477	2.86479	52.0201
477	2.83614	52.0368
477	2.80749	52.0535
477	2.77884	52.0701
477	2.7502	52.0868
477	2.72155	52.1035
477	2.6929	52.1202
477	2.66425	52.1368
477	2.63561	52.1535
477	2.60696	52.1702
477	2.57831	52.1868
477	2.54966	52.2035
477	2.52101	52.2202
477	2.49237	52.2368
477	2.46372	52.2535
477	2.43507	52.2702
477	2.40642	52.2869
477	2.37777	52.3035
477	2.34913	52.3202
477	2.32048	52.3369
477	2.29183	52.3535
477	2.26318	52.3702
477	2.23453	52.3869
477	2.20589	52.4035
477	2.17724	52.4202
477	2.14859	52.4369
477	2.11994	52.4536
477	2.09129	52.4702
477	2.06265	52.4869
477	2.034	52.5036
477	2.00535	52.5202
477	1.9767	52.5369
477	1.94806	52.5536
477	1.91941	52.5703
477	1.89076	52.5869
477	1.86211	52.6036
477	1.83346	52.6203
477	1.80482	52.6369
477	1.77617	52.6536
477	1.74752	52.6703
477	1.71887	52.6869
477	1.69022	52.7036
477	1.66158	52.7203
477	1.63293	52.737
477	1.60428	52.7536
477	1.57563	52.7703
477	1.54699	52.787
477	1.51834	52.8036
477	1.48969	52.8203
477	1.46104	52.837
477	1.43239	52.8536
477	1.40375	52.8703
477	1.3751	52.887
477	1.34645	52.9037
477	1.3178	52.9203
477	1.28916	52.937
477	1.26051	52.9537
477	1.23186	52.9703
477	1.20321	52.987
477	1.17456	53.0037
477	1.14592	53.0203
477	1.11727	53.037
477	1.08862	53.0537
477	1.05997	53.0704
477	1.03132	53.087
477	1.00268	53.1037
477	0.974029	53.1204
477	0.945382	53.137
477	0.916734	53.1537
477	0.888086	53.1704
477	0.859438	53.187
477	0.83079	53.2037
477	0.802142	53.2204
477	0.773495	53.2371
477	0.744847	53.2537
477	0.716199	53.2704
477	0.687551	53.2871
477	0.658903	53.3037
477	0.630255	53.3204
477	0.601607	53.3371
477	0.57296	53.3538
477	0.544312	53.3704
477	0.515664	53.3871
477	0.487016	53.4038
477	0.458368	53.4204
477	0.42972	53.4371
477	0.401072	53.4538
477	0.372425	53.4704
477	0.343777	53.4871
477	0.315129	53.5038
477	0.286481	53.5205
477	0.257833	53.5371
477	0.229185	53.5538
477	0.200537	53.5705
477	0.17189	53.5871
477	0.143242	53.6038
477	0.114594	53.6205
477	0.085946	53.6371
477	0.0572982	53.6538
477	0.0286503	53.6705
477	2.46127e-06	53.6872
477	-0.0286454	53.7038
477	0	53.7205
477	0	53.7372
477	0	53.7538
477	0	53.7705
477	0	53.7872
477	0	53.8038
477	0	53.8205
477	0	53.8372
477	0	53.8539
477	0	53.8705
477	0	53.8872
477	0	53.9039
477	0	53.9205
477	0	53.9372
477	0	53.9539
477	0	53.9706
477	0	53.9872
477	0	54.0039
477	0	54.0206
477	0	54.0372
477	0	54.0539
477	0	54.0706
477	0	54.0872
477	0	54.1039
477	0	54.1206
477	0	54.1373
477	0	54.1539
477	0	54.1706
477	0	54.1873
477	0	54.2039
477	0	54.2206
477	0	54.2373
477	0	54.2539
477	0	54.2706
477	0	54.2873
477	0	54.304
477	0	54.3206
477	0	54.3373
477	0	54.354
477	0	54.3706
477	0	54.3873
477	0	54.404
477	0	54.4206
477	0	54.4373
477	0	54.454
477	0	54.4707
477	0	54.4873
477	0	54.504
477	0	54.5207
477	0	54.5373
477	0	54.554
477	0	54.5707
477	0	54.5873
477	0	54.604
477	0	54.6207
477	0	54.6374
477	0	54.654
477	0	54.6707
477	0	54.6874
477	0	54.704
