inside_count	theta (degrees)	time (s)
13613	0.0286479	0.0165482
13613	0.0572957	0.0332146
13613	0.0859435	0.049881
13613	0.114591	0.0665474
13613	0.143239	0.0832138
13613	0.171887	0.0998802
13613	0.200535	0.116547
13613	0.229183	0.133213
13613	0.257831	0.149879
13610	0.286479	0.166546
13604	0.315126	0.183212
13604	0.343774	0.199879
13604	0.372422	0.216545
13604	0.40107	0.233212
13604	0.429718	0.249878
13604	0.458366	0.266544
13604	0.487013	0.283211
13604	0.515661	0.299877
13604	0.544309	0.316544
13604	0.572957	0.33321
13604	0.601605	0.349876
13604	0.630253	0.366543
13604	0.658901	0.383209
13604	0.687548	0.399876
13604	0.716196	0.416542
13604	0.744844	0.433208
13604	0.773492	0.449875
13604	0.80214	0.466541
13604	0.830788	0.483208
13604	0.859436	0.499874
13604	0.888083	0.516541
13604	0.916731	0.533207
13604	0.945379	0.549873
13604	0.974027	0.56654
13604	1.00267	0.583206
13604	1.03132	0.599873
13604	1.05997	0.616539
13604	1.08862	0.633205
13604	1.11727	0.649872
13604	1.14591	0.666538
13604	1.17456	0.683205
13604	1.20321	0.699871
13604	1.23186	0.716537
13604	1.2605	0.733204
13604	1.28915	0.74987
13604	1.3178	0.766537
13604	1.34645	0.783203
13604	1.3751	0.79987
13604	1.40374	0.816536
13604	1.43239	0.833202
13604	1.46104	0.849869
13604	1.48969	0.866535
13604	1.51834	0.883202
13604	1.54698	0.899868
13604	1.57563	0.916534
13604	1.60428	0.933201
13604	1.63293	0.949867
13604	1.66157	0.966534
13604	1.69022	0.9832
13604	1.71887	0.999866
13602	1.74752	1.01653
13602	1.77617	1.0332
13602	1.80481	1.04987
13602	1.83346	1.06653
13602	1.86211	1.0832
13602	1.89076	1.09986
13602	1.9194	1.11653
13602	1.94805	1.1332
13602	1.9767	1.14986
13602	2.00535	1.16653
13602	2.034	1.1832
13602	2.06264	1.19986
13602	2.09129	1.21653
13602	2.11994	1.2332
13602	2.14859	1.24986
13602	2.17724	1.26653
13602	2.20588	1.2832
13602	2.23453	1.29986
13602	2.26318	1.31653
13602	2.29183	1.33319
13602	2.32048	1.34986
13602	2.34912	1.36653
13602	2.37777	1.38319
13602	2.40642	1.39986
13602	2.43507	1.41653
13602	2.46372	1.43319
13602	2.49236	1.44986
13602	2.52101	1.46653
13602	2.54966	1.48319
13602	2.57831	1.49986
13602	2.60695	1.51653
13602	2.6356	1.53319
13602	2.66425	1.54986
13602	2.6929	1.56652
13602	2.72155	1.58319
13602	2.75019	1.59986
13602	2.77884	1.61652
13602	2.80749	1.63319
13602	2.83614	1.64986
13602	2.86479	1.66652
13602	2.89343	1.68319
13602	2.92208	1.69986
13602	2.95073	1.71652
13602	2.97938	1.73319
13602	3.00803	1.74986
13602	3.03667	1.76652
13602	3.06532	1.78319
13602	3.09397	1.79985
13602	3.12262	1.81652
13602	3.15126	1.83319
13602	3.17991	1.84985
13602	3.20856	1.86652
13602	3.23721	1.88319
13602	3.26586	1.89985
13602	3.2945	1.91652
13602	3.32315	1.93319
13602	3.3518	1.94985
13602	3.38045	1.96652
13602	3.4091	1.98318
13602	3.43774	1.99985
13602	3.46639	2.01652
13601	3.49504	2.03318
13601	3.52369	2.04985
13601	3.55234	2.06652
13601	3.58098	2.08318
13601	3.60963	2.09985
13601	3.63828	2.11652
13601	3.66693	2.13318
13601	3.69557	2.14985
13601	3.72422	2.16652
13601	3.75287	2.18318
13601	3.78152	2.19985
13601	3.81017	2.21651
13601	3.83881	2.23318
13601	3.86746	2.24985
13601	3.89611	2.26651
13601	3.92476	2.28318
13601	3.95341	2.29985
13597	3.98205	2.31651
13596	4.0107	2.33318
13596	4.03935	2.34985
13596	4.068	2.36651
13596	4.09665	2.38318
13596	4.12529	2.39985
13596	4.15394	2.41651
13596	4.18259	2.43318
13596	4.21124	2.44984
13596	4.23989	2.46651
13596	4.26853	2.48318
13596	4.29718	2.49984
13596	4.32583	2.51651
13596	4.35448	2.53318
13596	4.38312	2.54984
13596	4.41177	2.56651
13596	4.44042	2.58318
13596	4.46907	2.59984
13596	4.49772	2.61651
13596	4.52636	2.63317
13596	4.55501	2.64984
13596	4.58366	2.66651
13596	4.61231	2.68317
13596	4.64096	2.69984
13596	4.6696	2.71651
13596	4.69825	2.73317
13596	4.7269	2.74984
13596	4.75555	2.76651
13596	4.7842	2.78317
13596	4.81284	2.79984
13596	4.84149	2.81651
13596	4.87014	2.83317
13596	4.89879	2.84984
13595	4.92743	2.8665
13593	4.95608	2.88317
13592	4.98473	2.89984
13592	5.01338	2.9165
13592	5.04203	2.93317
13592	5.07067	2.94984
13585	5.09932	2.9665
13585	5.12797	2.98317
13585	5.15662	2.99984
13585	5.18527	3.0165
13585	5.21391	3.03317
13585	5.24256	3.04984
13585	5.27121	3.0665
13585	5.29986	3.08317
13585	5.32851	3.09983
13585	5.35715	3.1165
13585	5.3858	3.13317
13585	5.41445	3.14983
13585	5.4431	3.1665
13585	5.47175	3.18317
13585	5.50039	3.19983
13585	5.52904	3.2165
13585	5.55769	3.23317
13585	5.58634	3.24983
13585	5.61498	3.2665
13585	5.64363	3.28316
13585	5.67228	3.29983
13585	5.70093	3.3165
13585	5.72958	3.33316
13585	5.75822	3.34983
13585	5.78687	3.3665
13585	5.81552	3.38316
13585	5.84417	3.39983
13585	5.87282	3.4165
13585	5.90146	3.43316
13585	5.93011	3.44983
13585	5.95876	3.4665
13585	5.98741	3.48316
13585	6.01606	3.49983
13585	6.0447	3.51649
13585	6.07335	3.53316
13585	6.102	3.54983
13585	6.13065	3.56649
13585	6.1593	3.58316
13585	6.18794	3.59983
13585	6.21659	3.61649
13585	6.24524	3.63316
13585	6.27389	3.64983
13585	6.30253	3.66649
13585	6.33118	3.68316
13585	6.35983	3.69983
13585	6.38848	3.71649
13585	6.41713	3.73316
13585	6.44577	3.74982
13585	6.47442	3.76649
13585	6.50307	3.78316
13585	6.53172	3.79982
13585	6.56037	3.81649
13585	6.58901	3.83316
13585	6.61766	3.84982
13585	6.64631	3.86649
13585	6.67496	3.88316
13585	6.70361	3.89982
13585	6.73225	3.91649
13585	6.7609	3.93316
13585	6.78955	3.94982
13585	6.8182	3.96649
13584	6.84685	3.98315
13584	6.87549	3.99982
13584	6.90414	4.01649
13584	6.93279	4.03315
13584	6.96144	4.04982
13584	6.99008	4.06649
13584	7.01873	4.08315
13584	7.04738	4.09982
13584	7.07603	4.11649
13584	7.10468	4.13315
13581	7.13332	4.14982
13580	7.16197	4.16648
13580	7.19062	4.18315
13580	7.21927	4.19982
13580	7.24791	4.21648
13580	7.27656	4.23315
13580	7.30521	4.24982
13580	7.33386	4.26648
13580	7.3625	4.28315
13579	7.39115	4.29982
13579	7.4198	4.31648
13579	7.44845	4.33315
13579	7.47709	4.34982
13579	7.50574	4.36648
13579	7.53439	4.38315
13579	7.56304	4.39981
13579	7.59168	4.41648
13579	7.62033	4.43315
13579	7.64898	4.44981
13579	7.67763	4.46648
13579	7.70627	4.48315
13579	7.73492	4.49981
13579	7.76357	4.51648
13579	7.79222	4.53315
13579	7.82086	4.54981
13579	7.84951	4.56648
13579	7.87816	4.58315
13579	7.90681	4.59981
13579	7.93545	4.61648
13579	7.9641	4.63314
13579	7.99275	4.64981
13579	8.0214	4.66648
13579	8.05004	4.68314
13579	8.07869	4.69981
13579	8.10734	4.71648
13579	8.13599	4.73314
13579	8.16463	4.74981
13579	8.19328	4.76648
13579	8.22193	4.78314
13579	8.25058	4.79981
13579	8.27922	4.81647
13579	8.30787	4.83314
13579	8.33652	4.84981
13579	8.36517	4.86647
13579	8.39381	4.88314
13579	8.42246	4.89981
13579	8.45111	4.91647
13579	8.47976	4.93314
13579	8.5084	4.94981
13579	8.53705	4.96647
13579	8.5657	4.98314
13579	8.59435	4.99981
13579	8.62299	5.01647
13579	8.65164	5.03314
13579	8.68029	5.0498
13579	8.70894	5.06647
13579	8.73758	5.08314
13579	8.76623	5.0998
13579	8.79488	5.11647
13579	8.82353	5.13314
13579	8.85217	5.1498
13579	8.88082	5.16647
13579	8.90947	5.18314
13579	8.93812	5.1998
13579	8.96676	5.21647
13579	8.99541	5.23314
13579	9.02406	5.2498
13579	9.05271	5.26647
13579	9.08135	5.28313
13579	9.11	5.2998
13579	9.13865	5.31647
13579	9.1673	5.33313
13579	9.19594	5.3498
13579	9.22459	5.36647
13579	9.25324	5.38313
13579	9.28189	5.3998
13579	9.31053	5.41647
13579	9.33918	5.43313
13579	9.36783	5.4498
13579	9.39648	5.46646
13579	9.42512	5.48313
13579	9.45377	5.4998
13579	9.48242	5.51646
13579	9.51107	5.53313
13579	9.53971	5.5498
13579	9.56836	5.56646
13579	9.59701	5.58313
13579	9.62566	5.5998
13579	9.6543	5.61646
13579	9.68295	5.63313
13579	9.7116	5.6498
13579	9.74024	5.66646
13579	9.76889	5.68313
13579	9.79754	5.69979
13579	9.82619	5.71646
13579	9.85484	5.73313
13579	9.88348	5.74979
13579	9.91213	5.76646
13579	9.94078	5.78313
13579	9.96943	5.79979
13579	9.99807	5.81646
13579	10.0267	5.83313
13579	10.0554	5.84979
13579	10.084	5.86646
13579	10.1127	5.88313
13579	10.1413	5.89979
13579	10.17	5.91646
13579	10.1986	5.93312
13579	10.2273	5.94979
13579	10.2559	5.96646
13579	10.2845	5.98312
13579	10.3132	5.99979
13579	10.3418	6.01646
13579	10.3705	6.03312
13579	10.3991	6.04979
13579	10.4278	6.06646
13579	10.4564	6.08312
13579	10.4851	6.09979
13579	10.5137	6.11646
13579	10.5424	6.13312
13579	10.571	6.14979
13579	10.5997	6.16645
13579	10.6283	6.18312
13579	10.657	6.19979
13579	10.6856	6.21645
13579	10.7143	6.23312
13579	10.7429	6.24979
13579	10.7716	6.26645
13578	10.8002	6.28312
13578	10.8288	6.29979
13578	10.8575	6.31645
13578	10.8861	6.33312
13578	10.9148	6.34978
13578	10.9434	6.36645
13578	10.9721	6.38312
13578	11.0007	6.39978
13578	11.0294	6.41645
13578	11.058	6.43312
13578	11.0867	6.44978
13578	11.1153	6.46645
13578	11.144	6.48312
13578	11.1726	6.49978
13578	11.2013	6.51645
13578	11.2299	6.53312
13578	11.2586	6.54978
13578	11.2872	6.56645
13578	11.3159	6.58311
13578	11.3445	6.59978
13578	11.3732	6.61645
13578	11.4018	6.63311
13578	11.4304	6.64978
13578	11.4591	6.66645
13578	11.4877	6.68311
13578	11.5164	6.69978
13578	11.545	6.71645
13578	11.5737	6.73311
13578	11.6023	6.74978
13578	11.631	6.76645
13578	11.6596	6.78311
13578	11.6883	6.79978
13578	11.7169	6.81644
13578	11.7456	6.83311
13571	11.7742	6.84978
13566	11.8029	6.86644
13566	11.8315	6.88311
13566	11.8602	6.89978
13566	11.8888	6.91644
13566	11.9175	6.93311
13566	11.9461	6.94978
13565	11.9747	6.96644
13562	12.0034	6.98311
13559	12.032	6.99977
13557	12.0607	7.01644
13555	12.0893	7.03311
13549	12.118	7.04977
13546	12.1466	7.06644
13545	12.1753	7.08311
13545	12.2039	7.09977
13545	12.2326	7.11644
13545	12.2612	7.13311
13545	12.2899	7.14977
13545	12.3185	7.16644
13545	12.3472	7.18311
13545	12.3758	7.19977
13541	12.4045	7.21644
13528	12.4331	7.2331
13525	12.4618	7.24977
13525	12.4904	7.26644
13525	12.5191	7.2831
13525	12.5477	7.29977
13525	12.5763	7.31644
13525	12.605	7.3331
13525	12.6336	7.34977
13520	12.6623	7.36644
13508	12.6909	7.3831
13507	12.7196	7.39977
13506	12.7482	7.41644
13500	12.7769	7.4331
13500	12.8055	7.44977
13500	12.8342	7.46643
13495	12.8628	7.4831
13488	12.8915	7.49977
13488	12.9201	7.51643
13488	12.9488	7.5331
13487	12.9774	7.54977
13483	13.0061	7.56643
13476	13.0347	7.5831
13471	13.0634	7.59977
13470	13.092	7.61643
13470	13.1206	7.6331
13469	13.1493	7.64977
13462	13.1779	7.66643
13453	13.2066	7.6831
13453	13.2352	7.69976
13453	13.2639	7.71643
13453	13.2925	7.7331
13453	13.3212	7.74976
13451	13.3498	7.76643
13440	13.3785	7.7831
13436	13.4071	7.79976
13427	13.4358	7.81643
13427	13.4644	7.8331
13427	13.4931	7.84976
13427	13.5217	7.86643
13426	13.5504	7.88309
13417	13.579	7.89976
13412	13.6077	7.91643
13412	13.6363	7.93309
13407	13.665	7.94976
13400	13.6936	7.96643
13400	13.7222	7.98309
13400	13.7509	7.99976
13400	13.7795	8.01643
13396	13.8082	8.03309
13390	13.8368	8.04976
13382	13.8655	8.06643
13378	13.8941	8.08309
13374	13.9228	8.09976
13367	13.9514	8.11642
13364	13.9514	8.13309
13359	13.9514	8.14976
13354	13.9514	8.16642
13353	13.9514	8.18309
13353	13.9514	8.19976
13348	13.9514	8.21642
13340	13.9514	8.23309
13334	13.9514	8.24976
13331	13.9514	8.26642
13324	13.9514	8.28309
13322	13.9514	8.29976
13319	13.9514	8.31642
13311	13.9514	8.33309
13301	13.9514	8.34975
13300	13.9514	8.36642
13300	13.9514	8.38309
13300	13.9514	8.39975
13297	13.9514	8.41642
13288	13.9514	8.43309
13283	13.9514	8.44975
13279	13.9514	8.46642
13274	13.9514	8.48309
13273	13.9514	8.49975
13267	13.9514	8.51642
13260	13.9514	8.53308
13258	13.9514	8.54975
13251	13.9514	8.56642
13244	13.9514	8.58308
13239	13.9514	8.59975
13233	13.9514	8.61642
13227	13.9514	8.63308
13223	13.9514	8.64975
13217	13.9514	8.66642
13212	13.9514	8.68308
13204	13.9514	8.69975
13197	13.9514	8.71642
13191	13.9514	8.73308
13191	13.9514	8.74975
13190	13.9514	8.76641
13184	13.9514	8.78308
13176	13.9514	8.79975
13169	13.9514	8.81641
13167	13.9514	8.83308
13166	13.9514	8.84975
13162	13.9514	8.86641
13154	13.9514	8.88308
13150	13.9514	8.89975
13143	13.9514	8.91641
13136	13.9514	8.93308
13129	13.9514	8.94975
13123	13.9514	8.96641
13118	13.9514	8.98308
13110	13.9514	8.99974
13104	13.9514	9.01641
13101	13.9514	9.03308
13091	13.9514	9.04974
13084	13.9514	9.06641
13079	13.9514	9.08308
13072	13.9514	9.09974
13066	13.9514	9.11641
13057	13.9514	9.13308
13053	13.9514	9.14974
13048	13.9514	9.16641
13041	13.9514	9.18307
13036	13.9514	9.19974
13030	13.9514	9.21641
13023	13.9514	9.23307
13015	13.9514	9.24974
13011	13.9514	9.26641
13004	13.9514	9.28307
12996	13.9514	9.29974
12988	13.9514	9.31641
12981	13.9514	9.33307
12975	13.9514	9.34974
12970	13.9514	9.36641
12964	13.9514	9.38307
12956	13.9514	9.39974
12951	13.9514	9.4164
12948	13.9514	9.43307
12944	13.9514	9.44974
12935	13.9514	9.4664
12930	13.9514	9.48307
12924	13.9514	9.49974
12916	13.9514	9.5164
12908	13.9514	9.53307
12898	13.9514	9.54974
12888	13.9514	9.5664
12881	13.9514	9.58307
12879	13.9514	9.59974
12874	13.9514	9.6164
12864	13.9514	9.63307
12858	13.9514	9.64973
12852	13.9514	9.6664
12846	13.9514	9.68307
12838	13.9514	9.69973
12831	13.9514	9.7164
12824	13.9514	9.73307
12817	13.9514	9.74973
12810	13.9514	9.7664
12803	13.9514	9.78307
12797	13.9514	9.79973
12791	13.9514	9.8164
12782	13.9514	9.83307
12775	13.9514	9.84973
12768	13.9514	9.8664
12760	13.9514	9.88306
12753	13.9514	9.89973
12746	13.9514	9.9164
12741	13.9514	9.93306
12735	13.9228	9.94973
12726	13.8941	9.9664
12716	13.8655	9.98306
12711	13.8368	9.99973
12700	13.8082	10.0164
12691	13.7795	10.0331
12686	13.7509	10.0497
12680	13.7222	10.0664
12672	13.6936	10.0831
12664	13.665	10.0997
12660	13.6363	10.1164
12653	13.6077	10.1331
12647	13.579	10.1497
12638	13.5504	10.1664
12633	13.5217	10.1831
12626	13.4931	10.1997
12616	13.4644	10.2164
12610	13.4358	10.2331
12606	13.4071	10.2497
12598	13.3785	10.2664
12592	13.3498	10.2831
12584	13.3212	10.2997
12577	13.2925	10.3164
12570	13.2639	10.3331
12562	13.2352	10.3497
12559	13.2066	10.3664
12554	13.1779	10.3831
12548	13.1493	10.3997
12542	13.1206	10.4164
12534	13.092	10.4331
12523	13.0634	10.4497
12513	13.0347	10.4664
12505	13.0061	10.4831
12503	12.9774	10.4997
12496	12.9488	10.5164
12490	12.9201	10.5331
12480	12.8915	10.5497
12472	12.8628	10.5664
12463	12.8342	10.5831
12457	12.8055	10.5997
12448	12.7769	10.6164
12440	12.7482	10.6331
12434	12.7196	10.6497
12429	12.6909	10.6664
12421	12.6623	10.6831
12416	12.6336	10.6997
12402	12.605	10.7164
12396	12.5763	10.7331
12390	12.5477	10.7497
12388	12.5191	10.7664
12378	12.4904	10.7831
12372	12.4618	10.7997
12367	12.4331	10.8164
12361	12.4045	10.833
12353	12.3758	10.8497
12347	12.3472	10.8664
12342	12.3185	10.883
12337	12.2899	10.8997
12330	12.2612	10.9164
12324	12.2326	10.933
12318	12.2039	10.9497
12315	12.1753	10.9664
12309	12.1466	10.983
12306	12.118	10.9997
12304	12.0893	11.0164
12296	12.0607	11.033
12291	12.032	11.0497
12284	12.0034	11.0664
12276	11.9747	11.083
12271	11.9461	11.0997
12263	11.9175	11.1164
12260	11.8888	11.133
12254	11.8602	11.1497
12247	11.8315	11.1664
12243	11.8029	11.183
12243	11.7742	11.1997
12239	11.7456	11.2164
12234	11.7169	11.233
12225	11.6883	11.2497
12223	11.6596	11.2664
12222	11.631	11.283
12215	11.6023	11.2997
12212	11.5737	11.3164
12207	11.545	11.333
12199	11.5164	11.3497
12196	11.4877	11.3664
12193	11.4591	11.383
12186	11.4304	11.3997
12183	11.4018	11.4164
12183	11.3732	11.433
12178	11.3445	11.4497
12169	11.3159	11.4664
12166	11.2872	11.483
12160	11.2586	11.4997
12155	11.2299	11.5164
12153	11.2013	11.533
12147	11.1726	11.5497
12137	11.144	11.5664
12132	11.1153	11.583
12129	11.0867	11.5997
12124	11.058	11.6164
12121	11.0294	11.633
12114	11.0007	11.6497
12110	10.9721	11.6664
12110	10.9434	11.683
12110	10.9148	11.6997
12101	10.8861	11.7164
12099	10.8575	11.733
12099	10.8288	11.7497
12096	10.8002	11.7664
12087	10.7716	11.783
12079	10.7429	11.7997
12076	10.7143	11.8164
12075	10.6856	11.833
12068	10.657	11.8497
12066	10.6283	11.8664
12065	10.5997	11.883
12058	10.571	11.8997
12052	10.5424	11.9164
12049	10.5137	11.933
12048	10.4851	11.9497
12043	10.4564	11.9664
12036	10.4278	11.983
12035	10.3991	11.9997
12035	10.3705	12.0164
12024	10.3418	12.033
12024	10.3132	12.0497
12024	10.2845	12.0664
12023	10.2559	12.083
12023	10.2273	12.0997
12023	10.1986	12.1164
12013	10.17	12.133
12004	10.1413	12.1497
12004	10.1127	12.1664
12004	10.084	12.183
12000	10.0554	12.1997
11989	10.0267	12.2164
11989	9.99807	12.233
11989	9.96943	12.2497
11989	9.94078	12.2664
11989	9.91213	12.283
11979	9.88348	12.2997
11976	9.85484	12.3164
11976	9.82619	12.333
11975	9.79754	12.3497
11969	9.76889	12.3664
11959	9.74024	12.383
11957	9.7116	12.3997
11957	9.68295	12.4164
11957	9.6543	12.433
11955	9.62566	12.4497
11948	9.59701	12.4664
11945	9.56836	12.483
11943	9.53971	12.4997
11943	9.51107	12.5164
11943	9.48242	12.533
11938	9.45377	12.5497
11928	9.42512	12.5664
11928	9.39648	12.583
11928	9.36783	12.5997
11928	9.33918	12.6164
11924	9.31053	12.633
11915	9.28189	12.6497
11915	9.25324	12.6664
11915	9.22459	12.683
11915	9.19594	12.6997
11906	9.1673	12.7164
11896	9.13865	12.733
11895	9.11	12.7497
11895	9.08135	12.7664
11895	9.05271	12.783
11895	9.02406	12.7997
11895	8.99541	12.8164
11895	8.96676	12.833
11895	8.93812	12.8497
11882	8.90947	12.8664
11881	8.88082	12.883
11879	8.85217	12.8997
11874	8.82353	12.9164
11874	8.79488	12.933
11874	8.76623	12.9497
11873	8.73758	12.9664
11867	8.70894	12.983
11867	8.68029	12.9997
11867	8.65164	13.0163
11857	8.62299	13.033
11855	8.59435	13.0497
11855	8.5657	13.0663
11855	8.53705	13.083
11855	8.5084	13.0997
11855	8.47976	13.1163
11855	8.45111	13.133
11855	8.42246	13.1497
11855	8.39381	13.1663
11851	8.36517	13.183
11844	8.33652	13.1997
11844	8.30787	13.2163
11844	8.27922	13.233
11844	8.25058	13.2497
11839	8.22193	13.2663
11832	8.19328	13.283
11832	8.16463	13.2997
11832	8.13599	13.3163
11832	8.10734	13.333
11832	8.07869	13.3497
11832	8.05004	13.3663
11832	8.0214	13.383
11832	7.99275	13.3997
11830	7.9641	13.4163
11828	7.93545	13.433
11828	7.90681	13.4497
11828	7.87816	13.4663
11828	7.84951	13.483
11824	7.82086	13.4997
11821	7.79222	13.5163
11820	7.76357	13.533
11820	7.73492	13.5497
11820	7.70627	13.5663
11820	7.67763	13.583
11820	7.64898	13.5997
11820	7.62033	13.6163
11820	7.59168	13.633
11820	7.56304	13.6497
11820	7.53439	13.6663
11820	7.50574	13.683
11817	7.47709	13.6997
11813	7.44845	13.7163
11813	7.4198	13.733
11813	7.39115	13.7497
11813	7.3625	13.7663
11813	7.33386	13.783
11813	7.30521	13.7997
11813	7.27656	13.8163
11813	7.24791	13.833
11813	7.21927	13.8497
11813	7.19062	13.8663
11813	7.16197	13.883
11812	7.13332	13.8997
11808	7.10468	13.9163
11807	7.07603	13.933
11807	7.04738	13.9497
11807	7.01873	13.9663
11807	6.99008	13.983
11807	6.96144	13.9997
11807	6.93279	14.0163
11807	6.90414	14.033
11807	6.87549	14.0497
11807	6.84685	14.0663
11807	6.8182	14.083
11807	6.78955	14.0997
11807	6.7609	14.1163
11807	6.73225	14.133
11807	6.70361	14.1497
11807	6.67496	14.1663
11807	6.64631	14.183
11807	6.61766	14.1997
11807	6.58901	14.2163
11807	6.56037	14.233
11807	6.53172	14.2497
11807	6.50307	14.2663
11807	6.47442	14.283
11807	6.44577	14.2997
11807	6.41713	14.3163
11807	6.38848	14.333
11807	6.35983	14.3497
11807	6.33118	14.3663
11807	6.30253	14.383
11807	6.27389	14.3997
11807	6.24524	14.4163
11807	6.21659	14.433
11807	6.18794	14.4497
11807	6.1593	14.4663
11807	6.13065	14.483
11807	6.102	14.4997
11807	6.07335	14.5163
11807	6.0447	14.533
11807	6.01606	14.5497
11807	5.98741	14.5663
11807	5.95876	14.583
11807	5.93011	14.5997
11807	5.90146	14.6163
11807	5.87282	14.633
11807	5.84417	14.6497
11807	5.81552	14.6663
11807	5.78687	14.683
11807	5.75822	14.6997
11807	5.72958	14.7163
11807	5.70093	14.733
11807	5.67228	14.7497
11807	5.64363	14.7663
11807	5.61498	14.783
11807	5.58634	14.7997
11807	5.55769	14.8163
11807	5.52904	14.833
11807	5.50039	14.8497
11807	5.47175	14.8663
11807	5.4431	14.883
11807	5.41445	14.8997
11807	5.3858	14.9163
11807	5.35715	14.933
11807	5.32851	14.9497
11807	5.29986	14.9663
11807	5.27121	14.983
11807	5.24256	14.9997
11807	5.21391	15.0163
11807	5.18527	15.033
11807	5.15662	15.0497
11807	5.12797	15.0663
11807	5.09932	15.083
11807	5.07067	15.0997
11807	5.04203	15.1163
11807	5.01338	15.133
11807	4.98473	15.1497
11807	4.95608	15.1663
11807	4.92743	15.183
11807	4.89879	15.1996
11807	4.87014	15.2163
11807	4.84149	15.233
11807	4.81284	15.2496
11807	4.7842	15.2663
11807	4.75555	15.283
11807	4.7269	15.2996
11807	4.69825	15.3163
11807	4.6696	15.333
11807	4.64096	15.3496
11807	4.61231	15.3663
11807	4.58366	15.383
11807	4.55501	15.3996
11807	4.52636	15.4163
11807	4.49772	15.433
11807	4.46907	15.4496
11807	4.44042	15.4663
11807	4.41177	15.483
11807	4.38312	15.4996
11807	4.35448	15.5163
11807	4.32583	15.533
11807	4.29718	15.5496
11807	4.26853	15.5663
11807	4.23989	15.583
11807	4.21124	15.5996
11807	4.18259	15.6163
11807	4.15394	15.633
11807	4.12529	15.6496
11807	4.09665	15.6663
11807	4.068	15.683
11807	4.03935	15.6996
11807	4.0107	15.7163
11807	3.98205	15.733
11807	3.95341	15.7496
11807	3.92476	15.7663
11807	3.89611	15.783
11807	3.86746	15.7996
11807	3.83881	15.8163
11807	3.81017	15.833
11807	3.78152	15.8496
11807	3.75287	15.8663
11807	3.72422	15.883
11807	3.69557	15.8996
11807	3.66693	15.9163
11807	3.63828	15.933
11807	3.60963	15.9496
11807	3.58098	15.9663
11807	3.55234	15.983
11807	3.52369	15.9996
11807	3.49504	16.0163
11807	3.46639	16.033
11807	3.43774	16.0496
11807	3.4091	16.0663
11807	3.38045	16.083
11807	3.3518	16.0996
11807	3.32315	16.1163
11807	3.2945	16.133
11807	3.26586	16.1496
11807	3.23721	16.1663
11807	3.20856	16.183
11807	3.17991	16.1996
11807	3.15126	16.2163
11807	3.12262	16.233
11807	3.09397	16.2496
11807	3.06532	16.2663
11807	3.03667	16.283
11807	3.00803	16.2996
11807	2.97938	16.3163
11806	2.95073	16.333
11806	2.92208	16.3496
11806	2.89343	16.3663
11806	2.86479	16.383
11806	2.83614	16.3996
11806	2.80749	16.4163
11806	2.77884	16.433
11806	2.75019	16.4496
11806	2.72155	16.4663
11806	2.6929	16.483
11806	2.66425	16.4996
11806	2.6356	16.5163
11806	2.60695	16.533
11806	2.57831	16.5496
11806	2.54966	16.5663
11806	2.52101	16.583
11806	2.49236	16.5996
11806	2.46372	16.6163
11806	2.43507	16.633
11806	2.40642	16.6496
11806	2.37777	16.6663
11806	2.34912	16.683
11806	2.32048	16.6996
11806	2.29183	16.7163
11806	2.26318	16.733
11806	2.23453	16.7496
11806	2.20588	16.7663
11806	2.17724	16.783
11806	2.14859	16.7996
11806	2.11994	16.8163
11806	2.09129	16.833
11806	2.06264	16.8496
11806	2.034	16.8663
11806	2.00535	16.883
11806	1.9767	16.8996
11806	1.94805	16.9163
11806	1.9194	16.933
11806	1.89076	16.9496
11806	1.86211	16.9663
11806	1.83346	16.983
11806	1.80481	16.9996
11806	1.77617	17.0163
11806	1.74752	17.033
11806	1.71887	17.0496
11806	1.69022	17.0663
11806	1.66157	17.083
11806	1.63293	17.0996
11806	1.60428	17.1163
11806	1.57563	17.133
11806	1.54698	17.1496
11806	1.51834	17.1663
11806	1.48969	17.183
11806	1.46104	17.1996
11806	1.43239	17.2163
11806	1.40374	17.233
11806	1.3751	17.2496
11806	1.34645	17.2663
11806	1.3178	17.283
11806	1.28915	17.2996
11806	1.2605	17.3163
11806	1.23186	17.333
11806	1.20321	17.3496
11806	1.17456	17.3663
11806	1.14591	17.3829
11806	1.11727	17.3996
11806	1.08862	17.4163
11806	1.05997	17.4329
11806	1.03132	17.4496
11806	1.00267	17.4663
11806	0.974027	17.4829
11806	0.945379	17.4996
11806	0.916731	17.5163
11806	0.888083	17.5329
11806	0.859436	17.5496
11806	0.830788	17.5663
11806	0.80214	17.5829
11806	0.773492	17.5996
11806	0.744844	17.6163
11806	0.716196	17.6329
11806	0.687548	17.6496
11806	0.658901	17.6663
11806	0.630253	17.6829
11806	0.601605	17.6996
11806	0.572957	17.7163
11806	0.544309	17.7329
11806	0.515661	17.7496
11806	0.487013	17.7663
11806	0.458366	17.7829
11806	0.429718	17.7996
11806	0.40107	17.8163
11806	0.372422	17.8329
11806	0.343774	17.8496
11806	0.315126	17.8663
11806	0.286478	17.8829
11806	0.257831	17.8996
11806	0.229183	17.9163
11806	0.200535	17.9329
11806	0.171887	17.9496
11806	0.143239	17.9663
11806	0.114591	17.9829
11806	0.0859435	17.9996
11806	0.0572956	18.0163
11806	0.0286478	18.0329
11806	-1.00051e-07	18.0496
11806	0	18.0663
11806	0	18.0829
11806	0	18.0996
11806	0	18.1163
11806	0	18.1329
11806	0	18.1496
11806	0	18.1663
11806	0	18.1829
11806	0	18.1996
11806	0	18.2163
11806	0	18.2329
11806	0	18.2496
11806	0	18.2663
11806	0	18.2829
11806	0	18.2996
11806	0	18.3163
11806	0	18.3329
11806	0	18.3496
11806	0	18.3663
11806	0	18.3829
11806	0	18.3996
11806	0	18.4163
11806	0	18.4329
11806	0	18.4496
11806	0	18.4663
11806	0	18.4829
11806	0	18.4996
11806	0	18.5163
11806	0	18.5329
11806	0	18.5496
11806	0	18.5663
11806	0	18.5829
11806	0	18.5996
11806	0	18.6163
11806	0	18.6329
11806	0	18.6496
11806	0	18.6663
11806	0	18.6829
11806	0	18.6996
11806	0	18.7163
11806	0	18.7329
11805	0	18.7496
11805	0	18.7663
11805	0	18.7829
11805	0	18.7996
11805	0	18.8163
11805	0	18.8329
11805	0	18.8496
11805	0	18.8663
11805	0	18.8829
11805	0	18.8996
11805	0	18.9163
11805	0	18.9329
11805	0	18.9496
11805	0	18.9663
11805	0	18.9829
11805	0	18.9996
11805	0	19.0163
11805	0	19.0329
11805	0	19.0496
11805	0	19.0663
