inside_count	theta (degrees)	time (s)
31997	0.0286479	0.0159988
31997	0.0572957	0.0326653
31997	0.0859435	0.0493317
31997	0.114591	0.0659981
31997	0.143239	0.0826645
31997	0.171887	0.0993309
31997	0.200535	0.115997
31997	0.229183	0.132664
31997	0.257831	0.14933
31997	0.286479	0.165997
31997	0.315126	0.182663
31997	0.343774	0.199329
31997	0.372422	0.215996
31997	0.40107	0.232662
31997	0.429718	0.249329
31997	0.458366	0.265995
31997	0.487013	0.282661
31997	0.515661	0.299328
31997	0.544309	0.315994
31997	0.572957	0.332661
31997	0.601605	0.349327
31997	0.630253	0.365993
31997	0.658901	0.38266
31997	0.687548	0.399326
31997	0.716196	0.415993
31997	0.744844	0.432659
31997	0.773492	0.449326
31997	0.80214	0.465992
31997	0.830788	0.482658
31997	0.859436	0.499325
31997	0.888083	0.515991
31997	0.916731	0.532658
31997	0.945379	0.549324
31997	0.974027	0.56599
31997	1.00267	0.582657
31997	1.03132	0.599323
31997	1.05997	0.61599
31997	1.08862	0.632656
31997	1.11727	0.649323
31997	1.14591	0.665989
31997	1.17456	0.682655
31997	1.20321	0.699322
31997	1.23186	0.715988
31997	1.2605	0.732655
31997	1.28915	0.749321
31997	1.3178	0.765987
31997	1.34645	0.782654
31997	1.3751	0.79932
31997	1.40374	0.815987
31997	1.43239	0.832653
31997	1.46104	0.849319
31997	1.48969	0.865986
31997	1.51834	0.882652
31997	1.54698	0.899319
31997	1.57563	0.915985
31997	1.60428	0.932652
31997	1.63293	0.949318
31997	1.66157	0.965984
31997	1.69022	0.982651
31997	1.71887	0.999317
31997	1.74752	1.01598
31997	1.77617	1.03265
31997	1.80481	1.04932
31997	1.83346	1.06598
31997	1.86211	1.08265
31997	1.89076	1.09932
31997	1.9194	1.11598
31997	1.94805	1.13265
31997	1.9767	1.14931
31997	2.00535	1.16598
31997	2.034	1.18265
31997	2.06264	1.19931
31997	2.09129	1.21598
31997	2.11994	1.23265
31997	2.14859	1.24931
31997	2.17724	1.26598
31997	2.20588	1.28265
31997	2.23453	1.29931
31997	2.26318	1.31598
31997	2.29183	1.33265
31997	2.32048	1.34931
31997	2.34912	1.36598
31997	2.37777	1.38264
31997	2.40642	1.39931
31997	2.43507	1.41598
31997	2.46372	1.43264
31997	2.49236	1.44931
31997	2.52101	1.46598
31997	2.54966	1.48264
31997	2.57831	1.49931
31997	2.60695	1.51598
31997	2.6356	1.53264
31997	2.66425	1.54931
31997	2.6929	1.56598
31997	2.72155	1.58264
31997	2.75019	1.59931
31997	2.77884	1.61597
31997	2.80749	1.63264
31997	2.83614	1.64931
31997	2.86479	1.66597
31997	2.89343	1.68264
31997	2.92208	1.69931
31997	2.95073	1.71597
31997	2.97938	1.73264
31997	3.00803	1.74931
31997	3.03667	1.76597
31997	3.06532	1.78264
31997	3.09397	1.7993
31997	3.12262	1.81597
31997	3.15126	1.83264
31997	3.17991	1.8493
31997	3.20856	1.86597
31997	3.23721	1.88264
31997	3.26586	1.8993
31997	3.2945	1.91597
31997	3.32315	1.93264
31997	3.3518	1.9493
31997	3.38045	1.96597
31997	3.4091	1.98264
31997	3.43774	1.9993
31997	3.46639	2.01597
31997	3.49504	2.03263
31997	3.52369	2.0493
31997	3.55234	2.06597
31997	3.58098	2.08263
31997	3.60963	2.0993
31997	3.63828	2.11597
31997	3.66693	2.13263
31997	3.69557	2.1493
31997	3.72422	2.16597
31997	3.75287	2.18263
31997	3.78152	2.1993
31997	3.81017	2.21597
31997	3.83881	2.23263
31997	3.86746	2.2493
31997	3.89611	2.26596
31997	3.92476	2.28263
31997	3.95341	2.2993
31997	3.98205	2.31596
31997	4.0107	2.33263
31997	4.03935	2.3493
31997	4.068	2.36596
31997	4.09665	2.38263
31997	4.12529	2.3993
31997	4.15394	2.41596
31997	4.18259	2.43263
31997	4.21124	2.4493
31997	4.23989	2.46596
31997	4.26853	2.48263
31997	4.29718	2.49929
31997	4.32583	2.51596
31997	4.35448	2.53263
31997	4.38312	2.54929
31997	4.41177	2.56596
31997	4.44042	2.58263
31997	4.46907	2.59929
31997	4.49772	2.61596
31997	4.52636	2.63263
31997	4.55501	2.64929
31997	4.58366	2.66596
31997	4.61231	2.68262
31997	4.64096	2.69929
31997	4.6696	2.71596
31997	4.69825	2.73262
31997	4.7269	2.74929
31997	4.75555	2.76596
31997	4.7842	2.78262
31997	4.81284	2.79929
31997	4.84149	2.81596
31997	4.87014	2.83262
31997	4.89879	2.84929
31997	4.92743	2.86596
31997	4.95608	2.88262
31997	4.98473	2.89929
31997	5.01338	2.91595
31997	5.04203	2.93262
31997	5.07067	2.94929
31997	5.09932	2.96595
31997	5.12797	2.98262
31997	5.15662	2.99929
31997	5.18527	3.01595
31997	5.21391	3.03262
31997	5.24256	3.04929
31997	5.27121	3.06595
31997	5.29986	3.08262
31997	5.32851	3.09929
31997	5.35715	3.11595
31997	5.3858	3.13262
31997	5.41445	3.14928
31997	5.4431	3.16595
31997	5.47175	3.18262
31997	5.50039	3.19928
31997	5.52904	3.21595
31997	5.55769	3.23262
31997	5.58634	3.24928
31997	5.61498	3.26595
31997	5.64363	3.28262
31997	5.67228	3.29928
31997	5.70093	3.31595
31997	5.72958	3.33261
31997	5.75822	3.34928
31997	5.78687	3.36595
31997	5.81552	3.38261
31997	5.84417	3.39928
31997	5.87282	3.41595
31997	5.90146	3.43261
31997	5.93011	3.44928
31997	5.95876	3.46595
31997	5.98741	3.48261
31997	6.01606	3.49928
31997	6.0447	3.51595
31997	6.07335	3.53261
31997	6.102	3.54928
31997	6.13065	3.56594
31997	6.1593	3.58261
31997	6.18794	3.59928
31997	6.21659	3.61594
31997	6.24524	3.63261
31997	6.27389	3.64928
31997	6.30253	3.66594
31997	6.33118	3.68261
31997	6.35983	3.69928
31997	6.38848	3.71594
31997	6.41713	3.73261
31997	6.44577	3.74928
31997	6.47442	3.76594
31997	6.50307	3.78261
31997	6.53172	3.79927
31997	6.56037	3.81594
31997	6.58901	3.83261
31997	6.61766	3.84927
31997	6.64631	3.86594
31997	6.67496	3.88261
31997	6.70361	3.89927
31997	6.73225	3.91594
31997	6.7609	3.93261
31997	6.78955	3.94927
31997	6.8182	3.96594
31997	6.84685	3.9826
31997	6.87549	3.99927
31997	6.90414	4.01594
31997	6.93279	4.0326
31997	6.96144	4.04927
31997	6.99008	4.06594
31997	7.01873	4.0826
31997	7.04738	4.09927
31997	7.07603	4.11594
31997	7.10468	4.1326
31997	7.13332	4.14927
31997	7.16197	4.16594
31997	7.19062	4.1826
31997	7.21927	4.19927
31997	7.24791	4.21593
31997	7.27656	4.2326
31997	7.30521	4.24927
31997	7.33386	4.26593
31997	7.3625	4.2826
31997	7.39115	4.29927
31997	7.4198	4.31593
31997	7.44845	4.3326
31997	7.47709	4.34927
31997	7.50574	4.36593
31997	7.53439	4.3826
31997	7.56304	4.39927
31997	7.59168	4.41593
31997	7.62033	4.4326
31997	7.64898	4.44926
31997	7.67763	4.46593
31997	7.70627	4.4826
31997	7.73492	4.49926
31997	7.76357	4.51593
31997	7.79222	4.5326
31997	7.82086	4.54926
31997	7.84951	4.56593
31997	7.87816	4.5826
31997	7.90681	4.59926
31997	7.93545	4.61593
31997	7.9641	4.6326
31997	7.99275	4.64926
31997	8.0214	4.66593
31997	8.05004	4.68259
31997	8.07869	4.69926
31997	8.10734	4.71593
31997	8.13599	4.73259
31997	8.16463	4.74926
31997	8.19328	4.76593
31997	8.22193	4.78259
31997	8.25058	4.79926
31997	8.27922	4.81593
31997	8.30787	4.83259
31997	8.33652	4.84926
31997	8.36517	4.86592
31997	8.39381	4.88259
31997	8.42246	4.89926
31997	8.45111	4.91592
31997	8.47976	4.93259
31997	8.5084	4.94926
31997	8.53705	4.96592
31997	8.5657	4.98259
31997	8.59435	4.99926
31997	8.62299	5.01592
31997	8.65164	5.03259
31997	8.68029	5.04926
31997	8.70894	5.06592
31997	8.73758	5.08259
31997	8.76623	5.09925
31997	8.79488	5.11592
31997	8.82353	5.13259
31997	8.85217	5.14925
31997	8.88082	5.16592
31997	8.90947	5.18259
31997	8.93812	5.19925
31997	8.96676	5.21592
31997	8.99541	5.23259
31997	9.02406	5.24925
31997	9.05271	5.26592
31997	9.08135	5.28259
31997	9.11	5.29925
31997	9.13865	5.31592
31997	9.1673	5.33258
31997	9.19594	5.34925
31997	9.22459	5.36592
31997	9.25324	5.38258
31997	9.28189	5.39925
31997	9.31053	5.41592
31997	9.33918	5.43258
31997	9.36783	5.44925
31997	9.39648	5.46592
31997	9.42512	5.48258
31997	9.45377	5.49925
31997	9.48242	5.51591
31997	9.51107	5.53258
31997	9.53971	5.54925
31997	9.56836	5.56591
31997	9.59701	5.58258
31997	9.62566	5.59925
31997	9.6543	5.61591
31997	9.68295	5.63258
31997	9.7116	5.64925
31997	9.74024	5.66591
31997	9.76889	5.68258
31997	9.79754	5.69925
31997	9.82619	5.71591
31997	9.85484	5.73258
31997	9.88348	5.74924
31997	9.91213	5.76591
31997	9.94078	5.78258
31997	9.96943	5.79924
31997	9.99807	5.81591
31997	10.0267	5.83258
31997	10.0554	5.84924
31997	10.084	5.86591
31997	10.1127	5.88258
31997	10.1413	5.89924
31997	10.17	5.91591
31997	10.1986	5.93258
31997	10.2273	5.94924
31997	10.2559	5.96591
31997	10.2845	5.98257
31997	10.3132	5.99924
31997	10.3418	6.01591
31997	10.3705	6.03257
31997	10.3991	6.04924
31997	10.4278	6.06591
31997	10.4564	6.08257
31997	10.4851	6.09924
31997	10.5137	6.11591
31997	10.5424	6.13257
31997	10.571	6.14924
31997	10.5997	6.1659
31997	10.6283	6.18257
31997	10.657	6.19924
31997	10.6856	6.2159
31997	10.7143	6.23257
31997	10.7429	6.24924
31997	10.7716	6.2659
31997	10.8002	6.28257
31997	10.8288	6.29924
31997	10.8575	6.3159
31997	10.8861	6.33257
31997	10.9148	6.34924
31997	10.9434	6.3659
31997	10.9721	6.38257
31997	11.0007	6.39923
31997	11.0294	6.4159
31997	11.058	6.43257
31997	11.0867	6.44923
31997	11.1153	6.4659
31997	11.144	6.48257
31997	11.1726	6.49923
31997	11.2013	6.5159
31997	11.2299	6.53257
31997	11.2586	6.54923
31997	11.2872	6.5659
31997	11.3159	6.58257
31997	11.3445	6.59923
31997	11.3732	6.6159
31997	11.4018	6.63256
31997	11.4304	6.64923
31997	11.4591	6.6659
31997	11.4877	6.68256
31997	11.5164	6.69923
31997	11.545	6.7159
31997	11.5737	6.73256
31997	11.6023	6.74923
31997	11.631	6.7659
31997	11.6596	6.78256
31997	11.6883	6.79923
31997	11.7169	6.8159
31997	11.7456	6.83256
31997	11.7742	6.84923
31997	11.8029	6.86589
31997	11.8315	6.88256
31997	11.8602	6.89923
31997	11.8888	6.91589
31997	11.9175	6.93256
31997	11.9461	6.94923
31997	11.9747	6.96589
31997	12.0034	6.98256
31997	12.032	6.99923
31997	12.0607	7.01589
31997	12.0893	7.03256
31997	12.118	7.04922
31997	12.1466	7.06589
31997	12.1753	7.08256
31997	12.2039	7.09922
31997	12.2326	7.11589
31997	12.2612	7.13256
31997	12.2899	7.14922
31997	12.3185	7.16589
31997	12.3472	7.18256
31997	12.3758	7.19922
31997	12.4045	7.21589
31997	12.4331	7.23256
31997	12.4618	7.24922
31997	12.4904	7.26589
31997	12.5191	7.28255
31997	12.5477	7.29922
31997	12.5763	7.31589
31997	12.605	7.33255
31997	12.6336	7.34922
31997	12.6623	7.36589
31997	12.6909	7.38255
31997	12.7196	7.39922
31997	12.7482	7.41589
31997	12.7769	7.43255
31997	12.8055	7.44922
31997	12.8342	7.46589
31997	12.8628	7.48255
31997	12.8915	7.49922
31997	12.9201	7.51588
31997	12.9488	7.53255
31997	12.9774	7.54922
31997	13.0061	7.56588
31997	13.0347	7.58255
31997	13.0634	7.59922
31997	13.092	7.61588
31997	13.1206	7.63255
31997	13.1493	7.64922
31997	13.1779	7.66588
31997	13.2066	7.68255
31997	13.2352	7.69921
31997	13.2639	7.71588
31997	13.2925	7.73255
31997	13.3212	7.74921
31997	13.3498	7.76588
31997	13.3785	7.78255
31997	13.4071	7.79921
31997	13.4358	7.81588
31997	13.4644	7.83255
31997	13.4931	7.84921
31997	13.5217	7.86588
31997	13.5504	7.88255
31997	13.579	7.89921
31997	13.6077	7.91588
31997	13.6363	7.93254
31997	13.665	7.94921
31997	13.6936	7.96588
31997	13.7222	7.98254
31997	13.7509	7.99921
31997	13.7795	8.01588
31997	13.8082	8.03254
31997	13.8368	8.04921
31997	13.8655	8.06588
31997	13.8941	8.08254
31997	13.9228	8.09921
31997	13.9514	8.11588
31997	13.9801	8.13254
31997	14.0087	8.14921
31997	14.0374	8.16587
31997	14.066	8.18254
31997	14.0947	8.19921
31997	14.1233	8.21587
31997	14.152	8.23254
31997	14.1806	8.24921
31997	14.2093	8.26587
31997	14.2379	8.28254
31997	14.2665	8.29921
31997	14.2952	8.31587
31997	14.3238	8.33254
31997	14.3525	8.34921
31997	14.3811	8.36587
31997	14.4098	8.38254
31997	14.4384	8.3992
31997	14.4671	8.41587
31997	14.4957	8.43254
31997	14.5244	8.4492
31997	14.553	8.46587
31997	14.5817	8.48254
31997	14.6103	8.4992
31997	14.639	8.51587
31997	14.6676	8.53254
31997	14.6963	8.5492
31997	14.7249	8.56587
31997	14.7536	8.58253
31997	14.7822	8.5992
31997	14.8109	8.61587
31997	14.8395	8.63253
31997	14.8681	8.6492
31997	14.8968	8.66587
31997	14.9254	8.68253
31997	14.9541	8.6992
31997	14.9827	8.71587
31997	15.0114	8.73253
31997	15.04	8.7492
31997	15.0687	8.76587
31997	15.0973	8.78253
31997	15.126	8.7992
31997	15.1546	8.81586
31997	15.1833	8.83253
31997	15.2119	8.8492
31997	15.2406	8.86586
31997	15.2692	8.88253
31997	15.2979	8.8992
31997	15.3265	8.91586
31997	15.3552	8.93253
31997	15.3838	8.9492
31997	15.4124	8.96586
31997	15.4411	8.98253
31997	15.4697	8.9992
31997	15.4984	9.01586
31997	15.527	9.03253
31997	15.5557	9.0492
31997	15.5843	9.06587
31997	15.613	9.08254
31997	15.6416	9.09921
31997	15.6703	9.11588
31997	15.6989	9.13255
31997	15.7276	9.14922
31997	15.7562	9.16589
31997	15.7849	9.18256
31997	15.8135	9.19923
31997	15.8422	9.2159
31997	15.8708	9.23257
31997	15.8995	9.24924
31997	15.9281	9.26591
31997	15.9567	9.28259
31997	15.9854	9.29926
31997	16.014	9.31593
31997	16.0427	9.3326
31997	16.0713	9.34927
31997	16.1	9.36594
31997	16.1286	9.38261
31997	16.1573	9.39928
31997	16.1859	9.41595
31997	16.2146	9.43262
31997	16.2432	9.44929
31997	16.2719	9.46596
31997	16.3005	9.48263
31997	16.3292	9.4993
31997	16.3578	9.51597
31997	16.3865	9.53264
31997	16.4151	9.54931
31997	16.4438	9.56598
31997	16.4724	9.58265
31997	16.5011	9.59932
31997	16.5297	9.61599
31997	16.5583	9.63266
31997	16.587	9.64933
31997	16.6156	9.666
31997	16.6443	9.68267
31997	16.6729	9.69934
31997	16.7016	9.71601
31997	16.7302	9.73268
31997	16.7589	9.74935
31997	16.7875	9.76602
31997	16.8162	9.78269
31997	16.8448	9.79936
31997	16.8735	9.81603
31997	16.9021	9.8327
31997	16.9308	9.84937
31997	16.9594	9.86604
31997	16.9881	9.88271
31997	17.0167	9.89938
31997	17.0454	9.91605
31997	17.074	9.93272
31997	17.1026	9.94939
31997	17.1313	9.96606
31997	17.1599	9.98273
31997	17.1886	9.9994
31997	17.2172	10.0161
31997	17.2459	10.0327
31997	17.2745	10.0494
31997	17.3032	10.0661
31997	17.3318	10.0828
31997	17.3605	10.0994
31997	17.3891	10.1161
31997	17.4178	10.1328
31997	17.4464	10.1494
31997	17.4751	10.1661
31997	17.5037	10.1828
31997	17.5324	10.1994
31997	17.561	10.2161
31997	17.5897	10.2328
31997	17.6183	10.2495
31997	17.647	10.2661
31997	17.6756	10.2828
31997	17.7042	10.2995
31997	17.7329	10.3161
31997	17.7615	10.3328
31997	17.7902	10.3495
31997	17.8188	10.3661
31997	17.8475	10.3828
31997	17.8761	10.3995
31997	17.9048	10.4162
31996	17.9334	10.4328
31996	17.9621	10.4495
31996	17.9907	10.4662
31996	18.0194	10.4828
31996	18.048	10.4995
31996	18.0767	10.5162
31996	18.1053	10.5329
31996	18.134	10.5495
31996	18.1626	10.5662
31996	18.1913	10.5829
31996	18.2199	10.5995
31996	18.2485	10.6162
31996	18.2772	10.6329
31996	18.3058	10.6495
31996	18.3345	10.6662
31996	18.3631	10.6829
31996	18.3918	10.6996
31996	18.4204	10.7162
31996	18.4491	10.7329
31996	18.4777	10.7496
31996	18.5064	10.7662
31996	18.535	10.7829
31996	18.5637	10.7996
31996	18.5923	10.8162
31996	18.621	10.8329
31996	18.6496	10.8496
31996	18.6783	10.8663
31996	18.7069	10.8829
31996	18.7356	10.8996
31996	18.7642	10.9163
31996	18.7929	10.9329
31996	18.8215	10.9496
31996	18.8501	10.9663
31996	18.8788	10.9829
31996	18.9074	10.9996
31996	18.9361	11.0163
31996	18.9647	11.033
31996	18.9934	11.0496
31996	19.022	11.0663
31996	19.0507	11.083
31996	19.0793	11.0996
31996	19.108	11.1163
31996	19.1366	11.133
31996	19.1653	11.1497
31996	19.1939	11.1663
31996	19.2226	11.183
31996	19.2512	11.1997
31996	19.2799	11.2163
31996	19.3085	11.233
31996	19.3372	11.2497
31996	19.3658	11.2663
31996	19.3944	11.283
31996	19.4231	11.2997
31996	19.4517	11.3164
31996	19.4804	11.333
31996	19.509	11.3497
31996	19.5377	11.3664
31996	19.5663	11.383
31996	19.595	11.3997
31996	19.6236	11.4164
31996	19.6523	11.433
31996	19.6809	11.4497
31996	19.7096	11.4664
31996	19.7382	11.4831
31996	19.7669	11.4997
31996	19.7955	11.5164
31996	19.8242	11.5331
31996	19.8528	11.5497
31996	19.8815	11.5664
31996	19.9101	11.5831
31996	19.9387	11.5997
31996	19.9674	11.6164
31996	19.996	11.6331
31996	20.0247	11.6498
31996	20.0533	11.6664
31996	20.082	11.6831
31996	20.1106	11.6998
31996	20.1393	11.7164
31996	20.1679	11.7331
31996	20.1966	11.7498
31996	20.2252	11.7664
31996	20.2539	11.7831
31996	20.2825	11.7998
31996	20.3112	11.8165
31996	20.3398	11.8331
31996	20.3685	11.8498
31996	20.3971	11.8665
31996	20.4258	11.8831
31996	20.4544	11.8998
31996	20.4831	11.9165
31996	20.5117	11.9332
31996	20.5403	11.9498
31996	20.569	11.9665
31996	20.5976	11.9832
31996	20.6263	11.9998
31996	20.6549	12.0165
31996	20.6836	12.0332
31996	20.7122	12.0498
31996	20.7409	12.0665
31996	20.7695	12.0832
31996	20.7982	12.0999
31996	20.8268	12.1165
31996	20.8555	12.1332
31996	20.8841	12.1499
31996	20.9128	12.1665
31996	20.9414	12.1832
31996	20.9701	12.1999
31996	20.9987	12.2165
31996	21.0274	12.2332
31996	21.056	12.2499
31996	21.0846	12.2666
31996	21.1133	12.2832
31996	21.1419	12.2999
31996	21.1706	12.3166
31996	21.1992	12.3332
31996	21.2279	12.3499
31996	21.2565	12.3666
31996	21.2852	12.3832
31996	21.3138	12.3999
31996	21.3425	12.4166
31996	21.3711	12.4333
31996	21.3998	12.4499
31996	21.4284	12.4666
31996	21.4571	12.4833
31996	21.4857	12.4999
31996	21.5144	12.5166
31996	21.543	12.5333
31996	21.5717	12.5499
31996	21.6003	12.5666
31996	21.629	12.5833
31996	21.6576	12.6
31996	21.6862	12.6166
31996	21.7149	12.6333
31996	21.7435	12.65
31996	21.7722	12.6666
31996	21.8008	12.6833
31996	21.8295	12.7
31996	21.8581	12.7167
31996	21.8868	12.7333
31996	21.9154	12.75
31996	21.9441	12.7667
31996	21.9727	12.7833
31996	22.0014	12.8
31996	22.03	12.8167
31996	22.0587	12.8333
31996	22.0873	12.85
31996	22.116	12.8667
31996	22.1446	12.8834
31996	22.1733	12.9
31996	22.2019	12.9167
31996	22.2305	12.9334
31996	22.2592	12.95
31996	22.2878	12.9667
31996	22.3165	12.9834
31996	22.3451	13
31996	22.3738	13.0167
31996	22.4024	13.0334
31996	22.4311	13.0501
31996	22.4597	13.0667
31996	22.4884	13.0834
31996	22.517	13.1001
31996	22.5457	13.1167
31996	22.5743	13.1334
31996	22.603	13.1501
31996	22.6316	13.1667
31996	22.6603	13.1834
31996	22.6889	13.2001
31996	22.7176	13.2168
31996	22.7462	13.2334
31996	22.7749	13.2501
31996	22.8035	13.2668
31996	22.8321	13.2834
31996	22.8608	13.3001
31996	22.8894	13.3168
31996	22.9181	13.3335
31996	22.9467	13.3501
31996	22.9754	13.3668
31996	23.004	13.3835
31996	23.0327	13.4001
31996	23.0613	13.4168
31996	23.09	13.4335
31996	23.1186	13.4501
31996	23.1473	13.4668
31996	23.1759	13.4835
31996	23.2046	13.5002
31996	23.2332	13.5168
31996	23.2619	13.5335
31996	23.2905	13.5502
31996	23.3192	13.5668
31996	23.3478	13.5835
31996	23.3764	13.6002
31996	23.4051	13.6168
31996	23.4337	13.6335
31996	23.4624	13.6502
31996	23.491	13.6669
31996	23.5197	13.6835
31996	23.5483	13.7002
31996	23.577	13.7169
31996	23.6056	13.7335
31996	23.6343	13.7502
31996	23.6629	13.7669
31996	23.6916	13.7835
31996	23.7202	13.8002
31996	23.7489	13.8169
31996	23.7775	13.8336
31996	23.8062	13.8502
31996	23.8348	13.8669
31996	23.8635	13.8836
31996	23.8921	13.9002
31996	23.9207	13.9169
31996	23.9494	13.9336
31996	23.9494	13.9502
31996	23.9494	13.9669
31996	23.9494	13.9836
31996	23.9494	14.0003
31996	23.9494	14.0169
31996	23.9494	14.0336
31996	23.9494	14.0503
31996	23.9494	14.0669
31996	23.9494	14.0836
31996	23.9494	14.1003
31996	23.9494	14.117
31996	23.9494	14.1336
31996	23.9207	14.1503
31996	23.8921	14.167
31996	23.8635	14.1836
31996	23.8348	14.2003
31996	23.8062	14.217
31996	23.7775	14.2336
31996	23.7489	14.2503
31996	23.7202	14.267
31996	23.6916	14.2837
31996	23.6629	14.3003
31996	23.6343	14.317
31996	23.6056	14.3337
31996	23.577	14.3503
31996	23.5483	14.367
31996	23.5197	14.3837
31996	23.491	14.4003
31996	23.4624	14.417
31996	23.4337	14.4337
31996	23.4051	14.4504
31996	23.3764	14.467
31996	23.3478	14.4837
31996	23.3192	14.5004
31996	23.2905	14.517
31996	23.2619	14.5337
31996	23.2332	14.5504
31996	23.2046	14.567
31996	23.1759	14.5837
31996	23.1473	14.6004
31996	23.1186	14.6171
31996	23.09	14.6337
31996	23.0613	14.6504
31996	23.0327	14.6671
31996	23.004	14.6837
31996	22.9754	14.7004
31996	22.9467	14.7171
31996	22.9181	14.7337
31996	22.8894	14.7504
31996	22.8608	14.7671
31996	22.8321	14.7838
31996	22.8035	14.8004
31996	22.7749	14.8171
31996	22.7462	14.8338
31996	22.7176	14.8504
31996	22.6889	14.8671
31996	22.6603	14.8838
31996	22.6316	14.9005
31996	22.603	14.9171
31996	22.5743	14.9338
31996	22.5457	14.9505
31996	22.517	14.9671
31996	22.4884	14.9838
31996	22.4597	15.0005
31996	22.4311	15.0171
31996	22.4024	15.0338
31996	22.3738	15.0505
31996	22.3451	15.0672
31996	22.3165	15.0838
31996	22.2878	15.1005
31996	22.2592	15.1172
31996	22.2305	15.1338
31996	22.2019	15.1505
31996	22.1733	15.1672
31996	22.1446	15.1838
31996	22.116	15.2005
31996	22.0873	15.2172
31996	22.0587	15.2339
31996	22.03	15.2505
31996	22.0014	15.2672
31996	21.9727	15.2839
31996	21.9441	15.3005
31996	21.9154	15.3172
31996	21.8868	15.3339
31996	21.8581	15.3505
31996	21.8295	15.3672
31996	21.8008	15.3839
31996	21.7722	15.4006
31996	21.7435	15.4172
31996	21.7149	15.4339
31996	21.6862	15.4506
31996	21.6576	15.4672
31996	21.629	15.4839
31996	21.6003	15.5006
31996	21.5717	15.5173
31996	21.543	15.5339
31996	21.5144	15.5506
31996	21.4857	15.5673
31996	21.4571	15.5839
31996	21.4284	15.6006
31996	21.3998	15.6173
31996	21.3711	15.6339
31996	21.3425	15.6506
31996	21.3138	15.6673
31996	21.2852	15.684
31996	21.2565	15.7006
31996	21.2279	15.7173
31996	21.1992	15.734
31996	21.1706	15.7506
31996	21.1419	15.7673
31996	21.1133	15.784
31996	21.0846	15.8006
31996	21.056	15.8173
31996	21.0274	15.834
31996	20.9987	15.8507
31996	20.9701	15.8673
31996	20.9414	15.884
31996	20.9128	15.9007
31996	20.8841	15.9173
31996	20.8555	15.934
31996	20.8268	15.9507
31996	20.7982	15.9673
31996	20.7695	15.984
31996	20.7409	16.0007
31996	20.7122	16.0174
31996	20.6836	16.034
31996	20.6549	16.0507
31996	20.6263	16.0674
31996	20.5976	16.084
31996	20.569	16.1007
31996	20.5403	16.1174
31996	20.5117	16.134
31996	20.4831	16.1507
31996	20.4544	16.1674
31996	20.4258	16.1841
31996	20.3971	16.2007
31996	20.3685	16.2174
31996	20.3398	16.2341
31996	20.3112	16.2507
31996	20.2825	16.2674
31996	20.2539	16.2841
31996	20.2252	16.3008
31996	20.1966	16.3174
31996	20.1679	16.3341
31996	20.1393	16.3508
31996	20.1106	16.3674
31996	20.082	16.3841
31996	20.0533	16.4008
31996	20.0247	16.4174
31996	19.996	16.4341
31996	19.9674	16.4508
31996	19.9387	16.4675
31996	19.9101	16.4841
31996	19.8815	16.5008
31996	19.8528	16.5175
31996	19.8242	16.5341
31996	19.7955	16.5508
31996	19.7669	16.5675
31996	19.7382	16.5841
31996	19.7096	16.6008
31996	19.6809	16.6175
31996	19.6523	16.6342
31996	19.6236	16.6508
31996	19.595	16.6675
31996	19.5663	16.6842
31996	19.5377	16.7008
31996	19.509	16.7175
31996	19.4804	16.7342
31996	19.4517	16.7508
31996	19.4231	16.7675
31996	19.3944	16.7842
31996	19.3658	16.8009
31996	19.3372	16.8175
31996	19.3085	16.8342
31996	19.2799	16.8509
31996	19.2512	16.8675
31996	19.2226	16.8842
31996	19.1939	16.9009
31996	19.1653	16.9175
31996	19.1366	16.9342
31996	19.108	16.9509
31996	19.0793	16.9676
31996	19.0507	16.9842
31996	19.022	17.0009
31996	18.9934	17.0176
31996	18.9647	17.0342
31996	18.9361	17.0509
31996	18.9074	17.0676
31996	18.8788	17.0843
31996	18.8501	17.1009
31996	18.8215	17.1176
31996	18.7929	17.1343
31996	18.7642	17.1509
31996	18.7356	17.1676
31996	18.7069	17.1843
31996	18.6783	17.2009
31996	18.6496	17.2176
31996	18.621	17.2343
31996	18.5923	17.251
31996	18.5637	17.2676
31996	18.535	17.2843
31996	18.5064	17.301
31996	18.4777	17.3176
31996	18.4491	17.3343
31996	18.4204	17.351
31996	18.3918	17.3676
31996	18.3631	17.3843
31996	18.3345	17.401
31996	18.3058	17.4177
31996	18.2772	17.4343
31996	18.2485	17.451
31996	18.2199	17.4677
31996	18.1913	17.4843
31996	18.1626	17.501
31996	18.134	17.5177
31996	18.1053	17.5343
31996	18.0767	17.551
31996	18.048	17.5677
31996	18.0194	17.5844
31996	17.9907	17.601
31996	17.9621	17.6177
31996	17.9334	17.6344
31996	17.9048	17.651
31996	17.8761	17.6677
31996	17.8475	17.6844
31996	17.8188	17.701
31996	17.7902	17.7177
31996	17.7615	17.7344
31996	17.7329	17.7511
31996	17.7042	17.7677
31996	17.6756	17.7844
31996	17.647	17.8011
31996	17.6183	17.8177
31996	17.5897	17.8344
31996	17.561	17.8511
31996	17.5324	17.8678
31996	17.5037	17.8844
31996	17.4751	17.9011
31996	17.4464	17.9178
31996	17.4178	17.9344
31996	17.3891	17.9511
31996	17.3605	17.9678
31996	17.3318	17.9844
31996	17.3032	18.0011
31996	17.2745	18.0178
31996	17.2459	18.0345
31996	17.2172	18.0511
31996	17.1886	18.0678
31996	17.1599	18.0845
31996	17.1313	18.1011
31996	17.1026	18.1178
31996	17.074	18.1345
31996	17.0454	18.1511
31996	17.0167	18.1678
31996	16.9881	18.1845
31996	16.9594	18.2012
31996	16.9308	18.2178
31996	16.9021	18.2345
31996	16.8735	18.2512
31996	16.8448	18.2678
31996	16.8162	18.2845
31996	16.7875	18.3012
31996	16.7589	18.3178
31996	16.7302	18.3345
31996	16.7016	18.3512
31996	16.6729	18.3679
31996	16.6443	18.3845
31996	16.6156	18.4012
31996	16.587	18.4179
31996	16.5583	18.4345
31996	16.5297	18.4512
31996	16.5011	18.4679
31996	16.4724	18.4846
31996	16.4438	18.5012
31996	16.4151	18.5179
31996	16.3865	18.5346
31996	16.3578	18.5512
31996	16.3292	18.5679
31996	16.3005	18.5846
31996	16.2719	18.6012
31996	16.2432	18.6179
31996	16.2146	18.6346
31996	16.1859	18.6513
31996	16.1573	18.6679
31996	16.1286	18.6846
31996	16.1	18.7013
31996	16.0713	18.7179
31996	16.0427	18.7346
31996	16.014	18.7513
31996	15.9854	18.7679
31996	15.9567	18.7846
31996	15.9281	18.8013
31996	15.8995	18.818
31996	15.8708	18.8346
31996	15.8422	18.8513
31996	15.8135	18.868
31996	15.7849	18.8846
31996	15.7562	18.9013
31996	15.7276	18.918
31996	15.6989	18.9346
31996	15.6703	18.9513
31996	15.6416	18.968
31996	15.613	18.9847
31996	15.5843	19.0013
31996	15.5557	19.018
31996	15.527	19.0347
31996	15.4984	19.0513
31996	15.4697	19.068
31996	15.4411	19.0847
31996	15.4124	19.1013
31996	15.3838	19.118
31996	15.3552	19.1347
31996	15.3265	19.1514
31996	15.2979	19.168
31996	15.2692	19.1847
31996	15.2406	19.2014
31996	15.2119	19.218
31996	15.1833	19.2347
31996	15.1546	19.2514
31996	15.126	19.2681
31996	15.0973	19.2847
31996	15.0687	19.3014
31996	15.04	19.3181
31996	15.0114	19.3347
31996	14.9827	19.3514
31996	14.9541	19.3681
31996	14.9254	19.3847
31996	14.8968	19.4014
31996	14.8681	19.4181
31996	14.8395	19.4348
31996	14.8109	19.4514
31996	14.7822	19.4681
31996	14.7536	19.4848
31996	14.7249	19.5014
31996	14.6963	19.5181
31996	14.6676	19.5348
31996	14.639	19.5514
31996	14.6103	19.5681
31996	14.5817	19.5848
31996	14.553	19.6015
31996	14.5244	19.6181
31996	14.4957	19.6348
31996	14.4671	19.6515
31996	14.4384	19.6681
31996	14.4098	19.6848
31996	14.3811	19.7015
31996	14.3525	19.7181
31996	14.3238	19.7348
31996	14.2952	19.7515
31996	14.2665	19.7682
31996	14.2379	19.7848
31996	14.2093	19.8015
31996	14.1806	19.8182
31996	14.152	19.8348
31996	14.1233	19.8515
31996	14.0947	19.8682
31996	14.066	19.8848
31996	14.0374	19.9015
31996	14.0087	19.9182
31996	13.9801	19.9349
31996	13.9514	19.9515
31996	13.9228	19.9682
31996	13.8941	19.9849
31996	13.8655	20.0015
31996	13.8368	20.0182
31996	13.8082	20.0349
31996	13.7795	20.0516
31996	13.7509	20.0682
31996	13.7222	20.0849
31996	13.6936	20.1016
31996	13.665	20.1182
31996	13.6363	20.1349
31996	13.6077	20.1516
31996	13.579	20.1682
31996	13.5504	20.1849
31996	13.5217	20.2016
31996	13.4931	20.2183
31996	13.4644	20.2349
31996	13.4358	20.2516
31996	13.4071	20.2683
31996	13.3785	20.2849
31996	13.3498	20.3016
31996	13.3212	20.3183
31996	13.2925	20.3349
31996	13.2639	20.3516
31996	13.2352	20.3683
31996	13.2066	20.385
31996	13.1779	20.4016
31996	13.1493	20.4183
31996	13.1206	20.435
31996	13.092	20.4516
31996	13.0634	20.4683
31996	13.0347	20.485
31996	13.0061	20.5016
31996	12.9774	20.5183
31996	12.9488	20.535
31996	12.9201	20.5517
31996	12.8915	20.5683
31996	12.8628	20.585
31996	12.8342	20.6017
31996	12.8055	20.6183
31996	12.7769	20.635
31996	12.7482	20.6517
31996	12.7196	20.6684
31996	12.6909	20.685
31996	12.6623	20.7017
31996	12.6336	20.7184
31996	12.605	20.735
31996	12.5763	20.7517
31996	12.5477	20.7684
31996	12.5191	20.785
31996	12.4904	20.8017
31996	12.4618	20.8184
31996	12.4331	20.8351
31996	12.4045	20.8517
31996	12.3758	20.8684
31996	12.3472	20.8851
31996	12.3185	20.9017
31996	12.2899	20.9184
31996	12.2612	20.9351
31996	12.2326	20.9517
31996	12.2039	20.9684
31996	12.1753	20.9851
31996	12.1466	21.0018
31996	12.118	21.0184
31996	12.0893	21.0351
31996	12.0607	21.0518
31996	12.032	21.0684
31996	12.0034	21.0851
31996	11.9747	21.1018
31996	11.9461	21.1184
31996	11.9175	21.1351
31996	11.8888	21.1518
31996	11.8602	21.1685
31996	11.8315	21.1851
31996	11.8029	21.2018
31996	11.7742	21.2185
31996	11.7456	21.2351
31996	11.7169	21.2518
31996	11.6883	21.2685
31996	11.6596	21.2851
31996	11.631	21.3018
31996	11.6023	21.3185
31996	11.5737	21.3352
31996	11.545	21.3518
31996	11.5164	21.3685
31996	11.4877	21.3852
31996	11.4591	21.4018
31996	11.4304	21.4185
31996	11.4018	21.4352
31996	11.3732	21.4519
31996	11.3445	21.4685
31996	11.3159	21.4852
31996	11.2872	21.5019
31996	11.2586	21.5185
31996	11.2299	21.5352
31996	11.2013	21.5519
31996	11.1726	21.5685
31996	11.144	21.5852
31996	11.1153	21.6019
31996	11.0867	21.6186
31996	11.058	21.6352
31996	11.0294	21.6519
31996	11.0007	21.6686
31996	10.9721	21.6852
31996	10.9434	21.7019
31996	10.9148	21.7186
31996	10.8861	21.7352
31996	10.8575	21.7519
31996	10.8289	21.7686
31996	10.8002	21.7853
31996	10.7716	21.8019
31996	10.7429	21.8186
31996	10.7143	21.8353
31996	10.6856	21.8519
31996	10.657	21.8686
31996	10.6283	21.8853
31996	10.5997	21.9019
31996	10.571	21.9186
31996	10.5424	21.9353
31996	10.5137	21.952
31996	10.4851	21.9686
31996	10.4564	21.9853
31996	10.4278	22.002
31996	10.3991	22.0186
31996	10.3705	22.0353
31996	10.3418	22.052
31996	10.3132	22.0686
31996	10.2845	22.0853
31996	10.2559	22.102
31996	10.2273	22.1187
31996	10.1986	22.1353
31996	10.17	22.152
31996	10.1413	22.1687
31996	10.1127	22.1853
31996	10.084	22.202
31996	10.0554	22.2187
31996	10.0267	22.2354
31996	9.99807	22.252
31996	9.96943	22.2687
31996	9.94078	22.2854
31996	9.91213	22.302
31996	9.88348	22.3187
31996	9.85484	22.3354
31996	9.82619	22.352
31996	9.79754	22.3687
31996	9.76889	22.3854
31996	9.74025	22.4021
31996	9.7116	22.4187
31996	9.68295	22.4354
31996	9.6543	22.4521
31996	9.62566	22.4687
31996	9.59701	22.4854
31996	9.56836	22.5021
31996	9.53971	22.5187
31996	9.51107	22.5354
31996	9.48242	22.5521
31996	9.45377	22.5688
31996	9.42512	22.5854
31996	9.39648	22.6021
31996	9.36783	22.6188
31996	9.33918	22.6354
31996	9.31053	22.6521
31996	9.28189	22.6688
31996	9.25324	22.6854
31996	9.22459	22.7021
31996	9.19594	22.7188
31996	9.1673	22.7355
31996	9.13865	22.7521
31996	9.11	22.7688
31996	9.08135	22.7855
31996	9.05271	22.8021
31996	9.02406	22.8188
31996	8.99541	22.8355
31996	8.96676	22.8521
31996	8.93812	22.8688
31996	8.90947	22.8855
31996	8.88082	22.9022
31996	8.85217	22.9188
31996	8.82353	22.9355
31996	8.79488	22.9522
31996	8.76623	22.9688
31996	8.73758	22.9855
31996	8.70894	23.0022
31996	8.68029	23.0189
31996	8.65164	23.0355
31996	8.62299	23.0522
31996	8.59435	23.0689
31996	8.5657	23.0855
31996	8.53705	23.1022
31996	8.5084	23.1189
31996	8.47976	23.1355
31996	8.45111	23.1522
31996	8.42246	23.1689
31996	8.39381	23.1856
31996	8.36517	23.2022
31996	8.33652	23.2189
31996	8.30787	23.2356
31996	8.27922	23.2522
31996	8.25058	23.2689
31996	8.22193	23.2856
31996	8.19328	23.3022
31996	8.16463	23.3189
31996	8.13599	23.3356
31996	8.10734	23.3523
31996	8.07869	23.3689
31996	8.05005	23.3856
31996	8.0214	23.4023
31996	7.99275	23.4189
31996	7.9641	23.4356
31996	7.93545	23.4523
31996	7.90681	23.4689
31996	7.87816	23.4856
31996	7.84951	23.5023
31996	7.82086	23.519
31996	7.79222	23.5356
31996	7.76357	23.5523
31996	7.73492	23.569
31996	7.70627	23.5856
31996	7.67763	23.6023
31996	7.64898	23.619
31996	7.62033	23.6357
31996	7.59168	23.6523
31996	7.56304	23.669
31996	7.53439	23.6857
31996	7.50574	23.7023
31996	7.4771	23.719
31996	7.44845	23.7357
31996	7.4198	23.7523
31996	7.39115	23.769
31996	7.3625	23.7857
31996	7.33386	23.8024
31996	7.30521	23.819
31996	7.27656	23.8357
31996	7.24792	23.8524
31996	7.21927	23.869
31996	7.19062	23.8857
31996	7.16197	23.9024
31996	7.13332	23.919
31996	7.10468	23.9357
31996	7.07603	23.9524
31996	7.04738	23.9691
31996	7.01873	23.9857
31996	6.99009	24.0024
31996	6.96144	24.0191
31996	6.93279	24.0357
31996	6.90414	24.0524
31996	6.87549	24.0691
31996	6.84685	24.0857
31996	6.8182	24.1024
31996	6.78955	24.1191
31996	6.7609	24.1358
31996	6.73225	24.1524
31996	6.70361	24.1691
31996	6.67496	24.1858
31996	6.64631	24.2024
31996	6.61766	24.2191
31996	6.58901	24.2358
31996	6.56037	24.2524
31996	6.53172	24.2691
31996	6.50307	24.2858
31996	6.47442	24.3025
31996	6.44578	24.3191
31996	6.41713	24.3358
31996	6.38848	24.3525
31996	6.35983	24.3691
31996	6.33118	24.3858
31996	6.30254	24.4025
31996	6.27389	24.4192
31996	6.24524	24.4358
31996	6.21659	24.4525
31996	6.18794	24.4692
31996	6.1593	24.4858
31996	6.13065	24.5025
31996	6.102	24.5192
31996	6.07335	24.5358
31996	6.0447	24.5525
31996	6.01606	24.5692
31996	5.98741	24.5859
31996	5.95876	24.6025
31996	5.93011	24.6192
31996	5.90146	24.6359
31996	5.87282	24.6525
31996	5.84417	24.6692
31996	5.81552	24.6859
31996	5.78687	24.7025
31996	5.75823	24.7192
31996	5.72958	24.7359
31996	5.70093	24.7526
31996	5.67228	24.7692
31996	5.64363	24.7859
31996	5.61499	24.8026
31996	5.58634	24.8192
31996	5.55769	24.8359
31996	5.52904	24.8526
31996	5.50039	24.8692
31996	5.47175	24.8859
31996	5.4431	24.9026
31996	5.41445	24.9193
31996	5.3858	24.9359
31996	5.35715	24.9526
31996	5.32851	24.9693
31996	5.29986	24.9859
31996	5.27121	25.0026
31996	5.24256	25.0193
31996	5.21391	25.0359
31996	5.18527	25.0526
31996	5.15662	25.0693
31996	5.12797	25.086
31996	5.09932	25.1026
31996	5.07068	25.1193
31996	5.04203	25.136
31996	5.01338	25.1526
31996	4.98473	25.1693
31996	4.95608	25.186
31996	4.92744	25.2027
31996	4.89879	25.2193
31996	4.87014	25.236
31996	4.84149	25.2527
31996	4.81284	25.2693
31996	4.7842	25.286
31996	4.75555	25.3027
31996	4.7269	25.3193
31996	4.69825	25.336
31996	4.6696	25.3527
31996	4.64096	25.3694
31996	4.61231	25.386
31996	4.58366	25.4027
31996	4.55501	25.4194
31996	4.52637	25.436
31996	4.49772	25.4527
31996	4.46907	25.4694
31996	4.44042	25.486
31996	4.41177	25.5027
31996	4.38313	25.5194
31996	4.35448	25.5361
31996	4.32583	25.5527
31996	4.29718	25.5694
31996	4.26853	25.5861
31996	4.23989	25.6027
31996	4.21124	25.6194
31996	4.18259	25.6361
31996	4.15394	25.6527
31996	4.12529	25.6694
31996	4.09665	25.6861
31996	4.068	25.7028
31996	4.03935	25.7194
31996	4.0107	25.7361
31996	3.98205	25.7528
31996	3.95341	25.7694
31996	3.92476	25.7861
31996	3.89611	25.8028
31996	3.86746	25.8195
31996	3.83882	25.8361
31996	3.81017	25.8528
31996	3.78152	25.8695
31996	3.75287	25.8861
31996	3.72422	25.9028
31996	3.69558	25.9195
31996	3.66693	25.9361
31996	3.63828	25.9528
31996	3.60963	25.9695
31996	3.58098	25.9862
31996	3.55234	26.0028
31996	3.52369	26.0195
31996	3.49504	26.0362
31996	3.46639	26.0528
31996	3.43774	26.0695
31996	3.4091	26.0862
31996	3.38045	26.1028
31996	3.3518	26.1195
31996	3.32315	26.1362
31996	3.29451	26.1529
31996	3.26586	26.1695
31996	3.23721	26.1862
31996	3.20856	26.2029
31996	3.17991	26.2195
31996	3.15127	26.2362
31996	3.12262	26.2529
31996	3.09397	26.2695
31996	3.06532	26.2862
31996	3.03667	26.3029
31996	3.00803	26.3196
31996	2.97938	26.3362
31996	2.95073	26.3529
31996	2.92208	26.3696
31996	2.89343	26.3862
31996	2.86479	26.4029
31996	2.83614	26.4196
31996	2.80749	26.4362
31996	2.77884	26.4529
31996	2.7502	26.4696
31996	2.72155	26.4863
31996	2.6929	26.5029
31996	2.66425	26.5196
31996	2.6356	26.5363
31996	2.60696	26.5529
31996	2.57831	26.5696
31996	2.54966	26.5863
31996	2.52101	26.603
31996	2.49236	26.6196
31996	2.46372	26.6363
31996	2.43507	26.653
31996	2.40642	26.6696
31996	2.37777	26.6863
31996	2.34912	26.703
31996	2.32048	26.7196
31996	2.29183	26.7363
31996	2.26318	26.753
31996	2.23453	26.7697
31996	2.20588	26.7863
31996	2.17724	26.803
31996	2.14859	26.8197
31996	2.11994	26.8363
31996	2.09129	26.853
31996	2.06265	26.8697
31996	2.034	26.8863
31996	2.00535	26.903
31996	1.9767	26.9197
31996	1.94805	26.9364
31996	1.91941	26.953
31996	1.89076	26.9697
31996	1.86211	26.9864
31996	1.83346	27.003
31996	1.80481	27.0197
31996	1.77617	27.0364
31996	1.74752	27.053
31996	1.71887	27.0697
31996	1.69022	27.0864
31996	1.66157	27.1031
31996	1.63293	27.1197
31996	1.60428	27.1364
31996	1.57563	27.1531
31996	1.54698	27.1697
31996	1.51834	27.1864
31996	1.48969	27.2031
31996	1.46104	27.2197
31996	1.43239	27.2364
31996	1.40374	27.2531
31996	1.3751	27.2698
31996	1.34645	27.2864
31996	1.3178	27.3031
31996	1.28915	27.3198
31996	1.26051	27.3364
31996	1.23186	27.3531
31996	1.20321	27.3698
31996	1.17456	27.3865
31996	1.14591	27.4031
31996	1.11727	27.4198
31996	1.08862	27.4365
31996	1.05997	27.4531
31996	1.03132	27.4698
31996	1.00268	27.4865
31996	0.974028	27.5031
31996	0.94538	27.5198
31996	0.916732	27.5365
31996	0.888084	27.5532
31996	0.859436	27.5698
31996	0.830789	27.5865
31996	0.802141	27.6032
31996	0.773493	27.6198
31996	0.744845	27.6365
31996	0.716197	27.6532
31996	0.687549	27.6698
31996	0.658901	27.6865
31996	0.630254	27.7032
31996	0.601606	27.7199
31996	0.572958	27.7365
31996	0.54431	27.7532
31996	0.515662	27.7699
31996	0.487014	27.7865
31996	0.458366	27.8032
31996	0.429719	27.8199
31996	0.401071	27.8365
31996	0.372423	27.8532
31996	0.343775	27.8699
31996	0.315127	27.8866
31996	0.286479	27.9032
31996	0.257831	27.9199
31996	0.229184	27.9366
31996	0.200536	27.9532
31996	0.171888	27.9699
31996	0.14324	27.9866
31996	0.114592	28.0033
31996	0.0859443	28.0199
31996	0.0572965	28.0366
31996	0.0286486	28.0533
31996	7.53721e-07	28.0699
31996	-0.0286471	28.0866
31996	0	28.1033
31996	0	28.1199
31996	0	28.1366
31996	0	28.1533
31996	0	28.17
31996	0	28.1866
31996	0	28.2033
31996	0	28.22
31996	0	28.2366
31996	0	28.2533
31996	0	28.27
31996	0	28.2866
31996	0	28.3033
31996	0	28.32
31996	0	28.3367
31996	0	28.3533
31996	0	28.37
31996	0	28.3867
31996	0	28.4033
31996	0	28.42
31996	0	28.4367
31996	0	28.4533
31996	0	28.47
31996	0	28.4867
31996	0	28.5034
31996	0	28.52
31996	0	28.5367
31996	0	28.5534
31996	0	28.57
31996	0	28.5867
31996	0	28.6034
31996	0	28.62
31996	0	28.6367
31996	0	28.6534
31996	0	28.6701
31996	0	28.6867
31996	0	28.7034
31996	0	28.7201
31996	0	28.7367
31996	0	28.7534
31996	0	28.7701
31996	0	28.7868
31996	0	28.8034
31996	0	28.8201
31996	0	28.8368
31996	0	28.8534
31996	0	28.8701
31996	0	28.8868
31996	0	28.9034
31996	0	28.9201
31996	0	28.9368
31996	0	28.9535
31996	0	28.9701
31996	0	28.9868
31996	0	29.0035
31996	0	29.0201
31996	0	29.0368
31996	0	29.0535
31996	0	29.0701
31996	0	29.0868
