inside_count	theta (degrees)	time (s)
57951	0.0286479	0.0160751
57950	0.0572957	0.0327415
57950	0.0859435	0.049408
57950	0.114591	0.0660744
57948	0.143239	0.0827408
57948	0.171887	0.0994072
57948	0.200535	0.116074
57948	0.229183	0.13274
57948	0.257831	0.149406
57948	0.286479	0.166073
57948	0.315126	0.182739
57948	0.343774	0.199406
57948	0.372422	0.216072
57948	0.40107	0.232738
57947	0.429718	0.249405
57945	0.458366	0.266071
57944	0.487013	0.282738
57944	0.515661	0.299404
57944	0.544309	0.316071
57943	0.572957	0.332737
57943	0.601605	0.349403
57943	0.630253	0.36607
57943	0.658901	0.382736
57943	0.687548	0.399403
57943	0.716196	0.416069
57942	0.744844	0.432735
57942	0.773492	0.449402
57942	0.80214	0.466068
57942	0.830788	0.482735
57942	0.859436	0.499401
57941	0.888083	0.516068
57940	0.916731	0.532734
57939	0.945379	0.5494
57939	0.974027	0.566067
57939	1.00267	0.582733
57939	1.03132	0.5994
57939	1.05997	0.616066
57939	1.08862	0.632732
57938	1.11727	0.649399
57938	1.14591	0.666065
57938	1.17456	0.682732
57937	1.20321	0.699398
57937	1.23186	0.716064
57937	1.2605	0.732731
57937	1.28915	0.749397
57937	1.3178	0.766064
57937	1.34645	0.78273
57937	1.3751	0.799397
57937	1.40374	0.816063
57937	1.43239	0.832729
57936	1.46104	0.849396
57936	1.48969	0.866062
57936	1.51834	0.882729
57936	1.54698	0.899395
57936	1.57563	0.916061
57936	1.60428	0.932728
57936	1.63293	0.949394
57934	1.66157	0.966061
57933	1.69022	0.982727
57933	1.71887	0.999393
57933	1.74752	1.01606
57933	1.77617	1.03273
57931	1.80481	1.04939
57931	1.83346	1.06606
57931	1.86211	1.08273
57931	1.89076	1.09939
57931	1.9194	1.11606
57931	1.94805	1.13272
57931	1.9767	1.14939
57931	2.00535	1.16606
57931	2.034	1.18272
57931	2.06264	1.19939
57930	2.09129	1.21606
57930	2.11994	1.23272
57930	2.14859	1.24939
57929	2.17724	1.26606
57929	2.20588	1.28272
57929	2.23453	1.29939
57929	2.26318	1.31606
57928	2.29183	1.33272
57928	2.32048	1.34939
57927	2.34912	1.36605
57927	2.37777	1.38272
57927	2.40642	1.39939
57927	2.43507	1.41605
57927	2.46372	1.43272
57927	2.49236	1.44939
57927	2.52101	1.46605
57926	2.54966	1.48272
57926	2.57831	1.49939
57926	2.60695	1.51605
57926	2.6356	1.53272
57926	2.66425	1.54939
57926	2.6929	1.56605
57926	2.72155	1.58272
57926	2.75019	1.59938
57926	2.77884	1.61605
57926	2.80749	1.63272
57926	2.83614	1.64938
57926	2.86479	1.66605
57924	2.89343	1.68272
57924	2.92208	1.69938
57924	2.95073	1.71605
57924	2.97938	1.73272
57924	3.00803	1.74938
57924	3.03667	1.76605
57924	3.06532	1.78271
57924	3.09397	1.79938
57924	3.12262	1.81605
57922	3.15126	1.83271
57922	3.17991	1.84938
57922	3.20856	1.86605
57922	3.23721	1.88271
57922	3.26586	1.89938
57922	3.2945	1.91605
57921	3.32315	1.93271
57919	3.3518	1.94938
57919	3.38045	1.96605
57919	3.4091	1.98271
57919	3.43774	1.99938
57919	3.46639	2.01604
57919	3.49504	2.03271
57919	3.52369	2.04938
57918	3.55234	2.06604
57917	3.58098	2.08271
57917	3.60963	2.09938
57917	3.63828	2.11604
57917	3.66693	2.13271
57917	3.69557	2.14938
57917	3.72422	2.16604
57917	3.75287	2.18271
57917	3.78152	2.19938
57915	3.81017	2.21604
57915	3.83881	2.23271
57914	3.86746	2.24937
57914	3.89611	2.26604
57914	3.92476	2.28271
57914	3.95341	2.29937
57914	3.98205	2.31604
57914	4.0107	2.33271
57913	4.03935	2.34937
57913	4.068	2.36604
57913	4.09665	2.38271
57913	4.12529	2.39937
57911	4.15394	2.41604
57911	4.18259	2.4327
57911	4.21124	2.44937
57911	4.23989	2.46604
57911	4.26853	2.4827
57911	4.29718	2.49937
57911	4.32583	2.51604
57911	4.35448	2.5327
57910	4.38312	2.54937
57910	4.41177	2.56604
57910	4.44042	2.5827
57910	4.46907	2.59937
57910	4.49772	2.61604
57910	4.52636	2.6327
57910	4.55501	2.64937
57910	4.58366	2.66603
57910	4.61231	2.6827
57910	4.64096	2.69937
57910	4.6696	2.71603
57910	4.69825	2.7327
57910	4.7269	2.74937
57910	4.75555	2.76603
57909	4.7842	2.7827
57908	4.81284	2.79937
57908	4.84149	2.81603
57908	4.87014	2.8327
57908	4.89879	2.84937
57908	4.92743	2.86603
57907	4.95608	2.8827
57907	4.98473	2.89936
57906	5.01338	2.91603
57906	5.04203	2.9327
57906	5.07067	2.94936
57904	5.09932	2.96603
57904	5.12797	2.9827
57904	5.15662	2.99936
57904	5.18527	3.01603
57903	5.21391	3.0327
57903	5.24256	3.04936
57903	5.27121	3.06603
57903	5.29986	3.0827
57903	5.32851	3.09936
57903	5.35715	3.11603
57903	5.3858	3.13269
57903	5.41445	3.14936
57903	5.4431	3.16603
57903	5.47175	3.18269
57903	5.50039	3.19936
57903	5.52904	3.21603
57903	5.55769	3.23269
57903	5.58634	3.24936
57903	5.61498	3.26603
57903	5.64363	3.28269
57903	5.67228	3.29936
57903	5.70093	3.31602
57903	5.72958	3.33269
57903	5.75822	3.34936
57901	5.78687	3.36602
57900	5.81552	3.38269
57900	5.84417	3.39936
57900	5.87282	3.41602
57900	5.90146	3.43269
57900	5.93011	3.44936
57900	5.95876	3.46602
57900	5.98741	3.48269
57900	6.01606	3.49936
57900	6.0447	3.51602
57900	6.07335	3.53269
57900	6.102	3.54935
57900	6.13065	3.56602
57900	6.1593	3.58269
57900	6.18794	3.59935
57900	6.21659	3.61602
57900	6.24524	3.63269
57900	6.27389	3.64935
57900	6.30253	3.66602
57900	6.33118	3.68269
57900	6.35983	3.69935
57900	6.38848	3.71602
57900	6.41713	3.73269
57900	6.44577	3.74935
57900	6.47442	3.76602
57900	6.50307	3.78268
57900	6.53172	3.79935
57900	6.56037	3.81602
57899	6.58901	3.83268
57899	6.61766	3.84935
57899	6.64631	3.86602
57899	6.67496	3.88268
57899	6.70361	3.89935
57899	6.73225	3.91602
57899	6.7609	3.93268
57899	6.78955	3.94935
57899	6.8182	3.96601
57899	6.84685	3.98268
57899	6.87549	3.99935
57899	6.90414	4.01601
57899	6.93279	4.03268
57899	6.96144	4.04935
57899	6.99008	4.06601
57899	7.01873	4.08268
57899	7.04738	4.09935
57899	7.07603	4.11601
57899	7.10468	4.13268
57899	7.13332	4.14935
57899	7.16197	4.16601
57899	7.19062	4.18268
57899	7.21927	4.19934
57899	7.24791	4.21601
57899	7.27656	4.23268
57899	7.30521	4.24934
57899	7.33386	4.26601
57899	7.3625	4.28268
57899	7.39115	4.29934
57899	7.4198	4.31601
57899	7.44845	4.33268
57890	7.47709	4.34934
57882	7.50574	4.36601
57874	7.53439	4.38268
57871	7.56304	4.39934
57869	7.59168	4.41601
57865	7.62033	4.43267
57859	7.64898	4.44934
57854	7.67763	4.46601
57849	7.70627	4.48267
57844	7.73492	4.49934
57839	7.76357	4.51601
57831	7.79222	4.53267
57823	7.82086	4.54934
57817	7.84951	4.56601
57808	7.87816	4.58267
57802	7.90681	4.59934
57796	7.93545	4.616
57786	7.9641	4.63267
57780	7.99275	4.64934
57772	8.0214	4.666
57766	8.05004	4.68267
57759	8.07869	4.69934
57750	8.10734	4.716
57744	8.13599	4.73267
57733	8.16463	4.74934
57721	8.19328	4.766
57708	8.22193	4.78267
57698	8.25058	4.79934
57687	8.27922	4.816
57676	8.30787	4.83267
57664	8.33652	4.84933
57652	8.36517	4.866
57638	8.39381	4.88267
57623	8.42246	4.89933
57611	8.45111	4.916
57599	8.47976	4.93267
57589	8.5084	4.94933
57574	8.53705	4.966
57559	8.5657	4.98267
57540	8.59435	4.99933
57523	8.62299	5.016
57509	8.65164	5.03267
57491	8.68029	5.04933
57477	8.70894	5.066
57462	8.73758	5.08266
57444	8.76623	5.09933
57428	8.79488	5.116
57412	8.82353	5.13266
57397	8.85217	5.14933
57379	8.88082	5.166
57359	8.90947	5.18266
57344	8.93812	5.19933
57322	8.96676	5.216
57306	8.99541	5.23266
57284	9.02406	5.24933
57262	9.05271	5.266
57240	9.08135	5.28266
57217	9.11	5.29933
57195	9.13865	5.31599
57170	9.1673	5.33266
57146	9.19594	5.34933
57125	9.22459	5.36599
57103	9.25324	5.38266
57082	9.28189	5.39933
57056	9.31053	5.41599
57027	9.33918	5.43266
57004	9.36783	5.44933
56978	9.39648	5.46599
56954	9.42512	5.48266
56929	9.45377	5.49932
56902	9.48242	5.51599
56877	9.51107	5.53266
56856	9.53971	5.54932
56830	9.56836	5.56599
56804	9.59701	5.58266
56776	9.62566	5.59932
56747	9.6543	5.61599
56717	9.68295	5.63266
56690	9.7116	5.64932
56658	9.74024	5.66599
56626	9.76889	5.68266
56597	9.79754	5.69932
56570	9.82619	5.71599
56539	9.85484	5.73265
56507	9.88348	5.74932
56473	9.91213	5.76599
56443	9.94078	5.78265
56412	9.96943	5.79932
56381	9.99807	5.81599
56351	10.0267	5.83265
56318	10.0554	5.84932
56284	10.084	5.86599
56252	10.1127	5.88265
56219	10.1413	5.89932
56183	10.17	5.91599
56145	10.1986	5.93265
56112	10.2273	5.94932
56078	10.2559	5.96598
56040	10.2845	5.98265
56004	10.3132	5.99932
55971	10.3418	6.01598
55936	10.3705	6.03265
55901	10.3991	6.04932
55859	10.4278	6.06598
55817	10.4564	6.08265
55780	10.4851	6.09932
55742	10.5137	6.11598
55709	10.5424	6.13265
55669	10.571	6.14931
55628	10.5997	6.16598
55589	10.6283	6.18265
55548	10.657	6.19931
55509	10.6856	6.21598
55471	10.7143	6.23265
55429	10.7429	6.24931
55390	10.7716	6.26598
55351	10.8002	6.28265
55307	10.8288	6.29931
55265	10.8575	6.31598
55228	10.8861	6.33265
55188	10.9148	6.34931
55141	10.9434	6.36598
55102	10.9721	6.38264
55060	11.0007	6.39931
55014	11.0294	6.41598
54969	11.058	6.43264
54927	11.0867	6.44931
54882	11.1153	6.46598
54836	11.144	6.48264
54797	11.1726	6.49931
54753	11.2013	6.51598
54708	11.2299	6.53264
54663	11.2586	6.54931
54611	11.2872	6.56598
54571	11.3159	6.58264
54525	11.3445	6.59931
54479	11.3732	6.61597
54434	11.4018	6.63264
54385	11.4304	6.64931
54343	11.4591	6.66597
54292	11.4877	6.68264
54245	11.5164	6.69931
54200	11.545	6.71597
54153	11.5737	6.73264
54108	11.6023	6.74931
54060	11.631	6.76597
54014	11.6596	6.78264
53969	11.6883	6.7993
53925	11.7169	6.81597
53873	11.7456	6.83264
53823	11.7742	6.8493
53768	11.8029	6.86597
53713	11.8315	6.88264
53667	11.8602	6.8993
53617	11.8888	6.91597
53573	11.9175	6.93264
53517	11.9461	6.9493
53471	11.9747	6.96597
53420	12.0034	6.98264
53366	12.032	6.9993
53315	12.0607	7.01597
53261	12.0893	7.03263
53207	12.118	7.0493
53155	12.1466	7.06597
53097	12.1753	7.08263
53045	12.2039	7.0993
52996	12.2326	7.11597
52947	12.2612	7.13263
52887	12.2899	7.1493
52831	12.3185	7.16597
52772	12.3472	7.18263
52716	12.3758	7.1993
52664	12.4045	7.21597
52613	12.4331	7.23263
52557	12.4618	7.2493
52499	12.4904	7.26596
52437	12.5191	7.28263
52385	12.5477	7.2993
52318	12.5763	7.31596
52266	12.605	7.33263
52209	12.6336	7.3493
52152	12.6623	7.36596
52093	12.6909	7.38263
52032	12.7196	7.3993
51981	12.7482	7.41596
51912	12.7769	7.43263
51850	12.8055	7.4493
51801	12.8342	7.46596
51745	12.8628	7.48263
51686	12.8915	7.49929
51621	12.9201	7.51596
51559	12.9488	7.53263
51504	12.9774	7.54929
51443	13.0061	7.56596
51382	13.0347	7.58263
51323	13.0634	7.59929
51263	13.092	7.61596
51209	13.1206	7.63263
51147	13.1493	7.64929
51083	13.1779	7.66596
51031	13.2066	7.68262
50969	13.2352	7.69929
50902	13.2639	7.71596
50845	13.2925	7.73262
50785	13.3212	7.74929
50725	13.3498	7.76596
50667	13.3785	7.78262
50607	13.4071	7.79929
50544	13.4358	7.81596
50484	13.4644	7.83262
50421	13.4931	7.84929
50357	13.5217	7.86596
50295	13.5504	7.88262
50242	13.579	7.89929
50177	13.6077	7.91595
50123	13.6363	7.93262
50060	13.665	7.94929
50000	13.6936	7.96595
49935	13.7222	7.98262
49877	13.7509	7.99929
49821	13.7795	8.01595
49763	13.8082	8.03262
49702	13.8368	8.04929
49646	13.8655	8.06595
49587	13.8941	8.08262
49529	13.9228	8.09929
49474	13.9514	8.11595
49407	13.9801	8.13262
49347	14.0087	8.14928
49284	14.0374	8.16595
49227	14.066	8.18262
49167	14.0947	8.19928
49102	14.1233	8.21595
49046	14.152	8.23262
48981	14.1806	8.24928
48918	14.2093	8.26595
48857	14.2379	8.28262
48799	14.2665	8.29928
48739	14.2952	8.31595
48678	14.3238	8.33261
48622	14.3525	8.34928
48553	14.3811	8.36595
48492	14.4098	8.38261
48437	14.4384	8.39928
48379	14.4671	8.41595
48316	14.4957	8.43261
48255	14.5244	8.44928
48200	14.553	8.46595
48136	14.5817	8.48261
48078	14.6103	8.49928
48022	14.639	8.51595
47959	14.6676	8.53261
47900	14.6963	8.54928
47847	14.7249	8.56594
47783	14.7536	8.58261
47722	14.7822	8.59928
47657	14.8109	8.61594
47598	14.8395	8.63261
47531	14.8681	8.64928
47472	14.8968	8.66594
47411	14.9254	8.68261
47357	14.9541	8.69928
47300	14.9827	8.71594
47234	15.0114	8.73261
47172	15.04	8.74928
47116	15.0687	8.76594
47055	15.0973	8.78261
47000	15.126	8.79927
46934	15.1546	8.81594
46875	15.1833	8.83261
46811	15.2119	8.84927
46750	15.2406	8.86594
46687	15.2692	8.88261
46625	15.2979	8.89927
46558	15.3265	8.91594
46509	15.3552	8.93261
46442	15.3838	8.94927
46370	15.4124	8.96594
46319	15.4411	8.9826
46259	15.4697	8.99927
46199	15.4984	9.01594
46136	15.527	9.0326
46065	15.5557	9.04927
46005	15.5843	9.06594
45942	15.613	9.0826
45885	15.6416	9.09927
45816	15.6703	9.11594
45755	15.6989	9.1326
45688	15.7276	9.14927
45625	15.7562	9.16594
45564	15.7849	9.1826
45502	15.8135	9.19927
45432	15.8422	9.21593
45370	15.8708	9.2326
45312	15.8995	9.24927
45248	15.9281	9.26593
45178	15.9567	9.2826
45108	15.9854	9.29927
45045	16.014	9.31593
44983	16.0427	9.3326
44920	16.0713	9.34927
44853	16.1	9.36593
44782	16.1286	9.3826
44723	16.1573	9.39927
44659	16.1859	9.41593
44590	16.2146	9.4326
44525	16.2432	9.44926
44460	16.2719	9.46593
44386	16.3005	9.4826
44324	16.3292	9.49926
44262	16.3578	9.51593
44194	16.3865	9.5326
44125	16.4151	9.54926
44057	16.4438	9.56593
43996	16.4724	9.5826
43924	16.5011	9.59926
43863	16.5297	9.61593
43789	16.5583	9.6326
43730	16.587	9.64926
43662	16.6156	9.66593
43595	16.6443	9.68259
43530	16.6729	9.69926
43461	16.7016	9.71593
43390	16.7302	9.73259
43325	16.7589	9.74926
43243	16.7875	9.76593
43167	16.8162	9.78259
43092	16.8448	9.79926
43027	16.8735	9.81593
42956	16.9021	9.83259
42879	16.9308	9.84926
42811	16.9594	9.86592
42741	16.9881	9.88259
42671	17.0167	9.89926
42588	17.0454	9.91592
42515	17.074	9.93259
42442	17.1026	9.94926
42377	17.1313	9.96592
42313	17.1599	9.98259
42219	17.1886	9.99926
42137	17.2172	10.0159
42055	17.2459	10.0326
41986	17.2745	10.0493
41911	17.3032	10.0659
41844	17.3318	10.0826
41775	17.3605	10.0993
41715	17.3891	10.1159
41637	17.4178	10.1326
41540	17.4464	10.1493
41450	17.4751	10.1659
41377	17.5037	10.1826
41276	17.5324	10.1993
41195	17.561	10.2159
41121	17.5897	10.2326
41057	17.6183	10.2493
40971	17.647	10.2659
40881	17.6756	10.2826
40800	17.7042	10.2993
40725	17.7329	10.3159
40644	17.7615	10.3326
40561	17.7902	10.3493
40478	17.8188	10.3659
40384	17.8475	10.3826
40294	17.8761	10.3993
40213	17.9048	10.4159
40139	17.9334	10.4326
40063	17.9621	10.4492
39973	17.9621	10.4659
39891	17.9621	10.4826
39810	17.9621	10.4992
39736	17.9621	10.5159
39653	17.9621	10.5326
39580	17.9621	10.5492
39478	17.9621	10.5659
39396	17.9621	10.5826
39324	17.9621	10.5992
39240	17.9621	10.6159
39157	17.9621	10.6326
39077	17.9621	10.6492
38986	17.9621	10.6659
38912	17.9621	10.6826
38820	17.9621	10.6992
38752	17.9621	10.7159
38684	17.9621	10.7326
38601	17.9621	10.7492
38504	17.9621	10.7659
38422	17.9621	10.7826
38329	17.9621	10.7992
38229	17.9621	10.8159
38161	17.9621	10.8326
38075	17.9621	10.8492
38002	17.9621	10.8659
37929	17.9621	10.8826
37836	17.9621	10.8992
37730	17.9621	10.9159
37638	17.9621	10.9326
37560	17.9621	10.9492
37481	17.9621	10.9659
37394	17.9621	10.9826
37316	17.9621	10.9992
37220	17.9621	11.0159
37131	17.9621	11.0326
37061	17.9621	11.0492
36989	17.9621	11.0659
36907	17.9621	11.0826
36809	17.9621	11.0992
36726	17.9621	11.1159
36644	17.9621	11.1326
36576	17.9621	11.1492
36481	17.9621	11.1659
36380	17.9621	11.1826
36292	17.9621	11.1992
36222	17.9621	11.2159
36155	17.9621	11.2326
36076	17.9621	11.2492
36003	17.9621	11.2659
35911	17.9621	11.2826
35827	17.9621	11.2992
35737	17.9621	11.3159
35662	17.9621	11.3326
35584	17.9621	11.3492
35505	17.9621	11.3659
35420	17.9621	11.3826
35329	17.9621	11.3992
35247	17.9621	11.4159
35151	17.9621	11.4326
35067	17.9621	11.4492
35000	17.9621	11.4659
34923	17.9334	11.4826
34847	17.9048	11.4992
34769	17.8761	11.5159
34709	17.8475	11.5326
34629	17.8188	11.5492
34545	17.7902	11.5659
34444	17.7615	11.5826
34346	17.7329	11.5992
34264	17.7042	11.6159
34180	17.6756	11.6326
34108	17.647	11.6492
34030	17.6183	11.6659
33951	17.5897	11.6826
33882	17.561	11.6992
33798	17.5324	11.7159
33715	17.5037	11.7326
33630	17.4751	11.7492
33543	17.4464	11.7659
33479	17.4178	11.7826
33414	17.3891	11.7992
33342	17.3605	11.8159
33268	17.3318	11.8326
33184	17.3032	11.8492
33098	17.2745	11.8659
32999	17.2459	11.8826
32938	17.2172	11.8992
32868	17.1886	11.9159
32787	17.1599	11.9326
32710	17.1313	11.9492
32625	17.1026	11.9659
32529	17.074	11.9826
32473	17.0454	11.9992
32413	17.0167	12.0159
32362	16.9881	12.0326
32281	16.9594	12.0492
32176	16.9308	12.0659
32095	16.9021	12.0826
32033	16.8735	12.0992
31976	16.8448	12.1159
31904	16.8162	12.1326
31816	16.7875	12.1492
31734	16.7589	12.1659
31657	16.7302	12.1826
31572	16.7016	12.1992
31511	16.6729	12.2159
31442	16.6443	12.2326
31341	16.6156	12.2492
31270	16.587	12.2659
31199	16.5583	12.2826
31138	16.5297	12.2992
31075	16.5011	12.3159
30983	16.4724	12.3326
30902	16.4438	12.3492
30833	16.4151	12.3659
30766	16.3865	12.3826
30705	16.3578	12.3992
30633	16.3292	12.4159
30558	16.3005	12.4326
30487	16.2719	12.4492
30409	16.2432	12.4659
30341	16.2146	12.4826
30285	16.1859	12.4992
30228	16.1573	12.5159
30134	16.1286	12.5326
30064	16.1	12.5492
29996	16.0713	12.5659
29935	16.0427	12.5826
29873	16.014	12.5992
29806	15.9854	12.6159
29744	15.9567	12.6325
29676	15.9281	12.6492
29593	15.8995	12.6659
29531	15.8708	12.6825
29472	15.8422	12.6992
29408	15.8135	12.7159
29349	15.7849	12.7325
29297	15.7562	12.7492
29225	15.7276	12.7659
29167	15.6989	12.7825
29093	15.6703	12.7992
29038	15.6416	12.8159
28978	15.613	12.8325
28912	15.5843	12.8492
28844	15.5557	12.8659
28789	15.527	12.8825
28739	15.4984	12.8992
28682	15.4697	12.9159
28616	15.4411	12.9325
28552	15.4124	12.9492
28478	15.3838	12.9659
28422	15.3552	12.9825
28369	15.3265	12.9992
28312	15.2979	13.0159
28259	15.2692	13.0325
28199	15.2406	13.0492
28138	15.2119	13.0659
28091	15.1833	13.0825
28039	15.1546	13.0992
27984	15.126	13.1159
27927	15.0973	13.1325
27872	15.0687	13.1492
27811	15.04	13.1659
27758	15.0114	13.1825
27705	14.9827	13.1992
27652	14.9541	13.2159
27585	14.9254	13.2325
27534	14.8968	13.2492
27482	14.8681	13.2659
27433	14.8395	13.2825
27385	14.8109	13.2992
27331	14.7822	13.3159
27273	14.7536	13.3325
27228	14.7249	13.3492
27178	14.6963	13.3659
27123	14.6676	13.3825
27082	14.639	13.3992
27032	14.6103	13.4159
26980	14.5817	13.4325
26938	14.553	13.4492
26893	14.5244	13.4659
26836	14.4957	13.4825
26783	14.4671	13.4992
26729	14.4384	13.5159
26691	14.4098	13.5325
26641	14.3811	13.5492
26594	14.3525	13.5659
26553	14.3238	13.5825
26502	14.2952	13.5992
26460	14.2665	13.6159
26409	14.2379	13.6325
26372	14.2093	13.6492
26328	14.1806	13.6659
26285	14.152	13.6825
26236	14.1233	13.6992
26187	14.0947	13.7159
26144	14.066	13.7325
26103	14.0374	13.7492
26063	14.0087	13.7659
26016	13.9801	13.7825
25974	13.9514	13.7992
25936	13.9228	13.8159
25890	13.8941	13.8325
25848	13.8655	13.8492
25809	13.8368	13.8659
25773	13.8082	13.8825
25730	13.7795	13.8992
25686	13.7509	13.9159
25648	13.7222	13.9325
25609	13.6936	13.9492
25570	13.665	13.9659
25530	13.6363	13.9825
25497	13.6077	13.9992
25450	13.579	14.0159
25411	13.5504	14.0325
25379	13.5217	14.0492
25342	13.4931	14.0659
25306	13.4644	14.0825
25265	13.4358	14.0992
25227	13.4071	14.1159
25187	13.3785	14.1326
25154	13.3498	14.1492
25118	13.3212	14.1659
25086	13.2925	14.1826
25056	13.2639	14.1992
25016	13.2352	14.2159
24979	13.2066	14.2326
24948	13.1779	14.2492
24915	13.1493	14.2659
24873	13.1206	14.2826
24842	13.092	14.2993
24810	13.0634	14.3159
24774	13.0347	14.3326
24742	13.0061	14.3493
24705	12.9774	14.3659
24672	12.9488	14.3826
24639	12.9201	14.3993
24608	12.8915	14.4159
24577	12.8628	14.4326
24546	12.8342	14.4493
24513	12.8055	14.466
24480	12.7769	14.4826
24448	12.7482	14.4993
24416	12.7196	14.516
24382	12.6909	14.5326
24352	12.6623	14.5493
24325	12.6336	14.566
24291	12.605	14.5826
24260	12.5763	14.5993
24227	12.5477	14.616
24196	12.5191	14.6327
24167	12.4904	14.6493
24137	12.4618	14.666
24110	12.4331	14.6827
24079	12.4045	14.6993
24045	12.3758	14.716
24018	12.3472	14.7327
23985	12.3185	14.7494
23955	12.2899	14.766
23925	12.2612	14.7827
23898	12.2326	14.7994
23869	12.2039	14.816
23842	12.1753	14.8327
23810	12.1466	14.8494
23780	12.118	14.866
23747	12.0893	14.8827
23720	12.0607	14.8994
23695	12.032	14.9161
23669	12.0034	14.9327
23636	11.9747	14.9494
23604	11.9461	14.9661
23574	11.9175	14.9827
23549	11.8888	14.9994
23520	11.8602	15.0161
23491	11.8315	15.0327
23469	11.8029	15.0494
23441	11.7742	15.0661
23407	11.7456	15.0828
23380	11.7169	15.0994
23350	11.6883	15.1161
23324	11.6596	15.1328
23291	11.631	15.1494
23264	11.6023	15.1661
23239	11.5737	15.1828
23213	11.545	15.1994
23190	11.5164	15.2161
23164	11.4877	15.2328
23137	11.4591	15.2495
23113	11.4304	15.2661
23084	11.4018	15.2828
23057	11.3732	15.2995
23032	11.3445	15.3161
23006	11.3159	15.3328
22979	11.2872	15.3495
22952	11.2586	15.3661
22927	11.2299	15.3828
22902	11.2013	15.3995
22876	11.1726	15.4162
22852	11.144	15.4328
22826	11.1153	15.4495
22800	11.0867	15.4662
22779	11.058	15.4828
22756	11.0294	15.4995
22733	11.0007	15.5162
22712	10.9721	15.5329
22692	10.9434	15.5495
22665	10.9148	15.5662
22640	10.8861	15.5829
22617	10.8575	15.5995
22595	10.8289	15.6162
22573	10.8002	15.6329
22552	10.7716	15.6495
22531	10.7429	15.6662
22512	10.7143	15.6829
22493	10.6856	15.6996
22477	10.657	15.7162
22457	10.6283	15.7329
22434	10.5997	15.7496
22417	10.571	15.7662
22399	10.5424	15.7829
22376	10.5137	15.7996
22357	10.4851	15.8162
22339	10.4564	15.8329
22320	10.4278	15.8496
22300	10.3991	15.8663
22286	10.3705	15.8829
22270	10.3418	15.8996
22256	10.3132	15.9163
22242	10.2845	15.9329
22223	10.2559	15.9496
22205	10.2273	15.9663
22188	10.1986	15.9829
22172	10.17	15.9996
22160	10.1413	16.0163
22144	10.1127	16.033
22128	10.084	16.0496
22114	10.0554	16.0663
22101	10.0267	16.083
22085	9.99807	16.0996
22073	9.96943	16.1163
22054	9.94078	16.133
22039	9.91213	16.1497
22025	9.88348	16.1663
22014	9.85484	16.183
22002	9.82619	16.1997
21988	9.79754	16.2163
21976	9.76889	16.233
21963	9.74025	16.2497
21950	9.7116	16.2663
21936	9.68295	16.283
21921	9.6543	16.2997
21906	9.62566	16.3164
21893	9.59701	16.333
21878	9.56836	16.3497
21870	9.53971	16.3664
21860	9.51107	16.383
21848	9.48242	16.3997
21838	9.45377	16.4164
21826	9.42512	16.433
21811	9.39648	16.4497
21803	9.36783	16.4664
21787	9.33918	16.4831
21774	9.31053	16.4997
21763	9.28189	16.5164
21749	9.25324	16.5331
21739	9.22459	16.5497
21728	9.19594	16.5664
21720	9.1673	16.5831
21709	9.13865	16.5997
21696	9.11	16.6164
21688	9.08135	16.6331
21677	9.05271	16.6498
21667	9.02406	16.6664
21659	8.99541	16.6831
21650	8.96676	16.6998
21640	8.93812	16.7164
21628	8.90947	16.7331
21621	8.88082	16.7498
21609	8.85217	16.7664
21598	8.82353	16.7831
21589	8.79488	16.7998
21579	8.76623	16.8165
21573	8.73758	16.8331
21563	8.70894	16.8498
21553	8.68029	16.8665
21545	8.65164	16.8831
21539	8.62299	16.8998
21532	8.59435	16.9165
21524	8.5657	16.9332
21515	8.53705	16.9498
21508	8.5084	16.9665
21499	8.47976	16.9832
21490	8.45111	16.9998
21481	8.42246	17.0165
21475	8.39381	17.0332
21465	8.36517	17.0498
21455	8.33652	17.0665
21448	8.30787	17.0832
21440	8.27922	17.0999
21433	8.25058	17.1165
21427	8.22193	17.1332
21426	8.19328	17.1499
21417	8.16463	17.1665
21408	8.13599	17.1832
21403	8.10734	17.1999
21398	8.07869	17.2165
21389	8.05005	17.2332
21382	8.0214	17.2499
21375	7.99275	17.2666
21367	7.9641	17.2832
21362	7.93545	17.2999
21359	7.90681	17.3166
21352	7.87816	17.3332
21345	7.84951	17.3499
21337	7.82086	17.3666
21334	7.79222	17.3832
21331	7.76357	17.3999
21327	7.73492	17.4166
21325	7.70627	17.4333
21316	7.67763	17.4499
21309	7.64898	17.4666
21302	7.62033	17.4833
21293	7.59168	17.4999
21293	7.56304	17.5166
21293	7.53439	17.5333
21287	7.50574	17.5499
21280	7.4771	17.5666
21273	7.44845	17.5833
21264	7.4198	17.6
21264	7.39115	17.6166
21264	7.3625	17.6333
21260	7.33386	17.65
21252	7.30521	17.6666
21248	7.27656	17.6833
21240	7.24792	17.7
21238	7.21927	17.7167
21237	7.19062	17.7333
21231	7.16197	17.75
21225	7.13332	17.7667
21221	7.10468	17.7833
21216	7.07603	17.8
21213	7.04738	17.8167
21207	7.01873	17.8333
21207	6.99009	17.85
21207	6.96144	17.8667
21207	6.93279	17.8834
21207	6.90414	17.9
21205	6.87549	17.9167
21192	6.84685	17.9334
21188	6.8182	17.95
21188	6.78955	17.9667
21188	6.7609	17.9834
21178	6.73225	18
21177	6.70361	18.0167
21177	6.67496	18.0334
21172	6.64631	18.0501
21171	6.61766	18.0667
21170	6.58901	18.0834
21166	6.56037	18.1001
21166	6.53172	18.1167
21166	6.50307	18.1334
21166	6.47442	18.1501
21166	6.44578	18.1667
21162	6.41713	18.1834
21155	6.38848	18.2001
21152	6.35983	18.2168
21146	6.33118	18.2334
21146	6.30254	18.2501
21146	6.27389	18.2668
21146	6.24524	18.2834
21146	6.21659	18.3001
21146	6.18794	18.3168
21146	6.1593	18.3335
21144	6.13065	18.3501
21137	6.102	18.3668
21137	6.07335	18.3835
21137	6.0447	18.4001
21137	6.01606	18.4168
21137	5.98741	18.4335
21137	5.95876	18.4501
21135	5.93011	18.4668
21132	5.90146	18.4835
21132	5.87282	18.5002
21132	5.84417	18.5168
21132	5.81552	18.5335
21132	5.78687	18.5502
21131	5.75823	18.5668
21127	5.72958	18.5835
21122	5.70093	18.6002
21120	5.67228	18.6168
21119	5.64363	18.6335
21119	5.61499	18.6502
21119	5.58634	18.6669
21119	5.55769	18.6835
21119	5.52904	18.7002
21119	5.50039	18.7169
21119	5.47175	18.7335
21119	5.4431	18.7502
21119	5.41445	18.7669
21119	5.3858	18.7835
21119	5.35715	18.8002
21119	5.32851	18.8169
21119	5.29986	18.8336
21119	5.27121	18.8502
21119	5.24256	18.8669
21119	5.21391	18.8836
21119	5.18527	18.9002
21119	5.15662	18.9169
21119	5.12797	18.9336
21116	5.09932	18.9502
21114	5.07068	18.9669
21114	5.04203	18.9836
21114	5.01338	19.0003
21114	4.98473	19.0169
21114	4.95608	19.0336
21114	4.92744	19.0503
21114	4.89879	19.0669
21114	4.87014	19.0836
21114	4.84149	19.1003
21114	4.81284	19.117
21113	4.7842	19.1336
21113	4.75555	19.1503
21113	4.7269	19.167
21113	4.69825	19.1836
21113	4.6696	19.2003
21113	4.64096	19.217
21113	4.61231	19.2336
21113	4.58366	19.2503
21113	4.55501	19.267
21113	4.52637	19.2837
21113	4.49772	19.3003
21113	4.46907	19.317
21113	4.44042	19.3337
21113	4.41177	19.3503
21113	4.38313	19.367
21113	4.35448	19.3837
21113	4.32583	19.4003
21113	4.29718	19.417
21113	4.26853	19.4337
21113	4.23989	19.4504
21113	4.21124	19.467
21113	4.18259	19.4837
21113	4.15394	19.5004
21113	4.12529	19.517
21113	4.09665	19.5337
21113	4.068	19.5504
21113	4.03935	19.567
21113	4.0107	19.5837
21113	3.98205	19.6004
21113	3.95341	19.6171
21113	3.92476	19.6337
21113	3.89611	19.6504
21113	3.86746	19.6671
21113	3.83882	19.6837
21113	3.81017	19.7004
21113	3.78152	19.7171
21113	3.75287	19.7337
21113	3.72422	19.7504
21113	3.69558	19.7671
21113	3.66693	19.7838
21113	3.63828	19.8004
21113	3.60963	19.8171
21113	3.58098	19.8338
21113	3.55234	19.8504
21113	3.52369	19.8671
21113	3.49504	19.8838
21113	3.46639	19.9005
21113	3.43774	19.9171
21113	3.4091	19.9338
21113	3.38045	19.9505
21113	3.3518	19.9671
21113	3.32315	19.9838
21113	3.29451	20.0005
21113	3.26586	20.0171
21113	3.23721	20.0338
21113	3.20856	20.0505
21113	3.17991	20.0672
21113	3.15127	20.0838
21113	3.12262	20.1005
21113	3.09397	20.1172
21113	3.06532	20.1338
21113	3.03667	20.1505
21113	3.00803	20.1672
21113	2.97938	20.1838
21113	2.95073	20.2005
21113	2.92208	20.2172
21113	2.89343	20.2339
21113	2.86479	20.2505
21113	2.83614	20.2672
21113	2.80749	20.2839
21113	2.77884	20.3005
21113	2.7502	20.3172
21113	2.72155	20.3339
21113	2.6929	20.3505
21113	2.66425	20.3672
21113	2.6356	20.3839
21113	2.60696	20.4006
21113	2.57831	20.4172
21113	2.54966	20.4339
21113	2.52101	20.4506
21113	2.49236	20.4672
21113	2.46372	20.4839
21113	2.43507	20.5006
21113	2.40642	20.5173
21113	2.37777	20.5339
21113	2.34912	20.5506
21113	2.32048	20.5673
21113	2.29183	20.5839
21113	2.26318	20.6006
21113	2.23453	20.6173
21113	2.20588	20.6339
21113	2.17724	20.6506
21113	2.14859	20.6673
21113	2.11994	20.684
21113	2.09129	20.7006
21113	2.06265	20.7173
21113	2.034	20.734
21113	2.00535	20.7506
21113	1.9767	20.7673
21113	1.94805	20.784
21113	1.91941	20.8006
21113	1.89076	20.8173
21113	1.86211	20.834
21113	1.83346	20.8507
21113	1.80481	20.8673
21113	1.77617	20.884
21113	1.74752	20.9007
21113	1.71887	20.9173
21113	1.69022	20.934
21113	1.66157	20.9507
21113	1.63293	20.9673
21113	1.60428	20.984
21113	1.57563	21.0007
21113	1.54698	21.0174
21113	1.51834	21.034
21113	1.48969	21.0507
21113	1.46104	21.0674
21113	1.43239	21.084
21113	1.40374	21.1007
21113	1.3751	21.1174
21113	1.34645	21.134
21113	1.3178	21.1507
21113	1.28915	21.1674
21113	1.26051	21.1841
21113	1.23186	21.2007
21113	1.20321	21.2174
21113	1.17456	21.2341
21113	1.14591	21.2507
21113	1.11727	21.2674
21113	1.08862	21.2841
21113	1.05997	21.3008
21113	1.03132	21.3174
21113	1.00268	21.3341
21113	0.974028	21.3508
21113	0.94538	21.3674
21113	0.916732	21.3841
21113	0.888084	21.4008
21113	0.859436	21.4174
21113	0.830789	21.4341
21113	0.802141	21.4508
21113	0.773493	21.4675
21113	0.744845	21.4841
21113	0.716197	21.5008
21113	0.687549	21.5175
21113	0.658901	21.5341
21113	0.630254	21.5508
21113	0.601606	21.5675
21113	0.572958	21.5841
21113	0.54431	21.6008
21113	0.515662	21.6175
21113	0.487014	21.6342
21113	0.458366	21.6508
21113	0.429719	21.6675
21113	0.401071	21.6842
21113	0.372423	21.7008
21113	0.343775	21.7175
21113	0.315127	21.7342
21113	0.286479	21.7508
21113	0.257831	21.7675
21113	0.229184	21.7842
21113	0.200536	21.8009
21113	0.171888	21.8175
21113	0.14324	21.8342
21113	0.114592	21.8509
21113	0.0859443	21.8675
21113	0.0572965	21.8842
21113	0.0286486	21.9009
21113	7.53721e-07	21.9175
21113	-0.0286471	21.9342
21113	0	21.9509
21113	0	21.9676
21113	0	21.9842
21113	0	22.0009
21113	0	22.0176
21113	0	22.0342
21113	0	22.0509
21113	0	22.0676
21113	0	22.0843
21113	0	22.1009
21113	0	22.1176
21113	0	22.1343
21113	0	22.1509
21113	0	22.1676
21113	0	22.1843
21113	0	22.2009
21113	0	22.2176
21113	0	22.2343
21113	0	22.251
21113	0	22.2676
21113	0	22.2843
21113	0	22.301
21113	0	22.3176
21113	0	22.3343
21113	0	22.351
21113	0	22.3676
21113	0	22.3843
21113	0	22.401
21113	0	22.4177
21113	0	22.4343
21113	0	22.451
21113	0	22.4677
21113	0	22.4843
21113	0	22.501
21113	0	22.5177
21113	0	22.5343
21113	0	22.551
21113	0	22.5677
21113	0	22.5844
21113	0	22.601
21113	0	22.6177
21113	0	22.6344
21113	0	22.651
21113	0	22.6677
21113	0	22.6844
21113	0	22.701
21113	0	22.7177
21113	0	22.7344
21113	0	22.7511
21113	0	22.7677
21113	0	22.7844
21113	0	22.8011
21113	0	22.8177
21113	0	22.8344
21113	0	22.8511
21113	0	22.8678
21113	0	22.8844
21113	0	22.9011
21113	0	22.9178
21113	0	22.9344
