inside_count	theta (degrees)	time (s)
38658	0.0286479	0.0162888
38658	0.0572957	0.0329552
38658	0.0859435	0.0496216
38658	0.114591	0.066288
38658	0.143239	0.0829544
38657	0.171887	0.0996208
38656	0.200535	0.116287
38656	0.229183	0.132954
38656	0.257831	0.14962
38656	0.286479	0.166286
38655	0.315126	0.182953
38654	0.343774	0.199619
38653	0.372422	0.216286
38653	0.40107	0.232952
38653	0.429718	0.249619
38653	0.458366	0.266285
38653	0.487013	0.282951
38652	0.515661	0.299618
38652	0.544309	0.316284
38652	0.572957	0.332951
38652	0.601605	0.349617
38651	0.630253	0.366283
38651	0.658901	0.38295
38651	0.687548	0.399616
38651	0.716196	0.416283
38651	0.744844	0.432949
38651	0.773492	0.449615
38651	0.80214	0.466282
38651	0.830788	0.482948
38650	0.859436	0.499615
38649	0.888083	0.516281
38649	0.916731	0.532948
38649	0.945379	0.549614
38649	0.974027	0.56628
38648	1.00267	0.582947
38648	1.03132	0.599613
38648	1.05997	0.61628
38648	1.08862	0.632946
38648	1.11727	0.649612
38648	1.14591	0.666279
38648	1.17456	0.682945
38648	1.20321	0.699612
38648	1.23186	0.716278
38647	1.2605	0.732944
38647	1.28915	0.749611
38647	1.3178	0.766277
38647	1.34645	0.782944
38646	1.3751	0.79961
38645	1.40374	0.816277
38644	1.43239	0.832943
38644	1.46104	0.849609
38644	1.48969	0.866276
38644	1.51834	0.882942
38644	1.54698	0.899609
38644	1.57563	0.916275
38644	1.60428	0.932941
38643	1.63293	0.949608
38643	1.66157	0.966274
38643	1.69022	0.982941
38643	1.71887	0.999607
38643	1.74752	1.01627
38643	1.77617	1.03294
38643	1.80481	1.04961
38642	1.83346	1.06627
38640	1.86211	1.08294
38639	1.89076	1.09961
38639	1.9194	1.11627
38638	1.94805	1.13294
38638	1.9767	1.1496
38638	2.00535	1.16627
38638	2.034	1.18294
38638	2.06264	1.1996
38638	2.09129	1.21627
38637	2.11994	1.23294
38637	2.14859	1.2496
38637	2.17724	1.26627
38637	2.20588	1.28294
38636	2.23453	1.2996
38635	2.26318	1.31627
38635	2.29183	1.33294
38635	2.32048	1.3496
38635	2.34912	1.36627
38635	2.37777	1.38293
38635	2.40642	1.3996
38635	2.43507	1.41627
38635	2.46372	1.43293
38634	2.49236	1.4496
38633	2.52101	1.46627
38633	2.54966	1.48293
38633	2.57831	1.4996
38633	2.60695	1.51627
38633	2.6356	1.53293
38633	2.66425	1.5496
38633	2.6929	1.56627
38633	2.72155	1.58293
38633	2.75019	1.5996
38633	2.77884	1.61626
38633	2.80749	1.63293
38632	2.83614	1.6496
38632	2.86479	1.66626
38631	2.89343	1.68293
38628	2.92208	1.6996
38628	2.95073	1.71626
38628	2.97938	1.73293
38628	3.00803	1.7496
38628	3.03667	1.76626
38628	3.06532	1.78293
38628	3.09397	1.79959
38628	3.12262	1.81626
38628	3.15126	1.83293
38628	3.17991	1.84959
38628	3.20856	1.86626
38628	3.23721	1.88293
38628	3.26586	1.89959
38628	3.2945	1.91626
38628	3.32315	1.93293
38628	3.3518	1.94959
38628	3.38045	1.96626
38628	3.4091	1.98293
38628	3.43774	1.99959
38628	3.46639	2.01626
38628	3.49504	2.03292
38628	3.52369	2.04959
38628	3.55234	2.06626
38628	3.58098	2.08292
38628	3.60963	2.09959
38628	3.63828	2.11626
38628	3.66693	2.13292
38628	3.69557	2.14959
38628	3.72422	2.16626
38628	3.75287	2.18292
38628	3.78152	2.19959
38628	3.81017	2.21626
38628	3.83881	2.23292
38628	3.86746	2.24959
38627	3.89611	2.26625
38627	3.92476	2.28292
38627	3.95341	2.29959
38627	3.98205	2.31625
38627	4.0107	2.33292
38627	4.03935	2.34959
38627	4.068	2.36625
38627	4.09665	2.38292
38627	4.12529	2.39959
38627	4.15394	2.41625
38627	4.18259	2.43292
38627	4.21124	2.44958
38627	4.23989	2.46625
38627	4.26853	2.48292
38627	4.29718	2.49958
38626	4.32583	2.51625
38626	4.35448	2.53292
38626	4.38312	2.54958
38626	4.41177	2.56625
38626	4.44042	2.58292
38626	4.46907	2.59958
38626	4.49772	2.61625
38626	4.52636	2.63292
38626	4.55501	2.64958
38626	4.58366	2.66625
38626	4.61231	2.68291
38626	4.64096	2.69958
38626	4.6696	2.71625
38626	4.69825	2.73291
38626	4.7269	2.74958
38626	4.75555	2.76625
38626	4.7842	2.78291
38626	4.81284	2.79958
38626	4.84149	2.81625
38626	4.87014	2.83291
38626	4.89879	2.84958
38626	4.92743	2.86625
38626	4.95608	2.88291
38626	4.98473	2.89958
38626	5.01338	2.91624
38626	5.04203	2.93291
38624	5.07067	2.94958
38623	5.09932	2.96624
38623	5.12797	2.98291
38623	5.15662	2.99958
38623	5.18527	3.01624
38623	5.21391	3.03291
38623	5.24256	3.04958
38623	5.27121	3.06624
38623	5.29986	3.08291
38621	5.32851	3.09958
38621	5.35715	3.11624
38621	5.3858	3.13291
38621	5.41445	3.14957
38621	5.4431	3.16624
38621	5.47175	3.18291
38621	5.50039	3.19957
38621	5.52904	3.21624
38621	5.55769	3.23291
38621	5.58634	3.24957
38621	5.61498	3.26624
38621	5.64363	3.28291
38621	5.67228	3.29957
38621	5.70093	3.31624
38621	5.72958	3.3329
38621	5.75822	3.34957
38621	5.78687	3.36624
38621	5.81552	3.3829
38621	5.84417	3.39957
38621	5.87282	3.41624
38621	5.90146	3.4329
38621	5.93011	3.44957
38621	5.95876	3.46624
38621	5.98741	3.4829
38621	6.01606	3.49957
38621	6.0447	3.51624
38621	6.07335	3.5329
38621	6.102	3.54957
38621	6.13065	3.56623
38621	6.1593	3.5829
38621	6.18794	3.59957
38621	6.21659	3.61623
38620	6.24524	3.6329
38620	6.27389	3.64957
38620	6.30253	3.66623
38620	6.33118	3.6829
38620	6.35983	3.69957
38620	6.38848	3.71623
38620	6.41713	3.7329
38620	6.44577	3.74957
38620	6.47442	3.76623
38620	6.50307	3.7829
38620	6.53172	3.79956
38620	6.56037	3.81623
38620	6.58901	3.8329
38620	6.61766	3.84956
38620	6.64631	3.86623
38620	6.67496	3.8829
38620	6.70361	3.89956
38620	6.73225	3.91623
38620	6.7609	3.9329
38620	6.78955	3.94956
38620	6.8182	3.96623
38620	6.84685	3.98289
38620	6.87549	3.99956
38620	6.90414	4.01623
38620	6.93279	4.03289
38620	6.96144	4.04956
38620	6.99008	4.06623
38620	7.01873	4.08289
38620	7.04738	4.09956
38620	7.07603	4.11623
38620	7.10468	4.13289
38620	7.13332	4.14956
38620	7.16197	4.16623
38620	7.19062	4.18289
38620	7.21927	4.19956
38620	7.24791	4.21622
38620	7.27656	4.23289
38620	7.30521	4.24956
38620	7.33386	4.26622
38620	7.3625	4.28289
38620	7.39115	4.29956
38620	7.4198	4.31622
38620	7.44845	4.33289
38620	7.47709	4.34956
38620	7.50574	4.36622
38620	7.53439	4.38289
38620	7.56304	4.39956
38620	7.59168	4.41622
38620	7.62033	4.43289
38620	7.64898	4.44955
38620	7.67763	4.46622
38620	7.70627	4.48289
38620	7.73492	4.49955
38620	7.76357	4.51622
38620	7.79222	4.53289
38620	7.82086	4.54955
38620	7.84951	4.56622
38620	7.87816	4.58289
38620	7.90681	4.59955
38620	7.93545	4.61622
38620	7.9641	4.63288
38620	7.99275	4.64955
38620	8.0214	4.66622
38620	8.05004	4.68288
38620	8.07869	4.69955
38620	8.10734	4.71622
38620	8.13599	4.73288
38620	8.16463	4.74955
38620	8.19328	4.76622
38620	8.22193	4.78288
38620	8.25058	4.79955
38620	8.27922	4.81622
38620	8.30787	4.83288
38620	8.33652	4.84955
38620	8.36517	4.86621
38620	8.39381	4.88288
38620	8.42246	4.89955
38620	8.45111	4.91621
38620	8.47976	4.93288
38620	8.5084	4.94955
38620	8.53705	4.96621
38620	8.5657	4.98288
38620	8.59435	4.99955
38620	8.62299	5.01621
38619	8.65164	5.03288
38609	8.68029	5.04955
38604	8.70894	5.06621
38596	8.73758	5.08288
38593	8.76623	5.09954
38592	8.79488	5.11621
38590	8.82353	5.13288
38584	8.85217	5.14954
38577	8.88082	5.16621
38574	8.90947	5.18288
38567	8.93812	5.19954
38561	8.96676	5.21621
38552	8.99541	5.23288
38548	9.02406	5.24954
38543	9.05271	5.26621
38534	9.08135	5.28288
38527	9.11	5.29954
38518	9.13865	5.31621
38510	9.1673	5.33287
38506	9.19594	5.34954
38499	9.22459	5.36621
38492	9.25324	5.38287
38484	9.28189	5.39954
38473	9.31053	5.41621
38462	9.33918	5.43287
38455	9.36783	5.44954
38447	9.39648	5.46621
38440	9.42512	5.48287
38430	9.45377	5.49954
38415	9.48242	5.5162
38401	9.51107	5.53287
38392	9.53971	5.54954
38382	9.56836	5.5662
38372	9.59701	5.58287
38359	9.62566	5.59954
38346	9.6543	5.6162
38336	9.68295	5.63287
38322	9.7116	5.64954
38309	9.74024	5.6662
38296	9.76889	5.68287
38281	9.79754	5.69954
38266	9.82619	5.7162
38248	9.85484	5.73287
38233	9.88348	5.74953
38216	9.91213	5.7662
38201	9.94078	5.78287
38186	9.96943	5.79953
38172	9.99807	5.8162
38157	10.0267	5.83287
38138	10.0554	5.84953
38119	10.084	5.8662
38102	10.1127	5.88287
38087	10.1413	5.89953
38068	10.17	5.9162
38051	10.1986	5.93287
38033	10.2273	5.94953
38019	10.2559	5.9662
37995	10.2845	5.98286
37978	10.3132	5.99953
37957	10.3418	6.0162
37934	10.3705	6.03286
37914	10.3991	6.04953
37896	10.4278	6.0662
37874	10.4564	6.08286
37850	10.4851	6.09953
37822	10.5137	6.1162
37798	10.5424	6.13286
37775	10.571	6.14953
37752	10.5997	6.16619
37731	10.6283	6.18286
37704	10.657	6.19953
37681	10.6856	6.21619
37653	10.7143	6.23286
37632	10.7429	6.24953
37609	10.7716	6.26619
37587	10.8002	6.28286
37560	10.8288	6.29953
37534	10.8575	6.31619
37507	10.8861	6.33286
37484	10.9148	6.34953
37457	10.9434	6.36619
37428	10.9721	6.38286
37403	11.0007	6.39952
37376	11.0294	6.41619
37348	11.058	6.43286
37327	11.0867	6.44952
37298	11.1153	6.46619
37270	11.144	6.48286
37242	11.1726	6.49952
37215	11.2013	6.51619
37186	11.2299	6.53286
37160	11.2586	6.54952
37129	11.2872	6.56619
37105	11.3159	6.58286
37076	11.3445	6.59952
37049	11.3732	6.61619
37024	11.4018	6.63285
36996	11.4304	6.64952
36971	11.4591	6.66619
36944	11.4877	6.68285
36917	11.5164	6.69952
36884	11.545	6.71619
36853	11.5737	6.73285
36824	11.6023	6.74952
36793	11.631	6.76619
36764	11.6596	6.78285
36740	11.6883	6.79952
36708	11.7169	6.81618
36682	11.7456	6.83285
36654	11.7742	6.84952
36621	11.8029	6.86618
36589	11.8315	6.88285
36555	11.8602	6.89952
36532	11.8888	6.91618
36502	11.9175	6.93285
36475	11.9461	6.94952
36445	11.9747	6.96618
36417	12.0034	6.98285
36386	12.032	6.99952
36355	12.0607	7.01618
36326	12.0893	7.03285
36298	12.118	7.04951
36267	12.1466	7.06618
36238	12.1753	7.08285
36210	12.2039	7.09951
36177	12.2326	7.11618
36148	12.2612	7.13285
36121	12.2899	7.14951
36092	12.3185	7.16618
36061	12.3472	7.18285
36033	12.3758	7.19951
36003	12.4045	7.21618
35975	12.4331	7.23285
35944	12.4618	7.24951
35920	12.4904	7.26618
35891	12.5191	7.28284
35861	12.5477	7.29951
35833	12.5763	7.31618
35808	12.605	7.33284
35777	12.6336	7.34951
35746	12.6623	7.36618
35714	12.6909	7.38284
35685	12.7196	7.39951
35658	12.7482	7.41618
35631	12.7769	7.43284
35604	12.8055	7.44951
35575	12.8342	7.46618
35546	12.8628	7.48284
35514	12.8915	7.49951
35486	12.9201	7.51617
35458	12.9488	7.53284
35432	12.9774	7.54951
35404	13.0061	7.56617
35375	13.0347	7.58284
35343	13.0634	7.59951
35320	13.092	7.61617
35290	13.1206	7.63284
35262	13.1493	7.64951
35236	13.1779	7.66617
35209	13.2066	7.68284
35181	13.2352	7.6995
35152	13.2639	7.71617
35124	13.2925	7.73284
35094	13.3212	7.7495
35067	13.3498	7.76617
35040	13.3785	7.78284
35011	13.4071	7.7995
34986	13.4358	7.81617
34961	13.4644	7.83284
34934	13.4931	7.8495
34908	13.5217	7.86617
34880	13.5504	7.88284
34851	13.579	7.8995
34827	13.6077	7.91617
34800	13.6363	7.93283
34769	13.665	7.9495
34740	13.6936	7.96617
34713	13.7222	7.98283
34686	13.7509	7.9995
34656	13.7795	8.01617
34631	13.8082	8.03283
34600	13.8368	8.0495
34573	13.8655	8.06617
34548	13.8941	8.08283
34521	13.9228	8.0995
34491	13.9514	8.11617
34465	13.9801	8.13283
34436	14.0087	8.1495
34409	14.0374	8.16616
34378	14.066	8.18283
34348	14.0947	8.1995
34320	14.1233	8.21616
34291	14.152	8.23283
34260	14.1806	8.2495
34233	14.2093	8.26616
34202	14.2379	8.28283
34175	14.2665	8.2995
34146	14.2952	8.31616
34117	14.3238	8.33283
34087	14.3525	8.34949
34054	14.3811	8.36616
34026	14.4098	8.38283
33992	14.4384	8.39949
33967	14.4671	8.41616
33937	14.4957	8.43283
33910	14.5244	8.44949
33879	14.553	8.46616
33848	14.5817	8.48283
33814	14.6103	8.49949
33784	14.639	8.51616
33751	14.6676	8.53283
33719	14.6963	8.54949
33684	14.7249	8.56616
33653	14.7536	8.58282
33623	14.7822	8.59949
33589	14.8109	8.61616
33558	14.8395	8.63282
33522	14.8681	8.64949
33494	14.8968	8.66616
33458	14.9254	8.68282
33425	14.9541	8.69949
33391	14.9827	8.71616
33354	15.0114	8.73282
33322	15.04	8.74949
33282	15.0687	8.76616
33244	15.0973	8.78282
33208	15.126	8.79949
33171	15.1546	8.81615
33137	15.1833	8.83282
33100	15.2119	8.84949
33065	15.2406	8.86615
33025	15.2692	8.88282
32986	15.2979	8.89949
32948	15.3265	8.91615
32908	15.3552	8.93282
32871	15.3838	8.94949
32835	15.4124	8.96615
32793	15.4411	8.98282
32751	15.4697	8.99949
32716	15.4984	9.01615
32676	15.527	9.03282
32636	15.5557	9.04948
32595	15.5843	9.06615
32552	15.613	9.08282
32516	15.6416	9.09948
32475	15.6703	9.11615
32437	15.6989	9.13282
32394	15.7276	9.14948
32348	15.7562	9.16615
32310	15.7849	9.18282
32266	15.8135	9.19948
32221	15.8422	9.21615
32178	15.8708	9.23281
32132	15.8995	9.24948
32092	15.9281	9.26615
32051	15.9567	9.28281
32009	15.9854	9.29948
31965	16.014	9.31615
31919	16.0427	9.33281
31877	16.0713	9.34948
31837	16.1	9.36615
31795	16.1286	9.38281
31751	16.1573	9.39948
31710	16.1859	9.41615
31669	16.2146	9.43281
31623	16.2432	9.44948
31575	16.2719	9.46614
31534	16.3005	9.48281
31495	16.3292	9.49948
31443	16.3578	9.51614
31396	16.3865	9.53281
31350	16.4151	9.54948
31309	16.4438	9.56614
31270	16.4724	9.58281
31221	16.5011	9.59948
31175	16.5297	9.61614
31130	16.5583	9.63281
31082	16.587	9.64948
31034	16.6156	9.66614
30984	16.6443	9.68281
30937	16.6729	9.69947
30892	16.7016	9.71614
30847	16.7302	9.73281
30803	16.7589	9.74947
30750	16.7875	9.76614
30700	16.8162	9.78281
30654	16.8448	9.79947
30608	16.8735	9.81614
30551	16.9021	9.83281
30501	16.9308	9.84947
30450	16.9594	9.86614
30406	16.9881	9.8828
30358	17.0167	9.89947
30306	17.0454	9.91614
30262	17.074	9.9328
30212	17.1026	9.94947
30159	17.1313	9.96614
30107	17.1599	9.9828
30054	17.1886	9.99947
30007	17.2172	10.0161
29952	17.2459	10.0328
29901	17.2745	10.0495
29846	17.3032	10.0661
29798	17.3318	10.0828
29750	17.3605	10.0995
29691	17.3891	10.1161
29640	17.4178	10.1328
29581	17.4464	10.1495
29532	17.4751	10.1661
29481	17.5037	10.1828
29425	17.5324	10.1995
29369	17.561	10.2161
29318	17.5897	10.2328
29269	17.6183	10.2495
29211	17.647	10.2661
29158	17.6756	10.2828
29104	17.7042	10.2995
29052	17.7329	10.3161
29003	17.7615	10.3328
28941	17.7902	10.3495
28887	17.8188	10.3661
28838	17.8475	10.3828
28778	17.8761	10.3995
28724	17.9048	10.4161
28670	17.9334	10.4328
28619	17.9621	10.4495
28574	17.9907	10.4661
28511	18.0194	10.4828
28458	18.048	10.4995
28408	18.0767	10.5161
28350	18.1053	10.5328
28290	18.134	10.5495
28245	18.1626	10.5661
28193	18.1913	10.5828
28130	18.2199	10.5995
28073	18.2485	10.6161
28017	18.2772	10.6328
27965	18.3058	10.6495
27911	18.3345	10.6661
27858	18.3631	10.6828
27800	18.3918	10.6995
27742	18.4204	10.7161
27690	18.4491	10.7328
27641	18.4777	10.7495
27591	18.5064	10.7661
27537	18.535	10.7828
27481	18.5637	10.7995
27421	18.5923	10.8161
27370	18.621	10.8328
27305	18.6496	10.8495
27258	18.6783	10.8661
27215	18.7069	10.8828
27152	18.7356	10.8995
27096	18.7642	10.9161
27042	18.7929	10.9328
26984	18.8215	10.9495
26936	18.8501	10.9661
26881	18.8788	10.9828
26826	18.9074	10.9995
26771	18.9361	11.0161
26720	18.9647	11.0328
26664	18.9934	11.0495
26612	19.022	11.0661
26554	19.0507	11.0828
26500	19.0793	11.0995
26446	19.108	11.1161
26393	19.1366	11.1328
26342	19.1653	11.1495
26292	19.1939	11.1661
26236	19.2226	11.1828
26178	19.2512	11.1995
26126	19.2799	11.2161
26067	19.3085	11.2328
26011	19.3372	11.2495
25964	19.3658	11.2661
25903	19.3944	11.2828
25852	19.4231	11.2994
25799	19.4517	11.3161
25746	19.4804	11.3328
25696	19.509	11.3494
25645	19.5377	11.3661
25592	19.5663	11.3828
25540	19.595	11.3994
25481	19.6236	11.4161
25428	19.6523	11.4328
25379	19.6809	11.4494
25324	19.7096	11.4661
25256	19.7382	11.4828
25207	19.7669	11.4994
25151	19.7955	11.5161
25095	19.8242	11.5328
25033	19.8528	11.5494
24990	19.8815	11.5661
24933	19.9101	11.5828
24870	19.9387	11.5994
24816	19.9674	11.6161
24765	19.996	11.6328
24707	20.0247	11.6494
24648	20.0533	11.6661
24599	20.082	11.6828
24546	20.1106	11.6994
24495	20.1393	11.7161
24441	20.1679	11.7328
24383	20.1966	11.7494
24323	20.2252	11.7661
24268	20.2539	11.7828
24221	20.2825	11.7994
24175	20.3112	11.8161
24114	20.3398	11.8328
24059	20.3685	11.8494
24010	20.3971	11.8661
23955	20.4258	11.8828
23898	20.4544	11.8994
23842	20.4831	11.9161
23790	20.5117	11.9328
23738	20.5403	11.9494
23690	20.569	11.9661
23633	20.5976	11.9828
23580	20.6263	11.9994
23534	20.6549	12.0161
23474	20.6836	12.0328
23415	20.7122	12.0494
23367	20.7409	12.0661
23308	20.7695	12.0828
23270	20.7982	12.0994
23218	20.8268	12.1161
23160	20.8555	12.1328
23102	20.8841	12.1494
23040	20.9128	12.1661
22982	20.9414	12.1828
22935	20.9701	12.1994
22882	20.9987	12.2161
22827	21.0274	12.2328
22772	21.056	12.2494
22719	21.0846	12.2661
22672	21.1133	12.2828
22621	21.1419	12.2994
22565	21.1706	12.3161
22511	21.1992	12.3328
22457	21.2279	12.3494
22403	21.2565	12.3661
22350	21.2852	12.3828
22296	21.3138	12.3994
22242	21.3425	12.4161
22193	21.3711	12.4328
22140	21.3998	12.4494
22086	21.4284	12.4661
22036	21.4571	12.4828
21992	21.4857	12.4994
21935	21.5144	12.5161
21884	21.543	12.5328
21828	21.5717	12.5494
21766	21.6003	12.5661
21721	21.629	12.5828
21668	21.6576	12.5994
21620	21.6862	12.6161
21568	21.7149	12.6328
21514	21.7435	12.6494
21459	21.7722	12.6661
21404	21.8008	12.6828
21351	21.8295	12.6994
21302	21.8581	12.7161
21247	21.8868	12.7328
21180	21.9154	12.7494
21125	21.9441	12.7661
21065	21.9727	12.7828
21017	22.0014	12.7994
20962	22.03	12.8161
20915	22.0587	12.8328
20857	22.0873	12.8494
20808	22.116	12.8661
20755	22.1446	12.8828
20707	22.1733	12.8994
20654	22.2019	12.9161
20607	22.2305	12.9328
20548	22.2592	12.9494
20501	22.2878	12.9661
20446	22.3165	12.9828
20391	22.3451	12.9994
20338	22.3738	13.0161
20286	22.4024	13.0328
20235	22.4311	13.0494
20183	22.4597	13.0661
20126	22.4884	13.0828
20082	22.517	13.0994
20030	22.5457	13.1161
19982	22.5743	13.1328
19925	22.603	13.1494
19871	22.6316	13.1661
19812	22.6603	13.1828
19758	22.6889	13.1994
19707	22.7176	13.2161
19658	22.7462	13.2328
19606	22.7749	13.2494
19558	22.8035	13.2661
19511	22.8321	13.2828
19455	22.8608	13.2994
19406	22.8894	13.3161
19345	22.9181	13.3328
19287	22.9467	13.3494
19239	22.9754	13.3661
19188	23.004	13.3828
19135	23.0327	13.3994
19080	23.0613	13.4161
19027	23.09	13.4328
18980	23.1186	13.4494
18940	23.1473	13.4661
18884	23.1759	13.4827
18829	23.2046	13.4994
18783	23.2332	13.5161
18731	23.2619	13.5327
18679	23.2905	13.5494
18626	23.3192	13.5661
18581	23.3478	13.5827
18530	23.3764	13.5994
18489	23.4051	13.6161
18436	23.4337	13.6327
18379	23.4624	13.6494
18333	23.491	13.6661
18285	23.5197	13.6827
18236	23.5483	13.6994
18182	23.577	13.7161
18136	23.6056	13.7327
18092	23.6343	13.7494
18045	23.6629	13.7661
18003	23.6916	13.7827
17952	23.7202	13.7994
17900	23.7489	13.8161
17843	23.7775	13.8327
17792	23.8062	13.8494
17750	23.8348	13.8661
17702	23.8635	13.8827
17652	23.8921	13.8994
17607	23.9207	13.9161
17557	23.9494	13.9327
17513	23.978	13.9494
17461	24.0067	13.9661
17407	24.0353	13.9827
17358	24.064	13.9994
17313	24.0926	14.0161
17261	24.1213	14.0327
17210	24.1499	14.0494
17161	24.1786	14.0661
17104	24.2072	14.0827
17057	24.2359	14.0994
17012	24.2645	14.1161
16966	24.2932	14.1327
16916	24.3218	14.1494
16869	24.3505	14.1661
16812	24.3791	14.1827
16767	24.4078	14.1994
16722	24.4364	14.2161
16669	24.4651	14.2327
16618	24.4937	14.2494
16567	24.5223	14.2661
16524	24.551	14.2827
16479	24.5796	14.2994
16441	24.6083	14.3161
16396	24.6369	14.3327
16345	24.6656	14.3494
16292	24.6942	14.3661
16247	24.7229	14.3827
16198	24.7515	14.3994
16147	24.7802	14.4161
16111	24.8088	14.4327
16058	24.8375	14.4494
16006	24.8661	14.4661
15953	24.8948	14.4827
15906	24.9234	14.4994
15865	24.9521	14.5161
15812	24.9807	14.5327
15764	25.0094	14.5494
15706	25.038	14.5661
15662	25.0666	14.5827
15626	25.0953	14.5994
15578	25.1239	14.6161
15531	25.1526	14.6327
15487	25.1812	14.6494
15443	25.2099	14.6661
15400	25.2385	14.6827
15345	25.2672	14.6994
15290	25.2958	14.7161
15252	25.3245	14.7327
15205	25.3531	14.7494
15165	25.3818	14.7661
15109	25.4104	14.7827
15058	25.4391	14.7994
15015	25.4677	14.8161
14969	25.4964	14.8327
14927	25.525	14.8494
14883	25.5537	14.8661
14845	25.5823	14.8827
14803	25.611	14.8994
14751	25.6396	14.9161
14706	25.6682	14.9327
14666	25.6969	14.9494
14620	25.7255	14.9661
14580	25.7542	14.9827
14544	25.7828	14.9994
14495	25.8115	15.0161
14452	25.8401	15.0327
14412	25.8688	15.0494
14367	25.8974	15.0661
14324	25.9261	15.0827
14273	25.9547	15.0994
14227	25.9834	15.1161
14185	26.012	15.1327
14137	26.0407	15.1494
14088	26.0693	15.1661
14037	26.098	15.1827
13998	26.1266	15.1994
13959	26.1553	15.2161
13916	26.1839	15.2327
13871	26.2125	15.2494
13828	26.2412	15.2661
13779	26.2698	15.2827
13743	26.2985	15.2994
13700	26.3271	15.3161
13661	26.3558	15.3327
13622	26.3844	15.3494
13580	26.4131	15.3661
13541	26.4417	15.3827
13494	26.4704	15.3994
13451	26.499	15.4161
13407	26.5277	15.4327
13369	26.5563	15.4494
13325	26.585	15.4661
13291	26.6136	15.4827
13252	26.6423	15.4994
13212	26.6709	15.5161
13171	26.6996	15.5327
13132	26.7282	15.5494
13088	26.7568	15.5661
13053	26.7855	15.5827
13013	26.8141	15.5994
12968	26.8428	15.6161
12922	26.8714	15.6327
12877	26.9001	15.6494
12833	26.9287	15.666
12793	26.9574	15.6827
12755	26.986	15.6994
12715	27.0147	15.716
12673	27.0433	15.7327
12642	27.072	15.7494
12592	27.1006	15.766
12556	27.1293	15.7827
12520	27.1579	15.7994
12472	27.1866	15.816
12430	27.2152	15.8327
12391	27.2439	15.8494
12352	27.2725	15.866
12315	27.3012	15.8827
12269	27.3298	15.8994
12228	27.3584	15.916
12189	27.3871	15.9327
12146	27.4157	15.9494
12113	27.4444	15.966
12076	27.473	15.9827
12033	27.5017	15.9994
11998	27.5303	16.016
11956	27.559	16.0327
11918	27.5876	16.0494
11880	27.6163	16.066
11842	27.6449	16.0827
11795	27.6736	16.0994
11753	27.7022	16.116
11718	27.7309	16.1327
11683	27.7595	16.1494
11637	27.7882	16.166
11592	27.8168	16.1827
11545	27.8455	16.1994
11501	27.8741	16.216
11457	27.9028	16.2327
11424	27.9314	16.2494
11386	27.96	16.266
11349	27.96	16.2827
11314	27.96	16.2994
11276	27.96	16.316
11245	27.96	16.3327
11209	27.96	16.3494
11167	27.96	16.366
11130	27.96	16.3827
11093	27.96	16.3994
11054	27.96	16.416
11015	27.96	16.4327
10984	27.96	16.4494
10939	27.96	16.466
10904	27.96	16.4827
10869	27.96	16.4994
10826	27.96	16.516
10783	27.96	16.5327
10753	27.96	16.5494
10721	27.96	16.566
10676	27.96	16.5827
10639	27.96	16.5994
10601	27.96	16.616
10560	27.96	16.6327
10528	27.96	16.6494
10488	27.96	16.666
10444	27.96	16.6827
10415	27.96	16.6994
10370	27.96	16.716
10330	27.96	16.7327
10295	27.96	16.7494
10265	27.96	16.766
10231	27.96	16.7827
10199	27.96	16.7994
10162	27.96	16.816
10119	27.96	16.8327
10082	27.96	16.8494
10052	27.96	16.866
10014	27.96	16.8827
9985	27.96	16.8994
9951	27.96	16.916
9918	27.96	16.9327
9881	27.96	16.9494
9845	27.96	16.966
9810	27.96	16.9827
9778	27.96	16.9994
9742	27.96	17.016
9711	27.96	17.0327
9676	27.96	17.0494
9645	27.96	17.066
9603	27.96	17.0827
9568	27.96	17.0994
9540	27.96	17.116
9506	27.96	17.1327
9466	27.96	17.1494
9431	27.96	17.166
9399	27.96	17.1827
9363	27.96	17.1994
9328	27.96	17.216
9286	27.96	17.2327
9250	27.96	17.2494
9220	27.96	17.266
9189	27.96	17.2827
9157	27.9314	17.2994
9125	27.9028	17.316
9090	27.8741	17.3327
9062	27.8455	17.3494
9035	27.8168	17.366
9004	27.7882	17.3827
8966	27.7595	17.3994
8934	27.7309	17.416
8898	27.7022	17.4327
8862	27.6736	17.4494
8836	27.6449	17.466
8807	27.6163	17.4827
8771	27.5876	17.4994
8743	27.559	17.516
8709	27.5303	17.5327
8677	27.5017	17.5494
8652	27.473	17.566
8619	27.4444	17.5827
8588	27.4157	17.5994
8559	27.3871	17.616
8521	27.3584	17.6327
8494	27.3298	17.6494
8465	27.3012	17.666
8437	27.2725	17.6827
8402	27.2439	17.6994
8369	27.2152	17.716
8337	27.1866	17.7327
8313	27.1579	17.7494
8282	27.1293	17.766
8247	27.1006	17.7827
8215	27.072	17.7994
8188	27.0433	17.816
8158	27.0147	17.8327
8135	26.986	17.8493
8112	26.9574	17.866
8075	26.9287	17.8827
8049	26.9001	17.8993
8023	26.8714	17.916
7996	26.8428	17.9327
7966	26.8141	17.9493
7941	26.7855	17.966
7920	26.7568	17.9827
7890	26.7282	17.9993
7858	26.6996	18.016
7836	26.6709	18.0327
7805	26.6423	18.0493
7770	26.6136	18.066
7742	26.585	18.0827
7720	26.5563	18.0993
7696	26.5277	18.116
7666	26.499	18.1327
7644	26.4704	18.1493
7622	26.4417	18.166
7596	26.4131	18.1827
7569	26.3844	18.1993
7544	26.3558	18.216
7514	26.3271	18.2327
7491	26.2985	18.2493
7469	26.2698	18.266
7441	26.2412	18.2827
7412	26.2125	18.2993
7384	26.1839	18.316
7366	26.1553	18.3327
7339	26.1266	18.3493
7312	26.098	18.366
7287	26.0693	18.3827
7269	26.0407	18.3993
7239	26.012	18.416
7211	25.9834	18.4327
7188	25.9547	18.4493
7169	25.9261	18.466
7144	25.8974	18.4827
7122	25.8688	18.4993
7099	25.8401	18.516
7078	25.8115	18.5327
7055	25.7828	18.5493
7030	25.7542	18.566
7012	25.7255	18.5827
6990	25.6969	18.5993
6961	25.6682	18.616
6938	25.6396	18.6327
6921	25.611	18.6493
6900	25.5823	18.666
6879	25.5537	18.6827
6860	25.525	18.6993
6835	25.4964	18.716
6819	25.4677	18.7327
6795	25.4391	18.7493
6773	25.4104	18.766
6750	25.3818	18.7827
6734	25.3531	18.7993
6713	25.3245	18.816
6699	25.2958	18.8327
6678	25.2672	18.8493
6662	25.2385	18.866
6645	25.2099	18.8827
6627	25.1812	18.8993
6605	25.1526	18.916
6587	25.1239	18.9327
6568	25.0953	18.9493
6549	25.0666	18.966
6532	25.038	18.9827
6513	25.0094	18.9993
6498	24.9807	19.016
6480	24.9521	19.0327
6459	24.9234	19.0493
6439	24.8948	19.066
6423	24.8661	19.0827
6407	24.8375	19.0993
6393	24.8088	19.116
6369	24.7802	19.1327
6357	24.7515	19.1493
6339	24.7229	19.166
6316	24.6942	19.1827
6305	24.6656	19.1993
6293	24.6369	19.216
6271	24.6083	19.2327
6254	24.5796	19.2493
6231	24.551	19.266
6215	24.5223	19.2827
6203	24.4937	19.2993
6185	24.4651	19.316
6166	24.4364	19.3327
6154	24.4078	19.3493
6139	24.3791	19.366
6129	24.3505	19.3827
6109	24.3218	19.3993
6095	24.2932	19.416
6079	24.2645	19.4327
6063	24.2359	19.4493
6052	24.2072	19.466
6031	24.1786	19.4827
6017	24.1499	19.4993
6000	24.1213	19.516
5990	24.0926	19.5327
5976	24.064	19.5493
5964	24.0353	19.566
5953	24.0067	19.5827
5935	23.978	19.5993
5921	23.9494	19.616
5910	23.9207	19.6327
5903	23.8921	19.6493
5887	23.8635	19.666
5873	23.8348	19.6827
5862	23.8062	19.6993
5849	23.7775	19.716
5837	23.7489	19.7327
5819	23.7202	19.7493
5808	23.6916	19.766
5797	23.6629	19.7827
5785	23.6343	19.7993
5771	23.6056	19.816
5758	23.577	19.8327
5744	23.5483	19.8493
5735	23.5197	19.866
5726	23.491	19.8827
5710	23.4624	19.8993
5700	23.4337	19.916
5688	23.4051	19.9327
5675	23.3764	19.9493
5667	23.3478	19.966
5655	23.3192	19.9827
5641	23.2905	19.9993
5629	23.2619	20.016
5616	23.2332	20.0326
5606	23.2046	20.0493
5595	23.1759	20.066
5586	23.1473	20.0826
5570	23.1186	20.0993
5561	23.09	20.116
5546	23.0613	20.1326
5537	23.0327	20.1493
5525	23.004	20.166
5515	22.9754	20.1826
5504	22.9467	20.1993
5489	22.9181	20.216
5480	22.8894	20.2326
5472	22.8608	20.2493
5461	22.8321	20.266
5448	22.8035	20.2826
5437	22.7749	20.2993
5426	22.7462	20.316
5418	22.7176	20.3326
5406	22.6889	20.3493
5395	22.6603	20.366
5388	22.6316	20.3826
5375	22.603	20.3993
5364	22.5743	20.416
5354	22.5457	20.4326
5348	22.517	20.4493
5339	22.4884	20.466
5328	22.4597	20.4826
5323	22.4311	20.4993
5313	22.4024	20.516
5305	22.3738	20.5326
5291	22.3451	20.5493
5282	22.3165	20.566
5276	22.2878	20.5826
5265	22.2592	20.5993
5256	22.2305	20.616
5243	22.2019	20.6326
5235	22.1733	20.6493
5226	22.1446	20.666
5214	22.116	20.6826
5205	22.0873	20.6993
5197	22.0587	20.716
5188	22.03	20.7326
5179	22.0014	20.7493
5171	21.9727	20.766
5161	21.9441	20.7826
5154	21.9154	20.7993
5144	21.8868	20.816
5135	21.8581	20.8326
5126	21.8295	20.8493
5118	21.8008	20.866
5108	21.7722	20.8826
5101	21.7435	20.8993
5091	21.7149	20.916
5085	21.6862	20.9326
5076	21.6576	20.9493
5069	21.629	20.966
5063	21.6003	20.9826
5057	21.5717	20.9993
5047	21.543	21.016
5038	21.5144	21.0326
5029	21.4857	21.0493
5019	21.4571	21.066
5013	21.4284	21.0826
5005	21.3998	21.0993
4999	21.3711	21.116
4990	21.3425	21.1326
4984	21.3138	21.1493
4974	21.2852	21.166
4968	21.2565	21.1826
4960	21.2279	21.1993
4952	21.1992	21.216
4947	21.1706	21.2326
4936	21.1419	21.2493
4930	21.1133	21.266
4921	21.0846	21.2826
4915	21.056	21.2993
4909	21.0274	21.316
4902	20.9987	21.3326
4895	20.9701	21.3493
4888	20.9414	21.366
4882	20.9128	21.3826
4874	20.8841	21.3993
4867	20.8555	21.416
4860	20.8268	21.4326
4852	20.7982	21.4493
4845	20.7695	21.466
4839	20.7409	21.4826
4832	20.7122	21.4993
4825	20.6836	21.516
4821	20.6549	21.5326
4814	20.6263	21.5493
4807	20.5976	21.566
4802	20.569	21.5826
4796	20.5403	21.5993
4787	20.5117	21.616
4782	20.4831	21.6326
4777	20.4544	21.6493
4770	20.4258	21.666
4762	20.3971	21.6826
4758	20.3685	21.6993
4751	20.3398	21.716
4744	20.3112	21.7326
4738	20.2825	21.7493
4733	20.2539	21.766
4727	20.2252	21.7826
4719	20.1966	21.7993
4714	20.1679	21.816
4706	20.1393	21.8326
4702	20.1106	21.8493
4695	20.082	21.866
4691	20.0533	21.8826
4686	20.0247	21.8993
4678	19.996	21.916
4673	19.9674	21.9326
4668	19.9387	21.9493
4660	19.9101	21.966
4656	19.8815	21.9826
4652	19.8528	21.9993
4647	19.8242	22.016
4642	19.7955	22.0326
4638	19.7669	22.0493
4632	19.7382	22.066
4627	19.7096	22.0826
4621	19.6809	22.0993
4615	19.6523	22.116
4610	19.6236	22.1326
4604	19.595	22.1493
4600	19.5663	22.166
4595	19.5377	22.1826
4590	19.509	22.1993
4583	19.4804	22.216
4578	19.4517	22.2326
4575	19.4231	22.2493
4571	19.3944	22.2659
4565	19.3658	22.2826
4560	19.3372	22.2993
4555	19.3085	22.3159
4551	19.2799	22.3326
4545	19.2512	22.3493
4540	19.2226	22.3659
4536	19.1939	22.3826
4531	19.1653	22.3993
4525	19.1366	22.4159
4521	19.108	22.4326
4517	19.0793	22.4493
4513	19.0507	22.4659
4507	19.022	22.4826
4504	18.9934	22.4993
4499	18.9647	22.5159
4494	18.9361	22.5326
4491	18.9074	22.5493
4490	18.8788	22.5659
4487	18.8501	22.5826
4480	18.8215	22.5993
4475	18.7929	22.6159
4475	18.7642	22.6326
4474	18.7356	22.6493
4465	18.7069	22.6659
4454	18.6783	22.6826
4450	18.6496	22.6993
4450	18.621	22.7159
4450	18.5923	22.7326
4450	18.5637	22.7493
4447	18.535	22.7659
4436	18.5064	22.7826
4433	18.4777	22.7993
4430	18.4491	22.8159
4425	18.4204	22.8326
4422	18.3918	22.8493
4415	18.3631	22.8659
4412	18.3345	22.8826
4411	18.3058	22.8993
4411	18.2772	22.9159
4401	18.2485	22.9326
4398	18.2199	22.9493
4390	18.1913	22.9659
4390	18.1626	22.9826
4390	18.134	22.9993
4390	18.1053	23.0159
4390	18.0767	23.0326
4380	18.048	23.0493
4370	18.0194	23.0659
4370	17.9907	23.0826
4370	17.9621	23.0993
4370	17.9334	23.1159
4370	17.9048	23.1326
4370	17.8761	23.1493
4370	17.8475	23.1659
4360	17.8188	23.1826
4354	17.7902	23.1993
4343	17.7615	23.2159
4343	17.7329	23.2326
4343	17.7042	23.2493
4343	17.6756	23.2659
4343	17.647	23.2826
4343	17.6183	23.2993
4342	17.5897	23.3159
4329	17.561	23.3326
4329	17.5324	23.3493
4328	17.5037	23.3659
4327	17.4751	23.3826
4327	17.4464	23.3993
4327	17.4178	23.4159
4327	17.3891	23.4326
4314	17.3605	23.4493
4309	17.3318	23.4659
4306	17.3032	23.4826
4301	17.2745	23.4993
4301	17.2459	23.5159
4296	17.2172	23.5326
4293	17.1886	23.5493
4293	17.1599	23.5659
4293	17.1313	23.5826
4293	17.1026	23.5993
4293	17.074	23.6159
4293	17.0454	23.6326
4293	17.0167	23.6493
4279	16.9881	23.6659
4276	16.9594	23.6826
4276	16.9308	23.6993
4276	16.9021	23.7159
4276	16.8735	23.7326
4276	16.8448	23.7493
4276	16.8162	23.7659
4276	16.7875	23.7826
4271	16.7589	23.7993
4259	16.7302	23.8159
4257	16.7016	23.8326
4257	16.6729	23.8493
4257	16.6443	23.8659
4257	16.6156	23.8826
4257	16.587	23.8993
4257	16.5583	23.9159
4257	16.5297	23.9326
4251	16.5011	23.9493
4245	16.4724	23.9659
4245	16.4438	23.9826
4245	16.4151	23.9993
4245	16.3865	24.0159
4245	16.3578	24.0326
4245	16.3292	24.0493
4239	16.3005	24.0659
4239	16.2719	24.0826
4239	16.2432	24.0993
4239	16.2146	24.1159
4231	16.1859	24.1326
4224	16.1573	24.1493
4224	16.1286	24.1659
4224	16.1	24.1826
4224	16.0713	24.1993
4224	16.0427	24.2159
4224	16.014	24.2326
4220	15.9854	24.2493
4214	15.9567	24.2659
4214	15.9281	24.2826
4213	15.8995	24.2993
4213	15.8708	24.3159
4213	15.8422	24.3326
4212	15.8135	24.3493
4212	15.7849	24.3659
4212	15.7562	24.3826
4210	15.7276	24.3993
4199	15.6989	24.4159
4198	15.6703	24.4326
4198	15.6416	24.4492
4198	15.613	24.4659
4198	15.5843	24.4826
4198	15.5557	24.4992
4192	15.527	24.5159
4191	15.4984	24.5326
4191	15.4697	24.5492
4191	15.4411	24.5659
4191	15.4124	24.5826
4191	15.3838	24.5992
4191	15.3552	24.6159
4191	15.3265	24.6326
4191	15.2979	24.6492
4187	15.2692	24.6659
4179	15.2406	24.6826
4179	15.2119	24.6992
4179	15.1833	24.7159
4179	15.1546	24.7326
4179	15.126	24.7492
4179	15.0973	24.7659
4179	15.0687	24.7826
4179	15.04	24.7992
4179	15.0114	24.8159
4176	14.9827	24.8326
4174	14.9541	24.8492
4174	14.9254	24.8659
4174	14.8968	24.8826
4174	14.8681	24.8992
4174	14.8395	24.9159
4174	14.8109	24.9326
4171	14.7822	24.9492
4162	14.7536	24.9659
4162	14.7249	24.9826
4162	14.6963	24.9992
4162	14.6676	25.0159
4162	14.639	25.0326
4162	14.6103	25.0492
4162	14.5817	25.0659
4162	14.553	25.0826
4162	14.5244	25.0992
4162	14.4957	25.1159
4159	14.4671	25.1326
4151	14.4384	25.1492
4151	14.4098	25.1659
4151	14.3811	25.1826
4151	14.3525	25.1992
4149	14.3238	25.2159
4139	14.2952	25.2326
4139	14.2665	25.2492
4139	14.2379	25.2659
4139	14.2093	25.2826
4139	14.1806	25.2992
4139	14.152	25.3159
4139	14.1233	25.3326
4139	14.0947	25.3492
4139	14.066	25.3659
4139	14.0374	25.3826
4139	14.0087	25.3992
4139	13.9801	25.4159
4138	13.9514	25.4326
4138	13.9228	25.4492
4138	13.8941	25.4659
4138	13.8655	25.4826
4138	13.8368	25.4992
4138	13.8082	25.5159
4138	13.7795	25.5326
4138	13.7509	25.5492
4138	13.7222	25.5659
4138	13.6936	25.5826
4138	13.665	25.5992
4138	13.6363	25.6159
4138	13.6077	25.6326
4138	13.579	25.6492
4138	13.5504	25.6659
4138	13.5217	25.6826
4138	13.4931	25.6992
4138	13.4644	25.7159
4138	13.4358	25.7326
4138	13.4071	25.7492
4138	13.3785	25.7659
4138	13.3498	25.7826
4138	13.3212	25.7992
4138	13.2925	25.8159
4138	13.2639	25.8326
4138	13.2352	25.8492
4138	13.2066	25.8659
4138	13.1779	25.8826
4138	13.1493	25.8992
4138	13.1206	25.9159
4138	13.092	25.9326
4138	13.0634	25.9492
4138	13.0347	25.9659
4138	13.0061	25.9826
4138	12.9774	25.9992
4138	12.9488	26.0159
4138	12.9201	26.0326
4138	12.8915	26.0492
4138	12.8628	26.0659
4138	12.8342	26.0826
4138	12.8055	26.0992
4138	12.7769	26.1159
4138	12.7482	26.1326
4138	12.7196	26.1492
4138	12.6909	26.1659
4138	12.6623	26.1826
4138	12.6336	26.1992
4138	12.605	26.2159
4138	12.5763	26.2326
4138	12.5477	26.2492
4138	12.5191	26.2659
4138	12.4904	26.2826
4138	12.4618	26.2992
4138	12.4331	26.3159
4138	12.4045	26.3326
4138	12.3758	26.3492
4138	12.3472	26.3659
4138	12.3185	26.3826
4138	12.2899	26.3992
4138	12.2612	26.4159
4138	12.2326	26.4326
4138	12.2039	26.4492
4138	12.1753	26.4659
4138	12.1466	26.4826
4138	12.118	26.4992
4138	12.0893	26.5159
4138	12.0607	26.5326
4138	12.032	26.5492
4138	12.0034	26.5659
4138	11.9747	26.5826
4138	11.9461	26.5992
4138	11.9175	26.6159
4138	11.8888	26.6325
4138	11.8602	26.6492
4138	11.8315	26.6659
4138	11.8029	26.6825
4138	11.7742	26.6992
4138	11.7456	26.7159
4138	11.7169	26.7325
4137	11.6883	26.7492
4137	11.6596	26.7659
4137	11.631	26.7825
4137	11.6023	26.7992
4137	11.5737	26.8159
4137	11.545	26.8325
4137	11.5164	26.8492
4137	11.4877	26.8659
4137	11.4591	26.8825
4137	11.4304	26.8992
4137	11.4018	26.9159
4137	11.3732	26.9325
4137	11.3445	26.9492
4137	11.3159	26.9659
4137	11.2872	26.9825
4137	11.2586	26.9992
4137	11.2299	27.0159
4137	11.2013	27.0325
4137	11.1726	27.0492
4137	11.144	27.0659
4137	11.1153	27.0825
4137	11.0867	27.0992
4137	11.058	27.1159
4137	11.0294	27.1325
4137	11.0007	27.1492
4137	10.9721	27.1659
4137	10.9434	27.1825
4137	10.9148	27.1992
4137	10.8861	27.2159
4137	10.8575	27.2325
4137	10.8289	27.2492
4137	10.8002	27.2659
4137	10.7716	27.2825
4137	10.7429	27.2992
4137	10.7143	27.3159
4137	10.6856	27.3325
4137	10.657	27.3492
4137	10.6283	27.3659
4137	10.5997	27.3825
4137	10.571	27.3992
4136	10.5424	27.4159
4136	10.5137	27.4325
4136	10.4851	27.4492
4136	10.4564	27.4659
4136	10.4278	27.4825
4136	10.3991	27.4992
4136	10.3705	27.5159
4136	10.3418	27.5325
4136	10.3132	27.5492
4136	10.2845	27.5659
4136	10.2559	27.5825
4136	10.2273	27.5992
4136	10.1986	27.6159
4136	10.17	27.6325
4136	10.1413	27.6492
4136	10.1127	27.6659
4136	10.084	27.6825
4136	10.0554	27.6992
4136	10.0267	27.7159
4136	9.99807	27.7325
4136	9.96943	27.7492
4136	9.94078	27.7659
4136	9.91213	27.7825
4136	9.88348	27.7992
4136	9.85484	27.8159
4136	9.82619	27.8325
4136	9.79754	27.8492
4136	9.76889	27.8659
4136	9.74025	27.8825
4136	9.7116	27.8992
4136	9.68295	27.9159
4136	9.6543	27.9325
4136	9.62566	27.9492
4136	9.59701	27.9659
4136	9.56836	27.9825
4136	9.53971	27.9992
4135	9.51107	28.0159
4135	9.48242	28.0325
4135	9.45377	28.0492
4135	9.42512	28.0659
4135	9.39648	28.0825
4135	9.36783	28.0992
4135	9.33918	28.1159
4135	9.31053	28.1326
4135	9.28189	28.1492
4135	9.25324	28.1659
4135	9.22459	28.1826
4135	9.19594	28.1992
4135	9.1673	28.2159
4135	9.13865	28.2326
4135	9.11	28.2492
4135	9.08135	28.2659
4135	9.05271	28.2826
4135	9.02406	28.2993
4135	8.99541	28.3159
4135	8.96676	28.3326
4135	8.93812	28.3493
4135	8.90947	28.3659
4135	8.88082	28.3826
4135	8.85217	28.3993
4135	8.82353	28.4159
4135	8.79488	28.4326
4135	8.76623	28.4493
4135	8.73758	28.466
4135	8.70894	28.4826
4135	8.68029	28.4993
4135	8.65164	28.516
4135	8.62299	28.5326
4135	8.59435	28.5493
4135	8.5657	28.566
4135	8.53705	28.5826
4135	8.5084	28.5993
4135	8.47976	28.616
4135	8.45111	28.6327
4135	8.42246	28.6493
4135	8.39381	28.666
4135	8.36517	28.6827
4135	8.33652	28.6993
4135	8.30787	28.716
4135	8.27922	28.7327
4135	8.25058	28.7494
4135	8.22193	28.766
4135	8.19328	28.7827
4135	8.16463	28.7994
4135	8.13599	28.816
4135	8.10734	28.8327
4135	8.07869	28.8494
4135	8.05005	28.866
4135	8.0214	28.8827
4135	7.99275	28.8994
4135	7.9641	28.9161
4135	7.93545	28.9327
4135	7.90681	28.9494
4135	7.87816	28.9661
4135	7.84951	28.9827
4135	7.82086	28.9994
4135	7.79222	29.0161
4135	7.76357	29.0327
4135	7.73492	29.0494
4135	7.70627	29.0661
4135	7.67763	29.0828
4135	7.64898	29.0994
4135	7.62033	29.1161
4135	7.59168	29.1328
4135	7.56304	29.1494
4135	7.53439	29.1661
4135	7.50574	29.1828
4135	7.4771	29.1994
4135	7.44845	29.2161
4135	7.4198	29.2328
4135	7.39115	29.2495
4135	7.3625	29.2661
4135	7.33386	29.2828
4135	7.30521	29.2995
4135	7.27656	29.3161
4135	7.24792	29.3328
4135	7.21927	29.3495
4135	7.19062	29.3661
4135	7.16197	29.3828
4135	7.13332	29.3995
4135	7.10468	29.4162
4135	7.07603	29.4328
4135	7.04738	29.4495
4135	7.01873	29.4662
4135	6.99009	29.4828
4135	6.96144	29.4995
4135	6.93279	29.5162
4135	6.90414	29.5329
4135	6.87549	29.5495
4135	6.84685	29.5662
4135	6.8182	29.5829
4135	6.78955	29.5995
4135	6.7609	29.6162
4135	6.73225	29.6329
4135	6.70361	29.6495
4135	6.67496	29.6662
4135	6.64631	29.6829
4135	6.61766	29.6996
4135	6.58901	29.7162
4135	6.56037	29.7329
4135	6.53172	29.7496
4135	6.50307	29.7662
4135	6.47442	29.7829
4135	6.44578	29.7996
4135	6.41713	29.8162
4135	6.38848	29.8329
4135	6.35983	29.8496
4135	6.33118	29.8663
4135	6.30254	29.8829
4135	6.27389	29.8996
4135	6.24524	29.9163
4135	6.21659	29.9329
4135	6.18794	29.9496
4135	6.1593	29.9663
4135	6.13065	29.9829
4135	6.102	29.9996
4135	6.07335	30.0163
4135	6.0447	30.033
4135	6.01606	30.0496
4135	5.98741	30.0663
4135	5.95876	30.083
4135	5.93011	30.0996
4135	5.90146	30.1163
4135	5.87282	30.133
4135	5.84417	30.1497
4135	5.81552	30.1663
4135	5.78687	30.183
4135	5.75823	30.1997
4135	5.72958	30.2163
4135	5.70093	30.233
4135	5.67228	30.2497
4135	5.64363	30.2663
4135	5.61499	30.283
4135	5.58634	30.2997
4135	5.55769	30.3164
4135	5.52904	30.333
4135	5.50039	30.3497
4135	5.47175	30.3664
4135	5.4431	30.383
4135	5.41445	30.3997
4135	5.3858	30.4164
4135	5.35715	30.433
4135	5.32851	30.4497
4135	5.29986	30.4664
4135	5.27121	30.4831
4135	5.24256	30.4997
4135	5.21391	30.5164
4135	5.18527	30.5331
4135	5.15662	30.5497
4135	5.12797	30.5664
4135	5.09932	30.5831
4135	5.07068	30.5997
4135	5.04203	30.6164
4135	5.01338	30.6331
4135	4.98473	30.6498
4135	4.95608	30.6664
4135	4.92744	30.6831
4135	4.89879	30.6998
4135	4.87014	30.7164
4135	4.84149	30.7331
4135	4.81284	30.7498
4135	4.7842	30.7664
4135	4.75555	30.7831
4135	4.7269	30.7998
4135	4.69825	30.8165
4135	4.6696	30.8331
4135	4.64096	30.8498
4135	4.61231	30.8665
4135	4.58366	30.8831
4135	4.55501	30.8998
4135	4.52637	30.9165
4135	4.49772	30.9332
4135	4.46907	30.9498
4135	4.44042	30.9665
4135	4.41177	30.9832
4135	4.38313	30.9998
4135	4.35448	31.0165
4135	4.32583	31.0332
4135	4.29718	31.0498
4135	4.26853	31.0665
4135	4.23989	31.0832
4135	4.21124	31.0999
4135	4.18259	31.1165
4135	4.15394	31.1332
4135	4.12529	31.1499
4135	4.09665	31.1665
4135	4.068	31.1832
4135	4.03935	31.1999
4135	4.0107	31.2165
4135	3.98205	31.2332
4135	3.95341	31.2499
4135	3.92476	31.2666
4135	3.89611	31.2832
4135	3.86746	31.2999
4135	3.83882	31.3166
4135	3.81017	31.3332
4135	3.78152	31.3499
4135	3.75287	31.3666
4135	3.72422	31.3832
4135	3.69558	31.3999
4135	3.66693	31.4166
4135	3.63828	31.4333
4135	3.60963	31.4499
4135	3.58098	31.4666
4135	3.55234	31.4833
4135	3.52369	31.4999
4135	3.49504	31.5166
4135	3.46639	31.5333
4135	3.43774	31.5499
4135	3.4091	31.5666
4135	3.38045	31.5833
4135	3.3518	31.6
4135	3.32315	31.6166
4135	3.29451	31.6333
4135	3.26586	31.65
4135	3.23721	31.6666
4135	3.20856	31.6833
4135	3.17991	31.7
4135	3.15127	31.7167
4135	3.12262	31.7333
4135	3.09397	31.75
4135	3.06532	31.7667
4135	3.03667	31.7833
4135	3.00803	31.8
4135	2.97938	31.8167
4135	2.95073	31.8333
4135	2.92208	31.85
4135	2.89343	31.8667
4135	2.86479	31.8834
4135	2.83614	31.9
4135	2.80749	31.9167
4135	2.77884	31.9334
4135	2.7502	31.95
4135	2.72155	31.9667
4135	2.6929	31.9834
4135	2.66425	32
4135	2.6356	32.0167
4135	2.60696	32.0334
4135	2.57831	32.0501
4135	2.54966	32.0667
4135	2.52101	32.0834
4135	2.49236	32.1001
4135	2.46372	32.1167
4135	2.43507	32.1334
4135	2.40642	32.1501
4135	2.37777	32.1667
4135	2.34912	32.1834
4135	2.32048	32.2001
4135	2.29183	32.2168
4135	2.26318	32.2334
4135	2.23453	32.2501
4135	2.20588	32.2668
4135	2.17724	32.2834
4135	2.14859	32.3001
4135	2.11994	32.3168
4135	2.09129	32.3335
4135	2.06265	32.3501
4135	2.034	32.3668
4135	2.00535	32.3835
4135	1.9767	32.4001
4135	1.94805	32.4168
4135	1.91941	32.4335
4135	1.89076	32.4501
4135	1.86211	32.4668
4135	1.83346	32.4835
4135	1.80481	32.5002
4135	1.77617	32.5168
4135	1.74752	32.5335
4135	1.71887	32.5502
4135	1.69022	32.5668
4135	1.66157	32.5835
4135	1.63293	32.6002
4135	1.60428	32.6168
4135	1.57563	32.6335
4135	1.54698	32.6502
4135	1.51834	32.6669
4135	1.48969	32.6835
4135	1.46104	32.7002
4135	1.43239	32.7169
4135	1.40374	32.7335
4135	1.3751	32.7502
4135	1.34645	32.7669
4135	1.3178	32.7835
4135	1.28915	32.8002
4135	1.26051	32.8169
4135	1.23186	32.8336
4135	1.20321	32.8502
4135	1.17456	32.8669
4135	1.14591	32.8836
4135	1.11727	32.9002
4135	1.08862	32.9169
4135	1.05997	32.9336
4135	1.03132	32.9502
4135	1.00268	32.9669
4135	0.974028	32.9836
4135	0.94538	33.0003
4135	0.916732	33.0169
4135	0.888084	33.0336
4135	0.859436	33.0503
4135	0.830789	33.0669
4135	0.802141	33.0836
4135	0.773493	33.1003
4135	0.744845	33.117
4135	0.716197	33.1336
4135	0.687549	33.1503
4135	0.658901	33.167
4135	0.630254	33.1836
4135	0.601606	33.2003
4135	0.572958	33.217
4135	0.54431	33.2336
4135	0.515662	33.2503
4135	0.487014	33.267
4135	0.458366	33.2837
4135	0.429719	33.3003
4135	0.401071	33.317
4135	0.372423	33.3337
4135	0.343775	33.3503
4135	0.315127	33.367
4135	0.286479	33.3837
4135	0.257831	33.4003
4135	0.229184	33.417
4135	0.200536	33.4337
4135	0.171888	33.4504
4135	0.14324	33.467
4135	0.114592	33.4837
4135	0.0859443	33.5004
4135	0.0572965	33.517
4135	0.0286486	33.5337
4135	7.53721e-07	33.5504
4135	-0.0286471	33.567
4135	0	33.5837
4135	0	33.6004
4135	0	33.6171
4135	0	33.6337
4135	0	33.6504
4135	0	33.6671
4135	0	33.6837
4135	0	33.7004
4135	0	33.7171
4135	0	33.7337
4135	0	33.7504
4135	0	33.7671
4135	0	33.7838
4135	0	33.8004
4135	0	33.8171
4135	0	33.8338
4135	0	33.8504
4135	0	33.8671
4135	0	33.8838
4135	0	33.9005
4135	0	33.9171
4135	0	33.9338
4135	0	33.9505
4135	0	33.9671
4135	0	33.9838
4135	0	34.0005
4135	0	34.0171
4135	0	34.0338
4135	0	34.0505
4135	0	34.0672
4135	0	34.0838
4135	0	34.1005
4135	0	34.1172
4135	0	34.1338
4135	0	34.1505
4135	0	34.1672
4135	0	34.1838
4135	0	34.2005
4135	0	34.2172
4135	0	34.2339
4135	0	34.2505
4135	0	34.2672
4135	0	34.2839
4135	0	34.3005
4135	0	34.3172
4135	0	34.3339
4135	0	34.3505
4135	0	34.3672
4135	0	34.3839
4135	0	34.4006
4135	0	34.4172
4135	0	34.4339
4135	0	34.4506
4135	0	34.4672
4135	0	34.4839
4135	0	34.5006
4135	0	34.5173
4135	0	34.5339
4135	0	34.5506
4135	0	34.5673
