inside_count	theta (degrees)	time (s)
57951	0.0286479	0.0160751
57950	0.0572957	0.0327415
57950	0.0859435	0.049408
57950	0.114591	0.0660744
57948	0.143239	0.0827408
57948	0.171887	0.0994072
57948	0.200535	0.116074
57948	0.229183	0.13274
57948	0.257831	0.149406
57948	0.286479	0.166073
57948	0.315126	0.182739
57948	0.343774	0.199406
57948	0.372422	0.216072
57948	0.40107	0.232738
57947	0.429718	0.249405
57945	0.458366	0.266071
57944	0.487013	0.282738
57944	0.515661	0.299404
57944	0.544309	0.316071
57943	0.572957	0.332737
57943	0.601605	0.349403
57943	0.630253	0.36607
57943	0.658901	0.382736
57943	0.687548	0.399403
57943	0.716196	0.416069
57942	0.744844	0.432735
57942	0.773492	0.449402
57942	0.80214	0.466068
57942	0.830788	0.482735
57942	0.859436	0.499401
57941	0.888083	0.516068
57940	0.916731	0.532734
57939	0.945379	0.5494
57939	0.974027	0.566067
57939	1.00267	0.582733
57939	1.03132	0.5994
57939	1.05997	0.616066
57939	1.08862	0.632732
57938	1.11727	0.649399
57938	1.14591	0.666065
57938	1.17456	0.682732
57937	1.20321	0.699398
57937	1.23186	0.716064
57937	1.2605	0.732731
57937	1.28915	0.749397
57937	1.3178	0.766064
57937	1.34645	0.78273
57937	1.3751	0.799397
57937	1.40374	0.816063
57937	1.43239	0.832729
57936	1.46104	0.849396
57936	1.48969	0.866062
57936	1.51834	0.882729
57936	1.54698	0.899395
57936	1.57563	0.916061
57936	1.60428	0.932728
57936	1.63293	0.949394
57934	1.66157	0.966061
57933	1.69022	0.982727
57933	1.71887	0.999393
57933	1.74752	1.01606
57933	1.77617	1.03273
57931	1.80481	1.04939
57931	1.83346	1.06606
57931	1.86211	1.08273
57931	1.89076	1.09939
57931	1.9194	1.11606
57931	1.94805	1.13272
57931	1.9767	1.14939
57931	2.00535	1.16606
57931	2.034	1.18272
57931	2.06264	1.19939
57930	2.09129	1.21606
57930	2.11994	1.23272
57930	2.14859	1.24939
57929	2.17724	1.26606
57929	2.20588	1.28272
57929	2.23453	1.29939
57929	2.26318	1.31606
57928	2.29183	1.33272
57928	2.32048	1.34939
57927	2.34912	1.36605
57927	2.37777	1.38272
57927	2.40642	1.39939
57927	2.43507	1.41605
57927	2.46372	1.43272
57927	2.49236	1.44939
57927	2.52101	1.46605
57926	2.54966	1.48272
57926	2.57831	1.49939
57926	2.60695	1.51605
57926	2.6356	1.53272
57926	2.66425	1.54939
57926	2.6929	1.56605
57926	2.72155	1.58272
57926	2.75019	1.59938
57926	2.77884	1.61605
57926	2.80749	1.63272
57926	2.83614	1.64938
57926	2.86479	1.66605
57924	2.89343	1.68272
57924	2.92208	1.69938
57924	2.95073	1.71605
57924	2.97938	1.73272
57924	3.00803	1.74938
57924	3.03667	1.76605
57924	3.06532	1.78271
57924	3.09397	1.79938
57924	3.12262	1.81605
57922	3.15126	1.83271
57922	3.17991	1.84938
57922	3.20856	1.86605
57922	3.23721	1.88271
57922	3.26586	1.89938
57922	3.2945	1.91605
57921	3.32315	1.93271
57919	3.3518	1.94938
57919	3.38045	1.96605
57919	3.4091	1.98271
57919	3.43774	1.99938
57919	3.46639	2.01604
57919	3.49504	2.03271
57919	3.52369	2.04938
57918	3.55234	2.06604
57917	3.58098	2.08271
57917	3.60963	2.09938
57917	3.63828	2.11604
57917	3.66693	2.13271
57917	3.69557	2.14938
57917	3.72422	2.16604
57917	3.75287	2.18271
57917	3.78152	2.19938
57915	3.81017	2.21604
57915	3.83881	2.23271
57914	3.86746	2.24937
57914	3.89611	2.26604
57914	3.92476	2.28271
57914	3.95341	2.29937
57914	3.98205	2.31604
57914	4.0107	2.33271
57913	4.03935	2.34937
57913	4.068	2.36604
57913	4.09665	2.38271
57913	4.12529	2.39937
57911	4.15394	2.41604
57911	4.18259	2.4327
57911	4.21124	2.44937
57911	4.23989	2.46604
57911	4.26853	2.4827
57911	4.29718	2.49937
57911	4.32583	2.51604
57911	4.35448	2.5327
57910	4.38312	2.54937
57910	4.41177	2.56604
57910	4.44042	2.5827
57910	4.46907	2.59937
57910	4.49772	2.61604
57910	4.52636	2.6327
57910	4.55501	2.64937
57910	4.58366	2.66603
57910	4.61231	2.6827
57910	4.64096	2.69937
57910	4.6696	2.71603
57910	4.69825	2.7327
57910	4.7269	2.74937
57910	4.75555	2.76603
57909	4.7842	2.7827
57908	4.81284	2.79937
57908	4.84149	2.81603
57908	4.87014	2.8327
57908	4.89879	2.84937
57908	4.92743	2.86603
57907	4.95608	2.8827
57907	4.98473	2.89936
57906	5.01338	2.91603
57906	5.04203	2.9327
57906	5.07067	2.94936
57904	5.09932	2.96603
57904	5.12797	2.9827
57904	5.15662	2.99936
57904	5.18527	3.01603
57903	5.21391	3.0327
57903	5.24256	3.04936
57903	5.27121	3.06603
57903	5.29986	3.0827
57903	5.32851	3.09936
57903	5.35715	3.11603
57903	5.3858	3.13269
57903	5.41445	3.14936
57903	5.4431	3.16603
57903	5.47175	3.18269
57903	5.50039	3.19936
57903	5.52904	3.21603
57903	5.55769	3.23269
57903	5.58634	3.24936
57903	5.61498	3.26603
57903	5.64363	3.28269
57903	5.67228	3.29936
57903	5.70093	3.31602
57903	5.72958	3.33269
57903	5.75822	3.34936
57901	5.78687	3.36602
57900	5.81552	3.38269
57900	5.84417	3.39936
57900	5.87282	3.41602
57900	5.90146	3.43269
57900	5.93011	3.44936
57900	5.95876	3.46602
57900	5.98741	3.48269
57900	6.01606	3.49936
57900	6.0447	3.51602
57900	6.07335	3.53269
57900	6.102	3.54935
57900	6.13065	3.56602
57900	6.1593	3.58269
57900	6.18794	3.59935
57900	6.21659	3.61602
57900	6.24524	3.63269
57900	6.27389	3.64935
57900	6.30253	3.66602
57900	6.33118	3.68269
57900	6.35983	3.69935
57900	6.38848	3.71602
57900	6.41713	3.73269
57900	6.44577	3.74935
57900	6.47442	3.76602
57900	6.50307	3.78268
57900	6.53172	3.79935
57900	6.56037	3.81602
57899	6.58901	3.83268
57899	6.61766	3.84935
57899	6.64631	3.86602
57899	6.67496	3.88268
57899	6.70361	3.89935
57899	6.73225	3.91602
57899	6.7609	3.93268
57899	6.78955	3.94935
57899	6.8182	3.96601
57899	6.84685	3.98268
57899	6.87549	3.99935
57899	6.90414	4.01601
57899	6.93279	4.03268
57899	6.96144	4.04935
57899	6.99008	4.06601
57899	7.01873	4.08268
57899	7.04738	4.09935
57899	7.07603	4.11601
57899	7.10468	4.13268
57899	7.13332	4.14935
57899	7.16197	4.16601
57899	7.19062	4.18268
57899	7.21927	4.19934
57899	7.24791	4.21601
57899	7.27656	4.23268
57899	7.30521	4.24934
57899	7.33386	4.26601
57899	7.3625	4.28268
57899	7.39115	4.29934
57899	7.4198	4.31601
57899	7.44845	4.33268
57890	7.47709	4.34934
57882	7.50574	4.36601
57874	7.53439	4.38268
57871	7.56304	4.39934
57869	7.59168	4.41601
57865	7.62033	4.43267
57859	7.64898	4.44934
57854	7.67763	4.46601
57849	7.70627	4.48267
57844	7.73492	4.49934
57839	7.76357	4.51601
57831	7.79222	4.53267
57823	7.82086	4.54934
57817	7.84951	4.56601
57808	7.87816	4.58267
57802	7.90681	4.59934
57796	7.93545	4.616
57786	7.9641	4.63267
57780	7.99275	4.64934
57772	8.0214	4.666
57766	8.05004	4.68267
57759	8.07869	4.69934
57750	8.10734	4.716
57744	8.13599	4.73267
57733	8.16463	4.74934
57721	8.19328	4.766
57708	8.22193	4.78267
57698	8.25058	4.79934
57687	8.27922	4.816
57676	8.30787	4.83267
57664	8.33652	4.84933
57652	8.36517	4.866
57638	8.39381	4.88267
57623	8.42246	4.89933
57611	8.45111	4.916
57599	8.47976	4.93267
57589	8.5084	4.94933
57574	8.53705	4.966
57559	8.5657	4.98267
57540	8.59435	4.99933
57523	8.62299	5.016
57509	8.65164	5.03267
57491	8.68029	5.04933
57477	8.70894	5.066
57462	8.73758	5.08266
57444	8.76623	5.09933
57428	8.79488	5.116
57412	8.82353	5.13266
57397	8.85217	5.14933
57379	8.88082	5.166
57359	8.90947	5.18266
57344	8.93812	5.19933
57322	8.96676	5.216
57306	8.99541	5.23266
57284	9.02406	5.24933
57262	9.05271	5.266
57240	9.08135	5.28266
57217	9.11	5.29933
57195	9.13865	5.31599
57170	9.1673	5.33266
57146	9.19594	5.34933
57125	9.22459	5.36599
57103	9.25324	5.38266
57082	9.28189	5.39933
57056	9.31053	5.41599
57027	9.33918	5.43266
57004	9.36783	5.44933
56978	9.39648	5.46599
56954	9.42512	5.48266
56929	9.45377	5.49932
56902	9.48242	5.51599
56877	9.51107	5.53266
56856	9.53971	5.54932
56830	9.56836	5.56599
56804	9.59701	5.58266
56776	9.62566	5.59932
56747	9.6543	5.61599
56717	9.68295	5.63266
56690	9.7116	5.64932
56658	9.74024	5.66599
56626	9.76889	5.68266
56597	9.79754	5.69932
56570	9.82619	5.71599
56539	9.85484	5.73265
56507	9.88348	5.74932
56473	9.91213	5.76599
56443	9.94078	5.78265
56412	9.96943	5.79932
56381	9.99807	5.81599
56351	10.0267	5.83265
56318	10.0554	5.84932
56284	10.084	5.86599
56252	10.1127	5.88265
56219	10.1413	5.89932
56183	10.17	5.91599
56145	10.1986	5.93265
56112	10.2273	5.94932
56078	10.2559	5.96598
56040	10.2845	5.98265
56004	10.3132	5.99932
55971	10.3418	6.01598
55936	10.3705	6.03265
55901	10.3991	6.04932
55859	10.4278	6.06598
55817	10.4564	6.08265
55780	10.4851	6.09932
55742	10.5137	6.11598
55709	10.5424	6.13265
55669	10.571	6.14931
55628	10.5997	6.16598
55589	10.6283	6.18265
55548	10.657	6.19931
55509	10.6856	6.21598
55471	10.7143	6.23265
55429	10.7429	6.24931
55390	10.7716	6.26598
55351	10.8002	6.28265
55307	10.8288	6.29931
55265	10.8575	6.31598
55228	10.8861	6.33265
55188	10.9148	6.34931
55141	10.9434	6.36598
55102	10.9721	6.38264
55060	11.0007	6.39931
55014	11.0294	6.41598
54969	11.058	6.43264
54927	11.0867	6.44931
54882	11.1153	6.46598
54836	11.144	6.48264
54797	11.1726	6.49931
54753	11.2013	6.51598
54708	11.2299	6.53264
54663	11.2586	6.54931
54611	11.2872	6.56598
54571	11.3159	6.58264
54525	11.3445	6.59931
54479	11.3732	6.61597
54434	11.4018	6.63264
54385	11.4304	6.64931
54343	11.4591	6.66597
54292	11.4877	6.68264
54245	11.5164	6.69931
54200	11.545	6.71597
54153	11.5737	6.73264
54108	11.6023	6.74931
54060	11.631	6.76597
54014	11.6596	6.78264
53969	11.6883	6.7993
53925	11.7169	6.81597
53873	11.7456	6.83264
53823	11.7742	6.8493
53768	11.8029	6.86597
53713	11.8315	6.88264
53667	11.8602	6.8993
53617	11.8888	6.91597
53573	11.9175	6.93264
53517	11.9461	6.9493
53471	11.9747	6.96597
53420	12.0034	6.98264
53366	12.032	6.9993
53315	12.0607	7.01597
53261	12.0893	7.03263
53207	12.118	7.0493
53155	12.1466	7.06597
53097	12.1753	7.08263
53045	12.2039	7.0993
52996	12.2326	7.11597
52947	12.2612	7.13263
52887	12.2899	7.1493
52831	12.3185	7.16597
52772	12.3472	7.18263
52716	12.3758	7.1993
52664	12.4045	7.21597
52613	12.4331	7.23263
52557	12.4618	7.2493
52499	12.4904	7.26596
52437	12.5191	7.28263
52385	12.5477	7.2993
52318	12.5763	7.31596
52266	12.605	7.33263
52209	12.6336	7.3493
52152	12.6623	7.36596
52093	12.6909	7.38263
52032	12.7196	7.3993
51981	12.7482	7.41596
51912	12.7769	7.43263
51850	12.8055	7.4493
51801	12.8342	7.46596
51745	12.8628	7.48263
51686	12.8915	7.49929
51621	12.9201	7.51596
51559	12.9488	7.53263
51504	12.9774	7.54929
51443	13.0061	7.56596
51382	13.0347	7.58263
51323	13.0634	7.59929
51263	13.092	7.61596
51209	13.1206	7.63263
51147	13.1493	7.64929
51083	13.1779	7.66596
51031	13.2066	7.68262
50969	13.2352	7.69929
50902	13.2639	7.71596
50845	13.2925	7.73262
50785	13.3212	7.74929
50725	13.3498	7.76596
50667	13.3785	7.78262
50607	13.4071	7.79929
50544	13.4358	7.81596
50484	13.4644	7.83262
50421	13.4931	7.84929
50357	13.5217	7.86596
50295	13.5504	7.88262
50242	13.579	7.89929
50177	13.6077	7.91595
50123	13.6363	7.93262
50060	13.665	7.94929
50000	13.6936	7.96595
49935	13.7222	7.98262
49877	13.7509	7.99929
49821	13.7795	8.01595
49763	13.8082	8.03262
49702	13.8368	8.04929
49646	13.8655	8.06595
49587	13.8941	8.08262
49529	13.9228	8.09929
49474	13.9514	8.11595
49407	13.9801	8.13262
49347	14.0087	8.14928
49284	14.0374	8.16595
49227	14.066	8.18262
49167	14.0947	8.19928
49102	14.1233	8.21595
49046	14.152	8.23262
48981	14.1806	8.24928
48918	14.2093	8.26595
48857	14.2379	8.28262
48799	14.2665	8.29928
48739	14.2952	8.31595
48678	14.3238	8.33261
48622	14.3525	8.34928
48553	14.3811	8.36595
48492	14.4098	8.38261
48437	14.4384	8.39928
48379	14.4671	8.41595
48316	14.4957	8.43261
48255	14.5244	8.44928
48200	14.553	8.46595
48136	14.5817	8.48261
48078	14.6103	8.49928
48022	14.639	8.51595
47959	14.6676	8.53261
47900	14.6963	8.54928
47847	14.7249	8.56594
47783	14.7536	8.58261
47722	14.7822	8.59928
47657	14.8109	8.61594
47598	14.8395	8.63261
47531	14.8681	8.64928
47472	14.8968	8.66594
47411	14.9254	8.68261
47357	14.9541	8.69928
47300	14.9827	8.71594
47234	15.0114	8.73261
47172	15.04	8.74928
47116	15.0687	8.76594
47055	15.0973	8.78261
47000	15.126	8.79927
46934	15.1546	8.81594
46875	15.1833	8.83261
46811	15.2119	8.84927
46750	15.2406	8.86594
46687	15.2692	8.88261
46625	15.2979	8.89927
46558	15.3265	8.91594
46509	15.3552	8.93261
46442	15.3838	8.94927
46370	15.4124	8.96594
46319	15.4411	8.9826
46259	15.4697	8.99927
46199	15.4984	9.01594
46136	15.527	9.0326
46065	15.5557	9.04927
46005	15.5843	9.06594
45942	15.613	9.0826
45885	15.6416	9.09927
45816	15.6703	9.11594
45755	15.6989	9.1326
45688	15.7276	9.14927
45625	15.7562	9.16594
45564	15.7849	9.1826
45502	15.8135	9.19927
45432	15.8422	9.21593
45370	15.8708	9.2326
45312	15.8995	9.24927
45248	15.9281	9.26593
45178	15.9567	9.2826
45108	15.9854	9.29927
45045	16.014	9.31593
44983	16.0427	9.3326
44920	16.0713	9.34927
44853	16.1	9.36593
44782	16.1286	9.3826
44723	16.1573	9.39927
44659	16.1859	9.41593
44590	16.2146	9.4326
44525	16.2432	9.44926
44460	16.2719	9.46593
44386	16.3005	9.4826
44324	16.3292	9.49926
44262	16.3578	9.51593
44194	16.3865	9.5326
44125	16.4151	9.54926
44057	16.4438	9.56593
43996	16.4724	9.5826
43924	16.5011	9.59926
43863	16.5297	9.61593
43789	16.5583	9.6326
43730	16.587	9.64926
43662	16.6156	9.66593
43595	16.6443	9.68259
43530	16.6729	9.69926
43461	16.7016	9.71593
43390	16.7302	9.73259
43325	16.7589	9.74926
43243	16.7875	9.76593
43167	16.8162	9.78259
43092	16.8448	9.79926
43027	16.8735	9.81593
42956	16.9021	9.83259
42879	16.9308	9.84926
42811	16.9594	9.86592
42741	16.9881	9.88259
42671	17.0167	9.89926
42588	17.0454	9.91592
42515	17.074	9.93259
42442	17.1026	9.94926
42377	17.1313	9.96592
42313	17.1599	9.98259
42219	17.1886	9.99926
42137	17.2172	10.0159
42055	17.2459	10.0326
41986	17.2745	10.0493
41911	17.3032	10.0659
41844	17.3318	10.0826
41775	17.3605	10.0993
41715	17.3891	10.1159
41637	17.4178	10.1326
41540	17.4464	10.1493
41450	17.4751	10.1659
41377	17.5037	10.1826
41276	17.5324	10.1993
41195	17.561	10.2159
41121	17.5897	10.2326
41057	17.6183	10.2493
40971	17.647	10.2659
40881	17.6756	10.2826
40800	17.7042	10.2993
40725	17.7329	10.3159
40644	17.7615	10.3326
40561	17.7902	10.3493
40478	17.8188	10.3659
40384	17.8475	10.3826
40294	17.8761	10.3993
40213	17.9048	10.4159
40139	17.9334	10.4326
40063	17.9621	10.4492
39973	17.9907	10.4659
39891	18.0194	10.4826
39810	18.048	10.4992
39736	18.0767	10.5159
39653	18.1053	10.5326
39580	18.134	10.5492
39478	18.1626	10.5659
39396	18.1913	10.5826
39324	18.2199	10.5992
39240	18.2485	10.6159
39157	18.2772	10.6326
39077	18.3058	10.6492
38986	18.3345	10.6659
38912	18.3631	10.6826
38820	18.3918	10.6992
38752	18.4204	10.7159
38684	18.4491	10.7326
38600	18.4777	10.7492
38503	18.5064	10.7659
38423	18.535	10.7826
38329	18.5637	10.7992
38230	18.5923	10.8159
38159	18.621	10.8326
38078	18.6496	10.8492
38001	18.6783	10.8659
37931	18.7069	10.8826
37849	18.7356	10.8992
37736	18.7642	10.9159
37641	18.7929	10.9326
37559	18.8215	10.9492
37488	18.8501	10.9659
37408	18.8788	10.9826
37332	18.9074	10.9992
37239	18.9361	11.0159
37139	18.9647	11.0326
37073	18.9934	11.0492
36999	19.022	11.0659
36898	19.0507	11.0826
36806	19.0793	11.0992
36734	19.108	11.1159
36662	19.1366	11.1326
36588	19.1653	11.1492
36494	19.1939	11.1659
36386	19.2226	11.1826
36298	19.2512	11.1992
36223	19.2799	11.2159
36148	19.3085	11.2326
36069	19.3372	11.2492
35992	19.3658	11.2659
35920	19.3944	11.2826
35833	19.4231	11.2992
35742	19.4517	11.3159
35644	19.4804	11.3326
35573	19.509	11.3492
35497	19.5377	11.3659
35416	19.5663	11.3826
35342	19.595	11.3992
35257	19.6236	11.4159
35136	19.6523	11.4326
35043	19.6809	11.4492
34968	19.7096	11.4659
34906	19.7382	11.4826
34837	19.7669	11.4992
34738	19.7955	11.5159
34643	19.8242	11.5326
34556	19.8528	11.5492
34486	19.8815	11.5659
34420	19.9101	11.5826
34353	19.9387	11.5992
34257	19.9674	11.6159
34149	19.996	11.6326
34071	20.0247	11.6492
33998	20.0533	11.6659
33918	20.082	11.6826
33835	20.1106	11.6992
33757	20.1393	11.7159
33665	20.1679	11.7326
33582	20.1966	11.7492
33499	20.2252	11.7659
33429	20.2539	11.7826
33328	20.2825	11.7992
33250	20.3112	11.8159
33186	20.3398	11.8326
33104	20.3685	11.8492
33015	20.3971	11.8659
32941	20.4258	11.8826
32871	20.4544	11.8992
32767	20.4831	11.9159
32686	20.5117	11.9326
32614	20.5403	11.9492
32545	20.569	11.9659
32475	20.5976	11.9826
32379	20.6263	11.9992
32290	20.6549	12.0159
32208	20.6836	12.0326
32120	20.7122	12.0492
32039	20.7409	12.0659
31971	20.7695	12.0826
31891	20.7982	12.0992
31812	20.8268	12.1159
31718	20.8555	12.1326
31646	20.8841	12.1492
31556	20.9128	12.1659
31472	20.9414	12.1826
31385	20.9701	12.1992
31305	20.9987	12.2159
31237	21.0274	12.2326
31161	21.056	12.2492
31078	21.0846	12.2659
30977	21.1133	12.2826
30900	21.1419	12.2992
30838	21.1706	12.3159
30760	21.1992	12.3326
30665	21.2279	12.3492
30590	21.2565	12.3659
30517	21.2852	12.3826
30429	21.3138	12.3992
30346	21.3425	12.4159
30274	21.3711	12.4326
30204	21.3998	12.4492
30119	21.4284	12.4659
30040	21.4571	12.4826
29957	21.4857	12.4992
29876	21.5144	12.5159
29789	21.543	12.5326
29709	21.5717	12.5492
29615	21.6003	12.5659
29541	21.629	12.5826
29479	21.6576	12.5992
29408	21.6862	12.6159
29302	21.7149	12.6325
29215	21.7435	12.6492
29149	21.7722	12.6659
29080	21.8008	12.6825
29003	21.8295	12.6992
28922	21.8581	12.7159
28851	21.8868	12.7325
28760	21.9154	12.7492
28682	21.9441	12.7659
28603	21.9727	12.7825
28522	22.0014	12.7992
28453	22.03	12.8159
28383	22.0587	12.8325
28299	22.0873	12.8492
28219	22.116	12.8659
28134	22.1446	12.8825
28051	22.1733	12.8992
27970	22.2019	12.9159
27897	22.2305	12.9325
27825	22.2592	12.9492
27748	22.2878	12.9659
27652	22.3165	12.9825
27565	22.3451	12.9992
27500	22.3738	13.0159
27423	22.4024	13.0325
27347	22.4311	13.0492
27285	22.4597	13.0659
27202	22.4884	13.0825
27128	22.517	13.0992
27042	22.5457	13.1159
26943	22.5743	13.1325
26856	22.603	13.1492
26790	22.6316	13.1659
26730	22.6603	13.1825
26666	22.6889	13.1992
26564	22.7176	13.2159
26469	22.7462	13.2325
26396	22.7749	13.2492
26308	22.8035	13.2659
26237	22.8321	13.2825
26173	22.8608	13.2992
26095	22.8894	13.3159
26003	22.9181	13.3325
25928	22.9467	13.3492
25853	22.9754	13.3659
25768	23.004	13.3825
25675	23.0327	13.3992
25598	23.0613	13.4159
25532	23.09	13.4325
25468	23.1186	13.4492
25398	23.1473	13.4659
25320	23.1759	13.4825
25243	23.2046	13.4992
25162	23.2332	13.5159
25082	23.2619	13.5325
24999	23.2905	13.5492
24927	23.3192	13.5659
24856	23.3478	13.5825
24772	23.3764	13.5992
24689	23.4051	13.6159
24616	23.4337	13.6325
24519	23.4624	13.6492
24433	23.491	13.6659
24357	23.5197	13.6825
24283	23.5483	13.6992
24234	23.577	13.7159
24158	23.6056	13.7325
24072	23.6343	13.7492
24011	23.6629	13.7659
23951	23.6916	13.7825
23877	23.7202	13.7992
23801	23.7489	13.8159
23718	23.7775	13.8325
23641	23.8062	13.8492
23571	23.8348	13.8659
23496	23.8635	13.8825
23414	23.8921	13.8992
23346	23.9207	13.9159
23266	23.9494	13.9325
23188	23.978	13.9492
23122	24.0067	13.9659
23045	24.0353	13.9825
22977	24.064	13.9992
22887	24.0926	14.0159
22817	24.1213	14.0325
22749	24.1499	14.0492
22678	24.1786	14.0659
22602	24.2072	14.0825
22534	24.2359	14.0992
22484	24.2645	14.1159
22417	24.2932	14.1326
22333	24.3218	14.1492
22246	24.3505	14.1659
22177	24.3791	14.1826
22119	24.4078	14.1992
22046	24.4364	14.2159
21961	24.4651	14.2326
21886	24.4937	14.2492
21818	24.5223	14.2659
21739	24.551	14.2826
21682	24.5796	14.2993
21617	24.6083	14.3159
21548	24.6369	14.3326
21476	24.6656	14.3493
21406	24.6942	14.3659
21332	24.7229	14.3826
21261	24.7515	14.3993
21187	24.7802	14.4159
21135	24.8088	14.4326
21076	24.8375	14.4493
21004	24.8661	14.466
20940	24.8948	14.4826
20876	24.9234	14.4993
20806	24.9521	14.516
20735	24.9807	14.5326
20655	25.0094	14.5493
20588	25.038	14.566
20520	25.0666	14.5826
20447	25.0953	14.5993
20379	25.1239	14.616
20291	25.1526	14.6327
20226	25.1812	14.6493
20172	25.2099	14.666
20098	25.2385	14.6827
20028	25.2672	14.6993
19972	25.2958	14.716
19906	25.3245	14.7327
19846	25.3531	14.7494
19772	25.3818	14.766
19701	25.4104	14.7827
19646	25.4391	14.7994
19587	25.4677	14.816
19516	25.4964	14.8327
19455	25.525	14.8494
19399	25.5537	14.866
19343	25.5823	14.8827
19283	25.611	14.8994
19209	25.6396	14.9161
19145	25.6682	14.9327
19077	25.6969	14.9494
19006	25.7255	14.9661
18943	25.7542	14.9827
18879	25.7828	14.9994
18820	25.8115	15.0161
18759	25.8401	15.0327
18705	25.8688	15.0494
18620	25.8974	15.0661
18550	25.9261	15.0828
18491	25.9547	15.0994
18427	25.9547	15.1161
18364	25.9547	15.1328
18310	25.9547	15.1494
18249	25.9547	15.1661
18184	25.9547	15.1828
18127	25.9547	15.1994
18045	25.9547	15.2161
17980	25.9547	15.2328
17918	25.9547	15.2495
17861	25.9547	15.2661
17794	25.9547	15.2828
17730	25.9547	15.2995
17669	25.9547	15.3161
17609	25.9547	15.3328
17556	25.9547	15.3495
17502	25.9547	15.3661
17432	25.9547	15.3828
17375	25.9547	15.3995
17314	25.9547	15.4162
17252	25.9547	15.4328
17198	25.9547	15.4495
17142	25.9547	15.4662
17083	25.9547	15.4828
17024	25.9547	15.4995
16962	25.9547	15.5162
16893	25.9547	15.5329
16828	25.9547	15.5495
16772	25.9547	15.5662
16710	25.9547	15.5829
16654	25.9547	15.5995
16595	25.9547	15.6162
16537	25.9547	15.6329
16481	25.9547	15.6495
16427	25.9547	15.6662
16364	25.9547	15.6829
16299	25.9547	15.6996
16236	25.9547	15.7162
16175	25.9547	15.7329
16126	25.9547	15.7496
16078	25.9547	15.7662
16021	25.9547	15.7829
15971	25.9547	15.7996
15922	25.9547	15.8162
15870	25.9547	15.8329
15808	25.9547	15.8496
15738	25.9547	15.8663
15679	25.9547	15.8829
15628	25.9547	15.8996
15569	25.9547	15.9163
15518	25.9547	15.9329
15465	25.9547	15.9496
15404	25.9547	15.9663
15353	25.9547	15.9829
15298	25.9547	15.9996
15238	25.9547	16.0163
15189	25.9547	16.033
15138	25.9547	16.0496
15083	25.9547	16.0663
15026	25.9547	16.083
14976	25.9547	16.0996
14922	25.9261	16.1163
14878	25.8974	16.133
14827	25.8688	16.1497
14784	25.8401	16.1663
14730	25.8115	16.183
14684	25.7828	16.1997
14626	25.7542	16.2163
14588	25.7255	16.233
14543	25.6969	16.2497
14488	25.6682	16.2663
14437	25.6396	16.283
14379	25.611	16.2997
14321	25.5823	16.3164
14269	25.5537	16.333
14214	25.525	16.3497
14162	25.4964	16.3664
14107	25.4677	16.383
14069	25.4391	16.3997
14021	25.4104	16.4164
13971	25.3818	16.433
13914	25.3531	16.4497
13863	25.3245	16.4664
13823	25.2958	16.4831
13769	25.2672	16.4997
13726	25.2385	16.5164
13679	25.2099	16.5331
13633	25.1812	16.5497
13586	25.1526	16.5664
13539	25.1239	16.5831
13497	25.0953	16.5997
13447	25.0666	16.6164
13399	25.038	16.6331
13362	25.0094	16.6498
13313	24.9807	16.6664
13269	24.9521	16.6831
13216	24.9234	16.6998
13162	24.8948	16.7164
13120	24.8661	16.7331
13082	24.8375	16.7498
13040	24.8088	16.7664
12989	24.7802	16.7831
12941	24.7515	16.7998
12903	24.7229	16.8165
12860	24.6942	16.8331
12815	24.6656	16.8498
12767	24.6369	16.8665
12718	24.6083	16.8831
12678	24.5796	16.8998
12640	24.551	16.9165
12600	24.5223	16.9332
12563	24.4937	16.9498
12520	24.4651	16.9665
12478	24.4364	16.9832
12438	24.4078	16.9998
12393	24.3791	17.0165
12351	24.3505	17.0332
12312	24.3218	17.0498
12272	24.2932	17.0665
12237	24.2645	17.0832
12191	24.2359	17.0999
12141	24.2072	17.1165
12106	24.1786	17.1332
12070	24.1499	17.1499
12034	24.1213	17.1665
11983	24.0926	17.1832
11947	24.064	17.1999
11909	24.0353	17.2165
11877	24.0067	17.2332
11839	23.978	17.2499
11802	23.9494	17.2666
11773	23.9207	17.2832
11728	23.8921	17.2999
11692	23.8635	17.3166
11655	23.8348	17.3332
11616	23.8062	17.3499
11580	23.7775	17.3666
11537	23.7489	17.3832
11506	23.7202	17.3999
11467	23.6916	17.4166
11435	23.6629	17.4333
11405	23.6343	17.4499
11368	23.6056	17.4666
11334	23.577	17.4833
11300	23.5483	17.4999
11265	23.5197	17.5166
11229	23.491	17.5333
11197	23.4624	17.5499
11160	23.4337	17.5666
11128	23.4051	17.5833
11098	23.3764	17.6
11065	23.3478	17.6166
11026	23.3192	17.6333
10995	23.2905	17.65
10962	23.2619	17.6666
10931	23.2332	17.6833
10902	23.2046	17.7
10867	23.1759	17.7167
10834	23.1473	17.7333
10805	23.1186	17.75
10772	23.09	17.7667
10736	23.0613	17.7833
10706	23.0327	17.8
10677	23.004	17.8167
10646	22.9754	17.8333
10618	22.9467	17.85
10590	22.9181	17.8667
10564	22.8894	17.8834
10533	22.8608	17.9
10505	22.8321	17.9167
10479	22.8035	17.9334
10446	22.7749	17.95
10423	22.7462	17.9667
10395	22.7176	17.9834
10368	22.6889	18
10347	22.6603	18.0167
10307	22.6316	18.0334
10284	22.603	18.0501
10257	22.5743	18.0667
10229	22.5457	18.0834
10202	22.517	18.1001
10177	22.4884	18.1167
10155	22.4597	18.1334
10126	22.4311	18.1501
10108	22.4024	18.1667
10078	22.3738	18.1834
10056	22.3451	18.2001
10031	22.3165	18.2168
10008	22.2878	18.2334
9982	22.2592	18.2501
9958	22.2305	18.2668
9936	22.2019	18.2834
9908	22.1733	18.3001
9884	22.1446	18.3168
9861	22.116	18.3335
9832	22.0873	18.3501
9800	22.0587	18.3668
9776	22.03	18.3835
9753	22.0014	18.4001
9728	21.9727	18.4168
9706	21.9441	18.4335
9687	21.9154	18.4501
9663	21.8868	18.4668
9634	21.8581	18.4835
9609	21.8295	18.5002
9583	21.8008	18.5168
9567	21.7722	18.5335
9550	21.7435	18.5502
9527	21.7149	18.5668
9505	21.6862	18.5835
9483	21.6576	18.6002
9463	21.629	18.6168
9438	21.6003	18.6335
9421	21.5717	18.6502
9397	21.543	18.6669
9373	21.5144	18.6835
9352	21.4857	18.7002
9327	21.4571	18.7169
9307	21.4284	18.7335
9286	21.3998	18.7502
9264	21.3711	18.7669
9245	21.3425	18.7835
9226	21.3138	18.8002
9204	21.2852	18.8169
9186	21.2565	18.8336
9167	21.2279	18.8502
9152	21.1992	18.8669
9133	21.1706	18.8836
9110	21.1419	18.9002
9089	21.1133	18.9169
9071	21.0846	18.9336
9053	21.056	18.9502
9030	21.0274	18.9669
9013	20.9987	18.9836
8998	20.9701	19.0003
8980	20.9414	19.0169
8958	20.9128	19.0336
8940	20.8841	19.0503
8922	20.8555	19.0669
8897	20.8268	19.0836
8882	20.7982	19.1003
8866	20.7695	19.117
8845	20.7409	19.1336
8830	20.7122	19.1503
8808	20.6836	19.167
8794	20.6549	19.1836
8777	20.6263	19.2003
8762	20.5976	19.217
8740	20.569	19.2336
8728	20.5403	19.2503
8712	20.5117	19.267
8694	20.4831	19.2837
8672	20.4544	19.3003
8656	20.4258	19.317
8640	20.3971	19.3337
8622	20.3685	19.3503
8607	20.3398	19.367
8593	20.3112	19.3837
8578	20.2825	19.4003
8559	20.2539	19.417
8543	20.2252	19.4337
8526	20.1966	19.4504
8509	20.1679	19.467
8495	20.1393	19.4837
8479	20.1106	19.5004
8465	20.082	19.517
8451	20.0533	19.5337
8435	20.0247	19.5504
8418	19.996	19.567
8404	19.9674	19.5837
8387	19.9387	19.6004
8376	19.9101	19.6171
8361	19.8815	19.6337
8342	19.8528	19.6504
8326	19.8242	19.6671
8312	19.7955	19.6837
8297	19.7669	19.7004
8280	19.7382	19.7171
8266	19.7096	19.7337
8256	19.6809	19.7504
8240	19.6523	19.7671
8223	19.6236	19.7838
8212	19.595	19.8004
8197	19.5663	19.8171
8184	19.5377	19.8338
8172	19.509	19.8504
8154	19.4804	19.8671
8141	19.4517	19.8838
8133	19.4231	19.9005
8116	19.3944	19.9171
8102	19.3658	19.9338
8089	19.3372	19.9505
8074	19.3085	19.9671
8063	19.2799	19.9838
8048	19.2512	20.0005
8036	19.2226	20.0171
8023	19.1939	20.0338
8011	19.1653	20.0505
7997	19.1366	20.0672
7984	19.108	20.0838
7970	19.0793	20.1005
7958	19.0507	20.1172
7945	19.022	20.1338
7933	18.9934	20.1505
7920	18.9647	20.1672
7909	18.9361	20.1838
7896	18.9074	20.2005
7889	18.8788	20.2172
7875	18.8501	20.2339
7865	18.8215	20.2505
7851	18.7929	20.2672
7836	18.7642	20.2839
7828	18.7356	20.3005
7814	18.7069	20.3172
7804	18.6783	20.3339
7794	18.6496	20.3505
7780	18.621	20.3672
7770	18.5923	20.3839
7756	18.5637	20.4006
7747	18.535	20.4172
7735	18.5064	20.4339
7723	18.4777	20.4506
7710	18.4491	20.4672
7700	18.4204	20.4839
7688	18.3918	20.5006
7679	18.3631	20.5173
7669	18.3345	20.5339
7659	18.3058	20.5506
7651	18.2772	20.5673
7644	18.2485	20.5839
7632	18.2199	20.6006
7620	18.1913	20.6173
7611	18.1626	20.6339
7603	18.134	20.6506
7590	18.1053	20.6673
7581	18.0767	20.684
7571	18.048	20.7006
7563	18.0194	20.7173
7551	17.9907	20.734
7543	17.9621	20.7506
7536	17.9334	20.7673
7523	17.9048	20.784
7514	17.8761	20.8006
7505	17.8475	20.8173
7496	17.8188	20.834
7487	17.7902	20.8507
7478	17.7615	20.8673
7470	17.7329	20.884
7461	17.7042	20.9007
7451	17.6756	20.9173
7441	17.647	20.934
7431	17.6183	20.9507
7423	17.5897	20.9673
7415	17.561	20.984
7406	17.5324	21.0007
7396	17.5037	21.0174
7390	17.4751	21.034
7381	17.4464	21.0507
7374	17.4178	21.0674
7366	17.3891	21.084
7357	17.3605	21.1007
7346	17.3318	21.1174
7336	17.3032	21.134
7326	17.2745	21.1507
7319	17.2459	21.1674
7310	17.2172	21.1841
7304	17.1886	21.2007
7297	17.1599	21.2174
7290	17.1313	21.2341
7283	17.1026	21.2507
7275	17.074	21.2674
7266	17.0454	21.2841
7258	17.0167	21.3008
7249	16.9881	21.3174
7242	16.9594	21.3341
7232	16.9308	21.3508
7224	16.9021	21.3674
7218	16.8735	21.3841
7210	16.8448	21.4008
7201	16.8162	21.4174
7190	16.7875	21.4341
7183	16.7589	21.4508
7176	16.7302	21.4675
7170	16.7016	21.4841
7161	16.6729	21.5008
7153	16.6443	21.5175
7144	16.6156	21.5341
7136	16.587	21.5508
7128	16.5583	21.5675
7121	16.5297	21.5841
7116	16.5011	21.6008
7107	16.4724	21.6175
7099	16.4438	21.6342
7094	16.4151	21.6508
7086	16.3865	21.6675
7080	16.3578	21.6842
7073	16.3292	21.7008
7066	16.3005	21.7175
7059	16.2719	21.7342
7052	16.2432	21.7508
7046	16.2146	21.7675
7039	16.1859	21.7842
7031	16.1573	21.8009
7024	16.1286	21.8175
7021	16.1	21.8342
7015	16.0713	21.8509
7008	16.0427	21.8675
6999	16.014	21.8842
6992	15.9854	21.9009
6988	15.9567	21.9175
6983	15.9281	21.9342
6977	15.8995	21.9509
6971	15.8708	21.9676
6964	15.8422	21.9842
6959	15.8135	22.0009
6953	15.7849	22.0176
6947	15.7562	22.0342
6940	15.7276	22.0509
6936	15.6989	22.0676
6931	15.6703	22.0843
6924	15.6416	22.1009
6917	15.613	22.1176
6915	15.5843	22.1343
6910	15.5557	22.1509
6904	15.527	22.1676
6896	15.4984	22.1843
6890	15.4697	22.2009
6887	15.4411	22.2176
6880	15.4124	22.2343
6873	15.3838	22.251
6867	15.3552	22.2676
6864	15.3265	22.2843
6859	15.2979	22.301
6852	15.2692	22.3176
6846	15.2406	22.3343
6846	15.2119	22.351
6843	15.1833	22.3676
6835	15.1546	22.3843
6830	15.126	22.401
6827	15.0973	22.4177
6823	15.0687	22.4343
6813	15.04	22.451
6808	15.0114	22.4677
6805	14.9827	22.4843
6803	14.9541	22.501
6795	14.9254	22.5177
6789	14.8968	22.5343
6785	14.8681	22.551
6784	14.8395	22.5677
6779	14.8109	22.5844
6773	14.7822	22.601
6767	14.7536	22.6177
6763	14.7249	22.6344
6761	14.6963	22.651
6755	14.6676	22.6677
6751	14.639	22.6844
6748	14.6103	22.701
6742	14.5817	22.7177
6736	14.553	22.7344
6732	14.5244	22.7511
6729	14.4957	22.7677
6728	14.4671	22.7844
6720	14.4384	22.8011
6714	14.4098	22.8177
6714	14.3811	22.8344
6714	14.3525	22.8511
6714	14.3238	22.8678
6710	14.2952	22.8844
6699	14.2665	22.9011
6690	14.2379	22.9178
6690	14.2093	22.9344
6690	14.1806	22.9511
6686	14.152	22.9678
6680	14.1233	22.9844
6680	14.0947	23.0011
6678	14.066	23.0178
6668	14.0374	23.0345
6667	14.0087	23.0511
6667	13.9801	23.0678
6667	13.9514	23.0845
6665	13.9228	23.1011
6655	13.8941	23.1178
6650	13.8655	23.1345
6648	13.8368	23.1511
6641	13.8082	23.1678
6639	13.7795	23.1845
6631	13.7509	23.2012
6628	13.7222	23.2178
6628	13.6936	23.2345
6626	13.665	23.2512
6625	13.6363	23.2678
6625	13.6077	23.2845
6621	13.579	23.3012
6610	13.5504	23.3178
6609	13.5217	23.3345
6609	13.4931	23.3512
6609	13.4644	23.3679
6609	13.4358	23.3845
6609	13.4071	23.4012
6600	13.3785	23.4179
6594	13.3498	23.4345
6589	13.3212	23.4512
6588	13.2925	23.4679
6588	13.2639	23.4846
6587	13.2352	23.5012
6579	13.2066	23.5179
6578	13.1779	23.5346
6576	13.1493	23.5512
6570	13.1206	23.5679
6567	13.092	23.5846
6564	13.0634	23.6012
6563	13.0347	23.6179
6555	13.0061	23.6346
6555	12.9774	23.6513
6555	12.9488	23.6679
6555	12.9201	23.6846
6555	12.8915	23.7013
6555	12.8628	23.7179
6555	12.8342	23.7346
6551	12.8055	23.7513
6542	12.7769	23.7679
6533	12.7482	23.7846
6533	12.7196	23.8013
6533	12.6909	23.818
6533	12.6623	23.8346
6533	12.6336	23.8513
6533	12.605	23.868
6533	12.5763	23.8846
6533	12.5477	23.9013
6525	12.5191	23.918
6524	12.4904	23.9346
6524	12.4618	23.9513
6524	12.4331	23.968
6524	12.4045	23.9847
6524	12.3758	24.0013
6523	12.3472	24.018
6510	12.3185	24.0347
6509	12.2899	24.0513
6509	12.2612	24.068
6501	12.2326	24.0847
6501	12.2039	24.1013
6501	12.1753	24.118
6501	12.1466	24.1347
6501	12.118	24.1514
6501	12.0893	24.168
6501	12.0607	24.1847
6501	12.032	24.2014
6496	12.0034	24.218
6486	11.9747	24.2347
6484	11.9461	24.2514
6484	11.9175	24.2681
6484	11.8888	24.2847
6484	11.8602	24.3014
6484	11.8315	24.3181
6480	11.8029	24.3347
6476	11.7742	24.3514
6476	11.7456	24.3681
6476	11.7169	24.3847
6476	11.6883	24.4014
6476	11.6596	24.4181
6474	11.631	24.4348
6471	11.6023	24.4514
6471	11.5737	24.4681
6471	11.545	24.4848
6471	11.5164	24.5014
6471	11.4877	24.5181
6465	11.4591	24.5348
6464	11.4304	24.5514
6464	11.4018	24.5681
6464	11.3732	24.5848
6464	11.3445	24.6015
6464	11.3159	24.6181
6464	11.2872	24.6348
6463	11.2586	24.6515
6463	11.2299	24.6681
6463	11.2013	24.6848
6463	11.1726	24.7015
6463	11.144	24.7181
6461	11.1153	24.7348
6460	11.0867	24.7515
6459	11.058	24.7682
6459	11.0294	24.7848
6458	11.0007	24.8015
6456	10.9721	24.8182
6455	10.9434	24.8348
6455	10.9148	24.8515
6455	10.8861	24.8682
6455	10.8575	24.8848
6455	10.8289	24.9015
6455	10.8002	24.9182
6450	10.7716	24.9349
6450	10.7429	24.9515
6450	10.7143	24.9682
6450	10.6856	24.9849
6450	10.657	25.0015
6450	10.6283	25.0182
6450	10.5997	25.0349
6450	10.571	25.0516
6445	10.5424	25.0682
6443	10.5137	25.0849
6443	10.4851	25.1016
6443	10.4564	25.1182
6443	10.4278	25.1349
6443	10.3991	25.1516
6443	10.3705	25.1682
6443	10.3418	25.1849
6443	10.3132	25.2016
6443	10.2845	25.2183
6443	10.2559	25.2349
6441	10.2273	25.2516
6440	10.1986	25.2683
6440	10.17	25.2849
6440	10.1413	25.3016
6440	10.1127	25.3183
6440	10.084	25.3349
6440	10.0554	25.3516
6440	10.0267	25.3683
6440	9.99807	25.385
6440	9.96943	25.4016
6440	9.94078	25.4183
6440	9.91213	25.435
6440	9.88348	25.4516
6440	9.85484	25.4683
6440	9.82619	25.485
6440	9.79754	25.5016
6440	9.76889	25.5183
6440	9.74025	25.535
6440	9.7116	25.5517
6439	9.68295	25.5683
6439	9.6543	25.585
6439	9.62566	25.6017
6439	9.59701	25.6183
6439	9.56836	25.635
6439	9.53971	25.6517
6439	9.51107	25.6684
6439	9.48242	25.685
6439	9.45377	25.7017
6439	9.42512	25.7184
6439	9.39648	25.735
6439	9.36783	25.7517
6439	9.33918	25.7684
6439	9.31053	25.785
6438	9.28189	25.8017
6438	9.25324	25.8184
6438	9.22459	25.8351
6438	9.19594	25.8517
6438	9.1673	25.8684
6438	9.13865	25.8851
6438	9.11	25.9017
6438	9.08135	25.9184
6438	9.05271	25.9351
6438	9.02406	25.9517
6438	8.99541	25.9684
6438	8.96676	25.9851
6438	8.93812	26.0018
6438	8.90947	26.0184
6438	8.88082	26.0351
6438	8.85217	26.0518
6438	8.82353	26.0684
6438	8.79488	26.0851
6438	8.76623	26.1018
6438	8.73758	26.1184
6438	8.70894	26.1351
6438	8.68029	26.1518
6438	8.65164	26.1685
6438	8.62299	26.1851
6438	8.59435	26.2018
6438	8.5657	26.2185
6438	8.53705	26.2351
6438	8.5084	26.2518
6438	8.47976	26.2685
6438	8.45111	26.2851
6438	8.42246	26.3018
6438	8.39381	26.3185
6438	8.36517	26.3352
6438	8.33652	26.3518
6438	8.30787	26.3685
6438	8.27922	26.3852
6438	8.25058	26.4018
6438	8.22193	26.4185
6438	8.19328	26.4352
6438	8.16463	26.4519
6438	8.13599	26.4685
6438	8.10734	26.4852
6438	8.07869	26.5019
6438	8.05005	26.5185
6438	8.0214	26.5352
6438	7.99275	26.5519
6438	7.9641	26.5685
6438	7.93545	26.5852
6438	7.90681	26.6019
6438	7.87816	26.6186
6438	7.84951	26.6352
6438	7.82086	26.6519
6438	7.79222	26.6686
6438	7.76357	26.6852
6438	7.73492	26.7019
6438	7.70627	26.7186
6438	7.67763	26.7352
6438	7.64898	26.7519
6438	7.62033	26.7686
6438	7.59168	26.7853
6438	7.56304	26.8019
6438	7.53439	26.8186
6438	7.50574	26.8353
6438	7.4771	26.8519
6438	7.44845	26.8686
6438	7.4198	26.8853
6438	7.39115	26.9019
6438	7.3625	26.9186
6437	7.33386	26.9353
6437	7.30521	26.952
6437	7.27656	26.9686
6437	7.24792	26.9853
6437	7.21927	27.002
6437	7.19062	27.0186
6437	7.16197	27.0353
6437	7.13332	27.052
6437	7.10468	27.0686
6437	7.07603	27.0853
6437	7.04738	27.102
6437	7.01873	27.1187
6437	6.99009	27.1353
6437	6.96144	27.152
6437	6.93279	27.1687
6437	6.90414	27.1853
6437	6.87549	27.202
6437	6.84685	27.2187
6437	6.8182	27.2354
6437	6.78955	27.252
6437	6.7609	27.2687
6437	6.73225	27.2854
6437	6.70361	27.302
6437	6.67496	27.3187
6437	6.64631	27.3354
6437	6.61766	27.352
6437	6.58901	27.3687
6437	6.56037	27.3854
6437	6.53172	27.4021
6437	6.50307	27.4187
6437	6.47442	27.4354
6437	6.44578	27.4521
6437	6.41713	27.4687
6437	6.38848	27.4854
6437	6.35983	27.5021
6437	6.33118	27.5187
6437	6.30254	27.5354
6437	6.27389	27.5521
6437	6.24524	27.5688
6437	6.21659	27.5854
6437	6.18794	27.6021
6437	6.1593	27.6188
6437	6.13065	27.6354
6437	6.102	27.6521
6437	6.07335	27.6688
6437	6.0447	27.6854
6437	6.01606	27.7021
6437	5.98741	27.7188
6437	5.95876	27.7355
6437	5.93011	27.7521
6437	5.90146	27.7688
6437	5.87282	27.7855
6436	5.84417	27.8021
6436	5.81552	27.8188
6436	5.78687	27.8355
6436	5.75823	27.8521
6436	5.72958	27.8688
6436	5.70093	27.8855
6436	5.67228	27.9022
6436	5.64363	27.9188
6436	5.61499	27.9355
6436	5.58634	27.9522
6436	5.55769	27.9688
6436	5.52904	27.9855
6436	5.50039	28.0022
6436	5.47175	28.0189
6436	5.4431	28.0355
6436	5.41445	28.0522
6436	5.3858	28.0689
6436	5.35715	28.0855
6436	5.32851	28.1022
6436	5.29986	28.1189
6436	5.27121	28.1355
6436	5.24256	28.1522
6436	5.21391	28.1689
6436	5.18527	28.1856
6436	5.15662	28.2022
6436	5.12797	28.2189
6436	5.09932	28.2356
6436	5.07068	28.2522
6436	5.04203	28.2689
6436	5.01338	28.2856
6436	4.98473	28.3022
6436	4.95608	28.3189
6436	4.92744	28.3356
6436	4.89879	28.3523
6436	4.87014	28.3689
6436	4.84149	28.3856
6436	4.81284	28.4023
6436	4.7842	28.4189
6436	4.75555	28.4356
6436	4.7269	28.4523
6436	4.69825	28.4689
6436	4.6696	28.4856
6436	4.64096	28.5023
6436	4.61231	28.519
6436	4.58366	28.5356
6436	4.55501	28.5523
6436	4.52637	28.569
6436	4.49772	28.5856
6436	4.46907	28.6023
6436	4.44042	28.619
6436	4.41177	28.6357
6436	4.38313	28.6523
6436	4.35448	28.669
6436	4.32583	28.6857
6436	4.29718	28.7023
6436	4.26853	28.719
6436	4.23989	28.7357
6436	4.21124	28.7523
6436	4.18259	28.769
6436	4.15394	28.7857
6436	4.12529	28.8024
6436	4.09665	28.819
6436	4.068	28.8357
6436	4.03935	28.8524
6436	4.0107	28.869
6436	3.98205	28.8857
6436	3.95341	28.9024
6436	3.92476	28.919
6436	3.89611	28.9357
6436	3.86746	28.9524
6436	3.83882	28.9691
6436	3.81017	28.9857
6436	3.78152	29.0024
6436	3.75287	29.0191
6436	3.72422	29.0357
6436	3.69558	29.0524
6436	3.66693	29.0691
6436	3.63828	29.0857
6436	3.60963	29.1024
6436	3.58098	29.1191
6436	3.55234	29.1358
6436	3.52369	29.1524
6436	3.49504	29.1691
6436	3.46639	29.1858
6436	3.43774	29.2024
6436	3.4091	29.2191
6436	3.38045	29.2358
6436	3.3518	29.2524
6436	3.32315	29.2691
6436	3.29451	29.2858
6436	3.26586	29.3025
6436	3.23721	29.3191
6436	3.20856	29.3358
6436	3.17991	29.3525
6436	3.15127	29.3691
6436	3.12262	29.3858
6436	3.09397	29.4025
6436	3.06532	29.4192
6436	3.03667	29.4358
6436	3.00803	29.4525
6436	2.97938	29.4692
6436	2.95073	29.4858
6436	2.92208	29.5025
6436	2.89343	29.5192
6436	2.86479	29.5358
6436	2.83614	29.5525
6436	2.80749	29.5692
6436	2.77884	29.5859
6436	2.7502	29.6025
6436	2.72155	29.6192
6436	2.6929	29.6359
6436	2.66425	29.6525
6436	2.6356	29.6692
6436	2.60696	29.6859
6436	2.57831	29.7025
6436	2.54966	29.7192
6436	2.52101	29.7359
6436	2.49236	29.7526
6436	2.46372	29.7692
6436	2.43507	29.7859
6436	2.40642	29.8026
6436	2.37777	29.8192
6436	2.34912	29.8359
6436	2.32048	29.8526
6436	2.29183	29.8692
6436	2.26318	29.8859
6436	2.23453	29.9026
6436	2.20588	29.9193
6436	2.17724	29.9359
6436	2.14859	29.9526
6436	2.11994	29.9693
6436	2.09129	29.9859
6436	2.06265	30.0026
6436	2.034	30.0193
6436	2.00535	30.0359
6436	1.9767	30.0526
6436	1.94805	30.0693
6436	1.91941	30.086
6436	1.89076	30.1026
6436	1.86211	30.1193
6436	1.83346	30.136
6436	1.80481	30.1526
6436	1.77617	30.1693
6436	1.74752	30.186
6436	1.71887	30.2027
6436	1.69022	30.2193
6436	1.66157	30.236
6436	1.63293	30.2527
6436	1.60428	30.2693
6436	1.57563	30.286
6436	1.54698	30.3027
6436	1.51834	30.3193
6436	1.48969	30.336
6436	1.46104	30.3527
6436	1.43239	30.3694
6436	1.40374	30.386
6436	1.3751	30.4027
6436	1.34645	30.4194
6436	1.3178	30.436
6436	1.28915	30.4527
6436	1.26051	30.4694
6436	1.23186	30.486
6436	1.20321	30.5027
6436	1.17456	30.5194
6436	1.14591	30.5361
6436	1.11727	30.5527
6436	1.08862	30.5694
6436	1.05997	30.5861
6436	1.03132	30.6027
6436	1.00268	30.6194
6436	0.974028	30.6361
6436	0.94538	30.6527
6436	0.916732	30.6694
6436	0.888084	30.6861
6436	0.859436	30.7028
6436	0.830789	30.7194
6436	0.802141	30.7361
6436	0.773493	30.7528
6436	0.744845	30.7694
6436	0.716197	30.7861
6436	0.687549	30.8028
6436	0.658901	30.8195
6436	0.630254	30.8361
6436	0.601606	30.8528
6436	0.572958	30.8695
6436	0.54431	30.8861
6436	0.515662	30.9028
6436	0.487014	30.9195
6436	0.458366	30.9361
6436	0.429719	30.9528
6436	0.401071	30.9695
6436	0.372423	30.9862
6436	0.343775	31.0028
6436	0.315127	31.0195
6436	0.286479	31.0362
6436	0.257831	31.0528
6436	0.229184	31.0695
6436	0.200536	31.0862
6436	0.171888	31.1028
6436	0.14324	31.1195
6436	0.114592	31.1362
6436	0.0859443	31.1529
6436	0.0572965	31.1695
6436	0.0286486	31.1862
6436	7.53721e-07	31.2029
6436	-0.0286471	31.2195
6436	0	31.2362
6436	0	31.2529
6436	0	31.2695
6436	0	31.2862
6436	0	31.3029
6436	0	31.3196
6436	0	31.3362
6436	0	31.3529
6436	0	31.3696
6436	0	31.3862
6436	0	31.4029
6436	0	31.4196
6436	0	31.4362
6436	0	31.4529
6436	0	31.4696
6436	0	31.4863
6436	0	31.5029
6436	0	31.5196
6436	0	31.5363
6436	0	31.5529
6436	0	31.5696
6436	0	31.5863
6436	0	31.603
6436	0	31.6196
6436	0	31.6363
6436	0	31.653
6436	0	31.6696
6436	0	31.6863
6436	0	31.703
6436	0	31.7196
6436	0	31.7363
6436	0	31.753
6436	0	31.7697
6436	0	31.7863
6436	0	31.803
6436	0	31.8197
6436	0	31.8363
6436	0	31.853
6436	0	31.8697
6436	0	31.8863
6436	0	31.903
6436	0	31.9197
6436	0	31.9364
6436	0	31.953
6436	0	31.9697
6436	0	31.9864
6436	0	32.003
6436	0	32.0197
6436	0	32.0364
6436	0	32.053
6436	0	32.0697
6436	0	32.0864
6436	0	32.1031
6436	0	32.1197
6436	0	32.1364
6436	0	32.1531
6436	0	32.1697
6436	0	32.1864
6436	0	32.2031
6436	0	32.2197
