inside_count	theta (degrees)	time (s)
38658	0.0286479	0.0162888
38658	0.0572957	0.0329552
38658	0.0859435	0.0496216
38658	0.114591	0.066288
38658	0.143239	0.0829544
38657	0.171887	0.0996208
38656	0.200535	0.116287
38656	0.229183	0.132954
38656	0.257831	0.14962
38656	0.286479	0.166286
38655	0.315126	0.182953
38654	0.343774	0.199619
38653	0.372422	0.216286
38653	0.40107	0.232952
38653	0.429718	0.249619
38653	0.458366	0.266285
38653	0.487013	0.282951
38652	0.515661	0.299618
38652	0.544309	0.316284
38652	0.572957	0.332951
38652	0.601605	0.349617
38651	0.630253	0.366283
38651	0.658901	0.38295
38651	0.687548	0.399616
38651	0.716196	0.416283
38651	0.744844	0.432949
38651	0.773492	0.449615
38651	0.80214	0.466282
38651	0.830788	0.482948
38650	0.859436	0.499615
38649	0.888083	0.516281
38649	0.916731	0.532948
38649	0.945379	0.549614
38649	0.974027	0.56628
38648	1.00267	0.582947
38648	1.03132	0.599613
38648	1.05997	0.61628
38648	1.08862	0.632946
38648	1.11727	0.649612
38648	1.14591	0.666279
38648	1.17456	0.682945
38648	1.20321	0.699612
38648	1.23186	0.716278
38647	1.2605	0.732944
38647	1.28915	0.749611
38647	1.3178	0.766277
38647	1.34645	0.782944
38646	1.3751	0.79961
38645	1.40374	0.816277
38644	1.43239	0.832943
38644	1.46104	0.849609
38644	1.48969	0.866276
38644	1.51834	0.882942
38644	1.54698	0.899609
38644	1.57563	0.916275
38644	1.60428	0.932941
38643	1.63293	0.949608
38643	1.66157	0.966274
38643	1.69022	0.982941
38643	1.71887	0.999607
38643	1.74752	1.01627
38643	1.77617	1.03294
38643	1.80481	1.04961
38642	1.83346	1.06627
38640	1.86211	1.08294
38639	1.89076	1.09961
38639	1.9194	1.11627
38638	1.94805	1.13294
38638	1.9767	1.1496
38638	2.00535	1.16627
38638	2.034	1.18294
38638	2.06264	1.1996
38638	2.09129	1.21627
38637	2.11994	1.23294
38637	2.14859	1.2496
38637	2.17724	1.26627
38637	2.20588	1.28294
38636	2.23453	1.2996
38635	2.26318	1.31627
38635	2.29183	1.33294
38635	2.32048	1.3496
38635	2.34912	1.36627
38635	2.37777	1.38293
38635	2.40642	1.3996
38635	2.43507	1.41627
38635	2.46372	1.43293
38634	2.49236	1.4496
38633	2.52101	1.46627
38633	2.54966	1.48293
38633	2.57831	1.4996
38633	2.60695	1.51627
38633	2.6356	1.53293
38633	2.66425	1.5496
38633	2.6929	1.56627
38633	2.72155	1.58293
38633	2.75019	1.5996
38633	2.77884	1.61626
38633	2.80749	1.63293
38632	2.83614	1.6496
38632	2.86479	1.66626
38631	2.89343	1.68293
38628	2.92208	1.6996
38628	2.95073	1.71626
38628	2.97938	1.73293
38628	3.00803	1.7496
38628	3.03667	1.76626
38628	3.06532	1.78293
38628	3.09397	1.79959
38628	3.12262	1.81626
38628	3.15126	1.83293
38628	3.17991	1.84959
38628	3.20856	1.86626
38628	3.23721	1.88293
38628	3.26586	1.89959
38628	3.2945	1.91626
38628	3.32315	1.93293
38628	3.3518	1.94959
38628	3.38045	1.96626
38628	3.4091	1.98293
38628	3.43774	1.99959
38628	3.46639	2.01626
38628	3.49504	2.03292
38628	3.52369	2.04959
38628	3.55234	2.06626
38628	3.58098	2.08292
38628	3.60963	2.09959
38628	3.63828	2.11626
38628	3.66693	2.13292
38628	3.69557	2.14959
38628	3.72422	2.16626
38628	3.75287	2.18292
38628	3.78152	2.19959
38628	3.81017	2.21626
38628	3.83881	2.23292
38628	3.86746	2.24959
38627	3.89611	2.26625
38627	3.92476	2.28292
38627	3.95341	2.29959
38627	3.98205	2.31625
38627	4.0107	2.33292
38627	4.03935	2.34959
38627	4.068	2.36625
38627	4.09665	2.38292
38627	4.12529	2.39959
38627	4.15394	2.41625
38627	4.18259	2.43292
38627	4.21124	2.44958
38627	4.23989	2.46625
38627	4.26853	2.48292
38627	4.29718	2.49958
38626	4.32583	2.51625
38626	4.35448	2.53292
38626	4.38312	2.54958
38626	4.41177	2.56625
38626	4.44042	2.58292
38626	4.46907	2.59958
38626	4.49772	2.61625
38626	4.52636	2.63292
38626	4.55501	2.64958
38626	4.58366	2.66625
38626	4.61231	2.68291
38626	4.64096	2.69958
38626	4.6696	2.71625
38626	4.69825	2.73291
38626	4.7269	2.74958
38626	4.75555	2.76625
38626	4.7842	2.78291
38626	4.81284	2.79958
38626	4.84149	2.81625
38626	4.87014	2.83291
38626	4.89879	2.84958
38626	4.92743	2.86625
38626	4.95608	2.88291
38626	4.98473	2.89958
38626	5.01338	2.91624
38626	5.04203	2.93291
38624	5.07067	2.94958
38623	5.09932	2.96624
38623	5.12797	2.98291
38623	5.15662	2.99958
38623	5.18527	3.01624
38623	5.21391	3.03291
38623	5.24256	3.04958
38623	5.27121	3.06624
38623	5.29986	3.08291
38621	5.32851	3.09958
38621	5.35715	3.11624
38621	5.3858	3.13291
38621	5.41445	3.14957
38621	5.4431	3.16624
38621	5.47175	3.18291
38621	5.50039	3.19957
38621	5.52904	3.21624
38621	5.55769	3.23291
38621	5.58634	3.24957
38621	5.61498	3.26624
38621	5.64363	3.28291
38621	5.67228	3.29957
38621	5.70093	3.31624
38621	5.72958	3.3329
38621	5.75822	3.34957
38621	5.78687	3.36624
38621	5.81552	3.3829
38621	5.84417	3.39957
38621	5.87282	3.41624
38621	5.90146	3.4329
38621	5.93011	3.44957
38621	5.95876	3.46624
38621	5.98741	3.4829
38621	6.01606	3.49957
38621	6.0447	3.51624
38621	6.07335	3.5329
38621	6.102	3.54957
38621	6.13065	3.56623
38621	6.1593	3.5829
38621	6.18794	3.59957
38621	6.21659	3.61623
38620	6.24524	3.6329
38620	6.27389	3.64957
38620	6.30253	3.66623
38620	6.33118	3.6829
38620	6.35983	3.69957
38620	6.38848	3.71623
38620	6.41713	3.7329
38620	6.44577	3.74957
38620	6.47442	3.76623
38620	6.50307	3.7829
38620	6.53172	3.79956
38620	6.56037	3.81623
38620	6.58901	3.8329
38620	6.61766	3.84956
38620	6.64631	3.86623
38620	6.67496	3.8829
38620	6.70361	3.89956
38620	6.73225	3.91623
38620	6.7609	3.9329
38620	6.78955	3.94956
38620	6.8182	3.96623
38620	6.84685	3.98289
38620	6.87549	3.99956
38620	6.90414	4.01623
38620	6.93279	4.03289
38620	6.96144	4.04956
38620	6.99008	4.06623
38620	7.01873	4.08289
38620	7.04738	4.09956
38620	7.07603	4.11623
38620	7.10468	4.13289
38620	7.13332	4.14956
38620	7.16197	4.16623
38620	7.19062	4.18289
38620	7.21927	4.19956
38620	7.24791	4.21622
38620	7.27656	4.23289
38620	7.30521	4.24956
38620	7.33386	4.26622
38620	7.3625	4.28289
38620	7.39115	4.29956
38620	7.4198	4.31622
38620	7.44845	4.33289
38620	7.47709	4.34956
38620	7.50574	4.36622
38620	7.53439	4.38289
38620	7.56304	4.39956
38620	7.59168	4.41622
38620	7.62033	4.43289
38620	7.64898	4.44955
38620	7.67763	4.46622
38620	7.70627	4.48289
38620	7.73492	4.49955
38620	7.76357	4.51622
38620	7.79222	4.53289
38620	7.82086	4.54955
38620	7.84951	4.56622
38620	7.87816	4.58289
38620	7.90681	4.59955
38620	7.93545	4.61622
38620	7.9641	4.63288
38620	7.99275	4.64955
38620	8.0214	4.66622
38620	8.05004	4.68288
38620	8.07869	4.69955
38620	8.10734	4.71622
38620	8.13599	4.73288
38620	8.16463	4.74955
38620	8.19328	4.76622
38620	8.22193	4.78288
38620	8.25058	4.79955
38620	8.27922	4.81622
38620	8.30787	4.83288
38620	8.33652	4.84955
38620	8.36517	4.86621
38620	8.39381	4.88288
38620	8.42246	4.89955
38620	8.45111	4.91621
38620	8.47976	4.93288
38620	8.5084	4.94955
38620	8.53705	4.96621
38620	8.5657	4.98288
38620	8.59435	4.99955
38620	8.62299	5.01621
38619	8.65164	5.03288
38609	8.68029	5.04955
38604	8.70894	5.06621
38596	8.73758	5.08288
38593	8.76623	5.09954
38592	8.79488	5.11621
38590	8.82353	5.13288
38584	8.85217	5.14954
38577	8.88082	5.16621
38574	8.90947	5.18288
38567	8.93812	5.19954
38561	8.96676	5.21621
38552	8.99541	5.23288
38548	9.02406	5.24954
38543	9.05271	5.26621
38534	9.08135	5.28288
38527	9.11	5.29954
38518	9.13865	5.31621
38510	9.1673	5.33287
38506	9.19594	5.34954
38499	9.22459	5.36621
38492	9.25324	5.38287
38484	9.28189	5.39954
38473	9.31053	5.41621
38462	9.33918	5.43287
38455	9.36783	5.44954
38447	9.39648	5.46621
38440	9.42512	5.48287
38430	9.45377	5.49954
38415	9.48242	5.5162
38401	9.51107	5.53287
38392	9.53971	5.54954
38382	9.56836	5.5662
38372	9.59701	5.58287
38359	9.62566	5.59954
38346	9.6543	5.6162
38336	9.68295	5.63287
38322	9.7116	5.64954
38309	9.74024	5.6662
38296	9.76889	5.68287
38281	9.79754	5.69954
38266	9.82619	5.7162
38248	9.85484	5.73287
38233	9.88348	5.74953
38216	9.91213	5.7662
38201	9.94078	5.78287
38186	9.96943	5.79953
38172	9.99807	5.8162
38157	10.0267	5.83287
38138	10.0554	5.84953
38119	10.084	5.8662
38102	10.1127	5.88287
38087	10.1413	5.89953
38068	10.17	5.9162
38051	10.1986	5.93287
38033	10.2273	5.94953
38019	10.2559	5.9662
37995	10.2845	5.98286
37978	10.3132	5.99953
37957	10.3418	6.0162
37934	10.3705	6.03286
37914	10.3991	6.04953
37896	10.4278	6.0662
37874	10.4564	6.08286
37850	10.4851	6.09953
37822	10.5137	6.1162
37798	10.5424	6.13286
37775	10.571	6.14953
37752	10.5997	6.16619
37731	10.6283	6.18286
37704	10.657	6.19953
37681	10.6856	6.21619
37653	10.7143	6.23286
37632	10.7429	6.24953
37609	10.7716	6.26619
37587	10.8002	6.28286
37560	10.8288	6.29953
37534	10.8575	6.31619
37507	10.8861	6.33286
37484	10.9148	6.34953
37457	10.9434	6.36619
37428	10.9721	6.38286
37403	11.0007	6.39952
37376	11.0294	6.41619
37348	11.058	6.43286
37327	11.0867	6.44952
37298	11.1153	6.46619
37270	11.144	6.48286
37242	11.1726	6.49952
37215	11.2013	6.51619
37186	11.2299	6.53286
37160	11.2586	6.54952
37129	11.2872	6.56619
37105	11.3159	6.58286
37076	11.3445	6.59952
37049	11.3732	6.61619
37024	11.4018	6.63285
36996	11.4304	6.64952
36971	11.4591	6.66619
36944	11.4877	6.68285
36917	11.5164	6.69952
36884	11.545	6.71619
36853	11.5737	6.73285
36824	11.6023	6.74952
36793	11.631	6.76619
36764	11.6596	6.78285
36740	11.6883	6.79952
36708	11.7169	6.81618
36682	11.7456	6.83285
36654	11.7742	6.84952
36621	11.8029	6.86618
36589	11.8315	6.88285
36555	11.8602	6.89952
36532	11.8888	6.91618
36502	11.9175	6.93285
36475	11.9461	6.94952
36445	11.9747	6.96618
36417	12.0034	6.98285
36386	12.032	6.99952
36355	12.0607	7.01618
36326	12.0893	7.03285
36298	12.118	7.04951
36267	12.1466	7.06618
36238	12.1753	7.08285
36210	12.2039	7.09951
36177	12.2326	7.11618
36148	12.2612	7.13285
36121	12.2899	7.14951
36092	12.3185	7.16618
36061	12.3472	7.18285
36033	12.3758	7.19951
36003	12.4045	7.21618
35975	12.4331	7.23285
35944	12.4618	7.24951
35920	12.4904	7.26618
35891	12.5191	7.28284
35861	12.5477	7.29951
35833	12.5763	7.31618
35808	12.605	7.33284
35777	12.6336	7.34951
35746	12.6623	7.36618
35714	12.6909	7.38284
35685	12.7196	7.39951
35658	12.7482	7.41618
35631	12.7769	7.43284
35604	12.8055	7.44951
35575	12.8342	7.46618
35546	12.8628	7.48284
35514	12.8915	7.49951
35486	12.9201	7.51617
35458	12.9488	7.53284
35432	12.9774	7.54951
35404	13.0061	7.56617
35375	13.0347	7.58284
35343	13.0634	7.59951
35320	13.092	7.61617
35290	13.1206	7.63284
35262	13.1493	7.64951
35236	13.1779	7.66617
35209	13.2066	7.68284
35181	13.2352	7.6995
35152	13.2639	7.71617
35124	13.2925	7.73284
35094	13.3212	7.7495
35067	13.3498	7.76617
35040	13.3785	7.78284
35011	13.4071	7.7995
34986	13.4358	7.81617
34961	13.4644	7.83284
34934	13.4931	7.8495
34908	13.5217	7.86617
34880	13.5504	7.88284
34851	13.579	7.8995
34827	13.6077	7.91617
34800	13.6363	7.93283
34769	13.665	7.9495
34740	13.6936	7.96617
34713	13.7222	7.98283
34686	13.7509	7.9995
34656	13.7795	8.01617
34631	13.8082	8.03283
34600	13.8368	8.0495
34573	13.8655	8.06617
34548	13.8941	8.08283
34521	13.9228	8.0995
34491	13.9514	8.11617
34465	13.9801	8.13283
34436	14.0087	8.1495
34409	14.0374	8.16616
34378	14.066	8.18283
34348	14.0947	8.1995
34320	14.1233	8.21616
34291	14.152	8.23283
34260	14.1806	8.2495
34233	14.2093	8.26616
34202	14.2379	8.28283
34175	14.2665	8.2995
34146	14.2952	8.31616
34117	14.3238	8.33283
34087	14.3525	8.34949
34054	14.3811	8.36616
34026	14.4098	8.38283
33992	14.4384	8.39949
33967	14.4671	8.41616
33937	14.4957	8.43283
33910	14.5244	8.44949
33879	14.553	8.46616
33848	14.5817	8.48283
33814	14.6103	8.49949
33784	14.639	8.51616
33751	14.6676	8.53283
33719	14.6963	8.54949
33684	14.7249	8.56616
33653	14.7536	8.58282
33623	14.7822	8.59949
33589	14.8109	8.61616
33558	14.8395	8.63282
33522	14.8681	8.64949
33494	14.8968	8.66616
33458	14.9254	8.68282
33425	14.9541	8.69949
33391	14.9827	8.71616
33354	15.0114	8.73282
33322	15.04	8.74949
33282	15.0687	8.76616
33244	15.0973	8.78282
33208	15.126	8.79949
33171	15.1546	8.81615
33137	15.1833	8.83282
33100	15.2119	8.84949
33065	15.2406	8.86615
33025	15.2692	8.88282
32986	15.2979	8.89949
32948	15.3265	8.91615
32908	15.3552	8.93282
32871	15.3838	8.94949
32835	15.4124	8.96615
32793	15.4411	8.98282
32751	15.4697	8.99949
32716	15.4984	9.01615
32676	15.527	9.03282
32636	15.5557	9.04948
32595	15.5843	9.06615
32552	15.613	9.08282
32516	15.6416	9.09948
32475	15.6703	9.11615
32437	15.6989	9.13282
32394	15.7276	9.14948
32348	15.7562	9.16615
32310	15.7849	9.18282
32266	15.8135	9.19948
32221	15.8422	9.21615
32178	15.8708	9.23281
32132	15.8995	9.24948
32092	15.9281	9.26615
32051	15.9567	9.28281
32009	15.9854	9.29948
31965	16.014	9.31615
31919	16.0427	9.33281
31877	16.0713	9.34948
31837	16.1	9.36615
31795	16.1286	9.38281
31751	16.1573	9.39948
31710	16.1859	9.41615
31669	16.2146	9.43281
31623	16.2432	9.44948
31575	16.2719	9.46614
31534	16.3005	9.48281
31495	16.3292	9.49948
31443	16.3578	9.51614
31396	16.3865	9.53281
31350	16.4151	9.54948
31309	16.4438	9.56614
31270	16.4724	9.58281
31221	16.5011	9.59948
31175	16.5297	9.61614
31130	16.5583	9.63281
31082	16.587	9.64948
31034	16.6156	9.66614
30984	16.6443	9.68281
30937	16.6729	9.69947
30892	16.7016	9.71614
30847	16.7302	9.73281
30803	16.7589	9.74947
30750	16.7875	9.76614
30700	16.8162	9.78281
30654	16.8448	9.79947
30608	16.8735	9.81614
30551	16.9021	9.83281
30501	16.9308	9.84947
30450	16.9594	9.86614
30406	16.9881	9.8828
30358	17.0167	9.89947
30306	17.0454	9.91614
30262	17.074	9.9328
30212	17.1026	9.94947
30159	17.1313	9.96614
30107	17.1599	9.9828
30054	17.1886	9.99947
30007	17.2172	10.0161
29952	17.2459	10.0328
29901	17.2745	10.0495
29846	17.3032	10.0661
29798	17.3318	10.0828
29750	17.3605	10.0995
29691	17.3891	10.1161
29640	17.4178	10.1328
29581	17.4464	10.1495
29532	17.4751	10.1661
29481	17.5037	10.1828
29425	17.5324	10.1995
29369	17.561	10.2161
29318	17.5897	10.2328
29269	17.6183	10.2495
29211	17.647	10.2661
29158	17.6756	10.2828
29104	17.7042	10.2995
29052	17.7329	10.3161
29003	17.7615	10.3328
28941	17.7902	10.3495
28887	17.8188	10.3661
28838	17.8475	10.3828
28778	17.8761	10.3995
28724	17.9048	10.4161
28670	17.9334	10.4328
28619	17.9621	10.4495
28574	17.9907	10.4661
28511	18.0194	10.4828
28458	18.048	10.4995
28408	18.0767	10.5161
28350	18.1053	10.5328
28290	18.134	10.5495
28245	18.1626	10.5661
28193	18.1913	10.5828
28130	18.2199	10.5995
28073	18.2485	10.6161
28017	18.2772	10.6328
27965	18.3058	10.6495
27911	18.3345	10.6661
27858	18.3631	10.6828
27800	18.3918	10.6995
27742	18.4204	10.7161
27690	18.4491	10.7328
27641	18.4777	10.7495
27591	18.5064	10.7661
27537	18.535	10.7828
27481	18.5637	10.7995
27421	18.5923	10.8161
27370	18.621	10.8328
27305	18.6496	10.8495
27258	18.6783	10.8661
27215	18.7069	10.8828
27152	18.7356	10.8995
27096	18.7642	10.9161
27042	18.7929	10.9328
26984	18.8215	10.9495
26936	18.8501	10.9661
26881	18.8788	10.9828
26826	18.9074	10.9995
26771	18.9361	11.0161
26720	18.9647	11.0328
26664	18.9934	11.0495
26612	19.022	11.0661
26554	19.0507	11.0828
26500	19.0793	11.0995
26446	19.108	11.1161
26393	19.1366	11.1328
26342	19.1653	11.1495
26292	19.1939	11.1661
26236	19.2226	11.1828
26178	19.2512	11.1995
26126	19.2799	11.2161
26067	19.3085	11.2328
26011	19.3372	11.2495
25964	19.3658	11.2661
25903	19.3944	11.2828
25852	19.4231	11.2994
25799	19.4517	11.3161
25746	19.4804	11.3328
25696	19.509	11.3494
25645	19.5377	11.3661
25592	19.5663	11.3828
25540	19.595	11.3994
25481	19.6236	11.4161
25428	19.6523	11.4328
25379	19.6809	11.4494
25324	19.7096	11.4661
25256	19.7382	11.4828
25207	19.7669	11.4994
25151	19.7955	11.5161
25095	19.8242	11.5328
25033	19.8528	11.5494
24990	19.8815	11.5661
24933	19.9101	11.5828
24870	19.9387	11.5994
24816	19.9674	11.6161
24765	19.996	11.6328
24707	20.0247	11.6494
24648	20.0533	11.6661
24599	20.082	11.6828
24546	20.1106	11.6994
24495	20.1393	11.7161
24441	20.1679	11.7328
24383	20.1966	11.7494
24323	20.2252	11.7661
24268	20.2539	11.7828
24221	20.2825	11.7994
24175	20.3112	11.8161
24114	20.3398	11.8328
24059	20.3685	11.8494
24010	20.3971	11.8661
23955	20.4258	11.8828
23898	20.4544	11.8994
23842	20.4831	11.9161
23790	20.5117	11.9328
23738	20.5403	11.9494
23690	20.569	11.9661
23633	20.5976	11.9828
23580	20.6263	11.9994
23534	20.6549	12.0161
23474	20.6836	12.0328
23415	20.7122	12.0494
23367	20.7409	12.0661
23308	20.7695	12.0828
23270	20.7982	12.0994
23218	20.8268	12.1161
23160	20.8555	12.1328
23102	20.8841	12.1494
23040	20.9128	12.1661
22982	20.9414	12.1828
22935	20.9701	12.1994
22882	20.9987	12.2161
22827	21.0274	12.2328
22772	21.056	12.2494
22719	21.0846	12.2661
22672	21.1133	12.2828
22621	21.1419	12.2994
22565	21.1706	12.3161
22511	21.1992	12.3328
22457	21.2279	12.3494
22403	21.2565	12.3661
22350	21.2852	12.3828
22296	21.3138	12.3994
22242	21.3425	12.4161
22193	21.3711	12.4328
22140	21.3998	12.4494
22086	21.4284	12.4661
22036	21.4571	12.4828
21992	21.4857	12.4994
21935	21.5144	12.5161
21884	21.543	12.5328
21828	21.5717	12.5494
21766	21.6003	12.5661
21721	21.629	12.5828
21668	21.6576	12.5994
21620	21.6862	12.6161
21568	21.7149	12.6328
21514	21.7435	12.6494
21459	21.7722	12.6661
21404	21.8008	12.6828
21351	21.8295	12.6994
21302	21.8581	12.7161
21247	21.8868	12.7328
21180	21.9154	12.7494
21125	21.9441	12.7661
21065	21.9727	12.7828
21017	22.0014	12.7994
20962	22.03	12.8161
20915	22.0587	12.8328
20857	22.0873	12.8494
20808	22.116	12.8661
20755	22.1446	12.8828
20707	22.1733	12.8994
20654	22.2019	12.9161
20607	22.2305	12.9328
20548	22.2592	12.9494
20501	22.2878	12.9661
20446	22.3165	12.9828
20391	22.3451	12.9994
20338	22.3738	13.0161
20286	22.4024	13.0328
20235	22.4311	13.0494
20183	22.4597	13.0661
20126	22.4884	13.0828
20082	22.517	13.0994
20030	22.5457	13.1161
19982	22.5743	13.1328
19925	22.603	13.1494
19871	22.6316	13.1661
19812	22.6603	13.1828
19758	22.6889	13.1994
19707	22.7176	13.2161
19658	22.7462	13.2328
19606	22.7749	13.2494
19558	22.8035	13.2661
19511	22.8321	13.2828
19455	22.8608	13.2994
19406	22.8894	13.3161
19345	22.9181	13.3328
19287	22.9467	13.3494
19239	22.9754	13.3661
19188	23.004	13.3828
19135	23.0327	13.3994
19080	23.0613	13.4161
19027	23.09	13.4328
18980	23.1186	13.4494
18940	23.1473	13.4661
18884	23.1759	13.4827
18829	23.2046	13.4994
18783	23.2332	13.5161
18731	23.2619	13.5327
18679	23.2905	13.5494
18626	23.3192	13.5661
18581	23.3478	13.5827
18530	23.3764	13.5994
18489	23.4051	13.6161
18436	23.4337	13.6327
18379	23.4624	13.6494
18333	23.491	13.6661
18285	23.5197	13.6827
18236	23.5483	13.6994
18182	23.577	13.7161
18136	23.6056	13.7327
18092	23.6343	13.7494
18045	23.6629	13.7661
18003	23.6916	13.7827
17952	23.7202	13.7994
17900	23.7489	13.8161
17843	23.7775	13.8327
17792	23.8062	13.8494
17750	23.8348	13.8661
17702	23.8635	13.8827
17652	23.8921	13.8994
17607	23.9207	13.9161
17557	23.9494	13.9327
17513	23.9494	13.9494
17461	23.9494	13.9661
17407	23.9494	13.9827
17358	23.9494	13.9994
17313	23.9494	14.0161
17261	23.9494	14.0327
17210	23.9494	14.0494
17161	23.9494	14.0661
17104	23.9494	14.0827
17057	23.9494	14.0994
17012	23.9494	14.1161
16966	23.9494	14.1327
16916	23.9494	14.1494
16869	23.9494	14.1661
16812	23.9494	14.1827
16767	23.9494	14.1994
16722	23.9494	14.2161
16669	23.9494	14.2327
16619	23.9494	14.2494
16568	23.9494	14.2661
16523	23.9494	14.2827
16482	23.9494	14.2994
16439	23.9494	14.3161
16394	23.9494	14.3327
16346	23.9494	14.3494
16290	23.9494	14.3661
16240	23.9494	14.3827
16192	23.9494	14.3994
16146	23.9494	14.4161
16103	23.9494	14.4327
16055	23.9494	14.4494
15998	23.9494	14.4661
15949	23.9494	14.4827
15905	23.9494	14.4994
15857	23.9494	14.5161
15810	23.9494	14.5327
15766	23.9494	14.5494
15718	23.9494	14.5661
15672	23.9494	14.5827
15625	23.9494	14.5994
15579	23.9494	14.6161
15543	23.9494	14.6327
15490	23.9494	14.6494
15440	23.9494	14.6661
15393	23.9494	14.6827
15352	23.9494	14.6994
15308	23.9494	14.7161
15259	23.9494	14.7327
15211	23.9494	14.7494
15168	23.9494	14.7661
15124	23.9494	14.7827
15084	23.9494	14.7994
15033	23.9494	14.8161
14984	23.9494	14.8327
14939	23.9494	14.8494
14898	23.9494	14.8661
14858	23.9494	14.8827
14810	23.9494	14.8994
14758	23.9494	14.9161
14715	23.9494	14.9327
14674	23.9494	14.9494
14633	23.9494	14.9661
14593	23.9494	14.9827
14552	23.9494	14.9994
14508	23.9494	15.0161
14465	23.9494	15.0327
14420	23.9494	15.0494
14383	23.9494	15.0661
14344	23.9494	15.0827
14290	23.9494	15.0994
14247	23.9494	15.1161
14204	23.9494	15.1327
14168	23.9494	15.1494
14123	23.9494	15.1661
14087	23.9494	15.1827
14050	23.9494	15.1994
14000	23.9494	15.2161
13956	23.9494	15.2327
13917	23.9494	15.2494
13878	23.9494	15.2661
13838	23.9494	15.2827
13799	23.9494	15.2994
13760	23.9494	15.3161
13718	23.9494	15.3327
13670	23.9494	15.3494
13631	23.9494	15.3661
13597	23.9494	15.3827
13561	23.9494	15.3994
13516	23.9494	15.4161
13479	23.9494	15.4327
13437	23.9494	15.4494
13386	23.9494	15.4661
13352	23.9494	15.4827
13309	23.9494	15.4994
13268	23.9494	15.5161
13228	23.9494	15.5327
13190	23.9494	15.5494
13157	23.9494	15.5661
13114	23.9494	15.5827
13080	23.9494	15.5994
13042	23.9494	15.6161
12998	23.9494	15.6327
12964	23.9494	15.6494
12925	23.9494	15.666
12892	23.9494	15.6827
12855	23.9494	15.6994
12820	23.9494	15.716
12781	23.9494	15.7327
12740	23.9494	15.7494
12701	23.9207	15.766
12664	23.8921	15.7827
12631	23.8635	15.7994
12592	23.8348	15.816
12557	23.8062	15.8327
12522	23.7775	15.8494
12478	23.7489	15.866
12451	23.7202	15.8827
12424	23.6916	15.8994
12391	23.6629	15.916
12350	23.6343	15.9327
12313	23.6056	15.9494
12279	23.577	15.966
12234	23.5483	15.9827
12193	23.5197	15.9994
12166	23.491	16.016
12129	23.4624	16.0327
12102	23.4337	16.0494
12068	23.4051	16.066
12031	23.3764	16.0827
12000	23.3478	16.0994
11961	23.3192	16.116
11925	23.2905	16.1327
11893	23.2619	16.1494
11866	23.2332	16.166
11834	23.2046	16.1827
11804	23.1759	16.1994
11776	23.1473	16.216
11749	23.1186	16.2327
11710	23.09	16.2494
11673	23.0613	16.266
11640	23.0327	16.2827
11609	23.004	16.2994
11579	22.9754	16.316
11550	22.9467	16.3327
11521	22.9181	16.3494
11492	22.8894	16.366
11459	22.8608	16.3827
11426	22.8321	16.3994
11393	22.8035	16.416
11365	22.7749	16.4327
11332	22.7462	16.4494
11304	22.7176	16.466
11273	22.6889	16.4827
11251	22.6603	16.4994
11221	22.6316	16.516
11184	22.603	16.5327
11166	22.5743	16.5494
11135	22.5457	16.566
11105	22.517	16.5827
11081	22.4884	16.5994
11044	22.4597	16.616
11019	22.4311	16.6327
10992	22.4024	16.6494
10961	22.3738	16.666
10930	22.3451	16.6827
10901	22.3165	16.6994
10873	22.2878	16.716
10849	22.2592	16.7327
10816	22.2305	16.7494
10793	22.2019	16.766
10765	22.1733	16.7827
10732	22.1446	16.7994
10710	22.116	16.816
10687	22.0873	16.8327
10653	22.0587	16.8494
10629	22.03	16.866
10602	22.0014	16.8827
10573	21.9727	16.8994
10548	21.9441	16.916
10524	21.9154	16.9327
10496	21.8868	16.9494
10469	21.8581	16.966
10446	21.8295	16.9827
10416	21.8008	16.9994
10392	21.7722	17.016
10363	21.7435	17.0327
10341	21.7149	17.0494
10315	21.6862	17.066
10288	21.6576	17.0827
10264	21.629	17.0994
10236	21.6003	17.116
10213	21.5717	17.1327
10192	21.543	17.1494
10166	21.5144	17.166
10139	21.4857	17.1827
10112	21.4571	17.1994
10089	21.4284	17.216
10068	21.3998	17.2327
10048	21.3711	17.2494
10025	21.3425	17.266
9998	21.3138	17.2827
9974	21.2852	17.2994
9951	21.2565	17.316
9926	21.2279	17.3327
9904	21.1992	17.3494
9884	21.1706	17.366
9865	21.1419	17.3827
9839	21.1133	17.3994
9822	21.0846	17.416
9796	21.056	17.4327
9770	21.0274	17.4494
9753	20.9987	17.466
9731	20.9701	17.4827
9706	20.9414	17.4994
9686	20.9128	17.516
9664	20.8841	17.5327
9646	20.8555	17.5494
9622	20.8268	17.566
9605	20.7982	17.5827
9584	20.7695	17.5994
9563	20.7409	17.616
9544	20.7122	17.6327
9521	20.6836	17.6494
9502	20.6549	17.666
9481	20.6263	17.6827
9464	20.5976	17.6994
9443	20.569	17.716
9418	20.5403	17.7327
9399	20.5117	17.7494
9380	20.4831	17.766
9364	20.4544	17.7827
9341	20.4258	17.7994
9322	20.3971	17.816
9307	20.3685	17.8327
9286	20.3398	17.8493
9269	20.3112	17.866
9255	20.2825	17.8827
9233	20.2539	17.8993
9218	20.2252	17.916
9197	20.1966	17.9327
9183	20.1679	17.9493
9167	20.1393	17.966
9149	20.1106	17.9827
9130	20.082	17.9993
9113	20.0533	18.016
9097	20.0247	18.0327
9078	19.996	18.0493
9059	19.9674	18.066
9044	19.9387	18.0827
9028	19.9101	18.0993
9012	19.8815	18.116
8989	19.8528	18.1327
8976	19.8242	18.1493
8961	19.7955	18.166
8943	19.7669	18.1827
8928	19.7382	18.1993
8909	19.7096	18.216
8896	19.6809	18.2327
8879	19.6523	18.2493
8864	19.6236	18.266
8851	19.595	18.2827
8837	19.5663	18.2993
8817	19.5377	18.316
8803	19.509	18.3327
8789	19.4804	18.3493
8774	19.4517	18.366
8755	19.4231	18.3827
8743	19.3944	18.3993
8726	19.3658	18.416
8712	19.3372	18.4327
8697	19.3085	18.4493
8682	19.2799	18.466
8665	19.2512	18.4827
8650	19.2226	18.4993
8640	19.1939	18.516
8621	19.1653	18.5327
8606	19.1366	18.5493
8593	19.108	18.566
8579	19.0793	18.5827
8559	19.0507	18.5993
8546	19.022	18.616
8536	18.9934	18.6327
8520	18.9647	18.6493
8507	18.9361	18.666
8495	18.9074	18.6827
8481	18.8788	18.6993
8466	18.8501	18.716
8454	18.8215	18.7327
8440	18.7929	18.7493
8429	18.7642	18.766
8414	18.7356	18.7827
8401	18.7069	18.7993
8387	18.6783	18.816
8374	18.6496	18.8327
8362	18.621	18.8493
8351	18.5923	18.866
8337	18.5637	18.8827
8323	18.535	18.8993
8310	18.5064	18.916
8299	18.4777	18.9327
8290	18.4491	18.9493
8276	18.4204	18.966
8266	18.3918	18.9827
8253	18.3631	18.9993
8242	18.3345	19.016
8228	18.3058	19.0327
8217	18.2772	19.0493
8207	18.2485	19.066
8197	18.2199	19.0827
8187	18.1913	19.0993
8178	18.1626	19.116
8165	18.134	19.1327
8156	18.1053	19.1493
8143	18.0767	19.166
8132	18.048	19.1827
8121	18.0194	19.1993
8110	17.9907	19.216
8099	17.9621	19.2327
8088	17.9334	19.2493
8079	17.9048	19.266
8067	17.8761	19.2827
8057	17.8475	19.2993
8045	17.8188	19.316
8034	17.7902	19.3327
8022	17.7615	19.3493
8015	17.7329	19.366
8003	17.7042	19.3827
7995	17.6756	19.3993
7984	17.647	19.416
7977	17.6183	19.4327
7970	17.5897	19.4493
7960	17.561	19.466
7947	17.5324	19.4827
7936	17.5037	19.4993
7926	17.4751	19.516
7917	17.4464	19.5327
7908	17.4178	19.5493
7900	17.3891	19.566
7890	17.3605	19.5827
7881	17.3318	19.5993
7872	17.3032	19.616
7861	17.2745	19.6327
7852	17.2459	19.6493
7842	17.2172	19.666
7833	17.1886	19.6827
7825	17.1599	19.6993
7817	17.1313	19.716
7809	17.1026	19.7327
7801	17.074	19.7493
7792	17.0454	19.766
7782	17.0167	19.7827
7774	16.9881	19.7993
7766	16.9594	19.816
7754	16.9308	19.8327
7746	16.9021	19.8493
7737	16.8735	19.866
7730	16.8448	19.8827
7720	16.8162	19.8993
7711	16.7875	19.916
7703	16.7589	19.9327
7692	16.7302	19.9493
7685	16.7016	19.966
7678	16.6729	19.9827
7671	16.6443	19.9993
7663	16.6156	20.016
7657	16.587	20.0326
7647	16.5583	20.0493
7640	16.5297	20.066
7632	16.5011	20.0826
7625	16.4724	20.0993
7619	16.4438	20.116
7611	16.4151	20.1326
7605	16.3865	20.1493
7595	16.3578	20.166
7587	16.3292	20.1826
7579	16.3005	20.1993
7573	16.2719	20.216
7565	16.2432	20.2326
7557	16.2146	20.2493
7551	16.1859	20.266
7546	16.1573	20.2826
7537	16.1286	20.2993
7532	16.1	20.316
7526	16.0713	20.3326
7518	16.0427	20.3493
7510	16.014	20.366
7503	15.9854	20.3826
7497	15.9567	20.3993
7490	15.9281	20.416
7483	15.8995	20.4326
7478	15.8708	20.4493
7471	15.8422	20.466
7463	15.8135	20.4826
7458	15.7849	20.4993
7450	15.7562	20.516
7442	15.7276	20.5326
7436	15.6989	20.5493
7431	15.6703	20.566
7424	15.6416	20.5826
7418	15.613	20.5993
7410	15.5843	20.616
7403	15.5557	20.6326
7399	15.527	20.6493
7396	15.4984	20.666
7390	15.4697	20.6826
7381	15.4411	20.6993
7375	15.4124	20.716
7368	15.3838	20.7326
7361	15.3552	20.7493
7357	15.3265	20.766
7352	15.2979	20.7826
7344	15.2692	20.7993
7339	15.2406	20.816
7333	15.2119	20.8326
7330	15.1833	20.8493
7323	15.1546	20.866
7316	15.126	20.8826
7309	15.0973	20.8993
7304	15.0687	20.916
7299	15.04	20.9326
7292	15.0114	20.9493
7291	14.9827	20.966
7285	14.9541	20.9826
7280	14.9254	20.9993
7277	14.8968	21.016
7267	14.8681	21.0326
7263	14.8395	21.0493
7260	14.8109	21.066
7255	14.7822	21.0826
7249	14.7536	21.0993
7243	14.7249	21.116
7240	14.6963	21.1326
7234	14.6676	21.1493
7228	14.639	21.166
7222	14.6103	21.1826
7216	14.5817	21.1993
7210	14.553	21.216
7207	14.5244	21.2326
7202	14.4957	21.2493
7197	14.4671	21.266
7194	14.4384	21.2826
7188	14.4098	21.2993
7181	14.3811	21.316
7180	14.3525	21.3326
7174	14.3238	21.3493
7170	14.2952	21.366
7166	14.2665	21.3826
7158	14.2379	21.3993
7151	14.2093	21.416
7148	14.1806	21.4326
7148	14.152	21.4493
7148	14.1233	21.466
7148	14.0947	21.4826
7143	14.066	21.4993
7133	14.0374	21.516
7127	14.0087	21.5326
7122	13.9801	21.5493
7116	13.9514	21.566
7116	13.9228	21.5826
7113	13.8941	21.5993
7108	13.8655	21.616
7104	13.8368	21.6326
7104	13.8082	21.6493
7098	13.7795	21.666
7092	13.7509	21.6826
7085	13.7222	21.6993
7078	13.6936	21.716
7078	13.665	21.7326
7078	13.6363	21.7493
7078	13.6077	21.766
7072	13.579	21.7826
7070	13.5504	21.7993
7064	13.5217	21.816
7057	13.4931	21.8326
7051	13.4644	21.8493
7051	13.4358	21.866
7051	13.4071	21.8826
7051	13.3785	21.8993
7051	13.3498	21.916
7043	13.3212	21.9326
7035	13.2925	21.9493
7031	13.2639	21.966
7028	13.2352	21.9826
7027	13.2066	21.9993
7022	13.1779	22.016
7018	13.1493	22.0326
7014	13.1206	22.0493
7012	13.092	22.066
7010	13.0634	22.0826
7005	13.0347	22.0993
7001	13.0061	22.116
7001	12.9774	22.1326
7001	12.9488	22.1493
6995	12.9201	22.166
6988	12.8915	22.1826
6988	12.8628	22.1993
6985	12.8342	22.216
6979	12.8055	22.2326
6979	12.7769	22.2493
6979	12.7482	22.2659
6979	12.7196	22.2826
6979	12.6909	22.2993
6979	12.6623	22.3159
6965	12.6336	22.3326
6961	12.605	22.3493
6961	12.5763	22.3659
6961	12.5477	22.3826
6961	12.5191	22.3993
6961	12.4904	22.4159
6951	12.4618	22.4326
6951	12.4331	22.4493
6951	12.4045	22.4659
6951	12.3758	22.4826
6946	12.3472	22.4993
6937	12.3185	22.5159
6937	12.2899	22.5326
6937	12.2612	22.5493
6937	12.2326	22.5659
6937	12.2039	22.5826
6937	12.1753	22.5993
6926	12.1466	22.6159
6926	12.118	22.6326
6926	12.0893	22.6493
6926	12.0607	22.6659
6926	12.032	22.6826
6914	12.0034	22.6993
6913	11.9747	22.7159
6913	11.9461	22.7326
6913	11.9175	22.7493
6913	11.8888	22.7659
6913	11.8602	22.7826
6913	11.8315	22.7993
6906	11.8029	22.8159
6899	11.7742	22.8326
6899	11.7456	22.8493
6899	11.7169	22.8659
6899	11.6883	22.8826
6899	11.6596	22.8993
6897	11.631	22.9159
6894	11.6023	22.9326
6894	11.5737	22.9493
6894	11.545	22.9659
6894	11.5164	22.9826
6894	11.4877	22.9993
6894	11.4591	23.0159
6894	11.4304	23.0326
6892	11.4018	23.0493
6883	11.3732	23.0659
6877	11.3445	23.0826
6877	11.3159	23.0993
6877	11.2872	23.1159
6877	11.2586	23.1326
6873	11.2299	23.1493
6872	11.2013	23.1659
6872	11.1726	23.1826
6872	11.144	23.1993
6872	11.1153	23.2159
6872	11.0867	23.2326
6871	11.058	23.2493
6871	11.0294	23.2659
6871	11.0007	23.2826
6871	10.9721	23.2993
6868	10.9434	23.3159
6864	10.9148	23.3326
6862	10.8861	23.3493
6862	10.8575	23.3659
6862	10.8289	23.3826
6862	10.8002	23.3993
6862	10.7716	23.4159
6862	10.7429	23.4326
6862	10.7143	23.4493
6858	10.6856	23.4659
6855	10.657	23.4826
6855	10.6283	23.4993
6854	10.5997	23.5159
6854	10.571	23.5326
6854	10.5424	23.5493
6854	10.5137	23.5659
6854	10.4851	23.5826
6854	10.4564	23.5993
6854	10.4278	23.6159
6854	10.3991	23.6326
6852	10.3705	23.6493
6846	10.3418	23.6659
6846	10.3132	23.6826
6846	10.2845	23.6993
6846	10.2559	23.7159
6846	10.2273	23.7326
6846	10.1986	23.7493
6846	10.17	23.7659
6846	10.1413	23.7826
6846	10.1127	23.7993
6846	10.084	23.8159
6846	10.0554	23.8326
6846	10.0267	23.8493
6846	9.99807	23.8659
6845	9.96943	23.8826
6845	9.94078	23.8993
6845	9.91213	23.9159
6845	9.88348	23.9326
6843	9.85484	23.9493
6843	9.82619	23.9659
6843	9.79754	23.9826
6843	9.76889	23.9993
6843	9.74025	24.0159
6843	9.7116	24.0326
6843	9.68295	24.0493
6843	9.6543	24.0659
6843	9.62566	24.0826
6843	9.59701	24.0993
6843	9.56836	24.1159
6843	9.53971	24.1326
6843	9.51107	24.1493
6843	9.48242	24.1659
6843	9.45377	24.1826
6843	9.42512	24.1993
6843	9.39648	24.2159
6843	9.36783	24.2326
6843	9.33918	24.2493
6843	9.31053	24.2659
6843	9.28189	24.2826
6843	9.25324	24.2993
6843	9.22459	24.3159
6843	9.19594	24.3326
6843	9.1673	24.3493
6843	9.13865	24.3659
6843	9.11	24.3826
6843	9.08135	24.3993
6843	9.05271	24.4159
6843	9.02406	24.4326
6843	8.99541	24.4492
6843	8.96676	24.4659
6843	8.93812	24.4826
6843	8.90947	24.4992
6843	8.88082	24.5159
6843	8.85217	24.5326
6843	8.82353	24.5492
6843	8.79488	24.5659
6843	8.76623	24.5826
6843	8.73758	24.5992
6843	8.70894	24.6159
6843	8.68029	24.6326
6843	8.65164	24.6492
6843	8.62299	24.6659
6843	8.59435	24.6826
6843	8.5657	24.6992
6843	8.53705	24.7159
6843	8.5084	24.7326
6842	8.47976	24.7492
6842	8.45111	24.7659
6842	8.42246	24.7826
6842	8.39381	24.7992
6842	8.36517	24.8159
6842	8.33652	24.8326
6842	8.30787	24.8492
6842	8.27922	24.8659
6842	8.25058	24.8826
6842	8.22193	24.8992
6842	8.19328	24.9159
6842	8.16463	24.9326
6842	8.13599	24.9492
6842	8.10734	24.9659
6842	8.07869	24.9826
6842	8.05005	24.9992
6842	8.0214	25.0159
6842	7.99275	25.0326
6842	7.9641	25.0492
6842	7.93545	25.0659
6842	7.90681	25.0826
6842	7.87816	25.0992
6842	7.84951	25.1159
6842	7.82086	25.1326
6842	7.79222	25.1492
6842	7.76357	25.1659
6842	7.73492	25.1826
6842	7.70627	25.1992
6842	7.67763	25.2159
6842	7.64898	25.2326
6842	7.62033	25.2492
6842	7.59168	25.2659
6842	7.56304	25.2826
6842	7.53439	25.2992
6842	7.50574	25.3159
6842	7.4771	25.3326
6842	7.44845	25.3492
6842	7.4198	25.3659
6842	7.39115	25.3826
6842	7.3625	25.3992
6842	7.33386	25.4159
6842	7.30521	25.4326
6842	7.27656	25.4492
6842	7.24792	25.4659
6842	7.21927	25.4826
6842	7.19062	25.4992
6842	7.16197	25.5159
6842	7.13332	25.5326
6842	7.10468	25.5492
6842	7.07603	25.5659
6842	7.04738	25.5826
6842	7.01873	25.5992
6842	6.99009	25.6159
6842	6.96144	25.6326
6842	6.93279	25.6492
6842	6.90414	25.6659
6842	6.87549	25.6826
6842	6.84685	25.6992
6842	6.8182	25.7159
6842	6.78955	25.7326
6842	6.7609	25.7492
6842	6.73225	25.7659
6842	6.70361	25.7826
6842	6.67496	25.7992
6842	6.64631	25.8159
6842	6.61766	25.8326
6842	6.58901	25.8492
6842	6.56037	25.8659
6842	6.53172	25.8826
6842	6.50307	25.8992
6842	6.47442	25.9159
6842	6.44578	25.9326
6842	6.41713	25.9492
6842	6.38848	25.9659
6842	6.35983	25.9826
6842	6.33118	25.9992
6842	6.30254	26.0159
6842	6.27389	26.0326
6842	6.24524	26.0492
6842	6.21659	26.0659
6842	6.18794	26.0826
6842	6.1593	26.0992
6842	6.13065	26.1159
6842	6.102	26.1326
6842	6.07335	26.1492
6842	6.0447	26.1659
6841	6.01606	26.1826
6841	5.98741	26.1992
6841	5.95876	26.2159
6841	5.93011	26.2326
6841	5.90146	26.2492
6841	5.87282	26.2659
6841	5.84417	26.2826
6841	5.81552	26.2992
6841	5.78687	26.3159
6841	5.75823	26.3326
6841	5.72958	26.3492
6841	5.70093	26.3659
6841	5.67228	26.3826
6841	5.64363	26.3992
6841	5.61499	26.4159
6841	5.58634	26.4326
6841	5.55769	26.4492
6841	5.52904	26.4659
6841	5.50039	26.4826
6841	5.47175	26.4992
6841	5.4431	26.5159
6841	5.41445	26.5326
6841	5.3858	26.5492
6841	5.35715	26.5659
6841	5.32851	26.5826
6841	5.29986	26.5992
6841	5.27121	26.6159
6841	5.24256	26.6325
6841	5.21391	26.6492
6841	5.18527	26.6659
6841	5.15662	26.6825
6841	5.12797	26.6992
6841	5.09932	26.7159
6841	5.07068	26.7325
6841	5.04203	26.7492
6841	5.01338	26.7659
6841	4.98473	26.7825
6841	4.95608	26.7992
6841	4.92744	26.8159
6841	4.89879	26.8325
6841	4.87014	26.8492
6841	4.84149	26.8659
6841	4.81284	26.8825
6841	4.7842	26.8992
6841	4.75555	26.9159
6841	4.7269	26.9325
6841	4.69825	26.9492
6841	4.6696	26.9659
6841	4.64096	26.9825
6841	4.61231	26.9992
6841	4.58366	27.0159
6841	4.55501	27.0325
6841	4.52637	27.0492
6841	4.49772	27.0659
6841	4.46907	27.0825
6841	4.44042	27.0992
6841	4.41177	27.1159
6841	4.38313	27.1325
6841	4.35448	27.1492
6841	4.32583	27.1659
6841	4.29718	27.1825
6841	4.26853	27.1992
6841	4.23989	27.2159
6841	4.21124	27.2325
6841	4.18259	27.2492
6841	4.15394	27.2659
6841	4.12529	27.2825
6841	4.09665	27.2992
6841	4.068	27.3159
6841	4.03935	27.3325
6841	4.0107	27.3492
6841	3.98205	27.3659
6841	3.95341	27.3825
6841	3.92476	27.3992
6841	3.89611	27.4159
6841	3.86746	27.4325
6841	3.83882	27.4492
6841	3.81017	27.4659
6841	3.78152	27.4825
6841	3.75287	27.4992
6841	3.72422	27.5159
6841	3.69558	27.5325
6841	3.66693	27.5492
6841	3.63828	27.5659
6841	3.60963	27.5825
6841	3.58098	27.5992
6841	3.55234	27.6159
6841	3.52369	27.6325
6841	3.49504	27.6492
6841	3.46639	27.6659
6841	3.43774	27.6825
6841	3.4091	27.6992
6841	3.38045	27.7159
6841	3.3518	27.7325
6841	3.32315	27.7492
6841	3.29451	27.7659
6841	3.26586	27.7825
6841	3.23721	27.7992
6841	3.20856	27.8159
6841	3.17991	27.8325
6841	3.15127	27.8492
6841	3.12262	27.8659
6841	3.09397	27.8825
6841	3.06532	27.8992
6841	3.03667	27.9159
6841	3.00803	27.9325
6841	2.97938	27.9492
6841	2.95073	27.9659
6841	2.92208	27.9825
6841	2.89343	27.9992
6841	2.86479	28.0159
6841	2.83614	28.0325
6841	2.80749	28.0492
6841	2.77884	28.0659
6841	2.7502	28.0825
6841	2.72155	28.0992
6841	2.6929	28.1159
6841	2.66425	28.1326
6841	2.6356	28.1492
6841	2.60696	28.1659
6841	2.57831	28.1826
6841	2.54966	28.1992
6841	2.52101	28.2159
6841	2.49236	28.2326
6841	2.46372	28.2492
6841	2.43507	28.2659
6841	2.40642	28.2826
6841	2.37777	28.2993
6841	2.34912	28.3159
6841	2.32048	28.3326
6841	2.29183	28.3493
6841	2.26318	28.3659
6841	2.23453	28.3826
6841	2.20588	28.3993
6841	2.17724	28.4159
6841	2.14859	28.4326
6841	2.11994	28.4493
6841	2.09129	28.466
6841	2.06265	28.4826
6841	2.034	28.4993
6841	2.00535	28.516
6841	1.9767	28.5326
6841	1.94805	28.5493
6841	1.91941	28.566
6841	1.89076	28.5826
6841	1.86211	28.5993
6841	1.83346	28.616
6841	1.80481	28.6327
6841	1.77617	28.6493
6841	1.74752	28.666
6841	1.71887	28.6827
6841	1.69022	28.6993
6841	1.66157	28.716
6841	1.63293	28.7327
6841	1.60428	28.7494
6841	1.57563	28.766
6841	1.54698	28.7827
6841	1.51834	28.7994
6841	1.48969	28.816
6841	1.46104	28.8327
6841	1.43239	28.8494
6841	1.40374	28.866
6841	1.3751	28.8827
6841	1.34645	28.8994
6841	1.3178	28.9161
6841	1.28915	28.9327
6841	1.26051	28.9494
6841	1.23186	28.9661
6841	1.20321	28.9827
6841	1.17456	28.9994
6841	1.14591	29.0161
6841	1.11727	29.0327
6841	1.08862	29.0494
6841	1.05997	29.0661
6841	1.03132	29.0828
6841	1.00268	29.0994
6841	0.974028	29.1161
6841	0.94538	29.1328
6841	0.916732	29.1494
6841	0.888084	29.1661
6841	0.859436	29.1828
6841	0.830789	29.1994
6841	0.802141	29.2161
6841	0.773493	29.2328
6841	0.744845	29.2495
6841	0.716197	29.2661
6841	0.687549	29.2828
6841	0.658901	29.2995
6841	0.630254	29.3161
6841	0.601606	29.3328
6841	0.572958	29.3495
6841	0.54431	29.3661
6841	0.515662	29.3828
6841	0.487014	29.3995
6841	0.458366	29.4162
6841	0.429719	29.4328
6841	0.401071	29.4495
6841	0.372423	29.4662
6841	0.343775	29.4828
6841	0.315127	29.4995
6841	0.286479	29.5162
6841	0.257831	29.5329
6841	0.229184	29.5495
6841	0.200536	29.5662
6841	0.171888	29.5829
6841	0.14324	29.5995
6841	0.114592	29.6162
6841	0.0859443	29.6329
6841	0.0572965	29.6495
6841	0.0286486	29.6662
6841	7.53721e-07	29.6829
6841	-0.0286471	29.6996
6841	0	29.7162
6841	0	29.7329
6841	0	29.7496
6841	0	29.7662
6841	0	29.7829
6841	0	29.7996
6841	0	29.8162
6841	0	29.8329
6841	0	29.8496
6841	0	29.8663
6841	0	29.8829
6841	0	29.8996
6841	0	29.9163
6841	0	29.9329
6841	0	29.9496
6841	0	29.9663
6841	0	29.9829
6841	0	29.9996
6841	0	30.0163
6841	0	30.033
6841	0	30.0496
6841	0	30.0663
6841	0	30.083
6841	0	30.0996
6841	0	30.1163
6841	0	30.133
6841	0	30.1497
6841	0	30.1663
6841	0	30.183
6841	0	30.1997
6841	0	30.2163
6841	0	30.233
6841	0	30.2497
6841	0	30.2663
6841	0	30.283
6841	0	30.2997
6841	0	30.3164
6841	0	30.333
6841	0	30.3497
6841	0	30.3664
6841	0	30.383
6841	0	30.3997
6841	0	30.4164
6841	0	30.433
6841	0	30.4497
6841	0	30.4664
6841	0	30.4831
6841	0	30.4997
6841	0	30.5164
6841	0	30.5331
6841	0	30.5497
6841	0	30.5664
6841	0	30.5831
6841	0	30.5997
6841	0	30.6164
6841	0	30.6331
6841	0	30.6498
6841	0	30.6664
6841	0	30.6831
6841	0	30.6998
