inside_count	theta (degrees)	time (s)
44463	0.0286479	0.0162277
44463	0.0572957	0.0328941
44462	0.0859435	0.0495605
44462	0.114591	0.066227
44462	0.143239	0.0828934
44461	0.171887	0.0995598
44460	0.200535	0.116226
44460	0.229183	0.132893
44460	0.257831	0.149559
44460	0.286479	0.166225
44459	0.315126	0.182892
44459	0.343774	0.199558
44459	0.372422	0.216225
44459	0.40107	0.232891
44458	0.429718	0.249557
44458	0.458366	0.266224
44458	0.487013	0.28289
44458	0.515661	0.299557
44458	0.544309	0.316223
44458	0.572957	0.33289
44457	0.601605	0.349556
44457	0.630253	0.366222
44454	0.658901	0.382889
44454	0.687548	0.399555
44454	0.716196	0.416222
44454	0.744844	0.432888
44453	0.773492	0.449554
44452	0.80214	0.466221
44452	0.830788	0.482887
44451	0.859436	0.499554
44451	0.888083	0.51622
44451	0.916731	0.532887
44451	0.945379	0.549553
44451	0.974027	0.566219
44450	1.00267	0.582886
44450	1.03132	0.599552
44449	1.05997	0.616219
44448	1.08862	0.632885
44448	1.11727	0.649551
44448	1.14591	0.666218
44448	1.17456	0.682884
44448	1.20321	0.699551
44447	1.23186	0.716217
44447	1.2605	0.732883
44447	1.28915	0.74955
44447	1.3178	0.766216
44447	1.34645	0.782883
44447	1.3751	0.799549
44447	1.40374	0.816216
44446	1.43239	0.832882
44446	1.46104	0.849548
44446	1.48969	0.866215
44446	1.51834	0.882881
44446	1.54698	0.899548
44446	1.57563	0.916214
44446	1.60428	0.93288
44444	1.63293	0.949547
44444	1.66157	0.966213
44444	1.69022	0.98288
44444	1.71887	0.999546
44444	1.74752	1.01621
44444	1.77617	1.03288
44443	1.80481	1.04955
44443	1.83346	1.06621
44442	1.86211	1.08288
44442	1.89076	1.09954
44442	1.9194	1.11621
44442	1.94805	1.13288
44442	1.9767	1.14954
44442	2.00535	1.16621
44441	2.034	1.18288
44441	2.06264	1.19954
44441	2.09129	1.21621
44441	2.11994	1.23288
44441	2.14859	1.24954
44441	2.17724	1.26621
44440	2.20588	1.28288
44440	2.23453	1.29954
44440	2.26318	1.31621
44440	2.29183	1.33287
44440	2.32048	1.34954
44440	2.34912	1.36621
44440	2.37777	1.38287
44440	2.40642	1.39954
44440	2.43507	1.41621
44440	2.46372	1.43287
44440	2.49236	1.44954
44440	2.52101	1.46621
44440	2.54966	1.48287
44440	2.57831	1.49954
44440	2.60695	1.5162
44440	2.6356	1.53287
44439	2.66425	1.54954
44439	2.6929	1.5662
44439	2.72155	1.58287
44438	2.75019	1.59954
44438	2.77884	1.6162
44438	2.80749	1.63287
44437	2.83614	1.64954
44437	2.86479	1.6662
44437	2.89343	1.68287
44437	2.92208	1.69954
44437	2.95073	1.7162
44436	2.97938	1.73287
44436	3.00803	1.74953
44436	3.03667	1.7662
44436	3.06532	1.78287
44436	3.09397	1.79953
44436	3.12262	1.8162
44436	3.15126	1.83287
44436	3.17991	1.84953
44435	3.20856	1.8662
44435	3.23721	1.88287
44435	3.26586	1.89953
44435	3.2945	1.9162
44435	3.32315	1.93287
44435	3.3518	1.94953
44435	3.38045	1.9662
44435	3.4091	1.98286
44434	3.43774	1.99953
44434	3.46639	2.0162
44432	3.49504	2.03286
44432	3.52369	2.04953
44432	3.55234	2.0662
44432	3.58098	2.08286
44432	3.60963	2.09953
44432	3.63828	2.1162
44432	3.66693	2.13286
44432	3.69557	2.14953
44432	3.72422	2.16619
44432	3.75287	2.18286
44432	3.78152	2.19953
44432	3.81017	2.21619
44432	3.83881	2.23286
44432	3.86746	2.24953
44432	3.89611	2.26619
44432	3.92476	2.28286
44432	3.95341	2.29953
44432	3.98205	2.31619
44432	4.0107	2.33286
44432	4.03935	2.34953
44432	4.068	2.36619
44432	4.09665	2.38286
44432	4.12529	2.39952
44432	4.15394	2.41619
44432	4.18259	2.43286
44432	4.21124	2.44952
44432	4.23989	2.46619
44432	4.26853	2.48286
44432	4.29718	2.49952
44432	4.32583	2.51619
44432	4.35448	2.53286
44432	4.38312	2.54952
44432	4.41177	2.56619
44432	4.44042	2.58286
44432	4.46907	2.59952
44432	4.49772	2.61619
44432	4.52636	2.63285
44432	4.55501	2.64952
44432	4.58366	2.66619
44432	4.61231	2.68285
44432	4.64096	2.69952
44432	4.6696	2.71619
44432	4.69825	2.73285
44432	4.7269	2.74952
44432	4.75555	2.76619
44432	4.7842	2.78285
44432	4.81284	2.79952
44432	4.84149	2.81618
44432	4.87014	2.83285
44432	4.89879	2.84952
44432	4.92743	2.86618
44432	4.95608	2.88285
44431	4.98473	2.89952
44431	5.01338	2.91618
44431	5.04203	2.93285
44431	5.07067	2.94952
44431	5.09932	2.96618
44431	5.12797	2.98285
44431	5.15662	2.99952
44431	5.18527	3.01618
44431	5.21391	3.03285
44431	5.24256	3.04951
44431	5.27121	3.06618
44431	5.29986	3.08285
44430	5.32851	3.09951
44430	5.35715	3.11618
44430	5.3858	3.13285
44430	5.41445	3.14951
44430	5.4431	3.16618
44430	5.47175	3.18285
44430	5.50039	3.19951
44430	5.52904	3.21618
44430	5.55769	3.23285
44430	5.58634	3.24951
44430	5.61498	3.26618
44430	5.64363	3.28284
44430	5.67228	3.29951
44430	5.70093	3.31618
44430	5.72958	3.33284
44430	5.75822	3.34951
44430	5.78687	3.36618
44430	5.81552	3.38284
44430	5.84417	3.39951
44430	5.87282	3.41618
44429	5.90146	3.43284
44427	5.93011	3.44951
44427	5.95876	3.46618
44427	5.98741	3.48284
44427	6.01606	3.49951
44427	6.0447	3.51617
44427	6.07335	3.53284
44427	6.102	3.54951
44427	6.13065	3.56617
44427	6.1593	3.58284
44427	6.18794	3.59951
44427	6.21659	3.61617
44427	6.24524	3.63284
44427	6.27389	3.64951
44427	6.30253	3.66617
44427	6.33118	3.68284
44427	6.35983	3.6995
44427	6.38848	3.71617
44427	6.41713	3.73284
44427	6.44577	3.7495
44427	6.47442	3.76617
44427	6.50307	3.78284
44427	6.53172	3.7995
44427	6.56037	3.81617
44427	6.58901	3.83284
44427	6.61766	3.8495
44427	6.64631	3.86617
44427	6.67496	3.88284
44427	6.70361	3.8995
44427	6.73225	3.91617
44427	6.7609	3.93283
44427	6.78955	3.9495
44427	6.8182	3.96617
44427	6.84685	3.98283
44427	6.87549	3.9995
44427	6.90414	4.01617
44427	6.93279	4.03283
44427	6.96144	4.0495
44427	6.99008	4.06617
44427	7.01873	4.08283
44427	7.04738	4.0995
44427	7.07603	4.11617
44427	7.10468	4.13283
44427	7.13332	4.1495
44427	7.16197	4.16616
44427	7.19062	4.18283
44427	7.21927	4.1995
44427	7.24791	4.21616
44427	7.27656	4.23283
44427	7.30521	4.2495
44427	7.33386	4.26616
44427	7.3625	4.28283
44427	7.39115	4.2995
44427	7.4198	4.31616
44427	7.44845	4.33283
44427	7.47709	4.34949
44427	7.50574	4.36616
44426	7.53439	4.38283
44426	7.56304	4.39949
44426	7.59168	4.41616
44426	7.62033	4.43283
44426	7.64898	4.44949
44426	7.67763	4.46616
44426	7.70627	4.48283
44426	7.73492	4.49949
44426	7.76357	4.51616
44426	7.79222	4.53283
44426	7.82086	4.54949
44426	7.84951	4.56616
44426	7.87816	4.58282
44426	7.90681	4.59949
44426	7.93545	4.61616
44426	7.9641	4.63282
44426	7.99275	4.64949
44426	8.0214	4.66616
44426	8.05004	4.68282
44426	8.07869	4.69949
44426	8.10734	4.71616
44426	8.13599	4.73282
44426	8.16463	4.74949
44426	8.19328	4.76616
44426	8.22193	4.78282
44426	8.25058	4.79949
44426	8.27922	4.81615
44426	8.30787	4.83282
44423	8.33652	4.84949
44410	8.36517	4.86615
44406	8.39381	4.88282
44406	8.42246	4.89949
44404	8.45111	4.91615
44395	8.47976	4.93282
44384	8.5084	4.94949
44382	8.53705	4.96615
44377	8.5657	4.98282
44373	8.59435	4.99949
44365	8.62299	5.01615
44362	8.65164	5.03282
44359	8.68029	5.04948
44351	8.70894	5.06615
44342	8.73758	5.08282
44334	8.76623	5.09948
44323	8.79488	5.11615
44314	8.82353	5.13282
44309	8.85217	5.14948
44299	8.88082	5.16615
44292	8.90947	5.18282
44283	8.93812	5.19948
44271	8.96676	5.21615
44262	8.99541	5.23281
44254	9.02406	5.24948
44240	9.05271	5.26615
44230	9.08135	5.28281
44219	9.11	5.29948
44212	9.13865	5.31615
44204	9.1673	5.33281
44194	9.19594	5.34948
44183	9.22459	5.36615
44172	9.25324	5.38281
44158	9.28189	5.39948
44146	9.31053	5.41615
44136	9.33918	5.43281
44122	9.36783	5.44948
44111	9.39648	5.46614
44097	9.42512	5.48281
44081	9.45377	5.49948
44064	9.48242	5.51614
44046	9.51107	5.53281
44032	9.53971	5.54948
44016	9.56836	5.56614
44004	9.59701	5.58281
43984	9.62566	5.59948
43970	9.6543	5.61614
43959	9.68295	5.63281
43942	9.7116	5.64948
43925	9.74024	5.66614
43902	9.76889	5.68281
43882	9.79754	5.69947
43860	9.82619	5.71614
43844	9.85484	5.73281
43824	9.88348	5.74947
43810	9.91213	5.76614
43791	9.94078	5.78281
43771	9.96943	5.79947
43750	9.99807	5.81614
43728	10.0267	5.83281
43709	10.0554	5.84947
43686	10.084	5.86614
43665	10.1127	5.8828
43647	10.1413	5.89947
43627	10.17	5.91614
43608	10.1986	5.9328
43586	10.2273	5.94947
43563	10.2559	5.96614
43538	10.2845	5.9828
43512	10.3132	5.99947
43485	10.3418	6.01614
43464	10.3705	6.0328
43440	10.3991	6.04947
43418	10.4278	6.06614
43392	10.4564	6.0828
43365	10.4851	6.09947
43340	10.5137	6.11613
43314	10.5424	6.1328
43285	10.571	6.14947
43257	10.5997	6.16613
43231	10.6283	6.1828
43205	10.657	6.19947
43175	10.6856	6.21613
43150	10.7143	6.2328
43121	10.7429	6.24947
43093	10.7716	6.26613
43063	10.8002	6.2828
43035	10.8288	6.29947
43001	10.8575	6.31613
42971	10.8861	6.3328
42939	10.9148	6.34946
42910	10.9434	6.36613
42876	10.9721	6.3828
42843	11.0007	6.39946
42815	11.0294	6.41613
42781	11.058	6.4328
42748	11.0867	6.44946
42715	11.1153	6.46613
42681	11.144	6.4828
42643	11.1726	6.49946
42611	11.2013	6.51613
42579	11.2299	6.53279
42545	11.2586	6.54946
42513	11.2872	6.56613
42480	11.3159	6.58279
42442	11.3445	6.59946
42407	11.3732	6.61613
42367	11.4018	6.63279
42331	11.4304	6.64946
42294	11.4591	6.66613
42259	11.4877	6.68279
42225	11.5164	6.69946
42186	11.545	6.71613
42146	11.5737	6.73279
42112	11.6023	6.74946
42076	11.631	6.76612
42038	11.6596	6.78279
42002	11.6883	6.79946
41964	11.7169	6.81612
41927	11.7456	6.83279
41886	11.7742	6.84946
41848	11.8029	6.86612
41812	11.8315	6.88279
41771	11.8602	6.89946
41736	11.8888	6.91612
41700	11.9175	6.93279
41661	11.9461	6.94946
41620	11.9747	6.96612
41581	12.0034	6.98279
41547	12.032	6.99945
41509	12.0607	7.01612
41472	12.0893	7.03279
41432	12.118	7.04945
41396	12.1466	7.06612
41355	12.1753	7.08279
41312	12.2039	7.09945
41276	12.2326	7.11612
41234	12.2612	7.13279
41201	12.2899	7.14945
41160	12.3185	7.16612
41121	12.3472	7.18279
41084	12.3758	7.19945
41045	12.4045	7.21612
41005	12.4331	7.23278
40968	12.4618	7.24945
40925	12.4904	7.26612
40893	12.5191	7.28278
40853	12.5477	7.29945
40819	12.5763	7.31612
40776	12.605	7.33278
40742	12.6336	7.34945
40703	12.6623	7.36612
40667	12.6909	7.38278
40630	12.7196	7.39945
40594	12.7482	7.41611
40557	12.7769	7.43278
40518	12.8055	7.44945
40484	12.8342	7.46611
40448	12.8628	7.48278
40408	12.8915	7.49945
40370	12.9201	7.51611
40328	12.9488	7.53278
40288	12.9774	7.54945
40252	13.0061	7.56611
40215	13.0347	7.58278
40173	13.0634	7.59945
40136	13.092	7.61611
40099	13.1206	7.63278
40060	13.1493	7.64944
40022	13.1779	7.66611
39988	13.2066	7.68278
39950	13.2352	7.69944
39910	13.2639	7.71611
39876	13.2925	7.73278
39839	13.3212	7.74944
39803	13.3498	7.76611
39766	13.3785	7.78278
39728	13.4071	7.79944
39696	13.4358	7.81611
39657	13.4644	7.83278
39621	13.4931	7.84944
39583	13.5217	7.86611
39546	13.5504	7.88277
39509	13.579	7.89944
39472	13.6077	7.91611
39433	13.6363	7.93277
39396	13.665	7.94944
39360	13.6936	7.96611
39326	13.7222	7.98277
39290	13.7509	7.99944
39255	13.7795	8.01611
39219	13.8082	8.03277
39176	13.8368	8.04944
39142	13.8655	8.0661
39104	13.8941	8.08277
39065	13.9228	8.09944
39028	13.9514	8.1161
38994	13.9801	8.13277
38957	14.0087	8.14944
38919	14.0374	8.1661
38883	14.066	8.18277
38842	14.0947	8.19944
38808	14.1233	8.2161
38772	14.152	8.23277
38731	14.1806	8.24944
38692	14.2093	8.2661
38654	14.2379	8.28277
38618	14.2665	8.29943
38580	14.2952	8.3161
38539	14.3238	8.33277
38501	14.3525	8.34943
38464	14.3811	8.3661
38428	14.4098	8.38277
38383	14.4384	8.39943
38352	14.4671	8.4161
38316	14.4957	8.43277
38278	14.5244	8.44943
38242	14.553	8.4661
38202	14.5817	8.48277
38162	14.6103	8.49943
38126	14.639	8.5161
38087	14.6676	8.53276
38048	14.6963	8.54943
38009	14.7249	8.5661
37967	14.7536	8.58276
37925	14.7822	8.59943
37889	14.8109	8.6161
37848	14.8395	8.63276
37812	14.8681	8.64943
37775	14.8968	8.6661
37736	14.9254	8.68276
37694	14.9541	8.69943
37656	14.9827	8.71609
37616	15.0114	8.73276
37581	15.04	8.74943
37539	15.0687	8.76609
37491	15.0973	8.78276
37451	15.126	8.79943
37409	15.1546	8.81609
37363	15.1833	8.83276
37322	15.2119	8.84943
37279	15.2406	8.86609
37234	15.2692	8.88276
37193	15.2979	8.89943
37148	15.3265	8.91609
37099	15.3552	8.93276
37060	15.3838	8.94942
37021	15.4124	8.96609
36977	15.4411	8.98276
36928	15.4697	8.99942
36881	15.4984	9.01609
36839	15.527	9.03276
36789	15.5557	9.04942
36747	15.5843	9.06609
36702	15.613	9.08276
36657	15.6416	9.09942
36608	15.6703	9.11609
36557	15.6989	9.13276
36516	15.7276	9.14942
36469	15.7562	9.16609
36418	15.7849	9.18275
36372	15.8135	9.19942
36325	15.8422	9.21609
36270	15.8708	9.23275
36222	15.8995	9.24942
36175	15.9281	9.26609
36115	15.9567	9.28275
36065	15.9854	9.29942
36019	16.014	9.31609
35971	16.0427	9.33275
35917	16.0713	9.34942
35865	16.1	9.36609
35812	16.1286	9.38275
35765	16.1573	9.39942
35716	16.1859	9.41608
35666	16.2146	9.43275
35613	16.2432	9.44942
35559	16.2719	9.46608
35505	16.3005	9.48275
35455	16.3292	9.49942
35396	16.3578	9.51608
35341	16.3865	9.53275
35283	16.4151	9.54942
35229	16.4438	9.56608
35178	16.4724	9.58275
35123	16.5011	9.59941
35072	16.5297	9.61608
35014	16.5583	9.63275
34963	16.587	9.64941
34904	16.6156	9.66608
34844	16.6443	9.68275
34788	16.6729	9.69941
34736	16.7016	9.71608
34684	16.7302	9.73275
34631	16.7589	9.74941
34578	16.7875	9.76608
34521	16.8162	9.78275
34458	16.8448	9.79941
34401	16.8735	9.81608
34348	16.9021	9.83274
34293	16.9308	9.84941
34237	16.9594	9.86608
34168	16.9881	9.88274
34115	17.0167	9.89941
34054	17.0454	9.91608
34000	17.074	9.93274
33943	17.1026	9.94941
33891	17.1313	9.96608
33828	17.1599	9.98274
33767	17.1886	9.99941
33708	17.2172	10.0161
33645	17.2459	10.0327
33589	17.2745	10.0494
33530	17.3032	10.0661
33466	17.3318	10.0827
33407	17.3605	10.0994
33344	17.3891	10.1161
33285	17.4178	10.1327
33235	17.4464	10.1494
33171	17.4751	10.1661
33115	17.5037	10.1827
33052	17.5324	10.1994
32988	17.561	10.2161
32927	17.5897	10.2327
32857	17.6183	10.2494
32806	17.647	10.2661
32750	17.6756	10.2827
32685	17.7042	10.2994
32621	17.7329	10.3161
32560	17.7615	10.3327
32500	17.7902	10.3494
32438	17.8188	10.3661
32379	17.8475	10.3827
32317	17.8761	10.3994
32252	17.9048	10.4161
32194	17.9334	10.4327
32132	17.9621	10.4494
32071	17.9907	10.4661
32013	18.0194	10.4827
31946	18.048	10.4994
31891	18.0767	10.5161
31829	18.1053	10.5327
31772	18.134	10.5494
31702	18.1626	10.5661
31645	18.1913	10.5827
31578	18.2199	10.5994
31524	18.2485	10.6161
31455	18.2772	10.6327
31392	18.3058	10.6494
31317	18.3345	10.6661
31258	18.3631	10.6827
31198	18.3918	10.6994
31147	18.4204	10.7161
31079	18.4491	10.7327
31018	18.4777	10.7494
30957	18.5064	10.7661
30888	18.535	10.7827
30825	18.5637	10.7994
30755	18.5923	10.8161
30686	18.621	10.8327
30623	18.6496	10.8494
30552	18.6783	10.8661
30482	18.7069	10.8827
30424	18.7356	10.8994
30361	18.7642	10.9161
30292	18.7929	10.9327
30229	18.8215	10.9494
30165	18.8501	10.9661
30105	18.8788	10.9827
30049	18.9074	10.9994
29997	18.9361	11.0161
29919	18.9647	11.0327
29860	18.9934	11.0494
29794	19.022	11.0661
29737	19.0507	11.0827
29674	19.0793	11.0994
29618	19.108	11.1161
29558	19.1366	11.1327
29497	19.1653	11.1494
29434	19.1939	11.1661
29372	19.2226	11.1827
29311	19.2512	11.1994
29244	19.2799	11.2161
29180	19.3085	11.2327
29116	19.3372	11.2494
29060	19.3658	11.2661
28990	19.3944	11.2827
28924	19.4231	11.2994
28857	19.4517	11.3161
28800	19.4804	11.3327
28741	19.509	11.3494
28677	19.5377	11.3661
28610	19.5663	11.3827
28550	19.595	11.3994
28492	19.6236	11.4161
28430	19.6523	11.4327
28357	19.6809	11.4494
28302	19.7096	11.4661
28243	19.7382	11.4827
28191	19.7669	11.4994
28134	19.7955	11.5161
28063	19.8242	11.5327
28003	19.8528	11.5494
27936	19.8815	11.5661
27871	19.9101	11.5827
27806	19.9387	11.5994
27746	19.9674	11.6161
27688	19.996	11.6327
27628	20.0247	11.6494
27568	20.0533	11.666
27501	20.082	11.6827
27439	20.1106	11.6994
27376	20.1393	11.716
27319	20.1679	11.7327
27243	20.1966	11.7494
27182	20.2252	11.766
27124	20.2539	11.7827
27064	20.2825	11.7994
27000	20.3112	11.816
26944	20.3398	11.8327
26883	20.3685	11.8494
26824	20.3971	11.866
26758	20.4258	11.8827
26703	20.4544	11.8994
26636	20.4831	11.916
26574	20.5117	11.9327
26510	20.5403	11.9494
26455	20.569	11.966
26393	20.5976	11.9827
26329	20.6263	11.9994
26265	20.6549	12.016
26200	20.6836	12.0327
26146	20.7122	12.0494
26085	20.7409	12.066
26019	20.7695	12.0827
25951	20.7982	12.0994
25893	20.8268	12.116
25839	20.8555	12.1327
25768	20.8841	12.1494
25712	20.9128	12.166
25650	20.9414	12.1827
25581	20.9701	12.1994
25512	20.9987	12.216
25463	21.0274	12.2327
25404	21.056	12.2494
25335	21.0846	12.266
25265	21.1133	12.2827
25210	21.1419	12.2994
25139	21.1706	12.316
25077	21.1992	12.3327
25018	21.2279	12.3494
24954	21.2565	12.366
24895	21.2852	12.3827
24827	21.3138	12.3994
24772	21.3425	12.416
24708	21.3711	12.4327
24641	21.3998	12.4494
24579	21.4284	12.466
24511	21.4571	12.4827
24459	21.4857	12.4994
24401	21.5144	12.516
24335	21.543	12.5327
24265	21.5717	12.5494
24205	21.6003	12.566
24147	21.629	12.5827
24088	21.6576	12.5994
24033	21.6862	12.616
23982	21.7149	12.6327
23913	21.7435	12.6494
23851	21.7722	12.666
23791	21.8008	12.6827
23718	21.8295	12.6994
23665	21.8581	12.716
23598	21.8868	12.7327
23529	21.9154	12.7494
23468	21.9441	12.766
23414	21.9727	12.7827
23359	22.0014	12.7994
23301	22.03	12.816
23238	22.0587	12.8327
23169	22.0873	12.8494
23104	22.116	12.866
23043	22.1446	12.8827
22978	22.1733	12.8994
22926	22.2019	12.916
22867	22.2305	12.9327
22804	22.2592	12.9494
22744	22.2878	12.966
22691	22.3165	12.9827
22625	22.3451	12.9994
22568	22.3738	13.016
22500	22.4024	13.0327
22424	22.4311	13.0494
22364	22.4597	13.066
22305	22.4884	13.0827
22248	22.517	13.0994
22190	22.5457	13.116
22129	22.5743	13.1327
22060	22.603	13.1494
22002	22.6316	13.166
21942	22.6603	13.1827
21876	22.6889	13.1994
21812	22.7176	13.216
21759	22.7462	13.2327
21705	22.7749	13.2494
21653	22.8035	13.266
21588	22.8321	13.2827
21531	22.8608	13.2994
21469	22.8894	13.316
21411	22.9181	13.3327
21354	22.9467	13.3494
21289	22.9754	13.366
21231	23.004	13.3827
21175	23.0327	13.3994
21103	23.0613	13.416
21040	23.09	13.4327
20980	23.1186	13.4494
20922	23.1473	13.466
20846	23.1759	13.4827
20794	23.2046	13.4994
20749	23.2332	13.516
20691	23.2619	13.5327
20631	23.2905	13.5494
20578	23.3192	13.566
20523	23.3478	13.5827
20465	23.3764	13.5994
20411	23.4051	13.616
20362	23.4337	13.6327
20299	23.4624	13.6494
20236	23.491	13.666
20178	23.5197	13.6827
20129	23.5483	13.6994
20070	23.577	13.716
20006	23.6056	13.7327
19951	23.6343	13.7494
19895	23.6629	13.766
19841	23.6916	13.7827
19789	23.7202	13.7994
19729	23.7489	13.816
19682	23.7775	13.8327
19623	23.8062	13.8493
19564	23.8348	13.866
19505	23.8635	13.8827
19437	23.8921	13.8993
19386	23.9207	13.916
19337	23.9494	13.9327
19277	23.978	13.9493
19222	24.0067	13.966
19169	24.0353	13.9827
19117	24.064	13.9993
19053	24.0926	14.016
18992	24.1213	14.0327
18935	24.1499	14.0493
18878	24.1786	14.066
18835	24.2072	14.0827
18778	24.2359	14.0993
18720	24.2645	14.116
18672	24.2932	14.1327
18613	24.3218	14.1493
18552	24.3505	14.166
18497	24.3791	14.1827
18437	24.4078	14.1993
18386	24.4364	14.216
18328	24.4651	14.2327
18280	24.4937	14.2493
18228	24.5223	14.266
18172	24.551	14.2827
18112	24.5796	14.2993
18056	24.6083	14.316
18003	24.6369	14.3327
17947	24.6656	14.3493
17894	24.6942	14.366
17842	24.7229	14.3827
17795	24.7515	14.3993
17743	24.7802	14.416
17689	24.8088	14.4327
17639	24.8375	14.4493
17594	24.8661	14.466
17522	24.8948	14.4827
17469	24.9234	14.4993
17424	24.9521	14.516
17373	24.9807	14.5327
17322	25.0094	14.5493
17264	25.038	14.566
17211	25.0666	14.5827
17159	25.0953	14.5993
17119	25.1239	14.616
17069	25.1526	14.6327
17007	25.1812	14.6493
16958	25.2099	14.666
16905	25.2385	14.6827
16851	25.2672	14.6993
16798	25.2958	14.716
16743	25.3245	14.7327
16688	25.3531	14.7493
16642	25.3818	14.766
16592	25.4104	14.7827
16542	25.4391	14.7993
16494	25.4677	14.816
16441	25.4964	14.8327
16395	25.525	14.8493
16344	25.5537	14.866
16298	25.5823	14.8827
16252	25.611	14.8993
16198	25.6396	14.916
16145	25.6682	14.9327
16098	25.6969	14.9493
16049	25.7255	14.966
16004	25.7542	14.9827
15942	25.7828	14.9993
15895	25.8115	15.016
15851	25.8401	15.0327
15798	25.8688	15.0493
15752	25.8974	15.066
15703	25.9261	15.0827
15661	25.9547	15.0993
15613	25.9834	15.116
15571	26.012	15.1327
15522	26.0407	15.1493
15469	26.0693	15.166
15420	26.098	15.1827
15363	26.1266	15.1993
15315	26.1553	15.216
15274	26.1839	15.2327
15225	26.2125	15.2493
15171	26.2412	15.266
15120	26.2698	15.2827
15070	26.2985	15.2993
15022	26.3271	15.316
14974	26.3558	15.3327
14926	26.3844	15.3493
14885	26.4131	15.366
14835	26.4417	15.3827
14791	26.4704	15.3993
14745	26.499	15.416
14695	26.5277	15.4327
14655	26.5563	15.4493
14597	26.585	15.466
14555	26.6136	15.4827
14504	26.6423	15.4993
14451	26.6709	15.516
14409	26.6996	15.5327
14363	26.7282	15.5493
14324	26.7568	15.566
14282	26.7855	15.5827
14223	26.8141	15.5993
14172	26.8428	15.616
14135	26.8714	15.6327
14095	26.9001	15.6493
14043	26.9287	15.666
13996	26.9574	15.6827
13947	26.986	15.6993
13899	27.0147	15.716
13852	27.0433	15.7327
13808	27.072	15.7493
13760	27.1006	15.766
13717	27.1293	15.7827
13668	27.1579	15.7993
13629	27.1866	15.816
13585	27.2152	15.8327
13534	27.2439	15.8493
13490	27.2725	15.866
13453	27.3012	15.8827
13404	27.3298	15.8993
13356	27.3584	15.916
13309	27.3871	15.9327
13264	27.4157	15.9493
13217	27.4444	15.966
13178	27.473	15.9827
13133	27.5017	15.9993
13091	27.5303	16.016
13044	27.559	16.0326
13000	27.5876	16.0493
12955	27.6163	16.066
12908	27.6449	16.0826
12867	27.6736	16.0993
12817	27.7022	16.116
12770	27.7309	16.1326
12736	27.7595	16.1493
12688	27.7882	16.166
12644	27.8168	16.1826
12601	27.8455	16.1993
12556	27.8741	16.216
12513	27.9028	16.2326
12474	27.9314	16.2493
12434	27.96	16.266
12392	27.9887	16.2826
12350	28.0173	16.2993
12307	28.046	16.316
12262	28.0746	16.3326
12222	28.1033	16.3493
12176	28.1319	16.366
12137	28.1606	16.3826
12096	28.1892	16.3993
12043	28.2179	16.416
11999	28.2465	16.4326
11963	28.2752	16.4493
11911	28.3038	16.466
11870	28.3325	16.4826
11822	28.3611	16.4993
11790	28.3898	16.516
11745	28.4184	16.5326
11709	28.4471	16.5493
11664	28.4757	16.566
11615	28.5043	16.5826
11571	28.533	16.5993
11532	28.5616	16.616
11497	28.5903	16.6326
11452	28.6189	16.6493
11410	28.6476	16.666
11368	28.6762	16.6826
11317	28.7049	16.6993
11285	28.7335	16.716
11251	28.7622	16.7326
11207	28.7908	16.7493
11164	28.8195	16.766
11123	28.8481	16.7826
11085	28.8768	16.7993
11043	28.9054	16.816
10995	28.9341	16.8326
10955	28.9627	16.8493
10916	28.9914	16.866
10872	29.02	16.8826
10830	29.0487	16.8993
10792	29.0773	16.916
10753	29.106	16.9326
10711	29.1346	16.9493
10679	29.1633	16.966
10639	29.1919	16.9826
10603	29.2206	16.9993
10566	29.2492	17.016
10526	29.2779	17.0326
10486	29.3065	17.0493
10446	29.3352	17.066
10414	29.3638	17.0826
10384	29.3925	17.0993
10336	29.4211	17.116
10298	29.4498	17.1326
10260	29.4784	17.1493
10218	29.5071	17.166
10187	29.5357	17.1826
10150	29.5644	17.1993
10115	29.593	17.216
10085	29.6217	17.2326
10046	29.6503	17.2493
10007	29.679	17.266
9968	29.7076	17.2826
9934	29.7363	17.2993
9895	29.7649	17.316
9854	29.7936	17.3326
9815	29.8222	17.3493
9781	29.8508	17.366
9740	29.8795	17.3826
9699	29.9081	17.3993
9669	29.9368	17.416
9627	29.9654	17.4326
9590	29.9941	17.4493
9559	30.0227	17.466
9527	30.0514	17.4826
9487	30.08	17.4993
9454	30.1087	17.516
9417	30.1373	17.5326
9383	30.166	17.5493
9342	30.1946	17.566
9300	30.2233	17.5826
9261	30.2519	17.5993
9240	30.2806	17.616
9206	30.3092	17.6326
9168	30.3379	17.6493
9127	30.3665	17.666
9093	30.3952	17.6826
9056	30.4238	17.6993
9017	30.4525	17.716
8984	30.4811	17.7326
8959	30.5098	17.7493
8922	30.5384	17.766
8886	30.5671	17.7826
8857	30.5957	17.7993
8824	30.6244	17.816
8792	30.653	17.8326
8750	30.6817	17.8493
8720	30.7103	17.866
8682	30.739	17.8826
8655	30.7676	17.8993
8620	30.7963	17.916
8576	30.8249	17.9326
8543	30.8536	17.9493
8516	30.8822	17.966
8480	30.9109	17.9826
8446	30.9395	17.9993
8407	30.9682	18.016
8374	30.9968	18.0326
8339	31.0255	18.0493
8306	31.0541	18.066
8275	31.0828	18.0826
8237	31.1114	18.0993
8201	31.1401	18.116
8171	31.1687	18.1326
8142	31.1974	18.1493
8111	31.226	18.166
8083	31.2547	18.1826
8055	31.2833	18.1993
8019	31.312	18.216
7984	31.3406	18.2326
7962	31.3693	18.2493
7935	31.3979	18.2659
7910	31.4266	18.2826
7880	31.4552	18.2993
7839	31.4839	18.3159
7808	31.5125	18.3326
7775	31.5412	18.3493
7743	31.5698	18.3659
7711	31.5984	18.3826
7675	31.6271	18.3993
7649	31.6557	18.4159
7617	31.6844	18.4326
7574	31.713	18.4493
7545	31.7417	18.4659
7517	31.7703	18.4826
7487	31.799	18.4993
7459	31.8276	18.5159
7425	31.8563	18.5326
7396	31.8849	18.5493
7364	31.9136	18.5659
7337	31.9422	18.5826
7312	31.9709	18.5993
7273	31.9995	18.6159
7244	32.0282	18.6326
7214	32.0568	18.6493
7189	32.0855	18.6659
7157	32.1141	18.6826
7120	32.1428	18.6993
7091	32.1714	18.7159
7063	32.2001	18.7326
7036	32.2287	18.7493
7005	32.2574	18.7659
6973	32.286	18.7826
6941	32.3147	18.7993
6913	32.3433	18.8159
6887	32.372	18.8326
6851	32.4006	18.8493
6829	32.4293	18.8659
6794	32.4579	18.8826
6763	32.4866	18.8993
6729	32.5152	18.9159
6704	32.5439	18.9326
6681	32.5725	18.9493
6648	32.6012	18.9659
6622	32.6298	18.9826
6593	32.6585	18.9993
6565	32.6871	19.0159
6538	32.7158	19.0326
6507	32.7444	19.0493
6480	32.7731	19.0659
6451	32.8017	19.0826
6425	32.8304	19.0993
6400	32.859	19.1159
6369	32.8877	19.1326
6338	32.9163	19.1493
6311	32.945	19.1659
6279	32.9736	19.1826
6253	33.0023	19.1993
6224	33.0309	19.2159
6204	33.0596	19.2326
6179	33.0882	19.2493
6146	33.1169	19.2659
6117	33.1455	19.2826
6092	33.1742	19.2993
6067	33.2028	19.3159
6039	33.2315	19.3326
6013	33.2601	19.3493
5990	33.2888	19.3659
5967	33.3174	19.3826
5942	33.3461	19.3993
5918	33.3747	19.4159
5889	33.4034	19.4326
5861	33.432	19.4493
5836	33.4606	19.4659
5810	33.4893	19.4826
5784	33.5179	19.4993
5751	33.5466	19.5159
5724	33.5752	19.5326
5698	33.6039	19.5493
5679	33.6325	19.5659
5651	33.6612	19.5826
5630	33.6898	19.5993
5607	33.7185	19.6159
5579	33.7471	19.6326
5552	33.7758	19.6493
5523	33.8044	19.6659
5494	33.8331	19.6826
5475	33.8617	19.6993
5451	33.8904	19.7159
5429	33.919	19.7326
5402	33.9477	19.7493
5378	33.9763	19.7659
5352	34.005	19.7826
5330	34.0336	19.7993
5304	34.0623	19.8159
5286	34.0909	19.8326
5263	34.1196	19.8493
5241	34.1482	19.8659
5211	34.1769	19.8826
5190	34.2055	19.8993
5167	34.2342	19.9159
5142	34.2628	19.9326
5122	34.2915	19.9493
5097	34.3201	19.9659
5073	34.3488	19.9826
5053	34.3774	19.9993
5028	34.4061	20.0159
5011	34.4347	20.0326
4991	34.4634	20.0493
4971	34.492	20.0659
4949	34.5207	20.0826
4922	34.5493	20.0993
4903	34.578	20.1159
4877	34.6066	20.1326
4859	34.6353	20.1493
4835	34.6639	20.1659
4815	34.6926	20.1826
4791	34.7212	20.1993
4772	34.7499	20.2159
4751	34.7785	20.2326
4736	34.8072	20.2493
4709	34.8358	20.2659
4688	34.8645	20.2826
4668	34.8931	20.2993
4643	34.9218	20.3159
4618	34.9504	20.3326
4597	34.9791	20.3493
4578	35.0077	20.3659
4556	35.0364	20.3826
4538	35.065	20.3993
4520	35.0937	20.4159
4499	35.1223	20.4326
4481	35.151	20.4492
4455	35.1796	20.4659
4438	35.2082	20.4826
4418	35.2369	20.4992
4401	35.2655	20.5159
4386	35.2942	20.5326
4365	35.3228	20.5492
4342	35.3515	20.5659
4325	35.3801	20.5826
4305	35.4088	20.5992
4289	35.4374	20.6159
4268	35.4661	20.6326
4244	35.4947	20.6492
4227	35.5234	20.6659
4213	35.552	20.6826
4190	35.5807	20.6992
4170	35.6093	20.7159
4150	35.638	20.7326
4136	35.6666	20.7492
4120	35.6953	20.7659
4097	35.7239	20.7826
4072	35.7526	20.7992
4056	35.7812	20.8159
4042	35.8099	20.8326
4022	35.8385	20.8492
4005	35.8672	20.8659
3986	35.8958	20.8826
3966	35.9245	20.8992
3946	35.9531	20.9159
3934	35.9818	20.9326
3918	36.0104	20.9492
3898	36.0391	20.9659
3877	36.0677	20.9826
3863	36.0964	20.9992
3841	36.125	21.0159
3831	36.1537	21.0326
3812	36.1823	21.0492
3789	36.211	21.0659
3771	36.2396	21.0826
3753	36.2683	21.0992
3737	36.2969	21.1159
3721	36.3256	21.1326
3704	36.3542	21.1492
3690	36.3829	21.1659
3674	36.4115	21.1826
3656	36.4402	21.1992
3640	36.4688	21.2159
3627	36.4975	21.2326
3609	36.5261	21.2492
3593	36.5548	21.2659
3578	36.5834	21.2826
3560	36.6121	21.2992
3548	36.6407	21.3159
3529	36.6694	21.3326
3514	36.698	21.3492
3498	36.7267	21.3659
3478	36.7553	21.3826
3460	36.784	21.3992
3444	36.8126	21.4159
3427	36.8413	21.4326
3412	36.8699	21.4492
3394	36.8985	21.4659
3379	36.9272	21.4826
3361	36.9558	21.4992
3345	36.9845	21.5159
3329	37.0131	21.5326
3315	37.0418	21.5492
3302	37.0704	21.5659
3290	37.0991	21.5826
3275	37.1277	21.5992
3262	37.1564	21.6159
3240	37.185	21.6326
3224	37.2137	21.6492
3212	37.2423	21.6659
3198	37.271	21.6826
3184	37.2996	21.6992
3169	37.3283	21.7159
3153	37.3569	21.7326
3140	37.3856	21.7492
3125	37.4142	21.7659
3113	37.4429	21.7826
3101	37.4715	21.7992
3088	37.5002	21.8159
3070	37.5288	21.8326
3061	37.5575	21.8492
3045	37.5861	21.8659
3031	37.6148	21.8826
3019	37.6434	21.8992
3004	37.6721	21.9159
2992	37.7007	21.9326
2974	37.7294	21.9492
2965	37.758	21.9659
2953	37.7867	21.9826
2937	37.8153	21.9992
2924	37.844	22.0159
2912	37.8726	22.0326
2898	37.9013	22.0492
2885	37.9299	22.0659
2870	37.9586	22.0826
2860	37.9872	22.0992
2844	38.0159	22.1159
2829	38.0445	22.1326
2815	38.0732	22.1492
2807	38.1018	22.1659
2793	38.1305	22.1826
2781	38.1591	22.1992
2765	38.1878	22.2159
2748	38.2164	22.2326
2738	38.2451	22.2492
2729	38.2737	22.2659
2717	38.3024	22.2826
2704	38.331	22.2992
2692	38.3597	22.3159
2679	38.3883	22.3326
2665	38.417	22.3492
2654	38.4456	22.3659
2642	38.4743	22.3826
2632	38.5029	22.3992
2619	38.5316	22.4159
2603	38.5602	22.4326
2594	38.5889	22.4492
2580	38.6175	22.4659
2567	38.6461	22.4826
2557	38.6748	22.4992
2545	38.7034	22.5159
2534	38.7321	22.5326
2516	38.7607	22.5492
2505	38.7894	22.5659
2491	38.818	22.5826
2483	38.8467	22.5992
2469	38.8753	22.6159
2460	38.904	22.6325
2448	38.9326	22.6492
2437	38.9613	22.6659
2423	38.9899	22.6825
2414	39.0186	22.6992
2403	39.0472	22.7159
2394	39.0759	22.7325
2384	39.1045	22.7492
2370	39.1332	22.7659
2361	39.1618	22.7825
2351	39.1905	22.7992
2342	39.2191	22.8159
2329	39.2478	22.8325
2319	39.2764	22.8492
2308	39.3051	22.8659
2294	39.3337	22.8825
2286	39.3624	22.8992
2273	39.391	22.9159
2262	39.4197	22.9325
2251	39.4483	22.9492
2242	39.477	22.9659
2230	39.5056	22.9825
2217	39.5343	22.9992
2210	39.5629	23.0159
2201	39.5916	23.0325
2186	39.6202	23.0492
2179	39.6489	23.0659
2171	39.6775	23.0825
2154	39.7062	23.0992
2147	39.7348	23.1159
2140	39.7635	23.1325
2128	39.7921	23.1492
2119	39.8208	23.1659
2111	39.8494	23.1825
2103	39.8781	23.1992
2093	39.9067	23.2159
2087	39.9354	23.2325
2076	39.964	23.2492
2065	39.9927	23.2659
2058	40.0213	23.2825
2043	40.05	23.2992
2037	40.0786	23.3159
2027	40.1073	23.3325
2019	40.1359	23.3492
2009	40.1646	23.3659
1999	40.1932	23.3825
1987	40.2219	23.3992
1976	40.2505	23.4159
1968	40.2792	23.4325
1958	40.3078	23.4492
1948	40.3365	23.4659
1940	40.3651	23.4825
1929	40.3937	23.4992
1921	40.4224	23.5159
1911	40.451	23.5325
1906	40.4797	23.5492
1897	40.5083	23.5659
1888	40.537	23.5825
1881	40.5656	23.5992
1875	40.5943	23.6159
1864	40.6229	23.6325
1855	40.6516	23.6492
1849	40.6802	23.6659
1840	40.7089	23.6825
1834	40.7375	23.6992
1822	40.7662	23.7159
1814	40.7948	23.7325
1807	40.8235	23.7492
1799	40.8521	23.7659
1790	40.8808	23.7825
1781	40.9094	23.7992
1775	40.9381	23.8159
1764	40.9667	23.8325
1756	40.9954	23.8492
1749	41.024	23.8659
1740	41.0527	23.8825
1733	41.0813	23.8992
1725	41.11	23.9159
1715	41.1386	23.9325
1706	41.1673	23.9492
1697	41.1959	23.9659
1689	41.2246	23.9825
1682	41.2532	23.9992
1676	41.2819	24.0159
1666	41.3105	24.0325
1659	41.3392	24.0492
1652	41.3678	24.0659
1642	41.3965	24.0825
1638	41.4251	24.0992
1630	41.4538	24.1159
1620	41.4824	24.1326
1611	41.5111	24.1492
1602	41.5397	24.1659
1597	41.5684	24.1826
1593	41.597	24.1992
1582	41.6257	24.2159
1574	41.6543	24.2326
1568	41.683	24.2492
1563	41.7116	24.2659
1559	41.7403	24.2826
1550	41.7689	24.2993
1544	41.7976	24.3159
1536	41.8262	24.3326
1528	41.8549	24.3493
1520	41.8835	24.3659
1515	41.9122	24.3826
1507	41.9408	24.3993
1500	41.9695	24.4159
1489	41.9981	24.4326
1486	42.0268	24.4493
1478	42.0554	24.466
1473	42.0841	24.4826
1468	42.1127	24.4993
1459	42.1413	24.516
1454	42.17	24.5326
1445	42.1987	24.5493
1437	42.2273	24.566
1432	42.2559	24.5826
1425	42.2846	24.5993
1419	42.3132	24.616
1415	42.3419	24.6327
1408	42.3705	24.6493
1401	42.3992	24.666
1400	42.4278	24.6827
1391	42.4565	24.6993
1389	42.4851	24.716
1382	42.5138	24.7327
1375	42.5424	24.7494
1370	42.5711	24.766
1364	42.5997	24.7827
1356	42.6284	24.7994
1349	42.657	24.816
1342	42.6857	24.8327
1335	42.7143	24.8494
1328	42.743	24.866
1323	42.7716	24.8827
1315	42.8003	24.8994
1308	42.8289	24.9161
1303	42.8576	24.9327
1296	42.8862	24.9494
1291	42.9149	24.9661
1284	42.9435	24.9827
1280	42.9722	24.9994
1274	43.0008	25.0161
1267	43.0295	25.0327
1261	43.0581	25.0494
1256	43.0868	25.0661
1252	43.1154	25.0828
1249	43.1441	25.0994
1245	43.1727	25.1161
1238	43.2014	25.1328
1231	43.23	25.1494
1229	43.2587	25.1661
1221	43.2873	25.1828
1215	43.316	25.1994
1209	43.3446	25.2161
1206	43.3733	25.2328
1201	43.4019	25.2495
1193	43.4306	25.2661
1189	43.4592	25.2828
1182	43.4879	25.2995
1177	43.5165	25.3161
1173	43.5452	25.3328
1164	43.5738	25.3495
1161	43.6025	25.3661
1160	43.6311	25.3828
1159	43.6598	25.3995
1153	43.6884	25.4162
1146	43.7171	25.4328
1139	43.7457	25.4495
1134	43.7744	25.4662
1127	43.803	25.4828
1122	43.8317	25.4995
1120	43.8603	25.5162
1116	43.889	25.5329
1108	43.9176	25.5495
1102	43.9463	25.5662
1097	43.9749	25.5829
1089	44.0035	25.5995
1084	44.0322	25.6162
1080	44.0608	25.6329
1080	44.0895	25.6495
1080	44.1181	25.6662
1077	44.1468	25.6829
1071	44.1754	25.6996
1065	44.2041	25.7162
1059	44.2327	25.7329
1054	44.2614	25.7496
1049	44.29	25.7662
1044	44.3187	25.7829
1037	44.3473	25.7996
1034	44.376	25.8162
1030	44.4046	25.8329
1026	44.4333	25.8496
1019	44.4619	25.8663
1018	44.4906	25.8829
1015	44.5192	25.8996
1011	44.5479	25.9163
1005	44.5765	25.9329
1002	44.6052	25.9496
998	44.6338	25.9663
993	44.6625	25.9829
988	44.6911	25.9996
981	44.7198	26.0163
977	44.7484	26.033
972	44.7771	26.0496
966	44.8057	26.0663
962	44.8344	26.083
958	44.863	26.0996
954	44.8917	26.1163
950	44.9203	26.133
946	44.949	26.1497
944	44.9776	26.1663
939	45.0063	26.183
935	45.0349	26.1997
931	45.0636	26.2163
931	45.0922	26.233
928	45.1209	26.2497
923	45.1495	26.2663
916	45.1782	26.283
908	45.2068	26.2997
903	45.2355	26.3164
903	45.2641	26.333
903	45.2928	26.3497
903	45.3214	26.3664
902	45.3501	26.383
898	45.3787	26.3997
887	45.4074	26.4164
883	45.436	26.433
879	45.4647	26.4497
878	45.4933	26.4664
878	45.522	26.4831
875	45.5506	26.4997
867	45.5793	26.5164
860	45.6079	26.5331
858	45.6366	26.5497
858	45.6652	26.5664
858	45.6939	26.5831
855	45.7225	26.5997
849	45.7511	26.6164
842	45.7798	26.6331
837	45.8084	26.6498
833	45.8371	26.6664
828	45.8657	26.6831
827	45.8944	26.6998
827	45.923	26.7164
823	45.9517	26.7331
817	45.9803	26.7498
814	46.009	26.7664
814	46.0376	26.7831
810	46.0663	26.7998
803	46.0949	26.8165
795	46.1236	26.8331
794	46.1522	26.8498
794	46.1809	26.8665
794	46.2095	26.8831
790	46.2382	26.8998
783	46.2668	26.9165
782	46.2955	26.9332
782	46.3241	26.9498
779	46.3528	26.9665
773	46.3814	26.9832
767	46.4101	26.9998
765	46.4387	27.0165
761	46.4674	27.0332
761	46.496	27.0498
759	46.5247	27.0665
753	46.5533	27.0832
747	46.582	27.0999
744	46.6106	27.1165
744	46.6393	27.1332
743	46.6679	27.1499
742	46.6966	27.1665
736	46.7252	27.1832
730	46.7539	27.1999
729	46.7825	27.2165
728	46.8112	27.2332
725	46.8398	27.2499
721	46.8685	27.2666
720	46.8971	27.2832
714	46.9258	27.2999
707	46.9544	27.3166
700	46.9831	27.3332
698	47.0117	27.3499
698	47.0404	27.3666
698	47.069	27.3832
698	47.0977	27.3999
698	47.1263	27.4166
691	47.155	27.4333
685	47.1836	27.4499
684	47.2123	27.4666
680	47.2409	27.4833
673	47.2696	27.4999
669	47.2982	27.5166
669	47.3269	27.5333
669	47.3555	27.5499
669	47.3842	27.5666
665	47.4128	27.5833
657	47.4415	27.6
654	47.4701	27.6166
654	47.4987	27.6333
654	47.5274	27.65
652	47.556	27.6666
647	47.5847	27.6833
642	47.6133	27.7
640	47.642	27.7167
639	47.6706	27.7333
638	47.6993	27.75
630	47.7279	27.7667
627	47.7566	27.7833
627	47.7852	27.8
626	47.8139	27.8167
622	47.8425	27.8333
621	47.8712	27.85
621	47.8998	27.8667
615	47.9285	27.8834
609	47.9285	27.9
609	47.9285	27.9167
608	47.9285	27.9334
605	47.9285	27.95
598	47.9285	27.9667
593	47.9285	27.9834
592	47.9285	28
592	47.9285	28.0167
592	47.9285	28.0334
590	47.9285	28.0501
587	47.9285	28.0667
580	47.9285	28.0834
576	47.9285	28.1001
574	47.9285	28.1167
574	47.9285	28.1334
574	47.9285	28.1501
573	47.9285	28.1667
573	47.9285	28.1834
573	47.9285	28.2001
568	47.9285	28.2168
565	47.9285	28.2334
565	47.9285	28.2501
565	47.9285	28.2668
564	47.9285	28.2834
558	47.9285	28.3001
554	47.9285	28.3168
554	47.9285	28.3335
550	47.9285	28.3501
546	47.9285	28.3668
540	47.9285	28.3835
536	47.9285	28.4001
536	47.9285	28.4168
536	47.9285	28.4335
536	47.9285	28.4501
536	47.9285	28.4668
536	47.9285	28.4835
536	47.9285	28.5002
536	47.9285	28.5168
536	47.9285	28.5335
536	47.9285	28.5502
534	47.9285	28.5668
528	47.9285	28.5835
524	47.9285	28.6002
518	47.9285	28.6168
516	47.9285	28.6335
516	47.9285	28.6502
516	47.9285	28.6669
516	47.9285	28.6835
516	47.9285	28.7002
516	47.9285	28.7169
513	47.9285	28.7335
507	47.9285	28.7502
502	47.9285	28.7669
499	47.9285	28.7835
499	47.9285	28.8002
499	47.9285	28.8169
499	47.9285	28.8336
499	47.9285	28.8502
499	47.9285	28.8669
495	47.9285	28.8836
489	47.9285	28.9002
487	47.9285	28.9169
487	47.9285	28.9336
487	47.9285	28.9502
485	47.9285	28.9669
482	47.9285	28.9836
482	47.9285	29.0003
482	47.9285	29.0169
482	47.9285	29.0336
482	47.9285	29.0503
482	47.9285	29.0669
482	47.9285	29.0836
479	47.9285	29.1003
476	47.9285	29.117
473	47.9285	29.1336
473	47.9285	29.1503
473	47.9285	29.167
473	47.9285	29.1836
473	47.9285	29.2003
471	47.9285	29.217
467	47.9285	29.2336
463	47.9285	29.2503
463	47.9285	29.267
463	47.9285	29.2837
463	47.9285	29.3003
459	47.9285	29.317
455	47.9285	29.3337
454	47.9285	29.3503
454	47.9285	29.367
454	47.9285	29.3837
454	47.9285	29.4003
453	47.9285	29.417
453	47.9285	29.4337
453	47.9285	29.4504
453	47.9285	29.467
453	47.9285	29.4837
453	47.9285	29.5004
453	47.9285	29.517
448	47.9285	29.5337
445	47.9285	29.5504
445	47.9285	29.567
445	47.9285	29.5837
445	47.9285	29.6004
445	47.9285	29.6171
445	47.9285	29.6337
445	47.9285	29.6504
445	47.9285	29.6671
444	47.9285	29.6837
437	47.8998	29.7004
432	47.8712	29.7171
432	47.8425	29.7337
432	47.8139	29.7504
432	47.7852	29.7671
432	47.7566	29.7838
432	47.7279	29.8004
432	47.6993	29.8171
431	47.6706	29.8338
428	47.642	29.8504
423	47.6133	29.8671
420	47.5847	29.8838
419	47.556	29.9005
419	47.5274	29.9171
419	47.4987	29.9338
419	47.4701	29.9505
419	47.4415	29.9671
419	47.4128	29.9838
419	47.3842	30.0005
419	47.3555	30.0171
419	47.3269	30.0338
416	47.2982	30.0505
411	47.2696	30.0672
411	47.2409	30.0838
411	47.2123	30.1005
411	47.1836	30.1172
411	47.155	30.1338
411	47.1263	30.1505
411	47.0977	30.1672
410	47.069	30.1838
410	47.0404	30.2005
410	47.0117	30.2172
410	46.9831	30.2339
410	46.9544	30.2505
410	46.9258	30.2672
406	46.8971	30.2839
405	46.8685	30.3005
405	46.8398	30.3172
405	46.8112	30.3339
405	46.7825	30.3505
405	46.7539	30.3672
405	46.7252	30.3839
405	46.6966	30.4006
405	46.6679	30.4172
405	46.6393	30.4339
405	46.6106	30.4506
403	46.582	30.4672
397	46.5533	30.4839
393	46.5247	30.5006
393	46.496	30.5173
393	46.4674	30.5339
393	46.4387	30.5506
393	46.4101	30.5673
393	46.3814	30.5839
393	46.3528	30.6006
393	46.3241	30.6173
393	46.2955	30.6339
393	46.2668	30.6506
393	46.2382	30.6673
393	46.2095	30.684
393	46.1809	30.7006
393	46.1522	30.7173
393	46.1236	30.734
393	46.0949	30.7506
393	46.0663	30.7673
393	46.0376	30.784
393	46.009	30.8006
393	45.9803	30.8173
393	45.9517	30.834
393	45.923	30.8507
393	45.8944	30.8673
393	45.8657	30.884
393	45.8371	30.9007
393	45.8084	30.9173
393	45.7798	30.934
393	45.7511	30.9507
392	45.7225	30.9673
387	45.6939	30.984
381	45.6652	31.0007
379	45.6366	31.0174
379	45.6079	31.034
379	45.5793	31.0507
379	45.5506	31.0674
379	45.522	31.084
379	45.4933	31.1007
379	45.4647	31.1174
379	45.436	31.134
379	45.4074	31.1507
379	45.3787	31.1674
379	45.3501	31.1841
379	45.3214	31.2007
379	45.2928	31.2174
379	45.2641	31.2341
379	45.2355	31.2507
379	45.2068	31.2674
379	45.1782	31.2841
379	45.1495	31.3008
379	45.1209	31.3174
379	45.0922	31.3341
379	45.0636	31.3508
379	45.0349	31.3674
379	45.0063	31.3841
379	44.9776	31.4008
379	44.949	31.4174
379	44.9203	31.4341
379	44.8917	31.4508
376	44.863	31.4675
369	44.8344	31.4841
366	44.8057	31.5008
366	44.7771	31.5175
366	44.7484	31.5341
366	44.7198	31.5508
366	44.6911	31.5675
366	44.6625	31.5841
366	44.6338	31.6008
366	44.6052	31.6175
366	44.5765	31.6342
366	44.5479	31.6508
366	44.5192	31.6675
365	44.4906	31.6842
365	44.4619	31.7008
365	44.4333	31.7175
365	44.4046	31.7342
365	44.376	31.7508
365	44.3473	31.7675
365	44.3187	31.7842
365	44.29	31.8009
365	44.2614	31.8175
365	44.2327	31.8342
365	44.2041	31.8509
365	44.1754	31.8675
365	44.1468	31.8842
365	44.1181	31.9009
365	44.0895	31.9175
365	44.0608	31.9342
365	44.0322	31.9509
365	44.0035	31.9676
365	43.9749	31.9842
365	43.9463	32.0009
365	43.9176	32.0176
365	43.889	32.0342
365	43.8603	32.0509
363	43.8317	32.0676
358	43.803	32.0843
357	43.7744	32.1009
357	43.7457	32.1176
357	43.7171	32.1343
357	43.6884	32.1509
357	43.6598	32.1676
357	43.6311	32.1843
357	43.6025	32.2009
357	43.5738	32.2176
357	43.5452	32.2343
357	43.5165	32.251
357	43.4879	32.2676
357	43.4592	32.2843
357	43.4306	32.301
357	43.4019	32.3176
357	43.3733	32.3343
357	43.3446	32.351
357	43.316	32.3676
357	43.2873	32.3843
357	43.2587	32.401
357	43.23	32.4177
357	43.2014	32.4343
357	43.1727	32.451
357	43.1441	32.4677
357	43.1154	32.4843
357	43.0868	32.501
357	43.0581	32.5177
357	43.0295	32.5343
357	43.0008	32.551
357	42.9722	32.5677
357	42.9435	32.5844
357	42.9149	32.601
357	42.8862	32.6177
357	42.8576	32.6344
357	42.8289	32.651
357	42.8003	32.6677
357	42.7716	32.6844
357	42.743	32.701
357	42.7143	32.7177
357	42.6857	32.7344
357	42.657	32.7511
357	42.6284	32.7677
357	42.5997	32.7844
357	42.5711	32.8011
357	42.5424	32.8177
357	42.5138	32.8344
357	42.4851	32.8511
357	42.4565	32.8678
357	42.4278	32.8844
357	42.3992	32.9011
357	42.3705	32.9178
357	42.3419	32.9344
357	42.3132	32.9511
357	42.2846	32.9678
357	42.2559	32.9844
357	42.2273	33.0011
357	42.1987	33.0178
357	42.17	33.0345
357	42.1413	33.0511
357	42.1127	33.0678
357	42.0841	33.0845
357	42.0554	33.1011
357	42.0268	33.1178
357	41.9981	33.1345
357	41.9695	33.1511
357	41.9408	33.1678
357	41.9122	33.1845
357	41.8835	33.2012
356	41.8549	33.2178
356	41.8262	33.2345
356	41.7976	33.2512
353	41.7689	33.2678
350	41.7403	33.2845
347	41.7116	33.3012
347	41.683	33.3178
347	41.6543	33.3345
347	41.6257	33.3512
347	41.597	33.3679
347	41.5684	33.3845
347	41.5397	33.4012
347	41.5111	33.4179
347	41.4824	33.4345
347	41.4538	33.4512
347	41.4251	33.4679
347	41.3965	33.4846
347	41.3678	33.5012
347	41.3392	33.5179
347	41.3105	33.5346
347	41.2819	33.5512
347	41.2532	33.5679
347	41.2246	33.5846
347	41.1959	33.6012
347	41.1673	33.6179
347	41.1386	33.6346
347	41.11	33.6513
347	41.0813	33.6679
347	41.0527	33.6846
347	41.024	33.7013
347	40.9954	33.7179
347	40.9667	33.7346
347	40.9381	33.7513
347	40.9094	33.7679
347	40.8808	33.7846
347	40.8521	33.8013
347	40.8235	33.818
347	40.7948	33.8346
347	40.7662	33.8513
347	40.7375	33.868
347	40.7089	33.8846
347	40.6802	33.9013
347	40.6516	33.918
347	40.6229	33.9346
347	40.5943	33.9513
347	40.5656	33.968
347	40.537	33.9847
347	40.5083	34.0013
347	40.4797	34.018
347	40.451	34.0347
347	40.4224	34.0513
347	40.3937	34.068
347	40.3651	34.0847
347	40.3365	34.1013
347	40.3078	34.118
347	40.2792	34.1347
347	40.2505	34.1514
347	40.2219	34.168
347	40.1932	34.1847
347	40.1646	34.2014
347	40.1359	34.218
347	40.1073	34.2347
347	40.0786	34.2514
347	40.05	34.2681
347	40.0213	34.2847
347	39.9927	34.3014
347	39.964	34.3181
347	39.9354	34.3347
347	39.9067	34.3514
347	39.8781	34.3681
347	39.8494	34.3847
347	39.8208	34.4014
347	39.7921	34.4181
347	39.7635	34.4348
347	39.7348	34.4514
347	39.7062	34.4681
347	39.6775	34.4848
347	39.6489	34.5014
347	39.6202	34.5181
347	39.5916	34.5348
347	39.5629	34.5514
347	39.5343	34.5681
347	39.5056	34.5848
347	39.477	34.6015
347	39.4483	34.6181
347	39.4197	34.6348
347	39.391	34.6515
347	39.3624	34.6681
347	39.3337	34.6848
347	39.3051	34.7015
347	39.2764	34.7181
347	39.2478	34.7348
347	39.2191	34.7515
347	39.1905	34.7682
347	39.1618	34.7848
347	39.1332	34.8015
347	39.1045	34.8182
347	39.0759	34.8348
347	39.0472	34.8515
347	39.0186	34.8682
347	38.9899	34.8848
347	38.9613	34.9015
347	38.9326	34.9182
347	38.904	34.9349
347	38.8753	34.9515
347	38.8467	34.9682
347	38.818	34.9849
347	38.7894	35.0015
347	38.7607	35.0182
347	38.7321	35.0349
347	38.7034	35.0516
347	38.6748	35.0682
347	38.6461	35.0849
347	38.6175	35.1016
347	38.5889	35.1182
347	38.5602	35.1349
347	38.5316	35.1516
347	38.5029	35.1682
347	38.4743	35.1849
347	38.4456	35.2016
347	38.417	35.2183
347	38.3883	35.2349
347	38.3597	35.2516
347	38.331	35.2683
347	38.3024	35.2849
347	38.2737	35.3016
347	38.2451	35.3183
347	38.2164	35.3349
347	38.1878	35.3516
347	38.1591	35.3683
347	38.1305	35.385
347	38.1018	35.4016
347	38.0732	35.4183
347	38.0445	35.435
347	38.0159	35.4516
347	37.9872	35.4683
347	37.9586	35.485
347	37.9299	35.5016
347	37.9013	35.5183
347	37.8726	35.535
347	37.844	35.5517
347	37.8153	35.5683
347	37.7867	35.585
347	37.758	35.6017
347	37.7294	35.6183
347	37.7007	35.635
347	37.6721	35.6517
347	37.6434	35.6684
347	37.6148	35.685
347	37.5861	35.7017
347	37.5575	35.7184
347	37.5288	35.735
347	37.5002	35.7517
347	37.4715	35.7684
347	37.4429	35.785
347	37.4142	35.8017
347	37.3856	35.8184
347	37.3569	35.8351
347	37.3283	35.8517
347	37.2996	35.8684
347	37.271	35.8851
347	37.2423	35.9017
347	37.2137	35.9184
347	37.185	35.9351
347	37.1564	35.9517
347	37.1277	35.9684
347	37.0991	35.9851
347	37.0704	36.0018
347	37.0418	36.0184
347	37.0131	36.0351
347	36.9845	36.0518
347	36.9558	36.0684
347	36.9272	36.0851
347	36.8985	36.1018
347	36.8699	36.1184
347	36.8413	36.1351
347	36.8126	36.1518
347	36.784	36.1685
347	36.7553	36.1851
347	36.7267	36.2018
347	36.698	36.2185
347	36.6694	36.2351
347	36.6407	36.2518
347	36.6121	36.2685
347	36.5834	36.2851
347	36.5548	36.3018
347	36.5261	36.3185
347	36.4975	36.3352
347	36.4688	36.3518
347	36.4402	36.3685
347	36.4115	36.3852
347	36.3829	36.4018
347	36.3542	36.4185
347	36.3256	36.4352
347	36.2969	36.4519
347	36.2683	36.4685
347	36.2396	36.4852
347	36.211	36.5019
347	36.1823	36.5185
347	36.1537	36.5352
347	36.125	36.5519
347	36.0964	36.5685
347	36.0677	36.5852
347	36.0391	36.6019
347	36.0104	36.6186
347	35.9818	36.6352
347	35.9531	36.6519
347	35.9245	36.6686
347	35.8958	36.6852
347	35.8672	36.7019
347	35.8385	36.7186
347	35.8099	36.7352
347	35.7812	36.7519
347	35.7526	36.7686
347	35.7239	36.7853
347	35.6953	36.8019
347	35.6666	36.8186
347	35.638	36.8353
347	35.6093	36.8519
347	35.5807	36.8686
347	35.552	36.8853
347	35.5234	36.9019
347	35.4947	36.9186
347	35.4661	36.9353
347	35.4374	36.952
347	35.4088	36.9686
347	35.3801	36.9853
347	35.3515	37.002
347	35.3228	37.0186
347	35.2942	37.0353
347	35.2655	37.052
347	35.2369	37.0686
347	35.2082	37.0853
347	35.1796	37.102
347	35.151	37.1187
347	35.1223	37.1353
347	35.0937	37.152
347	35.065	37.1687
347	35.0364	37.1853
347	35.0077	37.202
347	34.9791	37.2187
347	34.9504	37.2354
347	34.9218	37.252
347	34.8931	37.2687
347	34.8645	37.2854
347	34.8358	37.302
347	34.8072	37.3187
347	34.7785	37.3354
347	34.7499	37.352
347	34.7212	37.3687
347	34.6926	37.3854
347	34.6639	37.4021
347	34.6353	37.4187
347	34.6066	37.4354
347	34.578	37.4521
347	34.5493	37.4687
347	34.5207	37.4854
347	34.492	37.5021
347	34.4634	37.5187
347	34.4347	37.5354
347	34.4061	37.5521
347	34.3774	37.5688
347	34.3488	37.5854
347	34.3201	37.6021
347	34.2915	37.6188
347	34.2628	37.6354
347	34.2342	37.6521
347	34.2055	37.6688
347	34.1769	37.6854
347	34.1482	37.7021
347	34.1196	37.7188
347	34.0909	37.7355
347	34.0623	37.7521
347	34.0336	37.7688
347	34.005	37.7855
347	33.9763	37.8021
347	33.9477	37.8188
347	33.919	37.8355
347	33.8904	37.8521
347	33.8617	37.8688
347	33.8331	37.8855
347	33.8044	37.9022
347	33.7758	37.9188
347	33.7471	37.9355
347	33.7185	37.9522
347	33.6898	37.9688
347	33.6612	37.9855
347	33.6325	38.0022
347	33.6039	38.0189
347	33.5752	38.0355
347	33.5466	38.0522
347	33.5179	38.0689
347	33.4893	38.0855
347	33.4606	38.1022
347	33.432	38.1189
347	33.4034	38.1355
347	33.3747	38.1522
347	33.3461	38.1689
347	33.3174	38.1856
347	33.2888	38.2022
347	33.2601	38.2189
347	33.2315	38.2356
347	33.2028	38.2522
347	33.1742	38.2689
347	33.1455	38.2856
347	33.1169	38.3022
347	33.0882	38.3189
347	33.0596	38.3356
347	33.0309	38.3523
347	33.0023	38.3689
347	32.9736	38.3856
347	32.945	38.4023
347	32.9163	38.4189
347	32.8877	38.4356
347	32.859	38.4523
347	32.8304	38.4689
347	32.8017	38.4856
347	32.7731	38.5023
347	32.7444	38.519
347	32.7158	38.5356
347	32.6871	38.5523
347	32.6585	38.569
347	32.6298	38.5856
347	32.6012	38.6023
347	32.5725	38.619
347	32.5439	38.6357
347	32.5152	38.6523
347	32.4866	38.669
347	32.4579	38.6857
347	32.4293	38.7023
347	32.4006	38.719
347	32.372	38.7357
347	32.3433	38.7523
347	32.3147	38.769
347	32.286	38.7857
347	32.2574	38.8024
347	32.2287	38.819
347	32.2001	38.8357
347	32.1714	38.8524
347	32.1428	38.869
347	32.1141	38.8857
347	32.0855	38.9024
347	32.0568	38.919
347	32.0282	38.9357
347	31.9995	38.9524
347	31.9709	38.9691
347	31.9422	38.9857
347	31.9136	39.0024
347	31.8849	39.0191
347	31.8563	39.0357
347	31.8276	39.0524
347	31.799	39.0691
347	31.7703	39.0857
347	31.7417	39.1024
347	31.713	39.1191
347	31.6844	39.1358
347	31.6557	39.1524
347	31.6271	39.1691
347	31.5984	39.1858
347	31.5698	39.2024
347	31.5412	39.2191
347	31.5125	39.2358
347	31.4839	39.2524
347	31.4552	39.2691
347	31.4266	39.2858
347	31.3979	39.3025
347	31.3693	39.3191
347	31.3406	39.3358
347	31.312	39.3525
347	31.2833	39.3691
347	31.2547	39.3858
347	31.226	39.4025
347	31.1974	39.4192
347	31.1687	39.4358
347	31.1401	39.4525
347	31.1114	39.4692
347	31.0828	39.4858
347	31.0541	39.5025
346	31.0255	39.5192
346	30.9968	39.5358
346	30.9682	39.5525
346	30.9395	39.5692
346	30.9109	39.5859
346	30.8822	39.6025
346	30.8536	39.6192
346	30.8249	39.6359
346	30.7963	39.6525
346	30.7676	39.6692
346	30.739	39.6859
346	30.7103	39.7025
346	30.6817	39.7192
346	30.653	39.7359
346	30.6244	39.7526
346	30.5957	39.7692
346	30.5671	39.7859
346	30.5384	39.8026
346	30.5098	39.8192
346	30.4811	39.8359
346	30.4525	39.8526
346	30.4238	39.8692
346	30.3952	39.8859
346	30.3665	39.9026
346	30.3379	39.9193
346	30.3092	39.9359
346	30.2806	39.9526
346	30.2519	39.9693
346	30.2233	39.9859
346	30.1946	40.0026
346	30.166	40.0193
346	30.1373	40.0359
346	30.1087	40.0526
346	30.08	40.0693
346	30.0514	40.086
346	30.0227	40.1026
346	29.9941	40.1193
346	29.9654	40.136
346	29.9368	40.1526
346	29.9081	40.1693
346	29.8795	40.186
346	29.8508	40.2027
346	29.8222	40.2193
346	29.7936	40.236
346	29.7649	40.2527
346	29.7363	40.2693
346	29.7076	40.286
346	29.679	40.3027
346	29.6503	40.3193
346	29.6217	40.336
346	29.593	40.3527
346	29.5644	40.3694
346	29.5357	40.386
346	29.5071	40.4027
346	29.4784	40.4194
346	29.4498	40.436
346	29.4211	40.4527
346	29.3925	40.4694
346	29.3638	40.486
346	29.3352	40.5027
346	29.3065	40.5194
346	29.2779	40.5361
346	29.2492	40.5527
346	29.2206	40.5694
346	29.1919	40.5861
346	29.1633	40.6027
346	29.1346	40.6194
346	29.106	40.6361
346	29.0773	40.6527
346	29.0487	40.6694
346	29.02	40.6861
346	28.9914	40.7028
346	28.9627	40.7194
346	28.9341	40.7361
346	28.9054	40.7528
346	28.8768	40.7694
346	28.8481	40.7861
346	28.8195	40.8028
346	28.7908	40.8195
346	28.7622	40.8361
346	28.7335	40.8528
346	28.7049	40.8695
346	28.6762	40.8861
346	28.6476	40.9028
346	28.6189	40.9195
346	28.5903	40.9361
346	28.5616	40.9528
346	28.533	40.9695
346	28.5043	40.9862
346	28.4757	41.0028
346	28.4471	41.0195
346	28.4184	41.0362
346	28.3898	41.0528
346	28.3611	41.0695
346	28.3325	41.0862
346	28.3038	41.1028
346	28.2752	41.1195
346	28.2465	41.1362
346	28.2179	41.1529
346	28.1892	41.1695
346	28.1606	41.1862
346	28.1319	41.2029
346	28.1033	41.2195
346	28.0746	41.2362
346	28.046	41.2529
346	28.0173	41.2695
346	27.9887	41.2862
346	27.96	41.3029
346	27.9314	41.3196
346	27.9028	41.3362
346	27.8741	41.3529
346	27.8455	41.3696
346	27.8168	41.3862
346	27.7882	41.4029
346	27.7595	41.4196
346	27.7309	41.4362
346	27.7022	41.4529
346	27.6736	41.4696
346	27.6449	41.4863
346	27.6163	41.5029
346	27.5876	41.5196
346	27.559	41.5363
346	27.5303	41.5529
346	27.5017	41.5696
346	27.473	41.5863
346	27.4444	41.603
346	27.4157	41.6196
346	27.3871	41.6363
346	27.3584	41.653
346	27.3298	41.6696
346	27.3012	41.6863
346	27.2725	41.703
346	27.2439	41.7196
346	27.2152	41.7363
346	27.1866	41.753
346	27.1579	41.7697
346	27.1293	41.7863
346	27.1006	41.803
346	27.072	41.8197
346	27.0433	41.8363
346	27.0147	41.853
346	26.986	41.8697
346	26.9574	41.8863
346	26.9287	41.903
346	26.9001	41.9197
346	26.8714	41.9364
346	26.8428	41.953
346	26.8141	41.9697
346	26.7855	41.9864
346	26.7569	42.003
346	26.7282	42.0197
346	26.6996	42.0364
346	26.6709	42.053
346	26.6423	42.0697
346	26.6136	42.0864
346	26.585	42.1031
346	26.5563	42.1197
346	26.5277	42.1364
346	26.499	42.1531
346	26.4704	42.1697
346	26.4417	42.1864
346	26.4131	42.2031
346	26.3844	42.2197
346	26.3558	42.2364
346	26.3271	42.2531
346	26.2985	42.2698
346	26.2698	42.2864
346	26.2412	42.3031
346	26.2125	42.3198
346	26.1839	42.3364
346	26.1553	42.3531
346	26.1266	42.3698
346	26.098	42.3865
346	26.0693	42.4031
346	26.0407	42.4198
346	26.012	42.4365
346	25.9834	42.4531
346	25.9547	42.4698
346	25.9261	42.4865
346	25.8974	42.5031
346	25.8688	42.5198
346	25.8401	42.5365
346	25.8115	42.5532
346	25.7828	42.5698
346	25.7542	42.5865
346	25.7255	42.6032
346	25.6969	42.6198
346	25.6682	42.6365
346	25.6396	42.6532
346	25.611	42.6698
346	25.5823	42.6865
346	25.5537	42.7032
346	25.525	42.7199
346	25.4964	42.7365
346	25.4677	42.7532
346	25.4391	42.7699
346	25.4104	42.7865
346	25.3818	42.8032
346	25.3531	42.8199
346	25.3245	42.8365
346	25.2958	42.8532
346	25.2672	42.8699
346	25.2385	42.8866
346	25.2099	42.9032
346	25.1812	42.9199
346	25.1526	42.9366
346	25.1239	42.9532
346	25.0953	42.9699
346	25.0667	42.9866
346	25.038	43.0033
346	25.0094	43.0199
346	24.9807	43.0366
346	24.9521	43.0533
346	24.9234	43.0699
346	24.8948	43.0866
346	24.8661	43.1033
346	24.8375	43.1199
346	24.8088	43.1366
346	24.7802	43.1533
346	24.7515	43.17
346	24.7229	43.1866
346	24.6942	43.2033
346	24.6656	43.22
346	24.6369	43.2366
346	24.6083	43.2533
346	24.5796	43.27
346	24.551	43.2866
346	24.5223	43.3033
346	24.4937	43.32
346	24.4651	43.3367
346	24.4364	43.3533
346	24.4078	43.37
346	24.3791	43.3867
346	24.3505	43.4033
346	24.3218	43.42
346	24.2932	43.4367
346	24.2645	43.4533
346	24.2359	43.47
346	24.2072	43.4867
346	24.1786	43.5034
346	24.1499	43.52
346	24.1213	43.5367
346	24.0926	43.5534
346	24.064	43.57
346	24.0353	43.5867
346	24.0067	43.6034
346	23.978	43.62
346	23.9494	43.6367
346	23.9208	43.6534
346	23.8921	43.6701
346	23.8635	43.6867
346	23.8348	43.7034
346	23.8062	43.7201
346	23.7775	43.7367
346	23.7489	43.7534
346	23.7202	43.7701
346	23.6916	43.7868
346	23.6629	43.8034
346	23.6343	43.8201
346	23.6056	43.8368
346	23.577	43.8534
346	23.5483	43.8701
346	23.5197	43.8868
346	23.491	43.9034
346	23.4624	43.9201
346	23.4337	43.9368
346	23.4051	43.9535
346	23.3764	43.9701
346	23.3478	43.9868
346	23.3192	44.0035
346	23.2905	44.0201
346	23.2619	44.0368
346	23.2332	44.0535
346	23.2046	44.0701
346	23.1759	44.0868
346	23.1473	44.1035
346	23.1186	44.1202
346	23.09	44.1368
346	23.0613	44.1535
346	23.0327	44.1702
346	23.004	44.1868
346	22.9754	44.2035
346	22.9467	44.2202
346	22.9181	44.2368
346	22.8894	44.2535
346	22.8608	44.2702
346	22.8321	44.2869
346	22.8035	44.3035
346	22.7749	44.3202
346	22.7462	44.3369
346	22.7176	44.3535
346	22.6889	44.3702
346	22.6603	44.3869
346	22.6316	44.4035
346	22.603	44.4202
346	22.5743	44.4369
346	22.5457	44.4536
346	22.517	44.4702
346	22.4884	44.4869
346	22.4597	44.5036
346	22.4311	44.5202
346	22.4024	44.5369
346	22.3738	44.5536
346	22.3451	44.5703
346	22.3165	44.5869
346	22.2878	44.6036
346	22.2592	44.6203
346	22.2305	44.6369
346	22.2019	44.6536
346	22.1733	44.6703
346	22.1446	44.6869
346	22.116	44.7036
346	22.0873	44.7203
346	22.0587	44.737
346	22.03	44.7536
346	22.0014	44.7703
346	21.9727	44.787
346	21.9441	44.8036
346	21.9154	44.8203
346	21.8868	44.837
346	21.8581	44.8536
346	21.8295	44.8703
346	21.8008	44.887
346	21.7722	44.9037
346	21.7435	44.9203
346	21.7149	44.937
346	21.6862	44.9537
346	21.6576	44.9703
346	21.629	44.987
346	21.6003	45.0037
346	21.5717	45.0203
346	21.543	45.037
346	21.5144	45.0537
346	21.4857	45.0704
346	21.4571	45.087
346	21.4284	45.1037
346	21.3998	45.1204
346	21.3711	45.137
346	21.3425	45.1537
346	21.3138	45.1704
346	21.2852	45.187
346	21.2565	45.2037
346	21.2279	45.2204
346	21.1992	45.2371
346	21.1706	45.2537
346	21.1419	45.2704
346	21.1133	45.2871
346	21.0847	45.3037
346	21.056	45.3204
346	21.0274	45.3371
346	20.9987	45.3538
346	20.9701	45.3704
346	20.9414	45.3871
346	20.9128	45.4038
346	20.8841	45.4204
346	20.8555	45.4371
346	20.8268	45.4538
346	20.7982	45.4704
346	20.7695	45.4871
346	20.7409	45.5038
346	20.7122	45.5205
346	20.6836	45.5371
346	20.6549	45.5538
346	20.6263	45.5705
346	20.5976	45.5871
346	20.569	45.6038
346	20.5403	45.6205
346	20.5117	45.6371
346	20.4831	45.6538
346	20.4544	45.6705
346	20.4258	45.6872
346	20.3971	45.7038
346	20.3685	45.7205
346	20.3398	45.7372
346	20.3112	45.7538
346	20.2825	45.7705
346	20.2539	45.7872
346	20.2252	45.8038
346	20.1966	45.8205
346	20.1679	45.8372
346	20.1393	45.8539
346	20.1106	45.8705
346	20.082	45.8872
346	20.0533	45.9039
346	20.0247	45.9205
346	19.996	45.9372
346	19.9674	45.9539
346	19.9388	45.9706
346	19.9101	45.9872
346	19.8815	46.0039
346	19.8528	46.0206
346	19.8242	46.0372
346	19.7955	46.0539
346	19.7669	46.0706
346	19.7382	46.0872
346	19.7096	46.1039
346	19.6809	46.1206
346	19.6523	46.1373
346	19.6236	46.1539
346	19.595	46.1706
346	19.5663	46.1873
346	19.5377	46.2039
346	19.509	46.2206
346	19.4804	46.2373
346	19.4517	46.2539
346	19.4231	46.2706
346	19.3944	46.2873
346	19.3658	46.304
346	19.3372	46.3206
346	19.3085	46.3373
346	19.2799	46.354
346	19.2512	46.3706
346	19.2226	46.3873
346	19.1939	46.404
346	19.1653	46.4206
346	19.1366	46.4373
346	19.108	46.454
346	19.0793	46.4707
346	19.0507	46.4873
346	19.022	46.504
346	18.9934	46.5207
346	18.9647	46.5373
346	18.9361	46.554
346	18.9074	46.5707
346	18.8788	46.5873
346	18.8501	46.604
346	18.8215	46.6207
346	18.7929	46.6374
346	18.7642	46.654
346	18.7356	46.6707
346	18.7069	46.6874
346	18.6783	46.704
346	18.6496	46.7207
346	18.621	46.7374
346	18.5923	46.7541
346	18.5637	46.7707
346	18.535	46.7874
346	18.5064	46.8041
346	18.4777	46.8207
346	18.4491	46.8374
346	18.4204	46.8541
346	18.3918	46.8707
346	18.3631	46.8874
346	18.3345	46.9041
346	18.3058	46.9208
346	18.2772	46.9374
346	18.2486	46.9541
346	18.2199	46.9708
346	18.1913	46.9874
346	18.1626	47.0041
346	18.134	47.0208
346	18.1053	47.0374
346	18.0767	47.0541
346	18.048	47.0708
346	18.0194	47.0875
346	17.9907	47.1041
346	17.9621	47.1208
346	17.9334	47.1375
346	17.9048	47.1541
346	17.8761	47.1708
346	17.8475	47.1875
346	17.8188	47.2041
346	17.7902	47.2208
346	17.7615	47.2375
346	17.7329	47.2542
346	17.7042	47.2708
346	17.6756	47.2875
346	17.647	47.3042
346	17.6183	47.3208
346	17.5897	47.3375
346	17.561	47.3542
346	17.5324	47.3708
346	17.5037	47.3875
346	17.4751	47.4042
346	17.4464	47.4209
346	17.4178	47.4375
346	17.3891	47.4542
346	17.3605	47.4709
346	17.3318	47.4875
346	17.3032	47.5042
346	17.2745	47.5209
346	17.2459	47.5376
346	17.2172	47.5542
346	17.1886	47.5709
346	17.1599	47.5876
346	17.1313	47.6042
346	17.1026	47.6209
346	17.074	47.6376
346	17.0454	47.6542
346	17.0167	47.6709
346	16.9881	47.6876
346	16.9594	47.7043
346	16.9308	47.7209
346	16.9021	47.7376
346	16.8735	47.7543
346	16.8448	47.7709
346	16.8162	47.7876
346	16.7875	47.8043
346	16.7589	47.8209
346	16.7302	47.8376
346	16.7016	47.8543
346	16.6729	47.871
346	16.6443	47.8876
346	16.6156	47.9043
346	16.587	47.921
346	16.5583	47.9376
346	16.5297	47.9543
346	16.5011	47.971
346	16.4724	47.9876
346	16.4438	48.0043
346	16.4151	48.021
346	16.3865	48.0377
346	16.3578	48.0543
346	16.3292	48.071
346	16.3005	48.0877
346	16.2719	48.1043
346	16.2432	48.121
346	16.2146	48.1377
346	16.1859	48.1544
346	16.1573	48.171
346	16.1286	48.1877
346	16.1	48.2044
346	16.0713	48.221
346	16.0427	48.2377
346	16.014	48.2544
346	15.9854	48.271
346	15.9568	48.2877
346	15.9281	48.3044
346	15.8995	48.3211
346	15.8708	48.3377
346	15.8422	48.3544
346	15.8135	48.3711
346	15.7849	48.3877
346	15.7562	48.4044
346	15.7276	48.4211
346	15.6989	48.4377
346	15.6703	48.4544
346	15.6416	48.4711
346	15.613	48.4878
346	15.5843	48.5044
346	15.5557	48.5211
346	15.527	48.5378
346	15.4984	48.5544
346	15.4697	48.5711
346	15.4411	48.5878
346	15.4124	48.6044
346	15.3838	48.6211
346	15.3552	48.6378
346	15.3265	48.6545
346	15.2979	48.6711
346	15.2692	48.6878
346	15.2406	48.7045
346	15.2119	48.7211
346	15.1833	48.7378
346	15.1546	48.7545
346	15.126	48.7711
346	15.0973	48.7878
346	15.0687	48.8045
346	15.04	48.8212
346	15.0114	48.8378
346	14.9827	48.8545
346	14.9541	48.8712
346	14.9254	48.8878
346	14.8968	48.9045
346	14.8681	48.9212
346	14.8395	48.9379
346	14.8109	48.9545
346	14.7822	48.9712
346	14.7536	48.9879
346	14.7249	49.0045
346	14.6963	49.0212
346	14.6676	49.0379
346	14.639	49.0545
346	14.6103	49.0712
346	14.5817	49.0879
346	14.553	49.1046
346	14.5244	49.1212
346	14.4957	49.1379
346	14.4671	49.1546
346	14.4384	49.1712
346	14.4098	49.1879
346	14.3811	49.2046
346	14.3525	49.2212
346	14.3238	49.2379
346	14.2952	49.2546
346	14.2666	49.2713
346	14.2379	49.2879
346	14.2093	49.3046
346	14.1806	49.3213
346	14.152	49.3379
346	14.1233	49.3546
346	14.0947	49.3713
346	14.066	49.3879
346	14.0374	49.4046
346	14.0087	49.4213
346	13.9801	49.438
346	13.9514	49.4546
346	13.9228	49.4713
346	13.8941	49.488
346	13.8655	49.5046
346	13.8368	49.5213
346	13.8082	49.538
346	13.7795	49.5546
346	13.7509	49.5713
346	13.7222	49.588
346	13.6936	49.6047
346	13.665	49.6213
346	13.6363	49.638
346	13.6077	49.6547
346	13.579	49.6713
346	13.5504	49.688
346	13.5217	49.7047
346	13.4931	49.7214
346	13.4644	49.738
346	13.4358	49.7547
346	13.4071	49.7714
346	13.3785	49.788
346	13.3498	49.8047
346	13.3212	49.8214
346	13.2925	49.838
346	13.2639	49.8547
346	13.2352	49.8714
346	13.2066	49.8881
346	13.1779	49.9047
346	13.1493	49.9214
346	13.1207	49.9381
346	13.092	49.9547
346	13.0634	49.9714
346	13.0347	49.9881
346	13.0061	50.0047
346	12.9774	50.0214
346	12.9488	50.0381
346	12.9201	50.0548
346	12.8915	50.0714
346	12.8628	50.0881
346	12.8342	50.1048
346	12.8055	50.1214
346	12.7769	50.1381
346	12.7482	50.1548
346	12.7196	50.1714
346	12.6909	50.1881
346	12.6623	50.2048
346	12.6336	50.2215
346	12.605	50.2381
346	12.5763	50.2548
346	12.5477	50.2715
346	12.5191	50.2881
346	12.4904	50.3048
346	12.4618	50.3215
346	12.4331	50.3382
346	12.4045	50.3548
346	12.3758	50.3715
346	12.3472	50.3882
346	12.3185	50.4048
346	12.2899	50.4215
346	12.2612	50.4382
346	12.2326	50.4548
346	12.2039	50.4715
346	12.1753	50.4882
346	12.1466	50.5049
346	12.118	50.5215
346	12.0893	50.5382
346	12.0607	50.5549
346	12.032	50.5715
346	12.0034	50.5882
346	11.9748	50.6049
346	11.9461	50.6215
346	11.9175	50.6382
346	11.8888	50.6549
346	11.8602	50.6716
346	11.8315	50.6882
346	11.8029	50.7049
346	11.7742	50.7216
346	11.7456	50.7382
346	11.7169	50.7549
346	11.6883	50.7716
346	11.6596	50.7882
346	11.631	50.8049
346	11.6023	50.8216
346	11.5737	50.8383
346	11.545	50.8549
346	11.5164	50.8716
346	11.4877	50.8883
346	11.4591	50.9049
346	11.4304	50.9216
346	11.4018	50.9383
346	11.3732	50.9549
346	11.3445	50.9716
346	11.3159	50.9883
346	11.2872	51.005
346	11.2586	51.0216
346	11.2299	51.0383
346	11.2013	51.055
346	11.1726	51.0716
346	11.144	51.0883
346	11.1153	51.105
346	11.0867	51.1217
346	11.058	51.1383
346	11.0294	51.155
346	11.0007	51.1717
346	10.9721	51.1883
346	10.9434	51.205
346	10.9148	51.2217
346	10.8861	51.2383
346	10.8575	51.255
346	10.8289	51.2717
346	10.8002	51.2884
346	10.7716	51.305
346	10.7429	51.3217
346	10.7143	51.3384
346	10.6856	51.355
346	10.657	51.3717
346	10.6283	51.3884
346	10.5997	51.405
346	10.571	51.4217
346	10.5424	51.4384
346	10.5137	51.4551
346	10.4851	51.4717
346	10.4564	51.4884
346	10.4278	51.5051
346	10.3991	51.5217
346	10.3705	51.5384
346	10.3418	51.5551
346	10.3132	51.5717
346	10.2845	51.5884
346	10.2559	51.6051
346	10.2273	51.6218
346	10.1986	51.6384
346	10.17	51.6551
346	10.1413	51.6718
346	10.1127	51.6884
346	10.084	51.7051
346	10.0554	51.7218
346	10.0267	51.7384
346	9.99808	51.7551
346	9.96943	51.7718
346	9.94078	51.7885
346	9.91213	51.8051
346	9.88348	51.8218
346	9.85484	51.8385
346	9.82619	51.8551
346	9.79754	51.8718
346	9.7689	51.8885
346	9.74025	51.9052
346	9.7116	51.9218
346	9.68295	51.9385
346	9.65431	51.9552
346	9.62566	51.9718
346	9.59701	51.9885
346	9.56836	52.0052
346	9.53972	52.0218
346	9.51107	52.0385
346	9.48242	52.0552
346	9.45377	52.0719
346	9.42513	52.0885
346	9.39648	52.1052
346	9.36783	52.1219
346	9.33918	52.1385
346	9.31054	52.1552
346	9.28189	52.1719
346	9.25324	52.1885
346	9.22459	52.2052
346	9.19595	52.2219
346	9.1673	52.2386
346	9.13865	52.2552
346	9.11	52.2719
346	9.08136	52.2886
346	9.05271	52.3052
346	9.02406	52.3219
346	8.99541	52.3386
346	8.96677	52.3552
346	8.93812	52.3719
346	8.90947	52.3886
346	8.88082	52.4053
346	8.85218	52.4219
346	8.82353	52.4386
346	8.79488	52.4553
346	8.76623	52.4719
346	8.73759	52.4886
346	8.70894	52.5053
346	8.68029	52.5219
346	8.65164	52.5386
346	8.623	52.5553
346	8.59435	52.572
346	8.5657	52.5886
346	8.53705	52.6053
346	8.50841	52.622
346	8.47976	52.6386
346	8.45111	52.6553
346	8.42246	52.672
346	8.39382	52.6887
346	8.36517	52.7053
346	8.33652	52.722
346	8.30787	52.7387
346	8.27923	52.7553
346	8.25058	52.772
346	8.22193	52.7887
346	8.19328	52.8053
346	8.16464	52.822
346	8.13599	52.8387
346	8.10734	52.8554
346	8.07869	52.872
346	8.05005	52.8887
346	8.0214	52.9054
346	7.99275	52.922
346	7.9641	52.9387
346	7.93546	52.9554
346	7.90681	52.972
346	7.87816	52.9887
346	7.84951	53.0054
346	7.82087	53.0221
346	7.79222	53.0387
346	7.76357	53.0554
346	7.73492	53.0721
346	7.70628	53.0887
346	7.67763	53.1054
346	7.64898	53.1221
346	7.62033	53.1387
346	7.59169	53.1554
346	7.56304	53.1721
346	7.53439	53.1888
346	7.50574	53.2054
346	7.4771	53.2221
346	7.44845	53.2388
346	7.4198	53.2554
346	7.39115	53.2721
346	7.36251	53.2888
346	7.33386	53.3055
346	7.30521	53.3221
346	7.27656	53.3388
346	7.24792	53.3555
346	7.21927	53.3721
346	7.19062	53.3888
346	7.16197	53.4055
346	7.13333	53.4221
346	7.10468	53.4388
346	7.07603	53.4555
346	7.04738	53.4722
346	7.01873	53.4888
346	6.99009	53.5055
346	6.96144	53.5222
346	6.93279	53.5388
346	6.90414	53.5555
346	6.8755	53.5722
346	6.84685	53.5888
346	6.8182	53.6055
346	6.78955	53.6222
346	6.7609	53.6389
346	6.73226	53.6555
346	6.70361	53.6722
346	6.67496	53.6889
346	6.64631	53.7055
346	6.61766	53.7222
346	6.58902	53.7389
346	6.56037	53.7555
346	6.53172	53.7722
346	6.50307	53.7889
346	6.47442	53.8056
346	6.44578	53.8222
346	6.41713	53.8389
346	6.38848	53.8556
346	6.35983	53.8722
346	6.33119	53.8889
346	6.30254	53.9056
346	6.27389	53.9222
346	6.24524	53.9389
346	6.21659	53.9556
346	6.18795	53.9723
346	6.1593	53.9889
346	6.13065	54.0056
346	6.102	54.0223
346	6.07335	54.0389
346	6.04471	54.0556
346	6.01606	54.0723
346	5.98741	54.089
346	5.95876	54.1056
346	5.93011	54.1223
346	5.90147	54.139
346	5.87282	54.1556
346	5.84417	54.1723
346	5.81552	54.189
346	5.78687	54.2056
346	5.75823	54.2223
346	5.72958	54.239
346	5.70093	54.2557
346	5.67228	54.2723
346	5.64364	54.289
346	5.61499	54.3057
346	5.58634	54.3223
346	5.55769	54.339
346	5.52904	54.3557
346	5.5004	54.3723
346	5.47175	54.389
346	5.4431	54.4057
346	5.41445	54.4224
346	5.3858	54.439
346	5.35716	54.4557
346	5.32851	54.4724
346	5.29986	54.489
346	5.27121	54.5057
346	5.24256	54.5224
346	5.21392	54.539
346	5.18527	54.5557
346	5.15662	54.5724
346	5.12797	54.5891
346	5.09933	54.6057
346	5.07068	54.6224
346	5.04203	54.6391
346	5.01338	54.6557
346	4.98473	54.6724
346	4.95609	54.6891
346	4.92744	54.7057
346	4.89879	54.7224
346	4.87014	54.7391
346	4.84149	54.7558
346	4.81285	54.7724
346	4.7842	54.7891
346	4.75555	54.8058
346	4.7269	54.8224
346	4.69825	54.8391
346	4.66961	54.8558
346	4.64096	54.8725
346	4.61231	54.8891
346	4.58366	54.9058
346	4.55501	54.9225
346	4.52637	54.9391
346	4.49772	54.9558
346	4.46907	54.9725
346	4.44042	54.9891
346	4.41178	55.0058
346	4.38313	55.0225
346	4.35448	55.0392
346	4.32583	55.0558
346	4.29718	55.0725
346	4.26854	55.0892
346	4.23989	55.1058
346	4.21124	55.1225
346	4.18259	55.1392
346	4.15394	55.1558
346	4.1253	55.1725
346	4.09665	55.1892
346	4.068	55.2059
346	4.03935	55.2225
346	4.0107	55.2392
346	3.98206	55.2559
346	3.95341	55.2725
346	3.92476	55.2892
346	3.89611	55.3059
346	3.86747	55.3225
346	3.83882	55.3392
346	3.81017	55.3559
346	3.78152	55.3726
346	3.75287	55.3892
346	3.72423	55.4059
346	3.69558	55.4226
346	3.66693	55.4392
346	3.63828	55.4559
346	3.60963	55.4726
346	3.58099	55.4893
346	3.55234	55.5059
346	3.52369	55.5226
346	3.49504	55.5393
346	3.46639	55.5559
346	3.43775	55.5726
346	3.4091	55.5893
346	3.38045	55.6059
346	3.3518	55.6226
346	3.32315	55.6393
346	3.29451	55.656
346	3.26586	55.6726
346	3.23721	55.6893
346	3.20856	55.706
346	3.17992	55.7226
346	3.15127	55.7393
346	3.12262	55.756
346	3.09397	55.7726
346	3.06532	55.7893
346	3.03668	55.806
346	3.00803	55.8227
346	2.97938	55.8393
346	2.95073	55.856
346	2.92208	55.8727
346	2.89344	55.8893
346	2.86479	55.906
346	2.83614	55.9227
346	2.80749	55.9393
346	2.77884	55.956
346	2.7502	55.9727
346	2.72155	55.9894
346	2.6929	56.006
346	2.66425	56.0227
346	2.63561	56.0394
346	2.60696	56.056
346	2.57831	56.0727
346	2.54966	56.0894
346	2.52101	56.106
346	2.49237	56.1227
346	2.46372	56.1394
346	2.43507	56.1561
346	2.40642	56.1727
346	2.37777	56.1894
346	2.34913	56.2061
346	2.32048	56.2227
346	2.29183	56.2394
346	2.26318	56.2561
346	2.23453	56.2728
346	2.20589	56.2894
346	2.17724	56.3061
346	2.14859	56.3228
346	2.11994	56.3394
346	2.09129	56.3561
346	2.06265	56.3728
346	2.034	56.3894
346	2.00535	56.4061
346	1.9767	56.4228
346	1.94806	56.4395
346	1.91941	56.4561
346	1.89076	56.4728
346	1.86211	56.4895
346	1.83346	56.5061
346	1.80482	56.5228
346	1.77617	56.5395
346	1.74752	56.5561
346	1.71887	56.5728
346	1.69022	56.5895
346	1.66158	56.6062
346	1.63293	56.6228
346	1.60428	56.6395
346	1.57563	56.6562
346	1.54699	56.6728
346	1.51834	56.6895
346	1.48969	56.7062
346	1.46104	56.7228
346	1.43239	56.7395
346	1.40375	56.7562
346	1.3751	56.7729
346	1.34645	56.7895
346	1.3178	56.8062
346	1.28916	56.8229
346	1.26051	56.8395
346	1.23186	56.8562
346	1.20321	56.8729
346	1.17456	56.8895
346	1.14592	56.9062
346	1.11727	56.9229
346	1.08862	56.9396
346	1.05997	56.9562
346	1.03132	56.9729
346	1.00268	56.9896
346	0.974029	57.0062
346	0.945382	57.0229
346	0.916734	57.0396
346	0.888086	57.0563
346	0.859438	57.0729
346	0.83079	57.0896
346	0.802142	57.1063
346	0.773495	57.1229
346	0.744847	57.1396
346	0.716199	57.1563
346	0.687551	57.1729
346	0.658903	57.1896
346	0.630255	57.2063
346	0.601607	57.223
346	0.57296	57.2396
346	0.544312	57.2563
346	0.515664	57.273
346	0.487016	57.2896
346	0.458368	57.3063
346	0.42972	57.323
346	0.401072	57.3396
346	0.372425	57.3563
346	0.343777	57.373
346	0.315129	57.3897
346	0.286481	57.4063
346	0.257833	57.423
346	0.229185	57.4397
346	0.200537	57.4563
346	0.17189	57.473
346	0.143242	57.4897
346	0.114594	57.5063
346	0.085946	57.523
346	0.0572982	57.5397
346	0.0286503	57.5564
346	2.46127e-06	57.573
346	-0.0286454	57.5897
346	0	57.6064
346	0	57.623
346	0	57.6397
346	0	57.6564
346	0	57.673
346	0	57.6897
346	0	57.7064
346	0	57.7231
346	0	57.7397
346	0	57.7564
346	0	57.7731
346	0	57.7897
346	0	57.8064
346	0	57.8231
346	0	57.8398
346	0	57.8564
346	0	57.8731
346	0	57.8898
346	0	57.9064
346	0	57.9231
346	0	57.9398
346	0	57.9564
346	0	57.9731
346	0	57.9898
346	0	58.0065
346	0	58.0231
346	0	58.0398
346	0	58.0565
346	0	58.0731
346	0	58.0898
346	0	58.1065
346	0	58.1231
346	0	58.1398
346	0	58.1565
346	0	58.1732
346	0	58.1898
346	0	58.2065
346	0	58.2232
346	0	58.2398
346	0	58.2565
346	0	58.2732
346	0	58.2898
346	0	58.3065
346	0	58.3232
346	0	58.3399
346	0	58.3565
346	0	58.3732
346	0	58.3899
346	0	58.4065
346	0	58.4232
346	0	58.4399
346	0	58.4566
346	0	58.4732
346	0	58.4899
346	0	58.5066
346	0	58.5232
346	0	58.5399
346	0	58.5566
346	0	58.5732
346	0	58.5899
