18097 18097 0.00270378 0.0059166
18097 18097 0.00270378 0.022583
18097 18097 0.00270378 0.0392494
18097 18097 0.00270378 0.0559158
18097 18097 0.00270378 0.0725822
18097 18097 0.00270378 0.0892487
18097 18097 0.00270378 0.105915
18097 18097 0.00270378 0.122581
18097 18097 0.00270378 0.139248
18097 18097 0.00270378 0.155914
18097 18097 0.00270378 0.172581
18097 18097 0.00270378 0.189247
18097 18097 0.00270378 0.205914
18097 18097 0.00270378 0.22258
18097 18097 0.00270378 0.239246
18097 18097 0.00270378 0.255913
18097 18097 0.00270378 0.272579
18097 18097 0.00270378 0.289246
18097 18097 0.00270378 0.305912
18097 18097 0.00270378 0.322578
18097 18097 0.00270378 0.339245
18097 18097 0.00270378 0.355911
18097 18097 0.00540755 0.372578
18097 18097 0.00811133 0.389244
18097 18097 0.0108151 0.40591
18097 18097 0.0135189 0.422577
18097 18097 0.0162227 0.439243
18097 18097 0.0189264 0.45591
18097 18097 0.0216302 0.472576
18097 18097 0.024334 0.489243
18097 18097 0.0270378 0.505909
18097 18097 0.0297415 0.522575
18097 18097 0.0324453 0.539242
18097 18097 0.0351491 0.555908
18097 18097 0.0378529 0.572575
18097 18097 0.0405566 0.589241
18097 18097 0.0432604 0.605907
18097 18097 0.0459642 0.622574
18097 18097 0.048668 0.63924
18097 18097 0.0513717 0.655907
18097 18097 0.0540755 0.672573
18097 18097 0.0567793 0.68924
18097 18097 0.0594831 0.705906
18097 18097 0.0621868 0.722572
18097 18097 0.0648906 0.739239
18097 18097 0.0675944 0.755905
18097 18097 0.0702982 0.772572
18097 18097 0.073002 0.789238
18097 18097 0.0757057 0.805904
18097 18097 0.0784095 0.822571
18097 18097 0.0811133 0.839237
18096 18097 0.0838171 0.855904
18096 18097 0.0865208 0.87257
18096 18097 0.0892246 0.889236
18095 18097 0.0919284 0.905903
18095 18097 0.0946322 0.922569
18095 18097 0.097336 0.939236
18095 18097 0.10004 0.955902
18094 18097 0.102744 0.972569
18094 18097 0.105447 0.989235
18094 18097 0.108151 1.0059
18092 18097 0.110855 1.02257
18092 18097 0.113559 1.03923
18092 18097 0.116262 1.0559
18092 18097 0.118966 1.07257
18092 18097 0.12167 1.08923
18092 18097 0.124374 1.1059
18092 18097 0.127078 1.12257
18092 18097 0.129781 1.13923
18092 18097 0.132485 1.1559
18092 18097 0.135189 1.17257
18092 18097 0.137893 1.18923
18092 18097 0.140596 1.2059
18092 18097 0.1433 1.22256
18092 18097 0.146004 1.23923
18092 18097 0.148708 1.2559
18092 18097 0.151411 1.27256
18092 18097 0.154115 1.28923
18091 18097 0.156819 1.3059
18091 18097 0.159523 1.32256
18091 18097 0.162227 1.33923
18090 18097 0.16493 1.3559
18090 18097 0.167634 1.37256
18089 18097 0.170338 1.38923
18089 18097 0.173042 1.4059
18089 18097 0.175745 1.42256
18088 18097 0.178449 1.43923
18088 18097 0.181153 1.45589
18087 18097 0.183857 1.47256
18087 18097 0.18656 1.48923
18086 18097 0.189264 1.50589
18086 18097 0.191968 1.52256
18086 18097 0.194672 1.53923
18085 18097 0.197376 1.55589
18085 18097 0.200079 1.57256
18085 18097 0.202783 1.58923
18084 18097 0.205487 1.60589
18084 18097 0.208191 1.62256
18082 18097 0.210894 1.63923
18081 18097 0.213598 1.65589
18080 18097 0.216302 1.67256
18079 18097 0.219006 1.68922
18077 18097 0.22171 1.70589
18076 18097 0.224413 1.72256
18076 18097 0.227117 1.73922
18075 18097 0.229821 1.75589
18075 18097 0.232525 1.77256
18075 18097 0.235228 1.78922
18074 18097 0.237932 1.80589
18071 18097 0.240636 1.82256
18070 18097 0.24334 1.83922
18070 18097 0.246043 1.85589
18070 18097 0.248747 1.87255
18068 18097 0.251451 1.88922
18068 18097 0.254155 1.90589
18067 18097 0.256859 1.92255
18065 18097 0.259562 1.93922
18063 18097 0.262266 1.95589
18063 18097 0.26497 1.97255
18063 18097 0.267674 1.98922
18063 18097 0.270377 2.00589
18063 18097 0.273081 2.02255
18061 18097 0.275785 2.03922
18060 18097 0.278489 2.05589
18059 18097 0.281193 2.07255
18059 18097 0.283896 2.08922
18057 18097 0.2866 2.10588
18057 18097 0.289304 2.12255
18056 18097 0.292008 2.13922
18054 18097 0.294712 2.15588
18053 18097 0.297415 2.17255
18052 18097 0.300119 2.18922
18051 18097 0.302823 2.20588
18051 18097 0.305527 2.22255
18051 18097 0.30823 2.23922
18050 18097 0.310934 2.25588
18049 18097 0.313638 2.27255
18046 18097 0.316342 2.28922
18045 18097 0.319046 2.30588
18044 18097 0.321749 2.32255
18042 18097 0.324453 2.33921
18042 18097 0.327157 2.35588
18041 18097 0.329861 2.37255
18041 18097 0.332565 2.38921
18039 18097 0.335268 2.40588
18037 18097 0.337972 2.42255
18036 18097 0.340676 2.43921
18033 18097 0.34338 2.45588
18031 18097 0.346083 2.47255
18030 18097 0.348787 2.48921
18030 18097 0.351491 2.50588
18028 18097 0.354195 2.52254
18027 18097 0.356899 2.53921
18027 18097 0.359602 2.55588
18027 18097 0.362306 2.57254
18026 18097 0.36501 2.58921
18022 18097 0.367714 2.60588
18021 18097 0.370418 2.62254
18021 18097 0.373121 2.63921
18020 18097 0.375825 2.65588
18019 18097 0.378529 2.67254
18018 18097 0.381233 2.68921
18015 18097 0.383936 2.70588
18013 18097 0.38664 2.72254
18012 18097 0.389344 2.73921
18010 18097 0.392048 2.75587
18008 18097 0.394752 2.77254
18006 18097 0.397455 2.78921
18005 18097 0.400159 2.80587
18003 18097 0.402863 2.82254
18000 18097 0.405567 2.83921
18000 18097 0.408271 2.85587
17997 18097 0.410974 2.87254
17996 18097 0.413678 2.88921
17993 18097 0.416382 2.90587
17992 18097 0.419086 2.92254
17990 18097 0.421789 2.93921
17990 18097 0.424493 2.95587
17988 18097 0.427197 2.97254
17988 18097 0.429901 2.9892
17985 18097 0.432605 3.00587
17982 18097 0.435308 3.02254
17982 18097 0.438012 3.0392
17981 18097 0.440716 3.05587
17976 18097 0.44342 3.07254
17976 18097 0.446124 3.0892
17975 18097 0.448827 3.10587
17973 18097 0.451531 3.12254
17972 18097 0.454235 3.1392
17970 18097 0.456939 3.15587
17969 18097 0.459642 3.17253
17967 18097 0.462346 3.1892
17966 18097 0.46505 3.20587
17964 18097 0.467754 3.22253
17963 18097 0.470458 3.2392
17961 18097 0.473161 3.25587
17958 18097 0.475865 3.27253
17956 18097 0.478569 3.2892
17954 18097 0.481273 3.30587
17954 18097 0.483977 3.32253
17952 18097 0.48668 3.3392
17949 18097 0.489384 3.35587
17946 18097 0.492088 3.37253
17945 18097 0.494792 3.3892
17944 18097 0.497496 3.40586
17940 18097 0.500199 3.42253
17939 18097 0.502903 3.4392
17938 18097 0.505607 3.45586
17935 18097 0.508311 3.47253
17932 18097 0.511014 3.4892
17929 18097 0.513718 3.50586
17929 18097 0.516422 3.52253
17924 18097 0.519126 3.5392
17924 18097 0.52183 3.55586
17922 18097 0.524533 3.57253
17917 18097 0.527237 3.5892
17916 18097 0.529941 3.60586
17915 18097 0.532645 3.62253
17911 18097 0.535348 3.63919
17909 18097 0.538052 3.65586
17909 18097 0.540756 3.67253
17905 18097 0.54346 3.68919
17902 18097 0.546164 3.70586
17901 18097 0.548867 3.72253
17898 18097 0.551571 3.73919
17898 18097 0.554275 3.75586
17892 18097 0.556979 3.77253
17891 18097 0.559683 3.78919
17889 18097 0.562386 3.80586
17887 18097 0.56509 3.82253
17885 18097 0.567794 3.83919
17882 18097 0.570498 3.85586
17881 18097 0.573201 3.87252
17878 18097 0.575905 3.88919
17875 18097 0.578609 3.90586
17872 18097 0.581313 3.92252
17871 18097 0.584017 3.93919
17867 18097 0.58672 3.95586
17865 18097 0.589424 3.97252
17864 18097 0.592128 3.98919
17861 18097 0.594832 4.00586
17855 18097 0.597536 4.02252
17852 18097 0.600239 4.03919
17851 18097 0.602943 4.05585
17844 18097 0.605647 4.07252
17843 18097 0.608351 4.08919
17841 18097 0.611054 4.10585
17838 18097 0.613758 4.12252
17833 18097 0.616462 4.13919
17831 18097 0.619166 4.15585
17830 18097 0.62187 4.17252
17824 18097 0.624573 4.18919
17824 18097 0.627277 4.20585
17822 18097 0.629981 4.22252
17817 18097 0.632685 4.23919
17815 18097 0.635389 4.25585
17814 18097 0.638092 4.27252
17809 18097 0.640796 4.28918
17804 18097 0.6435 4.30585
17801 18097 0.646204 4.32252
17800 18097 0.648907 4.33918
17795 18097 0.651611 4.35585
17790 18097 0.654315 4.37252
17786 18097 0.657019 4.38918
17785 18097 0.659723 4.40585
17781 18097 0.662426 4.42252
17777 18097 0.66513 4.43918
17772 18097 0.667834 4.45585
17770 18097 0.670538 4.47252
17765 18097 0.673242 4.48918
17761 18097 0.675945 4.50585
17757 18097 0.678649 4.52251
17753 18097 0.681353 4.53918
17751 18097 0.684057 4.55585
17743 18097 0.68676 4.57251
17741 18097 0.689464 4.58918
17740 18097 0.692168 4.60585
17735 18097 0.694872 4.62251
17732 18097 0.697576 4.63918
17727 18097 0.700279 4.65585
17725 18097 0.702983 4.67251
17721 18097 0.705687 4.68918
17719 18097 0.708391 4.70584
17714 18097 0.711095 4.72251
17712 18097 0.713798 4.73918
17710 18097 0.716502 4.75584
17703 18097 0.719206 4.77251
17698 18097 0.72191 4.78918
17696 18097 0.724613 4.80584
17696 18097 0.727317 4.82251
17690 18097 0.730021 4.83918
17684 18097 0.732725 4.85584
17681 18097 0.735429 4.87251
17678 18097 0.738132 4.88918
17674 18097 0.740836 4.90584
17669 18097 0.74354 4.92251
17664 18097 0.746244 4.93917
17660 18097 0.748948 4.95584
17656 18097 0.751651 4.97251
17651 18097 0.754355 4.98917
17646 18097 0.757059 5.00584
17639 18097 0.759763 5.02251
17634 18097 0.762466 5.03917
17633 18097 0.76517 5.05584
17627 18097 0.767874 5.07251
17624 18097 0.770578 5.08917
17618 18097 0.773282 5.10584
17614 18097 0.775985 5.12251
17605 18097 0.778689 5.13917
17600 18097 0.781393 5.15584
17599 18097 0.784097 5.1725
17592 18097 0.786801 5.18917
17586 18097 0.789504 5.20584
17580 18097 0.792208 5.2225
17574 18097 0.794912 5.23917
17571 18097 0.797616 5.25584
17570 18097 0.800319 5.2725
17562 18097 0.803023 5.28917
17553 18097 0.805727 5.30584
17552 18097 0.808431 5.3225
17549 18097 0.811135 5.33917
17542 18097 0.813838 5.35583
17536 18097 0.816542 5.3725
17531 18097 0.819246 5.38917
17527 18097 0.82195 5.40583
17519 18097 0.824654 5.4225
17517 18097 0.827357 5.43917
17509 18097 0.830061 5.45583
17506 18097 0.832765 5.4725
17501 18097 0.835469 5.48917
17495 18097 0.838172 5.50583
17489 18097 0.840876 5.5225
17481 18097 0.84358 5.53917
17477 18097 0.846284 5.55583
17472 18097 0.848988 5.5725
17469 18097 0.851691 5.58916
17463 18097 0.854395 5.60583
17455 18097 0.857099 5.6225
17451 18097 0.859803 5.63916
17446 18097 0.862507 5.65583
17440 18097 0.86521 5.6725
17435 18097 0.867914 5.68916
17432 18097 0.870618 5.70583
17425 18097 0.873322 5.7225
17420 18097 0.876025 5.73916
17415 18097 0.878729 5.75583
17410 18097 0.881433 5.7725
17404 18097 0.884137 5.78916
17395 18097 0.886841 5.80583
17393 18097 0.889544 5.82249
17387 18097 0.892248 5.83916
17383 18097 0.894952 5.85583
17377 18097 0.897656 5.87249
17368 18097 0.90036 5.88916
17363 18097 0.903063 5.90583
17359 18097 0.905767 5.92249
17346 18097 0.908471 5.93916
17344 18097 0.911175 5.95583
17339 18097 0.913879 5.97249
17334 18097 0.916582 5.98916
17324 18097 0.919286 6.00583
17322 18097 0.92199 6.02249
17311 18097 0.924694 6.03916
17306 18097 0.927397 6.05582
17300 18097 0.930101 6.07249
17293 18097 0.932805 6.08916
17287 18097 0.935509 6.10582
17283 18097 0.938213 6.12249
17276 18097 0.940916 6.13916
17268 18097 0.94362 6.15582
17263 18097 0.946324 6.17249
17255 18097 0.949028 6.18916
17251 18097 0.951732 6.20582
17244 18097 0.954435 6.22249
17238 18097 0.957139 6.23915
17229 18097 0.959843 6.25582
17227 18097 0.962547 6.27249
17217 18097 0.96525 6.28915
17207 18097 0.967954 6.30582
17206 18097 0.970658 6.32249
17199 18097 0.973362 6.33915
17194 18097 0.976066 6.35582
17188 18097 0.978769 6.37249
17178 18097 0.981473 6.38915
17173 18097 0.984177 6.40582
17171 18097 0.986881 6.42249
17159 18097 0.989585 6.43915
17153 18097 0.992288 6.45582
17145 18097 0.994992 6.47248
17138 18097 0.997696 6.48915
17133 18097 1.0004 6.50582
17127 18097 1.0031 6.52248
17119 18097 1.00581 6.53915
17113 18097 1.00851 6.55582
17105 18097 1.01121 6.57248
17097 18097 1.01392 6.58915
17089 18097 1.01662 6.60582
17081 18097 1.01933 6.62248
17077 18097 1.02203 6.63915
17071 18097 1.02473 6.65582
17060 18097 1.02744 6.67248
17057 18097 1.03014 6.68915
17048 18097 1.03285 6.70581
17038 18097 1.03555 6.72248
17034 18097 1.03825 6.73915
17025 18097 1.04096 6.75581
17015 18097 1.04366 6.77248
17010 18097 1.04636 6.78915
17002 18097 1.04907 6.80581
16992 18097 1.05177 6.82248
16986 18097 1.05448 6.83915
16977 18097 1.05718 6.85581
16971 18097 1.05988 6.87248
16959 18097 1.06259 6.88914
16948 18097 1.06529 6.90581
16940 18097 1.06799 6.92248
16934 18097 1.0707 6.93914
16927 18097 1.0734 6.95581
16918 18097 1.07611 6.97248
16907 18097 1.07881 6.98914
16900 18097 1.08151 7.00581
16888 18097 1.08422 7.02248
16881 18097 1.08692 7.03914
16874 18097 1.08962 7.05581
16862 18097 1.09233 7.07248
16852 18097 1.09503 7.08914
16841 18097 1.09774 7.10581
16836 18097 1.10044 7.12247
16824 18097 1.10314 7.13914
16814 18097 1.10585 7.15581
16803 18097 1.10855 7.17247
16793 18097 1.11125 7.18914
16783 18097 1.11396 7.20581
16770 18097 1.11666 7.22247
16764 18097 1.11937 7.23914
16751 18097 1.12207 7.25581
16741 18097 1.12477 7.27247
16730 18097 1.12748 7.28914
16719 18097 1.13018 7.30581
16707 18097 1.13289 7.32247
16697 18097 1.13559 7.33914
16687 18097 1.13829 7.3558
16676 18097 1.141 7.37247
16660 18097 1.1437 7.38914
16646 18097 1.1464 7.4058
16636 18097 1.14911 7.42247
16622 18097 1.15181 7.43914
16614 18097 1.15452 7.4558
16600 18097 1.15722 7.47247
16583 18097 1.15992 7.48914
16574 18097 1.16263 7.5058
16565 18097 1.16533 7.52247
16549 18097 1.16803 7.53913
16535 18097 1.17074 7.5558
16518 18097 1.17344 7.57247
16504 18097 1.17615 7.58913
16492 18097 1.17885 7.6058
16472 18097 1.18155 7.62247
16461 18097 1.18426 7.63913
16445 18097 1.18696 7.6558
16430 18097 1.18966 7.67247
16416 18097 1.19237 7.68913
16399 18097 1.19507 7.7058
16383 18097 1.19778 7.72247
16364 18097 1.20048 7.73913
16353 18097 1.20318 7.7558
16332 18097 1.20589 7.77246
16313 18097 1.20859 7.78913
16298 18097 1.21129 7.8058
16278 18097 1.214 7.82246
16266 18097 1.2167 7.83913
16243 18097 1.21941 7.8558
16221 18097 1.22211 7.87246
16208 18097 1.22481 7.88913
16188 18097 1.22752 7.9058
16168 18097 1.23022 7.92246
16151 18097 1.23293 7.93913
16130 18097 1.23563 7.9558
16110 18097 1.23833 7.97246
16090 18097 1.24104 7.98913
16070 18097 1.24374 8.00579
16043 18097 1.24644 8.02246
16022 18097 1.24915 8.03913
16000 18097 1.25185 8.05579
15977 18097 1.25456 8.07246
15955 18097 1.25726 8.08913
15939 18097 1.25996 8.10579
15917 18097 1.26267 8.12246
15895 18097 1.26537 8.13913
15868 18097 1.26807 8.15579
15844 18097 1.27078 8.17246
15823 18097 1.27348 8.18913
15800 18097 1.27619 8.20579
15776 18097 1.27889 8.22246
15754 18097 1.28159 8.23912
15725 18097 1.2843 8.25579
15702 18097 1.287 8.27246
15672 18097 1.2897 8.28912
15652 18097 1.29241 8.30579
15630 18097 1.29511 8.32246
15603 18097 1.29782 8.33912
15575 18097 1.30052 8.35579
15549 18097 1.30322 8.37246
15527 18097 1.30593 8.38912
15503 18097 1.30863 8.40579
15468 18097 1.31133 8.42245
15442 18097 1.31404 8.43912
15410 18097 1.31674 8.45579
15385 18097 1.31945 8.47245
15359 18097 1.32215 8.48912
15331 18097 1.32485 8.50579
15299 18097 1.32756 8.52245
15272 18097 1.33026 8.53912
15242 18097 1.33297 8.55579
15217 18097 1.33567 8.57245
15187 18097 1.33837 8.58912
15163 18097 1.34108 8.60579
15127 18097 1.34378 8.62245
15100 18097 1.34648 8.63912
15067 18097 1.34919 8.65578
15041 18097 1.35189 8.67245
15011 18097 1.3546 8.68912
14977 18097 1.3573 8.70578
14953 18097 1.36 8.72245
14920 18097 1.36271 8.73912
14892 18097 1.36541 8.75578
14864 18097 1.36811 8.77245
14829 18097 1.37082 8.78912
14800 18097 1.37352 8.80578
14768 18097 1.37623 8.82245
14737 18097 1.37893 8.83912
14704 18097 1.38163 8.85578
14676 18097 1.38434 8.87245
14635 18097 1.38704 8.88911
14598 18097 1.38974 8.90578
14567 18097 1.39245 8.92245
14542 18097 1.39515 8.93911
14506 18097 1.39786 8.95578
14472 18097 1.40056 8.97245
14447 18097 1.40326 8.98911
14404 18097 1.40597 9.00578
14380 18097 1.40867 9.02245
14344 18097 1.41138 9.03911
14310 18097 1.41408 9.05578
14278 18097 1.41678 9.07244
14242 18097 1.41949 9.08911
14208 18097 1.42219 9.10578
14174 18097 1.42489 9.12244
14145 18097 1.4276 9.13911
14103 18097 1.4303 9.15578
14073 18097 1.43301 9.17244
14033 18097 1.43571 9.18911
14004 18097 1.43841 9.20578
13966 18097 1.44112 9.22244
13928 18097 1.44382 9.23911
13900 18097 1.44652 9.25578
13869 18097 1.44923 9.27244
13831 18097 1.45193 9.28911
13791 18097 1.45464 9.30577
13754 18097 1.45734 9.32244
13720 18097 1.46004 9.33911
13688 18097 1.46275 9.35577
13648 18097 1.46545 9.37244
13617 18097 1.46815 9.38911
13573 18097 1.47086 9.40577
13540 18097 1.47356 9.42244
13506 18097 1.47627 9.43911
13473 18097 1.47897 9.45577
13437 18097 1.48167 9.47244
13405 18097 1.48438 9.48911
13362 18097 1.48708 9.50577
13324 18097 1.48978 9.52244
13288 18097 1.49249 9.5391
13253 18097 1.49519 9.55577
13223 18097 1.4979 9.57244
13185 18097 1.5006 9.5891
13140 18097 1.5033 9.60577
13107 18097 1.50601 9.62244
13067 18097 1.50871 9.6391
13029 18097 1.51142 9.65577
13002 18097 1.51412 9.67244
12962 18097 1.51682 9.6891
12917 18097 1.51953 9.70577
12887 18097 1.52223 9.72243
12842 18097 1.52493 9.7391
12804 18097 1.52764 9.75577
12770 18097 1.53034 9.77243
12727 18097 1.53305 9.7891
12690 18097 1.53575 9.80577
12652 18097 1.53845 9.82243
12610 18097 1.54116 9.8391
12575 18097 1.54386 9.85577
12537 18097 1.54656 9.87243
12498 18097 1.54927 9.8891
12464 18097 1.55197 9.90577
12417 18097 1.55468 9.92243
12377 18097 1.55738 9.9391
12341 18097 1.56008 9.95576
12301 18097 1.56279 9.97243
12260 18097 1.56549 9.9891
12225 18097 1.56819 10.0058
12178 18097 1.5709 10.0224
12139 18097 1.5736 10.0391
12098 18097 1.57631 10.0558
12065 18097 1.57901 10.0724
12026 18097 1.58171 10.0891
11979 18097 1.58442 10.1058
11933 18097 1.58712 10.1224
11902 18097 1.58982 10.1391
11861 18097 1.59253 10.1558
11814 18097 1.59523 10.1724
11776 18097 1.59794 10.1891
11734 18097 1.60064 10.2058
11697 18097 1.60334 10.2224
11654 18097 1.60605 10.2391
11619 18097 1.60875 10.2558
11575 18097 1.61146 10.2724
11535 18097 1.61416 10.2891
11498 18097 1.61686 10.3058
11455 18097 1.61957 10.3224
11415 18097 1.62227 10.3391
11375 18097 1.62497 10.3558
11337 18097 1.62768 10.3724
11288 18097 1.63038 10.3891
11258 18097 1.63309 10.4058
11214 18097 1.63579 10.4224
11173 18097 1.63849 10.4391
11134 18097 1.6412 10.4558
11091 18097 1.6439 10.4724
11055 18097 1.6466 10.4891
11009 18097 1.64931 10.5058
10964 18097 1.65201 10.5224
10931 18097 1.65472 10.5391
10884 18097 1.65742 10.5558
10842 18097 1.66012 10.5724
10811 18097 1.66283 10.5891
10772 18097 1.66553 10.6058
10722 18097 1.66823 10.6224
10687 18097 1.67094 10.6391
10645 18097 1.67364 10.6558
10598 18097 1.67635 10.6724
10557 18097 1.67905 10.6891
10525 18097 1.68175 10.7058
10483 18097 1.68446 10.7224
10433 18097 1.68716 10.7391
10399 18097 1.68986 10.7558
10349 18097 1.69257 10.7724
10305 18097 1.69527 10.7891
10267 18097 1.69798 10.8058
10225 18097 1.70068 10.8224
10186 18097 1.70338 10.8391
10142 18097 1.70609 10.8558
10101 18097 1.70879 10.8724
10059 18097 1.7115 10.8891
10019 18097 1.7142 10.9058
9980 18097 1.7169 10.9224
9931 18097 1.71961 10.9391
9888 18097 1.72231 10.9557
9854 18097 1.72501 10.9724
9804 18097 1.72772 10.9891
9766 18097 1.73042 11.0057
9720 18097 1.73313 11.0224
9683 18097 1.73583 11.0391
9639 18097 1.73853 11.0557
9601 18097 1.74124 11.0724
9554 18097 1.74394 11.0891
9511 18097 1.74664 11.1057
9465 18097 1.74935 11.1224
9427 18097 1.75205 11.1391
9385 18097 1.75476 11.1557
9347 18097 1.75746 11.1724
9300 18097 1.76016 11.1891
9259 18097 1.76287 11.2057
9217 18097 1.76557 11.2224
9175 18097 1.76827 11.2391
9137 18097 1.77098 11.2557
9095 18097 1.77368 11.2724
9049 18097 1.77639 11.2891
9006 18097 1.77909 11.3057
8963 18097 1.78179 11.3224
8929 18097 1.7845 11.3391
8880 18097 1.7872 11.3557
8840 18097 1.78991 11.3724
8791 18097 1.79261 11.3891
8750 18097 1.79531 11.4057
8708 18097 1.79802 11.4224
8669 18097 1.80072 11.4391
8628 18097 1.80342 11.4557
8577 18097 1.80613 11.4724
8543 18097 1.80883 11.4891
8497 18097 1.81154 11.5057
8457 18097 1.81424 11.5224
8408 18097 1.81694 11.5391
8368 18097 1.81965 11.5557
8324 18097 1.82235 11.5724
8279 18097 1.82505 11.5891
8237 18097 1.82776 11.6057
8190 18097 1.83046 11.6224
8145 18097 1.83317 11.6391
8108 18097 1.83587 11.6557
8065 18097 1.83857 11.6724
8023 18097 1.84128 11.6891
7984 18097 1.84398 11.7057
7940 18097 1.84668 11.7224
7895 18097 1.84939 11.7391
7860 18097 1.85209 11.7557
7807 18097 1.8548 11.7724
7761 18097 1.8575 11.7891
7729 18097 1.8602 11.8057
7679 18097 1.86291 11.8224
7638 18097 1.86561 11.8391
7597 18097 1.86831 11.8557
7557 18097 1.87102 11.8724
7510 18097 1.87372 11.8891
7469 18097 1.87643 11.9057
7428 18097 1.87913 11.9224
7385 18097 1.88183 11.9391
7344 18097 1.88454 11.9557
7300 18097 1.88724 11.9724
7257 18097 1.88995 11.9891
7212 18097 1.89265 12.0057
7172 18097 1.89535 12.0224
7128 18097 1.89806 12.0391
7086 18097 1.90076 12.0557
7049 18097 1.90346 12.0724
7004 18097 1.90617 12.0891
6959 18097 1.90887 12.1057
6918 18097 1.91158 12.1224
6868 18097 1.91428 12.1391
6827 18097 1.91698 12.1557
6788 18097 1.91969 12.1724
6743 18097 1.92239 12.1891
6707 18097 1.92509 12.2057
6666 18097 1.9278 12.2224
6613 18097 1.9305 12.2391
6577 18097 1.93321 12.2557
6529 18097 1.93591 12.2724
6491 18097 1.93861 12.2891
6440 18097 1.94132 12.3057
6405 18097 1.94402 12.3224
6357 18097 1.94672 12.3391
6318 18097 1.94943 12.3557
6277 18097 1.95213 12.3724
6231 18097 1.95484 12.3891
6181 18097 1.95754 12.4057
6147 18097 1.96024 12.4224
6100 18097 1.96295 12.4391
6065 18097 1.96565 12.4557
6019 18097 1.96835 12.4724
5972 18097 1.97106 12.4891
5933 18097 1.97376 12.5057
5892 18097 1.97647 12.5224
5854 18097 1.97917 12.5391
5805 18097 1.98187 12.5557
5764 18097 1.98458 12.5724
5723 18097 1.98728 12.5891
5686 18097 1.98999 12.6057
5634 18097 1.99269 12.6224
5596 18097 1.99539 12.6391
5552 18097 1.9981 12.6557
5508 18097 2.0008 12.6724
5467 18097 2.0035 12.6891
5426 18097 2.00621 12.7057
5383 18097 2.00891 12.7224
5343 18097 2.01162 12.7391
5298 18097 2.01432 12.7557
5252 18097 2.01702 12.7724
5205 18097 2.01973 12.7891
5163 18097 2.02243 12.8057
5129 18097 2.02513 12.8224
5082 18097 2.02784 12.8391
5039 18097 2.03054 12.8557
5002 18097 2.03324 12.8724
4954 18097 2.03595 12.8891
4914 18097 2.03865 12.9057
4867 18097 2.04136 12.9224
4832 18097 2.04406 12.9391
4783 18097 2.04676 12.9557
4744 18097 2.04947 12.9724
4704 18097 2.05217 12.9891
4663 18097 2.05487 13.0057
4616 18097 2.05758 13.0224
4582 18097 2.06028 13.0391
4536 18097 2.06298 13.0557
4493 18097 2.06569 13.0724
4455 18097 2.06839 13.0891
4408 18097 2.0711 13.1057
4367 18097 2.0738 13.1224
4320 18097 2.0765 13.139
4284 18097 2.07921 13.1557
4235 18097 2.08191 13.1724
4196 18097 2.08461 13.189
4159 18097 2.08732 13.2057
4115 18097 2.09002 13.2224
4067 18097 2.09273 13.239
4028 18097 2.09543 13.2557
3990 18097 2.09813 13.2724
3943 18097 2.10084 13.289
3901 18097 2.10354 13.3057
3861 18097 2.10624 13.3224
3815 18097 2.10895 13.339
3779 18097 2.11165 13.3557
3731 18097 2.11435 13.3724
3689 18097 2.11706 13.389
3655 18097 2.11976 13.4057
3613 18097 2.12247 13.4224
3567 18097 2.12517 13.439
3531 18097 2.12787 13.4557
3481 18097 2.13058 13.4724
3445 18097 2.13328 13.489
3405 18097 2.13598 13.5057
3362 18097 2.13869 13.5224
3322 18097 2.14139 13.539
3279 18097 2.14409 13.5557
3241 18097 2.1468 13.5724
3200 18097 2.1495 13.589
3161 18097 2.15221 13.6057
3117 18097 2.15491 13.6224
3072 18097 2.15761 13.639
3034 18097 2.16032 13.6557
2990 18097 2.16302 13.6724
2953 18097 2.16572 13.689
2911 18097 2.16843 13.7057
2877 18097 2.17113 13.7224
2831 18097 2.17384 13.739
2795 18097 2.17654 13.7557
2757 18097 2.17924 13.7724
2711 18097 2.18195 13.789
2671 18097 2.18465 13.8057
2627 18097 2.18735 13.8224
2589 18097 2.19006 13.839
2553 18097 2.19276 13.8557
2508 18097 2.19546 13.8724
2475 18097 2.19817 13.889
2437 18097 2.20087 13.9057
2402 18097 2.20358 13.9224
2361 18097 2.20628 13.939
2322 18097 2.20898 13.9557
2281 18097 2.21169 13.9724
2247 18097 2.21439 13.989
2204 18097 2.21709 14.0057
2159 18097 2.2198 14.0224
2125 18097 2.2225 14.039
2083 18097 2.2252 14.0557
2052 18097 2.22791 14.0724
2011 18097 2.23061 14.089
1973 18097 2.23332 14.1057
1934 18097 2.23602 14.1224
1899 18097 2.23872 14.139
1862 18097 2.24143 14.1557
1830 18097 2.24413 14.1724
1788 18097 2.24683 14.189
1750 18097 2.24954 14.2057
1711 18097 2.25224 14.2224
1678 18097 2.25495 14.239
1645 18097 2.25765 14.2557
1606 18097 2.26035 14.2724
1572 18097 2.26306 14.289
1532 18097 2.26576 14.3057
1496 18097 2.26846 14.3224
1463 18097 2.27117 14.339
1431 18097 2.27387 14.3557
1397 18097 2.27657 14.3724
1362 18097 2.27928 14.389
1332 18097 2.28198 14.4057
1299 18097 2.28469 14.4224
1266 18097 2.28739 14.439
1231 18097 2.29009 14.4557
1196 18097 2.2928 14.4724
1167 18097 2.2955 14.489
1132 18097 2.2982 14.5057
1105 18097 2.30091 14.5224
1069 18097 2.30361 14.539
1041 18097 2.30631 14.5557
1012 18097 2.30902 14.5724
982 18097 2.31172 14.589
952 18097 2.31443 14.6057
924 18097 2.31713 14.6224
897 18097 2.31983 14.639
869 18097 2.32254 14.6557
841 18097 2.32524 14.6724
821 18097 2.32794 14.689
798 18097 2.33065 14.7057
768 18097 2.33335 14.7224
744 18097 2.33606 14.739
716 18097 2.33876 14.7557
697 18097 2.34146 14.7724
674 18097 2.34417 14.789
649 18097 2.34687 14.8057
628 18097 2.34957 14.8224
607 18097 2.35228 14.839
585 18097 2.35498 14.8557
561 18097 2.35768 14.8724
541 18097 2.36039 14.889
521 18097 2.36309 14.9057
502 18097 2.3658 14.9224
482 18097 2.3685 14.939
464 18097 2.3712 14.9557
443 18097 2.37391 14.9724
426 18097 2.37661 14.989
407 18097 2.37931 15.0057
389 18097 2.38202 15.0224
371 18097 2.38472 15.039
352 18097 2.38742 15.0557
331 18097 2.39013 15.0724
315 18097 2.39283 15.089
296 18097 2.39554 15.1057
278 18097 2.39824 15.1224
258 18097 2.40094 15.139
239 18097 2.40365 15.1557
222 18097 2.40635 15.1724
202 18097 2.40905 15.189
184 18097 2.41176 15.2057
166 18097 2.41446 15.2224
147 18097 2.41717 15.239
128 18097 2.41987 15.2557
108 18097 2.42257 15.2724
89 18097 2.42528 15.289
70 18097 2.42798 15.3057
52 18097 2.43068 15.3223
36 18097 2.43339 15.339
22 18097 2.43609 15.3557
10 18097 2.43879 15.3723
1 18097 2.4415 15.389
0 18097 2.4442 15.4057
0 18097 2.44691 15.4223
0 18097 2.44961 15.439
0 18097 2.45231 15.4557
0 18097 2.45502 15.4723
0 18097 2.45772 15.489
0 18097 2.46042 15.5057
0 18097 2.46313 15.5223
0 18097 2.46583 15.539
0 18097 2.46853 15.5557
0 18097 2.47124 15.5723
0 18097 2.47394 15.589
0 18097 2.47665 15.6057
0 18097 2.47935 15.6223
0 18097 2.48205 15.639
0 18097 2.48476 15.6557
0 18097 2.48746 15.6723
0 18097 2.49016 15.689
0 18097 2.49287 15.7057
0 18097 2.49557 15.7223
0 18097 2.49828 15.739
0 18097 2.50098 15.7557
0 18097 2.50368 15.7723
0 18097 2.50639 15.789
0 18097 2.50909 15.8057
0 18097 2.51179 15.8223
0 18097 2.5145 15.839
0 18097 2.5172 15.8557
0 18097 2.5199 15.8723
0 18097 2.52261 15.889
0 18097 2.52531 15.9057
0 18097 2.52802 15.9223
0 18097 2.53072 15.939
0 18097 2.53342 15.9557
0 18097 2.53613 15.9723
0 18097 2.53883 15.989
0 18097 2.54153 16.0057
0 18097 2.54424 16.0223
0 18097 2.54694 16.039
0 18097 2.54964 16.0557
0 18097 2.55235 16.0723
0 18097 2.55505 16.089
0 18097 2.55776 16.1057
0 18097 2.56046 16.1223
0 18097 2.56316 16.139
0 18097 2.56587 16.1557
0 18097 2.56857 16.1723
0 18097 2.57127 16.189
0 18097 2.57398 16.2057
0 18097 2.57668 16.2223
0 18097 2.57939 16.239
0 18097 2.58209 16.2557
0 18097 2.58479 16.2723
0 18097 2.5875 16.289
0 18097 2.5902 16.3057
0 18097 2.5929 16.3223
0 18097 2.59561 16.339
0 18097 2.59831 16.3557
0 18097 2.60101 16.3723
0 18097 2.60372 16.389
0 18097 2.60642 16.4057
0 18097 2.60913 16.4223
0 18097 2.61183 16.439
0 18097 2.61453 16.4557
0 18097 2.61724 16.4723
0 18097 2.61994 16.489
0 18097 2.62264 16.5057
0 18097 2.62535 16.5223
0 18097 2.62805 16.539
0 18097 2.63075 16.5557
0 18097 2.63346 16.5723
0 18097 2.63616 16.589
0 18097 2.63887 16.6057
0 18097 2.64157 16.6223
0 18097 2.64427 16.639
0 18097 2.64698 16.6557
0 18097 2.64968 16.6723
0 18097 2.65238 16.689
0 18097 2.65509 16.7057
0 18097 2.65779 16.7223
0 18097 2.6605 16.739
0 18097 2.6632 16.7557
0 18097 2.6659 16.7723
0 18097 2.66861 16.789
0 18097 2.67131 16.8057
0 18097 2.67401 16.8223
0 18097 2.67672 16.839
0 18097 2.67942 16.8557
0 18097 2.68212 16.8723
0 18097 2.68483 16.889
0 18097 2.68753 16.9057
0 18097 2.69024 16.9223
0 18097 2.69294 16.939
0 18097 2.69564 16.9557
0 18097 2.69835 16.9723
0 18097 2.70105 16.989
0 18097 2.70375 17.0057
0 18097 2.70646 17.0223
0 18097 2.70916 17.039
0 18097 2.71186 17.0557
0 18097 2.71457 17.0723
0 18097 2.71727 17.089
0 18097 2.71998 17.1057
0 18097 2.72268 17.1223
0 18097 2.72538 17.139
0 18097 2.72809 17.1557
0 18097 2.73079 17.1723
0 18097 2.73349 17.189
0 18097 2.7362 17.2057
0 18097 2.7389 17.2223
0 18097 2.74161 17.239
0 18097 2.74431 17.2557
0 18097 2.74701 17.2723
0 18097 2.74972 17.289
0 18097 2.75242 17.3057
0 18097 2.75512 17.3223
0 18097 2.75783 17.339
0 18097 2.76053 17.3557
0 18097 2.76323 17.3723
0 18097 2.76594 17.389
0 18097 2.76864 17.4057
0 18097 2.77135 17.4223
0 18097 2.77405 17.439
0 18097 2.77675 17.4557
0 18097 2.77946 17.4723
0 18097 2.78216 17.489
0 18097 2.78486 17.5056
0 18097 2.78757 17.5223
0 18097 2.79027 17.539
0 18097 2.79297 17.5556
0 18097 2.79568 17.5723
0 18097 2.79838 17.589
0 18097 2.80109 17.6056
0 18097 2.80379 17.6223
0 18097 2.80649 17.639
0 18097 2.8092 17.6556
0 18097 2.8119 17.6723
0 18097 2.8146 17.689
0 18097 2.81731 17.7056
0 18097 2.82001 17.7223
0 18097 2.82272 17.739
0 18097 2.82542 17.7556
0 18097 2.82812 17.7723
0 18097 2.83083 17.789
0 18097 2.83353 17.8056
0 18097 2.83623 17.8223
0 18097 2.83894 17.839
0 18097 2.84164 17.8556
0 18097 2.84434 17.8723
0 18097 2.84705 17.889
0 18097 2.84975 17.9056
0 18097 2.85246 17.9223
0 18097 2.85516 17.939
0 18097 2.85786 17.9556
0 18097 2.86057 17.9723
0 18097 2.86327 17.989
0 18097 2.86597 18.0056
0 18097 2.86868 18.0223
0 18097 2.87138 18.039
0 18097 2.87408 18.0556
0 18097 2.87679 18.0723
0 18097 2.87949 18.089
0 18097 2.8822 18.1056
0 18097 2.8849 18.1223
0 18097 2.8876 18.139
0 18097 2.89031 18.1556
0 18097 2.89301 18.1723
0 18097 2.89571 18.189
0 18097 2.89842 18.2056
0 18097 2.90112 18.2223
0 18097 2.90383 18.239
0 18097 2.90653 18.2556
0 18097 2.90923 18.2723
0 18097 2.91194 18.289
0 18097 2.91464 18.3056
0 18097 2.91734 18.3223
0 18097 2.92005 18.339
0 18097 2.92275 18.3556
0 18097 2.92545 18.3723
0 18097 2.92816 18.389
0 18097 2.93086 18.4056
0 18097 2.93357 18.4223
0 18097 2.93627 18.439
0 18097 2.93897 18.4556
0 18097 2.94168 18.4723
0 18097 2.94438 18.489
0 18097 2.94708 18.5056
0 18097 2.94979 18.5223
0 18097 2.95249 18.539
0 18097 2.95519 18.5556
0 18097 2.9579 18.5723
0 18097 2.9606 18.589
0 18097 2.96331 18.6056
0 18097 2.96601 18.6223
0 18097 2.96871 18.639
0 18097 2.97142 18.6556
0 18097 2.97412 18.6723
0 18097 2.97682 18.689
0 18097 2.97953 18.7056
0 18097 2.98223 18.7223
0 18097 2.98494 18.739
0 18097 2.98764 18.7556
0 18097 2.99034 18.7723
0 18097 2.99305 18.789
0 18097 2.99575 18.8056
0 18097 2.99845 18.8223
