1641 1656 0.00114682 0.00118065
1641 1656 0.00114682 0.0178475
1641 1656 0.00114682 0.0345144
1641 1656 0.00114682 0.0511813
1641 1656 0.00114682 0.0678482
1641 1656 0.00114682 0.0845151
1641 1656 0.00114682 0.101182
1641 1656 0.00114682 0.117849
1641 1656 0.00114682 0.134516
1641 1656 0.00114682 0.151183
1641 1656 0.00114682 0.16785
1639 1656 0.00114682 0.184516
1639 1656 0.00114682 0.201183
1639 1656 0.00114682 0.21785
1639 1656 0.00114682 0.234517
1638 1656 0.00114682 0.251184
1638 1656 0.00114682 0.267851
1638 1656 0.00114682 0.284518
1638 1656 0.00114682 0.301185
1638 1656 0.00114682 0.317852
1638 1656 0.00114682 0.334518
1638 1656 0.00114682 0.351185
1637 1656 0.00114682 0.367852
1637 1656 0.00114682 0.384519
1637 1656 0.00114682 0.401186
1637 1656 0.00114682 0.417853
1637 1656 0.00114682 0.43452
1637 1656 0.00114682 0.451187
1637 1656 0.00114682 0.467854
1637 1656 0.00114682 0.48452
1637 1656 0.00114682 0.501187
1636 1656 0.00114682 0.517854
1636 1656 0.00114682 0.534521
1636 1656 0.00114682 0.551188
1636 1656 0.00114682 0.567855
1636 1656 0.00114682 0.584522
1636 1656 0.00114682 0.601189
1635 1656 0.00114682 0.617856
1635 1656 0.00114682 0.634522
1634 1656 0.00114682 0.651189
1634 1656 0.00114682 0.667856
1634 1656 0.00114682 0.684523
1634 1656 0.00114682 0.70119
1634 1656 0.00114682 0.717857
1634 1656 0.00114682 0.734524
1634 1656 0.00114682 0.751191
1633 1656 0.00114682 0.767858
1633 1656 0.00114682 0.784524
1633 1656 0.00114682 0.801191
1633 1656 0.00114682 0.817858
1633 1656 0.00114682 0.834525
1633 1656 0.00114682 0.851192
1633 1656 0.00114682 0.867859
1633 1656 0.00114682 0.884526
1633 1656 0.00114682 0.901193
1633 1656 0.00114682 0.91786
1633 1656 0.00114682 0.934526
1633 1656 0.00114682 0.951193
1632 1656 0.00114682 0.96786
1632 1656 0.00114682 0.984527
1632 1656 0.00114682 1.00119
1632 1656 0.00114682 1.01786
1631 1656 0.00114682 1.03453
1631 1656 0.00114682 1.05119
1631 1656 0.00114682 1.06786
1631 1656 0.00114682 1.08453
1631 1656 0.00114682 1.1012
1631 1656 0.00114682 1.11786
1631 1656 0.00114682 1.13453
1631 1656 0.00114682 1.1512
1631 1656 0.00114682 1.16786
1631 1656 0.00114682 1.18453
1631 1656 0.00114682 1.2012
1631 1656 0.00114682 1.21786
1631 1656 0.00114682 1.23453
1631 1656 0.00114682 1.2512
1631 1656 0.00114682 1.26786
1631 1656 0.00114682 1.28453
1631 1656 0.00114682 1.3012
1631 1656 0.00114682 1.31786
1631 1656 0.00114682 1.33453
1631 1656 0.00114682 1.3512
1631 1656 0.00114682 1.36787
1631 1656 0.00114682 1.38453
1631 1656 0.00229363 1.4012
1631 1656 0.00344045 1.41787
1631 1656 0.00458727 1.43453
1631 1656 0.00573408 1.4512
1631 1656 0.0068809 1.46787
1631 1656 0.00802772 1.48453
1631 1656 0.00917453 1.5012
1631 1656 0.0103214 1.51787
1631 1656 0.0114682 1.53453
1631 1656 0.012615 1.5512
1631 1656 0.0137618 1.56787
1631 1656 0.0149086 1.58454
1631 1656 0.0160554 1.6012
1631 1656 0.0172023 1.61787
1630 1656 0.0183491 1.63454
1630 1656 0.0194959 1.6512
1630 1656 0.0206427 1.66787
1630 1656 0.0217895 1.68454
1630 1656 0.0229363 1.7012
1629 1656 0.0240832 1.71787
1629 1656 0.02523 1.73454
1629 1656 0.0263768 1.7512
1629 1656 0.0275236 1.76787
1629 1656 0.0286704 1.78454
1629 1656 0.0298172 1.8012
1629 1656 0.0309641 1.81787
1629 1656 0.0321109 1.83454
1629 1656 0.0332577 1.85121
1629 1656 0.0344045 1.86787
1629 1656 0.0355513 1.88454
1629 1656 0.0366981 1.90121
1629 1656 0.037845 1.91787
1629 1656 0.0389918 1.93454
1629 1656 0.0401386 1.95121
1629 1656 0.0412854 1.96787
1629 1656 0.0424322 1.98454
1629 1656 0.043579 2.00121
1629 1656 0.0447259 2.01787
1629 1656 0.0458727 2.03454
1629 1656 0.0470195 2.05121
1629 1656 0.0481663 2.06787
1629 1656 0.0493131 2.08454
1629 1656 0.0504599 2.10121
1629 1656 0.0516067 2.11788
1629 1656 0.0527536 2.13454
1629 1656 0.0539004 2.15121
1629 1656 0.0550472 2.16788
1629 1656 0.056194 2.18454
1629 1656 0.0573408 2.20121
1629 1656 0.0584876 2.21788
1629 1656 0.0596345 2.23454
1629 1656 0.0607813 2.25121
1629 1656 0.0619281 2.26788
1629 1656 0.0630749 2.28454
1629 1656 0.0642217 2.30121
1629 1656 0.0653685 2.31788
1629 1656 0.0665154 2.33455
1629 1656 0.0676622 2.35121
1629 1656 0.068809 2.36788
1629 1656 0.0699558 2.38455
1629 1656 0.0711026 2.40121
1629 1656 0.0722494 2.41788
1629 1656 0.0733963 2.43455
1629 1656 0.0745431 2.45121
1629 1656 0.0756899 2.46788
1629 1656 0.0768367 2.48455
1629 1656 0.0779835 2.50121
1629 1656 0.0791303 2.51788
1629 1656 0.0802771 2.53455
1629 1656 0.081424 2.55121
1629 1656 0.0825708 2.56788
1629 1656 0.0837176 2.58455
1629 1656 0.0848644 2.60122
1629 1656 0.0860112 2.61788
1629 1656 0.087158 2.63455
1628 1656 0.0883049 2.65122
1628 1656 0.0894517 2.66788
1627 1656 0.0905985 2.68455
1627 1656 0.0917453 2.70122
1627 1656 0.0928921 2.71788
1627 1656 0.0940389 2.73455
1627 1656 0.0951857 2.75122
1627 1656 0.0963326 2.76788
1627 1656 0.0974794 2.78455
1627 1656 0.0986262 2.80122
1627 1656 0.099773 2.81788
1626 1656 0.10092 2.83455
1626 1656 0.102067 2.85122
1626 1656 0.103213 2.86789
1626 1656 0.10436 2.88455
1626 1656 0.105507 2.90122
1626 1656 0.106654 2.91789
1626 1656 0.107801 2.93455
1625 1656 0.108948 2.95122
1625 1656 0.110094 2.96789
1625 1656 0.111241 2.98455
1625 1656 0.112388 3.00122
1625 1656 0.113535 3.01789
1625 1656 0.114682 3.03455
1625 1656 0.115828 3.05122
1625 1656 0.116975 3.06789
1625 1656 0.118122 3.08455
1625 1656 0.119269 3.10122
1625 1656 0.120416 3.11788
1625 1656 0.121563 3.13455
1625 1656 0.122709 3.15122
1625 1656 0.123856 3.16788
1625 1656 0.125003 3.18455
1625 1656 0.12615 3.20122
1625 1656 0.127297 3.21788
1625 1656 0.128443 3.23455
1625 1656 0.12959 3.25122
1625 1656 0.130737 3.26788
1625 1656 0.131884 3.28455
1625 1656 0.133031 3.30122
1625 1656 0.134178 3.31788
1625 1656 0.135324 3.33455
1625 1656 0.136471 3.35121
1625 1656 0.137618 3.36788
1625 1656 0.138765 3.38455
1625 1656 0.139912 3.40121
1625 1656 0.141058 3.41788
1625 1656 0.142205 3.43455
1625 1656 0.143352 3.45121
1625 1656 0.144499 3.46788
1625 1656 0.145646 3.48455
1625 1656 0.146793 3.50121
1625 1656 0.147939 3.51788
1625 1656 0.149086 3.53454
1625 1656 0.150233 3.55121
1625 1656 0.15138 3.56788
1625 1656 0.152527 3.58454
1625 1656 0.153674 3.60121
1625 1656 0.15482 3.61788
1625 1656 0.155967 3.63454
1625 1656 0.157114 3.65121
1625 1656 0.158261 3.66788
1625 1656 0.159408 3.68454
1625 1656 0.160554 3.70121
1625 1656 0.161701 3.71788
1625 1656 0.162848 3.73454
1625 1656 0.163995 3.75121
1625 1656 0.165142 3.76787
1625 1656 0.166289 3.78454
1625 1656 0.167435 3.80121
1625 1656 0.168582 3.81787
1625 1656 0.169729 3.83454
1625 1656 0.170876 3.85121
1625 1656 0.172023 3.86787
1625 1656 0.17317 3.88454
1625 1656 0.174316 3.90121
1625 1656 0.175463 3.91787
1625 1656 0.17661 3.93454
1625 1656 0.177757 3.95121
1625 1656 0.178904 3.96787
1625 1656 0.18005 3.98454
1625 1656 0.181197 4.0012
1625 1656 0.182344 4.01787
1624 1656 0.183491 4.03454
1624 1656 0.184638 4.0512
1624 1656 0.185785 4.06787
1624 1656 0.186931 4.08454
1624 1656 0.188078 4.1012
1624 1656 0.189225 4.11787
1624 1656 0.190372 4.13454
1624 1656 0.191519 4.1512
1624 1656 0.192666 4.16787
1624 1656 0.193812 4.18454
1624 1656 0.194959 4.2012
1623 1656 0.196106 4.21787
1623 1656 0.197253 4.23453
1623 1656 0.1984 4.2512
1622 1656 0.199546 4.26787
1622 1656 0.200693 4.28453
1622 1656 0.20184 4.3012
1622 1656 0.202987 4.31787
1622 1656 0.204134 4.33453
1622 1656 0.205281 4.3512
1622 1656 0.206427 4.36787
1622 1656 0.207574 4.38453
1622 1656 0.208721 4.4012
1622 1656 0.209868 4.41786
1622 1656 0.211015 4.43453
1622 1656 0.212162 4.4512
1622 1656 0.213308 4.46786
1622 1656 0.214455 4.48453
1622 1656 0.215602 4.5012
1622 1656 0.216749 4.51786
1622 1656 0.217896 4.53453
1622 1656 0.219042 4.5512
1622 1656 0.220189 4.56786
1622 1656 0.221336 4.58453
1622 1656 0.222483 4.6012
1622 1656 0.22363 4.61786
1622 1656 0.224777 4.63453
1622 1656 0.225923 4.65119
1622 1656 0.22707 4.66786
1622 1656 0.228217 4.68453
1622 1656 0.229364 4.70119
1622 1656 0.230511 4.71786
1622 1656 0.231658 4.73453
1622 1656 0.232804 4.75119
1622 1656 0.233951 4.76786
1622 1656 0.235098 4.78453
1622 1656 0.236245 4.80119
1622 1656 0.237392 4.81786
1622 1656 0.238538 4.83453
1622 1656 0.239685 4.85119
1622 1656 0.240832 4.86786
1622 1656 0.241979 4.88452
1622 1656 0.243126 4.90119
1622 1656 0.244273 4.91786
1622 1656 0.245419 4.93452
1622 1656 0.246566 4.95119
1622 1656 0.247713 4.96786
1622 1656 0.24886 4.98452
1622 1656 0.250007 5.00119
1622 1656 0.251153 5.01786
1622 1656 0.2523 5.03452
1622 1656 0.253447 5.05119
1622 1656 0.254594 5.06785
1622 1656 0.255741 5.08452
1622 1656 0.256888 5.10119
1622 1656 0.258034 5.11785
1622 1656 0.259181 5.13452
1622 1656 0.260328 5.15119
1622 1656 0.261475 5.16785
1622 1656 0.262622 5.18452
1622 1656 0.263769 5.20119
1622 1656 0.264915 5.21785
1622 1656 0.266062 5.23452
1622 1656 0.267209 5.25119
1622 1656 0.268356 5.26785
1622 1656 0.269503 5.28452
1622 1656 0.270649 5.30118
1622 1656 0.271796 5.31785
1622 1656 0.272943 5.33452
1622 1656 0.27409 5.35118
1622 1656 0.275237 5.36785
1622 1656 0.276384 5.38452
1622 1656 0.27753 5.40118
1622 1656 0.278677 5.41785
1622 1656 0.279824 5.43452
1622 1656 0.280971 5.45118
1622 1656 0.282118 5.46785
1622 1656 0.283265 5.48452
1622 1656 0.284411 5.50118
1622 1656 0.285558 5.51785
1622 1656 0.286705 5.53451
1622 1656 0.287852 5.55118
1622 1656 0.288999 5.56785
1622 1656 0.290145 5.58451
1622 1656 0.291292 5.60118
1622 1656 0.292439 5.61785
1622 1656 0.293586 5.63451
1622 1656 0.294733 5.65118
1622 1656 0.29588 5.66785
1622 1656 0.297026 5.68451
1622 1656 0.298173 5.70118
1622 1656 0.29932 5.71784
1622 1656 0.300467 5.73451
1622 1656 0.301614 5.75118
1622 1656 0.302761 5.76784
1622 1656 0.303907 5.78451
1622 1656 0.305054 5.80118
1622 1656 0.306201 5.81784
1622 1656 0.307348 5.83451
1622 1656 0.308495 5.85118
1622 1656 0.309641 5.86784
1622 1656 0.310788 5.88451
1622 1656 0.311935 5.90118
1622 1656 0.313082 5.91784
1622 1656 0.314229 5.93451
1622 1656 0.315376 5.95117
1622 1656 0.316522 5.96784
1622 1656 0.317669 5.98451
1622 1656 0.318816 6.00117
1622 1656 0.319963 6.01784
1622 1656 0.32111 6.03451
1622 1656 0.322257 6.05117
1622 1656 0.323403 6.06784
1622 1656 0.32455 6.08451
1622 1656 0.325697 6.10117
1622 1656 0.326844 6.11784
1622 1656 0.327991 6.13451
1622 1656 0.329137 6.15117
1622 1656 0.330284 6.16784
1622 1656 0.331431 6.1845
1622 1656 0.332578 6.20117
1622 1656 0.333725 6.21784
1622 1656 0.334872 6.2345
1622 1656 0.336018 6.25117
1622 1656 0.337165 6.26784
1622 1656 0.338312 6.2845
1621 1656 0.339459 6.30117
1621 1656 0.340606 6.31784
1621 1656 0.341753 6.3345
1621 1656 0.342899 6.35117
1621 1656 0.344046 6.36784
1621 1656 0.345193 6.3845
1620 1656 0.34634 6.40117
1620 1656 0.347487 6.41783
1620 1656 0.348633 6.4345
1620 1656 0.34978 6.45117
1620 1656 0.350927 6.46783
1620 1656 0.352074 6.4845
1620 1656 0.353221 6.50117
1620 1656 0.354368 6.51783
1620 1656 0.355514 6.5345
1620 1656 0.356661 6.55117
1619 1656 0.357808 6.56783
1619 1656 0.358955 6.5845
1619 1656 0.360102 6.60116
1619 1656 0.361249 6.61783
1619 1656 0.362395 6.6345
1619 1656 0.363542 6.65116
1619 1656 0.364689 6.66783
1619 1656 0.365836 6.6845
1619 1656 0.366983 6.70116
1619 1656 0.368129 6.71783
1618 1656 0.369276 6.7345
1618 1656 0.370423 6.75116
1618 1656 0.37157 6.76783
1618 1656 0.372717 6.7845
1618 1656 0.373864 6.80116
1618 1656 0.37501 6.81783
1618 1656 0.376157 6.83449
1618 1656 0.377304 6.85116
1618 1656 0.378451 6.86783
1618 1656 0.379598 6.88449
1618 1656 0.380745 6.90116
1618 1656 0.381891 6.91783
1618 1656 0.383038 6.93449
1618 1656 0.384185 6.95116
1618 1656 0.385332 6.96783
1618 1656 0.386479 6.98449
1618 1656 0.387625 7.00116
1618 1656 0.388772 7.01783
1618 1656 0.389919 7.03449
1618 1656 0.391066 7.05116
1618 1656 0.392213 7.06782
1618 1656 0.39336 7.08449
1618 1656 0.394506 7.10116
1618 1656 0.395653 7.11782
1618 1656 0.3968 7.13449
1618 1656 0.397947 7.15116
1618 1656 0.399094 7.16782
1618 1656 0.400241 7.18449
1618 1656 0.401387 7.20116
1618 1656 0.402534 7.21782
1618 1656 0.403681 7.23449
1618 1656 0.404828 7.25115
1618 1656 0.405975 7.26782
1618 1656 0.407121 7.28449
1618 1656 0.408268 7.30115
1618 1656 0.409415 7.31782
1618 1656 0.410562 7.33449
1618 1656 0.411709 7.35115
1618 1656 0.412856 7.36782
1618 1656 0.414002 7.38449
1618 1656 0.415149 7.40115
1618 1656 0.416296 7.41782
1618 1656 0.417443 7.43449
1618 1656 0.41859 7.45115
1618 1656 0.419737 7.46782
1618 1656 0.420883 7.48448
1618 1656 0.42203 7.50115
1618 1656 0.423177 7.51782
1618 1656 0.424324 7.53448
1617 1656 0.425471 7.55115
1617 1656 0.426617 7.56782
1617 1656 0.427764 7.58448
1617 1656 0.428911 7.60115
1616 1656 0.430058 7.61782
1616 1656 0.431205 7.63448
1616 1656 0.432352 7.65115
1616 1656 0.433498 7.66782
1616 1656 0.434645 7.68448
1616 1656 0.435792 7.70115
1616 1656 0.436939 7.71781
1616 1656 0.438086 7.73448
1616 1656 0.439232 7.75115
1615 1656 0.440379 7.76781
1615 1656 0.441526 7.78448
1615 1656 0.442673 7.80115
1615 1656 0.44382 7.81781
1615 1656 0.444967 7.83448
1615 1656 0.446113 7.85115
1615 1656 0.44726 7.86781
1615 1656 0.448407 7.88448
1615 1656 0.449554 7.90114
1614 1656 0.450701 7.91781
1614 1656 0.451848 7.93448
1614 1656 0.452994 7.95114
1614 1656 0.454141 7.96781
1614 1656 0.455288 7.98448
1614 1656 0.456435 8.00114
1614 1656 0.457582 8.01781
1614 1656 0.458728 8.03448
1614 1656 0.459875 8.05114
1614 1656 0.461022 8.06781
1614 1656 0.462169 8.08448
1614 1656 0.463316 8.10114
1614 1656 0.464463 8.11781
1614 1656 0.465609 8.13447
1613 1656 0.466756 8.15114
1613 1656 0.467903 8.16781
1613 1656 0.46905 8.18447
1613 1656 0.470197 8.20114
1613 1656 0.471344 8.21781
1613 1656 0.47249 8.23447
1613 1656 0.473637 8.25114
1613 1656 0.474784 8.26781
1613 1656 0.475931 8.28447
1613 1656 0.477078 8.30114
1613 1656 0.478224 8.31781
1613 1656 0.479371 8.33447
1613 1656 0.480518 8.35114
1613 1656 0.481665 8.3678
1613 1656 0.482812 8.38447
1613 1656 0.483959 8.40114
1613 1656 0.485105 8.4178
1613 1656 0.486252 8.43447
1613 1656 0.487399 8.45114
1613 1656 0.488546 8.4678
1613 1656 0.489693 8.48447
1613 1656 0.49084 8.50114
1613 1656 0.491986 8.5178
1613 1656 0.493133 8.53447
1613 1656 0.49428 8.55114
1613 1656 0.495427 8.5678
1613 1656 0.496574 8.58447
1613 1656 0.49772 8.60113
1613 1656 0.498867 8.6178
1613 1656 0.500014 8.63447
1613 1656 0.501161 8.65113
1613 1656 0.502308 8.6678
1613 1656 0.503455 8.68447
1613 1656 0.504601 8.70113
1613 1656 0.505748 8.7178
1613 1656 0.506895 8.73447
1613 1656 0.508042 8.75113
1613 1656 0.509188 8.7678
1613 1656 0.510335 8.78446
1613 1656 0.511482 8.80113
1613 1656 0.512629 8.8178
1613 1656 0.513776 8.83446
1613 1656 0.514922 8.85113
1613 1656 0.516069 8.8678
1613 1656 0.517216 8.88446
1613 1656 0.518363 8.90113
1613 1656 0.51951 8.9178
1613 1656 0.520656 8.93446
1613 1656 0.521803 8.95113
1613 1656 0.52295 8.9678
1613 1656 0.524097 8.98446
1613 1656 0.525244 9.00113
1613 1656 0.52639 9.01779
1613 1656 0.527537 9.03446
1613 1656 0.528684 9.05113
1613 1656 0.529831 9.06779
1613 1656 0.530978 9.08446
1612 1656 0.532124 9.10113
1612 1656 0.533271 9.11779
1612 1656 0.534418 9.13446
1611 1656 0.535565 9.15113
1611 1656 0.536712 9.16779
1611 1656 0.537858 9.18446
1611 1656 0.539005 9.20113
1611 1656 0.540152 9.21779
1611 1656 0.541299 9.23446
1611 1656 0.542445 9.25112
1611 1656 0.543592 9.26779
1611 1656 0.544739 9.28446
1611 1656 0.545886 9.30112
1611 1656 0.547033 9.31779
1611 1656 0.548179 9.33446
1611 1656 0.549326 9.35112
1611 1656 0.550473 9.36779
1610 1656 0.55162 9.38446
1609 1656 0.552767 9.40112
1609 1656 0.553913 9.41779
1609 1656 0.55506 9.43445
1609 1656 0.556207 9.45112
1609 1656 0.557354 9.46779
1609 1656 0.558501 9.48445
1609 1656 0.559647 9.50112
1609 1656 0.560794 9.51779
1609 1656 0.561941 9.53445
1609 1656 0.563088 9.55112
1608 1656 0.564235 9.56779
1608 1656 0.565381 9.58445
1608 1656 0.566528 9.60112
1608 1656 0.567675 9.61779
1608 1656 0.568822 9.63445
1608 1656 0.569969 9.65112
1608 1656 0.571115 9.66778
1608 1656 0.572262 9.68445
1608 1656 0.573409 9.70112
1608 1656 0.574556 9.71778
1608 1656 0.575702 9.73445
1608 1656 0.576849 9.75112
1608 1656 0.577996 9.76778
1608 1656 0.579143 9.78445
1608 1656 0.58029 9.80112
1606 1656 0.581436 9.81778
1606 1656 0.582583 9.83445
1606 1656 0.58373 9.85112
1606 1656 0.584877 9.86778
1606 1656 0.586024 9.88445
1606 1656 0.58717 9.90111
1606 1656 0.588317 9.91778
1606 1656 0.589464 9.93445
1606 1656 0.590611 9.95111
1606 1656 0.591758 9.96778
1606 1656 0.592904 9.98445
1606 1656 0.594051 10.0011
1606 1656 0.595198 10.0178
1606 1656 0.596345 10.0344
1606 1656 0.597492 10.0511
1606 1656 0.598638 10.0678
1606 1656 0.599785 10.0844
1606 1656 0.600932 10.1011
1606 1656 0.602079 10.1178
1606 1656 0.603226 10.1344
1606 1656 0.604372 10.1511
1606 1656 0.605519 10.1678
1606 1656 0.606666 10.1844
1606 1656 0.607813 10.2011
1606 1656 0.608959 10.2178
1606 1656 0.610106 10.2344
1606 1656 0.611253 10.2511
1606 1656 0.6124 10.2678
1606 1656 0.613547 10.2844
1606 1656 0.614693 10.3011
1606 1656 0.61584 10.3178
1606 1656 0.616987 10.3344
1606 1656 0.618134 10.3511
1606 1656 0.619281 10.3678
1606 1656 0.620427 10.3844
1606 1656 0.621574 10.4011
1606 1656 0.622721 10.4178
1606 1656 0.623868 10.4344
1606 1656 0.625015 10.4511
1606 1656 0.626161 10.4678
1606 1656 0.627308 10.4844
1606 1656 0.628455 10.5011
1606 1656 0.629602 10.5178
1606 1656 0.630749 10.5344
1606 1656 0.631895 10.5511
1606 1656 0.633042 10.5678
1606 1656 0.634189 10.5844
1605 1656 0.635336 10.6011
1605 1656 0.636483 10.6178
1605 1656 0.637629 10.6344
1605 1656 0.638776 10.6511
1605 1656 0.639923 10.6678
1605 1656 0.64107 10.6844
1605 1656 0.642217 10.7011
1605 1656 0.643363 10.7178
1605 1656 0.64451 10.7344
1604 1656 0.645657 10.7511
1604 1656 0.646804 10.7678
1604 1656 0.64795 10.7844
1603 1656 0.649097 10.8011
1603 1656 0.650244 10.8178
1603 1656 0.651391 10.8344
1603 1656 0.652538 10.8511
1603 1656 0.653684 10.8678
1603 1656 0.654831 10.8844
1603 1656 0.655978 10.9011
1603 1656 0.657125 10.9178
1603 1656 0.658272 10.9344
1601 1656 0.659418 10.9511
1601 1656 0.660565 10.9678
1601 1656 0.661712 10.9844
1601 1656 0.662859 11.0011
1601 1656 0.664006 11.0178
1601 1656 0.665152 11.0344
1601 1656 0.666299 11.0511
1601 1656 0.667446 11.0678
1601 1656 0.668593 11.0844
1601 1656 0.66974 11.1011
1601 1656 0.670886 11.1178
1600 1656 0.672033 11.1344
1600 1656 0.67318 11.1511
1600 1656 0.674327 11.1678
1600 1656 0.675474 11.1844
1600 1656 0.67662 11.2011
1600 1656 0.677767 11.2178
1600 1656 0.678914 11.2344
1599 1656 0.680061 11.2511
1599 1656 0.681207 11.2678
1599 1656 0.682354 11.2844
1599 1656 0.683501 11.3011
1599 1656 0.684648 11.3178
1598 1656 0.685795 11.3344
1598 1656 0.686941 11.3511
1598 1656 0.688088 11.3678
1598 1656 0.689235 11.3844
1598 1656 0.690382 11.4011
1598 1656 0.691529 11.4178
1598 1656 0.692675 11.4344
1598 1656 0.693822 11.4511
1598 1656 0.694969 11.4678
1598 1656 0.696116 11.4844
1598 1656 0.697263 11.5011
1598 1656 0.698409 11.5178
1598 1656 0.699556 11.5344
1598 1656 0.700703 11.5511
1598 1656 0.70185 11.5678
1597 1656 0.702997 11.5844
1597 1656 0.704143 11.6011
1597 1656 0.70529 11.6178
1597 1656 0.706437 11.6344
1597 1656 0.707584 11.6511
1597 1656 0.708731 11.6678
1597 1656 0.709877 11.6844
1597 1656 0.711024 11.7011
1596 1656 0.712171 11.7178
1596 1656 0.713318 11.7344
1596 1656 0.714464 11.7511
1596 1656 0.715611 11.7678
1596 1656 0.716758 11.7844
1596 1656 0.717905 11.8011
1596 1656 0.719052 11.8178
1596 1656 0.720198 11.8344
1596 1656 0.721345 11.8511
1596 1656 0.722492 11.8678
1596 1656 0.723639 11.8844
1596 1656 0.724786 11.9011
1596 1656 0.725932 11.9178
1596 1656 0.727079 11.9344
1596 1656 0.728226 11.9511
1596 1656 0.729373 11.9677
1596 1656 0.73052 11.9844
1596 1656 0.731666 12.0011
1596 1656 0.732813 12.0177
1596 1656 0.73396 12.0344
1596 1656 0.735107 12.0511
1596 1656 0.736254 12.0677
1596 1656 0.7374 12.0844
1596 1656 0.738547 12.1011
1596 1656 0.739694 12.1177
1596 1656 0.740841 12.1344
1596 1656 0.741988 12.1511
1596 1656 0.743134 12.1677
1596 1656 0.744281 12.1844
1596 1656 0.745428 12.2011
1596 1656 0.746575 12.2177
1596 1656 0.747721 12.2344
1596 1656 0.748868 12.2511
1596 1656 0.750015 12.2677
1596 1656 0.751162 12.2844
1596 1656 0.752309 12.3011
1596 1656 0.753455 12.3177
1596 1656 0.754602 12.3344
1596 1656 0.755749 12.3511
1596 1656 0.756896 12.3677
1596 1656 0.758043 12.3844
1595 1656 0.759189 12.4011
1595 1656 0.760336 12.4177
1595 1656 0.761483 12.4344
1593 1656 0.76263 12.4511
1593 1656 0.763777 12.4677
1593 1656 0.764923 12.4844
1593 1656 0.76607 12.5011
1593 1656 0.767217 12.5177
1593 1656 0.768364 12.5344
1593 1656 0.769511 12.5511
1592 1656 0.770657 12.5677
1592 1656 0.771804 12.5844
1592 1656 0.772951 12.6011
1592 1656 0.774098 12.6177
1591 1656 0.775245 12.6344
1591 1656 0.776391 12.6511
1590 1656 0.777538 12.6677
1590 1656 0.778685 12.6844
1590 1656 0.779832 12.7011
1590 1656 0.780979 12.7177
1590 1656 0.782125 12.7344
1590 1656 0.783272 12.7511
1590 1656 0.784419 12.7677
1590 1656 0.785566 12.7844
1590 1656 0.786712 12.8011
1590 1656 0.787859 12.8177
1590 1656 0.789006 12.8344
1588 1656 0.790153 12.8511
1588 1656 0.7913 12.8677
1588 1656 0.792446 12.8844
1588 1656 0.793593 12.9011
1588 1656 0.79474 12.9177
1588 1656 0.795887 12.9344
1588 1656 0.797034 12.9511
1588 1656 0.79818 12.9677
1588 1656 0.799327 12.9844
1586 1656 0.800474 13.0011
1586 1656 0.801621 13.0177
1586 1656 0.802768 13.0344
1586 1656 0.803914 13.0511
1586 1656 0.805061 13.0677
1586 1656 0.806208 13.0844
1586 1656 0.807355 13.1011
1586 1656 0.808502 13.1177
1585 1656 0.809648 13.1344
1585 1656 0.810795 13.1511
1585 1656 0.811942 13.1677
1584 1656 0.813089 13.1844
1584 1656 0.814236 13.2011
1584 1656 0.815382 13.2177
1584 1656 0.816529 13.2344
1584 1656 0.817676 13.2511
1584 1656 0.818823 13.2677
1584 1656 0.819969 13.2844
1584 1656 0.821116 13.3011
1584 1656 0.822263 13.3177
1584 1656 0.82341 13.3344
1584 1656 0.824557 13.3511
1584 1656 0.825703 13.3677
1584 1656 0.82685 13.3844
1584 1656 0.827997 13.4011
1584 1656 0.829144 13.4177
1584 1656 0.830291 13.4344
1584 1656 0.831437 13.4511
1584 1656 0.832584 13.4677
1584 1656 0.833731 13.4844
1584 1656 0.834878 13.5011
1584 1656 0.836025 13.5177
1584 1656 0.837171 13.5344
1584 1656 0.838318 13.5511
1582 1656 0.839465 13.5677
1582 1656 0.840612 13.5844
1582 1656 0.841759 13.6011
1582 1656 0.842905 13.6177
1582 1656 0.844052 13.6344
1582 1656 0.845199 13.6511
1582 1656 0.846346 13.6677
1582 1656 0.847493 13.6844
1581 1656 0.848639 13.7011
1581 1656 0.849786 13.7177
1581 1656 0.850933 13.7344
1581 1656 0.85208 13.7511
1581 1656 0.853226 13.7677
1581 1656 0.854373 13.7844
1581 1656 0.85552 13.8011
1581 1656 0.856667 13.8177
1581 1656 0.857814 13.8344
1580 1656 0.85896 13.8511
1580 1656 0.860107 13.8677
1579 1656 0.861254 13.8844
1579 1656 0.862401 13.9011
1579 1656 0.863548 13.9177
1578 1656 0.864694 13.9344
1578 1656 0.865841 13.9511
1578 1656 0.866988 13.9677
1578 1656 0.868135 13.9844
1578 1656 0.869282 14.0011
1578 1656 0.870428 14.0177
1577 1656 0.871575 14.0344
1577 1656 0.872722 14.0511
1577 1656 0.873869 14.0677
1577 1656 0.875016 14.0844
1577 1656 0.876162 14.1011
1576 1656 0.877309 14.1177
1576 1656 0.878456 14.1344
1576 1656 0.879603 14.151
1576 1656 0.88075 14.1677
1576 1656 0.881896 14.1844
1575 1656 0.883043 14.201
1575 1656 0.88419 14.2177
1575 1656 0.885337 14.2344
1574 1656 0.886483 14.251
1574 1656 0.88763 14.2677
1574 1656 0.888777 14.2844
1574 1656 0.889924 14.301
1574 1656 0.891071 14.3177
1574 1656 0.892217 14.3344
1574 1656 0.893364 14.351
1572 1656 0.894511 14.3677
1572 1656 0.895658 14.3844
1572 1656 0.896805 14.401
1571 1656 0.897951 14.4177
1571 1656 0.899098 14.4344
1571 1656 0.900245 14.451
1571 1656 0.901392 14.4677
1571 1656 0.902539 14.4844
1571 1656 0.903685 14.501
1571 1656 0.904832 14.5177
1571 1656 0.905979 14.5344
1571 1656 0.907126 14.551
1571 1656 0.908273 14.5677
1569 1656 0.909419 14.5844
1569 1656 0.910566 14.601
1569 1656 0.911713 14.6177
1569 1656 0.91286 14.6344
1568 1656 0.914007 14.651
1567 1656 0.915153 14.6677
1567 1656 0.9163 14.6844
1567 1656 0.917447 14.701
1566 1656 0.918594 14.7177
1566 1656 0.91974 14.7344
1566 1656 0.920887 14.751
1566 1656 0.922034 14.7677
1564 1656 0.923181 14.7844
1563 1656 0.924328 14.801
1563 1656 0.925474 14.8177
1563 1656 0.926621 14.8344
1563 1656 0.927768 14.851
1562 1656 0.928915 14.8677
1562 1656 0.930062 14.8844
1560 1656 0.931208 14.901
1560 1656 0.932355 14.9177
1560 1656 0.933502 14.9344
1558 1656 0.934649 14.951
1558 1656 0.935796 14.9677
1558 1656 0.936942 14.9844
1558 1656 0.938089 15.001
1557 1656 0.939236 15.0177
1557 1656 0.940383 15.0344
1557 1656 0.94153 15.051
1557 1656 0.942676 15.0677
1555 1656 0.943823 15.0844
1555 1656 0.94497 15.101
1554 1656 0.946117 15.1177
1554 1656 0.947264 15.1344
1554 1656 0.94841 15.151
1553 1656 0.949557 15.1677
1553 1656 0.950704 15.1844
1552 1656 0.951851 15.201
1552 1656 0.952998 15.2177
1551 1656 0.954144 15.2344
1551 1656 0.955291 15.251
1551 1656 0.956438 15.2677
1549 1656 0.957585 15.2844
1549 1656 0.958731 15.301
1548 1656 0.959878 15.3177
1547 1656 0.961025 15.3344
1546 1656 0.962172 15.351
1546 1656 0.963319 15.3677
1546 1656 0.964465 15.3844
1545 1656 0.965612 15.401
1544 1656 0.966759 15.4177
1544 1656 0.967906 15.4344
1543 1656 0.969053 15.451
1543 1656 0.970199 15.4677
1542 1656 0.971346 15.4844
1542 1656 0.972493 15.501
1541 1656 0.97364 15.5177
1541 1656 0.974787 15.5344
1540 1656 0.975933 15.551
1540 1656 0.97708 15.5677
1540 1656 0.978227 15.5844
1539 1656 0.979374 15.601
1539 1656 0.980521 15.6177
1539 1656 0.981667 15.6344
1539 1656 0.982814 15.651
1539 1656 0.983961 15.6677
1537 1656 0.985108 15.6844
1537 1656 0.986255 15.701
1537 1656 0.987401 15.7177
1536 1656 0.988548 15.7344
1535 1656 0.989695 15.751
1534 1656 0.990842 15.7677
1534 1656 0.991988 15.7844
1533 1656 0.993135 15.801
1533 1656 0.994282 15.8177
1533 1656 0.995429 15.8344
1531 1656 0.996576 15.851
1531 1656 0.997722 15.8677
1531 1656 0.998869 15.8844
1529 1656 1.00002 15.901
1529 1656 1.00116 15.9177
1528 1656 1.00231 15.9344
1527 1656 1.00346 15.951
1527 1656 1.0046 15.9677
1526 1656 1.00575 15.9844
1525 1656 1.0069 16.001
1525 1656 1.00804 16.0177
1525 1656 1.00919 16.0344
1525 1656 1.01034 16.051
1524 1656 1.01148 16.0677
1523 1656 1.01263 16.0844
1523 1656 1.01378 16.101
1523 1656 1.01492 16.1177
1522 1656 1.01607 16.1344
1522 1656 1.01722 16.151
1521 1656 1.01836 16.1677
1521 1656 1.01951 16.1844
1521 1656 1.02066 16.201
1521 1656 1.02181 16.2177
1520 1656 1.02295 16.2344
1519 1656 1.0241 16.251
1519 1656 1.02525 16.2677
1519 1656 1.02639 16.2844
1518 1656 1.02754 16.301
1517 1656 1.02869 16.3177
1517 1656 1.02983 16.3344
1516 1656 1.03098 16.351
1515 1656 1.03213 16.3677
1514 1656 1.03327 16.3843
1514 1656 1.03442 16.401
1513 1656 1.03557 16.4177
1512 1656 1.03671 16.4343
1510 1656 1.03786 16.451
1510 1656 1.03901 16.4677
1510 1656 1.04015 16.4843
1508 1656 1.0413 16.501
1508 1656 1.04245 16.5177
1507 1656 1.04359 16.5343
1507 1656 1.04474 16.551
1506 1656 1.04589 16.5677
1505 1656 1.04703 16.5843
1503 1656 1.04818 16.601
1503 1656 1.04933 16.6177
1502 1656 1.05048 16.6343
1501 1656 1.05162 16.651
1501 1656 1.05277 16.6677
1499 1656 1.05392 16.6843
1499 1656 1.05506 16.701
1498 1656 1.05621 16.7177
1497 1656 1.05736 16.7343
1496 1656 1.0585 16.751
1495 1656 1.05965 16.7677
1495 1656 1.0608 16.7843
1495 1656 1.06194 16.801
1493 1656 1.06309 16.8177
1491 1656 1.06424 16.8343
1491 1656 1.06538 16.851
1490 1656 1.06653 16.8677
1490 1656 1.06768 16.8843
1488 1656 1.06882 16.901
1487 1656 1.06997 16.9177
1487 1656 1.07112 16.9343
1486 1656 1.07226 16.951
1486 1656 1.07341 16.9677
1485 1656 1.07456 16.9843
1484 1656 1.0757 17.001
1483 1656 1.07685 17.0177
1483 1656 1.078 17.0343
1482 1656 1.07914 17.051
1482 1656 1.08029 17.0677
1480 1656 1.08144 17.0843
1479 1656 1.08259 17.101
1478 1656 1.08373 17.1177
1478 1656 1.08488 17.1343
1477 1656 1.08603 17.151
1475 1656 1.08717 17.1677
1475 1656 1.08832 17.1843
1475 1656 1.08947 17.201
1472 1656 1.09061 17.2177
1471 1656 1.09176 17.2343
1470 1656 1.09291 17.251
1470 1656 1.09405 17.2677
1468 1656 1.0952 17.2843
1468 1656 1.09635 17.301
1467 1656 1.09749 17.3177
1467 1656 1.09864 17.3343
1465 1656 1.09979 17.351
1465 1656 1.10093 17.3677
1463 1656 1.10208 17.3843
1462 1656 1.10323 17.401
1462 1656 1.10437 17.4177
1461 1656 1.10552 17.4343
1460 1656 1.10667 17.451
1460 1656 1.10781 17.4677
1458 1656 1.10896 17.4843
1458 1656 1.11011 17.501
1457 1656 1.11126 17.5177
1457 1656 1.1124 17.5343
1457 1656 1.11355 17.551
1456 1656 1.1147 17.5677
1456 1656 1.11584 17.5843
1456 1656 1.11699 17.601
1456 1656 1.11814 17.6177
1456 1656 1.11928 17.6343
1454 1656 1.12043 17.651
1454 1656 1.12158 17.6677
1454 1656 1.12272 17.6843
1454 1656 1.12387 17.701
1452 1656 1.12502 17.7177
1452 1656 1.12616 17.7343
1452 1656 1.12731 17.751
1451 1656 1.12846 17.7677
1450 1656 1.1296 17.7843
1449 1656 1.13075 17.801
1448 1656 1.1319 17.8177
1448 1656 1.13304 17.8343
1447 1656 1.13419 17.851
1446 1656 1.13534 17.8677
1445 1656 1.13648 17.8843
1444 1656 1.13763 17.901
1444 1656 1.13878 17.9177
1442 1656 1.13992 17.9343
1441 1656 1.14107 17.951
1440 1656 1.14222 17.9677
1440 1656 1.14337 17.9843
1437 1656 1.14451 18.001
1436 1656 1.14566 18.0177
1435 1656 1.14681 18.0343
1434 1656 1.14795 18.051
1433 1656 1.1491 18.0677
1432 1656 1.15025 18.0843
1432 1656 1.15139 18.101
1430 1656 1.15254 18.1177
1430 1656 1.15369 18.1343
1429 1656 1.15483 18.151
1428 1656 1.15598 18.1677
1426 1656 1.15713 18.1843
1425 1656 1.15827 18.201
1425 1656 1.15942 18.2177
1423 1656 1.16057 18.2343
1423 1656 1.16171 18.251
1423 1656 1.16286 18.2677
1420 1656 1.16401 18.2843
1420 1656 1.16515 18.301
1419 1656 1.1663 18.3177
1418 1656 1.16745 18.3343
1417 1656 1.16859 18.351
1415 1656 1.16974 18.3677
1413 1656 1.17089 18.3843
1413 1656 1.17204 18.401
1413 1656 1.17318 18.4177
1412 1656 1.17433 18.4343
1411 1656 1.17548 18.451
1411 1656 1.17662 18.4677
1411 1656 1.17777 18.4843
1409 1656 1.17892 18.501
1407 1656 1.18006 18.5177
1407 1656 1.18121 18.5343
1406 1656 1.18236 18.551
1405 1656 1.1835 18.5676
1404 1656 1.18465 18.5843
1403 1656 1.1858 18.601
1402 1656 1.18694 18.6176
1402 1656 1.18809 18.6343
1400 1656 1.18924 18.651
1400 1656 1.19038 18.6676
1399 1656 1.19153 18.6843
1398 1656 1.19268 18.701
1397 1656 1.19382 18.7176
1395 1656 1.19497 18.7343
1394 1656 1.19612 18.751
1394 1656 1.19726 18.7676
1392 1656 1.19841 18.7843
1390 1656 1.19956 18.801
1390 1656 1.2007 18.8176
1388 1656 1.20185 18.8343
1388 1656 1.203 18.851
1386 1656 1.20415 18.8676
1385 1656 1.20529 18.8843
1384 1656 1.20644 18.901
1383 1656 1.20759 18.9176
1382 1656 1.20873 18.9343
1379 1656 1.20988 18.951
1379 1656 1.21103 18.9676
1379 1656 1.21217 18.9843
1377 1656 1.21332 19.001
1376 1656 1.21447 19.0176
1375 1656 1.21561 19.0343
1372 1656 1.21676 19.051
1371 1656 1.21791 19.0676
1371 1656 1.21905 19.0843
1370 1656 1.2202 19.101
1368 1656 1.22135 19.1176
1368 1656 1.22249 19.1343
1368 1656 1.22364 19.151
1366 1656 1.22479 19.1676
1364 1656 1.22593 19.1843
1363 1656 1.22708 19.201
1363 1656 1.22823 19.2176
1361 1656 1.22937 19.2343
1360 1656 1.23052 19.251
1359 1656 1.23167 19.2676
1358 1656 1.23282 19.2843
1358 1656 1.23396 19.301
1356 1656 1.23511 19.3176
1355 1656 1.23626 19.3343
1354 1656 1.2374 19.351
1353 1656 1.23855 19.3676
1352 1656 1.2397 19.3843
1350 1656 1.24084 19.401
1349 1656 1.24199 19.4176
1347 1656 1.24314 19.4343
1346 1656 1.24428 19.451
1344 1656 1.24543 19.4676
1343 1656 1.24658 19.4843
1341 1656 1.24772 19.501
1341 1656 1.24887 19.5176
1341 1656 1.25002 19.5343
1341 1656 1.25116 19.551
1339 1656 1.25231 19.5676
1337 1656 1.25346 19.5843
1335 1656 1.2546 19.601
1335 1656 1.25575 19.6176
1333 1656 1.2569 19.6343
1333 1656 1.25804 19.651
1332 1656 1.25919 19.6676
1331 1656 1.26034 19.6843
1331 1656 1.26148 19.701
1330 1656 1.26263 19.7176
1329 1656 1.26378 19.7343
1329 1656 1.26493 19.751
1328 1656 1.26607 19.7676
1327 1656 1.26722 19.7843
1326 1656 1.26837 19.801
1324 1656 1.26951 19.8176
1324 1656 1.27066 19.8343
1321 1656 1.27181 19.851
1321 1656 1.27295 19.8676
1320 1656 1.2741 19.8843
1317 1656 1.27525 19.901
1317 1656 1.27639 19.9176
1314 1656 1.27754 19.9343
1314 1656 1.27869 19.951
1312 1656 1.27983 19.9676
1311 1656 1.28098 19.9843
1310 1656 1.28213 20.001
1309 1656 1.28327 20.0176
1307 1656 1.28442 20.0343
1306 1656 1.28557 20.051
1305 1656 1.28671 20.0676
1303 1656 1.28786 20.0843
1302 1656 1.28901 20.101
1301 1656 1.29015 20.1176
1300 1656 1.2913 20.1343
1300 1656 1.29245 20.151
1298 1656 1.2936 20.1676
1296 1656 1.29474 20.1843
1295 1656 1.29589 20.201
1295 1656 1.29704 20.2176
1294 1656 1.29818 20.2343
1291 1656 1.29933 20.251
1291 1656 1.30048 20.2676
1290 1656 1.30162 20.2843
1289 1656 1.30277 20.301
1288 1656 1.30392 20.3176
1287 1656 1.30506 20.3343
1287 1656 1.30621 20.351
1285 1656 1.30736 20.3676
1284 1656 1.3085 20.3843
1283 1656 1.30965 20.401
1282 1656 1.3108 20.4176
1280 1656 1.31194 20.4343
1280 1656 1.31309 20.451
1278 1656 1.31424 20.4676
1276 1656 1.31538 20.4843
1275 1656 1.31653 20.501
1275 1656 1.31768 20.5176
1273 1656 1.31882 20.5343
1271 1656 1.31997 20.551
1271 1656 1.32112 20.5676
1270 1656 1.32227 20.5843
1267 1656 1.32341 20.601
1266 1656 1.32456 20.6176
1265 1656 1.32571 20.6343
1263 1656 1.32685 20.651
1262 1656 1.328 20.6676
1260 1656 1.32915 20.6843
1259 1656 1.33029 20.701
1259 1656 1.33144 20.7176
1255 1656 1.33259 20.7343
1255 1656 1.33373 20.7509
1254 1656 1.33488 20.7676
1253 1656 1.33603 20.7843
1252 1656 1.33717 20.8009
1250 1656 1.33832 20.8176
1250 1656 1.33947 20.8343
1248 1656 1.34061 20.8509
1246 1656 1.34176 20.8676
1244 1656 1.34291 20.8843
1243 1656 1.34405 20.9009
1243 1656 1.3452 20.9176
1242 1656 1.34635 20.9343
1241 1656 1.34749 20.9509
1240 1656 1.34864 20.9676
1240 1656 1.34979 20.9843
1238 1656 1.35093 21.0009
1237 1656 1.35208 21.0176
1237 1656 1.35323 21.0343
1235 1656 1.35438 21.0509
1233 1656 1.35552 21.0676
1232 1656 1.35667 21.0843
1231 1656 1.35782 21.1009
1231 1656 1.35896 21.1176
1231 1656 1.36011 21.1343
1230 1656 1.36126 21.1509
1230 1656 1.3624 21.1676
1229 1656 1.36355 21.1843
1228 1656 1.3647 21.2009
1227 1656 1.36584 21.2176
1225 1656 1.36699 21.2343
1225 1656 1.36814 21.2509
1223 1656 1.36928 21.2676
1222 1656 1.37043 21.2843
1219 1656 1.37158 21.3009
1219 1656 1.37272 21.3176
1216 1656 1.37387 21.3343
1215 1656 1.37502 21.3509
1214 1656 1.37616 21.3676
1214 1656 1.37731 21.3843
1213 1656 1.37846 21.4009
1211 1656 1.3796 21.4176
1211 1656 1.38075 21.4343
1211 1656 1.3819 21.4509
1209 1656 1.38305 21.4676
1208 1656 1.38419 21.4843
1206 1656 1.38534 21.5009
1205 1656 1.38649 21.5176
1203 1656 1.38763 21.5343
1203 1656 1.38878 21.5509
1202 1656 1.38993 21.5676
1199 1656 1.39107 21.5843
1198 1656 1.39222 21.6009
1198 1656 1.39337 21.6176
1195 1656 1.39451 21.6343
1194 1656 1.39566 21.6509
1193 1656 1.39681 21.6676
1192 1656 1.39795 21.6843
1189 1656 1.3991 21.7009
1189 1656 1.40025 21.7176
1186 1656 1.40139 21.7343
1185 1656 1.40254 21.7509
1182 1656 1.40369 21.7676
1182 1656 1.40483 21.7843
1180 1656 1.40598 21.8009
1180 1656 1.40713 21.8176
1177 1656 1.40827 21.8343
1177 1656 1.40942 21.8509
1177 1656 1.41057 21.8676
1174 1656 1.41171 21.8843
1172 1656 1.41286 21.9009
1171 1656 1.41401 21.9176
1171 1656 1.41516 21.9343
1169 1656 1.4163 21.9509
1168 1656 1.41745 21.9676
1166 1656 1.4186 21.9843
1165 1656 1.41974 22.0009
1164 1656 1.42089 22.0176
1163 1656 1.42204 22.0343
1161 1656 1.42318 22.0509
1160 1656 1.42433 22.0676
1159 1656 1.42548 22.0843
1158 1656 1.42662 22.1009
1155 1656 1.42777 22.1176
1153 1656 1.42892 22.1343
1152 1656 1.43006 22.1509
1150 1656 1.43121 22.1676
1148 1656 1.43236 22.1843
1147 1656 1.4335 22.2009
1147 1656 1.43465 22.2176
1145 1656 1.4358 22.2343
1144 1656 1.43694 22.2509
1142 1656 1.43809 22.2676
1141 1656 1.43924 22.2843
1138 1656 1.44038 22.3009
1136 1656 1.44153 22.3176
1135 1656 1.44268 22.3343
1134 1656 1.44383 22.3509
1134 1656 1.44497 22.3676
1131 1656 1.44612 22.3843
1129 1656 1.44727 22.4009
1128 1656 1.44841 22.4176
1128 1656 1.44956 22.4343
1125 1656 1.45071 22.4509
1124 1656 1.45185 22.4676
1123 1656 1.453 22.4843
1121 1656 1.45415 22.5009
1119 1656 1.45529 22.5176
1119 1656 1.45644 22.5343
1117 1656 1.45759 22.5509
1115 1656 1.45873 22.5676
1115 1656 1.45988 22.5843
1113 1656 1.46103 22.6009
1112 1656 1.46217 22.6176
1111 1656 1.46332 22.6343
1108 1656 1.46447 22.6509
1108 1656 1.46561 22.6676
1108 1656 1.46676 22.6843
1105 1656 1.46791 22.7009
1105 1656 1.46905 22.7176
1102 1656 1.4702 22.7343
1101 1656 1.47135 22.7509
1099 1656 1.47249 22.7676
1098 1656 1.47364 22.7843
1097 1656 1.47479 22.8009
1095 1656 1.47594 22.8176
1093 1656 1.47708 22.8343
1091 1656 1.47823 22.8509
1090 1656 1.47938 22.8676
1088 1656 1.48052 22.8843
1086 1656 1.48167 22.9009
1086 1656 1.48282 22.9176
1085 1656 1.48396 22.9342
1083 1656 1.48511 22.9509
1081 1656 1.48626 22.9676
1081 1656 1.4874 22.9842
1079 1656 1.48855 23.0009
1078 1656 1.4897 23.0176
1075 1656 1.49084 23.0342
1075 1656 1.49199 23.0509
1074 1656 1.49314 23.0676
1072 1656 1.49428 23.0842
1071 1656 1.49543 23.1009
1070 1656 1.49658 23.1176
1068 1656 1.49772 23.1342
1066 1656 1.49887 23.1509
1063 1656 1.50002 23.1676
1063 1656 1.50116 23.1842
1060 1656 1.50231 23.2009
1059 1656 1.50346 23.2176
1056 1656 1.50461 23.2342
1056 1656 1.50575 23.2509
1056 1656 1.5069 23.2676
1053 1656 1.50805 23.2842
1052 1656 1.50919 23.3009
1051 1656 1.51034 23.3176
1050 1656 1.51149 23.3342
1049 1656 1.51263 23.3509
1047 1656 1.51378 23.3676
1045 1656 1.51493 23.3842
1044 1656 1.51607 23.4009
1041 1656 1.51722 23.4176
1039 1656 1.51837 23.4342
1039 1656 1.51951 23.4509
1036 1656 1.52066 23.4676
1034 1656 1.52181 23.4842
1033 1656 1.52295 23.5009
1032 1656 1.5241 23.5176
1030 1656 1.52525 23.5342
1028 1656 1.52639 23.5509
1027 1656 1.52754 23.5676
1023 1656 1.52869 23.5842
1023 1656 1.52983 23.6009
1023 1656 1.53098 23.6176
1019 1656 1.53213 23.6342
1019 1656 1.53328 23.6509
1018 1656 1.53442 23.6676
1014 1656 1.53557 23.6842
1013 1656 1.53672 23.7009
1012 1656 1.53786 23.7176
1010 1656 1.53901 23.7342
1007 1656 1.54016 23.7509
1007 1656 1.5413 23.7676
1005 1656 1.54245 23.7842
1003 1656 1.5436 23.8009
1000 1656 1.54474 23.8176
999 1656 1.54589 23.8342
999 1656 1.54704 23.8509
997 1656 1.54818 23.8676
996 1656 1.54933 23.8842
994 1656 1.55048 23.9009
994 1656 1.55162 23.9176
993 1656 1.55277 23.9342
990 1656 1.55392 23.9509
989 1656 1.55506 23.9676
988 1656 1.55621 23.9842
988 1656 1.55736 24.0009
984 1656 1.5585 24.0176
983 1656 1.55965 24.0342
983 1656 1.5608 24.0509
979 1656 1.56194 24.0676
977 1656 1.56309 24.0842
977 1656 1.56424 24.1009
974 1656 1.56539 24.1176
973 1656 1.56653 24.1342
971 1656 1.56768 24.1509
970 1656 1.56883 24.1676
968 1656 1.56997 24.1842
965 1656 1.57112 24.2009
965 1656 1.57227 24.2176
964 1656 1.57341 24.2342
963 1656 1.57456 24.2509
961 1656 1.57571 24.2676
961 1656 1.57685 24.2842
956 1656 1.578 24.3009
955 1656 1.57915 24.3176
954 1656 1.58029 24.3342
952 1656 1.58144 24.3509
950 1656 1.58259 24.3676
947 1656 1.58373 24.3842
947 1656 1.58488 24.4009
944 1656 1.58603 24.4176
943 1656 1.58717 24.4342
939 1656 1.58832 24.4509
937 1656 1.58947 24.4676
936 1656 1.59061 24.4842
935 1656 1.59176 24.5009
932 1656 1.59291 24.5176
931 1656 1.59406 24.5342
929 1656 1.5952 24.5509
926 1656 1.59635 24.5676
923 1656 1.5975 24.5842
920 1656 1.59864 24.6009
918 1656 1.59979 24.6176
916 1656 1.60094 24.6342
913 1656 1.60208 24.6509
913 1656 1.60323 24.6676
910 1656 1.60438 24.6842
909 1656 1.60552 24.7009
904 1656 1.60667 24.7176
904 1656 1.60782 24.7342
902 1656 1.60896 24.7509
901 1656 1.61011 24.7676
899 1656 1.61126 24.7842
896 1656 1.6124 24.8009
894 1656 1.61355 24.8176
893 1656 1.6147 24.8342
891 1656 1.61584 24.8509
890 1656 1.61699 24.8676
887 1656 1.61814 24.8842
886 1656 1.61928 24.9009
883 1656 1.62043 24.9176
881 1656 1.62158 24.9342
881 1656 1.62272 24.9509
878 1656 1.62387 24.9676
875 1656 1.62502 24.9842
874 1656 1.62617 25.0009
871 1656 1.62731 25.0176
870 1656 1.62846 25.0342
866 1656 1.62961 25.0509
865 1656 1.63075 25.0676
865 1656 1.6319 25.0842
861 1656 1.63305 25.1009
858 1656 1.63419 25.1175
856 1656 1.63534 25.1342
855 1656 1.63649 25.1509
855 1656 1.63763 25.1675
853 1656 1.63878 25.1842
851 1656 1.63993 25.2009
848 1656 1.64107 25.2175
846 1656 1.64222 25.2342
844 1656 1.64337 25.2509
844 1656 1.64451 25.2675
841 1656 1.64566 25.2842
839 1656 1.64681 25.3009
838 1656 1.64795 25.3175
835 1656 1.6491 25.3342
833 1656 1.65025 25.3509
832 1656 1.65139 25.3675
830 1656 1.65254 25.3842
828 1656 1.65369 25.4009
826 1656 1.65484 25.4175
824 1656 1.65598 25.4342
824 1656 1.65713 25.4509
821 1656 1.65828 25.4675
820 1656 1.65942 25.4842
815 1656 1.66057 25.5009
814 1656 1.66172 25.5175
814 1656 1.66286 25.5342
811 1656 1.66401 25.5509
809 1656 1.66516 25.5675
808 1656 1.6663 25.5842
805 1656 1.66745 25.6009
802 1656 1.6686 25.6175
800 1656 1.66974 25.6342
799 1656 1.67089 25.6509
798 1656 1.67204 25.6675
796 1656 1.67318 25.6842
793 1656 1.67433 25.7009
792 1656 1.67548 25.7175
789 1656 1.67662 25.7342
788 1656 1.67777 25.7509
786 1656 1.67892 25.7675
783 1656 1.68006 25.7842
782 1656 1.68121 25.8009
782 1656 1.68236 25.8175
781 1656 1.6835 25.8342
778 1656 1.68465 25.8509
777 1656 1.6858 25.8675
774 1656 1.68695 25.8842
772 1656 1.68809 25.9009
772 1656 1.68924 25.9175
770 1656 1.69039 25.9342
768 1656 1.69153 25.9509
765 1656 1.69268 25.9675
764 1656 1.69383 25.9842
762 1656 1.69497 26.0009
760 1656 1.69612 26.0175
759 1656 1.69727 26.0342
755 1656 1.69841 26.0509
754 1656 1.69956 26.0675
752 1656 1.70071 26.0842
749 1656 1.70185 26.1009
747 1656 1.703 26.1175
747 1656 1.70415 26.1342
745 1656 1.70529 26.1509
742 1656 1.70644 26.1675
741 1656 1.70759 26.1842
740 1656 1.70873 26.2009
737 1656 1.70988 26.2175
736 1656 1.71103 26.2342
735 1656 1.71217 26.2509
733 1656 1.71332 26.2675
731 1656 1.71447 26.2842
730 1656 1.71562 26.3009
729 1656 1.71676 26.3175
726 1656 1.71791 26.3342
725 1656 1.71906 26.3509
723 1656 1.7202 26.3675
720 1656 1.72135 26.3842
720 1656 1.7225 26.4009
718 1656 1.72364 26.4175
716 1656 1.72479 26.4342
715 1656 1.72594 26.4509
714 1656 1.72708 26.4675
713 1656 1.72823 26.4842
712 1656 1.72938 26.5009
709 1656 1.73052 26.5175
707 1656 1.73167 26.5342
706 1656 1.73282 26.5509
705 1656 1.73396 26.5675
705 1656 1.73511 26.5842
703 1656 1.73626 26.6009
702 1656 1.7374 26.6175
701 1656 1.73855 26.6342
698 1656 1.7397 26.6509
697 1656 1.74084 26.6675
696 1656 1.74199 26.6842
693 1656 1.74314 26.7009
693 1656 1.74428 26.7175
692 1656 1.74543 26.7342
690 1656 1.74658 26.7509
688 1656 1.74773 26.7675
686 1656 1.74887 26.7842
684 1656 1.75002 26.8009
683 1656 1.75117 26.8175
683 1656 1.75231 26.8342
680 1656 1.75346 26.8509
678 1656 1.75461 26.8675
676 1656 1.75575 26.8842
675 1656 1.7569 26.9009
673 1656 1.75805 26.9175
671 1656 1.75919 26.9342
669 1656 1.76034 26.9509
668 1656 1.76149 26.9675
667 1656 1.76263 26.9842
667 1656 1.76378 27.0009
664 1656 1.76493 27.0175
663 1656 1.76607 27.0342
660 1656 1.76722 27.0509
659 1656 1.76837 27.0675
657 1656 1.76951 27.0842
656 1656 1.77066 27.1009
655 1656 1.77181 27.1175
653 1656 1.77295 27.1342
652 1656 1.7741 27.1509
650 1656 1.77525 27.1675
649 1656 1.7764 27.1842
648 1656 1.77754 27.2009
646 1656 1.77869 27.2175
644 1656 1.77984 27.2342
643 1656 1.78098 27.2509
641 1656 1.78213 27.2675
639 1656 1.78328 27.2842
637 1656 1.78442 27.3008
637 1656 1.78557 27.3175
636 1656 1.78672 27.3342
633 1656 1.78786 27.3508
631 1656 1.78901 27.3675
629 1656 1.79016 27.3842
627 1656 1.7913 27.4008
627 1656 1.79245 27.4175
625 1656 1.7936 27.4342
624 1656 1.79474 27.4508
622 1656 1.79589 27.4675
621 1656 1.79704 27.4842
619 1656 1.79818 27.5008
617 1656 1.79933 27.5175
615 1656 1.80048 27.5342
614 1656 1.80162 27.5508
613 1656 1.80277 27.5675
610 1656 1.80392 27.5842
610 1656 1.80507 27.6008
607 1656 1.80621 27.6175
605 1656 1.80736 27.6342
603 1656 1.80851 27.6508
602 1656 1.80965 27.6675
602 1656 1.8108 27.6842
600 1656 1.81195 27.7008
598 1656 1.81309 27.7175
596 1656 1.81424 27.7342
594 1656 1.81539 27.7508
593 1656 1.81653 27.7675
592 1656 1.81768 27.7842
591 1656 1.81883 27.8008
590 1656 1.81997 27.8175
588 1656 1.82112 27.8342
587 1656 1.82227 27.8508
584 1656 1.82341 27.8675
584 1656 1.82456 27.8842
581 1656 1.82571 27.9008
580 1656 1.82685 27.9175
579 1656 1.828 27.9342
577 1656 1.82915 27.9508
575 1656 1.83029 27.9675
574 1656 1.83144 27.9842
571 1656 1.83259 28.0008
571 1656 1.83373 28.0175
569 1656 1.83488 28.0342
568 1656 1.83603 28.0508
566 1656 1.83718 28.0675
565 1656 1.83832 28.0842
563 1656 1.83947 28.1008
563 1656 1.84062 28.1175
561 1656 1.84176 28.1342
560 1656 1.84291 28.1508
559 1656 1.84406 28.1675
557 1656 1.8452 28.1842
556 1656 1.84635 28.2008
555 1656 1.8475 28.2175
552 1656 1.84864 28.2342
552 1656 1.84979 28.2508
551 1656 1.85094 28.2675
549 1656 1.85208 28.2842
547 1656 1.85323 28.3008
547 1656 1.85438 28.3175
545 1656 1.85552 28.3342
544 1656 1.85667 28.3508
542 1656 1.85782 28.3675
540 1656 1.85896 28.3842
539 1656 1.86011 28.4008
539 1656 1.86126 28.4175
535 1656 1.8624 28.4342
535 1656 1.86355 28.4508
534 1656 1.8647 28.4675
533 1656 1.86585 28.4842
531 1656 1.86699 28.5008
529 1656 1.86814 28.5175
529 1656 1.86929 28.5342
526 1656 1.87043 28.5508
525 1656 1.87158 28.5675
522 1656 1.87273 28.5842
521 1656 1.87387 28.6008
520 1656 1.87502 28.6175
519 1656 1.87617 28.6342
517 1656 1.87731 28.6508
515 1656 1.87846 28.6675
515 1656 1.87961 28.6842
514 1656 1.88075 28.7008
511 1656 1.8819 28.7175
510 1656 1.88305 28.7342
508 1656 1.88419 28.7508
507 1656 1.88534 28.7675
505 1656 1.88649 28.7842
504 1656 1.88763 28.8008
503 1656 1.88878 28.8175
501 1656 1.88993 28.8342
499 1656 1.89107 28.8508
498 1656 1.89222 28.8675
496 1656 1.89337 28.8842
495 1656 1.89451 28.9008
493 1656 1.89566 28.9175
493 1656 1.89681 28.9342
490 1656 1.89796 28.9508
489 1656 1.8991 28.9675
488 1656 1.90025 28.9842
487 1656 1.9014 29.0008
486 1656 1.90254 29.0175
482 1656 1.90369 29.0342
482 1656 1.90484 29.0508
481 1656 1.90598 29.0675
478 1656 1.90713 29.0842
477 1656 1.90828 29.1008
475 1656 1.90942 29.1175
474 1656 1.91057 29.1342
473 1656 1.91172 29.1508
471 1656 1.91286 29.1675
471 1656 1.91401 29.1842
468 1656 1.91516 29.2008
468 1656 1.9163 29.2175
465 1656 1.91745 29.2342
464 1656 1.9186 29.2508
464 1656 1.91974 29.2675
461 1656 1.92089 29.2842
460 1656 1.92204 29.3008
458 1656 1.92318 29.3175
457 1656 1.92433 29.3342
456 1656 1.92548 29.3508
453 1656 1.92663 29.3675
452 1656 1.92777 29.3842
452 1656 1.92892 29.4008
451 1656 1.93007 29.4175
449 1656 1.93121 29.4342
448 1656 1.93236 29.4508
445 1656 1.93351 29.4675
445 1656 1.93465 29.4841
444 1656 1.9358 29.5008
441 1656 1.93695 29.5175
440 1656 1.93809 29.5341
438 1656 1.93924 29.5508
438 1656 1.94039 29.5675
437 1656 1.94153 29.5841
435 1656 1.94268 29.6008
434 1656 1.94383 29.6175
432 1656 1.94497 29.6341
431 1656 1.94612 29.6508
430 1656 1.94727 29.6675
428 1656 1.94841 29.6841
426 1656 1.94956 29.7008
426 1656 1.95071 29.7175
424 1656 1.95185 29.7341
423 1656 1.953 29.7508
422 1656 1.95415 29.7675
420 1656 1.95529 29.7841
419 1656 1.95644 29.8008
419 1656 1.95759 29.8175
416 1656 1.95874 29.8341
414 1656 1.95988 29.8508
414 1656 1.96103 29.8675
412 1656 1.96218 29.8841
410 1656 1.96332 29.9008
410 1656 1.96447 29.9175
407 1656 1.96562 29.9341
406 1656 1.96676 29.9508
404 1656 1.96791 29.9675
403 1656 1.96906 29.9841
402 1656 1.9702 30.0008
400 1656 1.97135 30.0175
398 1656 1.9725 30.0341
398 1656 1.97364 30.0508
395 1656 1.97479 30.0675
394 1656 1.97594 30.0841
393 1656 1.97708 30.1008
390 1656 1.97823 30.1175
390 1656 1.97938 30.1341
388 1656 1.98052 30.1508
387 1656 1.98167 30.1675
385 1656 1.98282 30.1841
384 1656 1.98396 30.2008
383 1656 1.98511 30.2175
380 1656 1.98626 30.2341
380 1656 1.98741 30.2508
379 1656 1.98855 30.2675
379 1656 1.9897 30.2841
375 1656 1.99085 30.3008
374 1656 1.99199 30.3175
373 1656 1.99314 30.3341
371 1656 1.99429 30.3508
370 1656 1.99543 30.3675
369 1656 1.99658 30.3841
366 1656 1.99773 30.4008
365 1656 1.99887 30.4175
364 1656 2.00002 30.4341
363 1656 2.00117 30.4508
362 1656 2.00231 30.4675
359 1656 2.00346 30.4841
359 1656 2.00461 30.5008
357 1656 2.00575 30.5175
356 1656 2.0069 30.5341
355 1656 2.00805 30.5508
353 1656 2.00919 30.5675
351 1656 2.01034 30.5841
350 1656 2.01149 30.6008
348 1656 2.01263 30.6175
348 1656 2.01378 30.6341
347 1656 2.01493 30.6508
344 1656 2.01608 30.6675
344 1656 2.01722 30.6841
343 1656 2.01837 30.7008
341 1656 2.01952 30.7175
339 1656 2.02066 30.7341
337 1656 2.02181 30.7508
336 1656 2.02296 30.7675
334 1656 2.0241 30.7841
333 1656 2.02525 30.8008
333 1656 2.0264 30.8175
331 1656 2.02754 30.8341
330 1656 2.02869 30.8508
328 1656 2.02984 30.8675
327 1656 2.03098 30.8841
326 1656 2.03213 30.9008
324 1656 2.03328 30.9175
323 1656 2.03442 30.9341
322 1656 2.03557 30.9508
320 1656 2.03672 30.9675
318 1656 2.03786 30.9841
317 1656 2.03901 31.0008
315 1656 2.04016 31.0175
314 1656 2.0413 31.0341
312 1656 2.04245 31.0508
311 1656 2.0436 31.0675
310 1656 2.04474 31.0841
309 1656 2.04589 31.1008
307 1656 2.04704 31.1175
305 1656 2.04819 31.1341
304 1656 2.04933 31.1508
303 1656 2.05048 31.1675
300 1656 2.05163 31.1841
300 1656 2.05277 31.2008
299 1656 2.05392 31.2175
297 1656 2.05507 31.2341
296 1656 2.05621 31.2508
295 1656 2.05736 31.2675
293 1656 2.05851 31.2841
291 1656 2.05965 31.3008
291 1656 2.0608 31.3175
289 1656 2.06195 31.3341
289 1656 2.06309 31.3508
286 1656 2.06424 31.3675
285 1656 2.06539 31.3841
283 1656 2.06653 31.4008
282 1656 2.06768 31.4175
280 1656 2.06883 31.4341
279 1656 2.06997 31.4508
278 1656 2.07112 31.4675
277 1656 2.07227 31.4841
275 1656 2.07341 31.5008
274 1656 2.07456 31.5175
273 1656 2.07571 31.5341
270 1656 2.07686 31.5508
269 1656 2.078 31.5675
268 1656 2.07915 31.5841
266 1656 2.0803 31.6008
265 1656 2.08144 31.6175
264 1656 2.08259 31.6341
263 1656 2.08374 31.6508
261 1656 2.08488 31.6674
259 1656 2.08603 31.6841
259 1656 2.08718 31.7008
258 1656 2.08832 31.7174
256 1656 2.08947 31.7341
254 1656 2.09062 31.7508
254 1656 2.09176 31.7674
252 1656 2.09291 31.7841
250 1656 2.09406 31.8008
250 1656 2.0952 31.8174
250 1656 2.09635 31.8341
248 1656 2.0975 31.8508
246 1656 2.09864 31.8674
246 1656 2.09979 31.8841
244 1656 2.10094 31.9008
242 1656 2.10208 31.9174
242 1656 2.10323 31.9341
240 1656 2.10438 31.9508
238 1656 2.10553 31.9674
238 1656 2.10667 31.9841
237 1656 2.10782 32.0008
236 1656 2.10897 32.0174
234 1656 2.11011 32.0341
234 1656 2.11126 32.0508
232 1656 2.11241 32.0674
230 1656 2.11355 32.0841
230 1656 2.1147 32.1008
228 1656 2.11585 32.1174
227 1656 2.11699 32.1341
226 1656 2.11814 32.1508
225 1656 2.11929 32.1674
223 1656 2.12043 32.1841
222 1656 2.12158 32.2008
221 1656 2.12273 32.2174
219 1656 2.12387 32.2341
219 1656 2.12502 32.2508
218 1656 2.12617 32.2674
216 1656 2.12731 32.2841
214 1656 2.12846 32.3008
214 1656 2.12961 32.3174
213 1656 2.13075 32.3341
210 1656 2.1319 32.3508
209 1656 2.13305 32.3674
209 1656 2.13419 32.3841
208 1656 2.13534 32.4008
206 1656 2.13649 32.4174
205 1656 2.13764 32.4341
204 1656 2.13878 32.4508
203 1656 2.13993 32.4674
200 1656 2.14108 32.4841
200 1656 2.14222 32.5008
199 1656 2.14337 32.5174
198 1656 2.14452 32.5341
196 1656 2.14566 32.5508
196 1656 2.14681 32.5674
194 1656 2.14796 32.5841
193 1656 2.1491 32.6008
193 1656 2.15025 32.6174
191 1656 2.1514 32.6341
190 1656 2.15254 32.6508
189 1656 2.15369 32.6674
188 1656 2.15484 32.6841
187 1656 2.15598 32.7008
185 1656 2.15713 32.7174
185 1656 2.15828 32.7341
184 1656 2.15942 32.7508
183 1656 2.16057 32.7674
181 1656 2.16172 32.7841
180 1656 2.16286 32.8008
179 1656 2.16401 32.8174
177 1656 2.16516 32.8341
177 1656 2.16631 32.8508
175 1656 2.16745 32.8674
175 1656 2.1686 32.8841
173 1656 2.16975 32.9008
172 1656 2.17089 32.9174
171 1656 2.17204 32.9341
170 1656 2.17319 32.9508
168 1656 2.17433 32.9674
167 1656 2.17548 32.9841
166 1656 2.17663 33.0008
164 1656 2.17777 33.0174
164 1656 2.17892 33.0341
163 1656 2.18007 33.0508
162 1656 2.18121 33.0674
162 1656 2.18236 33.0841
159 1656 2.18351 33.1008
159 1656 2.18465 33.1174
159 1656 2.1858 33.1341
157 1656 2.18695 33.1508
157 1656 2.18809 33.1674
155 1656 2.18924 33.1841
154 1656 2.19039 33.2008
153 1656 2.19153 33.2174
152 1656 2.19268 33.2341
151 1656 2.19383 33.2508
150 1656 2.19497 33.2674
149 1656 2.19612 33.2841
148 1656 2.19727 33.3008
147 1656 2.19842 33.3174
147 1656 2.19956 33.3341
145 1656 2.20071 33.3508
144 1656 2.20186 33.3674
144 1656 2.203 33.3841
143 1656 2.20415 33.4008
141 1656 2.2053 33.4174
141 1656 2.20644 33.4341
140 1656 2.20759 33.4508
138 1656 2.20874 33.4674
138 1656 2.20988 33.4841
136 1656 2.21103 33.5008
136 1656 2.21218 33.5174
135 1656 2.21332 33.5341
134 1656 2.21447 33.5508
133 1656 2.21562 33.5674
132 1656 2.21676 33.5841
131 1656 2.21791 33.6008
130 1656 2.21906 33.6174
130 1656 2.2202 33.6341
127 1656 2.22135 33.6508
126 1656 2.2225 33.6674
126 1656 2.22364 33.6841
125 1656 2.22479 33.7008
124 1656 2.22594 33.7174
123 1656 2.22709 33.7341
122 1656 2.22823 33.7508
121 1656 2.22938 33.7674
120 1656 2.23053 33.7841
119 1656 2.23167 33.8008
118 1656 2.23282 33.8174
117 1656 2.23397 33.8341
116 1656 2.23511 33.8507
115 1656 2.23626 33.8674
114 1656 2.23741 33.8841
113 1656 2.23855 33.9007
112 1656 2.2397 33.9174
111 1656 2.24085 33.9341
110 1656 2.24199 33.9507
109 1656 2.24314 33.9674
108 1656 2.24429 33.9841
107 1656 2.24543 34.0007
107 1656 2.24658 34.0174
105 1656 2.24773 34.0341
104 1656 2.24887 34.0507
103 1656 2.25002 34.0674
103 1656 2.25117 34.0841
101 1656 2.25231 34.1007
100 1656 2.25346 34.1174
100 1656 2.25461 34.1341
98 1656 2.25575 34.1507
98 1656 2.2569 34.1674
96 1656 2.25805 34.1841
96 1656 2.2592 34.2007
94 1656 2.26034 34.2174
94 1656 2.26149 34.2341
92 1656 2.26264 34.2507
92 1656 2.26378 34.2674
91 1656 2.26493 34.2841
90 1656 2.26608 34.3007
89 1656 2.26722 34.3174
87 1656 2.26837 34.3341
87 1656 2.26952 34.3507
85 1656 2.27066 34.3674
85 1656 2.27181 34.3841
84 1656 2.27296 34.4007
82 1656 2.2741 34.4174
81 1656 2.27525 34.4341
81 1656 2.2764 34.4507
79 1656 2.27754 34.4674
78 1656 2.27869 34.4841
77 1656 2.27984 34.5007
76 1656 2.28098 34.5174
75 1656 2.28213 34.5341
74 1656 2.28328 34.5507
72 1656 2.28442 34.5674
72 1656 2.28557 34.5841
70 1656 2.28672 34.6007
68 1656 2.28787 34.6174
68 1656 2.28901 34.6341
66 1656 2.29016 34.6507
66 1656 2.29131 34.6674
64 1656 2.29245 34.6841
64 1656 2.2936 34.7007
62 1656 2.29475 34.7174
62 1656 2.29589 34.7341
60 1656 2.29704 34.7507
59 1656 2.29819 34.7674
58 1656 2.29933 34.7841
56 1656 2.30048 34.8007
55 1656 2.30163 34.8174
53 1656 2.30277 34.8341
53 1656 2.30392 34.8507
52 1656 2.30507 34.8674
50 1656 2.30621 34.8841
49 1656 2.30736 34.9007
47 1656 2.30851 34.9174
47 1656 2.30965 34.9341
45 1656 2.3108 34.9507
44 1656 2.31195 34.9674
43 1656 2.31309 34.9841
42 1656 2.31424 35.0007
41 1656 2.31539 35.0174
39 1656 2.31653 35.0341
38 1656 2.31768 35.0507
36 1656 2.31883 35.0674
34 1656 2.31998 35.0841
32 1656 2.32112 35.1007
30 1656 2.32227 35.1174
29 1656 2.32342 35.1341
28 1656 2.32456 35.1507
26 1656 2.32571 35.1674
24 1656 2.32686 35.1841
23 1656 2.328 35.2007
22 1656 2.32915 35.2174
20 1656 2.3303 35.2341
18 1656 2.33144 35.2507
17 1656 2.33259 35.2674
15 1656 2.33374 35.2841
14 1656 2.33488 35.3007
13 1656 2.33603 35.3174
12 1656 2.33718 35.3341
10 1656 2.33832 35.3507
9 1656 2.33947 35.3674
7 1656 2.34062 35.3841
5 1656 2.34176 35.4007
3 1656 2.34291 35.4174
1 1656 2.34406 35.4341
0 1656 2.3452 35.4507
0 1656 2.34635 35.4674
0 1656 2.3475 35.4841
0 1656 2.34865 35.5007
0 1656 2.34979 35.5174
0 1656 2.35094 35.5341
0 1656 2.35209 35.5507
0 1656 2.35323 35.5674
0 1656 2.35438 35.5841
0 1656 2.35553 35.6007
0 1656 2.35667 35.6174
0 1656 2.35782 35.6341
0 1656 2.35897 35.6507
0 1656 2.36011 35.6674
0 1656 2.36126 35.6841
0 1656 2.36241 35.7007
0 1656 2.36355 35.7174
0 1656 2.3647 35.7341
0 1656 2.36585 35.7507
0 1656 2.36699 35.7674
0 1656 2.36814 35.7841
0 1656 2.36929 35.8007
0 1656 2.37043 35.8174
0 1656 2.37158 35.8341
0 1656 2.37273 35.8507
0 1656 2.37387 35.8674
0 1656 2.37502 35.8841
0 1656 2.37617 35.9007
0 1656 2.37732 35.9174
0 1656 2.37846 35.9341
0 1656 2.37961 35.9507
0 1656 2.38076 35.9674
0 1656 2.3819 35.9841
0 1656 2.38305 36.0007
0 1656 2.3842 36.0174
0 1656 2.38534 36.034
0 1656 2.38649 36.0507
0 1656 2.38764 36.0674
0 1656 2.38878 36.084
0 1656 2.38993 36.1007
0 1656 2.39108 36.1174
0 1656 2.39222 36.134
0 1656 2.39337 36.1507
0 1656 2.39452 36.1674
0 1656 2.39566 36.184
0 1656 2.39681 36.2007
0 1656 2.39796 36.2174
0 1656 2.3991 36.234
0 1656 2.40025 36.2507
0 1656 2.4014 36.2674
0 1656 2.40254 36.284
0 1656 2.40369 36.3007
0 1656 2.40484 36.3174
0 1656 2.40598 36.334
0 1656 2.40713 36.3507
0 1656 2.40828 36.3674
0 1656 2.40943 36.384
0 1656 2.41057 36.4007
0 1656 2.41172 36.4174
0 1656 2.41287 36.434
0 1656 2.41401 36.4507
0 1656 2.41516 36.4674
0 1656 2.41631 36.484
0 1656 2.41745 36.5007
0 1656 2.4186 36.5174
0 1656 2.41975 36.534
0 1656 2.42089 36.5507
0 1656 2.42204 36.5674
0 1656 2.42319 36.584
0 1656 2.42433 36.6007
0 1656 2.42548 36.6174
0 1656 2.42663 36.634
0 1656 2.42777 36.6507
0 1656 2.42892 36.6674
0 1656 2.43007 36.684
0 1656 2.43121 36.7007
0 1656 2.43236 36.7174
0 1656 2.43351 36.734
0 1656 2.43465 36.7507
0 1656 2.4358 36.7674
0 1656 2.43695 36.784
0 1656 2.4381 36.8007
0 1656 2.43924 36.8174
0 1656 2.44039 36.834
0 1656 2.44154 36.8507
0 1656 2.44268 36.8674
0 1656 2.44383 36.884
0 1656 2.44498 36.9007
0 1656 2.44612 36.9174
0 1656 2.44727 36.934
0 1656 2.44842 36.9507
0 1656 2.44956 36.9674
0 1656 2.45071 36.984
0 1656 2.45186 37.0007
0 1656 2.453 37.0174
0 1656 2.45415 37.034
0 1656 2.4553 37.0507
0 1656 2.45644 37.0674
0 1656 2.45759 37.084
0 1656 2.45874 37.1007
0 1656 2.45988 37.1174
0 1656 2.46103 37.134
0 1656 2.46218 37.1507
0 1656 2.46332 37.1674
0 1656 2.46447 37.184
0 1656 2.46562 37.2007
0 1656 2.46676 37.2174
0 1656 2.46791 37.234
0 1656 2.46906 37.2507
0 1656 2.47021 37.2674
0 1656 2.47135 37.284
0 1656 2.4725 37.3007
0 1656 2.47365 37.3174
0 1656 2.47479 37.334
0 1656 2.47594 37.3507
0 1656 2.47709 37.3674
0 1656 2.47823 37.384
0 1656 2.47938 37.4007
0 1656 2.48053 37.4174
0 1656 2.48167 37.434
0 1656 2.48282 37.4507
0 1656 2.48397 37.4674
0 1656 2.48511 37.484
0 1656 2.48626 37.5007
0 1656 2.48741 37.5174
0 1656 2.48855 37.534
0 1656 2.4897 37.5507
0 1656 2.49085 37.5674
0 1656 2.49199 37.584
0 1656 2.49314 37.6007
0 1656 2.49429 37.6174
0 1656 2.49543 37.634
0 1656 2.49658 37.6507
0 1656 2.49773 37.6674
0 1656 2.49888 37.684
0 1656 2.50002 37.7007
0 1656 2.50117 37.7174
0 1656 2.50232 37.734
0 1656 2.50346 37.7507
0 1656 2.50461 37.7674
0 1656 2.50576 37.784
0 1656 2.5069 37.8007
0 1656 2.50805 37.8174
0 1656 2.5092 37.834
0 1656 2.51034 37.8507
0 1656 2.51149 37.8674
0 1656 2.51264 37.884
0 1656 2.51378 37.9007
0 1656 2.51493 37.9174
0 1656 2.51608 37.934
0 1656 2.51722 37.9507
0 1656 2.51837 37.9674
0 1656 2.51952 37.984
0 1656 2.52066 38.0007
0 1656 2.52181 38.0174
0 1656 2.52296 38.034
0 1656 2.5241 38.0507
0 1656 2.52525 38.0674
0 1656 2.5264 38.084
0 1656 2.52754 38.1007
0 1656 2.52869 38.1174
0 1656 2.52984 38.134
0 1656 2.53099 38.1507
0 1656 2.53213 38.1674
0 1656 2.53328 38.184
0 1656 2.53443 38.2007
0 1656 2.53557 38.2174
0 1656 2.53672 38.234
0 1656 2.53787 38.2507
0 1656 2.53901 38.2673
0 1656 2.54016 38.284
0 1656 2.54131 38.3007
0 1656 2.54245 38.3173
0 1656 2.5436 38.334
0 1656 2.54475 38.3507
0 1656 2.54589 38.3673
0 1656 2.54704 38.384
0 1656 2.54819 38.4007
0 1656 2.54933 38.4173
0 1656 2.55048 38.434
0 1656 2.55163 38.4507
0 1656 2.55277 38.4673
0 1656 2.55392 38.484
0 1656 2.55507 38.5007
0 1656 2.55621 38.5173
0 1656 2.55736 38.534
0 1656 2.55851 38.5507
0 1656 2.55966 38.5673
0 1656 2.5608 38.584
0 1656 2.56195 38.6007
0 1656 2.5631 38.6173
0 1656 2.56424 38.634
0 1656 2.56539 38.6507
0 1656 2.56654 38.6673
0 1656 2.56768 38.684
0 1656 2.56883 38.7007
0 1656 2.56998 38.7173
0 1656 2.57112 38.734
0 1656 2.57227 38.7507
0 1656 2.57342 38.7673
0 1656 2.57456 38.784
0 1656 2.57571 38.8007
0 1656 2.57686 38.8173
0 1656 2.578 38.834
0 1656 2.57915 38.8507
0 1656 2.5803 38.8673
0 1656 2.58144 38.884
0 1656 2.58259 38.9007
0 1656 2.58374 38.9173
0 1656 2.58488 38.934
0 1656 2.58603 38.9507
0 1656 2.58718 38.9673
0 1656 2.58833 38.984
0 1656 2.58947 39.0007
0 1656 2.59062 39.0173
0 1656 2.59177 39.034
0 1656 2.59291 39.0507
0 1656 2.59406 39.0673
0 1656 2.59521 39.084
0 1656 2.59635 39.1007
0 1656 2.5975 39.1173
0 1656 2.59865 39.134
0 1656 2.59979 39.1507
0 1656 2.60094 39.1673
0 1656 2.60209 39.184
0 1656 2.60323 39.2007
0 1656 2.60438 39.2173
0 1656 2.60553 39.234
0 1656 2.60667 39.2507
0 1656 2.60782 39.2673
0 1656 2.60897 39.284
0 1656 2.61011 39.3007
0 1656 2.61126 39.3173
0 1656 2.61241 39.334
0 1656 2.61355 39.3507
0 1656 2.6147 39.3673
0 1656 2.61585 39.384
0 1656 2.61699 39.4007
0 1656 2.61814 39.4173
0 1656 2.61929 39.434
0 1656 2.62044 39.4507
0 1656 2.62158 39.4673
0 1656 2.62273 39.484
0 1656 2.62388 39.5007
0 1656 2.62502 39.5173
0 1656 2.62617 39.534
0 1656 2.62732 39.5507
0 1656 2.62846 39.5673
0 1656 2.62961 39.584
0 1656 2.63076 39.6007
0 1656 2.6319 39.6173
0 1656 2.63305 39.634
0 1656 2.6342 39.6507
0 1656 2.63534 39.6673
0 1656 2.63649 39.684
0 1656 2.63764 39.7007
0 1656 2.63878 39.7173
0 1656 2.63993 39.734
0 1656 2.64108 39.7507
0 1656 2.64222 39.7673
0 1656 2.64337 39.784
0 1656 2.64452 39.8007
0 1656 2.64566 39.8173
0 1656 2.64681 39.834
0 1656 2.64796 39.8507
0 1656 2.64911 39.8673
0 1656 2.65025 39.884
0 1656 2.6514 39.9007
0 1656 2.65255 39.9173
0 1656 2.65369 39.934
0 1656 2.65484 39.9507
0 1656 2.65599 39.9673
0 1656 2.65713 39.984
0 1656 2.65828 40.0007
0 1656 2.65943 40.0173
0 1656 2.66057 40.034
0 1656 2.66172 40.0507
0 1656 2.66287 40.0673
0 1656 2.66401 40.084
0 1656 2.66516 40.1007
0 1656 2.66631 40.1173
0 1656 2.66745 40.134
0 1656 2.6686 40.1507
0 1656 2.66975 40.1673
0 1656 2.67089 40.184
0 1656 2.67204 40.2007
0 1656 2.67319 40.2173
0 1656 2.67433 40.234
0 1656 2.67548 40.2507
0 1656 2.67663 40.2673
0 1656 2.67777 40.284
0 1656 2.67892 40.3007
0 1656 2.68007 40.3173
0 1656 2.68122 40.334
0 1656 2.68236 40.3507
0 1656 2.68351 40.3673
0 1656 2.68466 40.384
0 1656 2.6858 40.4007
0 1656 2.68695 40.4173
0 1656 2.6881 40.434
0 1656 2.68924 40.4506
0 1656 2.69039 40.4673
0 1656 2.69154 40.484
0 1656 2.69268 40.5006
0 1656 2.69383 40.5173
0 1656 2.69498 40.534
0 1656 2.69612 40.5506
0 1656 2.69727 40.5673
0 1656 2.69842 40.584
0 1656 2.69956 40.6006
0 1656 2.70071 40.6173
0 1656 2.70186 40.634
0 1656 2.703 40.6506
0 1656 2.70415 40.6673
0 1656 2.7053 40.684
0 1656 2.70644 40.7006
0 1656 2.70759 40.7173
0 1656 2.70874 40.734
0 1656 2.70989 40.7506
0 1656 2.71103 40.7673
0 1656 2.71218 40.784
0 1656 2.71333 40.8006
0 1656 2.71447 40.8173
0 1656 2.71562 40.834
0 1656 2.71677 40.8506
0 1656 2.71791 40.8673
0 1656 2.71906 40.884
0 1656 2.72021 40.9006
0 1656 2.72135 40.9173
0 1656 2.7225 40.934
0 1656 2.72365 40.9506
0 1656 2.72479 40.9673
0 1656 2.72594 40.984
0 1656 2.72709 41.0006
0 1656 2.72823 41.0173
0 1656 2.72938 41.034
0 1656 2.73053 41.0506
0 1656 2.73167 41.0673
0 1656 2.73282 41.084
0 1656 2.73397 41.1006
0 1656 2.73511 41.1173
0 1656 2.73626 41.134
0 1656 2.73741 41.1506
0 1656 2.73855 41.1673
0 1656 2.7397 41.184
0 1656 2.74085 41.2006
0 1656 2.742 41.2173
0 1656 2.74314 41.234
0 1656 2.74429 41.2506
0 1656 2.74544 41.2673
0 1656 2.74658 41.284
0 1656 2.74773 41.3006
0 1656 2.74888 41.3173
0 1656 2.75002 41.334
0 1656 2.75117 41.3506
0 1656 2.75232 41.3673
0 1656 2.75346 41.384
0 1656 2.75461 41.4006
0 1656 2.75576 41.4173
0 1656 2.7569 41.434
0 1656 2.75805 41.4506
0 1656 2.7592 41.4673
0 1656 2.76034 41.484
0 1656 2.76149 41.5006
0 1656 2.76264 41.5173
0 1656 2.76378 41.534
0 1656 2.76493 41.5506
0 1656 2.76608 41.5673
0 1656 2.76722 41.584
0 1656 2.76837 41.6006
0 1656 2.76952 41.6173
0 1656 2.77067 41.634
0 1656 2.77181 41.6506
0 1656 2.77296 41.6673
0 1656 2.77411 41.684
0 1656 2.77525 41.7006
0 1656 2.7764 41.7173
0 1656 2.77755 41.734
0 1656 2.77869 41.7506
0 1656 2.77984 41.7673
0 1656 2.78099 41.784
0 1656 2.78213 41.8006
0 1656 2.78328 41.8173
0 1656 2.78443 41.834
0 1656 2.78557 41.8506
0 1656 2.78672 41.8673
0 1656 2.78787 41.884
0 1656 2.78901 41.9006
0 1656 2.79016 41.9173
0 1656 2.79131 41.934
0 1656 2.79245 41.9506
0 1656 2.7936 41.9673
0 1656 2.79475 41.984
0 1656 2.79589 42.0006
0 1656 2.79704 42.0173
0 1656 2.79819 42.034
0 1656 2.79934 42.0506
0 1656 2.80048 42.0673
0 1656 2.80163 42.084
0 1656 2.80278 42.1006
0 1656 2.80392 42.1173
0 1656 2.80507 42.134
0 1656 2.80622 42.1506
0 1656 2.80736 42.1673
0 1656 2.80851 42.184
0 1656 2.80966 42.2006
0 1656 2.8108 42.2173
0 1656 2.81195 42.234
0 1656 2.8131 42.2506
0 1656 2.81424 42.2673
0 1656 2.81539 42.284
0 1656 2.81654 42.3006
0 1656 2.81768 42.3173
0 1656 2.81883 42.334
0 1656 2.81998 42.3506
0 1656 2.82112 42.3673
0 1656 2.82227 42.384
0 1656 2.82342 42.4006
0 1656 2.82456 42.4173
0 1656 2.82571 42.434
0 1656 2.82686 42.4506
0 1656 2.828 42.4673
0 1656 2.82915 42.484
0 1656 2.8303 42.5006
0 1656 2.83145 42.5173
0 1656 2.83259 42.534
0 1656 2.83374 42.5506
0 1656 2.83489 42.5673
0 1656 2.83603 42.584
0 1656 2.83718 42.6006
0 1656 2.83833 42.6173
0 1656 2.83947 42.6339
0 1656 2.84062 42.6506
0 1656 2.84177 42.6673
0 1656 2.84291 42.6839
0 1656 2.84406 42.7006
0 1656 2.84521 42.7173
0 1656 2.84635 42.7339
0 1656 2.8475 42.7506
0 1656 2.84865 42.7673
0 1656 2.84979 42.7839
0 1656 2.85094 42.8006
0 1656 2.85209 42.8173
0 1656 2.85323 42.8339
0 1656 2.85438 42.8506
0 1656 2.85553 42.8673
0 1656 2.85667 42.8839
0 1656 2.85782 42.9006
0 1656 2.85897 42.9173
0 1656 2.86012 42.9339
0 1656 2.86126 42.9506
0 1656 2.86241 42.9673
0 1656 2.86356 42.9839
0 1656 2.8647 43.0006
0 1656 2.86585 43.0173
0 1656 2.867 43.0339
0 1656 2.86814 43.0506
0 1656 2.86929 43.0673
0 1656 2.87044 43.0839
0 1656 2.87158 43.1006
0 1656 2.87273 43.1173
0 1656 2.87388 43.1339
0 1656 2.87502 43.1506
0 1656 2.87617 43.1673
0 1656 2.87732 43.1839
0 1656 2.87846 43.2006
0 1656 2.87961 43.2173
0 1656 2.88076 43.2339
0 1656 2.8819 43.2506
0 1656 2.88305 43.2673
0 1656 2.8842 43.2839
0 1656 2.88534 43.3006
0 1656 2.88649 43.3173
0 1656 2.88764 43.3339
0 1656 2.88878 43.3506
0 1656 2.88993 43.3673
0 1656 2.89108 43.3839
0 1656 2.89223 43.4006
0 1656 2.89337 43.4173
0 1656 2.89452 43.4339
0 1656 2.89567 43.4506
0 1656 2.89681 43.4673
0 1656 2.89796 43.4839
0 1656 2.89911 43.5006
0 1656 2.90025 43.5173
0 1656 2.9014 43.5339
0 1656 2.90255 43.5506
0 1656 2.90369 43.5673
0 1656 2.90484 43.5839
0 1656 2.90599 43.6006
0 1656 2.90713 43.6173
0 1656 2.90828 43.6339
0 1656 2.90943 43.6506
0 1656 2.91057 43.6673
0 1656 2.91172 43.6839
0 1656 2.91287 43.7006
0 1656 2.91401 43.7173
0 1656 2.91516 43.7339
0 1656 2.91631 43.7506
0 1656 2.91745 43.7673
0 1656 2.9186 43.7839
0 1656 2.91975 43.8006
0 1656 2.9209 43.8173
0 1656 2.92204 43.8339
0 1656 2.92319 43.8506
0 1656 2.92434 43.8673
0 1656 2.92548 43.8839
0 1656 2.92663 43.9006
0 1656 2.92778 43.9173
0 1656 2.92892 43.9339
0 1656 2.93007 43.9506
0 1656 2.93122 43.9673
0 1656 2.93236 43.9839
0 1656 2.93351 44.0006
0 1656 2.93466 44.0173
0 1656 2.9358 44.0339
0 1656 2.93695 44.0506
0 1656 2.9381 44.0673
0 1656 2.93924 44.0839
0 1656 2.94039 44.1006
0 1656 2.94154 44.1173
0 1656 2.94268 44.1339
0 1656 2.94383 44.1506
0 1656 2.94498 44.1673
0 1656 2.94612 44.1839
0 1656 2.94727 44.2006
0 1656 2.94842 44.2173
0 1656 2.94956 44.2339
0 1656 2.95071 44.2506
0 1656 2.95186 44.2673
0 1656 2.95301 44.2839
0 1656 2.95415 44.3006
0 1656 2.9553 44.3173
0 1656 2.95645 44.3339
0 1656 2.95759 44.3506
0 1656 2.95874 44.3673
0 1656 2.95989 44.3839
0 1656 2.96103 44.4006
0 1656 2.96218 44.4173
0 1656 2.96333 44.4339
0 1656 2.96447 44.4506
0 1656 2.96562 44.4673
0 1656 2.96677 44.4839
0 1656 2.96791 44.5006
0 1656 2.96906 44.5173
0 1656 2.97021 44.5339
0 1656 2.97135 44.5506
0 1656 2.9725 44.5673
0 1656 2.97365 44.5839
0 1656 2.97479 44.6006
0 1656 2.97594 44.6173
0 1656 2.97709 44.6339
0 1656 2.97823 44.6506
0 1656 2.97938 44.6673
0 1656 2.98053 44.6839
0 1656 2.98168 44.7006
0 1656 2.98282 44.7173
0 1656 2.98397 44.7339
0 1656 2.98512 44.7506
0 1656 2.98626 44.7673
0 1656 2.98741 44.7839
0 1656 2.98856 44.8006
0 1656 2.9897 44.8172
0 1656 2.99085 44.8339
0 1656 2.992 44.8506
0 1656 2.99314 44.8672
0 1656 2.99429 44.8839
0 1656 2.99544 44.9006
0 1656 2.99658 44.9172
0 1656 2.99773 44.9339
0 1656 2.99888 44.9506
