5462 5481 0.00272124 0.0100069
5462 5481 0.00272124 0.0266738
5462 5481 0.00272124 0.0433407
5462 5481 0.00272124 0.0600076
5462 5481 0.00272124 0.0766745
5462 5481 0.00272124 0.0933414
5462 5481 0.00272124 0.110008
5462 5481 0.00272124 0.126675
5462 5481 0.00272124 0.143342
5462 5481 0.00272124 0.160009
5462 5481 0.00272124 0.176676
5462 5481 0.00272124 0.193343
5462 5481 0.00272124 0.21001
5462 5481 0.00272124 0.226676
5461 5481 0.00272124 0.243343
5461 5481 0.00272124 0.26001
5461 5481 0.00272124 0.276677
5461 5481 0.00272124 0.293343
5461 5481 0.00272124 0.310009
5461 5481 0.00272124 0.326676
5461 5481 0.00272124 0.343342
5461 5481 0.00272124 0.360009
5461 5481 0.00272124 0.376675
5461 5481 0.00272124 0.393342
5461 5481 0.00272124 0.410008
5461 5481 0.00272124 0.426674
5461 5481 0.00272124 0.443341
5460 5481 0.00272124 0.460007
5460 5481 0.00272124 0.476674
5460 5481 0.00272124 0.49334
5460 5481 0.00272124 0.510006
5460 5481 0.00272124 0.526673
5460 5481 0.00272124 0.543339
5460 5481 0.00272124 0.560006
5460 5481 0.00272124 0.576672
5459 5481 0.00272124 0.593338
5459 5481 0.00272124 0.610005
5458 5481 0.00272124 0.626671
5458 5481 0.00272124 0.643338
5458 5481 0.00272124 0.660004
5458 5481 0.00272124 0.676671
5458 5481 0.00272124 0.693337
5458 5481 0.00272124 0.710003
5458 5481 0.00272124 0.72667
5458 5481 0.00272124 0.743336
5458 5481 0.00272124 0.760003
5458 5481 0.00272124 0.776669
5458 5481 0.00272124 0.793335
5458 5481 0.00272124 0.810002
5458 5481 0.00272124 0.826668
5457 5481 0.00272124 0.843335
5457 5481 0.00272124 0.860001
5457 5481 0.00272124 0.876667
5457 5481 0.00272124 0.893334
5457 5481 0.00272124 0.91
5457 5481 0.00272124 0.926667
5457 5481 0.00272124 0.943333
5456 5481 0.00272124 0.96
5456 5481 0.00272124 0.976666
5456 5481 0.00272124 0.993332
5456 5481 0.00272124 1.01
5456 5481 0.00272124 1.02667
5456 5481 0.00272124 1.04333
5456 5481 0.00272124 1.06
5456 5481 0.00272124 1.07666
5456 5481 0.00272124 1.09333
5456 5481 0.00272124 1.11
5456 5481 0.00272124 1.12666
5456 5481 0.00272124 1.14333
5456 5481 0.00272124 1.16
5456 5481 0.00272124 1.17666
5456 5481 0.00272124 1.19333
5456 5481 0.00272124 1.21
5456 5481 0.00272124 1.22666
5456 5481 0.00272124 1.24333
5456 5481 0.00272124 1.25999
5456 5481 0.00272124 1.27666
5456 5481 0.00272124 1.29333
5456 5481 0.00272124 1.30999
5456 5481 0.00544248 1.32666
5456 5481 0.00816372 1.34333
5456 5481 0.010885 1.35999
5456 5481 0.0136062 1.37666
5456 5481 0.0163274 1.39333
5456 5481 0.0190487 1.40999
5456 5481 0.0217699 1.42666
5456 5481 0.0244912 1.44333
5456 5481 0.0272124 1.45999
5456 5481 0.0299337 1.47666
5456 5481 0.0326549 1.49332
5456 5481 0.0353761 1.50999
5456 5481 0.0380974 1.52666
5456 5481 0.0408186 1.54332
5456 5481 0.0435399 1.55999
5456 5481 0.0462611 1.57666
5456 5481 0.0489823 1.59332
5456 5481 0.0517036 1.60999
5456 5481 0.0544248 1.62666
5456 5481 0.0571461 1.64332
5456 5481 0.0598673 1.65999
5456 5481 0.0625886 1.67666
5456 5481 0.0653098 1.69332
5456 5481 0.068031 1.70999
5456 5481 0.0707523 1.72665
5456 5481 0.0734735 1.74332
5456 5481 0.0761948 1.75999
5456 5481 0.078916 1.77665
5456 5481 0.0816373 1.79332
5456 5481 0.0843585 1.80999
5456 5481 0.0870797 1.82665
5456 5481 0.089801 1.84332
5456 5481 0.0925222 1.85999
5456 5481 0.0952435 1.87665
5456 5481 0.0979647 1.89332
5456 5481 0.100686 1.90999
5456 5481 0.103407 1.92665
5455 5481 0.106128 1.94332
5455 5481 0.10885 1.95998
5455 5481 0.111571 1.97665
5455 5481 0.114292 1.99332
5455 5481 0.117013 2.00998
5455 5481 0.119735 2.02665
5455 5481 0.122456 2.04332
5455 5481 0.125177 2.05998
5455 5481 0.127898 2.07665
5455 5481 0.13062 2.09332
5455 5481 0.133341 2.10998
5455 5481 0.136062 2.12665
5455 5481 0.138783 2.14331
5455 5481 0.141505 2.15998
5454 5481 0.144226 2.17665
5454 5481 0.146947 2.19331
5454 5481 0.149668 2.20998
5454 5481 0.152389 2.22665
5454 5481 0.155111 2.24331
5454 5481 0.157832 2.25998
5453 5481 0.160553 2.27665
5452 5481 0.163274 2.29331
5451 5481 0.165996 2.30998
5451 5481 0.168717 2.32665
5451 5481 0.171438 2.34331
5451 5481 0.174159 2.35998
5450 5481 0.176881 2.37664
5447 5481 0.179602 2.39331
5446 5481 0.182323 2.40998
5445 5481 0.185044 2.42664
5442 5481 0.187766 2.44331
5441 5481 0.190487 2.45998
5440 5481 0.193208 2.47664
5439 5481 0.195929 2.49331
5435 5481 0.19865 2.50998
5434 5481 0.201372 2.52664
5431 5481 0.204093 2.54331
5431 5481 0.206814 2.55998
5428 5481 0.209535 2.57664
5425 5481 0.212257 2.59331
5423 5481 0.214978 2.60997
5418 5481 0.217699 2.62664
5415 5481 0.22042 2.64331
5412 5481 0.223142 2.65997
5408 5481 0.225863 2.67664
5405 5481 0.228584 2.69331
5402 5481 0.231305 2.70997
5398 5481 0.234027 2.72664
5394 5481 0.236748 2.74331
5387 5481 0.239469 2.75997
5384 5481 0.24219 2.77664
5380 5481 0.244911 2.7933
5372 5481 0.247633 2.80997
5368 5481 0.250354 2.82664
5359 5481 0.253075 2.8433
5354 5481 0.255796 2.85997
5351 5481 0.258518 2.87664
5344 5481 0.261239 2.8933
5341 5481 0.26396 2.90997
5339 5481 0.266681 2.92664
5331 5481 0.269403 2.9433
5328 5481 0.272124 2.95997
5323 5481 0.274845 2.97664
5315 5481 0.277566 2.9933
5310 5481 0.280288 3.00997
5306 5481 0.283009 3.02663
5302 5481 0.28573 3.0433
5295 5481 0.288451 3.05997
5289 5481 0.291173 3.07663
5284 5481 0.293894 3.0933
5278 5481 0.296615 3.10997
5273 5481 0.299336 3.12663
5266 5481 0.302058 3.1433
5260 5481 0.304779 3.15997
5254 5481 0.3075 3.17663
5249 5481 0.310221 3.1933
5243 5481 0.312943 3.20997
5237 5481 0.315664 3.22663
5232 5481 0.318385 3.2433
5228 5481 0.321106 3.25996
5222 5481 0.323828 3.27663
5217 5481 0.326549 3.2933
5213 5481 0.32927 3.30996
5206 5481 0.331991 3.32663
5201 5481 0.334713 3.3433
5194 5481 0.337434 3.35996
5189 5481 0.340155 3.37663
5182 5481 0.342876 3.3933
5177 5481 0.345598 3.40996
5168 5481 0.348319 3.42663
5163 5481 0.35104 3.4433
5160 5481 0.353761 3.45996
5159 5481 0.356483 3.47663
5148 5481 0.359204 3.49329
5142 5481 0.361925 3.50996
5135 5481 0.364646 3.52663
5129 5481 0.367368 3.54329
5127 5481 0.370089 3.55996
5121 5481 0.37281 3.57663
5114 5481 0.375531 3.59329
5108 5481 0.378253 3.60996
5100 5481 0.380974 3.62663
5094 5481 0.383695 3.64329
5088 5481 0.386416 3.65996
5084 5481 0.389138 3.67662
5078 5481 0.391859 3.69329
5073 5481 0.39458 3.70996
5067 5481 0.397301 3.72662
5062 5481 0.400023 3.74329
5052 5481 0.402744 3.75996
5050 5481 0.405465 3.77662
5047 5481 0.408186 3.79329
5038 5481 0.410908 3.80996
5030 5481 0.413629 3.82662
5027 5481 0.41635 3.84329
5022 5481 0.419071 3.85996
5016 5481 0.421793 3.87662
5010 5481 0.424514 3.89329
5003 5481 0.427235 3.90995
4997 5481 0.429956 3.92662
4994 5481 0.432678 3.94329
4984 5481 0.435399 3.95995
4976 5481 0.43812 3.97662
4970 5481 0.440841 3.99329
4966 5481 0.443563 4.00995
4962 5481 0.446284 4.02662
4953 5481 0.449005 4.04329
4947 5481 0.451726 4.05995
4942 5481 0.454448 4.07662
4938 5481 0.457169 4.09329
4927 5481 0.45989 4.10995
4920 5481 0.462611 4.12662
4914 5481 0.465333 4.14328
4909 5481 0.468054 4.15995
4907 5481 0.470775 4.17662
4897 5481 0.473496 4.19328
4893 5481 0.476218 4.20995
4885 5481 0.478939 4.22662
4882 5481 0.48166 4.24328
4873 5481 0.484381 4.25995
4867 5481 0.487103 4.27662
4861 5481 0.489824 4.29328
4853 5481 0.492545 4.30995
4846 5481 0.495266 4.32661
4842 5481 0.497988 4.34328
4829 5481 0.500709 4.35995
4824 5481 0.50343 4.37661
4817 5481 0.506151 4.39328
4813 5481 0.508873 4.40995
4804 5481 0.511594 4.42661
4796 5481 0.514315 4.44328
4792 5481 0.517036 4.45995
4786 5481 0.519758 4.47661
4781 5481 0.522479 4.49328
4772 5481 0.5252 4.50995
4765 5481 0.527921 4.52661
4762 5481 0.530643 4.54328
4756 5481 0.533364 4.55994
4752 5481 0.536085 4.57661
4741 5481 0.538806 4.59328
4738 5481 0.541528 4.60994
4729 5481 0.544249 4.62661
4722 5481 0.54697 4.64328
4716 5481 0.549691 4.65994
4709 5481 0.552413 4.67661
4702 5481 0.555134 4.69328
4694 5481 0.557855 4.70994
4690 5481 0.560576 4.72661
4684 5481 0.563298 4.74328
4679 5481 0.566019 4.75994
4672 5481 0.56874 4.77661
4668 5481 0.571461 4.79327
4661 5481 0.574183 4.80994
4654 5481 0.576904 4.82661
4648 5481 0.579625 4.84327
4643 5481 0.582346 4.85994
4637 5481 0.585068 4.87661
4629 5481 0.587789 4.89327
4620 5481 0.59051 4.90994
4608 5481 0.593231 4.92661
4602 5481 0.595953 4.94327
4599 5481 0.598674 4.95994
4595 5481 0.601395 4.9766
4588 5481 0.604116 4.99327
4583 5481 0.606838 5.00994
4578 5481 0.609559 5.0266
4569 5481 0.61228 5.04327
4561 5481 0.615001 5.05994
4556 5481 0.617723 5.0766
4548 5481 0.620444 5.09327
4540 5481 0.623165 5.10994
4535 5481 0.625886 5.1266
4531 5481 0.628608 5.14327
4522 5481 0.631329 5.15994
4517 5481 0.63405 5.1766
4505 5481 0.636771 5.19327
4498 5481 0.639493 5.20993
4494 5481 0.642214 5.2266
4488 5481 0.644935 5.24327
4482 5481 0.647656 5.25993
4472 5481 0.650378 5.2766
4469 5481 0.653099 5.29327
4462 5481 0.65582 5.30993
4455 5481 0.658541 5.3266
4448 5481 0.661263 5.34327
4442 5481 0.663984 5.35993
4435 5481 0.666705 5.3766
4427 5481 0.669426 5.39327
4420 5481 0.672148 5.40993
4408 5481 0.674869 5.4266
4403 5481 0.67759 5.44326
4398 5481 0.680311 5.45993
4388 5481 0.683033 5.4766
4378 5481 0.685754 5.49326
4371 5481 0.688475 5.50993
4365 5481 0.691196 5.5266
4359 5481 0.693918 5.54326
4348 5481 0.696639 5.55993
4340 5481 0.69936 5.5766
4331 5481 0.702081 5.59326
4328 5481 0.704803 5.60993
4320 5481 0.707524 5.6266
4307 5481 0.710245 5.64326
4303 5481 0.712966 5.65993
4296 5481 0.715688 5.67659
4289 5481 0.718409 5.69326
4279 5481 0.72113 5.70993
4270 5481 0.723851 5.72659
4261 5481 0.726573 5.74326
4258 5481 0.729294 5.75993
4249 5481 0.732015 5.77659
4240 5481 0.734736 5.79326
4232 5481 0.737458 5.80993
4225 5481 0.740179 5.82659
4216 5481 0.7429 5.84326
4212 5481 0.745621 5.85992
4204 5481 0.748343 5.87659
4196 5481 0.751064 5.89326
4187 5481 0.753785 5.90992
4179 5481 0.756506 5.92659
4170 5481 0.759228 5.94326
4165 5481 0.761949 5.95992
4155 5481 0.76467 5.97659
4146 5481 0.767391 5.99326
4137 5481 0.770113 6.00992
4129 5481 0.772834 6.02659
4123 5481 0.775555 6.04326
4110 5481 0.778276 6.05992
4104 5481 0.780998 6.07659
4100 5481 0.783719 6.09325
4090 5481 0.78644 6.10992
4082 5481 0.789161 6.12659
4073 5481 0.791883 6.14325
4064 5481 0.794604 6.15992
4052 5481 0.797325 6.17659
4046 5481 0.800046 6.19325
4037 5481 0.802768 6.20992
4029 5481 0.805489 6.22659
4020 5481 0.80821 6.24325
4010 5481 0.810931 6.25992
4007 5481 0.813653 6.27659
4000 5481 0.816374 6.29325
3993 5481 0.819095 6.30992
3983 5481 0.821816 6.32658
3968 5481 0.824538 6.34325
3960 5481 0.827259 6.35992
3954 5481 0.82998 6.37658
3945 5481 0.832701 6.39325
3936 5481 0.835423 6.40992
3926 5481 0.838144 6.42658
3920 5481 0.840865 6.44325
3912 5481 0.843586 6.45992
3899 5481 0.846308 6.47658
3890 5481 0.849029 6.49325
3881 5481 0.85175 6.50991
3874 5481 0.854471 6.52658
3866 5481 0.857193 6.54325
3851 5481 0.859914 6.55991
3847 5481 0.862635 6.57658
3836 5481 0.865356 6.59325
3826 5481 0.868078 6.60991
3820 5481 0.870799 6.62658
3811 5481 0.87352 6.64325
3799 5481 0.876241 6.65991
3790 5481 0.878963 6.67658
3778 5481 0.881684 6.69325
3770 5481 0.884405 6.70991
3765 5481 0.887126 6.72658
3750 5481 0.889848 6.74324
3740 5481 0.892569 6.75991
3734 5481 0.89529 6.77658
3718 5481 0.898011 6.79324
3711 5481 0.900733 6.80991
3702 5481 0.903454 6.82658
3695 5481 0.906175 6.84324
3682 5481 0.908896 6.85991
3669 5481 0.911618 6.87658
3659 5481 0.914339 6.89324
3650 5481 0.91706 6.90991
3641 5481 0.919781 6.92658
3632 5481 0.922503 6.94324
3618 5481 0.925224 6.95991
3606 5481 0.927945 6.97657
3598 5481 0.930666 6.99324
3589 5481 0.933388 7.00991
3576 5481 0.936109 7.02657
3563 5481 0.93883 7.04324
3555 5481 0.941551 7.05991
3544 5481 0.944273 7.07657
3538 5481 0.946994 7.09324
3530 5481 0.949715 7.10991
3513 5481 0.952436 7.12657
3505 5481 0.955158 7.14324
3499 5481 0.957879 7.1599
3490 5481 0.9606 7.17657
3478 5481 0.963321 7.19324
3469 5481 0.966043 7.2099
3457 5481 0.968764 7.22657
3444 5481 0.971485 7.24324
3435 5481 0.974206 7.2599
3425 5481 0.976928 7.27657
3416 5481 0.979649 7.29324
3408 5481 0.98237 7.3099
3399 5481 0.985091 7.32657
3389 5481 0.987813 7.34324
3374 5481 0.990534 7.3599
3370 5481 0.993255 7.37657
3356 5481 0.995976 7.39323
3345 5481 0.998698 7.4099
3336 5481 1.00142 7.42657
3323 5481 1.00414 7.44323
3312 5481 1.00686 7.4599
3305 5481 1.00958 7.47657
3296 5481 1.0123 7.49323
3284 5481 1.01502 7.5099
3272 5481 1.01775 7.52657
3264 5481 1.02047 7.54323
3253 5481 1.02319 7.5599
3237 5481 1.02591 7.57657
3231 5481 1.02863 7.59323
3218 5481 1.03135 7.6099
3206 5481 1.03407 7.62656
3194 5481 1.03679 7.64323
3185 5481 1.03952 7.6599
3173 5481 1.04224 7.67656
3164 5481 1.04496 7.69323
3147 5481 1.04768 7.7099
3134 5481 1.0504 7.72656
3125 5481 1.05312 7.74323
3115 5481 1.05584 7.7599
3099 5481 1.05856 7.77656
3089 5481 1.06129 7.79323
3081 5481 1.06401 7.8099
3063 5481 1.06673 7.82656
3054 5481 1.06945 7.84323
3044 5481 1.07217 7.85989
3032 5481 1.07489 7.87656
3016 5481 1.07761 7.89323
3008 5481 1.08033 7.90989
2992 5481 1.08305 7.92656
2982 5481 1.08578 7.94323
2972 5481 1.0885 7.95989
2958 5481 1.09122 7.97656
2946 5481 1.09394 7.99323
2936 5481 1.09666 8.00989
2926 5481 1.09938 8.02656
2915 5481 1.1021 8.04322
2899 5481 1.10482 8.05989
2885 5481 1.10755 8.07656
2875 5481 1.11027 8.09322
2863 5481 1.11299 8.10989
2844 5481 1.11571 8.12656
2834 5481 1.11843 8.14322
2824 5481 1.12115 8.15989
2813 5481 1.12387 8.17656
2799 5481 1.12659 8.19322
2786 5481 1.12931 8.20989
2778 5481 1.13204 8.22655
2765 5481 1.13476 8.24322
2752 5481 1.13748 8.25989
2741 5481 1.1402 8.27655
2728 5481 1.14292 8.29322
2718 5481 1.14564 8.30989
2705 5481 1.14836 8.32655
2692 5481 1.15108 8.34322
2682 5481 1.15381 8.35989
2666 5481 1.15653 8.37655
2653 5481 1.15925 8.39322
2638 5481 1.16197 8.40989
2629 5481 1.16469 8.42655
2617 5481 1.16741 8.44322
2603 5481 1.17013 8.45988
2598 5481 1.17285 8.47655
2582 5481 1.17558 8.49322
2563 5481 1.1783 8.50988
2553 5481 1.18102 8.52655
2544 5481 1.18374 8.54322
2530 5481 1.18646 8.55988
2518 5481 1.18918 8.57655
2508 5481 1.1919 8.59322
2492 5481 1.19462 8.60988
2482 5481 1.19734 8.62655
2471 5481 1.20007 8.64322
2459 5481 1.20279 8.65988
2446 5481 1.20551 8.67655
2434 5481 1.20823 8.69321
2423 5481 1.21095 8.70988
2406 5481 1.21367 8.72655
2399 5481 1.21639 8.74321
2383 5481 1.21911 8.75988
2371 5481 1.22184 8.77655
2359 5481 1.22456 8.79321
2348 5481 1.22728 8.80988
2337 5481 1.23 8.82655
2324 5481 1.23272 8.84321
2315 5481 1.23544 8.85988
2302 5481 1.23816 8.87654
2290 5481 1.24088 8.89321
2276 5481 1.2436 8.90988
2268 5481 1.24633 8.92654
2255 5481 1.24905 8.94321
2241 5481 1.25177 8.95988
2232 5481 1.25449 8.97654
2219 5481 1.25721 8.99321
2211 5481 1.25993 9.00988
2195 5481 1.26265 9.02654
2178 5481 1.26537 9.04321
2166 5481 1.2681 9.05988
2161 5481 1.27082 9.07654
2144 5481 1.27354 9.09321
2131 5481 1.27626 9.10987
2119 5481 1.27898 9.12654
2105 5481 1.2817 9.14321
2094 5481 1.28442 9.15987
2084 5481 1.28714 9.17654
2071 5481 1.28987 9.19321
2056 5481 1.29259 9.20987
2050 5481 1.29531 9.22654
2036 5481 1.29803 9.24321
2027 5481 1.30075 9.25987
2016 5481 1.30347 9.27654
1997 5481 1.30619 9.29321
1991 5481 1.30891 9.30987
1974 5481 1.31163 9.32654
1968 5481 1.31436 9.3432
1953 5481 1.31708 9.35987
1938 5481 1.3198 9.37654
1927 5481 1.32252 9.3932
1914 5481 1.32524 9.40987
1905 5481 1.32796 9.42654
1889 5481 1.33068 9.4432
1876 5481 1.3334 9.45987
1863 5481 1.33613 9.47654
1856 5481 1.33885 9.4932
1841 5481 1.34157 9.50987
1829 5481 1.34429 9.52654
1814 5481 1.34701 9.5432
1805 5481 1.34973 9.55987
1790 5481 1.35245 9.57653
1781 5481 1.35517 9.5932
1771 5481 1.35789 9.60987
1758 5481 1.36062 9.62653
1745 5481 1.36334 9.6432
1735 5481 1.36606 9.65987
1721 5481 1.36878 9.67653
1711 5481 1.3715 9.6932
1697 5481 1.37422 9.70987
1685 5481 1.37694 9.72653
1672 5481 1.37966 9.7432
1662 5481 1.38239 9.75986
1651 5481 1.38511 9.77653
1640 5481 1.38783 9.7932
1628 5481 1.39055 9.80986
1616 5481 1.39327 9.82653
1604 5481 1.39599 9.8432
1591 5481 1.39871 9.85986
1582 5481 1.40143 9.87653
1568 5481 1.40416 9.8932
1556 5481 1.40688 9.90986
1547 5481 1.4096 9.92653
1533 5481 1.41232 9.9432
1521 5481 1.41504 9.95986
1510 5481 1.41776 9.97653
1497 5481 1.42048 9.99319
1488 5481 1.4232 10.0099
1475 5481 1.42592 10.0265
1462 5481 1.42865 10.0432
1454 5481 1.43137 10.0599
1443 5481 1.43409 10.0765
1433 5481 1.43681 10.0932
1422 5481 1.43953 10.1099
1409 5481 1.44225 10.1265
1395 5481 1.44497 10.1432
1387 5481 1.44769 10.1599
1374 5481 1.45042 10.1765
1361 5481 1.45314 10.1932
1353 5481 1.45586 10.2099
1337 5481 1.45858 10.2265
1330 5481 1.4613 10.2432
1315 5481 1.46402 10.2599
1307 5481 1.46674 10.2765
1291 5481 1.46946 10.2932
1284 5481 1.47218 10.3099
1276 5481 1.47491 10.3265
1263 5481 1.47763 10.3432
1250 5481 1.48035 10.3599
1240 5481 1.48307 10.3765
1231 5481 1.48579 10.3932
1220 5481 1.48851 10.4099
1211 5481 1.49123 10.4265
1198 5481 1.49395 10.4432
1188 5481 1.49668 10.4599
1175 5481 1.4994 10.4765
1166 5481 1.50212 10.4932
1158 5481 1.50484 10.5099
1147 5481 1.50756 10.5265
1133 5481 1.51028 10.5432
1124 5481 1.513 10.5599
1114 5481 1.51572 10.5765
1103 5481 1.51845 10.5932
1093 5481 1.52117 10.6099
1078 5481 1.52389 10.6265
1073 5481 1.52661 10.6432
1059 5481 1.52933 10.6599
1050 5481 1.53205 10.6765
1038 5481 1.53477 10.6932
1027 5481 1.53749 10.7099
1016 5481 1.54021 10.7265
1007 5481 1.54294 10.7432
995 5481 1.54566 10.7598
983 5481 1.54838 10.7765
978 5481 1.5511 10.7932
967 5481 1.55382 10.8098
954 5481 1.55654 10.8265
943 5481 1.55926 10.8432
937 5481 1.56198 10.8598
924 5481 1.56471 10.8765
914 5481 1.56743 10.8932
905 5481 1.57015 10.9098
890 5481 1.57287 10.9265
880 5481 1.57559 10.9432
874 5481 1.57831 10.9598
861 5481 1.58103 10.9765
851 5481 1.58375 10.9932
842 5481 1.58647 11.0098
830 5481 1.5892 11.0265
821 5481 1.59192 11.0432
810 5481 1.59464 11.0598
803 5481 1.59736 11.0765
792 5481 1.60008 11.0932
782 5481 1.6028 11.1098
772 5481 1.60552 11.1265
760 5481 1.60824 11.1432
753 5481 1.61097 11.1598
745 5481 1.61369 11.1765
731 5481 1.61641 11.1932
725 5481 1.61913 11.2098
715 5481 1.62185 11.2265
702 5481 1.62457 11.2432
694 5481 1.62729 11.2598
684 5481 1.63001 11.2765
678 5481 1.63274 11.2932
669 5481 1.63546 11.3098
657 5481 1.63818 11.3265
651 5481 1.6409 11.3432
640 5481 1.64362 11.3598
627 5481 1.64634 11.3765
618 5481 1.64906 11.3932
608 5481 1.65178 11.4098
600 5481 1.6545 11.4265
593 5481 1.65723 11.4432
582 5481 1.65995 11.4598
573 5481 1.66267 11.4765
562 5481 1.66539 11.4932
553 5481 1.66811 11.5098
545 5481 1.67083 11.5265
534 5481 1.67355 11.5432
524 5481 1.67627 11.5598
517 5481 1.679 11.5765
508 5481 1.68172 11.5932
500 5481 1.68444 11.6098
489 5481 1.68716 11.6265
480 5481 1.68988 11.6432
470 5481 1.6926 11.6598
462 5481 1.69532 11.6765
455 5481 1.69804 11.6932
445 5481 1.70076 11.7098
437 5481 1.70349 11.7265
427 5481 1.70621 11.7432
418 5481 1.70893 11.7598
411 5481 1.71165 11.7765
402 5481 1.71437 11.7932
396 5481 1.71709 11.8098
387 5481 1.71981 11.8265
380 5481 1.72253 11.8432
372 5481 1.72526 11.8598
365 5481 1.72798 11.8765
357 5481 1.7307 11.8932
350 5481 1.73342 11.9098
345 5481 1.73614 11.9265
337 5481 1.73886 11.9432
331 5481 1.74158 11.9598
322 5481 1.7443 11.9765
317 5481 1.74703 11.9932
309 5481 1.74975 12.0098
303 5481 1.75247 12.0265
298 5481 1.75519 12.0432
293 5481 1.75791 12.0598
287 5481 1.76063 12.0765
282 5481 1.76335 12.0932
275 5481 1.76607 12.1098
270 5481 1.76879 12.1265
266 5481 1.77152 12.1432
261 5481 1.77424 12.1598
257 5481 1.77696 12.1765
250 5481 1.77968 12.1932
248 5481 1.7824 12.2098
241 5481 1.78512 12.2265
236 5481 1.78784 12.2432
231 5481 1.79056 12.2598
225 5481 1.79329 12.2765
221 5481 1.79601 12.2932
216 5481 1.79873 12.3098
209 5481 1.80145 12.3265
206 5481 1.80417 12.3432
200 5481 1.80689 12.3598
194 5481 1.80961 12.3765
191 5481 1.81233 12.3932
186 5481 1.81505 12.4098
179 5481 1.81778 12.4265
173 5481 1.8205 12.4432
168 5481 1.82322 12.4598
163 5481 1.82594 12.4765
157 5481 1.82866 12.4932
152 5481 1.83138 12.5098
145 5481 1.8341 12.5265
138 5481 1.83682 12.5432
133 5481 1.83955 12.5598
127 5481 1.84227 12.5765
122 5481 1.84499 12.5932
115 5481 1.84771 12.6098
110 5481 1.85043 12.6265
106 5481 1.85315 12.6432
101 5481 1.85587 12.6598
96 5481 1.85859 12.6765
91 5481 1.86132 12.6932
85 5481 1.86404 12.7098
80 5481 1.86676 12.7265
74 5481 1.86948 12.7432
70 5481 1.8722 12.7598
66 5481 1.87492 12.7765
60 5481 1.87764 12.7932
57 5481 1.88036 12.8098
52 5481 1.88308 12.8265
49 5481 1.88581 12.8432
47 5481 1.88853 12.8598
43 5481 1.89125 12.8765
41 5481 1.89397 12.8932
38 5481 1.89669 12.9098
36 5481 1.89941 12.9265
33 5481 1.90213 12.9431
31 5481 1.90485 12.9598
30 5481 1.90758 12.9765
27 5481 1.9103 12.9931
26 5481 1.91302 13.0098
24 5481 1.91574 13.0265
20 5481 1.91846 13.0431
18 5481 1.92118 13.0598
17 5481 1.9239 13.0765
16 5481 1.92662 13.0931
12 5481 1.92934 13.1098
11 5481 1.93207 13.1265
11 5481 1.93479 13.1431
7 5481 1.93751 13.1598
7 5481 1.94023 13.1765
5 5481 1.94295 13.1931
5 5481 1.94567 13.2098
4 5481 1.94839 13.2265
3 5481 1.95111 13.2431
2 5481 1.95384 13.2598
2 5481 1.95656 13.2765
0 5481 1.95928 13.2931
0 5481 1.962 13.3098
0 5481 1.96472 13.3265
0 5481 1.96744 13.3431
0 5481 1.97016 13.3598
0 5481 1.97288 13.3765
0 5481 1.97561 13.3931
0 5481 1.97833 13.4098
0 5481 1.98105 13.4265
0 5481 1.98377 13.4431
0 5481 1.98649 13.4598
0 5481 1.98921 13.4765
0 5481 1.99193 13.4931
0 5481 1.99465 13.5098
0 5481 1.99737 13.5265
0 5481 2.0001 13.5431
0 5481 2.00282 13.5598
0 5481 2.00554 13.5765
0 5481 2.00826 13.5931
0 5481 2.01098 13.6098
0 5481 2.0137 13.6265
0 5481 2.01642 13.6431
0 5481 2.01915 13.6598
0 5481 2.02187 13.6765
0 5481 2.02459 13.6931
0 5481 2.02731 13.7098
0 5481 2.03003 13.7265
0 5481 2.03275 13.7431
0 5481 2.03547 13.7598
0 5481 2.03819 13.7765
0 5481 2.04092 13.7931
0 5481 2.04364 13.8098
0 5481 2.04636 13.8265
0 5481 2.04908 13.8431
0 5481 2.0518 13.8598
0 5481 2.05452 13.8765
0 5481 2.05724 13.8931
0 5481 2.05996 13.9098
0 5481 2.06269 13.9265
0 5481 2.06541 13.9431
0 5481 2.06813 13.9598
0 5481 2.07085 13.9765
0 5481 2.07357 13.9931
0 5481 2.07629 14.0098
0 5481 2.07901 14.0265
0 5481 2.08174 14.0431
0 5481 2.08446 14.0598
0 5481 2.08718 14.0765
0 5481 2.0899 14.0931
0 5481 2.09262 14.1098
0 5481 2.09534 14.1265
0 5481 2.09806 14.1431
0 5481 2.10078 14.1598
0 5481 2.10351 14.1765
0 5481 2.10623 14.1931
0 5481 2.10895 14.2098
0 5481 2.11167 14.2265
0 5481 2.11439 14.2431
0 5481 2.11711 14.2598
0 5481 2.11983 14.2765
0 5481 2.12255 14.2931
0 5481 2.12528 14.3098
0 5481 2.128 14.3265
0 5481 2.13072 14.3431
0 5481 2.13344 14.3598
0 5481 2.13616 14.3765
0 5481 2.13888 14.3931
0 5481 2.1416 14.4098
0 5481 2.14433 14.4265
0 5481 2.14705 14.4431
0 5481 2.14977 14.4598
0 5481 2.15249 14.4765
0 5481 2.15521 14.4931
0 5481 2.15793 14.5098
0 5481 2.16065 14.5265
0 5481 2.16337 14.5431
0 5481 2.1661 14.5598
0 5481 2.16882 14.5765
0 5481 2.17154 14.5931
0 5481 2.17426 14.6098
0 5481 2.17698 14.6265
0 5481 2.1797 14.6431
0 5481 2.18242 14.6598
0 5481 2.18514 14.6765
0 5481 2.18787 14.6931
0 5481 2.19059 14.7098
0 5481 2.19331 14.7265
0 5481 2.19603 14.7431
0 5481 2.19875 14.7598
0 5481 2.20147 14.7765
0 5481 2.20419 14.7931
0 5481 2.20692 14.8098
0 5481 2.20964 14.8265
0 5481 2.21236 14.8431
0 5481 2.21508 14.8598
0 5481 2.2178 14.8765
0 5481 2.22052 14.8931
0 5481 2.22324 14.9098
0 5481 2.22596 14.9265
0 5481 2.22869 14.9431
0 5481 2.23141 14.9598
0 5481 2.23413 14.9765
0 5481 2.23685 14.9931
0 5481 2.23957 15.0098
0 5481 2.24229 15.0265
0 5481 2.24501 15.0431
0 5481 2.24774 15.0598
0 5481 2.25046 15.0765
0 5481 2.25318 15.0931
0 5481 2.2559 15.1098
0 5481 2.25862 15.1264
0 5481 2.26134 15.1431
0 5481 2.26406 15.1598
0 5481 2.26678 15.1764
0 5481 2.26951 15.1931
0 5481 2.27223 15.2098
0 5481 2.27495 15.2264
0 5481 2.27767 15.2431
0 5481 2.28039 15.2598
0 5481 2.28311 15.2764
0 5481 2.28583 15.2931
0 5481 2.28855 15.3098
0 5481 2.29128 15.3264
0 5481 2.294 15.3431
0 5481 2.29672 15.3598
0 5481 2.29944 15.3764
0 5481 2.30216 15.3931
0 5481 2.30488 15.4098
0 5481 2.3076 15.4264
0 5481 2.31033 15.4431
0 5481 2.31305 15.4598
0 5481 2.31577 15.4764
0 5481 2.31849 15.4931
0 5481 2.32121 15.5098
0 5481 2.32393 15.5264
0 5481 2.32665 15.5431
0 5481 2.32937 15.5598
0 5481 2.3321 15.5764
0 5481 2.33482 15.5931
0 5481 2.33754 15.6098
0 5481 2.34026 15.6264
0 5481 2.34298 15.6431
0 5481 2.3457 15.6598
0 5481 2.34842 15.6764
0 5481 2.35114 15.6931
0 5481 2.35387 15.7098
0 5481 2.35659 15.7264
0 5481 2.35931 15.7431
0 5481 2.36203 15.7598
0 5481 2.36475 15.7764
0 5481 2.36747 15.7931
0 5481 2.37019 15.8098
0 5481 2.37292 15.8264
0 5481 2.37564 15.8431
0 5481 2.37836 15.8598
0 5481 2.38108 15.8764
0 5481 2.3838 15.8931
0 5481 2.38652 15.9098
0 5481 2.38924 15.9264
0 5481 2.39196 15.9431
0 5481 2.39469 15.9598
0 5481 2.39741 15.9764
0 5481 2.40013 15.9931
0 5481 2.40285 16.0098
0 5481 2.40557 16.0264
0 5481 2.40829 16.0431
0 5481 2.41101 16.0598
0 5481 2.41373 16.0764
0 5481 2.41646 16.0931
0 5481 2.41918 16.1098
0 5481 2.4219 16.1264
0 5481 2.42462 16.1431
0 5481 2.42734 16.1598
0 5481 2.43006 16.1764
0 5481 2.43278 16.1931
0 5481 2.43551 16.2098
0 5481 2.43823 16.2264
0 5481 2.44095 16.2431
0 5481 2.44367 16.2598
0 5481 2.44639 16.2764
0 5481 2.44911 16.2931
0 5481 2.45183 16.3098
0 5481 2.45455 16.3264
0 5481 2.45728 16.3431
0 5481 2.46 16.3598
0 5481 2.46272 16.3764
0 5481 2.46544 16.3931
0 5481 2.46816 16.4098
0 5481 2.47088 16.4264
0 5481 2.4736 16.4431
0 5481 2.47633 16.4598
0 5481 2.47905 16.4764
0 5481 2.48177 16.4931
0 5481 2.48449 16.5098
0 5481 2.48721 16.5264
0 5481 2.48993 16.5431
0 5481 2.49265 16.5598
0 5481 2.49537 16.5764
0 5481 2.4981 16.5931
0 5481 2.50082 16.6098
0 5481 2.50354 16.6264
0 5481 2.50626 16.6431
0 5481 2.50898 16.6598
0 5481 2.5117 16.6764
0 5481 2.51442 16.6931
0 5481 2.51714 16.7098
0 5481 2.51987 16.7264
0 5481 2.52259 16.7431
0 5481 2.52531 16.7598
0 5481 2.52803 16.7764
0 5481 2.53075 16.7931
0 5481 2.53347 16.8098
0 5481 2.53619 16.8264
0 5481 2.53892 16.8431
0 5481 2.54164 16.8598
0 5481 2.54436 16.8764
0 5481 2.54708 16.8931
0 5481 2.5498 16.9098
0 5481 2.55252 16.9264
0 5481 2.55524 16.9431
0 5481 2.55796 16.9598
0 5481 2.56069 16.9764
0 5481 2.56341 16.9931
0 5481 2.56613 17.0098
0 5481 2.56885 17.0264
0 5481 2.57157 17.0431
0 5481 2.57429 17.0598
0 5481 2.57701 17.0764
0 5481 2.57973 17.0931
0 5481 2.58246 17.1098
0 5481 2.58518 17.1264
0 5481 2.5879 17.1431
0 5481 2.59062 17.1598
0 5481 2.59334 17.1764
0 5481 2.59606 17.1931
0 5481 2.59878 17.2098
0 5481 2.60151 17.2264
0 5481 2.60423 17.2431
0 5481 2.60695 17.2598
0 5481 2.60967 17.2764
0 5481 2.61239 17.2931
0 5481 2.61511 17.3097
0 5481 2.61783 17.3264
0 5481 2.62055 17.3431
0 5481 2.62328 17.3597
0 5481 2.626 17.3764
0 5481 2.62872 17.3931
0 5481 2.63144 17.4097
0 5481 2.63416 17.4264
0 5481 2.63688 17.4431
0 5481 2.6396 17.4597
0 5481 2.64232 17.4764
0 5481 2.64505 17.4931
0 5481 2.64777 17.5097
0 5481 2.65049 17.5264
0 5481 2.65321 17.5431
0 5481 2.65593 17.5597
0 5481 2.65865 17.5764
0 5481 2.66137 17.5931
0 5481 2.6641 17.6097
0 5481 2.66682 17.6264
0 5481 2.66954 17.6431
0 5481 2.67226 17.6597
0 5481 2.67498 17.6764
0 5481 2.6777 17.6931
0 5481 2.68042 17.7097
0 5481 2.68314 17.7264
0 5481 2.68587 17.7431
0 5481 2.68859 17.7597
0 5481 2.69131 17.7764
0 5481 2.69403 17.7931
0 5481 2.69675 17.8097
0 5481 2.69947 17.8264
0 5481 2.70219 17.8431
0 5481 2.70492 17.8597
0 5481 2.70764 17.8764
0 5481 2.71036 17.8931
0 5481 2.71308 17.9097
0 5481 2.7158 17.9264
0 5481 2.71852 17.9431
0 5481 2.72124 17.9597
0 5481 2.72396 17.9764
0 5481 2.72669 17.9931
0 5481 2.72941 18.0097
0 5481 2.73213 18.0264
0 5481 2.73485 18.0431
0 5481 2.73757 18.0597
0 5481 2.74029 18.0764
0 5481 2.74301 18.0931
0 5481 2.74573 18.1097
0 5481 2.74846 18.1264
0 5481 2.75118 18.1431
0 5481 2.7539 18.1597
0 5481 2.75662 18.1764
0 5481 2.75934 18.1931
0 5481 2.76206 18.2097
0 5481 2.76478 18.2264
0 5481 2.76751 18.2431
0 5481 2.77023 18.2597
0 5481 2.77295 18.2764
0 5481 2.77567 18.2931
0 5481 2.77839 18.3097
0 5481 2.78111 18.3264
0 5481 2.78383 18.3431
0 5481 2.78655 18.3597
0 5481 2.78928 18.3764
0 5481 2.792 18.3931
0 5481 2.79472 18.4097
0 5481 2.79744 18.4264
0 5481 2.80016 18.4431
0 5481 2.80288 18.4597
0 5481 2.8056 18.4764
0 5481 2.80832 18.4931
0 5481 2.81105 18.5097
0 5481 2.81377 18.5264
0 5481 2.81649 18.5431
0 5481 2.81921 18.5597
0 5481 2.82193 18.5764
0 5481 2.82465 18.5931
0 5481 2.82737 18.6097
0 5481 2.8301 18.6264
0 5481 2.83282 18.6431
0 5481 2.83554 18.6597
0 5481 2.83826 18.6764
0 5481 2.84098 18.6931
0 5481 2.8437 18.7097
0 5481 2.84642 18.7264
0 5481 2.84914 18.7431
0 5481 2.85187 18.7597
0 5481 2.85459 18.7764
0 5481 2.85731 18.7931
0 5481 2.86003 18.8097
0 5481 2.86275 18.8264
0 5481 2.86547 18.8431
0 5481 2.86819 18.8597
0 5481 2.87091 18.8764
0 5481 2.87364 18.8931
0 5481 2.87636 18.9097
0 5481 2.87908 18.9264
0 5481 2.8818 18.9431
0 5481 2.88452 18.9597
0 5481 2.88724 18.9764
0 5481 2.88996 18.9931
0 5481 2.89269 19.0097
0 5481 2.89541 19.0264
0 5481 2.89813 19.0431
0 5481 2.90085 19.0597
0 5481 2.90357 19.0764
0 5481 2.90629 19.0931
0 5481 2.90901 19.1097
0 5481 2.91173 19.1264
0 5481 2.91446 19.1431
0 5481 2.91718 19.1597
0 5481 2.9199 19.1764
0 5481 2.92262 19.1931
0 5481 2.92534 19.2097
0 5481 2.92806 19.2264
0 5481 2.93078 19.2431
0 5481 2.93351 19.2597
0 5481 2.93623 19.2764
0 5481 2.93895 19.2931
0 5481 2.94167 19.3097
0 5481 2.94439 19.3264
0 5481 2.94711 19.3431
0 5481 2.94983 19.3597
0 5481 2.95255 19.3764
0 5481 2.95528 19.3931
0 5481 2.958 19.4097
0 5481 2.96072 19.4264
0 5481 2.96344 19.4431
0 5481 2.96616 19.4597
0 5481 2.96888 19.4764
0 5481 2.9716 19.493
0 5481 2.97432 19.5097
0 5481 2.97705 19.5264
0 5481 2.97977 19.543
0 5481 2.98249 19.5597
0 5481 2.98521 19.5764
0 5481 2.98793 19.593
0 5481 2.99065 19.6097
0 5481 2.99337 19.6264
0 5481 2.9961 19.643
0 5481 2.99882 19.6597
