48583 48935 0.00130223 0.00380325
48583 48935 0.00130223 0.0204697
48583 48935 0.00130223 0.0371361
48582 48935 0.00130223 0.0538025
48580 48935 0.00130223 0.0704689
48580 48935 0.00130223 0.0871353
48580 48935 0.00130223 0.103802
48580 48935 0.00130223 0.120468
48580 48935 0.00130223 0.137135
48580 48935 0.00130223 0.153801
48580 48935 0.00130223 0.170467
48580 48935 0.00130223 0.187134
48580 48935 0.00130223 0.2038
48580 48935 0.00130223 0.220467
48580 48935 0.00130223 0.237133
48580 48935 0.00130223 0.253799
48580 48935 0.00130223 0.270466
48580 48935 0.00130223 0.287132
48580 48935 0.00130223 0.303799
48578 48935 0.00130223 0.320465
48578 48935 0.00130223 0.337132
48578 48935 0.00130223 0.353798
48578 48935 0.00130223 0.370464
48578 48935 0.00130223 0.387131
48578 48935 0.00130223 0.403797
48578 48935 0.00130223 0.420464
48577 48935 0.00130223 0.43713
48577 48935 0.00130223 0.453796
48577 48935 0.00130223 0.470463
48577 48935 0.00130223 0.487129
48577 48935 0.00130223 0.503796
48577 48935 0.00130223 0.520462
48577 48935 0.00130223 0.537128
48577 48935 0.00130223 0.553795
48577 48935 0.00130223 0.570461
48577 48935 0.00130223 0.587128
48577 48935 0.00130223 0.603794
48577 48935 0.00130223 0.620461
48576 48935 0.00130223 0.637127
48575 48935 0.00130223 0.653793
48575 48935 0.00130223 0.67046
48574 48935 0.00130223 0.687126
48574 48935 0.00130223 0.703793
48573 48935 0.00130223 0.720459
48572 48935 0.00130223 0.737125
48572 48935 0.00130223 0.753792
48572 48935 0.00130223 0.770458
48572 48935 0.00130223 0.787125
48572 48935 0.00130223 0.803791
48572 48935 0.00130223 0.820457
48572 48935 0.00130223 0.837124
48572 48935 0.00130223 0.85379
48572 48935 0.00130223 0.870457
48572 48935 0.00130223 0.887123
48572 48935 0.00130223 0.90379
48572 48935 0.00130223 0.920456
48572 48935 0.00130223 0.937122
48572 48935 0.00130223 0.953789
48572 48935 0.00130223 0.970455
48572 48935 0.00130223 0.987122
48572 48935 0.00130223 1.00379
48572 48935 0.00130223 1.02045
48572 48935 0.00130223 1.03712
48572 48935 0.00130223 1.05379
48572 48935 0.00130223 1.07045
48572 48935 0.00130223 1.08712
48572 48935 0.00260446 1.10379
48572 48935 0.00390669 1.12045
48572 48935 0.00520892 1.13712
48572 48935 0.00651115 1.15379
48572 48935 0.00781339 1.17045
48572 48935 0.00911562 1.18712
48572 48935 0.0104178 1.20378
48572 48935 0.0117201 1.22045
48572 48935 0.0130223 1.23712
48572 48935 0.0143245 1.25378
48572 48935 0.0156268 1.27045
48572 48935 0.016929 1.28712
48572 48935 0.0182312 1.30378
48572 48935 0.0195335 1.32045
48572 48935 0.0208357 1.33712
48572 48935 0.0221379 1.35378
48572 48935 0.0234402 1.37045
48572 48935 0.0247424 1.38712
48572 48935 0.0260446 1.40378
48572 48935 0.0273469 1.42045
48572 48935 0.0286491 1.43711
48572 48935 0.0299513 1.45378
48572 48935 0.0312535 1.47045
48572 48935 0.0325558 1.48711
48572 48935 0.033858 1.50378
48572 48935 0.0351602 1.52045
48572 48935 0.0364625 1.53711
48572 48935 0.0377647 1.55378
48572 48935 0.0390669 1.57045
48572 48935 0.0403692 1.58711
48572 48935 0.0416714 1.60378
48572 48935 0.0429736 1.62045
48572 48935 0.0442759 1.63711
48572 48935 0.0455781 1.65378
48572 48935 0.0468803 1.67044
48572 48935 0.0481825 1.68711
48572 48935 0.0494848 1.70378
48572 48935 0.050787 1.72044
48572 48935 0.0520892 1.73711
48571 48935 0.0533915 1.75378
48571 48935 0.0546937 1.77044
48571 48935 0.0559959 1.78711
48571 48935 0.0572982 1.80378
48571 48935 0.0586004 1.82044
48571 48935 0.0599026 1.83711
48571 48935 0.0612049 1.85378
48571 48935 0.0625071 1.87044
48571 48935 0.0638093 1.88711
48571 48935 0.0651115 1.90377
48571 48935 0.0664138 1.92044
48571 48935 0.067716 1.93711
48571 48935 0.0690182 1.95377
48571 48935 0.0703204 1.97044
48571 48935 0.0716227 1.98711
48570 48935 0.0729249 2.00377
48570 48935 0.0742271 2.02044
48570 48935 0.0755294 2.03711
48570 48935 0.0768316 2.05377
48570 48935 0.0781338 2.07044
48570 48935 0.079436 2.0871
48570 48935 0.0807383 2.10377
48570 48935 0.0820405 2.12044
48570 48935 0.0833427 2.1371
48570 48935 0.084645 2.15377
48570 48935 0.0859472 2.17044
48569 48935 0.0872494 2.1871
48569 48935 0.0885516 2.20377
48568 48935 0.0898539 2.22044
48567 48935 0.0911561 2.2371
48566 48935 0.0924583 2.25377
48565 48935 0.0937605 2.27044
48565 48935 0.0950628 2.2871
48564 48935 0.096365 2.30377
48563 48935 0.0976672 2.32043
48563 48935 0.0989695 2.3371
48563 48935 0.100272 2.35377
48563 48935 0.101574 2.37043
48563 48935 0.102876 2.3871
48563 48935 0.104178 2.40377
48561 48935 0.105481 2.42043
48560 48935 0.106783 2.4371
48560 48935 0.108085 2.45377
48558 48935 0.109387 2.47043
48557 48935 0.110689 2.4871
48557 48935 0.111992 2.50377
48557 48935 0.113294 2.52043
48554 48935 0.114596 2.5371
48553 48935 0.115898 2.55376
48552 48935 0.117201 2.57043
48552 48935 0.118503 2.5871
48551 48935 0.119805 2.60376
48548 48935 0.121107 2.62043
48548 48935 0.12241 2.6371
48547 48935 0.123712 2.65376
48544 48935 0.125014 2.67043
48543 48935 0.126316 2.6871
48540 48935 0.127618 2.70376
48540 48935 0.128921 2.72043
48535 48935 0.130223 2.73709
48534 48935 0.131525 2.75376
48532 48935 0.132827 2.77043
48530 48935 0.13413 2.78709
48526 48935 0.135432 2.80376
48525 48935 0.136734 2.82043
48522 48935 0.138036 2.83709
48518 48935 0.139339 2.85376
48518 48935 0.140641 2.87043
48514 48935 0.141943 2.88709
48513 48935 0.143245 2.90376
48510 48935 0.144547 2.92043
48509 48935 0.14585 2.93709
48506 48935 0.147152 2.95376
48504 48935 0.148454 2.97042
48500 48935 0.149756 2.98709
48496 48935 0.151059 3.00376
48492 48935 0.152361 3.02042
48488 48935 0.153663 3.03709
48482 48935 0.154965 3.05376
48478 48935 0.156267 3.07042
48472 48935 0.15757 3.08709
48467 48935 0.158872 3.10376
48464 48935 0.160174 3.12042
48456 48935 0.161476 3.13709
48450 48935 0.162779 3.15376
48444 48935 0.164081 3.17042
48439 48935 0.165383 3.18709
48437 48935 0.166685 3.20375
48429 48935 0.167988 3.22042
48422 48935 0.16929 3.23709
48413 48935 0.170592 3.25375
48408 48935 0.171894 3.27042
48401 48935 0.173196 3.28709
48398 48935 0.174499 3.30375
48395 48935 0.175801 3.32042
48387 48935 0.177103 3.33709
48383 48935 0.178405 3.35375
48375 48935 0.179708 3.37042
48370 48935 0.18101 3.38708
48364 48935 0.182312 3.40375
48358 48935 0.183614 3.42042
48352 48935 0.184916 3.43708
48342 48935 0.186219 3.45375
48335 48935 0.187521 3.47042
48328 48935 0.188823 3.48708
48319 48935 0.190125 3.50375
48313 48935 0.191428 3.52042
48306 48935 0.19273 3.53708
48300 48935 0.194032 3.55375
48297 48935 0.195334 3.57042
48288 48935 0.196637 3.58708
48280 48935 0.197939 3.60375
48273 48935 0.199241 3.62041
48269 48935 0.200543 3.63708
48262 48935 0.201845 3.65375
48251 48935 0.203148 3.67041
48242 48935 0.20445 3.68708
48238 48935 0.205752 3.70375
48230 48935 0.207054 3.72041
48223 48935 0.208357 3.73708
48211 48935 0.209659 3.75375
48203 48935 0.210961 3.77041
48199 48935 0.212263 3.78708
48188 48935 0.213565 3.80375
48184 48935 0.214868 3.82041
48176 48935 0.21617 3.83708
48169 48935 0.217472 3.85374
48163 48935 0.218774 3.87041
48154 48935 0.220077 3.88708
48147 48935 0.221379 3.90374
48138 48935 0.222681 3.92041
48129 48935 0.223983 3.93708
48123 48935 0.225286 3.95374
48112 48935 0.226588 3.97041
48105 48935 0.22789 3.98708
48101 48935 0.229192 4.00374
48091 48935 0.230494 4.02041
48083 48935 0.231797 4.03708
48075 48935 0.233099 4.05374
48067 48935 0.234401 4.07041
48058 48935 0.235703 4.08707
48053 48935 0.237006 4.10374
48044 48935 0.238308 4.12041
48033 48935 0.23961 4.13707
48027 48935 0.240912 4.15374
48014 48935 0.242214 4.17041
48007 48935 0.243517 4.18707
48000 48935 0.244819 4.20374
47991 48935 0.246121 4.22041
47979 48935 0.247423 4.23707
47975 48935 0.248726 4.25374
47963 48935 0.250028 4.2704
47954 48935 0.25133 4.28707
47946 48935 0.252632 4.30374
47937 48935 0.253935 4.3204
47929 48935 0.255237 4.33707
47920 48935 0.256539 4.35374
47910 48935 0.257841 4.3704
47904 48935 0.259144 4.38707
47895 48935 0.260446 4.40374
47884 48935 0.261748 4.4204
47879 48935 0.26305 4.43707
47872 48935 0.264353 4.45374
47863 48935 0.265655 4.4704
47855 48935 0.266957 4.48707
47847 48935 0.268259 4.50373
47841 48935 0.269561 4.5204
47834 48935 0.270864 4.53707
47822 48935 0.272166 4.55373
47812 48935 0.273468 4.5704
47805 48935 0.27477 4.58707
47796 48935 0.276073 4.60373
47789 48935 0.277375 4.6204
47785 48935 0.278677 4.63707
47774 48935 0.279979 4.65373
47766 48935 0.281282 4.6704
47761 48935 0.282584 4.68707
47748 48935 0.283886 4.70373
47736 48935 0.285188 4.7204
47731 48935 0.286491 4.73706
47721 48935 0.287793 4.75373
47715 48935 0.289095 4.7704
47707 48935 0.290397 4.78706
47699 48935 0.2917 4.80373
47690 48935 0.293002 4.8204
47677 48935 0.294304 4.83706
47671 48935 0.295606 4.85373
47664 48935 0.296909 4.8704
47655 48935 0.298211 4.88706
47648 48935 0.299513 4.90373
47639 48935 0.300815 4.92039
47632 48935 0.302118 4.93706
47623 48935 0.30342 4.95373
47612 48935 0.304722 4.97039
47600 48935 0.306024 4.98706
47595 48935 0.307326 5.00373
47584 48935 0.308629 5.02039
47576 48935 0.309931 5.03706
47564 48935 0.311233 5.05373
47555 48935 0.312535 5.07039
47546 48935 0.313838 5.08706
47537 48935 0.31514 5.10373
47529 48935 0.316442 5.12039
47521 48935 0.317744 5.13706
47507 48935 0.319047 5.15372
47501 48935 0.320349 5.17039
47491 48935 0.321651 5.18706
47480 48935 0.322953 5.20372
47471 48935 0.324256 5.22039
47462 48935 0.325558 5.23706
47452 48935 0.32686 5.25372
47444 48935 0.328162 5.27039
47432 48935 0.329465 5.28706
47426 48935 0.330767 5.30372
47417 48935 0.332069 5.32039
47405 48935 0.333371 5.33706
47394 48935 0.334674 5.35372
47386 48935 0.335976 5.37039
47378 48935 0.337278 5.38705
47361 48935 0.33858 5.40372
47355 48935 0.339883 5.42039
47343 48935 0.341185 5.43705
47332 48935 0.342487 5.45372
47322 48935 0.343789 5.47039
47314 48935 0.345092 5.48705
47303 48935 0.346394 5.50372
47293 48935 0.347696 5.52039
47281 48935 0.348998 5.53705
47269 48935 0.3503 5.55372
47262 48935 0.351603 5.57038
47251 48935 0.352905 5.58705
47237 48935 0.354207 5.60372
47228 48935 0.355509 5.62038
47216 48935 0.356812 5.63705
47204 48935 0.358114 5.65372
47197 48935 0.359416 5.67038
47189 48935 0.360718 5.68705
47177 48935 0.362021 5.70372
47161 48935 0.363323 5.72038
47154 48935 0.364625 5.73705
47143 48935 0.365927 5.75372
47135 48935 0.36723 5.77038
47124 48935 0.368532 5.78705
47118 48935 0.369834 5.80371
47106 48935 0.371136 5.82038
47093 48935 0.372439 5.83705
47082 48935 0.373741 5.85371
47068 48935 0.375043 5.87038
47061 48935 0.376345 5.88705
47050 48935 0.377648 5.90371
47042 48935 0.37895 5.92038
47028 48935 0.380252 5.93705
47016 48935 0.381554 5.95371
47004 48935 0.382857 5.97038
46996 48935 0.384159 5.98705
46988 48935 0.385461 6.00371
46976 48935 0.386763 6.02038
46962 48935 0.388066 6.03704
46950 48935 0.389368 6.05371
46941 48935 0.39067 6.07038
46930 48935 0.391972 6.08704
46921 48935 0.393274 6.10371
46909 48935 0.394577 6.12038
46898 48935 0.395879 6.13704
46888 48935 0.397181 6.15371
46875 48935 0.398483 6.17038
46865 48935 0.399786 6.18704
46857 48935 0.401088 6.20371
46839 48935 0.40239 6.22038
46829 48935 0.403692 6.23704
46816 48935 0.404995 6.25371
46804 48935 0.406297 6.27037
46797 48935 0.407599 6.28704
46784 48935 0.408901 6.30371
46773 48935 0.410204 6.32037
46756 48935 0.411506 6.33704
46746 48935 0.412808 6.35371
46734 48935 0.41411 6.37037
46724 48935 0.415413 6.38704
46712 48935 0.416715 6.40371
46699 48935 0.418017 6.42037
46688 48935 0.419319 6.43704
46674 48935 0.420622 6.4537
46661 48935 0.421924 6.47037
46655 48935 0.423226 6.48704
46640 48935 0.424528 6.5037
46630 48935 0.425831 6.52037
46620 48935 0.427133 6.53704
46607 48935 0.428435 6.5537
46593 48935 0.429737 6.57037
46581 48935 0.43104 6.58704
46569 48935 0.432342 6.6037
46559 48935 0.433644 6.62037
46547 48935 0.434946 6.63704
46534 48935 0.436248 6.6537
46526 48935 0.437551 6.67037
46509 48935 0.438853 6.68703
46499 48935 0.440155 6.7037
46487 48935 0.441457 6.72037
46476 48935 0.44276 6.73703
46466 48935 0.444062 6.7537
46451 48935 0.445364 6.77037
46437 48935 0.446666 6.78703
46429 48935 0.447969 6.8037
46418 48935 0.449271 6.82037
46405 48935 0.450573 6.83703
46390 48935 0.451875 6.8537
46379 48935 0.453178 6.87037
46361 48935 0.45448 6.88703
46355 48935 0.455782 6.9037
46338 48935 0.457084 6.92036
46321 48935 0.458387 6.93703
46311 48935 0.459689 6.9537
46301 48935 0.460991 6.97036
46283 48935 0.462293 6.98703
46276 48935 0.463596 7.0037
46262 48935 0.464898 7.02036
46247 48935 0.4662 7.03703
46235 48935 0.467502 7.0537
46228 48935 0.468805 7.07036
46212 48935 0.470107 7.08703
46202 48935 0.471409 7.10369
46192 48935 0.472711 7.12036
46181 48935 0.474014 7.13703
46164 48935 0.475316 7.15369
46150 48935 0.476618 7.17036
46140 48935 0.47792 7.18703
46128 48935 0.479222 7.20369
46114 48935 0.480525 7.22036
46100 48935 0.481827 7.23703
46088 48935 0.483129 7.25369
46073 48935 0.484431 7.27036
46060 48935 0.485734 7.28703
46050 48935 0.487036 7.30369
46037 48935 0.488338 7.32036
46022 48935 0.48964 7.33702
46009 48935 0.490943 7.35369
45994 48935 0.492245 7.37036
45984 48935 0.493547 7.38702
45971 48935 0.494849 7.40369
45955 48935 0.496152 7.42036
45943 48935 0.497454 7.43702
45926 48935 0.498756 7.45369
45913 48935 0.500058 7.47036
45903 48935 0.501361 7.48702
45889 48935 0.502663 7.50369
45874 48935 0.503965 7.52036
45864 48935 0.505267 7.53702
45852 48935 0.50657 7.55369
45832 48935 0.507872 7.57035
45820 48935 0.509174 7.58702
45804 48935 0.510476 7.60369
45789 48935 0.511779 7.62035
45775 48935 0.513081 7.63702
45756 48935 0.514383 7.65369
45749 48935 0.515685 7.67035
45730 48935 0.516988 7.68702
45720 48935 0.51829 7.70369
45700 48935 0.519592 7.72035
45686 48935 0.520894 7.73702
45672 48935 0.522196 7.75368
45655 48935 0.523499 7.77035
45646 48935 0.524801 7.78702
45629 48935 0.526103 7.80368
45613 48935 0.527405 7.82035
45596 48935 0.528708 7.83702
45584 48935 0.53001 7.85368
45564 48935 0.531312 7.87035
45551 48935 0.532614 7.88702
45536 48935 0.533917 7.90368
45521 48935 0.535219 7.92035
45500 48935 0.536521 7.93702
45490 48935 0.537823 7.95368
45473 48935 0.539126 7.97035
45460 48935 0.540428 7.98701
45440 48935 0.54173 8.00368
45421 48935 0.543032 8.02035
45407 48935 0.544335 8.03701
45389 48935 0.545637 8.05368
45374 48935 0.546939 8.07035
45356 48935 0.548241 8.08701
45341 48935 0.549544 8.10368
45323 48935 0.550846 8.12035
45313 48935 0.552148 8.13701
45290 48935 0.55345 8.15368
45274 48935 0.554753 8.17035
45264 48935 0.556055 8.18701
45243 48935 0.557357 8.20368
45225 48935 0.558659 8.22034
45213 48935 0.559961 8.23701
45192 48935 0.561264 8.25368
45175 48935 0.562566 8.27034
45161 48935 0.563868 8.28701
45145 48935 0.56517 8.30368
45129 48935 0.566473 8.32034
45114 48935 0.567775 8.33701
45097 48935 0.569077 8.35368
45081 48935 0.570379 8.37034
45058 48935 0.571682 8.38701
45049 48935 0.572984 8.40368
45027 48935 0.574286 8.42034
45011 48935 0.575588 8.43701
44992 48935 0.576891 8.45367
44975 48935 0.578193 8.47034
44955 48935 0.579495 8.48701
44943 48935 0.580797 8.50367
44921 48935 0.5821 8.52034
44906 48935 0.583402 8.53701
44890 48935 0.584704 8.55367
44866 48935 0.586006 8.57034
44850 48935 0.587309 8.58701
44835 48935 0.588611 8.60367
44815 48935 0.589913 8.62034
44799 48935 0.591215 8.637
44781 48935 0.592518 8.65367
44765 48935 0.59382 8.67034
44744 48935 0.595122 8.687
44727 48935 0.596424 8.70367
44713 48935 0.597727 8.72034
44688 48935 0.599029 8.737
44668 48935 0.600331 8.75367
44652 48935 0.601633 8.77034
44633 48935 0.602935 8.787
44615 48935 0.604238 8.80367
44595 48935 0.60554 8.82034
44578 48935 0.606842 8.837
44565 48935 0.608144 8.85367
44542 48935 0.609447 8.87033
44526 48935 0.610749 8.887
44505 48935 0.612051 8.90367
44484 48935 0.613353 8.92033
44467 48935 0.614656 8.937
44450 48935 0.615958 8.95367
44431 48935 0.61726 8.97033
44407 48935 0.618562 8.987
44390 48935 0.619865 9.00367
44375 48935 0.621167 9.02033
44351 48935 0.622469 9.037
44334 48935 0.623771 9.05367
44310 48935 0.625074 9.07033
44289 48935 0.626376 9.087
44273 48935 0.627678 9.10366
44252 48935 0.62898 9.12033
44232 48935 0.630283 9.137
44209 48935 0.631585 9.15366
44196 48935 0.632887 9.17033
44175 48935 0.634189 9.187
44158 48935 0.635492 9.20366
44128 48935 0.636794 9.22033
44114 48935 0.638096 9.237
44095 48935 0.639398 9.25366
44070 48935 0.640701 9.27033
44056 48935 0.642003 9.28699
44032 48935 0.643305 9.30366
44011 48935 0.644607 9.32033
43991 48935 0.645909 9.33699
43972 48935 0.647212 9.35366
43950 48935 0.648514 9.37033
43928 48935 0.649816 9.38699
43906 48935 0.651118 9.40366
43885 48935 0.652421 9.42033
43864 48935 0.653723 9.43699
43837 48935 0.655025 9.45366
43820 48935 0.656327 9.47033
43803 48935 0.65763 9.48699
43776 48935 0.658932 9.50366
43749 48935 0.660234 9.52032
43728 48935 0.661536 9.53699
43706 48935 0.662839 9.55366
43686 48935 0.664141 9.57032
43668 48935 0.665443 9.58699
43636 48935 0.666745 9.60366
43619 48935 0.668048 9.62032
43593 48935 0.66935 9.63699
43570 48935 0.670652 9.65366
43553 48935 0.671954 9.67032
43532 48935 0.673257 9.68699
43510 48935 0.674559 9.70366
43490 48935 0.675861 9.72032
43465 48935 0.677163 9.73699
43449 48935 0.678466 9.75365
43428 48935 0.679768 9.77032
43403 48935 0.68107 9.78699
43379 48935 0.682372 9.80365
43359 48935 0.683675 9.82032
43331 48935 0.684977 9.83699
43315 48935 0.686279 9.85365
43288 48935 0.687581 9.87032
43269 48935 0.688883 9.88699
43242 48935 0.690186 9.90365
43225 48935 0.691488 9.92032
43199 48935 0.69279 9.93699
43180 48935 0.694092 9.95365
43154 48935 0.695395 9.97032
43133 48935 0.696697 9.98698
43116 48935 0.697999 10.0037
43090 48935 0.699301 10.0203
43068 48935 0.700604 10.037
43044 48935 0.701906 10.0536
43021 48935 0.703208 10.0703
43001 48935 0.70451 10.087
42980 48935 0.705813 10.1036
42954 48935 0.707115 10.1203
42927 48935 0.708417 10.137
42906 48935 0.709719 10.1536
42883 48935 0.711022 10.1703
42862 48935 0.712324 10.187
42835 48935 0.713626 10.2036
42814 48935 0.714928 10.2203
42788 48935 0.716231 10.237
42765 48935 0.717533 10.2536
42739 48935 0.718835 10.2703
42714 48935 0.720137 10.287
42687 48935 0.72144 10.3036
42664 48935 0.722742 10.3203
42646 48935 0.724044 10.337
42612 48935 0.725346 10.3536
42596 48935 0.726649 10.3703
42568 48935 0.727951 10.387
42544 48935 0.729253 10.4036
42515 48935 0.730555 10.4203
42494 48935 0.731857 10.437
42474 48935 0.73316 10.4536
42442 48935 0.734462 10.4703
42413 48935 0.735764 10.487
42392 48935 0.737066 10.5036
42365 48935 0.738369 10.5203
42337 48935 0.739671 10.537
42319 48935 0.740973 10.5536
42285 48935 0.742275 10.5703
42258 48935 0.743578 10.587
42238 48935 0.74488 10.6036
42205 48935 0.746182 10.6203
42183 48935 0.747484 10.637
42154 48935 0.748787 10.6536
42131 48935 0.750089 10.6703
42102 48935 0.751391 10.687
42078 48935 0.752693 10.7036
42043 48935 0.753996 10.7203
42022 48935 0.755298 10.737
41997 48935 0.7566 10.7536
41966 48935 0.757902 10.7703
41941 48935 0.759205 10.787
41909 48935 0.760507 10.8036
41885 48935 0.761809 10.8203
41864 48935 0.763111 10.837
41838 48935 0.764414 10.8536
41809 48935 0.765716 10.8703
41776 48935 0.767018 10.887
41747 48935 0.76832 10.9036
41724 48935 0.769623 10.9203
41696 48935 0.770925 10.937
41668 48935 0.772227 10.9536
41642 48935 0.773529 10.9703
41608 48935 0.774831 10.987
41582 48935 0.776134 11.0036
41554 48935 0.777436 11.0203
41526 48935 0.778738 11.037
41495 48935 0.78004 11.0536
41465 48935 0.781343 11.0703
41441 48935 0.782645 11.087
41408 48935 0.783947 11.1036
41381 48935 0.785249 11.1203
41346 48935 0.786552 11.137
41318 48935 0.787854 11.1537
41281 48935 0.789156 11.1703
41261 48935 0.790458 11.187
41228 48935 0.791761 11.2037
41197 48935 0.793063 11.2203
41163 48935 0.794365 11.237
41136 48935 0.795667 11.2537
41105 48935 0.79697 11.2703
41075 48935 0.798272 11.287
41046 48935 0.799574 11.3037
41019 48935 0.800876 11.3204
40986 48935 0.802179 11.337
40961 48935 0.803481 11.3537
40926 48935 0.804783 11.3704
40897 48935 0.806085 11.387
40861 48935 0.807388 11.4037
40832 48935 0.80869 11.4204
40803 48935 0.809992 11.437
40773 48935 0.811294 11.4537
40743 48935 0.812596 11.4704
40717 48935 0.813899 11.4871
40681 48935 0.815201 11.5037
40648 48935 0.816503 11.5204
40610 48935 0.817805 11.5371
40584 48935 0.819108 11.5537
40551 48935 0.82041 11.5704
40519 48935 0.821712 11.5871
40491 48935 0.823014 11.6038
40458 48935 0.824317 11.6204
40423 48935 0.825619 11.6371
40393 48935 0.826921 11.6538
40354 48935 0.828223 11.6704
40330 48935 0.829526 11.6871
40295 48935 0.830828 11.7038
40258 48935 0.83213 11.7204
40229 48935 0.833432 11.7371
40197 48935 0.834735 11.7538
40160 48935 0.836037 11.7705
40129 48935 0.837339 11.7871
40098 48935 0.838641 11.8038
40068 48935 0.839944 11.8205
40034 48935 0.841246 11.8371
39999 48935 0.842548 11.8538
39970 48935 0.84385 11.8705
39933 48935 0.845153 11.8871
39900 48935 0.846455 11.9038
39864 48935 0.847757 11.9205
39838 48935 0.849059 11.9372
39804 48935 0.850362 11.9538
39768 48935 0.851664 11.9705
39734 48935 0.852966 11.9872
39694 48935 0.854268 12.0038
39664 48935 0.85557 12.0205
39625 48935 0.856873 12.0372
39591 48935 0.858175 12.0538
39557 48935 0.859477 12.0705
39525 48935 0.860779 12.0872
39488 48935 0.862082 12.1039
39455 48935 0.863384 12.1205
39418 48935 0.864686 12.1372
39378 48935 0.865988 12.1539
39347 48935 0.867291 12.1705
39306 48935 0.868593 12.1872
39272 48935 0.869895 12.2039
39237 48935 0.871197 12.2206
39205 48935 0.8725 12.2372
39168 48935 0.873802 12.2539
39134 48935 0.875104 12.2706
39096 48935 0.876406 12.2872
39061 48935 0.877709 12.3039
39022 48935 0.879011 12.3206
38977 48935 0.880313 12.3372
38948 48935 0.881615 12.3539
38914 48935 0.882918 12.3706
38878 48935 0.88422 12.3873
38836 48935 0.885522 12.4039
38807 48935 0.886824 12.4206
38760 48935 0.888127 12.4373
38726 48935 0.889429 12.4539
38690 48935 0.890731 12.4706
38655 48935 0.892033 12.4873
38619 48935 0.893336 12.5039
38589 48935 0.894638 12.5206
38545 48935 0.89594 12.5373
38505 48935 0.897242 12.554
38475 48935 0.898544 12.5706
38437 48935 0.899847 12.5873
38408 48935 0.901149 12.604
38361 48935 0.902451 12.6206
38320 48935 0.903753 12.6373
38286 48935 0.905056 12.654
38245 48935 0.906358 12.6706
38204 48935 0.90766 12.6873
38171 48935 0.908962 12.704
38123 48935 0.910265 12.7207
38093 48935 0.911567 12.7373
38051 48935 0.912869 12.754
38010 48935 0.914171 12.7707
37972 48935 0.915474 12.7873
37934 48935 0.916776 12.804
37896 48935 0.918078 12.8207
37856 48935 0.91938 12.8373
37808 48935 0.920683 12.854
37773 48935 0.921985 12.8707
37728 48935 0.923287 12.8874
37689 48935 0.924589 12.904
37656 48935 0.925892 12.9207
37603 48935 0.927194 12.9374
37569 48935 0.928496 12.954
37536 48935 0.929798 12.9707
37480 48935 0.931101 12.9874
37442 48935 0.932403 13.0041
37407 48935 0.933705 13.0207
37362 48935 0.935007 13.0374
37322 48935 0.93631 13.0541
37281 48935 0.937612 13.0707
37240 48935 0.938914 13.0874
37197 48935 0.940216 13.1041
37154 48935 0.941518 13.1207
37118 48935 0.942821 13.1374
37077 48935 0.944123 13.1541
37027 48935 0.945425 13.1708
36999 48935 0.946727 13.1874
36939 48935 0.94803 13.2041
36904 48935 0.949332 13.2208
36869 48935 0.950634 13.2374
36817 48935 0.951936 13.2541
36776 48935 0.953239 13.2708
36739 48935 0.954541 13.2874
36690 48935 0.955843 13.3041
36647 48935 0.957145 13.3208
36604 48935 0.958448 13.3375
36571 48935 0.95975 13.3541
36513 48935 0.961052 13.3708
36472 48935 0.962354 13.3875
36432 48935 0.963657 13.4041
36388 48935 0.964959 13.4208
36353 48935 0.966261 13.4375
36299 48935 0.967563 13.4541
36255 48935 0.968866 13.4708
36209 48935 0.970168 13.4875
36174 48935 0.97147 13.5042
36131 48935 0.972772 13.5208
36082 48935 0.974075 13.5375
36037 48935 0.975377 13.5542
35990 48935 0.976679 13.5708
35956 48935 0.977981 13.5875
35908 48935 0.979284 13.6042
35859 48935 0.980586 13.6208
35826 48935 0.981888 13.6375
35772 48935 0.98319 13.6542
35727 48935 0.984492 13.6709
35688 48935 0.985795 13.6875
35638 48935 0.987097 13.7042
35591 48935 0.988399 13.7209
35551 48935 0.989701 13.7375
35504 48935 0.991004 13.7542
35455 48935 0.992306 13.7709
35411 48935 0.993608 13.7876
35363 48935 0.99491 13.8042
35326 48935 0.996213 13.8209
35278 48935 0.997515 13.8376
35235 48935 0.998817 13.8542
35187 48935 1.00012 13.8709
35137 48935 1.00142 13.8876
35094 48935 1.00272 13.9042
35041 48935 1.00403 13.9209
34997 48935 1.00533 13.9376
34954 48935 1.00663 13.9543
34900 48935 1.00793 13.9709
34856 48935 1.00924 13.9876
34803 48935 1.01054 14.0043
34757 48935 1.01184 14.0209
34705 48935 1.01314 14.0376
34658 48935 1.01444 14.0543
34616 48935 1.01575 14.0709
34568 48935 1.01705 14.0876
34519 48935 1.01835 14.1043
34472 48935 1.01965 14.121
34422 48935 1.02096 14.1376
34372 48935 1.02226 14.1543
34319 48935 1.02356 14.171
34275 48935 1.02486 14.1876
34233 48935 1.02616 14.2043
34180 48935 1.02747 14.221
34134 48935 1.02877 14.2376
34077 48935 1.03007 14.2543
34030 48935 1.03137 14.271
33992 48935 1.03268 14.2877
33953 48935 1.03398 14.3043
33890 48935 1.03528 14.321
33843 48935 1.03658 14.3377
33794 48935 1.03788 14.3543
33753 48935 1.03919 14.371
33693 48935 1.04049 14.3877
33651 48935 1.04179 14.4044
33599 48935 1.04309 14.421
33551 48935 1.0444 14.4377
33502 48935 1.0457 14.4544
33454 48935 1.047 14.471
33405 48935 1.0483 14.4877
33349 48935 1.0496 14.5044
33303 48935 1.05091 14.521
33257 48935 1.05221 14.5377
33207 48935 1.05351 14.5544
33160 48935 1.05481 14.5711
33110 48935 1.05612 14.5877
33058 48935 1.05742 14.6044
33009 48935 1.05872 14.6211
32961 48935 1.06002 14.6377
32917 48935 1.06132 14.6544
32860 48935 1.06263 14.6711
32805 48935 1.06393 14.6877
32765 48935 1.06523 14.7044
32708 48935 1.06653 14.7211
32660 48935 1.06784 14.7378
32612 48935 1.06914 14.7544
32565 48935 1.07044 14.7711
32508 48935 1.07174 14.7878
32462 48935 1.07304 14.8044
32410 48935 1.07435 14.8211
32359 48935 1.07565 14.8378
32309 48935 1.07695 14.8544
32257 48935 1.07825 14.8711
32217 48935 1.07956 14.8878
32158 48935 1.08086 14.9045
32113 48935 1.08216 14.9211
32065 48935 1.08346 14.9378
32019 48935 1.08477 14.9545
31958 48935 1.08607 14.9711
31906 48935 1.08737 14.9878
31864 48935 1.08867 15.0045
31816 48935 1.08997 15.0211
31758 48935 1.09128 15.0378
31715 48935 1.09258 15.0545
31656 48935 1.09388 15.0712
31614 48935 1.09518 15.0878
31569 48935 1.09649 15.1045
31513 48935 1.09779 15.1212
31461 48935 1.09909 15.1378
31419 48935 1.10039 15.1545
31366 48935 1.10169 15.1712
31314 48935 1.103 15.1879
31269 48935 1.1043 15.2045
31213 48935 1.1056 15.2212
31164 48935 1.1069 15.2379
31117 48935 1.10821 15.2545
31059 48935 1.10951 15.2712
31007 48935 1.11081 15.2879
30965 48935 1.11211 15.3045
30909 48935 1.11341 15.3212
30858 48935 1.11472 15.3379
30807 48935 1.11602 15.3546
30767 48935 1.11732 15.3712
30704 48935 1.11862 15.3879
30653 48935 1.11993 15.4046
30605 48935 1.12123 15.4212
30557 48935 1.12253 15.4379
30503 48935 1.12383 15.4546
30458 48935 1.12513 15.4712
30407 48935 1.12644 15.4879
30358 48935 1.12774 15.5046
30308 48935 1.12904 15.5213
30255 48935 1.13034 15.5379
30208 48935 1.13165 15.5546
30164 48935 1.13295 15.5713
30110 48935 1.13425 15.5879
30060 48935 1.13555 15.6046
30017 48935 1.13685 15.6213
29964 48935 1.13816 15.6379
29912 48935 1.13946 15.6546
29868 48935 1.14076 15.6713
29809 48935 1.14206 15.688
29760 48935 1.14337 15.7046
29716 48935 1.14467 15.7213
29665 48935 1.14597 15.738
29608 48935 1.14727 15.7546
29559 48935 1.14857 15.7713
29513 48935 1.14988 15.788
29464 48935 1.15118 15.8046
29409 48935 1.15248 15.8213
29361 48935 1.15378 15.838
29308 48935 1.15509 15.8547
29264 48935 1.15639 15.8713
29207 48935 1.15769 15.888
29155 48935 1.15899 15.9047
29111 48935 1.1603 15.9213
29067 48935 1.1616 15.938
29009 48935 1.1629 15.9547
28959 48935 1.1642 15.9714
28908 48935 1.1655 15.988
28852 48935 1.16681 16.0047
28799 48935 1.16811 16.0214
28754 48935 1.16941 16.038
28700 48935 1.17071 16.0547
28649 48935 1.17202 16.0714
28605 48935 1.17332 16.088
28549 48935 1.17462 16.1047
28496 48935 1.17592 16.1214
28446 48935 1.17722 16.1381
28398 48935 1.17853 16.1547
28346 48935 1.17983 16.1714
28299 48935 1.18113 16.1881
28246 48935 1.18243 16.2047
28196 48935 1.18374 16.2214
28145 48935 1.18504 16.2381
28096 48935 1.18634 16.2547
28043 48935 1.18764 16.2714
27991 48935 1.18894 16.2881
27939 48935 1.19025 16.3048
27891 48935 1.19155 16.3214
27849 48935 1.19285 16.3381
27795 48935 1.19415 16.3548
27745 48935 1.19546 16.3714
27691 48935 1.19676 16.3881
27648 48935 1.19806 16.4048
27593 48935 1.19936 16.4214
27545 48935 1.20066 16.4381
27487 48935 1.20197 16.4548
27438 48935 1.20327 16.4715
27395 48935 1.20457 16.4881
27347 48935 1.20587 16.5048
27296 48935 1.20718 16.5215
27243 48935 1.20848 16.5381
27191 48935 1.20978 16.5548
27142 48935 1.21108 16.5715
27098 48935 1.21238 16.5882
27045 48935 1.21369 16.6048
26996 48935 1.21499 16.6215
26945 48935 1.21629 16.6382
26897 48935 1.21759 16.6548
26842 48935 1.2189 16.6715
26798 48935 1.2202 16.6882
26750 48935 1.2215 16.7048
26700 48935 1.2228 16.7215
26646 48935 1.22411 16.7382
26593 48935 1.22541 16.7549
26544 48935 1.22671 16.7715
26496 48935 1.22801 16.7882
26450 48935 1.22931 16.8049
26396 48935 1.23062 16.8215
26354 48935 1.23192 16.8382
26307 48935 1.23322 16.8549
26254 48935 1.23452 16.8715
26203 48935 1.23583 16.8882
26157 48935 1.23713 16.9049
26102 48935 1.23843 16.9216
26057 48935 1.23973 16.9382
26009 48935 1.24103 16.9549
25953 48935 1.24234 16.9716
25914 48935 1.24364 16.9882
25861 48935 1.24494 17.0049
25810 48935 1.24624 17.0216
25764 48935 1.24755 17.0382
25716 48935 1.24885 17.0549
25662 48935 1.25015 17.0716
25616 48935 1.25145 17.0883
25559 48935 1.25275 17.1049
25518 48935 1.25406 17.1216
25470 48935 1.25536 17.1383
25416 48935 1.25666 17.1549
25366 48935 1.25796 17.1716
25319 48935 1.25927 17.1883
25266 48935 1.26057 17.2049
25218 48935 1.26187 17.2216
25169 48935 1.26317 17.2383
25120 48935 1.26447 17.255
25071 48935 1.26578 17.2716
25020 48935 1.26708 17.2883
24964 48935 1.26838 17.305
24917 48935 1.26968 17.3216
24867 48935 1.27099 17.3383
24816 48935 1.27229 17.355
24768 48935 1.27359 17.3717
24713 48935 1.27489 17.3883
24658 48935 1.27619 17.405
24612 48935 1.2775 17.4217
24558 48935 1.2788 17.4383
24511 48935 1.2801 17.455
24466 48935 1.2814 17.4717
24413 48935 1.28271 17.4883
24365 48935 1.28401 17.505
24313 48935 1.28531 17.5217
24259 48935 1.28661 17.5384
24213 48935 1.28791 17.555
24167 48935 1.28922 17.5717
24122 48935 1.29052 17.5884
24082 48935 1.29182 17.605
24023 48935 1.29312 17.6217
23972 48935 1.29443 17.6384
23918 48935 1.29573 17.655
23869 48935 1.29703 17.6717
23827 48935 1.29833 17.6884
23771 48935 1.29964 17.7051
23725 48935 1.30094 17.7217
23682 48935 1.30224 17.7384
23634 48935 1.30354 17.7551
23576 48935 1.30484 17.7717
23540 48935 1.30615 17.7884
23491 48935 1.30745 17.8051
23438 48935 1.30875 17.8217
23401 48935 1.31005 17.8384
23338 48935 1.31136 17.8551
23300 48935 1.31266 17.8718
23246 48935 1.31396 17.8884
23195 48935 1.31526 17.9051
23149 48935 1.31656 17.9218
23103 48935 1.31787 17.9384
23056 48935 1.31917 17.9551
23007 48935 1.32047 17.9718
22965 48935 1.32177 17.9884
22922 48935 1.32308 18.0051
22874 48935 1.32438 18.0218
22831 48935 1.32568 18.0385
22783 48935 1.32698 18.0551
22728 48935 1.32828 18.0718
22682 48935 1.32959 18.0885
22638 48935 1.33089 18.1051
22592 48935 1.33219 18.1218
22542 48935 1.33349 18.1385
22493 48935 1.3348 18.1552
22442 48935 1.3361 18.1718
22393 48935 1.3374 18.1885
22355 48935 1.3387 18.2052
22301 48935 1.34 18.2218
22254 48935 1.34131 18.2385
22207 48935 1.34261 18.2552
22162 48935 1.34391 18.2718
22112 48935 1.34521 18.2885
22059 48935 1.34652 18.3052
22018 48935 1.34782 18.3219
21965 48935 1.34912 18.3385
21923 48935 1.35042 18.3552
21878 48935 1.35172 18.3719
21829 48935 1.35303 18.3885
21781 48935 1.35433 18.4052
21737 48935 1.35563 18.4219
21684 48935 1.35693 18.4385
21642 48935 1.35824 18.4552
21598 48935 1.35954 18.4719
21542 48935 1.36084 18.4886
21498 48935 1.36214 18.5052
21451 48935 1.36344 18.5219
21411 48935 1.36475 18.5386
21365 48935 1.36605 18.5552
21314 48935 1.36735 18.5719
21269 48935 1.36865 18.5886
21220 48935 1.36996 18.6052
21178 48935 1.37126 18.6219
21133 48935 1.37256 18.6386
21079 48935 1.37386 18.6553
21034 48935 1.37517 18.6719
20991 48935 1.37647 18.6886
20951 48935 1.37777 18.7053
20902 48935 1.37907 18.7219
20858 48935 1.38037 18.7386
20817 48935 1.38168 18.7553
20765 48935 1.38298 18.7719
20719 48935 1.38428 18.7886
20671 48935 1.38558 18.8053
20623 48935 1.38689 18.822
20588 48935 1.38819 18.8386
20536 48935 1.38949 18.8553
20486 48935 1.39079 18.872
20445 48935 1.39209 18.8886
20403 48935 1.3934 18.9053
20355 48935 1.3947 18.922
20308 48935 1.396 18.9387
20260 48935 1.3973 18.9553
20219 48935 1.39861 18.972
20175 48935 1.39991 18.9887
20131 48935 1.40121 19.0053
20080 48935 1.40251 19.022
20037 48935 1.40381 19.0387
19988 48935 1.40512 19.0553
19952 48935 1.40642 19.072
19905 48935 1.40772 19.0887
19862 48935 1.40902 19.1054
19815 48935 1.41033 19.122
19774 48935 1.41163 19.1387
19727 48935 1.41293 19.1554
19678 48935 1.41423 19.172
19637 48935 1.41553 19.1887
19594 48935 1.41684 19.2054
19551 48935 1.41814 19.222
19506 48935 1.41944 19.2387
19460 48935 1.42074 19.2554
19419 48935 1.42205 19.2721
19369 48935 1.42335 19.2887
19339 48935 1.42465 19.3054
19281 48935 1.42595 19.3221
19240 48935 1.42725 19.3387
19198 48935 1.42856 19.3554
19151 48935 1.42986 19.3721
19117 48935 1.43116 19.3887
19070 48935 1.43246 19.4054
19024 48935 1.43377 19.4221
18981 48935 1.43507 19.4388
18935 48935 1.43637 19.4554
18888 48935 1.43767 19.4721
18841 48935 1.43897 19.4888
18799 48935 1.44028 19.5054
18753 48935 1.44158 19.5221
18714 48935 1.44288 19.5388
18664 48935 1.44418 19.5555
18620 48935 1.44549 19.5721
18576 48935 1.44679 19.5888
18530 48935 1.44809 19.6055
18480 48935 1.44939 19.6221
18438 48935 1.4507 19.6388
18404 48935 1.452 19.6555
18355 48935 1.4533 19.6721
18308 48935 1.4546 19.6888
18264 48935 1.4559 19.7055
18220 48935 1.45721 19.7222
18179 48935 1.45851 19.7388
18134 48935 1.45981 19.7555
18090 48935 1.46111 19.7722
18050 48935 1.46242 19.7888
18013 48935 1.46372 19.8055
17964 48935 1.46502 19.8222
17919 48935 1.46632 19.8388
17873 48935 1.46762 19.8555
17839 48935 1.46893 19.8722
17796 48935 1.47023 19.8889
17752 48935 1.47153 19.9055
17706 48935 1.47283 19.9222
17668 48935 1.47414 19.9389
17618 48935 1.47544 19.9555
17574 48935 1.47674 19.9722
17531 48935 1.47804 19.9889
17488 48935 1.47934 20.0055
17448 48935 1.48065 20.0222
17409 48935 1.48195 20.0389
17366 48935 1.48325 20.0556
17323 48935 1.48455 20.0722
17276 48935 1.48586 20.0889
17240 48935 1.48716 20.1056
17197 48935 1.48846 20.1222
17154 48935 1.48976 20.1389
17112 48935 1.49106 20.1556
17069 48935 1.49237 20.1722
17028 48935 1.49367 20.1889
16983 48935 1.49497 20.2056
16948 48935 1.49627 20.2223
16900 48935 1.49758 20.2389
16852 48935 1.49888 20.2556
16821 48935 1.50018 20.2723
16770 48935 1.50148 20.2889
16725 48935 1.50278 20.3056
16686 48935 1.50409 20.3223
16644 48935 1.50539 20.339
16600 48935 1.50669 20.3556
16564 48935 1.50799 20.3723
16515 48935 1.5093 20.389
16476 48935 1.5106 20.4056
16429 48935 1.5119 20.4223
16384 48935 1.5132 20.439
16345 48935 1.51451 20.4556
16305 48935 1.51581 20.4723
16263 48935 1.51711 20.489
16220 48935 1.51841 20.5057
16180 48935 1.51971 20.5223
16130 48935 1.52102 20.539
16098 48935 1.52232 20.5557
16055 48935 1.52362 20.5723
16011 48935 1.52492 20.589
15971 48935 1.52623 20.6057
15924 48935 1.52753 20.6223
15889 48935 1.52883 20.639
15846 48935 1.53013 20.6557
15805 48935 1.53143 20.6724
15760 48935 1.53274 20.689
15716 48935 1.53404 20.7057
15671 48935 1.53534 20.7224
15633 48935 1.53664 20.739
15599 48935 1.53795 20.7557
15548 48935 1.53925 20.7724
15514 48935 1.54055 20.789
15470 48935 1.54185 20.8057
15424 48935 1.54315 20.8224
15383 48935 1.54446 20.8391
15337 48935 1.54576 20.8557
15296 48935 1.54706 20.8724
15265 48935 1.54836 20.8891
15222 48935 1.54967 20.9057
15177 48935 1.55097 20.9224
15132 48935 1.55227 20.9391
15097 48935 1.55357 20.9557
15048 48935 1.55487 20.9724
15014 48935 1.55618 20.9891
14964 48935 1.55748 21.0058
14929 48935 1.55878 21.0224
14894 48935 1.56008 21.0391
14843 48935 1.56139 21.0558
14804 48935 1.56269 21.0724
14759 48935 1.56399 21.0891
14729 48935 1.56529 21.1058
14687 48935 1.56659 21.1225
14647 48935 1.5679 21.1391
14606 48935 1.5692 21.1558
14562 48935 1.5705 21.1725
14520 48935 1.5718 21.1891
14482 48935 1.57311 21.2058
14437 48935 1.57441 21.2225
14397 48935 1.57571 21.2391
14353 48935 1.57701 21.2558
14314 48935 1.57831 21.2725
14277 48935 1.57962 21.2892
14242 48935 1.58092 21.3058
14194 48935 1.58222 21.3225
14157 48935 1.58352 21.3392
14112 48935 1.58483 21.3558
14067 48935 1.58613 21.3725
14028 48935 1.58743 21.3892
13988 48935 1.58873 21.4058
13943 48935 1.59004 21.4225
13905 48935 1.59134 21.4392
13859 48935 1.59264 21.4559
13817 48935 1.59394 21.4725
13785 48935 1.59524 21.4892
13738 48935 1.59655 21.5059
13703 48935 1.59785 21.5225
13654 48935 1.59915 21.5392
13617 48935 1.60045 21.5559
13579 48935 1.60176 21.5725
13534 48935 1.60306 21.5892
13495 48935 1.60436 21.6059
13452 48935 1.60566 21.6226
13414 48935 1.60696 21.6392
13368 48935 1.60827 21.6559
13335 48935 1.60957 21.6726
13290 48935 1.61087 21.6892
13248 48935 1.61217 21.7059
13211 48935 1.61348 21.7226
13169 48935 1.61478 21.7393
13129 48935 1.61608 21.7559
13086 48935 1.61738 21.7726
13044 48935 1.61868 21.7893
13012 48935 1.61999 21.8059
12962 48935 1.62129 21.8226
12928 48935 1.62259 21.8393
12891 48935 1.62389 21.8559
12847 48935 1.6252 21.8726
12808 48935 1.6265 21.8893
12770 48935 1.6278 21.906
12722 48935 1.6291 21.9226
12687 48935 1.6304 21.9393
12647 48935 1.63171 21.956
12605 48935 1.63301 21.9726
12557 48935 1.63431 21.9893
12523 48935 1.63561 22.006
12483 48935 1.63692 22.0226
12444 48935 1.63822 22.0393
12405 48935 1.63952 22.056
12367 48935 1.64082 22.0727
12320 48935 1.64212 22.0893
12279 48935 1.64343 22.106
12242 48935 1.64473 22.1227
12193 48935 1.64603 22.1393
12153 48935 1.64733 22.156
12110 48935 1.64864 22.1727
12073 48935 1.64994 22.1893
12031 48935 1.65124 22.206
11989 48935 1.65254 22.2227
11953 48935 1.65384 22.2394
11909 48935 1.65515 22.256
11869 48935 1.65645 22.2727
11826 48935 1.65775 22.2894
11791 48935 1.65905 22.306
11740 48935 1.66036 22.3227
11709 48935 1.66166 22.3394
11672 48935 1.66296 22.356
11629 48935 1.66426 22.3727
11590 48935 1.66557 22.3894
11553 48935 1.66687 22.4061
11508 48935 1.66817 22.4227
11470 48935 1.66947 22.4394
11435 48935 1.67077 22.4561
11389 48935 1.67208 22.4727
11345 48935 1.67338 22.4894
11310 48935 1.67468 22.5061
11266 48935 1.67598 22.5228
11230 48935 1.67729 22.5394
11189 48935 1.67859 22.5561
11147 48935 1.67989 22.5728
11111 48935 1.68119 22.5894
11066 48935 1.68249 22.6061
11032 48935 1.6838 22.6228
10990 48935 1.6851 22.6394
10954 48935 1.6864 22.6561
10915 48935 1.6877 22.6728
10873 48935 1.68901 22.6895
10837 48935 1.69031 22.7061
10799 48935 1.69161 22.7228
10763 48935 1.69291 22.7395
10716 48935 1.69421 22.7561
10685 48935 1.69552 22.7728
10648 48935 1.69682 22.7895
10612 48935 1.69812 22.8061
10563 48935 1.69942 22.8228
10529 48935 1.70073 22.8395
10494 48935 1.70203 22.8562
10451 48935 1.70333 22.8728
10413 48935 1.70463 22.8895
10378 48935 1.70593 22.9062
10335 48935 1.70724 22.9228
10304 48935 1.70854 22.9395
10266 48935 1.70984 22.9562
10229 48935 1.71114 22.9728
10188 48935 1.71245 22.9895
10156 48935 1.71375 23.0062
10115 48935 1.71505 23.0229
10072 48935 1.71635 23.0395
10039 48935 1.71765 23.0562
10007 48935 1.71896 23.0729
9971 48935 1.72026 23.0895
9922 48935 1.72156 23.1062
9888 48935 1.72286 23.1229
9851 48935 1.72417 23.1395
9816 48935 1.72547 23.1562
9776 48935 1.72677 23.1729
9743 48935 1.72807 23.1896
9702 48935 1.72938 23.2062
9671 48935 1.73068 23.2229
9631 48935 1.73198 23.2396
9586 48935 1.73328 23.2562
9557 48935 1.73458 23.2729
9518 48935 1.73589 23.2896
9482 48935 1.73719 23.3063
9445 48935 1.73849 23.3229
9407 48935 1.73979 23.3396
9370 48935 1.7411 23.3563
9336 48935 1.7424 23.3729
9300 48935 1.7437 23.3896
9261 48935 1.745 23.4063
9217 48935 1.7463 23.4229
9187 48935 1.74761 23.4396
9145 48935 1.74891 23.4563
9117 48935 1.75021 23.473
9071 48935 1.75151 23.4896
9041 48935 1.75282 23.5063
9002 48935 1.75412 23.523
8965 48935 1.75542 23.5396
8934 48935 1.75672 23.5563
8891 48935 1.75802 23.573
8859 48935 1.75933 23.5896
8826 48935 1.76063 23.6063
8785 48935 1.76193 23.623
8751 48935 1.76323 23.6397
8712 48935 1.76454 23.6563
8679 48935 1.76584 23.673
8642 48935 1.76714 23.6897
8611 48935 1.76844 23.7063
8563 48935 1.76974 23.723
8534 48935 1.77105 23.7397
8495 48935 1.77235 23.7563
8464 48935 1.77365 23.773
8425 48935 1.77495 23.7897
8391 48935 1.77626 23.8064
8346 48935 1.77756 23.823
8316 48935 1.77886 23.8397
8283 48935 1.78016 23.8564
8244 48935 1.78146 23.873
8201 48935 1.78277 23.8897
8172 48935 1.78407 23.9064
8140 48935 1.78537 23.923
8101 48935 1.78667 23.9397
8067 48935 1.78798 23.9564
8027 48935 1.78928 23.9731
7993 48935 1.79058 23.9897
7962 48935 1.79188 24.0064
7921 48935 1.79318 24.0231
7888 48935 1.79449 24.0397
7859 48935 1.79579 24.0564
7822 48935 1.79709 24.0731
7783 48935 1.79839 24.0898
7752 48935 1.7997 24.1064
7719 48935 1.801 24.1231
7682 48935 1.8023 24.1398
7646 48935 1.8036 24.1564
7608 48935 1.80491 24.1731
7571 48935 1.80621 24.1898
7543 48935 1.80751 24.2064
7510 48935 1.80881 24.2231
7471 48935 1.81011 24.2398
7442 48935 1.81142 24.2565
7409 48935 1.81272 24.2731
7370 48935 1.81402 24.2898
7332 48935 1.81532 24.3065
7302 48935 1.81663 24.3231
7268 48935 1.81793 24.3398
7234 48935 1.81923 24.3565
7197 48935 1.82053 24.3731
7168 48935 1.82183 24.3898
7128 48935 1.82314 24.4065
7096 48935 1.82444 24.4232
7063 48935 1.82574 24.4398
7031 48935 1.82704 24.4565
7001 48935 1.82835 24.4732
6965 48935 1.82965 24.4898
6935 48935 1.83095 24.5065
6894 48935 1.83225 24.5232
6858 48935 1.83355 24.5398
6828 48935 1.83486 24.5565
6793 48935 1.83616 24.5732
6756 48935 1.83746 24.5899
6728 48935 1.83876 24.6065
6695 48935 1.84007 24.6232
6657 48935 1.84137 24.6399
6625 48935 1.84267 24.6565
6591 48935 1.84397 24.6732
6558 48935 1.84527 24.6899
6526 48935 1.84658 24.7066
6494 48935 1.84788 24.7232
6453 48935 1.84918 24.7399
6418 48935 1.85048 24.7566
6391 48935 1.85179 24.7732
6355 48935 1.85309 24.7899
6326 48935 1.85439 24.8066
6290 48935 1.85569 24.8232
6260 48935 1.85699 24.8399
6232 48935 1.8583 24.8566
6196 48935 1.8596 24.8733
6163 48935 1.8609 24.8899
6128 48935 1.8622 24.9066
6097 48935 1.86351 24.9233
6069 48935 1.86481 24.9399
6036 48935 1.86611 24.9566
5998 48935 1.86741 24.9733
5969 48935 1.86871 24.9899
5939 48935 1.87002 25.0066
5905 48935 1.87132 25.0233
5869 48935 1.87262 25.04
5839 48935 1.87392 25.0566
5812 48935 1.87523 25.0733
5782 48935 1.87653 25.09
5745 48935 1.87783 25.1066
5714 48935 1.87913 25.1233
5679 48935 1.88044 25.14
5656 48935 1.88174 25.1566
5622 48935 1.88304 25.1733
5588 48935 1.88434 25.19
5560 48935 1.88564 25.2067
5525 48935 1.88695 25.2233
5493 48935 1.88825 25.24
5465 48935 1.88955 25.2567
5433 48935 1.89085 25.2733
5403 48935 1.89216 25.29
5374 48935 1.89346 25.3067
5337 48935 1.89476 25.3233
5310 48935 1.89606 25.34
5280 48935 1.89736 25.3567
5244 48935 1.89867 25.3734
5213 48935 1.89997 25.39
5182 48935 1.90127 25.4067
5156 48935 1.90257 25.4234
5119 48935 1.90388 25.44
5094 48935 1.90518 25.4567
5060 48935 1.90648 25.4734
5025 48935 1.90778 25.4901
4999 48935 1.90908 25.5067
4969 48935 1.91039 25.5234
4938 48935 1.91169 25.5401
4906 48935 1.91299 25.5567
4875 48935 1.91429 25.5734
4848 48935 1.9156 25.5901
4819 48935 1.9169 25.6067
4784 48935 1.9182 25.6234
4758 48935 1.9195 25.6401
4727 48935 1.9208 25.6568
4700 48935 1.92211 25.6734
4667 48935 1.92341 25.6901
4643 48935 1.92471 25.7068
4610 48935 1.92601 25.7234
4592 48935 1.92732 25.7401
4555 48935 1.92862 25.7568
4526 48935 1.92992 25.7734
4493 48935 1.93122 25.7901
4468 48935 1.93252 25.8068
4433 48935 1.93383 25.8235
4414 48935 1.93513 25.8401
4374 48935 1.93643 25.8568
4344 48935 1.93773 25.8735
4322 48935 1.93904 25.8901
4289 48935 1.94034 25.9068
4258 48935 1.94164 25.9235
4234 48935 1.94294 25.9401
4206 48935 1.94424 25.9568
4176 48935 1.94555 25.9735
4149 48935 1.94685 25.9902
4124 48935 1.94815 26.0068
4099 48935 1.94945 26.0235
4066 48935 1.95076 26.0402
4039 48935 1.95206 26.0568
4015 48935 1.95336 26.0735
3989 48935 1.95466 26.0902
3959 48935 1.95597 26.1068
3929 48935 1.95727 26.1235
3899 48935 1.95857 26.1402
3874 48935 1.95987 26.1569
3850 48935 1.96117 26.1735
3819 48935 1.96248 26.1902
3792 48935 1.96378 26.2069
3771 48935 1.96508 26.2235
3743 48935 1.96638 26.2402
3716 48935 1.96769 26.2569
3692 48935 1.96899 26.2736
3660 48935 1.97029 26.2902
3636 48935 1.97159 26.3069
3613 48935 1.97289 26.3236
3591 48935 1.9742 26.3402
3563 48935 1.9755 26.3569
3537 48935 1.9768 26.3736
3506 48935 1.9781 26.3902
3482 48935 1.97941 26.4069
3456 48935 1.98071 26.4236
3436 48935 1.98201 26.4403
3409 48935 1.98331 26.4569
3384 48935 1.98461 26.4736
3358 48935 1.98592 26.4903
3333 48935 1.98722 26.5069
3309 48935 1.98852 26.5236
3283 48935 1.98982 26.5403
3263 48935 1.99113 26.5569
3234 48935 1.99243 26.5736
3204 48935 1.99373 26.5903
3183 48935 1.99503 26.607
3158 48935 1.99633 26.6236
3135 48935 1.99764 26.6403
3112 48935 1.99894 26.657
3084 48935 2.00024 26.6736
3062 48935 2.00154 26.6903
3035 48935 2.00285 26.707
3010 48935 2.00415 26.7236
2994 48935 2.00545 26.7403
2967 48935 2.00675 26.757
2944 48935 2.00805 26.7737
2923 48935 2.00936 26.7903
2895 48935 2.01066 26.807
2874 48935 2.01196 26.8237
2849 48935 2.01326 26.8403
2828 48935 2.01457 26.857
2808 48935 2.01587 26.8737
2780 48935 2.01717 26.8904
2754 48935 2.01847 26.907
2735 48935 2.01977 26.9237
2709 48935 2.02108 26.9404
2689 48935 2.02238 26.957
2664 48935 2.02368 26.9737
2648 48935 2.02498 26.9904
2624 48935 2.02629 27.007
2603 48935 2.02759 27.0237
2584 48935 2.02889 27.0404
2557 48935 2.03019 27.0571
2535 48935 2.0315 27.0737
2512 48935 2.0328 27.0904
2484 48935 2.0341 27.1071
2467 48935 2.0354 27.1237
2444 48935 2.0367 27.1404
2424 48935 2.03801 27.1571
2400 48935 2.03931 27.1737
2381 48935 2.04061 27.1904
2358 48935 2.04191 27.2071
2338 48935 2.04322 27.2238
2315 48935 2.04452 27.2404
2294 48935 2.04582 27.2571
2274 48935 2.04712 27.2738
2251 48935 2.04842 27.2904
2234 48935 2.04973 27.3071
2210 48935 2.05103 27.3238
2194 48935 2.05233 27.3404
2168 48935 2.05363 27.3571
2150 48935 2.05494 27.3738
2134 48935 2.05624 27.3905
2112 48935 2.05754 27.4071
2093 48935 2.05884 27.4238
2067 48935 2.06014 27.4405
2048 48935 2.06145 27.4571
2032 48935 2.06275 27.4738
2009 48935 2.06405 27.4905
1988 48935 2.06535 27.5071
1969 48935 2.06666 27.5238
1947 48935 2.06796 27.5405
1931 48935 2.06926 27.5572
1913 48935 2.07056 27.5738
1894 48935 2.07186 27.5905
1872 48935 2.07317 27.6072
1854 48935 2.07447 27.6238
1839 48935 2.07577 27.6405
1818 48935 2.07707 27.6572
1798 48935 2.07838 27.6739
1778 48935 2.07968 27.6905
1758 48935 2.08098 27.7072
1741 48935 2.08228 27.7239
1723 48935 2.08358 27.7405
1707 48935 2.08489 27.7572
1689 48935 2.08619 27.7739
1670 48935 2.08749 27.7905
1654 48935 2.08879 27.8072
1637 48935 2.0901 27.8239
1621 48935 2.0914 27.8406
1606 48935 2.0927 27.8572
1586 48935 2.094 27.8739
1570 48935 2.0953 27.8906
1553 48935 2.09661 27.9072
1538 48935 2.09791 27.9239
1516 48935 2.09921 27.9406
1504 48935 2.10051 27.9572
1485 48935 2.10182 27.9739
1469 48935 2.10312 27.9906
1450 48935 2.10442 28.0073
1433 48935 2.10572 28.0239
1422 48935 2.10703 28.0406
1401 48935 2.10833 28.0573
1387 48935 2.10963 28.0739
1370 48935 2.11093 28.0906
1353 48935 2.11223 28.1073
1343 48935 2.11354 28.1239
1325 48935 2.11484 28.1406
1311 48935 2.11614 28.1573
1297 48935 2.11744 28.174
1279 48935 2.11875 28.1906
1262 48935 2.12005 28.2073
1249 48935 2.12135 28.224
1233 48935 2.12265 28.2406
1221 48935 2.12395 28.2573
1206 48935 2.12526 28.274
1192 48935 2.12656 28.2906
1177 48935 2.12786 28.3073
1164 48935 2.12916 28.324
1151 48935 2.13047 28.3407
1136 48935 2.13177 28.3573
1122 48935 2.13307 28.374
1106 48935 2.13437 28.3907
1092 48935 2.13567 28.4073
1082 48935 2.13698 28.424
1066 48935 2.13828 28.4407
1054 48935 2.13958 28.4574
1042 48935 2.14088 28.474
1029 48935 2.14219 28.4907
1015 48935 2.14349 28.5074
1002 48935 2.14479 28.524
988 48935 2.14609 28.5407
977 48935 2.14739 28.5574
966 48935 2.1487 28.574
953 48935 2.15 28.5907
940 48935 2.1513 28.6074
930 48935 2.1526 28.6241
916 48935 2.15391 28.6407
904 48935 2.15521 28.6574
891 48935 2.15651 28.6741
881 48935 2.15781 28.6907
866 48935 2.15911 28.7074
854 48935 2.16042 28.7241
844 48935 2.16172 28.7407
833 48935 2.16302 28.7574
820 48935 2.16432 28.7741
811 48935 2.16563 28.7908
798 48935 2.16693 28.8074
788 48935 2.16823 28.8241
777 48935 2.16953 28.8408
763 48935 2.17084 28.8574
754 48935 2.17214 28.8741
743 48935 2.17344 28.8908
731 48935 2.17474 28.9074
721 48935 2.17604 28.9241
709 48935 2.17735 28.9408
699 48935 2.17865 28.9575
688 48935 2.17995 28.9741
678 48935 2.18125 28.9908
668 48935 2.18256 29.0075
655 48935 2.18386 29.0241
647 48935 2.18516 29.0408
637 48935 2.18646 29.0575
628 48935 2.18776 29.0742
616 48935 2.18907 29.0908
609 48935 2.19037 29.1075
598 48935 2.19167 29.1242
589 48935 2.19297 29.1408
580 48935 2.19428 29.1575
570 48935 2.19558 29.1742
561 48935 2.19688 29.1908
552 48935 2.19818 29.2075
544 48935 2.19948 29.2242
536 48935 2.20079 29.2409
525 48935 2.20209 29.2575
515 48935 2.20339 29.2742
508 48935 2.20469 29.2909
501 48935 2.206 29.3075
490 48935 2.2073 29.3242
482 48935 2.2086 29.3409
475 48935 2.2099 29.3575
466 48935 2.2112 29.3742
458 48935 2.21251 29.3909
449 48935 2.21381 29.4076
442 48935 2.21511 29.4242
433 48935 2.21641 29.4409
424 48935 2.21772 29.4576
417 48935 2.21902 29.4742
408 48935 2.22032 29.4909
401 48935 2.22162 29.5076
392 48935 2.22292 29.5242
385 48935 2.22423 29.5409
377 48935 2.22553 29.5576
369 48935 2.22683 29.5743
361 48935 2.22813 29.5909
354 48935 2.22944 29.6076
345 48935 2.23074 29.6243
338 48935 2.23204 29.6409
331 48935 2.23334 29.6576
323 48935 2.23464 29.6743
317 48935 2.23595 29.6909
309 48935 2.23725 29.7076
304 48935 2.23855 29.7243
297 48935 2.23985 29.741
290 48935 2.24116 29.7576
282 48935 2.24246 29.7743
277 48935 2.24376 29.791
269 48935 2.24506 29.8076
262 48935 2.24637 29.8243
256 48935 2.24767 29.841
251 48935 2.24897 29.8577
244 48935 2.25027 29.8743
237 48935 2.25157 29.891
231 48935 2.25288 29.9077
225 48935 2.25418 29.9243
222 48935 2.25548 29.941
215 48935 2.25678 29.9577
210 48935 2.25809 29.9743
206 48935 2.25939 29.991
199 48935 2.26069 30.0077
193 48935 2.26199 30.0244
187 48935 2.26329 30.041
183 48935 2.2646 30.0577
179 48935 2.2659 30.0744
174 48935 2.2672 30.091
169 48935 2.2685 30.1077
164 48935 2.26981 30.1244
157 48935 2.27111 30.141
152 48935 2.27241 30.1577
147 48935 2.27371 30.1744
144 48935 2.27501 30.1911
140 48935 2.27632 30.2077
133 48935 2.27762 30.2244
129 48935 2.27892 30.2411
126 48935 2.28022 30.2577
121 48935 2.28153 30.2744
118 48935 2.28283 30.2911
112 48935 2.28413 30.3077
107 48935 2.28543 30.3244
104 48935 2.28673 30.3411
98 48935 2.28804 30.3578
96 48935 2.28934 30.3744
92 48935 2.29064 30.3911
87 48935 2.29194 30.4078
84 48935 2.29325 30.4244
78 48935 2.29455 30.4411
75 48935 2.29585 30.4578
71 48935 2.29715 30.4744
66 48935 2.29845 30.4911
62 48935 2.29976 30.5078
57 48935 2.30106 30.5245
54 48935 2.30236 30.5411
49 48935 2.30366 30.5578
46 48935 2.30497 30.5745
41 48935 2.30627 30.5911
37 48935 2.30757 30.6078
34 48935 2.30887 30.6245
32 48935 2.31017 30.6412
28 48935 2.31148 30.6578
25 48935 2.31278 30.6745
23 48935 2.31408 30.6912
19 48935 2.31538 30.7078
18 48935 2.31669 30.7245
16 48935 2.31799 30.7412
13 48935 2.31929 30.7578
12 48935 2.32059 30.7745
9 48935 2.3219 30.7912
8 48935 2.3232 30.8079
7 48935 2.3245 30.8245
5 48935 2.3258 30.8412
4 48935 2.3271 30.8579
2 48935 2.32841 30.8745
1 48935 2.32971 30.8912
0 48935 2.33101 30.9079
0 48935 2.33231 30.9245
0 48935 2.33362 30.9412
0 48935 2.33492 30.9579
0 48935 2.33622 30.9746
0 48935 2.33752 30.9912
0 48935 2.33882 31.0079
0 48935 2.34013 31.0246
0 48935 2.34143 31.0412
0 48935 2.34273 31.0579
0 48935 2.34403 31.0746
0 48935 2.34534 31.0912
0 48935 2.34664 31.1079
0 48935 2.34794 31.1246
0 48935 2.34924 31.1413
0 48935 2.35054 31.1579
0 48935 2.35185 31.1746
0 48935 2.35315 31.1913
0 48935 2.35445 31.2079
0 48935 2.35575 31.2246
0 48935 2.35706 31.2413
0 48935 2.35836 31.2579
0 48935 2.35966 31.2746
0 48935 2.36096 31.2913
0 48935 2.36226 31.308
0 48935 2.36357 31.3246
0 48935 2.36487 31.3413
0 48935 2.36617 31.358
0 48935 2.36747 31.3746
0 48935 2.36878 31.3913
0 48935 2.37008 31.408
0 48935 2.37138 31.4247
0 48935 2.37268 31.4413
0 48935 2.37398 31.458
0 48935 2.37529 31.4747
0 48935 2.37659 31.4913
0 48935 2.37789 31.508
0 48935 2.37919 31.5247
0 48935 2.3805 31.5413
0 48935 2.3818 31.558
0 48935 2.3831 31.5747
0 48935 2.3844 31.5914
0 48935 2.3857 31.608
0 48935 2.38701 31.6247
0 48935 2.38831 31.6414
0 48935 2.38961 31.658
0 48935 2.39091 31.6747
0 48935 2.39222 31.6914
0 48935 2.39352 31.708
0 48935 2.39482 31.7247
0 48935 2.39612 31.7414
0 48935 2.39743 31.7581
0 48935 2.39873 31.7747
0 48935 2.40003 31.7914
0 48935 2.40133 31.8081
0 48935 2.40263 31.8247
0 48935 2.40394 31.8414
0 48935 2.40524 31.8581
0 48935 2.40654 31.8747
0 48935 2.40784 31.8914
0 48935 2.40915 31.9081
0 48935 2.41045 31.9248
0 48935 2.41175 31.9414
0 48935 2.41305 31.9581
0 48935 2.41435 31.9748
0 48935 2.41566 31.9914
0 48935 2.41696 32.0081
0 48935 2.41826 32.0248
0 48935 2.41956 32.0415
0 48935 2.42087 32.0581
0 48935 2.42217 32.0748
0 48935 2.42347 32.0915
0 48935 2.42477 32.1081
0 48935 2.42607 32.1248
0 48935 2.42738 32.1415
0 48935 2.42868 32.1581
0 48935 2.42998 32.1748
0 48935 2.43128 32.1915
0 48935 2.43259 32.2082
0 48935 2.43389 32.2248
0 48935 2.43519 32.2415
0 48935 2.43649 32.2582
0 48935 2.43779 32.2748
0 48935 2.4391 32.2915
0 48935 2.4404 32.3082
0 48935 2.4417 32.3248
0 48935 2.443 32.3415
0 48935 2.44431 32.3582
0 48935 2.44561 32.3749
0 48935 2.44691 32.3915
0 48935 2.44821 32.4082
0 48935 2.44951 32.4249
0 48935 2.45082 32.4415
0 48935 2.45212 32.4582
0 48935 2.45342 32.4749
0 48935 2.45472 32.4915
0 48935 2.45603 32.5082
0 48935 2.45733 32.5249
0 48935 2.45863 32.5416
0 48935 2.45993 32.5582
0 48935 2.46124 32.5749
0 48935 2.46254 32.5916
0 48935 2.46384 32.6082
0 48935 2.46514 32.6249
0 48935 2.46644 32.6416
0 48935 2.46775 32.6582
0 48935 2.46905 32.6749
0 48935 2.47035 32.6916
0 48935 2.47165 32.7083
0 48935 2.47296 32.7249
0 48935 2.47426 32.7416
0 48935 2.47556 32.7583
0 48935 2.47686 32.7749
0 48935 2.47816 32.7916
0 48935 2.47947 32.8083
0 48935 2.48077 32.825
0 48935 2.48207 32.8416
0 48935 2.48337 32.8583
0 48935 2.48468 32.875
0 48935 2.48598 32.8916
0 48935 2.48728 32.9083
0 48935 2.48858 32.925
0 48935 2.48988 32.9416
0 48935 2.49119 32.9583
0 48935 2.49249 32.975
0 48935 2.49379 32.9917
0 48935 2.49509 33.0083
0 48935 2.4964 33.025
0 48935 2.4977 33.0417
0 48935 2.499 33.0583
0 48935 2.5003 33.075
0 48935 2.5016 33.0917
0 48935 2.50291 33.1083
0 48935 2.50421 33.125
0 48935 2.50551 33.1417
0 48935 2.50681 33.1584
0 48935 2.50812 33.175
0 48935 2.50942 33.1917
0 48935 2.51072 33.2084
0 48935 2.51202 33.225
0 48935 2.51332 33.2417
0 48935 2.51463 33.2584
0 48935 2.51593 33.275
0 48935 2.51723 33.2917
0 48935 2.51853 33.3084
0 48935 2.51984 33.3251
0 48935 2.52114 33.3417
0 48935 2.52244 33.3584
0 48935 2.52374 33.3751
0 48935 2.52504 33.3917
0 48935 2.52635 33.4084
0 48935 2.52765 33.4251
0 48935 2.52895 33.4417
0 48935 2.53025 33.4584
0 48935 2.53156 33.4751
0 48935 2.53286 33.4918
0 48935 2.53416 33.5084
0 48935 2.53546 33.5251
0 48935 2.53677 33.5418
0 48935 2.53807 33.5584
0 48935 2.53937 33.5751
0 48935 2.54067 33.5918
0 48935 2.54197 33.6085
0 48935 2.54328 33.6251
0 48935 2.54458 33.6418
0 48935 2.54588 33.6585
0 48935 2.54718 33.6751
0 48935 2.54849 33.6918
0 48935 2.54979 33.7085
0 48935 2.55109 33.7251
0 48935 2.55239 33.7418
0 48935 2.55369 33.7585
0 48935 2.555 33.7752
0 48935 2.5563 33.7918
0 48935 2.5576 33.8085
0 48935 2.5589 33.8252
0 48935 2.56021 33.8418
0 48935 2.56151 33.8585
0 48935 2.56281 33.8752
0 48935 2.56411 33.8918
0 48935 2.56541 33.9085
0 48935 2.56672 33.9252
0 48935 2.56802 33.9419
0 48935 2.56932 33.9585
0 48935 2.57062 33.9752
0 48935 2.57193 33.9919
0 48935 2.57323 34.0085
0 48935 2.57453 34.0252
0 48935 2.57583 34.0419
0 48935 2.57713 34.0585
0 48935 2.57844 34.0752
0 48935 2.57974 34.0919
0 48935 2.58104 34.1086
0 48935 2.58234 34.1252
0 48935 2.58365 34.1419
0 48935 2.58495 34.1586
0 48935 2.58625 34.1752
0 48935 2.58755 34.1919
0 48935 2.58885 34.2086
0 48935 2.59016 34.2253
0 48935 2.59146 34.2419
0 48935 2.59276 34.2586
0 48935 2.59406 34.2753
0 48935 2.59537 34.2919
0 48935 2.59667 34.3086
0 48935 2.59797 34.3253
0 48935 2.59927 34.3419
0 48935 2.60057 34.3586
0 48935 2.60188 34.3753
0 48935 2.60318 34.392
0 48935 2.60448 34.4086
0 48935 2.60578 34.4253
0 48935 2.60709 34.442
0 48935 2.60839 34.4586
0 48935 2.60969 34.4753
0 48935 2.61099 34.492
0 48935 2.6123 34.5086
0 48935 2.6136 34.5253
0 48935 2.6149 34.542
0 48935 2.6162 34.5587
0 48935 2.6175 34.5753
0 48935 2.61881 34.592
0 48935 2.62011 34.6087
0 48935 2.62141 34.6253
0 48935 2.62271 34.642
0 48935 2.62402 34.6587
0 48935 2.62532 34.6753
0 48935 2.62662 34.692
0 48935 2.62792 34.7087
0 48935 2.62922 34.7254
0 48935 2.63053 34.742
0 48935 2.63183 34.7587
0 48935 2.63313 34.7754
0 48935 2.63443 34.792
0 48935 2.63574 34.8087
0 48935 2.63704 34.8254
0 48935 2.63834 34.842
0 48935 2.63964 34.8587
0 48935 2.64094 34.8754
0 48935 2.64225 34.8921
0 48935 2.64355 34.9087
0 48935 2.64485 34.9254
0 48935 2.64615 34.9421
0 48935 2.64746 34.9587
0 48935 2.64876 34.9754
0 48935 2.65006 34.9921
0 48935 2.65136 35.0088
0 48935 2.65266 35.0254
0 48935 2.65397 35.0421
0 48935 2.65527 35.0588
0 48935 2.65657 35.0754
0 48935 2.65787 35.0921
0 48935 2.65918 35.1088
0 48935 2.66048 35.1254
0 48935 2.66178 35.1421
0 48935 2.66308 35.1588
0 48935 2.66438 35.1755
0 48935 2.66569 35.1921
0 48935 2.66699 35.2088
0 48935 2.66829 35.2255
0 48935 2.66959 35.2421
0 48935 2.6709 35.2588
0 48935 2.6722 35.2755
0 48935 2.6735 35.2921
0 48935 2.6748 35.3088
0 48935 2.67611 35.3255
0 48935 2.67741 35.3422
0 48935 2.67871 35.3588
0 48935 2.68001 35.3755
0 48935 2.68131 35.3922
0 48935 2.68262 35.4088
0 48935 2.68392 35.4255
0 48935 2.68522 35.4422
0 48935 2.68652 35.4588
0 48935 2.68783 35.4755
0 48935 2.68913 35.4922
0 48935 2.69043 35.5089
0 48935 2.69173 35.5255
0 48935 2.69303 35.5422
0 48935 2.69434 35.5589
0 48935 2.69564 35.5755
0 48935 2.69694 35.5922
0 48935 2.69824 35.6089
0 48935 2.69955 35.6255
0 48935 2.70085 35.6422
0 48935 2.70215 35.6589
0 48935 2.70345 35.6756
0 48935 2.70475 35.6922
0 48935 2.70606 35.7089
0 48935 2.70736 35.7256
0 48935 2.70866 35.7422
0 48935 2.70996 35.7589
0 48935 2.71127 35.7756
0 48935 2.71257 35.7923
0 48935 2.71387 35.8089
0 48935 2.71517 35.8256
0 48935 2.71647 35.8423
0 48935 2.71778 35.8589
0 48935 2.71908 35.8756
0 48935 2.72038 35.8923
0 48935 2.72168 35.9089
0 48935 2.72299 35.9256
0 48935 2.72429 35.9423
0 48935 2.72559 35.959
0 48935 2.72689 35.9756
0 48935 2.72819 35.9923
0 48935 2.7295 36.009
0 48935 2.7308 36.0256
0 48935 2.7321 36.0423
0 48935 2.7334 36.059
0 48935 2.73471 36.0756
0 48935 2.73601 36.0923
0 48935 2.73731 36.109
0 48935 2.73861 36.1257
0 48935 2.73991 36.1423
0 48935 2.74122 36.159
0 48935 2.74252 36.1757
0 48935 2.74382 36.1923
0 48935 2.74512 36.209
0 48935 2.74643 36.2257
0 48935 2.74773 36.2423
0 48935 2.74903 36.259
0 48935 2.75033 36.2757
0 48935 2.75164 36.2924
0 48935 2.75294 36.309
0 48935 2.75424 36.3257
0 48935 2.75554 36.3424
0 48935 2.75684 36.359
0 48935 2.75815 36.3757
0 48935 2.75945 36.3924
0 48935 2.76075 36.409
0 48935 2.76205 36.4257
0 48935 2.76336 36.4424
0 48935 2.76466 36.4591
0 48935 2.76596 36.4757
0 48935 2.76726 36.4924
0 48935 2.76856 36.5091
0 48935 2.76987 36.5257
0 48935 2.77117 36.5424
0 48935 2.77247 36.5591
0 48935 2.77377 36.5758
0 48935 2.77508 36.5924
0 48935 2.77638 36.6091
0 48935 2.77768 36.6258
0 48935 2.77898 36.6424
0 48935 2.78028 36.6591
0 48935 2.78159 36.6758
0 48935 2.78289 36.6924
0 48935 2.78419 36.7091
0 48935 2.78549 36.7258
0 48935 2.7868 36.7425
0 48935 2.7881 36.7591
0 48935 2.7894 36.7758
0 48935 2.7907 36.7925
0 48935 2.792 36.8091
0 48935 2.79331 36.8258
0 48935 2.79461 36.8425
0 48935 2.79591 36.8591
0 48935 2.79721 36.8758
0 48935 2.79852 36.8925
0 48935 2.79982 36.9092
0 48935 2.80112 36.9258
0 48935 2.80242 36.9425
0 48935 2.80372 36.9592
0 48935 2.80503 36.9758
0 48935 2.80633 36.9925
0 48935 2.80763 37.0092
0 48935 2.80893 37.0258
0 48935 2.81024 37.0425
0 48935 2.81154 37.0592
0 48935 2.81284 37.0759
0 48935 2.81414 37.0925
0 48935 2.81544 37.1092
0 48935 2.81675 37.1259
0 48935 2.81805 37.1425
0 48935 2.81935 37.1592
0 48935 2.82065 37.1759
0 48935 2.82196 37.1926
0 48935 2.82326 37.2092
0 48935 2.82456 37.2259
0 48935 2.82586 37.2426
0 48935 2.82717 37.2592
0 48935 2.82847 37.2759
0 48935 2.82977 37.2926
0 48935 2.83107 37.3092
0 48935 2.83237 37.3259
0 48935 2.83368 37.3426
0 48935 2.83498 37.3593
0 48935 2.83628 37.3759
0 48935 2.83758 37.3926
0 48935 2.83889 37.4093
0 48935 2.84019 37.4259
0 48935 2.84149 37.4426
0 48935 2.84279 37.4593
0 48935 2.84409 37.4759
0 48935 2.8454 37.4926
0 48935 2.8467 37.5093
0 48935 2.848 37.526
0 48935 2.8493 37.5426
0 48935 2.85061 37.5593
0 48935 2.85191 37.576
0 48935 2.85321 37.5926
0 48935 2.85451 37.6093
0 48935 2.85581 37.626
0 48935 2.85712 37.6426
0 48935 2.85842 37.6593
0 48935 2.85972 37.676
0 48935 2.86102 37.6927
0 48935 2.86233 37.7093
0 48935 2.86363 37.726
0 48935 2.86493 37.7427
0 48935 2.86623 37.7593
0 48935 2.86753 37.776
0 48935 2.86884 37.7927
0 48935 2.87014 37.8093
0 48935 2.87144 37.826
0 48935 2.87274 37.8427
0 48935 2.87405 37.8594
0 48935 2.87535 37.876
0 48935 2.87665 37.8927
0 48935 2.87795 37.9094
0 48935 2.87925 37.926
0 48935 2.88056 37.9427
0 48935 2.88186 37.9594
0 48935 2.88316 37.9761
0 48935 2.88446 37.9927
0 48935 2.88577 38.0094
0 48935 2.88707 38.0261
0 48935 2.88837 38.0427
0 48935 2.88967 38.0594
0 48935 2.89097 38.0761
0 48935 2.89228 38.0927
0 48935 2.89358 38.1094
0 48935 2.89488 38.1261
0 48935 2.89618 38.1428
0 48935 2.89749 38.1594
0 48935 2.89879 38.1761
0 48935 2.90009 38.1928
0 48935 2.90139 38.2094
0 48935 2.9027 38.2261
0 48935 2.904 38.2428
0 48935 2.9053 38.2594
0 48935 2.9066 38.2761
0 48935 2.9079 38.2928
0 48935 2.90921 38.3095
0 48935 2.91051 38.3261
0 48935 2.91181 38.3428
0 48935 2.91311 38.3595
0 48935 2.91442 38.3761
0 48935 2.91572 38.3928
0 48935 2.91702 38.4095
0 48935 2.91832 38.4261
0 48935 2.91962 38.4428
0 48935 2.92093 38.4595
0 48935 2.92223 38.4762
0 48935 2.92353 38.4928
0 48935 2.92483 38.5095
0 48935 2.92614 38.5262
0 48935 2.92744 38.5428
0 48935 2.92874 38.5595
0 48935 2.93004 38.5762
0 48935 2.93134 38.5928
0 48935 2.93265 38.6095
0 48935 2.93395 38.6262
0 48935 2.93525 38.6429
0 48935 2.93655 38.6595
0 48935 2.93786 38.6762
0 48935 2.93916 38.6929
0 48935 2.94046 38.7095
0 48935 2.94176 38.7262
0 48935 2.94306 38.7429
0 48935 2.94437 38.7596
0 48935 2.94567 38.7762
0 48935 2.94697 38.7929
0 48935 2.94827 38.8096
0 48935 2.94958 38.8262
0 48935 2.95088 38.8429
0 48935 2.95218 38.8596
0 48935 2.95348 38.8762
0 48935 2.95478 38.8929
0 48935 2.95609 38.9096
0 48935 2.95739 38.9263
0 48935 2.95869 38.9429
0 48935 2.95999 38.9596
0 48935 2.9613 38.9763
0 48935 2.9626 38.9929
0 48935 2.9639 39.0096
0 48935 2.9652 39.0263
0 48935 2.96651 39.0429
0 48935 2.96781 39.0596
0 48935 2.96911 39.0763
0 48935 2.97041 39.093
0 48935 2.97171 39.1096
0 48935 2.97302 39.1263
0 48935 2.97432 39.143
0 48935 2.97562 39.1596
0 48935 2.97692 39.1763
0 48935 2.97823 39.193
0 48935 2.97953 39.2096
0 48935 2.98083 39.2263
0 48935 2.98213 39.243
0 48935 2.98343 39.2597
0 48935 2.98474 39.2763
0 48935 2.98604 39.293
0 48935 2.98734 39.3097
0 48935 2.98864 39.3263
0 48935 2.98995 39.343
0 48935 2.99125 39.3597
0 48935 2.99255 39.3764
0 48935 2.99385 39.393
0 48935 2.99515 39.4097
0 48935 2.99646 39.4264
0 48935 2.99776 39.443
0 48935 2.99906 39.4597
