4853 4861 0.00132051 0.00369358
4853 4861 0.00132051 0.02036
4853 4861 0.00132051 0.0370264
4853 4861 0.00132051 0.0536928
4853 4861 0.00132051 0.0703592
4853 4861 0.00132051 0.0870256
4853 4861 0.00132051 0.103692
4853 4861 0.00132051 0.120358
4853 4861 0.00132051 0.137025
4853 4861 0.00132051 0.153691
4853 4861 0.00132051 0.170358
4853 4861 0.00132051 0.187024
4853 4861 0.00132051 0.203691
4853 4861 0.00132051 0.220357
4853 4861 0.00132051 0.237023
4852 4861 0.00132051 0.25369
4852 4861 0.00132051 0.270356
4852 4861 0.00132051 0.287023
4852 4861 0.00132051 0.303689
4852 4861 0.00132051 0.320355
4852 4861 0.00132051 0.337022
4852 4861 0.00132051 0.353688
4852 4861 0.00132051 0.370355
4851 4861 0.00132051 0.387021
4851 4861 0.00132051 0.403687
4851 4861 0.00132051 0.420354
4851 4861 0.00132051 0.43702
4851 4861 0.00132051 0.453687
4851 4861 0.00132051 0.470353
4851 4861 0.00132051 0.48702
4851 4861 0.00132051 0.503686
4851 4861 0.00132051 0.520352
4851 4861 0.00132051 0.537019
4850 4861 0.00132051 0.553685
4850 4861 0.00132051 0.570352
4850 4861 0.00132051 0.587018
4850 4861 0.00132051 0.603684
4849 4861 0.00132051 0.620351
4849 4861 0.00132051 0.637017
4849 4861 0.00132051 0.653684
4849 4861 0.00132051 0.67035
4848 4861 0.00132051 0.687016
4848 4861 0.00132051 0.703683
4848 4861 0.00132051 0.720349
4848 4861 0.00132051 0.737016
4848 4861 0.00132051 0.753682
4848 4861 0.00132051 0.770349
4848 4861 0.00132051 0.787015
4848 4861 0.00132051 0.803681
4848 4861 0.00132051 0.820348
4848 4861 0.00132051 0.837014
4848 4861 0.00132051 0.853681
4848 4861 0.00132051 0.870347
4848 4861 0.00132051 0.887013
4848 4861 0.00132051 0.90368
4847 4861 0.00132051 0.920346
4847 4861 0.00132051 0.937013
4847 4861 0.00132051 0.953679
4847 4861 0.00132051 0.970345
4847 4861 0.00132051 0.987012
4847 4861 0.00132051 1.00368
4847 4861 0.00132051 1.02034
4847 4861 0.00132051 1.03701
4847 4861 0.00132051 1.05368
4847 4861 0.00132051 1.07034
4847 4861 0.00132051 1.08701
4847 4861 0.00132051 1.10368
4847 4861 0.00132051 1.12034
4847 4861 0.00132051 1.13701
4847 4861 0.00132051 1.15368
4847 4861 0.00132051 1.17034
4847 4861 0.00132051 1.18701
4847 4861 0.00132051 1.20368
4847 4861 0.00132051 1.22034
4847 4861 0.00132051 1.23701
4847 4861 0.00132051 1.25367
4847 4861 0.00132051 1.27034
4847 4861 0.00264101 1.28701
4847 4861 0.00396152 1.30367
4847 4861 0.00528203 1.32034
4847 4861 0.00660253 1.33701
4847 4861 0.00792304 1.35367
4847 4861 0.00924354 1.37034
4846 4861 0.0105641 1.38701
4846 4861 0.0118846 1.40367
4845 4861 0.0132051 1.42034
4845 4861 0.0145256 1.43701
4845 4861 0.0158461 1.45367
4845 4861 0.0171666 1.47034
4845 4861 0.0184871 1.487
4845 4861 0.0198076 1.50367
4844 4861 0.0211281 1.52034
4844 4861 0.0224486 1.537
4844 4861 0.0237691 1.55367
4844 4861 0.0250896 1.57034
4844 4861 0.0264101 1.587
4844 4861 0.0277306 1.60367
4844 4861 0.0290511 1.62034
4844 4861 0.0303716 1.637
4844 4861 0.0316921 1.65367
4844 4861 0.0330127 1.67033
4843 4861 0.0343332 1.687
4843 4861 0.0356537 1.70367
4843 4861 0.0369742 1.72033
4843 4861 0.0382947 1.737
4843 4861 0.0396152 1.75367
4843 4861 0.0409357 1.77033
4843 4861 0.0422562 1.787
4843 4861 0.0435767 1.80367
4843 4861 0.0448972 1.82033
4843 4861 0.0462177 1.837
4843 4861 0.0475382 1.85367
4843 4861 0.0488587 1.87033
4842 4861 0.0501792 1.887
4842 4861 0.0514998 1.90366
4842 4861 0.0528203 1.92033
4842 4861 0.0541408 1.937
4842 4861 0.0554613 1.95366
4842 4861 0.0567818 1.97033
4842 4861 0.0581023 1.987
4842 4861 0.0594228 2.00366
4842 4861 0.0607433 2.02033
4842 4861 0.0620638 2.037
4842 4861 0.0633843 2.05366
4842 4861 0.0647048 2.07033
4842 4861 0.0660253 2.087
4842 4861 0.0673458 2.10366
4842 4861 0.0686663 2.12033
4842 4861 0.0699868 2.13699
4842 4861 0.0713073 2.15366
4842 4861 0.0726278 2.17033
4842 4861 0.0739483 2.18699
4842 4861 0.0752688 2.20366
4842 4861 0.0765894 2.22033
4842 4861 0.0779099 2.23699
4842 4861 0.0792304 2.25366
4842 4861 0.0805509 2.27033
4842 4861 0.0818714 2.28699
4842 4861 0.0831919 2.30366
4842 4861 0.0845124 2.32032
4842 4861 0.0858329 2.33699
4842 4861 0.0871534 2.35366
4842 4861 0.0884739 2.37032
4841 4861 0.0897944 2.38699
4841 4861 0.0911149 2.40366
4841 4861 0.0924354 2.42032
4841 4861 0.0937559 2.43699
4841 4861 0.0950764 2.45366
4841 4861 0.0963969 2.47032
4841 4861 0.0977174 2.48699
4841 4861 0.0990379 2.50366
4841 4861 0.100358 2.52032
4841 4861 0.101679 2.53699
4841 4861 0.102999 2.55365
4841 4861 0.10432 2.57032
4841 4861 0.10564 2.58699
4841 4861 0.106961 2.60365
4841 4861 0.108281 2.62032
4841 4861 0.109602 2.63699
4841 4861 0.110922 2.65365
4841 4861 0.112243 2.67032
4841 4861 0.113563 2.68699
4840 4861 0.114884 2.70365
4840 4861 0.116204 2.72032
4840 4861 0.117525 2.73699
4840 4861 0.118845 2.75365
4840 4861 0.120166 2.77032
4840 4861 0.121486 2.78698
4840 4861 0.122807 2.80365
4839 4861 0.124127 2.82032
4839 4861 0.125448 2.83698
4839 4861 0.126768 2.85365
4839 4861 0.128089 2.87032
4839 4861 0.12941 2.88698
4839 4861 0.13073 2.90365
4839 4861 0.132051 2.92032
4839 4861 0.133371 2.93698
4839 4861 0.134692 2.95365
4839 4861 0.136012 2.97031
4839 4861 0.137333 2.98698
4839 4861 0.138653 3.00365
4838 4861 0.139974 3.02031
4837 4861 0.141294 3.03698
4837 4861 0.142615 3.05365
4837 4861 0.143935 3.07031
4837 4861 0.145256 3.08698
4837 4861 0.146576 3.10365
4837 4861 0.147897 3.12031
4837 4861 0.149217 3.13698
4837 4861 0.150538 3.15365
4837 4861 0.151858 3.17031
4835 4861 0.153179 3.18698
4835 4861 0.154499 3.20364
4834 4861 0.15582 3.22031
4834 4861 0.15714 3.23698
4833 4861 0.158461 3.25364
4832 4861 0.159781 3.27031
4831 4861 0.161102 3.28698
4831 4861 0.162422 3.30364
4831 4861 0.163743 3.32031
4831 4861 0.165063 3.33698
4831 4861 0.166384 3.35364
4831 4861 0.167704 3.37031
4831 4861 0.169025 3.38698
4829 4861 0.170345 3.40364
4828 4861 0.171666 3.42031
4828 4861 0.172986 3.43697
4827 4861 0.174307 3.45364
4827 4861 0.175627 3.47031
4827 4861 0.176948 3.48697
4827 4861 0.178268 3.50364
4827 4861 0.179589 3.52031
4827 4861 0.180909 3.53697
4826 4861 0.18223 3.55364
4826 4861 0.18355 3.57031
4826 4861 0.184871 3.58697
4825 4861 0.186191 3.60364
4825 4861 0.187512 3.62031
4824 4861 0.188833 3.63697
4824 4861 0.190153 3.65364
4824 4861 0.191474 3.6703
4823 4861 0.192794 3.68697
4823 4861 0.194115 3.70364
4823 4861 0.195435 3.7203
4822 4861 0.196756 3.73697
4820 4861 0.198076 3.75364
4820 4861 0.199397 3.7703
4820 4861 0.200717 3.78697
4820 4861 0.202038 3.80364
4820 4861 0.203358 3.8203
4819 4861 0.204679 3.83697
4818 4861 0.205999 3.85363
4818 4861 0.20732 3.8703
4817 4861 0.20864 3.88697
4817 4861 0.209961 3.90363
4815 4861 0.211281 3.9203
4815 4861 0.212602 3.93697
4815 4861 0.213922 3.95363
4815 4861 0.215243 3.9703
4815 4861 0.216563 3.98697
4815 4861 0.217884 4.00363
4814 4861 0.219204 4.0203
4814 4861 0.220525 4.03697
4814 4861 0.221845 4.05363
4814 4861 0.223166 4.0703
4814 4861 0.224486 4.08696
4814 4861 0.225807 4.10363
4813 4861 0.227127 4.1203
4813 4861 0.228448 4.13696
4813 4861 0.229768 4.15363
4813 4861 0.231089 4.1703
4813 4861 0.232409 4.18696
4813 4861 0.23373 4.20363
4813 4861 0.23505 4.2203
4812 4861 0.236371 4.23696
4811 4861 0.237691 4.25363
4809 4861 0.239012 4.2703
4807 4861 0.240332 4.28696
4807 4861 0.241653 4.30363
4806 4861 0.242973 4.32029
4806 4861 0.244294 4.33696
4806 4861 0.245614 4.35363
4805 4861 0.246935 4.37029
4805 4861 0.248256 4.38696
4805 4861 0.249576 4.40363
4805 4861 0.250897 4.42029
4804 4861 0.252217 4.43696
4800 4861 0.253538 4.45363
4800 4861 0.254858 4.47029
4800 4861 0.256179 4.48696
4800 4861 0.257499 4.50362
4800 4861 0.25882 4.52029
4799 4861 0.26014 4.53696
4799 4861 0.261461 4.55362
4799 4861 0.262781 4.57029
4799 4861 0.264102 4.58696
4796 4861 0.265422 4.60362
4794 4861 0.266743 4.62029
4794 4861 0.268063 4.63696
4794 4861 0.269384 4.65362
4794 4861 0.270704 4.67029
4791 4861 0.272025 4.68696
4791 4861 0.273345 4.70362
4790 4861 0.274666 4.72029
4789 4861 0.275986 4.73695
4787 4861 0.277307 4.75362
4786 4861 0.278627 4.77029
4786 4861 0.279948 4.78695
4785 4861 0.281268 4.80362
4783 4861 0.282589 4.82029
4783 4861 0.283909 4.83695
4783 4861 0.28523 4.85362
4781 4861 0.28655 4.87029
4780 4861 0.287871 4.88695
4780 4861 0.289191 4.90362
4778 4861 0.290512 4.92029
4778 4861 0.291832 4.93695
4776 4861 0.293153 4.95362
4776 4861 0.294473 4.97028
4775 4861 0.295794 4.98695
4775 4861 0.297114 5.00362
4772 4861 0.298435 5.02028
4772 4861 0.299755 5.03695
4771 4861 0.301076 5.05362
4770 4861 0.302396 5.07028
4770 4861 0.303717 5.08695
4770 4861 0.305037 5.10362
4768 4861 0.306358 5.12028
4768 4861 0.307679 5.13695
4767 4861 0.308999 5.15361
4767 4861 0.31032 5.17028
4767 4861 0.31164 5.18695
4765 4861 0.312961 5.20361
4763 4861 0.314281 5.22028
4763 4861 0.315602 5.23695
4762 4861 0.316922 5.25361
4761 4861 0.318243 5.27028
4761 4861 0.319563 5.28695
4758 4861 0.320884 5.30361
4757 4861 0.322204 5.32028
4757 4861 0.323525 5.33695
4756 4861 0.324845 5.35361
4755 4861 0.326166 5.37028
4754 4861 0.327486 5.38694
4753 4861 0.328807 5.40361
4753 4861 0.330127 5.42028
4752 4861 0.331448 5.43694
4751 4861 0.332768 5.45361
4751 4861 0.334089 5.47028
4750 4861 0.335409 5.48694
4750 4861 0.33673 5.50361
4749 4861 0.33805 5.52028
4748 4861 0.339371 5.53694
4748 4861 0.340691 5.55361
4745 4861 0.342012 5.57028
4745 4861 0.343332 5.58694
4745 4861 0.344653 5.60361
4744 4861 0.345973 5.62027
4743 4861 0.347294 5.63694
4743 4861 0.348614 5.65361
4743 4861 0.349935 5.67027
4742 4861 0.351255 5.68694
4742 4861 0.352576 5.70361
4741 4861 0.353896 5.72027
4740 4861 0.355217 5.73694
4739 4861 0.356537 5.75361
4738 4861 0.357858 5.77027
4738 4861 0.359178 5.78694
4737 4861 0.360499 5.80361
4737 4861 0.361819 5.82027
4736 4861 0.36314 5.83694
4735 4861 0.36446 5.8536
4735 4861 0.365781 5.87027
4733 4861 0.367102 5.88694
4731 4861 0.368422 5.9036
4731 4861 0.369743 5.92027
4731 4861 0.371063 5.93694
4730 4861 0.372384 5.9536
4729 4861 0.373704 5.97027
4728 4861 0.375025 5.98694
4728 4861 0.376345 6.0036
4727 4861 0.377666 6.02027
4727 4861 0.378986 6.03693
4727 4861 0.380307 6.0536
4727 4861 0.381627 6.07027
4723 4861 0.382948 6.08693
4722 4861 0.384268 6.1036
4721 4861 0.385589 6.12027
4720 4861 0.386909 6.13693
4719 4861 0.38823 6.1536
4718 4861 0.38955 6.17027
4718 4861 0.390871 6.18693
4717 4861 0.392191 6.2036
4715 4861 0.393512 6.22027
4714 4861 0.394832 6.23693
4713 4861 0.396153 6.2536
4713 4861 0.397473 6.27026
4711 4861 0.398794 6.28693
4710 4861 0.400114 6.3036
4709 4861 0.401435 6.32026
4707 4861 0.402755 6.33693
4707 4861 0.404076 6.3536
4707 4861 0.405396 6.37026
4705 4861 0.406717 6.38693
4704 4861 0.408037 6.4036
4703 4861 0.409358 6.42026
4701 4861 0.410678 6.43693
4701 4861 0.411999 6.4536
4700 4861 0.413319 6.47026
4699 4861 0.41464 6.48693
4698 4861 0.41596 6.50359
4698 4861 0.417281 6.52026
4698 4861 0.418601 6.53693
4697 4861 0.419922 6.55359
4696 4861 0.421242 6.57026
4695 4861 0.422563 6.58693
4695 4861 0.423883 6.60359
4695 4861 0.425204 6.62026
4694 4861 0.426525 6.63693
4693 4861 0.427845 6.65359
4692 4861 0.429166 6.67026
4691 4861 0.430486 6.68692
4690 4861 0.431807 6.70359
4688 4861 0.433127 6.72026
4688 4861 0.434448 6.73692
4687 4861 0.435768 6.75359
4686 4861 0.437089 6.77026
4686 4861 0.438409 6.78692
4686 4861 0.43973 6.80359
4683 4861 0.44105 6.82026
4682 4861 0.442371 6.83692
4682 4861 0.443691 6.85359
4682 4861 0.445012 6.87026
4682 4861 0.446332 6.88692
4680 4861 0.447653 6.90359
4680 4861 0.448973 6.92025
4679 4861 0.450294 6.93692
4679 4861 0.451614 6.95359
4679 4861 0.452935 6.97025
4679 4861 0.454255 6.98692
4677 4861 0.455576 7.00359
4676 4861 0.456896 7.02025
4676 4861 0.458217 7.03692
4674 4861 0.459537 7.05359
4672 4861 0.460858 7.07025
4671 4861 0.462178 7.08692
4670 4861 0.463499 7.10359
4669 4861 0.464819 7.12025
4666 4861 0.46614 7.13692
4666 4861 0.46746 7.15358
4666 4861 0.468781 7.17025
4666 4861 0.470101 7.18692
4664 4861 0.471422 7.20358
4663 4861 0.472742 7.22025
4661 4861 0.474063 7.23692
4661 4861 0.475383 7.25358
4661 4861 0.476704 7.27025
4659 4861 0.478024 7.28692
4658 4861 0.479345 7.30358
4658 4861 0.480665 7.32025
4655 4861 0.481986 7.33692
4655 4861 0.483306 7.35358
4653 4861 0.484627 7.37025
4652 4861 0.485948 7.38691
4651 4861 0.487268 7.40358
4649 4861 0.488589 7.42025
4649 4861 0.489909 7.43691
4647 4861 0.49123 7.45358
4647 4861 0.49255 7.47025
4644 4861 0.493871 7.48691
4644 4861 0.495191 7.50358
4642 4861 0.496512 7.52025
4641 4861 0.497832 7.53691
4640 4861 0.499153 7.55358
4638 4861 0.500473 7.57024
4637 4861 0.501794 7.58691
4636 4861 0.503114 7.60358
4634 4861 0.504435 7.62024
4634 4861 0.505755 7.63691
4634 4861 0.507076 7.65358
4632 4861 0.508396 7.67024
4631 4861 0.509717 7.68691
4629 4861 0.511037 7.70358
4628 4861 0.512357 7.72024
4626 4861 0.513678 7.73691
4625 4861 0.514998 7.75358
4625 4861 0.516319 7.77024
4621 4861 0.517639 7.78691
4621 4861 0.51896 7.80357
4619 4861 0.52028 7.82024
4618 4861 0.521601 7.83691
4618 4861 0.522921 7.85357
4616 4861 0.524242 7.87024
4614 4861 0.525562 7.88691
4614 4861 0.526883 7.90357
4613 4861 0.528203 7.92024
4612 4861 0.529524 7.93691
4610 4861 0.530844 7.95357
4609 4861 0.532165 7.97024
4609 4861 0.533485 7.98691
4607 4861 0.534806 8.00357
4605 4861 0.536126 8.02024
4605 4861 0.537447 8.0369
4604 4861 0.538767 8.05357
4602 4861 0.540088 8.07024
4600 4861 0.541408 8.0869
4598 4861 0.542729 8.10357
4598 4861 0.544049 8.12024
4597 4861 0.54537 8.1369
4596 4861 0.54669 8.15357
4596 4861 0.54801 8.17024
4592 4861 0.549331 8.1869
4591 4861 0.550651 8.20357
4590 4861 0.551972 8.22023
4589 4861 0.553292 8.2369
4589 4861 0.554613 8.25357
4588 4861 0.555933 8.27023
4588 4861 0.557254 8.2869
4586 4861 0.558574 8.30357
4584 4861 0.559895 8.32023
4584 4861 0.561215 8.3369
4582 4861 0.562536 8.35357
4582 4861 0.563856 8.37023
4581 4861 0.565177 8.3869
4581 4861 0.566497 8.40357
4581 4861 0.567818 8.42023
4579 4861 0.569138 8.4369
4577 4861 0.570459 8.45356
4577 4861 0.571779 8.47023
4575 4861 0.5731 8.4869
4574 4861 0.57442 8.50356
4573 4861 0.575741 8.52023
4572 4861 0.577061 8.5369
4572 4861 0.578382 8.55356
4570 4861 0.579702 8.57023
4569 4861 0.581023 8.5869
4568 4861 0.582343 8.60356
4567 4861 0.583663 8.62023
4566 4861 0.584984 8.6369
4563 4861 0.586304 8.65356
4562 4861 0.587625 8.67023
4562 4861 0.588945 8.68689
4562 4861 0.590266 8.70356
4559 4861 0.591586 8.72023
4557 4861 0.592907 8.73689
4555 4861 0.594227 8.75356
4554 4861 0.595548 8.77023
4553 4861 0.596868 8.78689
4550 4861 0.598189 8.80356
4550 4861 0.599509 8.82023
4550 4861 0.60083 8.83689
4550 4861 0.60215 8.85356
4546 4861 0.603471 8.87022
4545 4861 0.604791 8.88689
4545 4861 0.606112 8.90356
4544 4861 0.607432 8.92022
4543 4861 0.608753 8.93689
4540 4861 0.610073 8.95356
4539 4861 0.611394 8.97022
4538 4861 0.612714 8.98689
4537 4861 0.614035 9.00356
4537 4861 0.615355 9.02022
4534 4861 0.616675 9.03689
4532 4861 0.617996 9.05356
4530 4861 0.619316 9.07022
4530 4861 0.620637 9.08689
4529 4861 0.621957 9.10355
4527 4861 0.623278 9.12022
4526 4861 0.624598 9.13689
4524 4861 0.625919 9.15355
4523 4861 0.627239 9.17022
4523 4861 0.62856 9.18689
4523 4861 0.62988 9.20355
4522 4861 0.631201 9.22022
4520 4861 0.632521 9.23689
4519 4861 0.633842 9.25355
4517 4861 0.635162 9.27022
4516 4861 0.636483 9.28689
4514 4861 0.637803 9.30355
4514 4861 0.639124 9.32022
4513 4861 0.640444 9.33688
4511 4861 0.641765 9.35355
4509 4861 0.643085 9.37022
4508 4861 0.644406 9.38688
4507 4861 0.645726 9.40355
4505 4861 0.647047 9.42022
4504 4861 0.648367 9.43688
4504 4861 0.649688 9.45355
4503 4861 0.651008 9.47022
4502 4861 0.652328 9.48688
4502 4861 0.653649 9.50355
4500 4861 0.654969 9.52022
4497 4861 0.65629 9.53688
4497 4861 0.65761 9.55355
4496 4861 0.658931 9.57021
4495 4861 0.660251 9.58688
4495 4861 0.661572 9.60355
4495 4861 0.662892 9.62021
4492 4861 0.664213 9.63688
4491 4861 0.665533 9.65355
4490 4861 0.666854 9.67021
4489 4861 0.668174 9.68688
4488 4861 0.669495 9.70355
4488 4861 0.670815 9.72021
4488 4861 0.672136 9.73688
4487 4861 0.673456 9.75354
4484 4861 0.674777 9.77021
4484 4861 0.676097 9.78688
4483 4861 0.677418 9.80354
4481 4861 0.678738 9.82021
4480 4861 0.680059 9.83688
4480 4861 0.681379 9.85354
4479 4861 0.6827 9.87021
4477 4861 0.68402 9.88688
4476 4861 0.685341 9.90354
4475 4861 0.686661 9.92021
4475 4861 0.687981 9.93688
4473 4861 0.689302 9.95354
4472 4861 0.690622 9.97021
4472 4861 0.691943 9.98687
4471 4861 0.693263 10.0035
4469 4861 0.694584 10.0202
4467 4861 0.695904 10.0369
4467 4861 0.697225 10.0535
4466 4861 0.698545 10.0702
4466 4861 0.699866 10.0869
4465 4861 0.701186 10.1035
4463 4861 0.702507 10.1202
4461 4861 0.703827 10.1369
4459 4861 0.705148 10.1535
4458 4861 0.706468 10.1702
4455 4861 0.707789 10.1869
4455 4861 0.709109 10.2035
4454 4861 0.71043 10.2202
4453 4861 0.71175 10.2369
4450 4861 0.713071 10.2535
4448 4861 0.714391 10.2702
4448 4861 0.715712 10.2869
4448 4861 0.717032 10.3035
4446 4861 0.718353 10.3202
4445 4861 0.719673 10.3369
4444 4861 0.720994 10.3535
4442 4861 0.722314 10.3702
4441 4861 0.723634 10.3869
4441 4861 0.724955 10.4035
4438 4861 0.726275 10.4202
4438 4861 0.727596 10.4369
4437 4861 0.728916 10.4535
4435 4861 0.730237 10.4702
4431 4861 0.731557 10.4869
4431 4861 0.732878 10.5035
4430 4861 0.734198 10.5202
4428 4861 0.735519 10.5369
4428 4861 0.736839 10.5535
4426 4861 0.73816 10.5702
4424 4861 0.73948 10.5869
4423 4861 0.740801 10.6035
4423 4861 0.742121 10.6202
4423 4861 0.743442 10.6369
4422 4861 0.744762 10.6535
4422 4861 0.746083 10.6702
4419 4861 0.747403 10.6869
4417 4861 0.748724 10.7035
4416 4861 0.750044 10.7202
4415 4861 0.751365 10.7369
4415 4861 0.752685 10.7535
4413 4861 0.754006 10.7702
4411 4861 0.755326 10.7869
4408 4861 0.756647 10.8035
4407 4861 0.757967 10.8202
4406 4861 0.759287 10.8369
4406 4861 0.760608 10.8535
4404 4861 0.761928 10.8702
4401 4861 0.763249 10.8869
4399 4861 0.764569 10.9035
4398 4861 0.76589 10.9202
4395 4861 0.76721 10.9369
4393 4861 0.768531 10.9535
4391 4861 0.769851 10.9702
4388 4861 0.771172 10.9869
4387 4861 0.772492 11.0035
4386 4861 0.773813 11.0202
4383 4861 0.775133 11.0369
4382 4861 0.776454 11.0535
4380 4861 0.777774 11.0702
4379 4861 0.779095 11.0869
4377 4861 0.780415 11.1035
4375 4861 0.781736 11.1202
4374 4861 0.783056 11.1369
4372 4861 0.784377 11.1535
4371 4861 0.785697 11.1702
4369 4861 0.787018 11.1869
4369 4861 0.788338 11.2035
4369 4861 0.789659 11.2202
4369 4861 0.790979 11.2369
4366 4861 0.7923 11.2535
4362 4861 0.79362 11.2702
4362 4861 0.79494 11.2869
4361 4861 0.796261 11.3035
4359 4861 0.797581 11.3202
4358 4861 0.798902 11.3369
4358 4861 0.800222 11.3535
4354 4861 0.801543 11.3702
4353 4861 0.802863 11.3869
4351 4861 0.804184 11.4035
4350 4861 0.805504 11.4202
4349 4861 0.806825 11.4369
4348 4861 0.808145 11.4535
4347 4861 0.809466 11.4702
4345 4861 0.810786 11.4869
4344 4861 0.812107 11.5035
4343 4861 0.813427 11.5202
4342 4861 0.814748 11.5369
4340 4861 0.816068 11.5535
4339 4861 0.817389 11.5702
4338 4861 0.818709 11.5869
4337 4861 0.82003 11.6035
4336 4861 0.82135 11.6202
4332 4861 0.822671 11.6368
4332 4861 0.823991 11.6535
4331 4861 0.825312 11.6702
4327 4861 0.826632 11.6868
4327 4861 0.827953 11.7035
4325 4861 0.829273 11.7202
4324 4861 0.830593 11.7368
4320 4861 0.831914 11.7535
4320 4861 0.833234 11.7702
4319 4861 0.834555 11.7868
4318 4861 0.835875 11.8035
4316 4861 0.837196 11.8202
4312 4861 0.838516 11.8368
4310 4861 0.839837 11.8535
4306 4861 0.841157 11.8702
4306 4861 0.842478 11.8868
4305 4861 0.843798 11.9035
4303 4861 0.845119 11.9202
4302 4861 0.846439 11.9368
4300 4861 0.84776 11.9535
4299 4861 0.84908 11.9702
4298 4861 0.850401 11.9868
4298 4861 0.851721 12.0035
4297 4861 0.853042 12.0202
4295 4861 0.854362 12.0368
4294 4861 0.855683 12.0535
4291 4861 0.857003 12.0702
4289 4861 0.858324 12.0868
4288 4861 0.859644 12.1035
4287 4861 0.860965 12.1202
4285 4861 0.862285 12.1368
4283 4861 0.863605 12.1535
4282 4861 0.864926 12.1702
4280 4861 0.866246 12.1868
4279 4861 0.867567 12.2035
4277 4861 0.868887 12.2202
4275 4861 0.870208 12.2368
4274 4861 0.871528 12.2535
4273 4861 0.872849 12.2702
4271 4861 0.874169 12.2868
4270 4861 0.87549 12.3035
4268 4861 0.87681 12.3202
4265 4861 0.878131 12.3368
4265 4861 0.879451 12.3535
4263 4861 0.880772 12.3702
4262 4861 0.882092 12.3868
4260 4861 0.883413 12.4035
4257 4861 0.884733 12.4202
4256 4861 0.886054 12.4368
4255 4861 0.887374 12.4535
4253 4861 0.888695 12.4702
4250 4861 0.890015 12.4868
4249 4861 0.891336 12.5035
4247 4861 0.892656 12.5202
4244 4861 0.893977 12.5368
4243 4861 0.895297 12.5535
4243 4861 0.896618 12.5702
4239 4861 0.897938 12.5868
4238 4861 0.899258 12.6035
4237 4861 0.900579 12.6202
4236 4861 0.901899 12.6368
4234 4861 0.90322 12.6535
4232 4861 0.90454 12.6702
4231 4861 0.905861 12.6868
4229 4861 0.907181 12.7035
4228 4861 0.908502 12.7202
4227 4861 0.909822 12.7368
4225 4861 0.911143 12.7535
4223 4861 0.912463 12.7702
4221 4861 0.913784 12.7868
4219 4861 0.915104 12.8035
4217 4861 0.916425 12.8202
4217 4861 0.917745 12.8368
4215 4861 0.919066 12.8535
4212 4861 0.920386 12.8702
4211 4861 0.921707 12.8868
4210 4861 0.923027 12.9035
4207 4861 0.924348 12.9202
4207 4861 0.925668 12.9368
4204 4861 0.926989 12.9535
4201 4861 0.928309 12.9702
4200 4861 0.92963 12.9868
4198 4861 0.93095 13.0035
4198 4861 0.932271 13.0202
4195 4861 0.933591 13.0368
4193 4861 0.934911 13.0535
4192 4861 0.936232 13.0702
4188 4861 0.937552 13.0868
4188 4861 0.938873 13.1035
4186 4861 0.940193 13.1202
4184 4861 0.941514 13.1368
4182 4861 0.942834 13.1535
4179 4861 0.944155 13.1702
4178 4861 0.945475 13.1868
4176 4861 0.946796 13.2035
4175 4861 0.948116 13.2202
4173 4861 0.949437 13.2368
4169 4861 0.950757 13.2535
4168 4861 0.952078 13.2702
4166 4861 0.953398 13.2868
4166 4861 0.954719 13.3035
4161 4861 0.956039 13.3202
4160 4861 0.95736 13.3368
4158 4861 0.95868 13.3535
4157 4861 0.960001 13.3702
4156 4861 0.961321 13.3868
4151 4861 0.962642 13.4035
4150 4861 0.963962 13.4202
4148 4861 0.965283 13.4368
4145 4861 0.966603 13.4535
4143 4861 0.967924 13.4702
4143 4861 0.969244 13.4868
4142 4861 0.970564 13.5035
4138 4861 0.971885 13.5202
4137 4861 0.973205 13.5368
4136 4861 0.974526 13.5535
4133 4861 0.975846 13.5702
4130 4861 0.977167 13.5868
4128 4861 0.978487 13.6035
4126 4861 0.979808 13.6202
4123 4861 0.981128 13.6368
4122 4861 0.982449 13.6535
4118 4861 0.983769 13.6702
4117 4861 0.98509 13.6868
4117 4861 0.98641 13.7035
4113 4861 0.987731 13.7202
4110 4861 0.989051 13.7368
4110 4861 0.990372 13.7535
4106 4861 0.991692 13.7702
4105 4861 0.993013 13.7868
4103 4861 0.994333 13.8035
4101 4861 0.995654 13.8201
4099 4861 0.996974 13.8368
4096 4861 0.998295 13.8535
4094 4861 0.999615 13.8701
4094 4861 1.00094 13.8868
4089 4861 1.00226 13.9035
4089 4861 1.00358 13.9201
4087 4861 1.0049 13.9368
4084 4861 1.00622 13.9535
4082 4861 1.00754 13.9701
4081 4861 1.00886 13.9868
4079 4861 1.01018 14.0035
4078 4861 1.0115 14.0201
4075 4861 1.01282 14.0368
4071 4861 1.01414 14.0535
4070 4861 1.01546 14.0701
4069 4861 1.01678 14.0868
4064 4861 1.0181 14.1035
4062 4861 1.01942 14.1201
4061 4861 1.02074 14.1368
4059 4861 1.02206 14.1535
4057 4861 1.02338 14.1701
4054 4861 1.0247 14.1868
4052 4861 1.02602 14.2035
4048 4861 1.02735 14.2201
4047 4861 1.02867 14.2368
4046 4861 1.02999 14.2535
4042 4861 1.03131 14.2701
4041 4861 1.03263 14.2868
4038 4861 1.03395 14.3035
4037 4861 1.03527 14.3201
4035 4861 1.03659 14.3368
4032 4861 1.03791 14.3535
4031 4861 1.03923 14.3701
4028 4861 1.04055 14.3868
4027 4861 1.04187 14.4035
4026 4861 1.04319 14.4201
4023 4861 1.04451 14.4368
4020 4861 1.04583 14.4535
4019 4861 1.04715 14.4701
4017 4861 1.04847 14.4868
4016 4861 1.04979 14.5035
4012 4861 1.05111 14.5201
4011 4861 1.05243 14.5368
4008 4861 1.05375 14.5535
4006 4861 1.05508 14.5701
4005 4861 1.0564 14.5868
4003 4861 1.05772 14.6035
3999 4861 1.05904 14.6201
3999 4861 1.06036 14.6368
3996 4861 1.06168 14.6535
3994 4861 1.063 14.6701
3989 4861 1.06432 14.6868
3987 4861 1.06564 14.7035
3985 4861 1.06696 14.7201
3981 4861 1.06828 14.7368
3979 4861 1.0696 14.7535
3977 4861 1.07092 14.7701
3975 4861 1.07224 14.7868
3971 4861 1.07356 14.8035
3970 4861 1.07488 14.8201
3968 4861 1.0762 14.8368
3966 4861 1.07752 14.8535
3963 4861 1.07884 14.8701
3961 4861 1.08016 14.8868
3956 4861 1.08148 14.9035
3955 4861 1.08281 14.9201
3953 4861 1.08413 14.9368
3949 4861 1.08545 14.9535
3948 4861 1.08677 14.9701
3943 4861 1.08809 14.9868
3941 4861 1.08941 15.0035
3941 4861 1.09073 15.0201
3938 4861 1.09205 15.0368
3936 4861 1.09337 15.0535
3932 4861 1.09469 15.0701
3929 4861 1.09601 15.0868
3927 4861 1.09733 15.1035
3925 4861 1.09865 15.1201
3921 4861 1.09997 15.1368
3919 4861 1.10129 15.1535
3916 4861 1.10261 15.1701
3916 4861 1.10393 15.1868
3914 4861 1.10525 15.2035
3911 4861 1.10657 15.2201
3909 4861 1.10789 15.2368
3904 4861 1.10922 15.2535
3904 4861 1.11054 15.2701
3902 4861 1.11186 15.2868
3898 4861 1.11318 15.3035
3895 4861 1.1145 15.3201
3894 4861 1.11582 15.3368
3890 4861 1.11714 15.3535
3888 4861 1.11846 15.3701
3884 4861 1.11978 15.3868
3883 4861 1.1211 15.4035
3880 4861 1.12242 15.4201
3878 4861 1.12374 15.4368
3872 4861 1.12506 15.4535
3871 4861 1.12638 15.4701
3869 4861 1.1277 15.4868
3867 4861 1.12902 15.5035
3864 4861 1.13034 15.5201
3861 4861 1.13166 15.5368
3857 4861 1.13298 15.5535
3856 4861 1.1343 15.5701
3854 4861 1.13562 15.5868
3853 4861 1.13695 15.6035
3848 4861 1.13827 15.6201
3845 4861 1.13959 15.6368
3844 4861 1.14091 15.6535
3841 4861 1.14223 15.6701
3839 4861 1.14355 15.6868
3836 4861 1.14487 15.7035
3833 4861 1.14619 15.7201
3831 4861 1.14751 15.7368
3830 4861 1.14883 15.7535
3826 4861 1.15015 15.7701
3824 4861 1.15147 15.7868
3819 4861 1.15279 15.8035
3817 4861 1.15411 15.8201
3815 4861 1.15543 15.8368
3811 4861 1.15675 15.8535
3809 4861 1.15807 15.8701
3807 4861 1.15939 15.8868
3802 4861 1.16071 15.9035
3802 4861 1.16203 15.9201
3798 4861 1.16335 15.9368
3795 4861 1.16468 15.9535
3792 4861 1.166 15.9701
3790 4861 1.16732 15.9868
3787 4861 1.16864 16.0034
3784 4861 1.16996 16.0201
3780 4861 1.17128 16.0368
3779 4861 1.1726 16.0534
3775 4861 1.17392 16.0701
3772 4861 1.17524 16.0868
3768 4861 1.17656 16.1034
3765 4861 1.17788 16.1201
3764 4861 1.1792 16.1368
3762 4861 1.18052 16.1534
3757 4861 1.18184 16.1701
3753 4861 1.18316 16.1868
3751 4861 1.18448 16.2034
3748 4861 1.1858 16.2201
3744 4861 1.18712 16.2368
3741 4861 1.18844 16.2534
3738 4861 1.18976 16.2701
3737 4861 1.19108 16.2868
3733 4861 1.19241 16.3034
3730 4861 1.19373 16.3201
3727 4861 1.19505 16.3368
3725 4861 1.19637 16.3534
3723 4861 1.19769 16.3701
3717 4861 1.19901 16.3868
3715 4861 1.20033 16.4034
3712 4861 1.20165 16.4201
3708 4861 1.20297 16.4368
3706 4861 1.20429 16.4534
3704 4861 1.20561 16.4701
3700 4861 1.20693 16.4868
3696 4861 1.20825 16.5034
3693 4861 1.20957 16.5201
3690 4861 1.21089 16.5368
3688 4861 1.21221 16.5534
3683 4861 1.21353 16.5701
3681 4861 1.21485 16.5868
3677 4861 1.21617 16.6034
3675 4861 1.21749 16.6201
3669 4861 1.21881 16.6368
3667 4861 1.22014 16.6534
3664 4861 1.22146 16.6701
3662 4861 1.22278 16.6868
3658 4861 1.2241 16.7034
3655 4861 1.22542 16.7201
3653 4861 1.22674 16.7368
3648 4861 1.22806 16.7534
3645 4861 1.22938 16.7701
3642 4861 1.2307 16.7868
3640 4861 1.23202 16.8034
3637 4861 1.23334 16.8201
3634 4861 1.23466 16.8368
3629 4861 1.23598 16.8534
3627 4861 1.2373 16.8701
3624 4861 1.23862 16.8868
3619 4861 1.23994 16.9034
3615 4861 1.24126 16.9201
3611 4861 1.24258 16.9368
3609 4861 1.2439 16.9534
3605 4861 1.24522 16.9701
3603 4861 1.24655 16.9868
3597 4861 1.24787 17.0034
3593 4861 1.24919 17.0201
3591 4861 1.25051 17.0368
3587 4861 1.25183 17.0534
3584 4861 1.25315 17.0701
3579 4861 1.25447 17.0868
3576 4861 1.25579 17.1034
3572 4861 1.25711 17.1201
3568 4861 1.25843 17.1368
3564 4861 1.25975 17.1534
3562 4861 1.26107 17.1701
3558 4861 1.26239 17.1868
3554 4861 1.26371 17.2034
3551 4861 1.26503 17.2201
3545 4861 1.26635 17.2368
3543 4861 1.26767 17.2534
3540 4861 1.26899 17.2701
3534 4861 1.27031 17.2868
3531 4861 1.27163 17.3034
3528 4861 1.27295 17.3201
3524 4861 1.27428 17.3368
3518 4861 1.2756 17.3534
3517 4861 1.27692 17.3701
3515 4861 1.27824 17.3868
3510 4861 1.27956 17.4034
3506 4861 1.28088 17.4201
3502 4861 1.2822 17.4368
3499 4861 1.28352 17.4534
3492 4861 1.28484 17.4701
3490 4861 1.28616 17.4868
3488 4861 1.28748 17.5034
3483 4861 1.2888 17.5201
3480 4861 1.29012 17.5368
3476 4861 1.29144 17.5534
3471 4861 1.29276 17.5701
3470 4861 1.29408 17.5868
3464 4861 1.2954 17.6034
3458 4861 1.29672 17.6201
3455 4861 1.29804 17.6368
3451 4861 1.29936 17.6534
3444 4861 1.30068 17.6701
3442 4861 1.30201 17.6868
3438 4861 1.30333 17.7034
3432 4861 1.30465 17.7201
3428 4861 1.30597 17.7368
3425 4861 1.30729 17.7534
3421 4861 1.30861 17.7701
3418 4861 1.30993 17.7868
3411 4861 1.31125 17.8034
3408 4861 1.31257 17.8201
3405 4861 1.31389 17.8368
3399 4861 1.31521 17.8534
3395 4861 1.31653 17.8701
3392 4861 1.31785 17.8868
3385 4861 1.31917 17.9034
3382 4861 1.32049 17.9201
3380 4861 1.32181 17.9368
3374 4861 1.32313 17.9534
3369 4861 1.32445 17.9701
3365 4861 1.32577 17.9868
3359 4861 1.32709 18.0034
3357 4861 1.32841 18.0201
3349 4861 1.32974 18.0368
3345 4861 1.33106 18.0534
3342 4861 1.33238 18.0701
3335 4861 1.3337 18.0868
3333 4861 1.33502 18.1034
3325 4861 1.33634 18.1201
3320 4861 1.33766 18.1367
3311 4861 1.33898 18.1534
3310 4861 1.3403 18.1701
3304 4861 1.34162 18.1867
3299 4861 1.34294 18.2034
3292 4861 1.34426 18.2201
3287 4861 1.34558 18.2367
3280 4861 1.3469 18.2534
3273 4861 1.34822 18.2701
3269 4861 1.34954 18.2867
3262 4861 1.35086 18.3034
3256 4861 1.35218 18.3201
3252 4861 1.3535 18.3367
3247 4861 1.35482 18.3534
3240 4861 1.35615 18.3701
3232 4861 1.35747 18.3867
3227 4861 1.35879 18.4034
3222 4861 1.36011 18.4201
3214 4861 1.36143 18.4367
3209 4861 1.36275 18.4534
3202 4861 1.36407 18.4701
3196 4861 1.36539 18.4867
3191 4861 1.36671 18.5034
3186 4861 1.36803 18.5201
3179 4861 1.36935 18.5367
3173 4861 1.37067 18.5534
3166 4861 1.37199 18.5701
3160 4861 1.37331 18.5867
3154 4861 1.37463 18.6034
3148 4861 1.37595 18.6201
3140 4861 1.37727 18.6367
3133 4861 1.37859 18.6534
3127 4861 1.37991 18.6701
3118 4861 1.38123 18.6867
3110 4861 1.38255 18.7034
3108 4861 1.38388 18.7201
3100 4861 1.3852 18.7367
3093 4861 1.38652 18.7534
3084 4861 1.38784 18.7701
3078 4861 1.38916 18.7867
3069 4861 1.39048 18.8034
3063 4861 1.3918 18.8201
3055 4861 1.39312 18.8367
3050 4861 1.39444 18.8534
3042 4861 1.39576 18.8701
3036 4861 1.39708 18.8867
3027 4861 1.3984 18.9034
3018 4861 1.39972 18.9201
3012 4861 1.40104 18.9367
3005 4861 1.40236 18.9534
2998 4861 1.40368 18.9701
2992 4861 1.405 18.9867
2984 4861 1.40632 19.0034
2976 4861 1.40764 19.0201
2968 4861 1.40896 19.0367
2959 4861 1.41028 19.0534
2952 4861 1.41161 19.0701
2943 4861 1.41293 19.0867
2938 4861 1.41425 19.1034
2933 4861 1.41557 19.1201
2922 4861 1.41689 19.1367
2915 4861 1.41821 19.1534
2902 4861 1.41953 19.1701
2896 4861 1.42085 19.1867
2889 4861 1.42217 19.2034
2878 4861 1.42349 19.2201
2871 4861 1.42481 19.2367
2863 4861 1.42613 19.2534
2855 4861 1.42745 19.2701
2846 4861 1.42877 19.2867
2840 4861 1.43009 19.3034
2831 4861 1.43141 19.3201
2822 4861 1.43273 19.3367
2815 4861 1.43405 19.3534
2806 4861 1.43537 19.3701
2798 4861 1.43669 19.3867
2788 4861 1.43801 19.4034
2780 4861 1.43934 19.4201
2774 4861 1.44066 19.4367
2766 4861 1.44198 19.4534
2753 4861 1.4433 19.4701
2747 4861 1.44462 19.4867
2738 4861 1.44594 19.5034
2729 4861 1.44726 19.5201
2718 4861 1.44858 19.5367
2711 4861 1.4499 19.5534
2701 4861 1.45122 19.5701
2690 4861 1.45254 19.5867
2680 4861 1.45386 19.6034
2672 4861 1.45518 19.6201
2664 4861 1.4565 19.6367
2654 4861 1.45782 19.6534
2642 4861 1.45914 19.6701
2634 4861 1.46046 19.6867
2626 4861 1.46178 19.7034
2615 4861 1.4631 19.7201
2607 4861 1.46442 19.7367
2597 4861 1.46574 19.7534
2586 4861 1.46707 19.7701
2578 4861 1.46839 19.7867
2568 4861 1.46971 19.8034
2559 4861 1.47103 19.8201
2549 4861 1.47235 19.8367
2540 4861 1.47367 19.8534
2526 4861 1.47499 19.8701
2519 4861 1.47631 19.8867
2507 4861 1.47763 19.9034
2498 4861 1.47895 19.9201
2488 4861 1.48027 19.9367
2479 4861 1.48159 19.9534
2474 4861 1.48291 19.9701
2461 4861 1.48423 19.9867
2450 4861 1.48555 20.0034
2440 4861 1.48687 20.0201
2429 4861 1.48819 20.0367
2420 4861 1.48951 20.0534
2411 4861 1.49083 20.0701
2402 4861 1.49215 20.0867
2390 4861 1.49348 20.1034
2382 4861 1.4948 20.1201
2370 4861 1.49612 20.1367
2361 4861 1.49744 20.1534
2350 4861 1.49876 20.1701
2340 4861 1.50008 20.1867
2327 4861 1.5014 20.2034
2320 4861 1.50272 20.2201
2309 4861 1.50404 20.2367
2298 4861 1.50536 20.2534
2292 4861 1.50668 20.2701
2279 4861 1.508 20.2867
2268 4861 1.50932 20.3034
2257 4861 1.51064 20.32
2247 4861 1.51196 20.3367
2235 4861 1.51328 20.3534
2227 4861 1.5146 20.37
2217 4861 1.51592 20.3867
2205 4861 1.51724 20.4034
2194 4861 1.51856 20.42
2186 4861 1.51988 20.4367
2176 4861 1.52121 20.4534
2166 4861 1.52253 20.47
2152 4861 1.52385 20.4867
2142 4861 1.52517 20.5034
2137 4861 1.52649 20.52
2124 4861 1.52781 20.5367
2114 4861 1.52913 20.5534
2104 4861 1.53045 20.57
2092 4861 1.53177 20.5867
2082 4861 1.53309 20.6034
2072 4861 1.53441 20.62
2062 4861 1.53573 20.6367
2051 4861 1.53705 20.6534
2041 4861 1.53837 20.67
2031 4861 1.53969 20.6867
2020 4861 1.54101 20.7034
2014 4861 1.54233 20.72
2002 4861 1.54365 20.7367
1991 4861 1.54497 20.7534
1979 4861 1.54629 20.77
1967 4861 1.54761 20.7867
1960 4861 1.54894 20.8034
1954 4861 1.55026 20.82
1939 4861 1.55158 20.8367
1929 4861 1.5529 20.8534
1916 4861 1.55422 20.87
1909 4861 1.55554 20.8867
1898 4861 1.55686 20.9034
1889 4861 1.55818 20.92
1874 4861 1.5595 20.9367
1864 4861 1.56082 20.9534
1854 4861 1.56214 20.97
1845 4861 1.56346 20.9867
1836 4861 1.56478 21.0034
1821 4861 1.5661 21.02
1816 4861 1.56742 21.0367
1807 4861 1.56874 21.0534
1793 4861 1.57006 21.07
1783 4861 1.57138 21.0867
1772 4861 1.5727 21.1034
1765 4861 1.57402 21.12
1751 4861 1.57534 21.1367
1743 4861 1.57667 21.1534
1730 4861 1.57799 21.17
1724 4861 1.57931 21.1867
1708 4861 1.58063 21.2034
1701 4861 1.58195 21.22
1690 4861 1.58327 21.2367
1679 4861 1.58459 21.2534
1670 4861 1.58591 21.27
1659 4861 1.58723 21.2867
1652 4861 1.58855 21.3034
1640 4861 1.58987 21.32
1629 4861 1.59119 21.3367
1620 4861 1.59251 21.3534
1609 4861 1.59383 21.37
1598 4861 1.59515 21.3867
1588 4861 1.59647 21.4034
1579 4861 1.59779 21.42
1568 4861 1.59911 21.4367
1559 4861 1.60043 21.4534
1546 4861 1.60175 21.47
1536 4861 1.60308 21.4867
1528 4861 1.6044 21.5034
1519 4861 1.60572 21.52
1507 4861 1.60704 21.5367
1494 4861 1.60836 21.5534
1485 4861 1.60968 21.57
1478 4861 1.611 21.5867
1466 4861 1.61232 21.6034
1457 4861 1.61364 21.62
1447 4861 1.61496 21.6367
1435 4861 1.61628 21.6534
1424 4861 1.6176 21.67
1412 4861 1.61892 21.6867
1406 4861 1.62024 21.7034
1392 4861 1.62156 21.72
1382 4861 1.62288 21.7367
1372 4861 1.6242 21.7534
1364 4861 1.62552 21.77
1351 4861 1.62684 21.7867
1346 4861 1.62816 21.8034
1332 4861 1.62948 21.82
1325 4861 1.63081 21.8367
1308 4861 1.63213 21.8534
1300 4861 1.63345 21.87
1289 4861 1.63477 21.8867
1280 4861 1.63609 21.9034
1271 4861 1.63741 21.92
1258 4861 1.63873 21.9367
1248 4861 1.64005 21.9534
1238 4861 1.64137 21.97
1223 4861 1.64269 21.9867
1215 4861 1.64401 22.0034
1205 4861 1.64533 22.02
1193 4861 1.64665 22.0367
1186 4861 1.64797 22.0534
1174 4861 1.64929 22.07
1164 4861 1.65061 22.0867
1155 4861 1.65193 22.1034
1143 4861 1.65325 22.12
1132 4861 1.65457 22.1367
1122 4861 1.65589 22.1534
1116 4861 1.65721 22.17
1101 4861 1.65854 22.1867
1092 4861 1.65986 22.2034
1085 4861 1.66118 22.22
1072 4861 1.6625 22.2367
1060 4861 1.66382 22.2534
1051 4861 1.66514 22.27
1040 4861 1.66646 22.2867
1028 4861 1.66778 22.3034
1022 4861 1.6691 22.32
1011 4861 1.67042 22.3367
1001 4861 1.67174 22.3534
992 4861 1.67306 22.37
978 4861 1.67438 22.3867
972 4861 1.6757 22.4034
963 4861 1.67702 22.42
956 4861 1.67834 22.4367
946 4861 1.67966 22.4534
936 4861 1.68098 22.47
927 4861 1.6823 22.4867
918 4861 1.68362 22.5033
910 4861 1.68494 22.52
901 4861 1.68627 22.5367
895 4861 1.68759 22.5533
884 4861 1.68891 22.57
878 4861 1.69023 22.5867
871 4861 1.69155 22.6033
862 4861 1.69287 22.62
852 4861 1.69419 22.6367
846 4861 1.69551 22.6533
837 4861 1.69683 22.67
832 4861 1.69815 22.6867
824 4861 1.69947 22.7033
815 4861 1.70079 22.72
806 4861 1.70211 22.7367
799 4861 1.70343 22.7533
790 4861 1.70475 22.77
782 4861 1.70607 22.7867
774 4861 1.70739 22.8033
767 4861 1.70871 22.82
756 4861 1.71003 22.8367
750 4861 1.71135 22.8533
744 4861 1.71267 22.87
736 4861 1.714 22.8867
728 4861 1.71532 22.9033
720 4861 1.71664 22.92
712 4861 1.71796 22.9367
705 4861 1.71928 22.9533
699 4861 1.7206 22.97
692 4861 1.72192 22.9867
686 4861 1.72324 23.0033
678 4861 1.72456 23.02
674 4861 1.72588 23.0367
665 4861 1.7272 23.0533
658 4861 1.72852 23.07
653 4861 1.72984 23.0867
645 4861 1.73116 23.1033
639 4861 1.73248 23.12
633 4861 1.7338 23.1367
627 4861 1.73512 23.1533
620 4861 1.73644 23.17
614 4861 1.73776 23.1867
608 4861 1.73908 23.2033
602 4861 1.74041 23.22
597 4861 1.74173 23.2367
589 4861 1.74305 23.2533
582 4861 1.74437 23.27
577 4861 1.74569 23.2867
570 4861 1.74701 23.3033
566 4861 1.74833 23.32
561 4861 1.74965 23.3367
554 4861 1.75097 23.3533
546 4861 1.75229 23.37
541 4861 1.75361 23.3867
535 4861 1.75493 23.4033
529 4861 1.75625 23.42
522 4861 1.75757 23.4367
517 4861 1.75889 23.4533
511 4861 1.76021 23.47
504 4861 1.76153 23.4867
498 4861 1.76285 23.5033
494 4861 1.76417 23.52
487 4861 1.76549 23.5367
483 4861 1.76681 23.5533
476 4861 1.76814 23.57
471 4861 1.76946 23.5867
464 4861 1.77078 23.6033
459 4861 1.7721 23.62
454 4861 1.77342 23.6367
447 4861 1.77474 23.6533
442 4861 1.77606 23.67
437 4861 1.77738 23.6867
430 4861 1.7787 23.7033
425 4861 1.78002 23.72
419 4861 1.78134 23.7367
415 4861 1.78266 23.7533
408 4861 1.78398 23.77
403 4861 1.7853 23.7867
397 4861 1.78662 23.8033
392 4861 1.78794 23.82
385 4861 1.78926 23.8367
380 4861 1.79058 23.8533
375 4861 1.7919 23.87
368 4861 1.79322 23.8867
363 4861 1.79454 23.9033
360 4861 1.79587 23.92
354 4861 1.79719 23.9367
347 4861 1.79851 23.9533
343 4861 1.79983 23.97
337 4861 1.80115 23.9867
334 4861 1.80247 24.0033
330 4861 1.80379 24.02
322 4861 1.80511 24.0367
319 4861 1.80643 24.0533
313 4861 1.80775 24.07
308 4861 1.80907 24.0867
303 4861 1.81039 24.1033
299 4861 1.81171 24.12
294 4861 1.81303 24.1367
289 4861 1.81435 24.1533
285 4861 1.81567 24.17
281 4861 1.81699 24.1867
277 4861 1.81831 24.2033
273 4861 1.81963 24.22
269 4861 1.82095 24.2367
266 4861 1.82227 24.2533
262 4861 1.8236 24.27
258 4861 1.82492 24.2867
254 4861 1.82624 24.3033
250 4861 1.82756 24.32
248 4861 1.82888 24.3367
246 4861 1.8302 24.3533
243 4861 1.83152 24.37
240 4861 1.83284 24.3867
237 4861 1.83416 24.4033
234 4861 1.83548 24.42
231 4861 1.8368 24.4367
229 4861 1.83812 24.4533
228 4861 1.83944 24.47
225 4861 1.84076 24.4867
224 4861 1.84208 24.5033
223 4861 1.8434 24.52
223 4861 1.84472 24.5367
220 4861 1.84604 24.5533
218 4861 1.84736 24.57
217 4861 1.84868 24.5867
216 4861 1.85001 24.6033
214 4861 1.85133 24.62
211 4861 1.85265 24.6367
209 4861 1.85397 24.6533
208 4861 1.85529 24.67
208 4861 1.85661 24.6866
207 4861 1.85793 24.7033
205 4861 1.85925 24.72
203 4861 1.86057 24.7366
201 4861 1.86189 24.7533
200 4861 1.86321 24.77
199 4861 1.86453 24.7866
199 4861 1.86585 24.8033
196 4861 1.86717 24.82
196 4861 1.86849 24.8366
195 4861 1.86981 24.8533
193 4861 1.87113 24.87
192 4861 1.87245 24.8866
192 4861 1.87377 24.9033
189 4861 1.87509 24.92
186 4861 1.87641 24.9366
186 4861 1.87774 24.9533
185 4861 1.87906 24.97
184 4861 1.88038 24.9866
183 4861 1.8817 25.0033
180 4861 1.88302 25.02
180 4861 1.88434 25.0366
179 4861 1.88566 25.0533
178 4861 1.88698 25.07
177 4861 1.8883 25.0866
177 4861 1.88962 25.1033
175 4861 1.89094 25.12
174 4861 1.89226 25.1366
174 4861 1.89358 25.1533
173 4861 1.8949 25.17
172 4861 1.89622 25.1866
172 4861 1.89754 25.2033
170 4861 1.89886 25.22
169 4861 1.90018 25.2366
168 4861 1.9015 25.2533
168 4861 1.90282 25.27
168 4861 1.90414 25.2866
166 4861 1.90547 25.3033
165 4861 1.90679 25.32
165 4861 1.90811 25.3366
164 4861 1.90943 25.3533
163 4861 1.91075 25.37
162 4861 1.91207 25.3866
161 4861 1.91339 25.4033
160 4861 1.91471 25.42
159 4861 1.91603 25.4366
158 4861 1.91735 25.4533
158 4861 1.91867 25.47
158 4861 1.91999 25.4866
157 4861 1.92131 25.5033
155 4861 1.92263 25.52
154 4861 1.92395 25.5366
153 4861 1.92527 25.5533
152 4861 1.92659 25.57
152 4861 1.92791 25.5866
152 4861 1.92923 25.6033
152 4861 1.93055 25.62
150 4861 1.93187 25.6366
150 4861 1.9332 25.6533
149 4861 1.93452 25.67
148 4861 1.93584 25.6866
147 4861 1.93716 25.7033
147 4861 1.93848 25.72
146 4861 1.9398 25.7366
146 4861 1.94112 25.7533
146 4861 1.94244 25.77
145 4861 1.94376 25.7866
144 4861 1.94508 25.8033
143 4861 1.9464 25.82
143 4861 1.94772 25.8366
142 4861 1.94904 25.8533
141 4861 1.95036 25.87
141 4861 1.95168 25.8866
138 4861 1.953 25.9033
138 4861 1.95432 25.92
138 4861 1.95564 25.9366
137 4861 1.95696 25.9533
136 4861 1.95828 25.97
134 4861 1.9596 25.9866
134 4861 1.96093 26.0033
134 4861 1.96225 26.02
134 4861 1.96357 26.0366
132 4861 1.96489 26.0533
132 4861 1.96621 26.07
132 4861 1.96753 26.0866
130 4861 1.96885 26.1033
130 4861 1.97017 26.12
128 4861 1.97149 26.1366
128 4861 1.97281 26.1533
127 4861 1.97413 26.17
126 4861 1.97545 26.1866
126 4861 1.97677 26.2033
126 4861 1.97809 26.22
126 4861 1.97941 26.2366
124 4861 1.98073 26.2533
124 4861 1.98205 26.27
123 4861 1.98337 26.2866
123 4861 1.98469 26.3033
122 4861 1.98601 26.32
121 4861 1.98734 26.3366
121 4861 1.98866 26.3533
121 4861 1.98998 26.37
120 4861 1.9913 26.3866
119 4861 1.99262 26.4033
118 4861 1.99394 26.42
118 4861 1.99526 26.4366
118 4861 1.99658 26.4533
118 4861 1.9979 26.47
117 4861 1.99922 26.4866
116 4861 2.00054 26.5033
116 4861 2.00186 26.52
115 4861 2.00318 26.5366
113 4861 2.0045 26.5533
113 4861 2.00582 26.57
112 4861 2.00714 26.5866
112 4861 2.00846 26.6033
112 4861 2.00978 26.62
111 4861 2.0111 26.6366
110 4861 2.01243 26.6533
110 4861 2.01375 26.67
109 4861 2.01507 26.6866
109 4861 2.01639 26.7033
109 4861 2.01771 26.72
109 4861 2.01903 26.7366
108 4861 2.02035 26.7533
107 4861 2.02167 26.77
107 4861 2.02299 26.7866
106 4861 2.02431 26.8033
106 4861 2.02563 26.82
105 4861 2.02695 26.8366
105 4861 2.02827 26.8533
103 4861 2.02959 26.8699
103 4861 2.03091 26.8866
101 4861 2.03223 26.9033
101 4861 2.03356 26.9199
100 4861 2.03488 26.9366
100 4861 2.0362 26.9533
98 4861 2.03752 26.9699
98 4861 2.03884 26.9866
98 4861 2.04016 27.0033
98 4861 2.04148 27.0199
98 4861 2.0428 27.0366
98 4861 2.04412 27.0533
96 4861 2.04544 27.0699
96 4861 2.04676 27.0866
96 4861 2.04808 27.1033
95 4861 2.0494 27.1199
94 4861 2.05072 27.1366
94 4861 2.05204 27.1533
93 4861 2.05336 27.1699
93 4861 2.05468 27.1866
93 4861 2.05601 27.2033
91 4861 2.05733 27.2199
90 4861 2.05865 27.2366
90 4861 2.05997 27.2533
89 4861 2.06129 27.2699
89 4861 2.06261 27.2866
89 4861 2.06393 27.3033
89 4861 2.06525 27.3199
88 4861 2.06657 27.3366
86 4861 2.06789 27.3533
86 4861 2.06921 27.3699
86 4861 2.07053 27.3866
86 4861 2.07185 27.4033
86 4861 2.07317 27.4199
85 4861 2.07449 27.4366
85 4861 2.07581 27.4533
83 4861 2.07713 27.4699
83 4861 2.07846 27.4866
82 4861 2.07978 27.5033
81 4861 2.0811 27.5199
81 4861 2.08242 27.5366
81 4861 2.08374 27.5533
81 4861 2.08506 27.5699
81 4861 2.08638 27.5866
80 4861 2.0877 27.6033
79 4861 2.08902 27.6199
78 4861 2.09034 27.6366
77 4861 2.09166 27.6533
77 4861 2.09298 27.6699
76 4861 2.0943 27.6866
76 4861 2.09562 27.7033
76 4861 2.09694 27.7199
76 4861 2.09826 27.7366
75 4861 2.09959 27.7533
75 4861 2.10091 27.7699
75 4861 2.10223 27.7866
74 4861 2.10355 27.8033
74 4861 2.10487 27.8199
71 4861 2.10619 27.8366
71 4861 2.10751 27.8533
71 4861 2.10883 27.8699
71 4861 2.11015 27.8866
70 4861 2.11147 27.9033
70 4861 2.11279 27.9199
69 4861 2.11411 27.9366
69 4861 2.11543 27.9533
68 4861 2.11675 27.9699
68 4861 2.11807 27.9866
67 4861 2.11939 28.0033
67 4861 2.12071 28.0199
65 4861 2.12204 28.0366
64 4861 2.12336 28.0533
63 4861 2.12468 28.0699
62 4861 2.126 28.0866
62 4861 2.12732 28.1033
62 4861 2.12864 28.1199
61 4861 2.12996 28.1366
60 4861 2.13128 28.1533
60 4861 2.1326 28.1699
60 4861 2.13392 28.1866
59 4861 2.13524 28.2033
59 4861 2.13656 28.2199
57 4861 2.13788 28.2366
57 4861 2.1392 28.2533
56 4861 2.14052 28.2699
56 4861 2.14184 28.2866
56 4861 2.14316 28.3033
54 4861 2.14449 28.3199
53 4861 2.14581 28.3366
53 4861 2.14713 28.3533
52 4861 2.14845 28.3699
52 4861 2.14977 28.3866
51 4861 2.15109 28.4033
50 4861 2.15241 28.4199
49 4861 2.15373 28.4366
49 4861 2.15505 28.4533
49 4861 2.15637 28.4699
48 4861 2.15769 28.4866
47 4861 2.15901 28.5033
46 4861 2.16033 28.5199
46 4861 2.16165 28.5366
46 4861 2.16297 28.5533
46 4861 2.16429 28.5699
45 4861 2.16562 28.5866
43 4861 2.16694 28.6033
43 4861 2.16826 28.6199
43 4861 2.16958 28.6366
42 4861 2.1709 28.6533
41 4861 2.17222 28.6699
40 4861 2.17354 28.6866
40 4861 2.17486 28.7033
40 4861 2.17618 28.7199
39 4861 2.1775 28.7366
38 4861 2.17882 28.7533
38 4861 2.18014 28.7699
37 4861 2.18146 28.7866
36 4861 2.18278 28.8033
35 4861 2.1841 28.8199
33 4861 2.18542 28.8366
32 4861 2.18674 28.8533
32 4861 2.18807 28.8699
30 4861 2.18939 28.8866
30 4861 2.19071 28.9033
28 4861 2.19203 28.9199
28 4861 2.19335 28.9366
26 4861 2.19467 28.9533
25 4861 2.19599 28.9699
23 4861 2.19731 28.9866
22 4861 2.19863 29.0033
22 4861 2.19995 29.0199
20 4861 2.20127 29.0366
20 4861 2.20259 29.0532
18 4861 2.20391 29.0699
18 4861 2.20523 29.0866
17 4861 2.20655 29.1032
17 4861 2.20787 29.1199
16 4861 2.20919 29.1366
14 4861 2.21052 29.1532
13 4861 2.21184 29.1699
13 4861 2.21316 29.1866
12 4861 2.21448 29.2032
11 4861 2.2158 29.2199
11 4861 2.21712 29.2366
9 4861 2.21844 29.2532
8 4861 2.21976 29.2699
7 4861 2.22108 29.2866
7 4861 2.2224 29.3032
6 4861 2.22372 29.3199
4 4861 2.22504 29.3366
3 4861 2.22636 29.3532
3 4861 2.22768 29.3699
3 4861 2.229 29.3866
3 4861 2.23032 29.4032
2 4861 2.23165 29.4199
2 4861 2.23297 29.4366
2 4861 2.23429 29.4532
1 4861 2.23561 29.4699
0 4861 2.23693 29.4866
0 4861 2.23825 29.5032
0 4861 2.23957 29.5199
0 4861 2.24089 29.5366
0 4861 2.24221 29.5532
0 4861 2.24353 29.5699
0 4861 2.24485 29.5866
0 4861 2.24617 29.6032
0 4861 2.24749 29.6199
0 4861 2.24881 29.6366
0 4861 2.25013 29.6532
0 4861 2.25145 29.6699
0 4861 2.25277 29.6866
0 4861 2.2541 29.7032
0 4861 2.25542 29.7199
0 4861 2.25674 29.7366
0 4861 2.25806 29.7532
0 4861 2.25938 29.7699
0 4861 2.2607 29.7866
0 4861 2.26202 29.8032
0 4861 2.26334 29.8199
0 4861 2.26466 29.8366
0 4861 2.26598 29.8532
0 4861 2.2673 29.8699
0 4861 2.26862 29.8866
0 4861 2.26994 29.9032
0 4861 2.27126 29.9199
0 4861 2.27258 29.9366
0 4861 2.2739 29.9532
0 4861 2.27522 29.9699
0 4861 2.27655 29.9866
0 4861 2.27787 30.0032
0 4861 2.27919 30.0199
0 4861 2.28051 30.0366
0 4861 2.28183 30.0532
0 4861 2.28315 30.0699
0 4861 2.28447 30.0866
0 4861 2.28579 30.1032
0 4861 2.28711 30.1199
0 4861 2.28843 30.1366
0 4861 2.28975 30.1532
0 4861 2.29107 30.1699
0 4861 2.29239 30.1866
0 4861 2.29371 30.2032
0 4861 2.29503 30.2199
0 4861 2.29635 30.2366
0 4861 2.29768 30.2532
0 4861 2.299 30.2699
0 4861 2.30032 30.2866
0 4861 2.30164 30.3032
0 4861 2.30296 30.3199
0 4861 2.30428 30.3366
0 4861 2.3056 30.3532
0 4861 2.30692 30.3699
0 4861 2.30824 30.3866
0 4861 2.30956 30.4032
0 4861 2.31088 30.4199
0 4861 2.3122 30.4366
0 4861 2.31352 30.4532
0 4861 2.31484 30.4699
0 4861 2.31616 30.4866
0 4861 2.31748 30.5032
0 4861 2.3188 30.5199
0 4861 2.32013 30.5366
0 4861 2.32145 30.5532
0 4861 2.32277 30.5699
0 4861 2.32409 30.5866
0 4861 2.32541 30.6032
0 4861 2.32673 30.6199
0 4861 2.32805 30.6366
0 4861 2.32937 30.6532
0 4861 2.33069 30.6699
0 4861 2.33201 30.6866
0 4861 2.33333 30.7032
0 4861 2.33465 30.7199
0 4861 2.33597 30.7366
0 4861 2.33729 30.7532
0 4861 2.33861 30.7699
0 4861 2.33993 30.7866
0 4861 2.34125 30.8032
0 4861 2.34258 30.8199
0 4861 2.3439 30.8366
0 4861 2.34522 30.8532
0 4861 2.34654 30.8699
0 4861 2.34786 30.8866
0 4861 2.34918 30.9032
0 4861 2.3505 30.9199
0 4861 2.35182 30.9366
0 4861 2.35314 30.9532
0 4861 2.35446 30.9699
0 4861 2.35578 30.9866
0 4861 2.3571 31.0032
0 4861 2.35842 31.0199
0 4861 2.35974 31.0366
0 4861 2.36106 31.0532
0 4861 2.36238 31.0699
0 4861 2.36371 31.0866
0 4861 2.36503 31.1032
0 4861 2.36635 31.1199
0 4861 2.36767 31.1366
0 4861 2.36899 31.1532
0 4861 2.37031 31.1699
0 4861 2.37163 31.1866
0 4861 2.37295 31.2032
0 4861 2.37427 31.2199
0 4861 2.37559 31.2365
0 4861 2.37691 31.2532
0 4861 2.37823 31.2699
0 4861 2.37955 31.2865
0 4861 2.38087 31.3032
0 4861 2.38219 31.3199
0 4861 2.38351 31.3365
0 4861 2.38483 31.3532
0 4861 2.38616 31.3699
0 4861 2.38748 31.3865
0 4861 2.3888 31.4032
0 4861 2.39012 31.4199
0 4861 2.39144 31.4365
0 4861 2.39276 31.4532
0 4861 2.39408 31.4699
0 4861 2.3954 31.4865
0 4861 2.39672 31.5032
0 4861 2.39804 31.5199
0 4861 2.39936 31.5365
0 4861 2.40068 31.5532
0 4861 2.402 31.5699
0 4861 2.40332 31.5865
0 4861 2.40464 31.6032
0 4861 2.40596 31.6199
0 4861 2.40728 31.6365
0 4861 2.40861 31.6532
0 4861 2.40993 31.6699
0 4861 2.41125 31.6865
0 4861 2.41257 31.7032
0 4861 2.41389 31.7199
0 4861 2.41521 31.7365
0 4861 2.41653 31.7532
0 4861 2.41785 31.7699
0 4861 2.41917 31.7865
0 4861 2.42049 31.8032
0 4861 2.42181 31.8199
0 4861 2.42313 31.8365
0 4861 2.42445 31.8532
0 4861 2.42577 31.8699
0 4861 2.42709 31.8865
0 4861 2.42841 31.9032
0 4861 2.42974 31.9199
0 4861 2.43106 31.9365
0 4861 2.43238 31.9532
0 4861 2.4337 31.9699
0 4861 2.43502 31.9865
0 4861 2.43634 32.0032
0 4861 2.43766 32.0199
0 4861 2.43898 32.0365
0 4861 2.4403 32.0532
0 4861 2.44162 32.0699
0 4861 2.44294 32.0865
0 4861 2.44426 32.1032
0 4861 2.44558 32.1199
0 4861 2.4469 32.1365
0 4861 2.44822 32.1532
0 4861 2.44954 32.1699
0 4861 2.45086 32.1865
0 4861 2.45219 32.2032
0 4861 2.45351 32.2199
0 4861 2.45483 32.2365
0 4861 2.45615 32.2532
0 4861 2.45747 32.2699
0 4861 2.45879 32.2865
0 4861 2.46011 32.3032
0 4861 2.46143 32.3199
0 4861 2.46275 32.3365
0 4861 2.46407 32.3532
0 4861 2.46539 32.3699
0 4861 2.46671 32.3865
0 4861 2.46803 32.4032
0 4861 2.46935 32.4199
0 4861 2.47067 32.4365
0 4861 2.47199 32.4532
0 4861 2.47332 32.4699
0 4861 2.47464 32.4865
0 4861 2.47596 32.5032
0 4861 2.47728 32.5199
0 4861 2.4786 32.5365
0 4861 2.47992 32.5532
0 4861 2.48124 32.5699
0 4861 2.48256 32.5865
0 4861 2.48388 32.6032
0 4861 2.4852 32.6199
0 4861 2.48652 32.6365
0 4861 2.48784 32.6532
0 4861 2.48916 32.6699
0 4861 2.49048 32.6865
0 4861 2.4918 32.7032
0 4861 2.49312 32.7199
0 4861 2.49444 32.7365
0 4861 2.49577 32.7532
0 4861 2.49709 32.7699
0 4861 2.49841 32.7865
0 4861 2.49973 32.8032
0 4861 2.50105 32.8199
0 4861 2.50237 32.8365
0 4861 2.50369 32.8532
0 4861 2.50501 32.8699
0 4861 2.50633 32.8865
0 4861 2.50765 32.9032
0 4861 2.50897 32.9199
0 4861 2.51029 32.9365
0 4861 2.51161 32.9532
0 4861 2.51293 32.9699
0 4861 2.51425 32.9865
0 4861 2.51557 33.0032
0 4861 2.51689 33.0199
0 4861 2.51822 33.0365
0 4861 2.51954 33.0532
0 4861 2.52086 33.0699
0 4861 2.52218 33.0865
0 4861 2.5235 33.1032
0 4861 2.52482 33.1199
0 4861 2.52614 33.1365
0 4861 2.52746 33.1532
0 4861 2.52878 33.1699
0 4861 2.5301 33.1865
0 4861 2.53142 33.2032
0 4861 2.53274 33.2199
0 4861 2.53406 33.2365
0 4861 2.53538 33.2532
0 4861 2.5367 33.2699
0 4861 2.53802 33.2865
0 4861 2.53935 33.3032
0 4861 2.54067 33.3199
0 4861 2.54199 33.3365
0 4861 2.54331 33.3532
0 4861 2.54463 33.3699
0 4861 2.54595 33.3865
0 4861 2.54727 33.4032
0 4861 2.54859 33.4198
0 4861 2.54991 33.4365
0 4861 2.55123 33.4532
0 4861 2.55255 33.4698
0 4861 2.55387 33.4865
0 4861 2.55519 33.5032
0 4861 2.55651 33.5198
0 4861 2.55783 33.5365
0 4861 2.55915 33.5532
0 4861 2.56047 33.5698
0 4861 2.5618 33.5865
0 4861 2.56312 33.6032
0 4861 2.56444 33.6198
0 4861 2.56576 33.6365
0 4861 2.56708 33.6532
0 4861 2.5684 33.6698
0 4861 2.56972 33.6865
0 4861 2.57104 33.7032
0 4861 2.57236 33.7198
0 4861 2.57368 33.7365
0 4861 2.575 33.7532
0 4861 2.57632 33.7698
0 4861 2.57764 33.7865
0 4861 2.57896 33.8032
0 4861 2.58028 33.8198
0 4861 2.5816 33.8365
0 4861 2.58292 33.8532
0 4861 2.58425 33.8698
0 4861 2.58557 33.8865
0 4861 2.58689 33.9032
0 4861 2.58821 33.9198
0 4861 2.58953 33.9365
0 4861 2.59085 33.9532
0 4861 2.59217 33.9698
0 4861 2.59349 33.9865
0 4861 2.59481 34.0032
0 4861 2.59613 34.0198
0 4861 2.59745 34.0365
0 4861 2.59877 34.0532
0 4861 2.60009 34.0698
0 4861 2.60141 34.0865
0 4861 2.60273 34.1032
0 4861 2.60405 34.1198
0 4861 2.60538 34.1365
0 4861 2.6067 34.1532
0 4861 2.60802 34.1698
0 4861 2.60934 34.1865
0 4861 2.61066 34.2032
0 4861 2.61198 34.2198
0 4861 2.6133 34.2365
0 4861 2.61462 34.2532
0 4861 2.61594 34.2698
0 4861 2.61726 34.2865
0 4861 2.61858 34.3032
0 4861 2.6199 34.3198
0 4861 2.62122 34.3365
0 4861 2.62254 34.3532
0 4861 2.62386 34.3698
0 4861 2.62518 34.3865
0 4861 2.6265 34.4032
0 4861 2.62783 34.4198
0 4861 2.62915 34.4365
0 4861 2.63047 34.4532
0 4861 2.63179 34.4698
0 4861 2.63311 34.4865
0 4861 2.63443 34.5032
0 4861 2.63575 34.5198
0 4861 2.63707 34.5365
0 4861 2.63839 34.5532
0 4861 2.63971 34.5698
0 4861 2.64103 34.5865
0 4861 2.64235 34.6032
0 4861 2.64367 34.6198
0 4861 2.64499 34.6365
0 4861 2.64631 34.6532
0 4861 2.64763 34.6698
0 4861 2.64895 34.6865
0 4861 2.65028 34.7032
0 4861 2.6516 34.7198
0 4861 2.65292 34.7365
0 4861 2.65424 34.7532
0 4861 2.65556 34.7698
0 4861 2.65688 34.7865
0 4861 2.6582 34.8032
0 4861 2.65952 34.8198
0 4861 2.66084 34.8365
0 4861 2.66216 34.8532
0 4861 2.66348 34.8698
0 4861 2.6648 34.8865
0 4861 2.66612 34.9032
0 4861 2.66744 34.9198
0 4861 2.66876 34.9365
0 4861 2.67008 34.9532
0 4861 2.67141 34.9698
0 4861 2.67273 34.9865
0 4861 2.67405 35.0032
0 4861 2.67537 35.0198
0 4861 2.67669 35.0365
0 4861 2.67801 35.0532
0 4861 2.67933 35.0698
0 4861 2.68065 35.0865
0 4861 2.68197 35.1032
0 4861 2.68329 35.1198
0 4861 2.68461 35.1365
0 4861 2.68593 35.1532
0 4861 2.68725 35.1698
0 4861 2.68857 35.1865
0 4861 2.68989 35.2032
0 4861 2.69121 35.2198
0 4861 2.69253 35.2365
0 4861 2.69386 35.2532
0 4861 2.69518 35.2698
0 4861 2.6965 35.2865
0 4861 2.69782 35.3032
0 4861 2.69914 35.3198
0 4861 2.70046 35.3365
0 4861 2.70178 35.3532
0 4861 2.7031 35.3698
0 4861 2.70442 35.3865
0 4861 2.70574 35.4032
0 4861 2.70706 35.4198
0 4861 2.70838 35.4365
0 4861 2.7097 35.4532
0 4861 2.71102 35.4698
0 4861 2.71234 35.4865
0 4861 2.71366 35.5032
0 4861 2.71498 35.5198
0 4861 2.71631 35.5365
0 4861 2.71763 35.5532
0 4861 2.71895 35.5698
0 4861 2.72027 35.5865
0 4861 2.72159 35.6031
0 4861 2.72291 35.6198
0 4861 2.72423 35.6365
0 4861 2.72555 35.6531
0 4861 2.72687 35.6698
0 4861 2.72819 35.6865
0 4861 2.72951 35.7031
0 4861 2.73083 35.7198
0 4861 2.73215 35.7365
0 4861 2.73347 35.7531
0 4861 2.73479 35.7698
0 4861 2.73611 35.7865
0 4861 2.73744 35.8031
0 4861 2.73876 35.8198
0 4861 2.74008 35.8365
0 4861 2.7414 35.8531
0 4861 2.74272 35.8698
0 4861 2.74404 35.8865
0 4861 2.74536 35.9031
0 4861 2.74668 35.9198
0 4861 2.748 35.9365
0 4861 2.74932 35.9531
0 4861 2.75064 35.9698
0 4861 2.75196 35.9865
0 4861 2.75328 36.0031
0 4861 2.7546 36.0198
0 4861 2.75592 36.0365
0 4861 2.75724 36.0531
0 4861 2.75856 36.0698
0 4861 2.75989 36.0865
0 4861 2.76121 36.1031
0 4861 2.76253 36.1198
0 4861 2.76385 36.1365
0 4861 2.76517 36.1531
0 4861 2.76649 36.1698
0 4861 2.76781 36.1865
0 4861 2.76913 36.2031
0 4861 2.77045 36.2198
0 4861 2.77177 36.2365
0 4861 2.77309 36.2531
0 4861 2.77441 36.2698
0 4861 2.77573 36.2865
0 4861 2.77705 36.3031
0 4861 2.77837 36.3198
0 4861 2.77969 36.3365
0 4861 2.78101 36.3531
0 4861 2.78234 36.3698
0 4861 2.78366 36.3865
0 4861 2.78498 36.4031
0 4861 2.7863 36.4198
0 4861 2.78762 36.4365
0 4861 2.78894 36.4531
0 4861 2.79026 36.4698
0 4861 2.79158 36.4865
0 4861 2.7929 36.5031
0 4861 2.79422 36.5198
0 4861 2.79554 36.5365
0 4861 2.79686 36.5531
0 4861 2.79818 36.5698
0 4861 2.7995 36.5865
0 4861 2.80082 36.6031
0 4861 2.80214 36.6198
0 4861 2.80347 36.6365
0 4861 2.80479 36.6531
0 4861 2.80611 36.6698
0 4861 2.80743 36.6865
0 4861 2.80875 36.7031
0 4861 2.81007 36.7198
0 4861 2.81139 36.7365
0 4861 2.81271 36.7531
0 4861 2.81403 36.7698
0 4861 2.81535 36.7865
0 4861 2.81667 36.8031
0 4861 2.81799 36.8198
0 4861 2.81931 36.8365
0 4861 2.82063 36.8531
0 4861 2.82195 36.8698
0 4861 2.82327 36.8865
0 4861 2.82459 36.9031
0 4861 2.82592 36.9198
0 4861 2.82724 36.9365
0 4861 2.82856 36.9531
0 4861 2.82988 36.9698
0 4861 2.8312 36.9865
0 4861 2.83252 37.0031
0 4861 2.83384 37.0198
0 4861 2.83516 37.0365
0 4861 2.83648 37.0531
0 4861 2.8378 37.0698
0 4861 2.83912 37.0865
0 4861 2.84044 37.1031
0 4861 2.84176 37.1198
0 4861 2.84308 37.1365
0 4861 2.8444 37.1531
0 4861 2.84572 37.1698
0 4861 2.84704 37.1865
0 4861 2.84837 37.2031
0 4861 2.84969 37.2198
0 4861 2.85101 37.2365
0 4861 2.85233 37.2531
0 4861 2.85365 37.2698
0 4861 2.85497 37.2865
0 4861 2.85629 37.3031
0 4861 2.85761 37.3198
0 4861 2.85893 37.3365
0 4861 2.86025 37.3531
0 4861 2.86157 37.3698
0 4861 2.86289 37.3865
0 4861 2.86421 37.4031
0 4861 2.86553 37.4198
0 4861 2.86685 37.4365
0 4861 2.86817 37.4531
0 4861 2.8695 37.4698
0 4861 2.87082 37.4865
0 4861 2.87214 37.5031
0 4861 2.87346 37.5198
0 4861 2.87478 37.5365
0 4861 2.8761 37.5531
0 4861 2.87742 37.5698
0 4861 2.87874 37.5865
0 4861 2.88006 37.6031
0 4861 2.88138 37.6198
0 4861 2.8827 37.6365
0 4861 2.88402 37.6531
0 4861 2.88534 37.6698
0 4861 2.88666 37.6865
0 4861 2.88798 37.7031
0 4861 2.8893 37.7198
0 4861 2.89062 37.7365
0 4861 2.89195 37.7531
0 4861 2.89327 37.7698
0 4861 2.89459 37.7864
0 4861 2.89591 37.8031
0 4861 2.89723 37.8198
0 4861 2.89855 37.8364
0 4861 2.89987 37.8531
0 4861 2.90119 37.8698
0 4861 2.90251 37.8864
0 4861 2.90383 37.9031
0 4861 2.90515 37.9198
0 4861 2.90647 37.9364
0 4861 2.90779 37.9531
0 4861 2.90911 37.9698
0 4861 2.91043 37.9864
0 4861 2.91175 38.0031
0 4861 2.91307 38.0198
0 4861 2.9144 38.0364
0 4861 2.91572 38.0531
0 4861 2.91704 38.0698
0 4861 2.91836 38.0864
0 4861 2.91968 38.1031
0 4861 2.921 38.1198
0 4861 2.92232 38.1364
0 4861 2.92364 38.1531
0 4861 2.92496 38.1698
0 4861 2.92628 38.1864
0 4861 2.9276 38.2031
0 4861 2.92892 38.2198
0 4861 2.93024 38.2364
0 4861 2.93156 38.2531
0 4861 2.93288 38.2698
0 4861 2.9342 38.2864
0 4861 2.93553 38.3031
0 4861 2.93685 38.3198
0 4861 2.93817 38.3364
0 4861 2.93949 38.3531
0 4861 2.94081 38.3698
0 4861 2.94213 38.3864
0 4861 2.94345 38.4031
0 4861 2.94477 38.4198
0 4861 2.94609 38.4364
0 4861 2.94741 38.4531
0 4861 2.94873 38.4698
0 4861 2.95005 38.4864
0 4861 2.95137 38.5031
0 4861 2.95269 38.5198
0 4861 2.95401 38.5364
0 4861 2.95533 38.5531
0 4861 2.95665 38.5698
0 4861 2.95798 38.5864
0 4861 2.9593 38.6031
0 4861 2.96062 38.6198
0 4861 2.96194 38.6364
0 4861 2.96326 38.6531
0 4861 2.96458 38.6698
0 4861 2.9659 38.6864
0 4861 2.96722 38.7031
0 4861 2.96854 38.7198
0 4861 2.96986 38.7364
0 4861 2.97118 38.7531
0 4861 2.9725 38.7698
0 4861 2.97382 38.7864
0 4861 2.97514 38.8031
0 4861 2.97646 38.8198
0 4861 2.97778 38.8364
0 4861 2.9791 38.8531
0 4861 2.98043 38.8698
0 4861 2.98175 38.8864
0 4861 2.98307 38.9031
0 4861 2.98439 38.9198
0 4861 2.98571 38.9364
0 4861 2.98703 38.9531
0 4861 2.98835 38.9698
0 4861 2.98967 38.9864
0 4861 2.99099 39.0031
0 4861 2.99231 39.0198
0 4861 2.99363 39.0364
0 4861 2.99495 39.0531
0 4861 2.99627 39.0698
0 4861 2.99759 39.0864
0 4861 2.99891 39.1031
