4625 4634 0.00239373 0.00382423
4625 4634 0.00239373 0.0204906
4625 4634 0.00239373 0.0371571
4625 4634 0.00239373 0.0538235
4625 4634 0.00239373 0.0704899
4624 4634 0.00239373 0.0871563
4624 4634 0.00239373 0.103823
4624 4634 0.00239373 0.120489
4624 4634 0.00239373 0.137156
4624 4634 0.00239373 0.153822
4624 4634 0.00239373 0.170488
4623 4634 0.00239373 0.187155
4623 4634 0.00239373 0.203821
4623 4634 0.00239373 0.220488
4623 4634 0.00239373 0.237154
4623 4634 0.00239373 0.25382
4622 4634 0.00239373 0.270487
4622 4634 0.00239373 0.287153
4622 4634 0.00239373 0.30382
4621 4634 0.00239373 0.320486
4621 4634 0.00239373 0.337152
4620 4634 0.00239373 0.353819
4620 4634 0.00239373 0.370485
4620 4634 0.00239373 0.387152
4619 4634 0.00239373 0.403818
4619 4634 0.00239373 0.420485
4619 4634 0.00239373 0.437151
4619 4634 0.00239373 0.453817
4618 4634 0.00239373 0.470484
4618 4634 0.00239373 0.48715
4618 4634 0.00239373 0.503817
4618 4634 0.00239373 0.520483
4618 4634 0.00239373 0.537149
4618 4634 0.00239373 0.553816
4618 4634 0.00239373 0.570482
4618 4634 0.00239373 0.587149
4618 4634 0.00239373 0.603815
4618 4634 0.00239373 0.620481
4618 4634 0.00239373 0.637148
4618 4634 0.00239373 0.653814
4618 4634 0.00239373 0.670481
4618 4634 0.00239373 0.687147
4618 4634 0.00239373 0.703814
4618 4634 0.00239373 0.72048
4618 4634 0.00239373 0.737146
4618 4634 0.00239373 0.753813
4618 4634 0.00239373 0.770479
4618 4634 0.00239373 0.787146
4618 4634 0.00239373 0.803812
4617 4634 0.00239373 0.820478
4616 4634 0.00239373 0.837145
4616 4634 0.00239373 0.853811
4616 4634 0.00239373 0.870478
4616 4634 0.00239373 0.887144
4616 4634 0.00239373 0.903811
4615 4634 0.00239373 0.920477
4615 4634 0.00239373 0.937143
4615 4634 0.00239373 0.95381
4615 4634 0.00239373 0.970476
4614 4634 0.00239373 0.987143
4614 4634 0.00239373 1.00381
4614 4634 0.00239373 1.02048
4614 4634 0.00239373 1.03714
4614 4634 0.00239373 1.05381
4614 4634 0.00239373 1.07047
4614 4634 0.00239373 1.08714
4614 4634 0.00239373 1.10381
4614 4634 0.00239373 1.12047
4614 4634 0.00239373 1.13714
4614 4634 0.00239373 1.15381
4614 4634 0.00239373 1.17047
4614 4634 0.00239373 1.18714
4613 4634 0.00239373 1.20381
4613 4634 0.00239373 1.22047
4613 4634 0.00239373 1.23714
4613 4634 0.00239373 1.25381
4613 4634 0.00239373 1.27047
4613 4634 0.00239373 1.28714
4612 4634 0.00239373 1.3038
4612 4634 0.00239373 1.32047
4610 4634 0.00239373 1.33714
4610 4634 0.00239373 1.3538
4610 4634 0.00239373 1.37047
4610 4634 0.00239373 1.38714
4610 4634 0.00239373 1.4038
4610 4634 0.00239373 1.42047
4609 4634 0.00239373 1.43714
4609 4634 0.00239373 1.4538
4609 4634 0.00239373 1.47047
4609 4634 0.00239373 1.48713
4609 4634 0.00239373 1.5038
4609 4634 0.00239373 1.52047
4609 4634 0.00239373 1.53713
4609 4634 0.00239373 1.5538
4607 4634 0.00239373 1.57047
4606 4634 0.00239373 1.58713
4605 4634 0.00239373 1.6038
4605 4634 0.00239373 1.62047
4605 4634 0.00239373 1.63713
4605 4634 0.00239373 1.6538
4605 4634 0.00239373 1.67047
4605 4634 0.00239373 1.68713
4604 4634 0.00239373 1.7038
4604 4634 0.00239373 1.72046
4604 4634 0.00239373 1.73713
4603 4634 0.00239373 1.7538
4603 4634 0.00239373 1.77046
4603 4634 0.00239373 1.78713
4603 4634 0.00239373 1.8038
4603 4634 0.00239373 1.82046
4603 4634 0.00239373 1.83713
4603 4634 0.00239373 1.8538
4603 4634 0.00239373 1.87046
4603 4634 0.00239373 1.88713
4603 4634 0.00239373 1.9038
4603 4634 0.00239373 1.92046
4603 4634 0.00239373 1.93713
4603 4634 0.00239373 1.95379
4603 4634 0.00239373 1.97046
4603 4634 0.00239373 1.98713
4603 4634 0.00239373 2.00379
4603 4634 0.00239373 2.02046
4603 4634 0.00239373 2.03713
4603 4634 0.00239373 2.05379
4603 4634 0.00239373 2.07046
4603 4634 0.00239373 2.08713
4602 4634 0.00239373 2.10379
4602 4634 0.00239373 2.12046
4602 4634 0.00239373 2.13713
4602 4634 0.00239373 2.15379
4602 4634 0.00239373 2.17046
4602 4634 0.00239373 2.18712
4602 4634 0.00239373 2.20379
4602 4634 0.00239373 2.22046
4602 4634 0.00239373 2.23712
4602 4634 0.00239373 2.25379
4602 4634 0.00239373 2.27046
4602 4634 0.00239373 2.28712
4602 4634 0.00239373 2.30379
4602 4634 0.00239373 2.32046
4601 4634 0.00239373 2.33712
4601 4634 0.00239373 2.35379
4601 4634 0.00239373 2.37045
4601 4634 0.00239373 2.38712
4601 4634 0.00239373 2.40379
4601 4634 0.00239373 2.42045
4601 4634 0.00239373 2.43712
4601 4634 0.00239373 2.45379
4601 4634 0.00239373 2.47045
4601 4634 0.00239373 2.48712
4601 4634 0.00239373 2.50379
4601 4634 0.00239373 2.52045
4601 4634 0.00239373 2.53712
4601 4634 0.00239373 2.55379
4601 4634 0.00239373 2.57045
4601 4634 0.00239373 2.58712
4601 4634 0.00239373 2.60378
4601 4634 0.00239373 2.62045
4601 4634 0.00239373 2.63712
4601 4634 0.00239373 2.65378
4601 4634 0.00239373 2.67045
4601 4634 0.00239373 2.68712
4601 4634 0.00478746 2.70378
4601 4634 0.00718119 2.72045
4601 4634 0.00957492 2.73712
4601 4634 0.0119686 2.75378
4601 4634 0.0143624 2.77045
4601 4634 0.0167561 2.78712
4601 4634 0.0191498 2.80378
4601 4634 0.0215436 2.82045
4601 4634 0.0239373 2.83711
4601 4634 0.026331 2.85378
4601 4634 0.0287247 2.87045
4601 4634 0.0311185 2.88711
4601 4634 0.0335122 2.90378
4601 4634 0.0359059 2.92045
4601 4634 0.0382997 2.93711
4601 4634 0.0406934 2.95378
4601 4634 0.0430871 2.97045
4601 4634 0.0454809 2.98711
4601 4634 0.0478746 3.00378
4601 4634 0.0502683 3.02044
4601 4634 0.052662 3.03711
4601 4634 0.0550558 3.05378
4601 4634 0.0574495 3.07044
4601 4634 0.0598432 3.08711
4601 4634 0.062237 3.10378
4601 4634 0.0646307 3.12044
4601 4634 0.0670244 3.13711
4601 4634 0.0694181 3.15378
4601 4634 0.0718119 3.17044
4601 4634 0.0742056 3.18711
4601 4634 0.0765993 3.20378
4601 4634 0.0789931 3.22044
4601 4634 0.0813868 3.23711
4601 4634 0.0837805 3.25377
4601 4634 0.0861743 3.27044
4601 4634 0.088568 3.28711
4600 4634 0.0909617 3.30377
4600 4634 0.0933554 3.32044
4600 4634 0.0957492 3.33711
4600 4634 0.0981429 3.35377
4600 4634 0.100537 3.37044
4600 4634 0.10293 3.38711
4600 4634 0.105324 3.40377
4600 4634 0.107718 3.42044
4600 4634 0.110112 3.43711
4599 4634 0.112505 3.45377
4599 4634 0.114899 3.47044
4598 4634 0.117293 3.4871
4598 4634 0.119686 3.50377
4598 4634 0.12208 3.52044
4598 4634 0.124474 3.5371
4598 4634 0.126868 3.55377
4597 4634 0.129261 3.57044
4597 4634 0.131655 3.5871
4597 4634 0.134049 3.60377
4597 4634 0.136443 3.62044
4596 4634 0.138836 3.6371
4596 4634 0.14123 3.65377
4596 4634 0.143624 3.67043
4595 4634 0.146017 3.6871
4595 4634 0.148411 3.70377
4595 4634 0.150805 3.72043
4594 4634 0.153199 3.7371
4594 4634 0.155592 3.75377
4594 4634 0.157986 3.77043
4594 4634 0.16038 3.7871
4594 4634 0.162774 3.80377
4593 4634 0.165167 3.82043
4592 4634 0.167561 3.8371
4591 4634 0.169955 3.85377
4591 4634 0.172348 3.87043
4589 4634 0.174742 3.8871
4586 4634 0.177136 3.90376
4584 4634 0.17953 3.92043
4583 4634 0.181923 3.9371
4582 4634 0.184317 3.95376
4579 4634 0.186711 3.97043
4578 4634 0.189104 3.9871
4576 4634 0.191498 4.00376
4575 4634 0.193892 4.02043
4573 4634 0.196286 4.0371
4571 4634 0.198679 4.05376
4569 4634 0.201073 4.07043
4564 4634 0.203467 4.0871
4562 4634 0.205861 4.10376
4559 4634 0.208254 4.12043
4558 4634 0.210648 4.13709
4555 4634 0.213042 4.15376
4552 4634 0.215435 4.17043
4550 4634 0.217829 4.18709
4549 4634 0.220223 4.20376
4546 4634 0.222617 4.22043
4542 4634 0.22501 4.23709
4537 4634 0.227404 4.25376
4535 4634 0.229798 4.27043
4532 4634 0.232191 4.28709
4530 4634 0.234585 4.30376
4528 4634 0.236979 4.32043
4524 4634 0.239373 4.33709
4518 4634 0.241766 4.35376
4515 4634 0.24416 4.37042
4513 4634 0.246554 4.38709
4509 4634 0.248948 4.40376
4506 4634 0.251341 4.42042
4505 4634 0.253735 4.43709
4501 4634 0.256129 4.45376
4496 4634 0.258522 4.47042
4489 4634 0.260916 4.48709
4487 4634 0.26331 4.50376
4484 4634 0.265704 4.52042
4480 4634 0.268097 4.53709
4479 4634 0.270491 4.55375
4472 4634 0.272885 4.57042
4468 4634 0.275278 4.58709
4465 4634 0.277672 4.60375
4461 4634 0.280066 4.62042
4458 4634 0.28246 4.63709
4452 4634 0.284853 4.65375
4447 4634 0.287247 4.67042
4447 4634 0.289641 4.68709
4443 4634 0.292035 4.70375
4441 4634 0.294428 4.72042
4435 4634 0.296822 4.73709
4430 4634 0.299216 4.75375
4427 4634 0.301609 4.77042
4424 4634 0.304003 4.78708
4419 4634 0.306397 4.80375
4415 4634 0.308791 4.82042
4410 4634 0.311184 4.83708
4408 4634 0.313578 4.85375
4403 4634 0.315972 4.87042
4400 4634 0.318365 4.88708
4395 4634 0.320759 4.90375
4390 4634 0.323153 4.92042
4388 4634 0.325547 4.93708
4385 4634 0.32794 4.95375
4378 4634 0.330334 4.97042
4375 4634 0.332728 4.98708
4374 4634 0.335122 5.00375
4369 4634 0.337515 5.02041
4362 4634 0.339909 5.03708
4360 4634 0.342303 5.05375
4358 4634 0.344696 5.07041
4355 4634 0.34709 5.08708
4352 4634 0.349484 5.10375
4349 4634 0.351878 5.12041
4340 4634 0.354271 5.13708
4336 4634 0.356665 5.15375
4330 4634 0.359059 5.17041
4329 4634 0.361452 5.18708
4325 4634 0.363846 5.20374
4322 4634 0.36624 5.22041
4314 4634 0.368634 5.23708
4312 4634 0.371027 5.25374
4307 4634 0.373421 5.27041
4306 4634 0.375815 5.28708
4303 4634 0.378209 5.30374
4298 4634 0.380602 5.32041
4296 4634 0.382996 5.33708
4289 4634 0.38539 5.35374
4284 4634 0.387783 5.37041
4279 4634 0.390177 5.38708
4276 4634 0.392571 5.40374
4272 4634 0.394965 5.42041
4270 4634 0.397358 5.43707
4264 4634 0.399752 5.45374
4263 4634 0.402146 5.47041
4257 4634 0.404539 5.48707
4254 4634 0.406933 5.50374
4248 4634 0.409327 5.52041
4241 4634 0.411721 5.53707
4240 4634 0.414114 5.55374
4235 4634 0.416508 5.57041
4234 4634 0.418902 5.58707
4230 4634 0.421296 5.60374
4227 4634 0.423689 5.62041
4222 4634 0.426083 5.63707
4221 4634 0.428477 5.65374
4217 4634 0.43087 5.6704
4211 4634 0.433264 5.68707
4207 4634 0.435658 5.70374
4204 4634 0.438052 5.7204
4202 4634 0.440445 5.73707
4198 4634 0.442839 5.75374
4196 4634 0.445233 5.7704
4192 4634 0.447627 5.78707
4188 4634 0.45002 5.80374
4187 4634 0.452414 5.8204
4181 4634 0.454808 5.83707
4179 4634 0.457201 5.85373
4176 4634 0.459595 5.8704
4168 4634 0.461989 5.88707
4167 4634 0.464383 5.90373
4165 4634 0.466776 5.9204
4161 4634 0.46917 5.93707
4156 4634 0.471564 5.95373
4154 4634 0.473957 5.9704
4147 4634 0.476351 5.98707
4146 4634 0.478745 6.00373
4142 4634 0.481139 6.0204
4137 4634 0.483532 6.03707
4132 4634 0.485926 6.05373
4128 4634 0.48832 6.0704
4126 4634 0.490714 6.08706
4121 4634 0.493107 6.10373
4119 4634 0.495501 6.1204
4115 4634 0.497895 6.13706
4111 4634 0.500288 6.15373
4109 4634 0.502682 6.1704
4105 4634 0.505076 6.18706
4101 4634 0.50747 6.20373
4097 4634 0.509863 6.2204
4094 4634 0.512257 6.23706
4092 4634 0.514651 6.25373
4087 4634 0.517044 6.2704
4085 4634 0.519438 6.28706
4080 4634 0.521832 6.30373
4076 4634 0.524226 6.32039
4073 4634 0.526619 6.33706
4071 4634 0.529013 6.35373
4067 4634 0.531407 6.37039
4061 4634 0.533801 6.38706
4058 4634 0.536194 6.40373
4056 4634 0.538588 6.42039
4048 4634 0.540982 6.43706
4045 4634 0.543375 6.45373
4042 4634 0.545769 6.47039
4037 4634 0.548163 6.48706
4033 4634 0.550557 6.50373
4030 4634 0.55295 6.52039
4028 4634 0.555344 6.53706
4023 4634 0.557738 6.55372
4018 4634 0.560131 6.57039
4013 4634 0.562525 6.58706
4012 4634 0.564919 6.60372
4007 4634 0.567313 6.62039
4003 4634 0.569706 6.63706
4001 4634 0.5721 6.65372
3993 4634 0.574494 6.67039
3990 4634 0.576888 6.68706
3987 4634 0.579281 6.70372
3983 4634 0.581675 6.72039
3979 4634 0.584069 6.73705
3976 4634 0.586462 6.75372
3974 4634 0.588856 6.77039
3967 4634 0.59125 6.78705
3964 4634 0.593644 6.80372
3962 4634 0.596037 6.82039
3956 4634 0.598431 6.83705
3953 4634 0.600825 6.85372
3950 4634 0.603218 6.87039
3947 4634 0.605612 6.88705
3944 4634 0.608006 6.90372
3942 4634 0.6104 6.92039
3940 4634 0.612793 6.93705
3932 4634 0.615187 6.95372
3931 4634 0.617581 6.97038
3923 4634 0.619975 6.98705
3921 4634 0.622368 7.00372
3919 4634 0.624762 7.02038
3912 4634 0.627156 7.03705
3911 4634 0.629549 7.05372
3907 4634 0.631943 7.07038
3904 4634 0.634337 7.08705
3899 4634 0.636731 7.10372
3897 4634 0.639124 7.12038
3896 4634 0.641518 7.13705
3892 4634 0.643912 7.15372
3888 4634 0.646306 7.17038
3884 4634 0.648699 7.18705
3878 4634 0.651093 7.20371
3874 4634 0.653487 7.22038
3871 4634 0.65588 7.23705
3867 4634 0.658274 7.25371
3862 4634 0.660668 7.27038
3861 4634 0.663062 7.28705
3855 4634 0.665455 7.30371
3853 4634 0.667849 7.32038
3847 4634 0.670243 7.33705
3843 4634 0.672636 7.35371
3840 4634 0.67503 7.37038
3836 4634 0.677424 7.38704
3832 4634 0.679818 7.40371
3830 4634 0.682211 7.42038
3825 4634 0.684605 7.43704
3819 4634 0.686999 7.45371
3818 4634 0.689393 7.47038
3813 4634 0.691786 7.48704
3809 4634 0.69418 7.50371
3804 4634 0.696574 7.52038
3798 4634 0.698967 7.53704
3794 4634 0.701361 7.55371
3790 4634 0.703755 7.57038
3787 4634 0.706149 7.58704
3784 4634 0.708542 7.60371
3781 4634 0.710936 7.62037
3775 4634 0.71333 7.63704
3770 4634 0.715723 7.65371
3769 4634 0.718117 7.67037
3764 4634 0.720511 7.68704
3760 4634 0.722905 7.70371
3755 4634 0.725298 7.72037
3751 4634 0.727692 7.73704
3749 4634 0.730086 7.75371
3744 4634 0.73248 7.77037
3742 4634 0.734873 7.78704
3738 4634 0.737267 7.80371
3734 4634 0.739661 7.82037
3729 4634 0.742054 7.83704
3726 4634 0.744448 7.8537
3721 4634 0.746842 7.87037
3719 4634 0.749236 7.88704
3712 4634 0.751629 7.9037
3710 4634 0.754023 7.92037
3707 4634 0.756417 7.93704
3702 4634 0.75881 7.9537
3699 4634 0.761204 7.97037
3694 4634 0.763598 7.98704
3687 4634 0.765992 8.0037
3684 4634 0.768385 8.02037
3683 4634 0.770779 8.03703
3678 4634 0.773173 8.0537
3673 4634 0.775567 8.07037
3671 4634 0.77796 8.08703
3665 4634 0.780354 8.1037
3660 4634 0.782748 8.12037
3657 4634 0.785141 8.13703
3655 4634 0.787535 8.1537
3650 4634 0.789929 8.17037
3646 4634 0.792323 8.18703
3644 4634 0.794716 8.2037
3640 4634 0.79711 8.22037
3634 4634 0.799504 8.23703
3628 4634 0.801897 8.2537
3628 4634 0.804291 8.27036
3622 4634 0.806685 8.28703
3620 4634 0.809079 8.3037
3614 4634 0.811472 8.32036
3610 4634 0.813866 8.33703
3607 4634 0.81626 8.3537
3602 4634 0.818654 8.37036
3598 4634 0.821047 8.38703
3595 4634 0.823441 8.4037
3591 4634 0.825835 8.42036
3585 4634 0.828228 8.43703
3579 4634 0.830622 8.4537
3577 4634 0.833016 8.47036
3572 4634 0.83541 8.48703
3568 4634 0.837803 8.50369
3562 4634 0.840197 8.52036
3560 4634 0.842591 8.53703
3555 4634 0.844984 8.55369
3550 4634 0.847378 8.57036
3545 4634 0.849772 8.58703
3542 4634 0.852166 8.60369
3536 4634 0.854559 8.62036
3530 4634 0.856953 8.63703
3527 4634 0.859347 8.65369
3521 4634 0.861741 8.67036
3517 4634 0.864134 8.68703
3514 4634 0.866528 8.70369
3509 4634 0.868922 8.72036
3505 4634 0.871315 8.73702
3498 4634 0.873709 8.75369
3494 4634 0.876103 8.77036
3489 4634 0.878497 8.78702
3486 4634 0.88089 8.80369
3480 4634 0.883284 8.82036
3474 4634 0.885678 8.83702
3469 4634 0.888071 8.85369
3465 4634 0.890465 8.87036
3459 4634 0.892859 8.88702
3455 4634 0.895253 8.90369
3451 4634 0.897646 8.92035
3446 4634 0.90004 8.93702
3442 4634 0.902434 8.95369
3435 4634 0.904828 8.97035
3434 4634 0.907221 8.98702
3428 4634 0.909615 9.00369
3420 4634 0.912009 9.02035
3415 4634 0.914402 9.03702
3412 4634 0.916796 9.05369
3403 4634 0.91919 9.07035
3400 4634 0.921584 9.08702
3396 4634 0.923977 9.10369
3392 4634 0.926371 9.12035
3382 4634 0.928765 9.13702
3380 4634 0.931158 9.15368
3375 4634 0.933552 9.17035
3369 4634 0.935946 9.18702
3363 4634 0.93834 9.20368
3359 4634 0.940733 9.22035
3353 4634 0.943127 9.23702
3347 4634 0.945521 9.25368
3340 4634 0.947915 9.27035
3335 4634 0.950308 9.28702
3329 4634 0.952702 9.30368
3325 4634 0.955096 9.32035
3317 4634 0.957489 9.33702
3311 4634 0.959883 9.35368
3308 4634 0.962277 9.37035
3298 4634 0.964671 9.38701
3295 4634 0.967064 9.40368
3287 4634 0.969458 9.42035
3279 4634 0.971852 9.43701
3272 4634 0.974245 9.45368
3269 4634 0.976639 9.47035
3258 4634 0.979033 9.48701
3254 4634 0.981427 9.50368
3243 4634 0.98382 9.52035
3239 4634 0.986214 9.53701
3232 4634 0.988608 9.55368
3226 4634 0.991002 9.57034
3220 4634 0.993395 9.58701
3213 4634 0.995789 9.60368
3204 4634 0.998183 9.62034
3201 4634 1.00058 9.63701
3193 4634 1.00297 9.65368
3181 4634 1.00536 9.67034
3175 4634 1.00776 9.68701
3169 4634 1.01015 9.70368
3162 4634 1.01255 9.72034
3153 4634 1.01494 9.73701
3144 4634 1.01733 9.75368
3138 4634 1.01973 9.77034
3129 4634 1.02212 9.78701
3121 4634 1.02451 9.80367
3113 4634 1.02691 9.82034
3107 4634 1.0293 9.83701
3097 4634 1.03169 9.85367
3087 4634 1.03409 9.87034
3079 4634 1.03648 9.88701
3074 4634 1.03888 9.90367
3067 4634 1.04127 9.92034
3060 4634 1.04366 9.93701
3047 4634 1.04606 9.95367
3039 4634 1.04845 9.97034
3030 4634 1.05084 9.98701
3017 4634 1.05324 10.0037
3011 4634 1.05563 10.0203
3005 4634 1.05803 10.037
2996 4634 1.06042 10.0537
2988 4634 1.06281 10.0703
2978 4634 1.06521 10.087
2971 4634 1.0676 10.1037
2964 4634 1.06999 10.1203
2953 4634 1.07239 10.137
2946 4634 1.07478 10.1537
2937 4634 1.07718 10.1703
2928 4634 1.07957 10.187
2920 4634 1.08196 10.2037
2909 4634 1.08436 10.2203
2899 4634 1.08675 10.237
2893 4634 1.08914 10.2537
2881 4634 1.09154 10.2703
2873 4634 1.09393 10.287
2861 4634 1.09633 10.3037
2857 4634 1.09872 10.3203
2845 4634 1.10111 10.337
2836 4634 1.10351 10.3537
2829 4634 1.1059 10.3703
2817 4634 1.10829 10.387
2808 4634 1.11069 10.4037
2796 4634 1.11308 10.4203
2789 4634 1.11548 10.437
2779 4634 1.11787 10.4537
2771 4634 1.12026 10.4703
2759 4634 1.12266 10.487
2750 4634 1.12505 10.5037
2739 4634 1.12744 10.5203
2732 4634 1.12984 10.537
2722 4634 1.13223 10.5537
2709 4634 1.13462 10.5703
2703 4634 1.13702 10.587
2692 4634 1.13941 10.6037
2682 4634 1.14181 10.6203
2672 4634 1.1442 10.637
2663 4634 1.14659 10.6537
2652 4634 1.14899 10.6703
2641 4634 1.15138 10.687
2635 4634 1.15377 10.7037
2623 4634 1.15617 10.7203
2613 4634 1.15856 10.737
2606 4634 1.16096 10.7537
2595 4634 1.16335 10.7703
2585 4634 1.16574 10.787
2573 4634 1.16814 10.8037
2563 4634 1.17053 10.8203
2556 4634 1.17292 10.837
2544 4634 1.17532 10.8537
2533 4634 1.17771 10.8703
2522 4634 1.18011 10.887
2516 4634 1.1825 10.9037
2503 4634 1.18489 10.9203
2495 4634 1.18729 10.937
2481 4634 1.18968 10.9537
2473 4634 1.19207 10.9703
2465 4634 1.19447 10.987
2452 4634 1.19686 11.0037
2444 4634 1.19926 11.0203
2434 4634 1.20165 11.037
2426 4634 1.20404 11.0537
2414 4634 1.20644 11.0703
2406 4634 1.20883 11.087
2393 4634 1.21122 11.1037
2386 4634 1.21362 11.1203
2377 4634 1.21601 11.137
2368 4634 1.21841 11.1537
2359 4634 1.2208 11.1703
2344 4634 1.22319 11.187
2337 4634 1.22559 11.2037
2327 4634 1.22798 11.2203
2318 4634 1.23037 11.237
2305 4634 1.23277 11.2537
2296 4634 1.23516 11.2703
2286 4634 1.23756 11.287
2277 4634 1.23995 11.3037
2268 4634 1.24234 11.3203
2258 4634 1.24474 11.337
2245 4634 1.24713 11.3537
2236 4634 1.24952 11.3703
2227 4634 1.25192 11.387
2217 4634 1.25431 11.4037
2205 4634 1.2567 11.4203
2196 4634 1.2591 11.437
2189 4634 1.26149 11.4536
2176 4634 1.26389 11.4703
2167 4634 1.26628 11.487
2159 4634 1.26867 11.5036
2148 4634 1.27107 11.5203
2140 4634 1.27346 11.537
2130 4634 1.27585 11.5536
2120 4634 1.27825 11.5703
2111 4634 1.28064 11.587
2102 4634 1.28304 11.6036
2096 4634 1.28543 11.6203
2085 4634 1.28782 11.637
2075 4634 1.29022 11.6536
2067 4634 1.29261 11.6703
2058 4634 1.295 11.687
2049 4634 1.2974 11.7036
2039 4634 1.29979 11.7203
2031 4634 1.30219 11.737
2022 4634 1.30458 11.7536
2013 4634 1.30697 11.7703
2004 4634 1.30937 11.787
1996 4634 1.31176 11.8036
1985 4634 1.31415 11.8203
1976 4634 1.31655 11.837
1967 4634 1.31894 11.8536
1958 4634 1.32134 11.8703
1950 4634 1.32373 11.887
1942 4634 1.32612 11.9036
1934 4634 1.32852 11.9203
1924 4634 1.33091 11.937
1915 4634 1.3333 11.9536
1906 4634 1.3357 11.9703
1899 4634 1.33809 11.987
1890 4634 1.34049 12.0036
1883 4634 1.34288 12.0203
1874 4634 1.34527 12.037
1863 4634 1.34767 12.0536
1858 4634 1.35006 12.0703
1848 4634 1.35245 12.087
1839 4634 1.35485 12.1036
1831 4634 1.35724 12.1203
1826 4634 1.35963 12.137
1817 4634 1.36203 12.1536
1808 4634 1.36442 12.1703
1801 4634 1.36682 12.187
1791 4634 1.36921 12.2036
1785 4634 1.3716 12.2203
1778 4634 1.374 12.237
1767 4634 1.37639 12.2536
1761 4634 1.37878 12.2703
1748 4634 1.38118 12.287
1744 4634 1.38357 12.3036
1735 4634 1.38597 12.3203
1725 4634 1.38836 12.337
1718 4634 1.39075 12.3536
1712 4634 1.39315 12.3703
1704 4634 1.39554 12.387
1696 4634 1.39793 12.4036
1690 4634 1.40033 12.4203
1684 4634 1.40272 12.437
1675 4634 1.40512 12.4536
1668 4634 1.40751 12.4703
1660 4634 1.4099 12.487
1653 4634 1.4123 12.5036
1646 4634 1.41469 12.5203
1639 4634 1.41708 12.537
1631 4634 1.41948 12.5536
1623 4634 1.42187 12.5703
1615 4634 1.42427 12.587
1608 4634 1.42666 12.6036
1601 4634 1.42905 12.6203
1594 4634 1.43145 12.637
1588 4634 1.43384 12.6536
1580 4634 1.43623 12.6703
1574 4634 1.43863 12.687
1566 4634 1.44102 12.7036
1561 4634 1.44342 12.7203
1553 4634 1.44581 12.737
1546 4634 1.4482 12.7536
1539 4634 1.4506 12.7703
1532 4634 1.45299 12.787
1525 4634 1.45538 12.8036
1518 4634 1.45778 12.8203
1511 4634 1.46017 12.837
1504 4634 1.46256 12.8536
1498 4634 1.46496 12.8703
1492 4634 1.46735 12.887
1486 4634 1.46975 12.9036
1478 4634 1.47214 12.9203
1471 4634 1.47453 12.937
1464 4634 1.47693 12.9536
1458 4634 1.47932 12.9703
1449 4634 1.48171 12.987
1441 4634 1.48411 13.0036
1435 4634 1.4865 13.0203
1427 4634 1.4889 13.037
1420 4634 1.49129 13.0536
1412 4634 1.49368 13.0703
1406 4634 1.49608 13.087
1399 4634 1.49847 13.1036
1391 4634 1.50086 13.1203
1386 4634 1.50326 13.137
1377 4634 1.50565 13.1536
1371 4634 1.50805 13.1703
1364 4634 1.51044 13.187
1358 4634 1.51283 13.2036
1351 4634 1.51523 13.2203
1345 4634 1.51762 13.237
1338 4634 1.52001 13.2536
1331 4634 1.52241 13.2703
1326 4634 1.5248 13.287
1318 4634 1.5272 13.3036
1312 4634 1.52959 13.3203
1305 4634 1.53198 13.337
1298 4634 1.53438 13.3536
1293 4634 1.53677 13.3703
1286 4634 1.53916 13.387
1281 4634 1.54156 13.4036
1273 4634 1.54395 13.4203
1267 4634 1.54635 13.437
1259 4634 1.54874 13.4536
1253 4634 1.55113 13.4703
1246 4634 1.55353 13.487
1240 4634 1.55592 13.5036
1233 4634 1.55831 13.5203
1228 4634 1.56071 13.537
1222 4634 1.5631 13.5536
1216 4634 1.5655 13.5703
1211 4634 1.56789 13.587
1204 4634 1.57028 13.6036
1198 4634 1.57268 13.6203
1193 4634 1.57507 13.6369
1189 4634 1.57746 13.6536
1182 4634 1.57986 13.6703
1175 4634 1.58225 13.6869
1169 4634 1.58464 13.7036
1162 4634 1.58704 13.7203
1158 4634 1.58943 13.7369
1151 4634 1.59183 13.7536
1148 4634 1.59422 13.7703
1140 4634 1.59661 13.7869
1135 4634 1.59901 13.8036
1128 4634 1.6014 13.8203
1121 4634 1.60379 13.8369
1115 4634 1.60619 13.8536
1110 4634 1.60858 13.8703
1102 4634 1.61098 13.8869
1098 4634 1.61337 13.9036
1093 4634 1.61576 13.9203
1086 4634 1.61816 13.9369
1080 4634 1.62055 13.9536
1073 4634 1.62294 13.9703
1067 4634 1.62534 13.9869
1060 4634 1.62773 14.0036
1052 4634 1.63013 14.0203
1045 4634 1.63252 14.0369
1039 4634 1.63491 14.0536
1031 4634 1.63731 14.0703
1025 4634 1.6397 14.0869
1017 4634 1.64209 14.1036
1010 4634 1.64449 14.1203
1001 4634 1.64688 14.1369
996 4634 1.64928 14.1536
987 4634 1.65167 14.1703
979 4634 1.65406 14.1869
971 4634 1.65646 14.2036
962 4634 1.65885 14.2203
957 4634 1.66124 14.2369
948 4634 1.66364 14.2536
937 4634 1.66603 14.2703
932 4634 1.66843 14.2869
924 4634 1.67082 14.3036
919 4634 1.67321 14.3203
911 4634 1.67561 14.3369
905 4634 1.678 14.3536
897 4634 1.68039 14.3703
889 4634 1.68279 14.3869
885 4634 1.68518 14.4036
877 4634 1.68757 14.4203
867 4634 1.68997 14.4369
861 4634 1.69236 14.4536
855 4634 1.69476 14.4703
846 4634 1.69715 14.4869
837 4634 1.69954 14.5036
829 4634 1.70194 14.5203
823 4634 1.70433 14.5369
814 4634 1.70672 14.5536
807 4634 1.70912 14.5703
801 4634 1.71151 14.5869
792 4634 1.71391 14.6036
784 4634 1.7163 14.6203
778 4634 1.71869 14.6369
770 4634 1.72109 14.6536
762 4634 1.72348 14.6703
755 4634 1.72587 14.6869
747 4634 1.72827 14.7036
743 4634 1.73066 14.7203
736 4634 1.73306 14.7369
732 4634 1.73545 14.7536
724 4634 1.73784 14.7703
719 4634 1.74024 14.7869
715 4634 1.74263 14.8036
708 4634 1.74502 14.8203
703 4634 1.74742 14.8369
695 4634 1.74981 14.8536
688 4634 1.75221 14.8703
684 4634 1.7546 14.8869
678 4634 1.75699 14.9036
672 4634 1.75939 14.9203
667 4634 1.76178 14.9369
663 4634 1.76417 14.9536
655 4634 1.76657 14.9703
650 4634 1.76896 14.9869
646 4634 1.77136 15.0036
643 4634 1.77375 15.0203
634 4634 1.77614 15.0369
627 4634 1.77854 15.0536
624 4634 1.78093 15.0703
620 4634 1.78332 15.0869
613 4634 1.78572 15.1036
607 4634 1.78811 15.1203
604 4634 1.7905 15.1369
600 4634 1.7929 15.1536
593 4634 1.79529 15.1703
588 4634 1.79769 15.1869
585 4634 1.80008 15.2036
579 4634 1.80247 15.2203
576 4634 1.80487 15.2369
570 4634 1.80726 15.2536
565 4634 1.80965 15.2703
560 4634 1.81205 15.2869
556 4634 1.81444 15.3036
551 4634 1.81684 15.3203
547 4634 1.81923 15.3369
543 4634 1.82162 15.3536
538 4634 1.82402 15.3703
534 4634 1.82641 15.3869
530 4634 1.8288 15.4036
525 4634 1.8312 15.4203
519 4634 1.83359 15.4369
516 4634 1.83599 15.4536
512 4634 1.83838 15.4703
510 4634 1.84077 15.4869
503 4634 1.84317 15.5036
499 4634 1.84556 15.5203
496 4634 1.84795 15.5369
491 4634 1.85035 15.5536
487 4634 1.85274 15.5703
482 4634 1.85514 15.5869
478 4634 1.85753 15.6036
475 4634 1.85992 15.6203
470 4634 1.86232 15.6369
468 4634 1.86471 15.6536
462 4634 1.8671 15.6703
458 4634 1.8695 15.6869
456 4634 1.87189 15.7036
450 4634 1.87429 15.7203
447 4634 1.87668 15.7369
442 4634 1.87907 15.7536
438 4634 1.88147 15.7703
434 4634 1.88386 15.7869
431 4634 1.88625 15.8036
426 4634 1.88865 15.8202
422 4634 1.89104 15.8369
420 4634 1.89344 15.8536
415 4634 1.89583 15.8702
413 4634 1.89822 15.8869
408 4634 1.90062 15.9036
405 4634 1.90301 15.9202
402 4634 1.9054 15.9369
397 4634 1.9078 15.9536
395 4634 1.91019 15.9702
391 4634 1.91258 15.9869
389 4634 1.91498 16.0036
385 4634 1.91737 16.0202
379 4634 1.91977 16.0369
375 4634 1.92216 16.0536
373 4634 1.92455 16.0702
369 4634 1.92695 16.0869
366 4634 1.92934 16.1036
362 4634 1.93173 16.1202
357 4634 1.93413 16.1369
354 4634 1.93652 16.1536
351 4634 1.93892 16.1702
349 4634 1.94131 16.1869
345 4634 1.9437 16.2036
342 4634 1.9461 16.2202
339 4634 1.94849 16.2369
335 4634 1.95088 16.2536
333 4634 1.95328 16.2702
328 4634 1.95567 16.2869
323 4634 1.95807 16.3036
322 4634 1.96046 16.3202
319 4634 1.96285 16.3369
316 4634 1.96525 16.3536
315 4634 1.96764 16.3702
311 4634 1.97003 16.3869
307 4634 1.97243 16.4036
305 4634 1.97482 16.4202
301 4634 1.97722 16.4369
297 4634 1.97961 16.4536
295 4634 1.982 16.4702
291 4634 1.9844 16.4869
288 4634 1.98679 16.5036
287 4634 1.98918 16.5202
282 4634 1.99158 16.5369
280 4634 1.99397 16.5536
277 4634 1.99637 16.5702
275 4634 1.99876 16.5869
271 4634 2.00115 16.6036
267 4634 2.00355 16.6202
266 4634 2.00594 16.6369
264 4634 2.00833 16.6536
261 4634 2.01073 16.6702
258 4634 2.01312 16.6869
255 4634 2.01551 16.7036
252 4634 2.01791 16.7202
249 4634 2.0203 16.7369
247 4634 2.0227 16.7536
245 4634 2.02509 16.7702
241 4634 2.02748 16.7869
240 4634 2.02988 16.8036
237 4634 2.03227 16.8202
234 4634 2.03466 16.8369
231 4634 2.03706 16.8536
229 4634 2.03945 16.8702
227 4634 2.04185 16.8869
223 4634 2.04424 16.9036
222 4634 2.04663 16.9202
219 4634 2.04903 16.9369
216 4634 2.05142 16.9536
213 4634 2.05381 16.9702
211 4634 2.05621 16.9869
210 4634 2.0586 17.0036
206 4634 2.061 17.0202
204 4634 2.06339 17.0369
203 4634 2.06578 17.0536
199 4634 2.06818 17.0702
199 4634 2.07057 17.0869
196 4634 2.07296 17.1036
194 4634 2.07536 17.1202
192 4634 2.07775 17.1369
189 4634 2.08015 17.1536
187 4634 2.08254 17.1702
185 4634 2.08493 17.1869
182 4634 2.08733 17.2036
180 4634 2.08972 17.2202
179 4634 2.09211 17.2369
175 4634 2.09451 17.2536
174 4634 2.0969 17.2702
171 4634 2.0993 17.2869
170 4634 2.10169 17.3036
168 4634 2.10408 17.3202
166 4634 2.10648 17.3369
163 4634 2.10887 17.3536
161 4634 2.11126 17.3702
159 4634 2.11366 17.3869
157 4634 2.11605 17.4036
155 4634 2.11844 17.4202
155 4634 2.12084 17.4369
153 4634 2.12323 17.4536
150 4634 2.12563 17.4702
149 4634 2.12802 17.4869
148 4634 2.13041 17.5036
145 4634 2.13281 17.5202
143 4634 2.1352 17.5369
143 4634 2.13759 17.5536
141 4634 2.13999 17.5702
141 4634 2.14238 17.5869
137 4634 2.14478 17.6036
137 4634 2.14717 17.6202
135 4634 2.14956 17.6369
132 4634 2.15196 17.6536
132 4634 2.15435 17.6702
131 4634 2.15674 17.6869
128 4634 2.15914 17.7036
127 4634 2.16153 17.7202
126 4634 2.16393 17.7369
124 4634 2.16632 17.7536
122 4634 2.16871 17.7702
120 4634 2.17111 17.7869
120 4634 2.1735 17.8036
117 4634 2.17589 17.8202
117 4634 2.17829 17.8369
115 4634 2.18068 17.8536
114 4634 2.18308 17.8702
113 4634 2.18547 17.8869
111 4634 2.18786 17.9036
110 4634 2.19026 17.9202
108 4634 2.19265 17.9369
106 4634 2.19504 17.9536
106 4634 2.19744 17.9702
104 4634 2.19983 17.9869
103 4634 2.20223 18.0035
102 4634 2.20462 18.0202
100 4634 2.20701 18.0369
99 4634 2.20941 18.0535
97 4634 2.2118 18.0702
95 4634 2.21419 18.0869
94 4634 2.21659 18.1035
93 4634 2.21898 18.1202
91 4634 2.22137 18.1369
90 4634 2.22377 18.1535
90 4634 2.22616 18.1702
87 4634 2.22856 18.1869
86 4634 2.23095 18.2035
85 4634 2.23334 18.2202
84 4634 2.23574 18.2369
83 4634 2.23813 18.2535
81 4634 2.24052 18.2702
78 4634 2.24292 18.2869
78 4634 2.24531 18.3035
77 4634 2.24771 18.3202
75 4634 2.2501 18.3369
75 4634 2.25249 18.3535
73 4634 2.25489 18.3702
72 4634 2.25728 18.3869
70 4634 2.25967 18.4035
67 4634 2.26207 18.4202
67 4634 2.26446 18.4369
65 4634 2.26686 18.4535
64 4634 2.26925 18.4702
61 4634 2.27164 18.4869
61 4634 2.27404 18.5035
58 4634 2.27643 18.5202
57 4634 2.27882 18.5369
56 4634 2.28122 18.5535
53 4634 2.28361 18.5702
51 4634 2.28601 18.5869
51 4634 2.2884 18.6035
47 4634 2.29079 18.6202
46 4634 2.29319 18.6369
45 4634 2.29558 18.6535
43 4634 2.29797 18.6702
41 4634 2.30037 18.6869
40 4634 2.30276 18.7035
39 4634 2.30516 18.7202
37 4634 2.30755 18.7369
36 4634 2.30994 18.7535
33 4634 2.31234 18.7702
30 4634 2.31473 18.7869
29 4634 2.31712 18.8035
28 4634 2.31952 18.8202
27 4634 2.32191 18.8369
24 4634 2.32431 18.8535
23 4634 2.3267 18.8702
22 4634 2.32909 18.8869
19 4634 2.33149 18.9035
18 4634 2.33388 18.9202
15 4634 2.33627 18.9369
14 4634 2.33867 18.9535
13 4634 2.34106 18.9702
11 4634 2.34345 18.9869
11 4634 2.34585 19.0035
8 4634 2.34824 19.0202
8 4634 2.35064 19.0369
6 4634 2.35303 19.0535
5 4634 2.35542 19.0702
4 4634 2.35782 19.0869
3 4634 2.36021 19.1035
2 4634 2.3626 19.1202
2 4634 2.365 19.1369
2 4634 2.36739 19.1535
1 4634 2.36979 19.1702
1 4634 2.37218 19.1869
0 4634 2.37457 19.2035
0 4634 2.37697 19.2202
0 4634 2.37936 19.2369
0 4634 2.38175 19.2535
0 4634 2.38415 19.2702
0 4634 2.38654 19.2869
0 4634 2.38894 19.3035
0 4634 2.39133 19.3202
0 4634 2.39372 19.3369
0 4634 2.39612 19.3535
0 4634 2.39851 19.3702
0 4634 2.4009 19.3869
0 4634 2.4033 19.4035
0 4634 2.40569 19.4202
0 4634 2.40809 19.4369
0 4634 2.41048 19.4535
0 4634 2.41287 19.4702
0 4634 2.41527 19.4869
0 4634 2.41766 19.5035
0 4634 2.42005 19.5202
0 4634 2.42245 19.5369
0 4634 2.42484 19.5535
0 4634 2.42724 19.5702
0 4634 2.42963 19.5869
0 4634 2.43202 19.6035
0 4634 2.43442 19.6202
0 4634 2.43681 19.6369
0 4634 2.4392 19.6535
0 4634 2.4416 19.6702
0 4634 2.44399 19.6869
0 4634 2.44638 19.7035
0 4634 2.44878 19.7202
0 4634 2.45117 19.7369
0 4634 2.45357 19.7535
0 4634 2.45596 19.7702
0 4634 2.45835 19.7869
0 4634 2.46075 19.8035
0 4634 2.46314 19.8202
0 4634 2.46553 19.8369
0 4634 2.46793 19.8535
0 4634 2.47032 19.8702
0 4634 2.47272 19.8869
0 4634 2.47511 19.9035
0 4634 2.4775 19.9202
0 4634 2.4799 19.9369
0 4634 2.48229 19.9535
0 4634 2.48468 19.9702
0 4634 2.48708 19.9869
0 4634 2.48947 20.0035
0 4634 2.49187 20.0202
0 4634 2.49426 20.0369
0 4634 2.49665 20.0535
0 4634 2.49905 20.0702
0 4634 2.50144 20.0869
0 4634 2.50383 20.1035
0 4634 2.50623 20.1202
0 4634 2.50862 20.1369
0 4634 2.51102 20.1535
0 4634 2.51341 20.1702
0 4634 2.5158 20.1868
0 4634 2.5182 20.2035
0 4634 2.52059 20.2202
0 4634 2.52298 20.2368
0 4634 2.52538 20.2535
0 4634 2.52777 20.2702
0 4634 2.53017 20.2868
0 4634 2.53256 20.3035
0 4634 2.53495 20.3202
0 4634 2.53735 20.3368
0 4634 2.53974 20.3535
0 4634 2.54213 20.3702
0 4634 2.54453 20.3868
0 4634 2.54692 20.4035
0 4634 2.54931 20.4202
0 4634 2.55171 20.4368
0 4634 2.5541 20.4535
0 4634 2.5565 20.4702
0 4634 2.55889 20.4868
0 4634 2.56128 20.5035
0 4634 2.56368 20.5202
0 4634 2.56607 20.5368
0 4634 2.56846 20.5535
0 4634 2.57086 20.5702
0 4634 2.57325 20.5868
0 4634 2.57565 20.6035
0 4634 2.57804 20.6202
0 4634 2.58043 20.6368
0 4634 2.58283 20.6535
0 4634 2.58522 20.6702
0 4634 2.58761 20.6868
0 4634 2.59001 20.7035
0 4634 2.5924 20.7202
0 4634 2.5948 20.7368
0 4634 2.59719 20.7535
0 4634 2.59958 20.7702
0 4634 2.60198 20.7868
0 4634 2.60437 20.8035
0 4634 2.60676 20.8202
0 4634 2.60916 20.8368
0 4634 2.61155 20.8535
0 4634 2.61395 20.8702
0 4634 2.61634 20.8868
0 4634 2.61873 20.9035
0 4634 2.62113 20.9202
0 4634 2.62352 20.9368
0 4634 2.62591 20.9535
0 4634 2.62831 20.9702
0 4634 2.6307 20.9868
0 4634 2.6331 21.0035
0 4634 2.63549 21.0202
0 4634 2.63788 21.0368
0 4634 2.64028 21.0535
0 4634 2.64267 21.0702
0 4634 2.64506 21.0868
0 4634 2.64746 21.1035
0 4634 2.64985 21.1202
0 4634 2.65225 21.1368
0 4634 2.65464 21.1535
0 4634 2.65703 21.1702
0 4634 2.65943 21.1868
0 4634 2.66182 21.2035
0 4634 2.66421 21.2202
0 4634 2.66661 21.2368
0 4634 2.669 21.2535
0 4634 2.67139 21.2702
0 4634 2.67379 21.2868
0 4634 2.67618 21.3035
0 4634 2.67858 21.3202
0 4634 2.68097 21.3368
0 4634 2.68336 21.3535
0 4634 2.68576 21.3702
0 4634 2.68815 21.3868
0 4634 2.69054 21.4035
0 4634 2.69294 21.4202
0 4634 2.69533 21.4368
0 4634 2.69773 21.4535
0 4634 2.70012 21.4702
0 4634 2.70251 21.4868
0 4634 2.70491 21.5035
0 4634 2.7073 21.5202
0 4634 2.70969 21.5368
0 4634 2.71209 21.5535
0 4634 2.71448 21.5702
0 4634 2.71688 21.5868
0 4634 2.71927 21.6035
0 4634 2.72166 21.6202
0 4634 2.72406 21.6368
0 4634 2.72645 21.6535
0 4634 2.72884 21.6702
0 4634 2.73124 21.6868
0 4634 2.73363 21.7035
0 4634 2.73603 21.7202
0 4634 2.73842 21.7368
0 4634 2.74081 21.7535
0 4634 2.74321 21.7702
0 4634 2.7456 21.7868
0 4634 2.74799 21.8035
0 4634 2.75039 21.8202
0 4634 2.75278 21.8368
0 4634 2.75518 21.8535
0 4634 2.75757 21.8702
0 4634 2.75996 21.8868
0 4634 2.76236 21.9035
0 4634 2.76475 21.9202
0 4634 2.76714 21.9368
0 4634 2.76954 21.9535
0 4634 2.77193 21.9702
0 4634 2.77432 21.9868
0 4634 2.77672 22.0035
0 4634 2.77911 22.0202
0 4634 2.78151 22.0368
0 4634 2.7839 22.0535
0 4634 2.78629 22.0702
0 4634 2.78869 22.0868
0 4634 2.79108 22.1035
0 4634 2.79347 22.1202
0 4634 2.79587 22.1368
0 4634 2.79826 22.1535
0 4634 2.80066 22.1702
0 4634 2.80305 22.1868
0 4634 2.80544 22.2035
0 4634 2.80784 22.2202
0 4634 2.81023 22.2368
0 4634 2.81262 22.2535
0 4634 2.81502 22.2702
0 4634 2.81741 22.2868
0 4634 2.81981 22.3035
0 4634 2.8222 22.3202
0 4634 2.82459 22.3368
0 4634 2.82699 22.3535
0 4634 2.82938 22.3701
0 4634 2.83177 22.3868
0 4634 2.83417 22.4035
0 4634 2.83656 22.4201
0 4634 2.83896 22.4368
0 4634 2.84135 22.4535
0 4634 2.84374 22.4701
0 4634 2.84614 22.4868
0 4634 2.84853 22.5035
0 4634 2.85092 22.5201
0 4634 2.85332 22.5368
0 4634 2.85571 22.5535
0 4634 2.85811 22.5701
0 4634 2.8605 22.5868
0 4634 2.86289 22.6035
0 4634 2.86529 22.6201
0 4634 2.86768 22.6368
0 4634 2.87007 22.6535
0 4634 2.87247 22.6701
0 4634 2.87486 22.6868
0 4634 2.87725 22.7035
0 4634 2.87965 22.7201
0 4634 2.88204 22.7368
0 4634 2.88444 22.7535
0 4634 2.88683 22.7701
0 4634 2.88922 22.7868
0 4634 2.89162 22.8035
0 4634 2.89401 22.8201
0 4634 2.8964 22.8368
0 4634 2.8988 22.8535
0 4634 2.90119 22.8701
0 4634 2.90359 22.8868
0 4634 2.90598 22.9035
0 4634 2.90837 22.9201
0 4634 2.91077 22.9368
0 4634 2.91316 22.9535
0 4634 2.91555 22.9701
0 4634 2.91795 22.9868
0 4634 2.92034 23.0035
0 4634 2.92274 23.0201
0 4634 2.92513 23.0368
0 4634 2.92752 23.0535
0 4634 2.92992 23.0701
0 4634 2.93231 23.0868
0 4634 2.9347 23.1035
0 4634 2.9371 23.1201
0 4634 2.93949 23.1368
0 4634 2.94189 23.1535
0 4634 2.94428 23.1701
0 4634 2.94667 23.1868
0 4634 2.94907 23.2035
0 4634 2.95146 23.2201
0 4634 2.95385 23.2368
0 4634 2.95625 23.2535
0 4634 2.95864 23.2701
0 4634 2.96104 23.2868
0 4634 2.96343 23.3035
0 4634 2.96582 23.3201
0 4634 2.96822 23.3368
0 4634 2.97061 23.3535
0 4634 2.973 23.3701
0 4634 2.9754 23.3868
0 4634 2.97779 23.4035
0 4634 2.98019 23.4201
0 4634 2.98258 23.4368
0 4634 2.98497 23.4535
0 4634 2.98737 23.4701
0 4634 2.98976 23.4868
0 4634 2.99215 23.5035
0 4634 2.99455 23.5201
0 4634 2.99694 23.5368
0 4634 2.99933 23.5535
