20702 20717 0.00324346 0.00212765
20702 20717 0.00324346 0.0187941
20702 20717 0.00324346 0.0354605
20701 20717 0.00324346 0.0521269
20701 20717 0.00324346 0.0687933
20701 20717 0.00324346 0.0854597
20701 20717 0.00324346 0.102126
20701 20717 0.00324346 0.118793
20701 20717 0.00324346 0.135459
20701 20717 0.00324346 0.152125
20701 20717 0.00324346 0.168792
20701 20717 0.00324346 0.185458
20699 20717 0.00324346 0.202125
20699 20717 0.00324346 0.218791
20699 20717 0.00324346 0.235457
20699 20717 0.00324346 0.252124
20698 20717 0.00324346 0.26879
20697 20717 0.00324346 0.285457
20697 20717 0.00324346 0.302123
20697 20717 0.00324346 0.318789
20695 20717 0.00324346 0.335456
20695 20717 0.00324346 0.352122
20695 20717 0.00324346 0.368789
20695 20717 0.00324346 0.385455
20694 20717 0.00324346 0.402122
20693 20717 0.00324346 0.418788
20693 20717 0.00324346 0.435454
20693 20717 0.00324346 0.452121
20693 20717 0.00324346 0.468787
20693 20717 0.00324346 0.485454
20693 20717 0.00324346 0.50212
20693 20717 0.00324346 0.518786
20692 20717 0.00324346 0.535453
20691 20717 0.00324346 0.552119
20691 20717 0.00324346 0.568786
20691 20717 0.00324346 0.585452
20691 20717 0.00324346 0.602118
20691 20717 0.00324346 0.618785
20691 20717 0.00324346 0.635451
20691 20717 0.00324346 0.652118
20691 20717 0.00324346 0.668784
20691 20717 0.00324346 0.685451
20691 20717 0.00324346 0.702117
20690 20717 0.00324346 0.718783
20690 20717 0.00324346 0.73545
20689 20717 0.00324346 0.752116
20689 20717 0.00324346 0.768783
20689 20717 0.00324346 0.785449
20689 20717 0.00324346 0.802115
20689 20717 0.00324346 0.818782
20689 20717 0.00324346 0.835448
20688 20717 0.00324346 0.852115
20688 20717 0.00324346 0.868781
20688 20717 0.00324346 0.885448
20688 20717 0.00324346 0.902114
20688 20717 0.00324346 0.91878
20688 20717 0.00324346 0.935447
20688 20717 0.00324346 0.952113
20687 20717 0.00324346 0.96878
20687 20717 0.00324346 0.985446
20687 20717 0.00324346 1.00211
20687 20717 0.00324346 1.01878
20687 20717 0.00324346 1.03545
20687 20717 0.00324346 1.05211
20687 20717 0.00324346 1.06878
20687 20717 0.00324346 1.08544
20687 20717 0.00324346 1.10211
20687 20717 0.00324346 1.11878
20687 20717 0.00324346 1.13544
20687 20717 0.00324346 1.15211
20687 20717 0.00324346 1.16878
20687 20717 0.00324346 1.18544
20687 20717 0.00324346 1.20211
20687 20717 0.00324346 1.21878
20687 20717 0.00324346 1.23544
20687 20717 0.00324346 1.25211
20686 20717 0.00324346 1.26877
20686 20717 0.00324346 1.28544
20686 20717 0.00324346 1.30211
20685 20717 0.00324346 1.31877
20685 20717 0.00324346 1.33544
20685 20717 0.00324346 1.35211
20685 20717 0.00324346 1.36877
20685 20717 0.00324346 1.38544
20685 20717 0.00324346 1.40211
20685 20717 0.00324346 1.41877
20685 20717 0.00324346 1.43544
20685 20717 0.00324346 1.45211
20685 20717 0.00324346 1.46877
20684 20717 0.00324346 1.48544
20684 20717 0.00324346 1.5021
20684 20717 0.00324346 1.51877
20684 20717 0.00324346 1.53544
20684 20717 0.00324346 1.5521
20684 20717 0.00324346 1.56877
20684 20717 0.00324346 1.58544
20684 20717 0.00324346 1.6021
20684 20717 0.00324346 1.61877
20684 20717 0.00324346 1.63544
20684 20717 0.00324346 1.6521
20684 20717 0.00324346 1.66877
20684 20717 0.00324346 1.68544
20684 20717 0.00324346 1.7021
20684 20717 0.00324346 1.71877
20683 20717 0.00324346 1.73543
20683 20717 0.00324346 1.7521
20682 20717 0.00324346 1.76877
20682 20717 0.00324346 1.78543
20682 20717 0.00324346 1.8021
20681 20717 0.00324346 1.81877
20681 20717 0.00324346 1.83543
20681 20717 0.00324346 1.8521
20681 20717 0.00324346 1.86877
20681 20717 0.00324346 1.88543
20681 20717 0.00324346 1.9021
20681 20717 0.00324346 1.91877
20681 20717 0.00324346 1.93543
20681 20717 0.00324346 1.9521
20681 20717 0.00324346 1.96876
20681 20717 0.00324346 1.98543
20681 20717 0.00324346 2.0021
20681 20717 0.00324346 2.01876
20681 20717 0.00324346 2.03543
20681 20717 0.00324346 2.0521
20681 20717 0.00324346 2.06876
20681 20717 0.00324346 2.08543
20681 20717 0.00324346 2.1021
20681 20717 0.00324346 2.11876
20681 20717 0.00324346 2.13543
20681 20717 0.00324346 2.15209
20681 20717 0.00324346 2.16876
20681 20717 0.00648692 2.18543
20681 20717 0.00973038 2.20209
20681 20717 0.0129738 2.21876
20681 20717 0.0162173 2.23543
20681 20717 0.0194607 2.25209
20681 20717 0.0227042 2.26876
20681 20717 0.0259477 2.28543
20681 20717 0.0291911 2.30209
20681 20717 0.0324346 2.31876
20681 20717 0.035678 2.33543
20681 20717 0.0389215 2.35209
20681 20717 0.042165 2.36876
20681 20717 0.0454084 2.38542
20681 20717 0.0486519 2.40209
20681 20717 0.0518953 2.41876
20681 20717 0.0551388 2.43542
20681 20717 0.0583822 2.45209
20681 20717 0.0616257 2.46876
20681 20717 0.0648692 2.48542
20681 20717 0.0681126 2.50209
20681 20717 0.0713561 2.51876
20681 20717 0.0745995 2.53542
20681 20717 0.077843 2.55209
20681 20717 0.0810865 2.56876
20681 20717 0.0843299 2.58542
20681 20717 0.0875734 2.60209
20681 20717 0.0908168 2.61875
20681 20717 0.0940603 2.63542
20681 20717 0.0973038 2.65209
20681 20717 0.100547 2.66875
20681 20717 0.103791 2.68542
20681 20717 0.107034 2.70209
20681 20717 0.110278 2.71875
20681 20717 0.113521 2.73542
20681 20717 0.116765 2.75209
20681 20717 0.120008 2.76875
20681 20717 0.123251 2.78542
20681 20717 0.126495 2.80208
20681 20717 0.129738 2.81875
20681 20717 0.132982 2.83542
20681 20717 0.136225 2.85208
20681 20717 0.139469 2.86875
20681 20717 0.142712 2.88542
20681 20717 0.145956 2.90208
20681 20717 0.149199 2.91875
20681 20717 0.152443 2.93542
20681 20717 0.155686 2.95208
20680 20717 0.15893 2.96875
20680 20717 0.162173 2.98542
20680 20717 0.165416 3.00208
20679 20717 0.16866 3.01875
20678 20717 0.171903 3.03541
20677 20717 0.175147 3.05208
20675 20717 0.17839 3.06875
20672 20717 0.181634 3.08541
20669 20717 0.184877 3.10208
20665 20717 0.188121 3.11875
20659 20717 0.191364 3.13541
20656 20717 0.194608 3.15208
20650 20717 0.197851 3.16875
20638 20717 0.201095 3.18541
20629 20717 0.204338 3.20208
20620 20717 0.207581 3.21875
20608 20717 0.210825 3.23541
20598 20717 0.214068 3.25208
20590 20717 0.217312 3.26874
20581 20717 0.220555 3.28541
20566 20717 0.223799 3.30208
20555 20717 0.227042 3.31874
20546 20717 0.230286 3.33541
20534 20717 0.233529 3.35208
20520 20717 0.236773 3.36874
20507 20717 0.240016 3.38541
20493 20717 0.24326 3.40208
20476 20717 0.246503 3.41874
20460 20717 0.249746 3.43541
20443 20717 0.25299 3.45208
20425 20717 0.256233 3.46874
20415 20717 0.259477 3.48541
20397 20717 0.26272 3.50207
20382 20717 0.265964 3.51874
20367 20717 0.269207 3.53541
20347 20717 0.272451 3.55207
20326 20717 0.275694 3.56874
20312 20717 0.278937 3.58541
20294 20717 0.282181 3.60207
20276 20717 0.285424 3.61874
20257 20717 0.288668 3.63541
20234 20717 0.291911 3.65207
20221 20717 0.295155 3.66874
20199 20717 0.298398 3.6854
20171 20717 0.301642 3.70207
20152 20717 0.304885 3.71874
20130 20717 0.308128 3.7354
20110 20717 0.311372 3.75207
20090 20717 0.314615 3.76874
20069 20717 0.317859 3.7854
20042 20717 0.321102 3.80207
20027 20717 0.324346 3.81874
20002 20717 0.327589 3.8354
19981 20717 0.330833 3.85207
19960 20717 0.334076 3.86874
19943 20717 0.337319 3.8854
19922 20717 0.340563 3.90207
19895 20717 0.343806 3.91873
19876 20717 0.34705 3.9354
19845 20717 0.350293 3.95207
19826 20717 0.353537 3.96873
19805 20717 0.35678 3.9854
19786 20717 0.360024 4.00207
19759 20717 0.363267 4.01873
19739 20717 0.366511 4.0354
19717 20717 0.369754 4.05207
19698 20717 0.372997 4.06873
19674 20717 0.376241 4.0854
19651 20717 0.379484 4.10207
19625 20717 0.382728 4.11873
19601 20717 0.385971 4.1354
19585 20717 0.389215 4.15206
19562 20717 0.392458 4.16873
19533 20717 0.395702 4.1854
19507 20717 0.398945 4.20206
19485 20717 0.402188 4.21873
19468 20717 0.405432 4.2354
19440 20717 0.408675 4.25206
19415 20717 0.411919 4.26873
19388 20717 0.415162 4.2854
19365 20717 0.418406 4.30206
19340 20717 0.421649 4.31873
19316 20717 0.424893 4.33539
19289 20717 0.428136 4.35206
19265 20717 0.431379 4.36873
19245 20717 0.434623 4.38539
19220 20717 0.437866 4.40206
19195 20717 0.44111 4.41873
19162 20717 0.444353 4.43539
19138 20717 0.447597 4.45206
19111 20717 0.45084 4.46873
19083 20717 0.454084 4.48539
19061 20717 0.457327 4.50206
19040 20717 0.46057 4.51873
19014 20717 0.463814 4.53539
18989 20717 0.467057 4.55206
18960 20717 0.470301 4.56872
18939 20717 0.473544 4.58539
18910 20717 0.476788 4.60206
18885 20717 0.480031 4.61872
18854 20717 0.483275 4.63539
18829 20717 0.486518 4.65206
18802 20717 0.489761 4.66872
18776 20717 0.493005 4.68539
18743 20717 0.496248 4.70206
18714 20717 0.499492 4.71872
18698 20717 0.502735 4.73539
18667 20717 0.505979 4.75206
18633 20717 0.509222 4.76872
18605 20717 0.512466 4.78539
18587 20717 0.515709 4.80205
18550 20717 0.518952 4.81872
18525 20717 0.522196 4.83539
18500 20717 0.525439 4.85205
18471 20717 0.528683 4.86872
18437 20717 0.531926 4.88539
18409 20717 0.53517 4.90205
18373 20717 0.538413 4.91872
18348 20717 0.541657 4.93539
18322 20717 0.5449 4.95205
18290 20717 0.548144 4.96872
18267 20717 0.551387 4.98538
18228 20717 0.55463 5.00205
18205 20717 0.557874 5.01872
18171 20717 0.561117 5.03538
18144 20717 0.564361 5.05205
18117 20717 0.567604 5.06872
18085 20717 0.570848 5.08538
18055 20717 0.574091 5.10205
18027 20717 0.577335 5.11872
18006 20717 0.580578 5.13538
17965 20717 0.583821 5.15205
17934 20717 0.587065 5.16872
17910 20717 0.590308 5.18538
17878 20717 0.593552 5.20205
17843 20717 0.596795 5.21871
17819 20717 0.600039 5.23538
17783 20717 0.603282 5.25205
17754 20717 0.606526 5.26871
17724 20717 0.609769 5.28538
17697 20717 0.613012 5.30205
17665 20717 0.616256 5.31871
17632 20717 0.619499 5.33538
17598 20717 0.622743 5.35205
17576 20717 0.625986 5.36871
17539 20717 0.62923 5.38538
17504 20717 0.632473 5.40205
17477 20717 0.635717 5.41871
17443 20717 0.63896 5.43538
17413 20717 0.642203 5.45204
17386 20717 0.645447 5.46871
17351 20717 0.64869 5.48538
17314 20717 0.651934 5.50204
17283 20717 0.655177 5.51871
17254 20717 0.658421 5.53538
17219 20717 0.661664 5.55204
17182 20717 0.664908 5.56871
17157 20717 0.668151 5.58538
17119 20717 0.671394 5.60204
17092 20717 0.674638 5.61871
17061 20717 0.677881 5.63538
17030 20717 0.681125 5.65204
16991 20717 0.684368 5.66871
16958 20717 0.687612 5.68537
16927 20717 0.690855 5.70204
16890 20717 0.694099 5.71871
16853 20717 0.697342 5.73537
16826 20717 0.700585 5.75204
16786 20717 0.703829 5.76871
16760 20717 0.707072 5.78537
16725 20717 0.710316 5.80204
16681 20717 0.713559 5.81871
16650 20717 0.716803 5.83537
16607 20717 0.720046 5.85204
16585 20717 0.72329 5.8687
16548 20717 0.726533 5.88537
16505 20717 0.729777 5.90204
16474 20717 0.73302 5.9187
16436 20717 0.736263 5.93537
16400 20717 0.739507 5.95204
16365 20717 0.74275 5.9687
16332 20717 0.745994 5.98537
16296 20717 0.749237 6.00204
16252 20717 0.752481 6.0187
16223 20717 0.755724 6.03537
16186 20717 0.758968 6.05204
16146 20717 0.762211 6.0687
16116 20717 0.765454 6.08537
16081 20717 0.768698 6.10203
16043 20717 0.771941 6.1187
15995 20717 0.775185 6.13537
15963 20717 0.778428 6.15203
15928 20717 0.781672 6.1687
15892 20717 0.784915 6.18537
15851 20717 0.788159 6.20203
15804 20717 0.791402 6.2187
15771 20717 0.794645 6.23537
15732 20717 0.797889 6.25203
15694 20717 0.801132 6.2687
15658 20717 0.804376 6.28537
15621 20717 0.807619 6.30203
15584 20717 0.810863 6.3187
15539 20717 0.814106 6.33536
15492 20717 0.81735 6.35203
15468 20717 0.820593 6.3687
15425 20717 0.823836 6.38536
15379 20717 0.82708 6.40203
15343 20717 0.830323 6.4187
15304 20717 0.833567 6.43536
15260 20717 0.83681 6.45203
15225 20717 0.840054 6.4687
15179 20717 0.843297 6.48536
15142 20717 0.846541 6.50203
15099 20717 0.849784 6.51869
15057 20717 0.853027 6.53536
15015 20717 0.856271 6.55203
14976 20717 0.859514 6.56869
14938 20717 0.862758 6.58536
14895 20717 0.866001 6.60203
14855 20717 0.869245 6.61869
14817 20717 0.872488 6.63536
14775 20717 0.875732 6.65203
14740 20717 0.878975 6.66869
14696 20717 0.882218 6.68536
14655 20717 0.885462 6.70203
14612 20717 0.888705 6.71869
14571 20717 0.891949 6.73536
14531 20717 0.895192 6.75202
14481 20717 0.898436 6.76869
14442 20717 0.901679 6.78536
14396 20717 0.904923 6.80202
14362 20717 0.908166 6.81869
14314 20717 0.911409 6.83536
14278 20717 0.914653 6.85202
14224 20717 0.917896 6.86869
14181 20717 0.92114 6.88536
14139 20717 0.924383 6.90202
14102 20717 0.927627 6.91869
14053 20717 0.93087 6.93536
14011 20717 0.934114 6.95202
13969 20717 0.937357 6.96869
13931 20717 0.940601 6.98535
13887 20717 0.943844 7.00202
13834 20717 0.947087 7.01869
13792 20717 0.950331 7.03535
13747 20717 0.953574 7.05202
13697 20717 0.956818 7.06869
13666 20717 0.960061 7.08535
13607 20717 0.963305 7.10202
13564 20717 0.966548 7.11869
13526 20717 0.969792 7.13535
13483 20717 0.973035 7.15202
13424 20717 0.976278 7.16868
13382 20717 0.979522 7.18535
13346 20717 0.982765 7.20202
13293 20717 0.986009 7.21868
13247 20717 0.989252 7.23535
13198 20717 0.992496 7.25202
13158 20717 0.995739 7.26868
13110 20717 0.998983 7.28535
13056 20717 1.00223 7.30202
13010 20717 1.00547 7.31868
12959 20717 1.00871 7.33535
12915 20717 1.01196 7.35202
12869 20717 1.0152 7.36868
12822 20717 1.01844 7.38535
12773 20717 1.02169 7.40201
12724 20717 1.02493 7.41868
12673 20717 1.02817 7.43535
12627 20717 1.03142 7.45201
12574 20717 1.03466 7.46868
12523 20717 1.0379 7.48535
12476 20717 1.04115 7.50201
12424 20717 1.04439 7.51868
12381 20717 1.04763 7.53535
12321 20717 1.05088 7.55201
12273 20717 1.05412 7.56868
12231 20717 1.05736 7.58535
12178 20717 1.06061 7.60201
12121 20717 1.06385 7.61868
12071 20717 1.06709 7.63534
12017 20717 1.07034 7.65201
11966 20717 1.07358 7.66868
11919 20717 1.07683 7.68534
11863 20717 1.08007 7.70201
11811 20717 1.08331 7.71868
11757 20717 1.08656 7.73534
11712 20717 1.0898 7.75201
11667 20717 1.09304 7.76868
11606 20717 1.09629 7.78534
11561 20717 1.09953 7.80201
11505 20717 1.10277 7.81868
11449 20717 1.10602 7.83534
11396 20717 1.10926 7.85201
11344 20717 1.1125 7.86867
11291 20717 1.11575 7.88534
11233 20717 1.11899 7.90201
11187 20717 1.12223 7.91867
11132 20717 1.12548 7.93534
11076 20717 1.12872 7.95201
11025 20717 1.13196 7.96867
10974 20717 1.13521 7.98534
10917 20717 1.13845 8.00201
10865 20717 1.14169 8.01867
10813 20717 1.14494 8.03534
10764 20717 1.14818 8.052
10698 20717 1.15142 8.06867
10659 20717 1.15467 8.08534
10601 20717 1.15791 8.102
10547 20717 1.16115 8.11867
10491 20717 1.1644 8.13534
10444 20717 1.16764 8.152
10389 20717 1.17089 8.16867
10329 20717 1.17413 8.18534
10278 20717 1.17737 8.202
10218 20717 1.18062 8.21867
10169 20717 1.18386 8.23534
10109 20717 1.1871 8.252
10053 20717 1.19035 8.26867
10001 20717 1.19359 8.28533
9939 20717 1.19683 8.302
9889 20717 1.20008 8.31867
9827 20717 1.20332 8.33533
9771 20717 1.20656 8.352
9723 20717 1.20981 8.36867
9666 20717 1.21305 8.38533
9602 20717 1.21629 8.402
9551 20717 1.21954 8.41867
9492 20717 1.22278 8.43533
9439 20717 1.22602 8.452
9387 20717 1.22927 8.46867
9325 20717 1.23251 8.48533
9271 20717 1.23575 8.502
9213 20717 1.239 8.51866
9157 20717 1.24224 8.53533
9100 20717 1.24548 8.552
9042 20717 1.24873 8.56866
8976 20717 1.25197 8.58533
8927 20717 1.25521 8.602
8866 20717 1.25846 8.61866
8813 20717 1.2617 8.63533
8750 20717 1.26495 8.652
8693 20717 1.26819 8.66866
8631 20717 1.27143 8.68533
8586 20717 1.27468 8.70199
8521 20717 1.27792 8.71866
8476 20717 1.28116 8.73533
8420 20717 1.28441 8.75199
8363 20717 1.28765 8.76866
8295 20717 1.29089 8.78533
8240 20717 1.29414 8.80199
8190 20717 1.29738 8.81866
8146 20717 1.30062 8.83533
8084 20717 1.30387 8.85199
8028 20717 1.30711 8.86866
7967 20717 1.31035 8.88533
7915 20717 1.3136 8.90199
7865 20717 1.31684 8.91866
7809 20717 1.32008 8.93532
7747 20717 1.32333 8.95199
7690 20717 1.32657 8.96866
7648 20717 1.32981 8.98532
7587 20717 1.33306 9.00199
7534 20717 1.3363 9.01866
7479 20717 1.33954 9.03532
7421 20717 1.34279 9.05199
7372 20717 1.34603 9.06866
7321 20717 1.34927 9.08532
7261 20717 1.35252 9.10199
7207 20717 1.35576 9.11866
7156 20717 1.35901 9.13532
7101 20717 1.36225 9.15199
7054 20717 1.36549 9.16865
6988 20717 1.36874 9.18532
6951 20717 1.37198 9.20199
6890 20717 1.37522 9.21865
6837 20717 1.37847 9.23532
6783 20717 1.38171 9.25199
6737 20717 1.38495 9.26865
6684 20717 1.3882 9.28532
6634 20717 1.39144 9.30199
6575 20717 1.39468 9.31865
6524 20717 1.39793 9.33532
6482 20717 1.40117 9.35198
6422 20717 1.40441 9.36865
6367 20717 1.40766 9.38532
6315 20717 1.4109 9.40198
6266 20717 1.41414 9.41865
6216 20717 1.41739 9.43532
6174 20717 1.42063 9.45198
6121 20717 1.42387 9.46865
6070 20717 1.42712 9.48532
6009 20717 1.43036 9.50198
5963 20717 1.4336 9.51865
5920 20717 1.43685 9.53532
5862 20717 1.44009 9.55198
5816 20717 1.44333 9.56865
5764 20717 1.44658 9.58531
5710 20717 1.44982 9.60198
5664 20717 1.45307 9.61865
5609 20717 1.45631 9.63531
5560 20717 1.45955 9.65198
5515 20717 1.4628 9.66865
5463 20717 1.46604 9.68531
5417 20717 1.46928 9.70198
5371 20717 1.47253 9.71865
5323 20717 1.47577 9.73531
5264 20717 1.47901 9.75198
5223 20717 1.48226 9.76865
5165 20717 1.4855 9.78531
5123 20717 1.48874 9.80198
5069 20717 1.49199 9.81864
5024 20717 1.49523 9.83531
4982 20717 1.49847 9.85198
4921 20717 1.50172 9.86864
4884 20717 1.50496 9.88531
4833 20717 1.5082 9.90198
4783 20717 1.51145 9.91864
4735 20717 1.51469 9.93531
4690 20717 1.51793 9.95198
4645 20717 1.52118 9.96864
4594 20717 1.52442 9.98531
4542 20717 1.52766 10.002
4495 20717 1.53091 10.0186
4448 20717 1.53415 10.0353
4396 20717 1.53739 10.052
4355 20717 1.54064 10.0686
4315 20717 1.54388 10.0853
4263 20717 1.54712 10.102
4218 20717 1.55037 10.1186
4169 20717 1.55361 10.1353
4123 20717 1.55686 10.152
4077 20717 1.5601 10.1686
4031 20717 1.56334 10.1853
3988 20717 1.56659 10.202
3935 20717 1.56983 10.2186
3898 20717 1.57307 10.2353
3852 20717 1.57632 10.252
3800 20717 1.57956 10.2686
3754 20717 1.5828 10.2853
3701 20717 1.58605 10.302
3663 20717 1.58929 10.3186
3618 20717 1.59253 10.3353
3576 20717 1.59578 10.352
3530 20717 1.59902 10.3686
3481 20717 1.60226 10.3853
3437 20717 1.60551 10.402
3392 20717 1.60875 10.4186
3349 20717 1.61199 10.4353
3301 20717 1.61524 10.452
3263 20717 1.61848 10.4686
3214 20717 1.62172 10.4853
3176 20717 1.62497 10.502
3131 20717 1.62821 10.5186
3084 20717 1.63145 10.5353
3042 20717 1.6347 10.552
2992 20717 1.63794 10.5686
2955 20717 1.64118 10.5853
2910 20717 1.64443 10.602
2865 20717 1.64767 10.6186
2823 20717 1.65092 10.6353
2775 20717 1.65416 10.652
2737 20717 1.6574 10.6686
2696 20717 1.66065 10.6853
2653 20717 1.66389 10.702
2616 20717 1.66713 10.7186
2572 20717 1.67038 10.7353
2532 20717 1.67362 10.752
2486 20717 1.67686 10.7686
2444 20717 1.68011 10.7853
2410 20717 1.68335 10.802
2366 20717 1.68659 10.8186
2327 20717 1.68984 10.8353
2285 20717 1.69308 10.852
2246 20717 1.69632 10.8686
2204 20717 1.69957 10.8853
2163 20717 1.70281 10.902
2131 20717 1.70605 10.9186
2088 20717 1.7093 10.9353
2053 20717 1.71254 10.952
2010 20717 1.71578 10.9686
1972 20717 1.71903 10.9853
1934 20717 1.72227 11.002
1899 20717 1.72551 11.0186
1855 20717 1.72876 11.0353
1818 20717 1.732 11.052
1777 20717 1.73524 11.0686
1746 20717 1.73849 11.0853
1707 20717 1.74173 11.102
1667 20717 1.74498 11.1186
1633 20717 1.74822 11.1353
1598 20717 1.75146 11.152
1559 20717 1.75471 11.1686
1527 20717 1.75795 11.1853
1489 20717 1.76119 11.202
1459 20717 1.76444 11.2186
1422 20717 1.76768 11.2353
1393 20717 1.77092 11.252
1361 20717 1.77417 11.2686
1334 20717 1.77741 11.2853
1300 20717 1.78065 11.302
1273 20717 1.7839 11.3186
1236 20717 1.78714 11.3353
1206 20717 1.79038 11.352
1181 20717 1.79363 11.3686
1155 20717 1.79687 11.3853
1122 20717 1.80011 11.402
1097 20717 1.80336 11.4186
1074 20717 1.8066 11.4353
1051 20717 1.80984 11.452
1023 20717 1.81309 11.4686
997 20717 1.81633 11.4853
974 20717 1.81957 11.502
946 20717 1.82282 11.5186
931 20717 1.82606 11.5353
904 20717 1.8293 11.552
881 20717 1.83255 11.5686
860 20717 1.83579 11.5853
838 20717 1.83904 11.602
819 20717 1.84228 11.6186
798 20717 1.84552 11.6353
782 20717 1.84877 11.6519
757 20717 1.85201 11.6686
737 20717 1.85525 11.6853
718 20717 1.8585 11.7019
702 20717 1.86174 11.7186
681 20717 1.86498 11.7353
662 20717 1.86823 11.7519
645 20717 1.87147 11.7686
625 20717 1.87471 11.7853
608 20717 1.87796 11.8019
588 20717 1.8812 11.8186
570 20717 1.88444 11.8353
555 20717 1.88769 11.8519
537 20717 1.89093 11.8686
517 20717 1.89417 11.8853
502 20717 1.89742 11.9019
485 20717 1.90066 11.9186
466 20717 1.9039 11.9353
450 20717 1.90715 11.9519
431 20717 1.91039 11.9686
416 20717 1.91363 11.9853
399 20717 1.91688 12.0019
384 20717 1.92012 12.0186
369 20717 1.92336 12.0353
352 20717 1.92661 12.0519
337 20717 1.92985 12.0686
321 20717 1.9331 12.0853
307 20717 1.93634 12.1019
295 20717 1.93958 12.1186
277 20717 1.94283 12.1353
268 20717 1.94607 12.1519
255 20717 1.94931 12.1686
242 20717 1.95256 12.1853
228 20717 1.9558 12.2019
216 20717 1.95904 12.2186
206 20717 1.96229 12.2353
195 20717 1.96553 12.2519
185 20717 1.96877 12.2686
175 20717 1.97202 12.2853
163 20717 1.97526 12.3019
154 20717 1.9785 12.3186
143 20717 1.98175 12.3353
134 20717 1.98499 12.3519
123 20717 1.98823 12.3686
113 20717 1.99148 12.3853
103 20717 1.99472 12.4019
94 20717 1.99796 12.4186
87 20717 2.00121 12.4353
79 20717 2.00445 12.4519
72 20717 2.00769 12.4686
66 20717 2.01094 12.4853
59 20717 2.01418 12.5019
53 20717 2.01742 12.5186
47 20717 2.02067 12.5353
41 20717 2.02391 12.5519
38 20717 2.02716 12.5686
31 20717 2.0304 12.5853
28 20717 2.03364 12.6019
21 20717 2.03689 12.6186
18 20717 2.04013 12.6353
13 20717 2.04337 12.6519
12 20717 2.04662 12.6686
8 20717 2.04986 12.6853
6 20717 2.0531 12.7019
5 20717 2.05635 12.7186
3 20717 2.05959 12.7353
2 20717 2.06283 12.7519
0 20717 2.06608 12.7686
0 20717 2.06932 12.7853
0 20717 2.07256 12.8019
0 20717 2.07581 12.8186
0 20717 2.07905 12.8353
0 20717 2.08229 12.8519
0 20717 2.08554 12.8686
0 20717 2.08878 12.8853
0 20717 2.09202 12.9019
0 20717 2.09527 12.9186
0 20717 2.09851 12.9353
0 20717 2.10175 12.9519
0 20717 2.105 12.9686
0 20717 2.10824 12.9853
0 20717 2.11148 13.0019
0 20717 2.11473 13.0186
0 20717 2.11797 13.0353
0 20717 2.12122 13.0519
0 20717 2.12446 13.0686
0 20717 2.1277 13.0853
0 20717 2.13095 13.1019
0 20717 2.13419 13.1186
0 20717 2.13743 13.1353
0 20717 2.14068 13.1519
0 20717 2.14392 13.1686
0 20717 2.14716 13.1853
0 20717 2.15041 13.2019
0 20717 2.15365 13.2186
0 20717 2.15689 13.2353
0 20717 2.16014 13.2519
0 20717 2.16338 13.2686
0 20717 2.16662 13.2853
0 20717 2.16987 13.3019
0 20717 2.17311 13.3186
0 20717 2.17635 13.3353
0 20717 2.1796 13.3519
0 20717 2.18284 13.3686
0 20717 2.18608 13.3853
0 20717 2.18933 13.4019
0 20717 2.19257 13.4186
0 20717 2.19581 13.4353
0 20717 2.19906 13.4519
0 20717 2.2023 13.4686
0 20717 2.20554 13.4853
0 20717 2.20879 13.5019
0 20717 2.21203 13.5186
0 20717 2.21528 13.5353
0 20717 2.21852 13.5519
0 20717 2.22176 13.5686
0 20717 2.22501 13.5853
0 20717 2.22825 13.6019
0 20717 2.23149 13.6186
0 20717 2.23474 13.6353
0 20717 2.23798 13.6519
0 20717 2.24122 13.6686
0 20717 2.24447 13.6853
0 20717 2.24771 13.7019
0 20717 2.25095 13.7186
0 20717 2.2542 13.7353
0 20717 2.25744 13.7519
0 20717 2.26068 13.7686
0 20717 2.26393 13.7853
0 20717 2.26717 13.8019
0 20717 2.27041 13.8186
0 20717 2.27366 13.8352
0 20717 2.2769 13.8519
0 20717 2.28014 13.8686
0 20717 2.28339 13.8852
0 20717 2.28663 13.9019
0 20717 2.28987 13.9186
0 20717 2.29312 13.9352
0 20717 2.29636 13.9519
0 20717 2.2996 13.9686
0 20717 2.30285 13.9852
0 20717 2.30609 14.0019
0 20717 2.30933 14.0186
0 20717 2.31258 14.0352
0 20717 2.31582 14.0519
0 20717 2.31907 14.0686
0 20717 2.32231 14.0852
0 20717 2.32555 14.1019
0 20717 2.3288 14.1186
0 20717 2.33204 14.1352
0 20717 2.33528 14.1519
0 20717 2.33853 14.1686
0 20717 2.34177 14.1852
0 20717 2.34501 14.2019
0 20717 2.34826 14.2186
0 20717 2.3515 14.2352
0 20717 2.35474 14.2519
0 20717 2.35799 14.2686
0 20717 2.36123 14.2852
0 20717 2.36447 14.3019
0 20717 2.36772 14.3186
0 20717 2.37096 14.3352
0 20717 2.3742 14.3519
0 20717 2.37745 14.3686
0 20717 2.38069 14.3852
0 20717 2.38393 14.4019
0 20717 2.38718 14.4186
0 20717 2.39042 14.4352
0 20717 2.39366 14.4519
0 20717 2.39691 14.4686
0 20717 2.40015 14.4852
0 20717 2.40339 14.5019
0 20717 2.40664 14.5186
0 20717 2.40988 14.5352
0 20717 2.41313 14.5519
0 20717 2.41637 14.5686
0 20717 2.41961 14.5852
0 20717 2.42286 14.6019
0 20717 2.4261 14.6186
0 20717 2.42934 14.6352
0 20717 2.43259 14.6519
0 20717 2.43583 14.6686
0 20717 2.43907 14.6852
0 20717 2.44232 14.7019
0 20717 2.44556 14.7186
0 20717 2.4488 14.7352
0 20717 2.45205 14.7519
0 20717 2.45529 14.7686
0 20717 2.45853 14.7852
0 20717 2.46178 14.8019
0 20717 2.46502 14.8186
0 20717 2.46826 14.8352
0 20717 2.47151 14.8519
0 20717 2.47475 14.8686
0 20717 2.47799 14.8852
0 20717 2.48124 14.9019
0 20717 2.48448 14.9186
0 20717 2.48772 14.9352
0 20717 2.49097 14.9519
0 20717 2.49421 14.9686
0 20717 2.49745 14.9852
0 20717 2.5007 15.0019
0 20717 2.50394 15.0186
0 20717 2.50719 15.0352
0 20717 2.51043 15.0519
0 20717 2.51367 15.0686
0 20717 2.51692 15.0852
0 20717 2.52016 15.1019
0 20717 2.5234 15.1186
0 20717 2.52665 15.1352
0 20717 2.52989 15.1519
0 20717 2.53313 15.1686
0 20717 2.53638 15.1852
0 20717 2.53962 15.2019
0 20717 2.54286 15.2186
0 20717 2.54611 15.2352
0 20717 2.54935 15.2519
0 20717 2.55259 15.2686
0 20717 2.55584 15.2852
0 20717 2.55908 15.3019
0 20717 2.56232 15.3186
0 20717 2.56557 15.3352
0 20717 2.56881 15.3519
0 20717 2.57205 15.3686
0 20717 2.5753 15.3852
0 20717 2.57854 15.4019
0 20717 2.58178 15.4186
0 20717 2.58503 15.4352
0 20717 2.58827 15.4519
0 20717 2.59151 15.4686
0 20717 2.59476 15.4852
0 20717 2.598 15.5019
0 20717 2.60125 15.5186
0 20717 2.60449 15.5352
0 20717 2.60773 15.5519
0 20717 2.61098 15.5686
0 20717 2.61422 15.5852
0 20717 2.61746 15.6019
0 20717 2.62071 15.6186
0 20717 2.62395 15.6352
0 20717 2.62719 15.6519
0 20717 2.63044 15.6686
0 20717 2.63368 15.6852
0 20717 2.63692 15.7019
0 20717 2.64017 15.7186
0 20717 2.64341 15.7352
0 20717 2.64665 15.7519
0 20717 2.6499 15.7686
0 20717 2.65314 15.7852
0 20717 2.65638 15.8019
0 20717 2.65963 15.8186
0 20717 2.66287 15.8352
0 20717 2.66611 15.8519
0 20717 2.66936 15.8686
0 20717 2.6726 15.8852
0 20717 2.67584 15.9019
0 20717 2.67909 15.9186
0 20717 2.68233 15.9352
0 20717 2.68557 15.9519
0 20717 2.68882 15.9686
0 20717 2.69206 15.9852
0 20717 2.69531 16.0019
0 20717 2.69855 16.0186
0 20717 2.70179 16.0352
0 20717 2.70504 16.0519
0 20717 2.70828 16.0686
0 20717 2.71152 16.0852
0 20717 2.71477 16.1019
0 20717 2.71801 16.1185
0 20717 2.72125 16.1352
0 20717 2.7245 16.1519
0 20717 2.72774 16.1685
0 20717 2.73098 16.1852
0 20717 2.73423 16.2019
0 20717 2.73747 16.2185
0 20717 2.74071 16.2352
0 20717 2.74396 16.2519
0 20717 2.7472 16.2685
0 20717 2.75044 16.2852
0 20717 2.75369 16.3019
0 20717 2.75693 16.3185
0 20717 2.76017 16.3352
0 20717 2.76342 16.3519
0 20717 2.76666 16.3685
0 20717 2.7699 16.3852
0 20717 2.77315 16.4019
0 20717 2.77639 16.4185
0 20717 2.77963 16.4352
0 20717 2.78288 16.4519
0 20717 2.78612 16.4685
0 20717 2.78937 16.4852
0 20717 2.79261 16.5019
0 20717 2.79585 16.5185
0 20717 2.7991 16.5352
0 20717 2.80234 16.5519
0 20717 2.80558 16.5685
0 20717 2.80883 16.5852
0 20717 2.81207 16.6019
0 20717 2.81531 16.6185
0 20717 2.81856 16.6352
0 20717 2.8218 16.6519
0 20717 2.82504 16.6685
0 20717 2.82829 16.6852
0 20717 2.83153 16.7019
0 20717 2.83477 16.7185
0 20717 2.83802 16.7352
0 20717 2.84126 16.7519
0 20717 2.8445 16.7685
0 20717 2.84775 16.7852
0 20717 2.85099 16.8019
0 20717 2.85423 16.8185
0 20717 2.85748 16.8352
0 20717 2.86072 16.8519
0 20717 2.86396 16.8685
0 20717 2.86721 16.8852
0 20717 2.87045 16.9019
0 20717 2.87369 16.9185
0 20717 2.87694 16.9352
0 20717 2.88018 16.9519
0 20717 2.88342 16.9685
0 20717 2.88667 16.9852
0 20717 2.88991 17.0019
0 20717 2.89316 17.0185
0 20717 2.8964 17.0352
0 20717 2.89964 17.0519
0 20717 2.90289 17.0685
0 20717 2.90613 17.0852
0 20717 2.90937 17.1019
0 20717 2.91262 17.1185
0 20717 2.91586 17.1352
0 20717 2.9191 17.1519
0 20717 2.92235 17.1685
0 20717 2.92559 17.1852
0 20717 2.92883 17.2019
0 20717 2.93208 17.2185
0 20717 2.93532 17.2352
0 20717 2.93856 17.2519
0 20717 2.94181 17.2685
0 20717 2.94505 17.2852
0 20717 2.94829 17.3019
0 20717 2.95154 17.3185
0 20717 2.95478 17.3352
0 20717 2.95802 17.3519
0 20717 2.96127 17.3685
0 20717 2.96451 17.3852
0 20717 2.96775 17.4019
0 20717 2.971 17.4185
0 20717 2.97424 17.4352
0 20717 2.97748 17.4519
0 20717 2.98073 17.4685
0 20717 2.98397 17.4852
0 20717 2.98722 17.5019
0 20717 2.99046 17.5185
0 20717 2.9937 17.5352
0 20717 2.99695 17.5519
