inside_count	theta (degrees)	time (s)
38658	0.0286479	0.0162888
38658	0.0572957	0.0329552
38658	0.0859435	0.0496216
38658	0.114591	0.066288
38658	0.143239	0.0829544
38657	0.171887	0.0996208
38656	0.200535	0.116287
38656	0.229183	0.132954
38656	0.257831	0.14962
38656	0.286479	0.166286
38655	0.315126	0.182953
38654	0.343774	0.199619
38653	0.372422	0.216286
38653	0.40107	0.232952
38653	0.429718	0.249619
38653	0.458366	0.266285
38653	0.487013	0.282951
38652	0.515661	0.299618
38652	0.544309	0.316284
38652	0.572957	0.332951
38652	0.601605	0.349617
38651	0.630253	0.366283
38651	0.658901	0.38295
38651	0.687548	0.399616
38651	0.716196	0.416283
38651	0.744844	0.432949
38651	0.773492	0.449615
38651	0.80214	0.466282
38651	0.830788	0.482948
38650	0.859436	0.499615
38649	0.888083	0.516281
38649	0.916731	0.532948
38649	0.945379	0.549614
38649	0.974027	0.56628
38648	1.00267	0.582947
38648	1.03132	0.599613
38648	1.05997	0.61628
38648	1.08862	0.632946
38648	1.11727	0.649612
38648	1.14591	0.666279
38648	1.17456	0.682945
38648	1.20321	0.699612
38648	1.23186	0.716278
38647	1.2605	0.732944
38647	1.28915	0.749611
38647	1.3178	0.766277
38647	1.34645	0.782944
38646	1.3751	0.79961
38645	1.40374	0.816277
38644	1.43239	0.832943
38644	1.46104	0.849609
38644	1.48969	0.866276
38644	1.51834	0.882942
38644	1.54698	0.899609
38644	1.57563	0.916275
38644	1.60428	0.932941
38643	1.63293	0.949608
38643	1.66157	0.966274
38643	1.69022	0.982941
38643	1.71887	0.999607
38643	1.74752	1.01627
38643	1.77617	1.03294
38643	1.80481	1.04961
38642	1.83346	1.06627
38640	1.86211	1.08294
38639	1.89076	1.09961
38639	1.9194	1.11627
38638	1.94805	1.13294
38638	1.9767	1.1496
38638	2.00535	1.16627
38638	2.034	1.18294
38638	2.06264	1.1996
38638	2.09129	1.21627
38637	2.11994	1.23294
38637	2.14859	1.2496
38637	2.17724	1.26627
38637	2.20588	1.28294
38636	2.23453	1.2996
38635	2.26318	1.31627
38635	2.29183	1.33294
38635	2.32048	1.3496
38635	2.34912	1.36627
38635	2.37777	1.38293
38635	2.40642	1.3996
38635	2.43507	1.41627
38635	2.46372	1.43293
38634	2.49236	1.4496
38633	2.52101	1.46627
38633	2.54966	1.48293
38633	2.57831	1.4996
38633	2.60695	1.51627
38633	2.6356	1.53293
38633	2.66425	1.5496
38633	2.6929	1.56627
38633	2.72155	1.58293
38633	2.75019	1.5996
38633	2.77884	1.61626
38633	2.80749	1.63293
38632	2.83614	1.6496
38632	2.86479	1.66626
38631	2.89343	1.68293
38628	2.92208	1.6996
38628	2.95073	1.71626
38628	2.97938	1.73293
38628	3.00803	1.7496
38628	3.03667	1.76626
38628	3.06532	1.78293
38628	3.09397	1.79959
38628	3.12262	1.81626
38628	3.15126	1.83293
38628	3.17991	1.84959
38628	3.20856	1.86626
38628	3.23721	1.88293
38628	3.26586	1.89959
38628	3.2945	1.91626
38628	3.32315	1.93293
38628	3.3518	1.94959
38628	3.38045	1.96626
38628	3.4091	1.98293
38628	3.43774	1.99959
38628	3.46639	2.01626
38628	3.49504	2.03292
38628	3.52369	2.04959
38628	3.55234	2.06626
38628	3.58098	2.08292
38628	3.60963	2.09959
38628	3.63828	2.11626
38628	3.66693	2.13292
38628	3.69557	2.14959
38628	3.72422	2.16626
38628	3.75287	2.18292
38628	3.78152	2.19959
38628	3.81017	2.21626
38628	3.83881	2.23292
38628	3.86746	2.24959
38627	3.89611	2.26625
38627	3.92476	2.28292
38627	3.95341	2.29959
38627	3.98205	2.31625
38627	4.0107	2.33292
38627	4.03935	2.34959
38627	4.068	2.36625
38627	4.09665	2.38292
38627	4.12529	2.39959
38627	4.15394	2.41625
38627	4.18259	2.43292
38627	4.21124	2.44958
38627	4.23989	2.46625
38627	4.26853	2.48292
38627	4.29718	2.49958
38626	4.32583	2.51625
38626	4.35448	2.53292
38626	4.38312	2.54958
38626	4.41177	2.56625
38626	4.44042	2.58292
38626	4.46907	2.59958
38626	4.49772	2.61625
38626	4.52636	2.63292
38626	4.55501	2.64958
38626	4.58366	2.66625
38626	4.61231	2.68291
38626	4.64096	2.69958
38626	4.6696	2.71625
38626	4.69825	2.73291
38626	4.7269	2.74958
38626	4.75555	2.76625
38626	4.7842	2.78291
38626	4.81284	2.79958
38626	4.84149	2.81625
38626	4.87014	2.83291
38626	4.89879	2.84958
38626	4.92743	2.86625
38626	4.95608	2.88291
38626	4.98473	2.89958
38626	5.01338	2.91624
38626	5.04203	2.93291
38624	5.07067	2.94958
38623	5.09932	2.96624
38623	5.12797	2.98291
38623	5.15662	2.99958
38623	5.18527	3.01624
38623	5.21391	3.03291
38623	5.24256	3.04958
38623	5.27121	3.06624
38623	5.29986	3.08291
38621	5.32851	3.09958
38621	5.35715	3.11624
38621	5.3858	3.13291
38621	5.41445	3.14957
38621	5.4431	3.16624
38621	5.47175	3.18291
38621	5.50039	3.19957
38621	5.52904	3.21624
38621	5.55769	3.23291
38621	5.58634	3.24957
38621	5.61498	3.26624
38621	5.64363	3.28291
38621	5.67228	3.29957
38621	5.70093	3.31624
38621	5.72958	3.3329
38621	5.75822	3.34957
38621	5.78687	3.36624
38621	5.81552	3.3829
38621	5.84417	3.39957
38621	5.87282	3.41624
38621	5.90146	3.4329
38621	5.93011	3.44957
38621	5.95876	3.46624
38621	5.98741	3.4829
38621	6.01606	3.49957
38621	6.0447	3.51624
38621	6.07335	3.5329
38621	6.102	3.54957
38621	6.13065	3.56623
38621	6.1593	3.5829
38621	6.18794	3.59957
38621	6.21659	3.61623
38620	6.24524	3.6329
38620	6.27389	3.64957
38620	6.30253	3.66623
38620	6.33118	3.6829
38620	6.35983	3.69957
38620	6.38848	3.71623
38620	6.41713	3.7329
38620	6.44577	3.74957
38620	6.47442	3.76623
38620	6.50307	3.7829
38620	6.53172	3.79956
38620	6.56037	3.81623
38620	6.58901	3.8329
38620	6.61766	3.84956
38620	6.64631	3.86623
38620	6.67496	3.8829
38620	6.70361	3.89956
38620	6.73225	3.91623
38620	6.7609	3.9329
38620	6.78955	3.94956
38620	6.8182	3.96623
38620	6.84685	3.98289
38620	6.87549	3.99956
38620	6.90414	4.01623
38620	6.93279	4.03289
38620	6.96144	4.04956
38620	6.99008	4.06623
38620	7.01873	4.08289
38620	7.04738	4.09956
38620	7.07603	4.11623
38620	7.10468	4.13289
38620	7.13332	4.14956
38620	7.16197	4.16623
38620	7.19062	4.18289
38620	7.21927	4.19956
38620	7.24791	4.21622
38620	7.27656	4.23289
38620	7.30521	4.24956
38620	7.33386	4.26622
38620	7.3625	4.28289
38620	7.39115	4.29956
38620	7.4198	4.31622
38620	7.44845	4.33289
38620	7.47709	4.34956
38620	7.50574	4.36622
38620	7.53439	4.38289
38620	7.56304	4.39956
38620	7.59168	4.41622
38620	7.62033	4.43289
38620	7.64898	4.44955
38620	7.67763	4.46622
38620	7.70627	4.48289
38620	7.73492	4.49955
38620	7.76357	4.51622
38620	7.79222	4.53289
38620	7.82086	4.54955
38620	7.84951	4.56622
38620	7.87816	4.58289
38620	7.90681	4.59955
38620	7.93545	4.61622
38620	7.9641	4.63288
38620	7.9641	4.64955
38620	7.9641	4.66622
38620	7.9641	4.68288
38620	7.9641	4.69955
38620	7.9641	4.71622
38620	7.9641	4.73288
38620	7.9641	4.74955
38620	7.9641	4.76622
38620	7.9641	4.78288
38620	7.9641	4.79955
38620	7.9641	4.81622
38620	7.9641	4.83288
38620	7.9641	4.84955
38620	7.9641	4.86621
38620	7.9641	4.88288
38620	7.9641	4.89955
38620	7.9641	4.91621
38620	7.9641	4.93288
38620	7.9641	4.94955
38620	7.9641	4.96621
38620	7.9641	4.98288
38620	7.9641	4.99955
38620	7.9641	5.01621
38619	7.9641	5.03288
38609	7.9641	5.04955
38603	7.9641	5.06621
38597	7.9641	5.08288
38593	7.9641	5.09954
38592	7.9641	5.11621
38587	7.9641	5.13288
38584	7.9641	5.14954
38576	7.9641	5.16621
38570	7.9641	5.18288
38564	7.9641	5.19954
38559	7.9641	5.21621
38556	7.9641	5.23288
38549	7.9641	5.24954
38540	7.9641	5.26621
38531	7.9641	5.28288
38523	7.9641	5.29954
38517	7.9641	5.31621
38512	7.9641	5.33287
38504	7.9641	5.34954
38499	7.9641	5.36621
38493	7.9641	5.38287
38485	7.9641	5.39954
38477	7.9641	5.41621
38465	7.9641	5.43287
38458	7.9641	5.44954
38447	7.9641	5.46621
38436	7.9641	5.48287
38425	7.9641	5.49954
38416	7.9641	5.5162
38405	7.9641	5.53287
38394	7.9641	5.54954
38383	7.9641	5.5662
38370	7.9641	5.58287
38356	7.9641	5.59954
38345	7.9641	5.6162
38335	7.9641	5.63287
38325	7.9641	5.64954
38312	7.9641	5.6662
38300	7.9641	5.68287
38285	7.9641	5.69954
38274	7.9641	5.7162
38258	7.9641	5.73287
38242	7.9641	5.74953
38227	7.9641	5.7662
38216	7.9641	5.78287
38198	7.9641	5.79953
38182	7.9641	5.8162
38166	7.9641	5.83287
38152	7.9641	5.84953
38136	7.9641	5.8662
38118	7.9641	5.88287
38098	7.9641	5.89953
38081	7.9641	5.9162
38066	7.9641	5.93287
38050	7.9641	5.94953
38029	7.9641	5.9662
38009	7.9641	5.98286
37994	7.9641	5.99953
37980	7.9641	6.0162
37963	7.9641	6.03286
37944	7.9641	6.04953
37924	7.93545	6.0662
37905	7.90681	6.08286
37883	7.87816	6.09953
37864	7.84951	6.1162
37837	7.82086	6.13286
37817	7.79222	6.14953
37800	7.76357	6.16619
37779	7.73492	6.18286
37758	7.70627	6.19953
37736	7.67763	6.21619
37717	7.64898	6.23286
37697	7.62033	6.24953
37676	7.59168	6.26619
37651	7.56304	6.28286
37629	7.53439	6.29953
37610	7.50574	6.31619
37582	7.47709	6.33286
37564	7.44845	6.34953
37542	7.4198	6.36619
37520	7.39115	6.38286
37498	7.3625	6.39952
37477	7.33386	6.41619
37458	7.30521	6.43286
37434	7.27656	6.44952
37414	7.24791	6.46619
37389	7.21927	6.48286
37363	7.19062	6.49952
37339	7.16197	6.51619
37318	7.13332	6.53286
37297	7.10468	6.54952
37279	7.07603	6.56619
37261	7.04738	6.58286
37238	7.01873	6.59952
37220	6.99008	6.61619
37201	6.96144	6.63285
37180	6.93279	6.64952
37160	6.90414	6.66619
37134	6.87549	6.68285
37111	6.84685	6.69952
37087	6.8182	6.71619
37060	6.78955	6.73285
37038	6.7609	6.74952
37015	6.73225	6.76619
36996	6.70361	6.78285
36977	6.67496	6.79952
36957	6.64631	6.81618
36938	6.61766	6.83285
36917	6.58901	6.84952
36896	6.56037	6.86618
36881	6.53172	6.88285
36863	6.50307	6.89952
36841	6.47442	6.91618
36820	6.44577	6.93285
36802	6.41713	6.94952
36786	6.38848	6.96618
36765	6.35983	6.98285
36747	6.33118	6.99952
36728	6.30253	7.01618
36709	6.27389	7.03285
36684	6.24524	7.04951
36663	6.21659	7.06618
36648	6.18794	7.08285
36633	6.1593	7.09951
36621	6.13065	7.11618
36607	6.102	7.13285
36595	6.07335	7.14951
36575	6.0447	7.16618
36557	6.01606	7.18285
36541	5.98741	7.19951
36521	5.95876	7.21618
36507	5.93011	7.23285
36493	5.90146	7.24951
36479	5.87282	7.26618
36464	5.84417	7.28284
36453	5.81552	7.29951
36441	5.78687	7.31618
36427	5.75822	7.33284
36407	5.72958	7.34951
36389	5.70093	7.36618
36377	5.67228	7.38284
36365	5.64363	7.39951
36355	5.61498	7.41618
36343	5.58634	7.43284
36328	5.55769	7.44951
36316	5.52904	7.46618
36301	5.50039	7.48284
36288	5.47175	7.49951
36275	5.4431	7.51617
36263	5.41445	7.53284
36253	5.3858	7.54951
36246	5.35715	7.56617
36235	5.32851	7.58284
36227	5.29986	7.59951
36220	5.27121	7.61617
36211	5.24256	7.63284
36203	5.21391	7.64951
36193	5.18527	7.66617
36183	5.15662	7.68284
36174	5.12797	7.6995
36163	5.09932	7.71617
36155	5.07067	7.73284
36149	5.04203	7.7495
36139	5.01338	7.76617
36133	4.98473	7.78284
36125	4.95608	7.7995
36118	4.92743	7.81617
36109	4.89879	7.83284
36102	4.87014	7.8495
36096	4.84149	7.86617
36087	4.81284	7.88284
36080	4.7842	7.8995
36075	4.75555	7.91617
36070	4.7269	7.93283
36066	4.69825	7.9495
36059	4.6696	7.96617
36052	4.64096	7.98283
36051	4.61231	7.9995
36044	4.58366	8.01617
36040	4.55501	8.03283
36031	4.52636	8.0495
36026	4.49772	8.06617
36026	4.46907	8.08283
36026	4.44042	8.0995
36026	4.41177	8.11617
36024	4.38312	8.13283
36013	4.35448	8.1495
36005	4.32583	8.16616
35999	4.29718	8.18283
35999	4.26853	8.1995
35999	4.23989	8.21616
35999	4.21124	8.23283
35999	4.18259	8.2495
35989	4.15394	8.26616
35984	4.12529	8.28283
35979	4.09665	8.2995
35974	4.068	8.31616
35972	4.03935	8.33283
35972	4.0107	8.34949
35972	3.98205	8.36616
35972	3.95341	8.38283
35972	3.92476	8.39949
35972	3.89611	8.41616
35972	3.86746	8.43283
35969	3.83881	8.44949
35955	3.81017	8.46616
35953	3.78152	8.48283
35953	3.75287	8.49949
35953	3.72422	8.51616
35953	3.69557	8.53283
35953	3.66693	8.54949
35953	3.63828	8.56616
35953	3.60963	8.58282
35953	3.58098	8.59949
35953	3.55234	8.61616
35953	3.52369	8.63282
35953	3.49504	8.64949
35950	3.46639	8.66616
35944	3.43774	8.68282
35943	3.4091	8.69949
35943	3.38045	8.71616
35943	3.3518	8.73282
35943	3.32315	8.74949
35943	3.2945	8.76616
35943	3.26586	8.78282
35943	3.23721	8.79949
35943	3.20856	8.81615
35943	3.17991	8.83282
35941	3.15126	8.84949
35938	3.12262	8.86615
35938	3.09397	8.88282
35938	3.06532	8.89949
35938	3.03667	8.91615
35938	3.00803	8.93282
35938	2.97938	8.94949
35938	2.95073	8.96615
35938	2.92208	8.98282
35938	2.89343	8.99949
35938	2.86479	9.01615
35938	2.83614	9.03282
35938	2.80749	9.04948
35938	2.77884	9.06615
35938	2.75019	9.08282
35938	2.72155	9.09948
35938	2.6929	9.11615
35938	2.66425	9.13282
35938	2.6356	9.14948
35938	2.60695	9.16615
35938	2.57831	9.18282
35938	2.54966	9.19948
35938	2.52101	9.21615
35938	2.49236	9.23281
35938	2.46372	9.24948
35938	2.43507	9.26615
35938	2.40642	9.28281
35938	2.37777	9.29948
35938	2.34912	9.31615
35938	2.32048	9.33281
35938	2.29183	9.34948
35938	2.26318	9.36615
35938	2.23453	9.38281
35938	2.20588	9.39948
35938	2.17724	9.41615
35938	2.14859	9.43281
35938	2.11994	9.44948
35938	2.09129	9.46614
35938	2.06264	9.48281
35938	2.034	9.49948
35938	2.00535	9.51614
35938	1.9767	9.53281
35938	1.94805	9.54948
35938	1.9194	9.56614
35938	1.89076	9.58281
35938	1.86211	9.59948
35938	1.83346	9.61614
35938	1.80481	9.63281
35938	1.77617	9.64948
35938	1.74752	9.66614
35938	1.71887	9.68281
35938	1.69022	9.69947
35938	1.66157	9.71614
35938	1.63293	9.73281
35938	1.60428	9.74947
35938	1.57563	9.76614
35938	1.54698	9.78281
35938	1.51834	9.79947
35938	1.48969	9.81614
35938	1.46104	9.83281
35938	1.43239	9.84947
35938	1.40374	9.86614
35938	1.3751	9.8828
35938	1.34645	9.89947
35938	1.3178	9.91614
35938	1.28915	9.9328
35938	1.2605	9.94947
35938	1.23186	9.96614
35938	1.20321	9.9828
35938	1.17456	9.99947
35938	1.14591	10.0161
35938	1.11727	10.0328
35938	1.08862	10.0495
35938	1.05997	10.0661
35938	1.03132	10.0828
35938	1.00267	10.0995
35938	0.974027	10.1161
35938	0.945379	10.1328
35938	0.916731	10.1495
35938	0.888083	10.1661
35938	0.859436	10.1828
35938	0.830788	10.1995
35938	0.80214	10.2161
35938	0.773492	10.2328
35938	0.744844	10.2495
35938	0.716196	10.2661
35938	0.687548	10.2828
35938	0.658901	10.2995
35938	0.630253	10.3161
35938	0.601605	10.3328
35938	0.572957	10.3495
35938	0.544309	10.3661
35938	0.515661	10.3828
35938	0.487013	10.3995
35938	0.458366	10.4161
35938	0.429718	10.4328
35938	0.40107	10.4495
35938	0.372422	10.4661
35938	0.343774	10.4828
35938	0.315126	10.4995
35938	0.286478	10.5161
35938	0.257831	10.5328
35938	0.229183	10.5495
35938	0.200535	10.5661
35938	0.171887	10.5828
35938	0.143239	10.5995
35938	0.114591	10.6161
35938	0.0859435	10.6328
35938	0.0572956	10.6495
35938	0.0286478	10.6661
35938	-1.00051e-07	10.6828
35938	0	10.6995
35938	0	10.7161
35938	0	10.7328
35938	0	10.7495
35938	0	10.7661
35938	0	10.7828
35938	0	10.7995
35938	0	10.8161
35938	0	10.8328
35938	0	10.8495
35938	0	10.8661
35938	0	10.8828
35938	0	10.8995
35938	0	10.9161
35938	0	10.9328
35938	0	10.9495
35938	0	10.9661
35938	0	10.9828
35938	0	10.9995
35938	0	11.0161
35938	0	11.0328
35938	0	11.0495
35938	0	11.0661
35938	0	11.0828
35938	0	11.0995
35938	0	11.1161
35938	0	11.1328
35938	0	11.1495
35938	0	11.1661
35938	0	11.1828
35938	0	11.1995
35938	0	11.2161
35938	0	11.2328
35938	0	11.2495
35938	0	11.2661
35938	0	11.2828
35936	0	11.2994
35936	0	11.3161
35936	0	11.3328
35936	0	11.3494
35936	0	11.3661
35936	0	11.3828
35936	0	11.3994
35936	0	11.4161
35935	0	11.4328
35935	0	11.4494
35935	0	11.4661
35934	0	11.4828
35932	0	11.4994
35932	0	11.5161
35932	0	11.5328
35932	0	11.5494
35931	0	11.5661
35931	0	11.5828
35931	0	11.5994
35931	0	11.6161
35931	0	11.6328
35930	0	11.6494
35930	0	11.6661
35930	0	11.6828
35930	0	11.6994
