inside_count	theta (degrees)	time (s)
54167	0.0286479	0.0161209
54167	0.0572957	0.0327873
54167	0.0859435	0.0494537
54167	0.114591	0.0661201
54167	0.143239	0.0827866
54167	0.171887	0.099453
54167	0.200535	0.116119
54167	0.229183	0.132786
54167	0.257831	0.149452
54167	0.286479	0.166119
54166	0.315126	0.182785
54166	0.343774	0.199451
54166	0.372422	0.216118
54166	0.40107	0.232784
54165	0.429718	0.249451
54165	0.458366	0.266117
54165	0.487013	0.282784
54164	0.515661	0.29945
54164	0.544309	0.316116
54164	0.572957	0.332783
54163	0.601605	0.349449
54163	0.630253	0.366116
54163	0.658901	0.382782
54163	0.687548	0.399448
54163	0.716196	0.416115
54163	0.744844	0.432781
54163	0.773492	0.449448
54163	0.80214	0.466114
54162	0.830788	0.48278
54162	0.859436	0.499447
54162	0.888083	0.516113
54162	0.916731	0.53278
54161	0.945379	0.549446
54161	0.974027	0.566113
54161	1.00267	0.582779
54161	1.03132	0.599445
54161	1.05997	0.616112
54161	1.08862	0.632778
54161	1.11727	0.649445
54161	1.14591	0.666111
54161	1.17456	0.682777
54160	1.20321	0.699444
54160	1.23186	0.71611
54160	1.2605	0.732777
54160	1.28915	0.749443
54159	1.3178	0.766109
54159	1.34645	0.782776
54159	1.3751	0.799442
54158	1.40374	0.816109
54158	1.43239	0.832775
54157	1.46104	0.849442
54156	1.48969	0.866108
54156	1.51834	0.882774
54156	1.54698	0.899441
54156	1.57563	0.916107
54156	1.60428	0.932774
54156	1.63293	0.94944
54155	1.66157	0.966106
54155	1.69022	0.982773
54155	1.71887	0.999439
54155	1.74752	1.01611
54155	1.77617	1.03277
54155	1.80481	1.04944
54155	1.83346	1.0661
54155	1.86211	1.08277
54155	1.89076	1.09944
54155	1.9194	1.1161
54155	1.94805	1.13277
54155	1.9767	1.14944
54154	2.00535	1.1661
54154	2.034	1.18277
54154	2.06264	1.19944
54154	2.09129	1.2161
54154	2.11994	1.23277
54154	2.14859	1.24944
54150	2.17724	1.2661
54150	2.20588	1.28277
54150	2.23453	1.29943
54150	2.26318	1.3161
54150	2.29183	1.33277
54150	2.32048	1.34943
54150	2.34912	1.3661
54150	2.37777	1.38277
54150	2.40642	1.39943
54150	2.43507	1.4161
54150	2.46372	1.43277
54150	2.49236	1.44943
54150	2.52101	1.4661
54150	2.54966	1.48277
54149	2.57831	1.49943
54148	2.60695	1.5161
54148	2.6356	1.53276
54148	2.66425	1.54943
54148	2.6929	1.5661
54148	2.72155	1.58276
54148	2.75019	1.59943
54147	2.77884	1.6161
54147	2.80749	1.63276
54147	2.83614	1.64943
54147	2.86479	1.6661
54147	2.89343	1.68276
54147	2.92208	1.69943
54146	2.95073	1.71609
54146	2.97938	1.73276
54146	3.00803	1.74943
54146	3.03667	1.76609
54146	3.06532	1.78276
54146	3.09397	1.79943
54146	3.12262	1.81609
54146	3.15126	1.83276
54145	3.17991	1.84943
54145	3.20856	1.86609
54145	3.23721	1.88276
54145	3.26586	1.89943
54144	3.2945	1.91609
54144	3.32315	1.93276
54144	3.3518	1.94942
54144	3.38045	1.96609
54144	3.4091	1.98276
54144	3.43774	1.99942
54143	3.46639	2.01609
54143	3.49504	2.03276
54143	3.52369	2.04942
54143	3.55234	2.06609
54143	3.58098	2.08276
54143	3.60963	2.09942
54143	3.63828	2.11609
54143	3.66693	2.13276
54143	3.69557	2.14942
54143	3.72422	2.16609
54143	3.75287	2.18275
54143	3.78152	2.19942
54143	3.81017	2.21609
54143	3.83881	2.23275
54143	3.86746	2.24942
54143	3.89611	2.26609
54143	3.92476	2.28275
54143	3.95341	2.29942
54143	3.98205	2.31609
54143	4.0107	2.33275
54143	4.03935	2.34942
54143	4.068	2.36609
54143	4.09665	2.38275
54143	4.12529	2.39942
54143	4.15394	2.41608
54143	4.18259	2.43275
54143	4.21124	2.44942
54142	4.23989	2.46608
54140	4.26853	2.48275
54140	4.29718	2.49942
54140	4.32583	2.51608
54140	4.35448	2.53275
54140	4.38312	2.54942
54140	4.41177	2.56608
54140	4.44042	2.58275
54140	4.46907	2.59941
54140	4.49772	2.61608
54140	4.52636	2.63275
54140	4.55501	2.64941
54140	4.58366	2.66608
54139	4.61231	2.68275
54139	4.64096	2.69941
54139	4.6696	2.71608
54139	4.69825	2.73275
54139	4.7269	2.74941
54139	4.75555	2.76608
54139	4.7842	2.78275
54138	4.81284	2.79941
54137	4.84149	2.81608
54136	4.87014	2.83274
54136	4.89879	2.84941
54135	4.92743	2.86608
54134	4.95608	2.88274
54134	4.98473	2.89941
54134	5.01338	2.91608
54134	5.04203	2.93274
54134	5.07067	2.94941
54134	5.09932	2.96608
54134	5.12797	2.98274
54134	5.15662	2.99941
54134	5.18527	3.01608
54134	5.21391	3.03274
54134	5.24256	3.04941
54134	5.27121	3.06607
54134	5.29986	3.08274
54134	5.32851	3.09941
54134	5.35715	3.11607
54134	5.3858	3.13274
54134	5.41445	3.14941
54134	5.4431	3.16607
54134	5.47175	3.18274
54134	5.50039	3.19941
54134	5.52904	3.21607
54134	5.55769	3.23274
54134	5.58634	3.2494
54134	5.61498	3.26607
54134	5.64363	3.28274
54134	5.67228	3.2994
54134	5.70093	3.31607
54134	5.72958	3.33274
54134	5.75822	3.3494
54134	5.78687	3.36607
54134	5.81552	3.38274
54134	5.84417	3.3994
54134	5.87282	3.41607
54134	5.90146	3.43274
54134	5.93011	3.4494
54132	5.95876	3.46607
54132	5.98741	3.48273
54132	6.01606	3.4994
54132	6.0447	3.51607
54132	6.07335	3.53273
54131	6.102	3.5494
54131	6.13065	3.56607
54131	6.1593	3.58273
54131	6.18794	3.5994
54131	6.21659	3.61607
54131	6.24524	3.63273
54131	6.27389	3.6494
54131	6.30253	3.66607
54131	6.33118	3.68273
54131	6.35983	3.6994
54131	6.38848	3.71606
54131	6.41713	3.73273
54131	6.44577	3.7494
54130	6.47442	3.76606
54130	6.50307	3.78273
54130	6.53172	3.7994
54130	6.56037	3.81606
54129	6.58901	3.83273
54129	6.61766	3.8494
54128	6.64631	3.86606
54128	6.67496	3.88273
54127	6.70361	3.89939
54127	6.73225	3.91606
54127	6.7609	3.93273
54127	6.78955	3.94939
54127	6.8182	3.96606
54126	6.84685	3.98273
54126	6.87549	3.99939
54126	6.90414	4.01606
54126	6.93279	4.03273
54126	6.96144	4.04939
54126	6.99008	4.06606
54126	7.01873	4.08273
54126	7.04738	4.09939
54124	7.07603	4.11606
54124	7.10468	4.13272
54124	7.13332	4.14939
54124	7.16197	4.16606
54124	7.19062	4.18272
54124	7.21927	4.19939
54124	7.24791	4.21606
54124	7.27656	4.23272
54124	7.30521	4.24939
54124	7.33386	4.26606
54124	7.3625	4.28272
54124	7.39115	4.29939
54124	7.4198	4.31606
54124	7.44845	4.33272
54124	7.47709	4.34939
54124	7.50574	4.36605
54124	7.53439	4.38272
54124	7.56304	4.39939
54124	7.59168	4.41605
54124	7.62033	4.43272
54124	7.64898	4.44939
54124	7.67763	4.46605
54116	7.70627	4.48272
54111	7.73492	4.49939
54111	7.76357	4.51605
54107	7.79222	4.53272
54103	7.82086	4.54939
54097	7.84951	4.56605
54092	7.87816	4.58272
54090	7.90681	4.59938
54086	7.93545	4.61605
54080	7.9641	4.63272
54074	7.99275	4.64938
54067	8.0214	4.66605
54061	8.05004	4.68272
54054	8.07869	4.69938
54046	8.10734	4.71605
54038	8.13599	4.73272
54030	8.16463	4.74938
54024	8.19328	4.76605
54018	8.22193	4.78271
54011	8.25058	4.79938
54005	8.27922	4.81605
53995	8.30787	4.83271
53989	8.33652	4.84938
53979	8.36517	4.86605
53969	8.39381	4.88271
53958	8.42246	4.89938
53950	8.45111	4.91605
53937	8.47976	4.93271
53927	8.5084	4.94938
53916	8.53705	4.96605
53905	8.5657	4.98271
53892	8.59435	4.99938
53880	8.62299	5.01604
53868	8.65164	5.03271
53859	8.68029	5.04938
53847	8.70894	5.06604
53828	8.73758	5.08271
53814	8.76623	5.09938
53799	8.79488	5.11604
53783	8.82353	5.13271
53768	8.85217	5.14938
53756	8.88082	5.16604
53742	8.90947	5.18271
53727	8.93812	5.19938
53709	8.96676	5.21604
53691	8.99541	5.23271
53676	9.02406	5.24937
53652	9.05271	5.26604
53628	9.08135	5.28271
53610	9.11	5.29937
53591	9.13865	5.31604
53571	9.1673	5.33271
53553	9.19594	5.34937
53532	9.22459	5.36604
53510	9.25324	5.38271
53491	9.28189	5.39937
53468	9.31053	5.41604
53448	9.33918	5.4327
53425	9.36783	5.44937
53406	9.39648	5.46604
53383	9.42512	5.4827
53356	9.45377	5.49937
53331	9.48242	5.51604
53307	9.51107	5.5327
53284	9.53971	5.54937
53259	9.56836	5.56604
53234	9.59701	5.5827
53205	9.62566	5.59937
53179	9.6543	5.61604
53156	9.68295	5.6327
53130	9.7116	5.64937
53104	9.74024	5.66603
53075	9.76889	5.6827
53050	9.79754	5.69937
53021	9.82619	5.71603
52992	9.85484	5.7327
52963	9.88348	5.74937
52937	9.91213	5.76603
52907	9.94078	5.7827
52875	9.96943	5.79937
52846	9.99807	5.81603
52812	10.0267	5.8327
52780	10.0554	5.84937
52749	10.084	5.86603
52720	10.1127	5.8827
52689	10.1413	5.89936
52656	10.17	5.91603
52621	10.1986	5.9327
52593	10.2273	5.94936
52558	10.2559	5.96603
52526	10.2845	5.9827
52496	10.3132	5.99936
52455	10.3418	6.01603
52421	10.3705	6.0327
52389	10.3991	6.04936
52355	10.4278	6.06603
52320	10.4564	6.0827
52286	10.4851	6.09936
52251	10.5137	6.11603
52218	10.5424	6.13269
52181	10.571	6.14936
52150	10.5997	6.16603
52109	10.6283	6.18269
52077	10.657	6.19936
52040	10.6856	6.21603
52006	10.7143	6.23269
51963	10.7429	6.24936
51927	10.7716	6.26603
51891	10.8002	6.28269
51851	10.8288	6.29936
51813	10.8575	6.31602
51776	10.8861	6.33269
51737	10.9148	6.34936
51700	10.9434	6.36602
51659	10.9721	6.38269
51625	11.0007	6.39936
51585	11.0294	6.41602
51545	11.058	6.43269
51505	11.0867	6.44936
51467	11.1153	6.46602
51427	11.144	6.48269
51388	11.1726	6.49936
51345	11.2013	6.51602
51303	11.2299	6.53269
51264	11.2586	6.54935
51224	11.2872	6.56602
51183	11.3159	6.58269
51141	11.3445	6.59935
51095	11.3732	6.61602
51056	11.4018	6.63269
51018	11.4304	6.64935
50975	11.4591	6.66602
50928	11.4877	6.68269
50880	11.5164	6.69935
50842	11.545	6.71602
50796	11.5737	6.73269
50755	11.6023	6.74935
50703	11.631	6.76602
50658	11.6596	6.78268
50616	11.6883	6.79935
50568	11.7169	6.81602
50523	11.7456	6.83268
50479	11.7742	6.84935
50433	11.8029	6.86602
50387	11.8315	6.88268
50340	11.8602	6.89935
50289	11.8888	6.91602
50245	11.9175	6.93268
50199	11.9461	6.94935
50147	11.9747	6.96601
50100	12.0034	6.98268
50055	12.032	6.99935
50003	12.0607	7.01601
49951	12.0893	7.03268
49902	12.118	7.04935
49854	12.1466	7.06601
49803	12.1753	7.08268
49753	12.2039	7.09935
49707	12.2326	7.11601
49652	12.2612	7.13268
49599	12.2899	7.14935
49549	12.3185	7.16601
49502	12.3472	7.18268
49449	12.3758	7.19934
49402	12.4045	7.21601
49348	12.4331	7.23268
49293	12.4618	7.24934
49246	12.4904	7.26601
49194	12.5191	7.28268
49134	12.5477	7.29934
49084	12.5763	7.31601
49031	12.605	7.33268
48974	12.6336	7.34934
48924	12.6623	7.36601
48864	12.6909	7.38268
48814	12.7196	7.39934
48760	12.7482	7.41601
48706	12.7769	7.43267
48656	12.8055	7.44934
48601	12.8342	7.46601
48552	12.8628	7.48267
48497	12.8915	7.49934
48447	12.9201	7.51601
48395	12.9488	7.53267
48339	12.9774	7.54934
48286	13.0061	7.56601
48236	13.0347	7.58267
48182	13.0634	7.59934
48130	13.092	7.616
48079	13.1206	7.63267
48028	13.1493	7.64934
47971	13.1779	7.666
47921	13.2066	7.68267
47867	13.2352	7.69934
47812	13.2639	7.716
47760	13.2925	7.73267
47704	13.3212	7.74934
47654	13.3498	7.766
47602	13.3785	7.78267
47548	13.4071	7.79934
47492	13.4358	7.816
47444	13.4644	7.83267
47389	13.4931	7.84933
47335	13.5217	7.866
47280	13.5504	7.88267
47226	13.579	7.89933
47176	13.6077	7.916
47122	13.6363	7.93267
47069	13.665	7.94933
47019	13.6936	7.966
46964	13.7222	7.98267
46911	13.7509	7.99933
46855	13.7795	8.016
46807	13.8082	8.03267
46752	13.8368	8.04933
46695	13.8655	8.066
46646	13.8941	8.08266
46591	13.9228	8.09933
46532	13.9514	8.116
46481	13.9801	8.13266
46433	14.0087	8.14933
46375	14.0374	8.166
46324	14.066	8.18266
46278	14.0947	8.19933
46232	14.1233	8.216
46169	14.152	8.23266
46121	14.1806	8.24933
46067	14.2093	8.266
46012	14.2379	8.28266
45956	14.2665	8.29933
45906	14.2952	8.31599
45847	14.3238	8.33266
45787	14.3525	8.34933
45735	14.3811	8.36599
45686	14.4098	8.38266
45631	14.4384	8.39933
45576	14.4671	8.41599
45521	14.4957	8.43266
45471	14.5244	8.44933
45422	14.553	8.46599
45363	14.5817	8.48266
45304	14.6103	8.49932
45254	14.639	8.51599
45200	14.6676	8.53266
45142	14.6963	8.54932
45088	14.7249	8.56599
45037	14.7536	8.58266
44984	14.7822	8.59932
44925	14.8109	8.61599
44872	14.8395	8.63266
44821	14.8681	8.64932
44766	14.8968	8.66599
44712	14.9254	8.68266
44657	14.9541	8.69932
44600	14.9827	8.71599
44550	15.0114	8.73265
44497	15.04	8.74932
44439	15.0687	8.76599
44388	15.0973	8.78265
44332	15.126	8.79932
44276	15.1546	8.81599
44223	15.1833	8.83265
44170	15.2119	8.84932
44112	15.2406	8.86599
44060	15.2692	8.88265
44002	15.2979	8.89932
43950	15.3265	8.91599
43887	15.3552	8.93265
43835	15.3838	8.94932
43775	15.4124	8.96598
43717	15.4411	8.98265
43664	15.4697	8.99932
43607	15.4984	9.01598
43552	15.527	9.03265
43493	15.5557	9.04932
43437	15.5843	9.06598
43384	15.613	9.08265
43326	15.6416	9.09932
43267	15.6703	9.11598
43202	15.6989	9.13265
43145	15.7276	9.14931
43083	15.7562	9.16598
43028	15.7849	9.18265
42967	15.8135	9.19931
42901	15.8422	9.21598
42849	15.8708	9.23265
42785	15.8995	9.24931
42731	15.9281	9.26598
42672	15.9567	9.28265
42612	15.9854	9.29931
42556	16.014	9.31598
42488	16.0427	9.33265
42427	16.0713	9.34931
42360	16.1	9.36598
42290	16.1286	9.38264
42232	16.1573	9.39931
42172	16.1859	9.41598
42106	16.2146	9.43264
42046	16.2432	9.44931
41983	16.2719	9.46598
41927	16.3005	9.48264
41863	16.3292	9.49931
41799	16.3578	9.51598
41731	16.3865	9.53264
41662	16.4151	9.54931
41598	16.4438	9.56598
41538	16.4724	9.58264
41475	16.5011	9.59931
41409	16.5297	9.61597
41341	16.5583	9.63264
41278	16.587	9.64931
41208	16.6156	9.66597
41144	16.6443	9.68264
41086	16.6729	9.69931
41020	16.7016	9.71597
40953	16.7302	9.73264
40893	16.7589	9.74931
40827	16.7875	9.76597
40758	16.8162	9.78264
40693	16.8448	9.7993
40631	16.8735	9.81597
40561	16.9021	9.83264
40491	16.9308	9.8493
40440	16.9594	9.86597
40371	16.9881	9.88264
40295	17.0167	9.8993
40214	17.0454	9.91597
40135	17.074	9.93264
40065	17.1026	9.9493
40004	17.1313	9.96597
39931	17.1599	9.98264
39859	17.1886	9.9993
39799	17.2172	10.016
39730	17.2459	10.0326
39650	17.2745	10.0493
39591	17.3032	10.066
39522	17.3318	10.0826
39448	17.3605	10.0993
39358	17.3891	10.116
39293	17.4178	10.1326
39224	17.4464	10.1493
39144	17.4751	10.166
39054	17.5037	10.1826
38974	17.5324	10.1993
38915	17.561	10.216
38851	17.5897	10.2326
38782	17.6183	10.2493
38700	17.647	10.266
38628	17.6756	10.2826
38553	17.7042	10.2993
38463	17.7329	10.316
38384	17.7615	10.3326
38320	17.7902	10.3493
38250	17.8188	10.366
38184	17.8475	10.3826
38106	17.8761	10.3993
38030	17.9048	10.416
37949	17.9334	10.4326
37867	17.9621	10.4493
37793	17.9907	10.466
37719	18.0194	10.4826
37641	18.048	10.4993
37572	18.0767	10.516
37496	18.1053	10.5326
37414	18.134	10.5493
37337	18.1626	10.566
37275	18.1913	10.5826
37200	18.2199	10.5993
37128	18.2485	10.616
37052	18.2772	10.6326
36985	18.3058	10.6493
36901	18.3345	10.666
36814	18.3631	10.6826
36728	18.3918	10.6993
36651	18.4204	10.716
36570	18.4491	10.7326
36489	18.4777	10.7493
36405	18.5064	10.766
36317	18.535	10.7826
36244	18.5637	10.7993
36175	18.5923	10.816
36097	18.621	10.8326
36001	18.6496	10.8493
35918	18.6783	10.866
35850	18.7069	10.8826
35782	18.7356	10.8993
35710	18.7642	10.916
35628	18.7929	10.9326
35557	18.8215	10.9493
35480	18.8501	10.966
35401	18.8788	10.9826
35325	18.9074	10.9993
35235	18.9361	11.016
35164	18.9647	11.0326
35078	18.9934	11.0493
34994	19.022	11.066
34924	19.0507	11.0826
34846	19.0793	11.0993
34765	19.108	11.116
34693	19.1366	11.1326
34615	19.1653	11.1493
34543	19.1939	11.166
34456	19.2226	11.1826
34383	19.2512	11.1993
34298	19.2799	11.216
34224	19.3085	11.2326
34135	19.3372	11.2493
34059	19.3658	11.2659
33989	19.3944	11.2826
33899	19.4231	11.2993
33820	19.4517	11.3159
33758	19.4804	11.3326
33694	19.509	11.3493
33609	19.5377	11.3659
33521	19.5663	11.3826
33455	19.595	11.3993
33386	19.6236	11.4159
33291	19.6523	11.4326
33210	19.6809	11.4493
33135	19.7096	11.4659
33062	19.7382	11.4826
32999	19.7669	11.4993
32925	19.7955	11.5159
32840	19.8242	11.5326
32737	19.8528	11.5493
32663	19.8815	11.5659
32595	19.9101	11.5826
32518	19.9387	11.5993
32450	19.9674	11.6159
32391	19.996	11.6326
32311	20.0247	11.6493
32226	20.0533	11.6659
32160	20.082	11.6826
32082	20.1106	11.6993
31997	20.1393	11.7159
31905	20.1679	11.7326
31837	20.1966	11.7493
31762	20.2252	11.7659
31671	20.2539	11.7826
31596	20.2825	11.7993
31535	20.3112	11.8159
31469	20.3398	11.8326
31389	20.3685	11.8493
31322	20.3971	11.8659
31255	20.4258	11.8826
31162	20.4544	11.8993
31071	20.4831	11.9159
30993	20.5117	11.9326
30919	20.5403	11.9493
30851	20.569	11.9659
30782	20.5976	11.9826
30693	20.6263	11.9993
30612	20.6549	12.0159
30548	20.6836	12.0326
30483	20.7122	12.0493
30403	20.7409	12.0659
30328	20.7695	12.0826
30255	20.7982	12.0993
30176	20.8268	12.1159
30088	20.8555	12.1326
30014	20.8841	12.1493
29945	20.9128	12.1659
29883	20.9414	12.1826
29811	20.9701	12.1993
29731	20.9987	12.2159
29652	21.0274	12.2326
29575	21.056	12.2493
29517	21.0846	12.2659
29438	21.1133	12.2826
29353	21.1419	12.2993
29265	21.1706	12.3159
29203	21.1992	12.3326
29137	21.2279	12.3493
29075	21.2565	12.3659
29003	21.2852	12.3826
28898	21.3138	12.3993
28816	21.3425	12.4159
28741	21.3711	12.4326
28668	21.3998	12.4493
28599	21.4284	12.4659
28531	21.4571	12.4826
28467	21.4857	12.4993
28391	21.5144	12.5159
28303	21.543	12.5326
28223	21.5717	12.5493
28162	21.6003	12.5659
28097	21.629	12.5826
28022	21.6576	12.5993
27944	21.6862	12.6159
27863	21.7149	12.6326
27789	21.7435	12.6493
27713	21.7722	12.6659
27639	21.8008	12.6826
27572	21.8295	12.6993
27498	21.8581	12.7159
27422	21.8868	12.7326
27351	21.9154	12.7493
27290	21.9441	12.7659
27220	21.9727	12.7826
27156	22.0014	12.7993
27046	22.03	12.8159
26957	22.0587	12.8326
26889	22.0873	12.8493
26830	22.116	12.8659
26772	22.1446	12.8826
26678	22.1733	12.8993
26602	22.2019	12.9159
26538	22.2305	12.9326
26483	22.2592	12.9493
26408	22.2878	12.9659
26314	22.3165	12.9826
26222	22.3451	12.9993
26163	22.3738	13.0159
26104	22.4024	13.0326
26020	22.4311	13.0493
25934	22.4597	13.0659
25863	22.4884	13.0826
25781	22.517	13.0993
25712	22.5457	13.1159
25646	22.5743	13.1326
25579	22.603	13.1493
25500	22.6316	13.1659
25414	22.6603	13.1826
25344	22.6889	13.1993
25273	22.7176	13.2159
25187	22.7462	13.2326
25119	22.7749	13.2493
25051	22.8035	13.2659
24975	22.8321	13.2826
24900	22.8608	13.2993
24835	22.8894	13.3159
24780	22.9181	13.3326
24721	22.9467	13.3493
24627	22.9754	13.3659
24534	23.004	13.3826
24474	23.0327	13.3993
24411	23.0613	13.4159
24337	23.09	13.4326
24275	23.1186	13.4492
24198	23.1473	13.4659
24119	23.1759	13.4826
24034	23.2046	13.4992
23963	23.2332	13.5159
23889	23.2619	13.5326
23829	23.2905	13.5492
23752	23.3192	13.5659
23684	23.3478	13.5826
23614	23.3764	13.5992
23536	23.4051	13.6159
23466	23.4337	13.6326
23400	23.4624	13.6492
23334	23.491	13.6659
23259	23.5197	13.6826
23176	23.5483	13.6992
23099	23.577	13.7159
23035	23.6056	13.7326
22973	23.6343	13.7492
22917	23.6629	13.7659
22852	23.6916	13.7826
22777	23.7202	13.7992
22701	23.7489	13.8159
22631	23.7775	13.8326
22565	23.8062	13.8492
22496	23.8348	13.8659
22430	23.8635	13.8826
22375	23.8921	13.8992
22306	23.9207	13.9159
22213	23.9494	13.9326
22146	23.978	13.9492
22084	24.0067	13.9659
22004	24.0353	13.9826
21942	24.064	13.9992
21882	24.0926	14.0159
21811	24.1213	14.0326
21748	24.1499	14.0492
21663	24.1786	14.0659
21573	24.2072	14.0826
21507	24.2359	14.0992
21436	24.2645	14.1159
21378	24.2932	14.1326
21315	24.3218	14.1492
21251	24.3505	14.1659
21188	24.3791	14.1826
21126	24.4078	14.1992
21055	24.4364	14.2159
20992	24.4651	14.2326
20934	24.4937	14.2492
20860	24.5223	14.2659
20797	24.551	14.2826
20728	24.5796	14.2992
20668	24.6083	14.3159
20610	24.6369	14.3326
20548	24.6656	14.3492
20484	24.6942	14.3659
20403	24.7229	14.3826
20332	24.7515	14.3992
20268	24.7802	14.4159
20202	24.8088	14.4326
20139	24.8375	14.4492
20072	24.8661	14.4659
20009	24.8948	14.4826
19939	24.9234	14.4992
19882	24.9521	14.5159
19811	24.9807	14.5326
19743	25.0094	14.5492
19686	25.038	14.5659
19627	25.0666	14.5826
19566	25.0953	14.5992
19497	25.1239	14.6159
19434	25.1526	14.6326
19369	25.1812	14.6492
19310	25.2099	14.6659
19260	25.2385	14.6826
19205	25.2672	14.6992
19135	25.2958	14.7159
19055	25.3245	14.7326
18985	25.3531	14.7492
18926	25.3818	14.7659
18870	25.4104	14.7826
18814	25.4391	14.7992
18754	25.4677	14.8159
18699	25.4964	14.8326
18641	25.525	14.8492
18575	25.5537	14.8659
18498	25.5823	14.8826
18423	25.611	14.8992
18367	25.6396	14.9159
18316	25.6682	14.9326
18252	25.6969	14.9492
18198	25.7255	14.9659
18137	25.7542	14.9826
18076	25.7828	14.9992
18018	25.8115	15.0159
17969	25.8401	15.0326
17907	25.8688	15.0492
17841	25.8974	15.0659
17780	25.9261	15.0826
17726	25.9547	15.0992
17660	25.9834	15.1159
17595	26.012	15.1326
17544	26.0407	15.1492
17491	26.0693	15.1659
17439	26.098	15.1826
17380	26.1266	15.1992
17325	26.1553	15.2159
17265	26.1839	15.2326
17201	26.2125	15.2492
17146	26.2412	15.2659
17089	26.2698	15.2826
17033	26.2985	15.2992
16974	26.3271	15.3159
16917	26.3558	15.3326
16856	26.3844	15.3492
16803	26.4131	15.3659
16749	26.4417	15.3826
16687	26.4704	15.3992
16630	26.499	15.4159
16566	26.5277	15.4326
16514	26.5563	15.4492
16469	26.585	15.4659
16412	26.6136	15.4826
16360	26.6423	15.4992
16309	26.6709	15.5159
16257	26.6996	15.5326
16206	26.7282	15.5492
16148	26.7568	15.5659
16106	26.7855	15.5826
16042	26.8141	15.5992
15980	26.8428	15.6159
15916	26.8714	15.6325
15856	26.9001	15.6492
15804	26.9287	15.6659
15752	26.9574	15.6825
15702	26.986	15.6992
15650	27.0147	15.7159
15600	27.0433	15.7325
15547	27.072	15.7492
15491	27.1006	15.7659
15452	27.1293	15.7825
15396	27.1579	15.7992
15345	27.1866	15.8159
15297	27.2152	15.8325
15240	27.2439	15.8492
15184	27.2725	15.8659
15141	27.3012	15.8825
15083	27.3298	15.8992
15031	27.3584	15.9159
14977	27.3871	15.9325
14923	27.4157	15.9492
14871	27.4444	15.9659
14809	27.473	15.9825
14768	27.5017	15.9992
14723	27.5303	16.0159
14662	27.559	16.0325
14616	27.5876	16.0492
14567	27.6163	16.0659
14527	27.6449	16.0825
14464	27.6736	16.0992
14412	27.7022	16.1159
14358	27.7309	16.1325
14313	27.7595	16.1492
14269	27.7882	16.1659
14223	27.8168	16.1825
14166	27.8455	16.1992
14111	27.8741	16.2159
14058	27.9028	16.2325
14008	27.9314	16.2492
13959	27.96	16.2659
13907	27.9887	16.2825
13848	28.0173	16.2992
13808	28.046	16.3159
13766	28.0746	16.3325
13711	28.1033	16.3492
13658	28.1319	16.3659
13612	28.1606	16.3825
13562	28.1892	16.3992
13518	28.2179	16.4159
13475	28.2465	16.4325
13425	28.2752	16.4492
13374	28.3038	16.4659
13327	28.3325	16.4825
13278	28.3611	16.4992
13233	28.3898	16.5159
13186	28.4184	16.5325
13138	28.4471	16.5492
13103	28.4757	16.5659
13052	28.5043	16.5825
12995	28.533	16.5992
12952	28.5616	16.6159
12905	28.5903	16.6325
12856	28.6189	16.6492
12818	28.6476	16.6659
12768	28.6762	16.6825
12719	28.7049	16.6992
12668	28.7335	16.7159
12621	28.7622	16.7325
12573	28.7908	16.7492
12531	28.8195	16.7659
12478	28.8481	16.7825
12421	28.8768	16.7992
12378	28.9054	16.8159
12323	28.9341	16.8325
12286	28.9627	16.8492
12235	28.9914	16.8659
12188	29.02	16.8825
12144	29.0487	16.8992
12101	29.0773	16.9159
12054	29.106	16.9325
12010	29.1346	16.9492
11961	29.1633	16.9659
11912	29.1919	16.9825
11864	29.2206	16.9992
11826	29.2492	17.0159
11778	29.2779	17.0325
11729	29.3065	17.0492
11686	29.3352	17.0659
11643	29.3638	17.0825
11603	29.3925	17.0992
11558	29.4211	17.1159
11517	29.4498	17.1326
11473	29.4784	17.1492
11420	29.5071	17.1659
11376	29.5357	17.1826
11336	29.5644	17.1992
11300	29.593	17.2159
11257	29.6217	17.2326
11218	29.6503	17.2492
11165	29.679	17.2659
11130	29.7076	17.2826
11081	29.7363	17.2993
11050	29.7649	17.3159
11004	29.7936	17.3326
10964	29.8222	17.3493
10924	29.8508	17.3659
10881	29.8795	17.3826
10832	29.9081	17.3993
10794	29.9368	17.4159
10755	29.9654	17.4326
10713	29.9941	17.4493
10662	30.0227	17.466
10618	30.0514	17.4826
10578	30.08	17.4993
10538	30.1087	17.516
10492	30.1373	17.5326
10459	30.166	17.5493
10426	30.1946	17.566
10387	30.2233	17.5826
10341	30.2519	17.5993
10303	30.2806	17.616
10258	30.3092	17.6327
10214	30.3379	17.6493
10167	30.3665	17.666
10127	30.3952	17.6827
10093	30.4238	17.6993
10050	30.4525	17.716
10005	30.4811	17.7327
9954	30.5098	17.7494
9925	30.5384	17.766
9888	30.5671	17.7827
9838	30.5957	17.7994
9798	30.6244	17.816
9767	30.653	17.8327
9729	30.6817	17.8494
9682	30.7103	17.866
9646	30.739	17.8827
9607	30.7676	17.8994
9558	30.7963	17.9161
9529	30.8249	17.9327
9490	30.8536	17.9494
9454	30.8822	17.9661
9416	30.9109	17.9827
9379	30.9395	17.9994
9338	30.9682	18.0161
9300	30.9968	18.0327
9263	31.0255	18.0494
9223	31.0541	18.0661
9179	31.0828	18.0828
9142	31.1114	18.0994
9103	31.1401	18.1161
9068	31.1687	18.1328
9029	31.1974	18.1494
8994	31.226	18.1661
8953	31.2547	18.1828
8918	31.2833	18.1994
8889	31.312	18.2161
8853	31.3406	18.2328
8812	31.3693	18.2495
8777	31.3979	18.2661
8741	31.4266	18.2828
8702	31.4552	18.2995
8671	31.4839	18.3161
8638	31.5125	18.3328
8601	31.5412	18.3495
8564	31.5698	18.3661
8524	31.5984	18.3828
8495	31.6271	18.3995
8463	31.6557	18.4162
8426	31.6844	18.4328
8387	31.713	18.4495
8353	31.7417	18.4662
8328	31.7703	18.4828
8289	31.799	18.4995
8254	31.8276	18.5162
8216	31.8563	18.5329
8190	31.8849	18.5495
8152	31.9136	18.5662
8117	31.9422	18.5829
8083	31.9709	18.5995
8045	31.9995	18.6162
8012	32.0282	18.6329
7972	32.0568	18.6495
7936	32.0855	18.6662
7903	32.1141	18.6829
7865	32.1428	18.6996
7830	32.1714	18.7162
7801	32.2001	18.7329
7756	32.2287	18.7496
7720	32.2574	18.7662
7690	32.286	18.7829
7657	32.3147	18.7996
7623	32.3433	18.8162
7593	32.372	18.8329
7563	32.4006	18.8496
7524	32.4293	18.8663
7493	32.4579	18.8829
7454	32.4866	18.8996
7419	32.5152	18.9163
7390	32.5439	18.9329
7359	32.5725	18.9496
7325	32.6012	18.9663
7293	32.6298	18.9829
7259	32.6585	18.9996
7224	32.6871	19.0163
7194	32.7158	19.033
7161	32.7444	19.0496
7125	32.7731	19.0663
7099	32.8017	19.083
7061	32.8304	19.0996
7033	32.859	19.1163
6999	32.8877	19.133
6972	32.9163	19.1497
6945	32.945	19.1663
6908	32.9736	19.183
6878	33.0023	19.1997
6842	33.0309	19.2163
6809	33.0596	19.233
6780	33.0882	19.2497
6760	33.1169	19.2663
6727	33.1455	19.283
6696	33.1742	19.2997
6666	33.2028	19.3164
6632	33.2315	19.333
6610	33.2601	19.3497
6578	33.2888	19.3664
6547	33.3174	19.383
6515	33.3461	19.3997
6491	33.3747	19.4164
6457	33.4034	19.433
6435	33.432	19.4497
6410	33.4606	19.4664
6375	33.4893	19.4831
6347	33.5179	19.4997
6315	33.5466	19.5164
6282	33.5752	19.5331
6245	33.6039	19.5497
6221	33.6325	19.5664
6196	33.6612	19.5831
6168	33.6898	19.5997
6142	33.7185	19.6164
6108	33.7471	19.6331
6080	33.7758	19.6498
6052	33.8044	19.6664
6026	33.8331	19.6831
6000	33.8617	19.6998
5973	33.8904	19.7164
5940	33.919	19.7331
5912	33.9477	19.7498
5883	33.9763	19.7664
5859	34.005	19.7831
5835	34.0336	19.7998
5810	34.0623	19.8165
5788	34.0909	19.8331
5758	34.1196	19.8498
5730	34.1482	19.8665
5704	34.1769	19.8831
5679	34.2055	19.8998
5652	34.2342	19.9165
5627	34.2628	19.9332
5600	34.2915	19.9498
5574	34.3201	19.9665
5550	34.3488	19.9832
5524	34.3774	19.9998
5497	34.4061	20.0165
5481	34.4347	20.0332
5453	34.4634	20.0498
5427	34.492	20.0665
5400	34.5207	20.0832
5379	34.5493	20.0999
5343	34.578	20.1165
5321	34.6066	20.1332
5297	34.6353	20.1499
5267	34.6639	20.1665
5245	34.6926	20.1832
5224	34.7212	20.1999
5193	34.7499	20.2165
5168	34.7785	20.2332
5142	34.8072	20.2499
5116	34.8358	20.2666
5093	34.8645	20.2832
5068	34.8931	20.2999
5042	34.9218	20.3166
5022	34.9504	20.3332
4993	34.9791	20.3499
4968	35.0077	20.3666
4940	35.0364	20.3832
4921	35.065	20.3999
4898	35.0937	20.4166
4878	35.1223	20.4333
4852	35.151	20.4499
4831	35.1796	20.4666
4810	35.2082	20.4833
4787	35.2369	20.4999
4768	35.2655	20.5166
4741	35.2942	20.5333
4718	35.3228	20.5499
4698	35.3515	20.5666
4669	35.3801	20.5833
4648	35.4088	20.6
4627	35.4374	20.6166
4607	35.4661	20.6333
4589	35.4947	20.65
4563	35.5234	20.6666
4540	35.552	20.6833
4523	35.5807	20.7
4501	35.6093	20.7167
4479	35.638	20.7333
4455	35.6666	20.75
4438	35.6953	20.7667
4415	35.7239	20.7833
4390	35.7526	20.8
4372	35.7812	20.8167
4350	35.8099	20.8333
4327	35.8385	20.85
4303	35.8672	20.8667
4281	35.8958	20.8834
4264	35.9245	20.9
4248	35.9531	20.9167
4231	35.9818	20.9334
4209	36.0104	20.95
4187	36.0391	20.9667
4167	36.0677	20.9834
4151	36.0964	21
4131	36.125	21.0167
4111	36.1537	21.0334
4092	36.1823	21.0501
4069	36.211	21.0667
4047	36.2396	21.0834
4024	36.2683	21.1001
4010	36.2969	21.1167
3986	36.3256	21.1334
3969	36.3542	21.1501
3951	36.3829	21.1667
3930	36.4115	21.1834
3911	36.4402	21.2001
3891	36.4688	21.2168
3869	36.4975	21.2334
3852	36.5261	21.2501
3838	36.5548	21.2668
3819	36.5834	21.2834
3801	36.6121	21.3001
3777	36.6407	21.3168
3762	36.6694	21.3335
3743	36.698	21.3501
3721	36.7267	21.3668
3701	36.7553	21.3835
3681	36.784	21.4001
3667	36.8126	21.4168
3653	36.8413	21.4335
3634	36.8699	21.4501
3616	36.8985	21.4668
3595	36.9272	21.4835
3573	36.9558	21.5002
3559	36.9845	21.5168
3544	37.0131	21.5335
3531	37.0418	21.5502
3509	37.0704	21.5668
3495	37.0991	21.5835
3481	37.1277	21.6002
3462	37.1564	21.6168
3444	37.185	21.6335
3429	37.2137	21.6502
3412	37.2423	21.6669
3397	37.271	21.6835
3378	37.2996	21.7002
3365	37.3283	21.7169
3349	37.3569	21.7335
3336	37.3856	21.7502
3322	37.4142	21.7669
3304	37.4429	21.7835
3293	37.4715	21.8002
3276	37.5002	21.8169
3257	37.5288	21.8336
3242	37.5575	21.8502
3227	37.5861	21.8669
3213	37.6148	21.8836
3199	37.6434	21.9002
3184	37.6721	21.9169
3170	37.7007	21.9336
3157	37.7294	21.9502
3138	37.758	21.9669
3125	37.7867	21.9836
3113	37.8153	22.0003
3096	37.844	22.0169
3082	37.8726	22.0336
3066	37.9013	22.0503
3053	37.9299	22.0669
3037	37.9586	22.0836
3022	37.9872	22.1003
3008	38.0159	22.117
2990	38.0445	22.1336
2975	38.0732	22.1503
2964	38.1018	22.167
2955	38.1305	22.1836
2941	38.1591	22.2003
2924	38.1878	22.217
2909	38.2164	22.2336
2897	38.2451	22.2503
2881	38.2737	22.267
2867	38.3024	22.2837
2856	38.331	22.3003
2844	38.3597	22.317
2828	38.3883	22.3337
2811	38.417	22.3503
2799	38.4456	22.367
2783	38.4743	22.3837
2770	38.5029	22.4003
2761	38.5316	22.417
2745	38.5602	22.4337
2730	38.5889	22.4504
2718	38.6175	22.467
2707	38.6461	22.4837
2691	38.6748	22.5004
2683	38.7034	22.517
2670	38.7321	22.5337
2654	38.7607	22.5504
2641	38.7894	22.567
2630	38.818	22.5837
2619	38.8467	22.6004
2602	38.8753	22.6171
2592	38.904	22.6337
2583	38.9326	22.6504
2573	38.9613	22.6671
2562	38.9899	22.6837
2550	39.0186	22.7004
2541	39.0472	22.7171
2526	39.0759	22.7337
2515	39.1045	22.7504
2501	39.1332	22.7671
2486	39.1618	22.7838
2475	39.1905	22.8004
2464	39.2191	22.8171
2455	39.2478	22.8338
2442	39.2764	22.8504
2432	39.3051	22.8671
2421	39.3337	22.8838
2408	39.3624	22.9005
2399	39.391	22.9171
2388	39.4197	22.9338
2371	39.4483	22.9505
2361	39.477	22.9671
2350	39.5056	22.9838
2340	39.5343	23.0005
2327	39.5629	23.0171
2318	39.5916	23.0338
2305	39.6202	23.0505
2294	39.6489	23.0672
2284	39.6775	23.0838
2271	39.7062	23.1005
2261	39.7348	23.1172
2249	39.7635	23.1338
2243	39.7921	23.1505
2229	39.8208	23.1672
2218	39.8494	23.1838
2208	39.8781	23.2005
2197	39.9067	23.2172
2190	39.9354	23.2339
2176	39.964	23.2505
2168	39.9927	23.2672
2158	40.0213	23.2839
2145	40.05	23.3005
2135	40.0786	23.3172
2126	40.1073	23.3339
2118	40.1359	23.3505
2108	40.1646	23.3672
2098	40.1932	23.3839
2088	40.2219	23.4006
2075	40.2505	23.4172
2068	40.2792	23.4339
2058	40.3078	23.4506
2050	40.3365	23.4672
2040	40.3651	23.4839
2031	40.3937	23.5006
2021	40.4224	23.5173
2010	40.451	23.5339
2002	40.4797	23.5506
1993	40.5083	23.5673
1981	40.537	23.5839
1969	40.5656	23.6006
1961	40.5943	23.6173
1953	40.6229	23.6339
1942	40.6516	23.6506
1932	40.6802	23.6673
1922	40.7089	23.684
1915	40.7375	23.7006
1903	40.7662	23.7173
1900	40.7948	23.734
1890	40.8235	23.7506
1881	40.8521	23.7673
1874	40.8808	23.784
1863	40.9094	23.8006
1853	40.9381	23.8173
1844	40.9667	23.834
1837	40.9954	23.8507
1828	41.024	23.8673
1819	41.0527	23.884
1809	41.0813	23.9007
1801	41.11	23.9173
1794	41.1386	23.934
1788	41.1673	23.9507
1777	41.1959	23.9673
1771	41.2246	23.984
1763	41.2532	24.0007
1754	41.2819	24.0174
1744	41.3105	24.034
1737	41.3392	24.0507
1727	41.3678	24.0674
1718	41.3965	24.084
1708	41.4251	24.1007
1703	41.4538	24.1174
1694	41.4824	24.134
1688	41.5111	24.1507
1680	41.5397	24.1674
1672	41.5684	24.1841
1665	41.597	24.2007
1653	41.6257	24.2174
1648	41.6543	24.2341
1640	41.683	24.2507
1634	41.7116	24.2674
1625	41.7403	24.2841
1619	41.7689	24.3008
1609	41.7976	24.3174
1603	41.8262	24.3341
1599	41.8549	24.3508
1589	41.8835	24.3674
1582	41.9122	24.3841
1579	41.9408	24.4008
1571	41.9695	24.4174
1564	41.9981	24.4341
1556	42.0268	24.4508
1550	42.0554	24.4675
1542	42.0841	24.4841
1534	42.1127	24.5008
1526	42.1413	24.5175
1520	42.17	24.5341
1514	42.1987	24.5508
1507	42.2273	24.5675
1501	42.2559	24.5841
1493	42.2846	24.6008
1488	42.3132	24.6175
1479	42.3419	24.6342
1472	42.3705	24.6508
1464	42.3992	24.6675
1457	42.4278	24.6842
1451	42.4565	24.7008
1443	42.4851	24.7175
1436	42.5138	24.7342
1429	42.5424	24.7508
1421	42.5711	24.7675
1413	42.5997	24.7842
1408	42.6284	24.8009
1401	42.657	24.8175
1392	42.6857	24.8342
1388	42.7143	24.8509
1380	42.743	24.8675
1377	42.7716	24.8842
1367	42.8003	24.9009
1363	42.8289	24.9175
1358	42.8576	24.9342
1352	42.8862	24.9509
1346	42.9149	24.9676
1340	42.9435	24.9842
1333	42.9722	25.0009
1325	43.0008	25.0176
1319	43.0295	25.0342
1309	43.0581	25.0509
1306	43.0868	25.0676
1299	43.1154	25.0843
1293	43.1441	25.1009
1286	43.1727	25.1176
1280	43.2014	25.1343
1278	43.23	25.1509
1268	43.2587	25.1676
1264	43.2873	25.1843
1257	43.316	25.2009
1252	43.3446	25.2176
1244	43.3733	25.2343
1239	43.4019	25.251
1235	43.4306	25.2676
1232	43.4592	25.2843
1226	43.4879	25.301
1217	43.5165	25.3176
1209	43.5452	25.3343
1204	43.5738	25.351
1199	43.6025	25.3676
1192	43.6311	25.3843
1188	43.6598	25.401
1183	43.6884	25.4177
1177	43.7171	25.4343
1172	43.7457	25.451
1165	43.7744	25.4677
1160	43.803	25.4843
1154	43.8317	25.501
1147	43.8603	25.5177
1144	43.889	25.5343
1137	43.9176	25.551
1133	43.9463	25.5677
1131	43.9749	25.5844
1129	44.0035	25.601
1126	44.0322	25.6177
1117	44.0608	25.6344
1110	44.0895	25.651
1104	44.1181	25.6677
1097	44.1468	25.6844
1095	44.1754	25.701
1090	44.2041	25.7177
1083	44.2327	25.7344
1077	44.2614	25.7511
1073	44.29	25.7677
1067	44.3187	25.7844
1059	44.3473	25.8011
1056	44.376	25.8177
1050	44.4046	25.8344
1047	44.4333	25.8511
1047	44.4619	25.8678
1046	44.4906	25.8844
1036	44.5192	25.9011
1031	44.5479	25.9178
1025	44.5765	25.9344
1019	44.6052	25.9511
1015	44.6338	25.9678
1011	44.6625	25.9844
1005	44.6911	26.0011
1000	44.7198	26.0178
995	44.7484	26.0345
995	44.7771	26.0511
990	44.8057	26.0678
985	44.8344	26.0845
983	44.863	26.1011
979	44.8917	26.1178
972	44.9203	26.1345
969	44.949	26.1511
967	44.9776	26.1678
961	45.0063	26.1845
958	45.0349	26.2012
953	45.0636	26.2178
948	45.0922	26.2345
941	45.1209	26.2512
937	45.1495	26.2678
935	45.1782	26.2845
935	45.2068	26.3012
931	45.2355	26.3178
925	45.2641	26.3345
920	45.2928	26.3512
917	45.3214	26.3679
914	45.3501	26.3845
910	45.3787	26.4012
905	45.4074	26.4179
898	45.436	26.4345
893	45.4647	26.4512
887	45.4933	26.4679
883	45.522	26.4846
882	45.5506	26.5012
880	45.5793	26.5179
874	45.6079	26.5346
865	45.6366	26.5512
861	45.6652	26.5679
861	45.6939	26.5846
861	45.7225	26.6012
861	45.7511	26.6179
859	45.7798	26.6346
852	45.8084	26.6513
847	45.8371	26.6679
844	45.8657	26.6846
844	45.8944	26.7013
843	45.923	26.7179
836	45.9517	26.7346
830	45.9803	26.7513
825	46.009	26.7679
819	46.0376	26.7846
819	46.0663	26.8013
818	46.0949	26.818
813	46.1236	26.8346
809	46.1522	26.8513
804	46.1809	26.868
799	46.2095	26.8846
799	46.2382	26.9013
799	46.2668	26.918
798	46.2955	26.9346
790	46.3241	26.9513
787	46.3528	26.968
781	46.3814	26.9847
778	46.4101	27.0013
774	46.4387	27.018
769	46.4674	27.0347
769	46.496	27.0513
769	46.5247	27.068
769	46.5533	27.0847
763	46.582	27.1013
754	46.6106	27.118
748	46.6393	27.1347
742	46.6679	27.1514
737	46.6966	27.168
734	46.7252	27.1847
733	46.7539	27.2014
733	46.7825	27.218
733	46.8112	27.2347
733	46.8398	27.2514
729	46.8685	27.2681
723	46.8971	27.2847
718	46.9258	27.3014
716	46.9544	27.3181
710	46.9831	27.3347
708	47.0117	27.3514
706	47.0404	27.3681
699	47.069	27.3847
690	47.0977	27.4014
688	47.1263	27.4181
688	47.155	27.4348
688	47.1836	27.4514
688	47.2123	27.4681
688	47.2409	27.4848
687	47.2696	27.5014
680	47.2982	27.5181
679	47.3269	27.5348
679	47.3555	27.5514
678	47.3842	27.5681
672	47.4128	27.5848
662	47.4415	27.6015
657	47.4701	27.6181
651	47.4987	27.6348
650	47.5274	27.6515
650	47.556	27.6681
650	47.5847	27.6848
650	47.6133	27.7015
650	47.642	27.7181
650	47.6706	27.7348
649	47.6993	27.7515
639	47.7279	27.7682
633	47.7566	27.7848
632	47.7852	27.8015
632	47.8139	27.8182
632	47.8425	27.8348
630	47.8712	27.8515
626	47.8998	27.8682
626	47.9285	27.8848
624	47.9285	27.9015
616	47.9285	27.9182
609	47.9285	27.9349
608	47.9285	27.9515
608	47.9285	27.9682
608	47.9285	27.9849
607	47.9285	28.0015
606	47.9285	28.0182
595	47.9285	28.0349
588	47.9285	28.0516
583	47.9285	28.0682
583	47.9285	28.0849
583	47.8998	28.1016
583	47.8712	28.1182
583	47.8425	28.1349
583	47.8139	28.1516
583	47.7852	28.1682
583	47.7566	28.1849
578	47.7279	28.2016
570	47.6993	28.2183
567	47.6706	28.2349
567	47.642	28.2516
566	47.6133	28.2683
566	47.5847	28.2849
566	47.556	28.3016
561	47.5274	28.3183
554	47.4987	28.3349
553	47.4701	28.3516
553	47.4415	28.3683
553	47.4128	28.385
553	47.3842	28.4016
553	47.3555	28.4183
553	47.3269	28.435
550	47.2982	28.4516
543	47.2696	28.4683
539	47.2409	28.485
537	47.2123	28.5016
537	47.1836	28.5183
537	47.155	28.535
537	47.1263	28.5517
537	47.0977	28.5683
537	47.069	28.585
537	47.0404	28.6017
536	47.0117	28.6183
530	46.9831	28.635
525	46.9544	28.6517
524	46.9258	28.6684
524	46.8971	28.685
524	46.8685	28.7017
524	46.8398	28.7184
519	46.8112	28.735
511	46.7825	28.7517
506	46.7539	28.7684
504	46.7252	28.785
504	46.6966	28.8017
504	46.6679	28.8184
504	46.6393	28.8351
501	46.6106	28.8517
499	46.582	28.8684
499	46.5533	28.8851
499	46.5247	28.9017
499	46.496	28.9184
499	46.4674	28.9351
499	46.4387	28.9517
496	46.4101	28.9684
489	46.3814	28.9851
484	46.3528	29.0018
482	46.3241	29.0184
482	46.2955	29.0351
482	46.2668	29.0518
482	46.2382	29.0684
482	46.2095	29.0851
479	46.1809	29.1018
473	46.1522	29.1184
471	46.1236	29.1351
471	46.0949	29.1518
471	46.0663	29.1685
471	46.0376	29.1851
471	46.009	29.2018
471	45.9803	29.2185
471	45.9517	29.2351
471	45.923	29.2518
470	45.8944	29.2685
462	45.8657	29.2851
457	45.8371	29.3018
454	45.8084	29.3185
454	45.7798	29.3352
454	45.7511	29.3518
454	45.7225	29.3685
454	45.6939	29.3852
454	45.6652	29.4018
454	45.6366	29.4185
454	45.6079	29.4352
454	45.5793	29.4519
454	45.5506	29.4685
451	45.522	29.4852
443	45.4933	29.5019
442	45.4647	29.5185
442	45.436	29.5352
442	45.4074	29.5519
437	45.3787	29.5685
435	45.3501	29.5852
435	45.3214	29.6019
435	45.2928	29.6186
435	45.2641	29.6352
435	45.2355	29.6519
435	45.2068	29.6686
435	45.1782	29.6852
435	45.1495	29.7019
435	45.1209	29.7186
435	45.0922	29.7352
435	45.0636	29.7519
435	45.0349	29.7686
435	45.0063	29.7853
435	44.9776	29.8019
435	44.949	29.8186
435	44.9203	29.8353
435	44.8917	29.8519
435	44.863	29.8686
435	44.8344	29.8853
429	44.8057	29.9019
426	44.7771	29.9186
426	44.7484	29.9353
426	44.7198	29.952
426	44.6911	29.9686
426	44.6625	29.9853
426	44.6338	30.002
426	44.6052	30.0186
426	44.5765	30.0353
426	44.5479	30.052
426	44.5192	30.0686
426	44.4906	30.0853
426	44.4619	30.102
425	44.4333	30.1187
421	44.4046	30.1353
414	44.376	30.152
411	44.3473	30.1687
410	44.3187	30.1853
409	44.29	30.202
408	44.2614	30.2187
408	44.2327	30.2354
408	44.2041	30.252
408	44.1754	30.2687
408	44.1468	30.2854
408	44.1181	30.302
408	44.0895	30.3187
408	44.0608	30.3354
408	44.0322	30.352
408	44.0035	30.3687
408	43.9749	30.3854
407	43.9463	30.4021
407	43.9176	30.4187
407	43.889	30.4354
407	43.8603	30.4521
407	43.8317	30.4687
407	43.803	30.4854
407	43.7744	30.5021
407	43.7457	30.5187
407	43.7171	30.5354
407	43.6884	30.5521
407	43.6598	30.5688
407	43.6311	30.5854
407	43.6025	30.6021
407	43.5738	30.6188
407	43.5452	30.6354
407	43.5165	30.6521
407	43.4879	30.6688
407	43.4592	30.6854
407	43.4306	30.7021
407	43.4019	30.7188
407	43.3733	30.7355
407	43.3446	30.7521
407	43.316	30.7688
406	43.2873	30.7855
406	43.2587	30.8021
406	43.23	30.8188
401	43.2014	30.8355
397	43.1727	30.8521
397	43.1441	30.8688
397	43.1154	30.8855
397	43.0868	30.9022
397	43.0581	30.9188
397	43.0295	30.9355
397	43.0008	30.9522
397	42.9722	30.9688
397	42.9435	30.9855
397	42.9149	31.0022
397	42.8862	31.0189
397	42.8576	31.0355
397	42.8289	31.0522
397	42.8003	31.0689
397	42.7716	31.0855
397	42.743	31.1022
397	42.7143	31.1189
397	42.6857	31.1355
397	42.657	31.1522
397	42.6284	31.1689
397	42.5997	31.1856
397	42.5711	31.2022
397	42.5424	31.2189
397	42.5138	31.2356
397	42.4851	31.2522
397	42.4565	31.2689
397	42.4278	31.2856
397	42.3992	31.3022
396	42.3705	31.3189
396	42.3419	31.3356
396	42.3132	31.3523
396	42.2846	31.3689
396	42.2559	31.3856
396	42.2273	31.4023
396	42.1987	31.4189
396	42.17	31.4356
396	42.1413	31.4523
396	42.1127	31.4689
396	42.0841	31.4856
396	42.0554	31.5023
396	42.0268	31.519
396	41.9981	31.5356
396	41.9695	31.5523
396	41.9408	31.569
396	41.9122	31.5856
396	41.8835	31.6023
396	41.8549	31.619
396	41.8262	31.6357
396	41.7976	31.6523
396	41.7689	31.669
396	41.7403	31.6857
396	41.7116	31.7023
396	41.683	31.719
396	41.6543	31.7357
396	41.6257	31.7523
396	41.597	31.769
395	41.5684	31.7857
389	41.5397	31.8024
388	41.5111	31.819
388	41.4824	31.8357
388	41.4538	31.8524
388	41.4251	31.869
388	41.3965	31.8857
388	41.3678	31.9024
388	41.3392	31.919
388	41.3105	31.9357
388	41.2819	31.9524
388	41.2532	31.9691
388	41.2246	31.9857
388	41.1959	32.0024
388	41.1673	32.0191
388	41.1386	32.0357
388	41.11	32.0524
388	41.0813	32.0691
388	41.0527	32.0857
388	41.024	32.1024
388	40.9954	32.1191
388	40.9667	32.1358
388	40.9381	32.1524
388	40.9094	32.1691
388	40.8808	32.1858
388	40.8521	32.2024
388	40.8235	32.2191
388	40.7948	32.2358
388	40.7662	32.2524
388	40.7375	32.2691
388	40.7089	32.2858
388	40.6802	32.3025
388	40.6516	32.3191
388	40.6229	32.3358
388	40.5943	32.3525
388	40.5656	32.3691
388	40.537	32.3858
388	40.5083	32.4025
388	40.4797	32.4192
388	40.451	32.4358
388	40.4224	32.4525
388	40.3937	32.4692
388	40.3651	32.4858
388	40.3365	32.5025
388	40.3078	32.5192
388	40.2792	32.5358
388	40.2505	32.5525
388	40.2219	32.5692
388	40.1932	32.5859
388	40.1646	32.6025
388	40.1359	32.6192
388	40.1073	32.6359
388	40.0786	32.6525
388	40.05	32.6692
388	40.0213	32.6859
388	39.9927	32.7025
388	39.964	32.7192
388	39.9354	32.7359
388	39.9067	32.7526
388	39.8781	32.7692
388	39.8494	32.7859
388	39.8208	32.8026
388	39.7921	32.8192
388	39.7635	32.8359
388	39.7348	32.8526
388	39.7062	32.8692
388	39.6775	32.8859
388	39.6489	32.9026
388	39.6202	32.9193
388	39.5916	32.9359
388	39.5629	32.9526
388	39.5343	32.9693
388	39.5056	32.9859
388	39.477	33.0026
388	39.4483	33.0193
388	39.4197	33.0359
388	39.391	33.0526
388	39.3624	33.0693
388	39.3337	33.086
388	39.3051	33.1026
388	39.2764	33.1193
388	39.2478	33.136
388	39.2191	33.1526
388	39.1905	33.1693
388	39.1618	33.186
388	39.1332	33.2027
388	39.1045	33.2193
388	39.0759	33.236
388	39.0472	33.2527
388	39.0186	33.2693
388	38.9899	33.286
388	38.9613	33.3027
388	38.9326	33.3193
388	38.904	33.336
388	38.8753	33.3527
388	38.8467	33.3694
388	38.818	33.386
388	38.7894	33.4027
388	38.7607	33.4194
388	38.7321	33.436
388	38.7034	33.4527
388	38.6748	33.4694
388	38.6461	33.486
388	38.6175	33.5027
388	38.5889	33.5194
388	38.5602	33.5361
388	38.5316	33.5527
388	38.5029	33.5694
388	38.4743	33.5861
388	38.4456	33.6027
388	38.417	33.6194
388	38.3883	33.6361
388	38.3597	33.6527
388	38.331	33.6694
388	38.3024	33.6861
388	38.2737	33.7028
388	38.2451	33.7194
388	38.2164	33.7361
388	38.1878	33.7528
388	38.1591	33.7694
388	38.1305	33.7861
388	38.1018	33.8028
388	38.0732	33.8195
388	38.0445	33.8361
388	38.0159	33.8528
388	37.9872	33.8695
388	37.9586	33.8861
388	37.9299	33.9028
388	37.9013	33.9195
388	37.8726	33.9361
388	37.844	33.9528
388	37.8153	33.9695
388	37.7867	33.9862
388	37.758	34.0028
388	37.7294	34.0195
388	37.7007	34.0362
388	37.6721	34.0528
388	37.6434	34.0695
388	37.6148	34.0862
388	37.5861	34.1028
388	37.5575	34.1195
388	37.5288	34.1362
388	37.5002	34.1529
388	37.4715	34.1695
388	37.4429	34.1862
388	37.4142	34.2029
388	37.3856	34.2195
388	37.3569	34.2362
388	37.3283	34.2529
388	37.2996	34.2695
388	37.271	34.2862
388	37.2423	34.3029
388	37.2137	34.3196
388	37.185	34.3362
388	37.1564	34.3529
388	37.1277	34.3696
388	37.0991	34.3862
388	37.0704	34.4029
388	37.0418	34.4196
388	37.0131	34.4362
388	36.9845	34.4529
388	36.9558	34.4696
388	36.9272	34.4863
388	36.8985	34.5029
388	36.8699	34.5196
388	36.8413	34.5363
388	36.8126	34.5529
388	36.784	34.5696
388	36.7553	34.5863
388	36.7267	34.603
388	36.698	34.6196
388	36.6694	34.6363
388	36.6407	34.653
388	36.6121	34.6696
388	36.5834	34.6863
388	36.5548	34.703
388	36.5261	34.7196
388	36.4975	34.7363
388	36.4688	34.753
388	36.4402	34.7697
388	36.4115	34.7863
388	36.3829	34.803
388	36.3542	34.8197
388	36.3256	34.8363
388	36.2969	34.853
388	36.2683	34.8697
388	36.2396	34.8863
388	36.211	34.903
388	36.1823	34.9197
388	36.1537	34.9364
388	36.125	34.953
388	36.0964	34.9697
388	36.0677	34.9864
388	36.0391	35.003
388	36.0104	35.0197
388	35.9818	35.0364
388	35.9531	35.053
388	35.9245	35.0697
388	35.8958	35.0864
388	35.8672	35.1031
388	35.8385	35.1197
388	35.8099	35.1364
388	35.7812	35.1531
388	35.7526	35.1697
388	35.7239	35.1864
388	35.6953	35.2031
387	35.6666	35.2197
387	35.638	35.2364
387	35.6093	35.2531
387	35.5807	35.2698
387	35.552	35.2864
387	35.5234	35.3031
387	35.4947	35.3198
387	35.4661	35.3364
387	35.4374	35.3531
387	35.4088	35.3698
387	35.3801	35.3865
387	35.3515	35.4031
387	35.3228	35.4198
387	35.2942	35.4365
387	35.2655	35.4531
387	35.2369	35.4698
387	35.2082	35.4865
387	35.1796	35.5031
387	35.151	35.5198
387	35.1223	35.5365
387	35.0937	35.5532
387	35.065	35.5698
387	35.0364	35.5865
387	35.0077	35.6032
387	34.9791	35.6198
387	34.9504	35.6365
387	34.9218	35.6532
387	34.8931	35.6698
387	34.8645	35.6865
387	34.8358	35.7032
387	34.8072	35.7199
387	34.7785	35.7365
387	34.7499	35.7532
387	34.7212	35.7699
387	34.6926	35.7865
387	34.6639	35.8032
387	34.6353	35.8199
387	34.6066	35.8365
387	34.578	35.8532
387	34.5493	35.8699
387	34.5207	35.8866
387	34.492	35.9032
387	34.4634	35.9199
387	34.4347	35.9366
387	34.4061	35.9532
387	34.3774	35.9699
387	34.3488	35.9866
387	34.3201	36.0033
387	34.2915	36.0199
387	34.2628	36.0366
387	34.2342	36.0533
387	34.2055	36.0699
387	34.1769	36.0866
387	34.1482	36.1033
387	34.1196	36.1199
387	34.0909	36.1366
387	34.0623	36.1533
387	34.0336	36.17
387	34.005	36.1866
387	33.9763	36.2033
387	33.9477	36.22
387	33.919	36.2366
387	33.8904	36.2533
387	33.8617	36.27
387	33.8331	36.2866
387	33.8044	36.3033
387	33.7758	36.32
387	33.7471	36.3367
387	33.7185	36.3533
387	33.6898	36.37
387	33.6612	36.3867
387	33.6325	36.4033
387	33.6039	36.42
387	33.5752	36.4367
387	33.5466	36.4533
387	33.5179	36.47
387	33.4893	36.4867
387	33.4606	36.5034
387	33.432	36.52
387	33.4034	36.5367
387	33.3747	36.5534
387	33.3461	36.57
387	33.3174	36.5867
387	33.2888	36.6034
387	33.2601	36.62
387	33.2315	36.6367
387	33.2028	36.6534
387	33.1742	36.6701
387	33.1455	36.6867
387	33.1169	36.7034
387	33.0882	36.7201
387	33.0596	36.7367
387	33.0309	36.7534
387	33.0023	36.7701
387	32.9736	36.7868
387	32.945	36.8034
387	32.9163	36.8201
387	32.8877	36.8368
387	32.859	36.8534
387	32.8304	36.8701
387	32.8017	36.8868
387	32.7731	36.9034
387	32.7444	36.9201
387	32.7158	36.9368
387	32.6871	36.9535
387	32.6585	36.9701
387	32.6298	36.9868
387	32.6012	37.0035
387	32.5725	37.0201
387	32.5439	37.0368
387	32.5152	37.0535
387	32.4866	37.0701
387	32.4579	37.0868
387	32.4293	37.1035
387	32.4006	37.1202
387	32.372	37.1368
387	32.3433	37.1535
387	32.3147	37.1702
387	32.286	37.1868
387	32.2574	37.2035
387	32.2287	37.2202
387	32.2001	37.2368
387	32.1714	37.2535
387	32.1428	37.2702
387	32.1141	37.2869
387	32.0855	37.3035
387	32.0568	37.3202
387	32.0282	37.3369
387	31.9995	37.3535
387	31.9709	37.3702
387	31.9422	37.3869
387	31.9136	37.4035
387	31.8849	37.4202
387	31.8563	37.4369
387	31.8276	37.4536
387	31.799	37.4702
387	31.7703	37.4869
387	31.7417	37.5036
387	31.713	37.5202
387	31.6844	37.5369
387	31.6557	37.5536
387	31.6271	37.5703
387	31.5984	37.5869
387	31.5698	37.6036
387	31.5412	37.6203
387	31.5125	37.6369
387	31.4839	37.6536
387	31.4552	37.6703
387	31.4266	37.6869
387	31.3979	37.7036
387	31.3693	37.7203
387	31.3406	37.737
387	31.312	37.7536
387	31.2833	37.7703
387	31.2547	37.787
387	31.226	37.8036
387	31.1974	37.8203
387	31.1687	37.837
387	31.1401	37.8536
387	31.1114	37.8703
387	31.0828	37.887
387	31.0541	37.9037
387	31.0255	37.9203
387	30.9968	37.937
387	30.9682	37.9537
387	30.9395	37.9703
387	30.9109	37.987
387	30.8822	38.0037
387	30.8536	38.0203
387	30.8249	38.037
387	30.7963	38.0537
387	30.7676	38.0704
387	30.739	38.087
387	30.7103	38.1037
387	30.6817	38.1204
387	30.653	38.137
387	30.6244	38.1537
387	30.5957	38.1704
387	30.5671	38.187
387	30.5384	38.2037
387	30.5098	38.2204
387	30.4811	38.2371
387	30.4525	38.2537
387	30.4238	38.2704
387	30.3952	38.2871
387	30.3665	38.3037
387	30.3379	38.3204
387	30.3092	38.3371
387	30.2806	38.3538
387	30.2519	38.3704
387	30.2233	38.3871
387	30.1946	38.4038
387	30.166	38.4204
387	30.1373	38.4371
387	30.1087	38.4538
387	30.08	38.4704
387	30.0514	38.4871
387	30.0227	38.5038
387	29.9941	38.5205
387	29.9654	38.5371
387	29.9368	38.5538
387	29.9081	38.5705
387	29.8795	38.5871
387	29.8508	38.6038
387	29.8222	38.6205
387	29.7936	38.6371
387	29.7649	38.6538
387	29.7363	38.6705
387	29.7076	38.6872
387	29.679	38.7038
387	29.6503	38.7205
387	29.6217	38.7372
387	29.593	38.7538
387	29.5644	38.7705
387	29.5357	38.7872
387	29.5071	38.8038
387	29.4784	38.8205
387	29.4498	38.8372
387	29.4211	38.8539
387	29.3925	38.8705
387	29.3638	38.8872
387	29.3352	38.9039
387	29.3065	38.9205
387	29.2779	38.9372
387	29.2492	38.9539
387	29.2206	38.9706
387	29.1919	38.9872
387	29.1633	39.0039
387	29.1346	39.0206
387	29.106	39.0372
387	29.0773	39.0539
387	29.0487	39.0706
387	29.02	39.0872
387	28.9914	39.1039
387	28.9627	39.1206
387	28.9341	39.1373
387	28.9054	39.1539
387	28.8768	39.1706
387	28.8481	39.1873
387	28.8195	39.2039
387	28.7908	39.2206
387	28.7622	39.2373
387	28.7335	39.2539
387	28.7049	39.2706
387	28.6762	39.2873
387	28.6476	39.304
387	28.6189	39.3206
387	28.5903	39.3373
387	28.5616	39.354
387	28.533	39.3706
387	28.5043	39.3873
387	28.4757	39.404
387	28.4471	39.4206
387	28.4184	39.4373
387	28.3898	39.454
387	28.3611	39.4707
387	28.3325	39.4873
387	28.3038	39.504
387	28.2752	39.5207
387	28.2465	39.5373
387	28.2179	39.554
387	28.1892	39.5707
387	28.1606	39.5873
387	28.1319	39.604
387	28.1033	39.6207
387	28.0746	39.6374
387	28.046	39.654
387	28.0173	39.6707
387	27.9887	39.6874
387	27.96	39.704
387	27.9314	39.7207
387	27.9028	39.7374
387	27.8741	39.7541
387	27.8455	39.7707
387	27.8168	39.7874
387	27.7882	39.8041
387	27.7595	39.8207
387	27.7309	39.8374
387	27.7022	39.8541
387	27.6736	39.8707
387	27.6449	39.8874
387	27.6163	39.9041
387	27.5876	39.9208
387	27.559	39.9374
387	27.5303	39.9541
387	27.5017	39.9708
387	27.473	39.9874
387	27.4444	40.0041
387	27.4157	40.0208
387	27.3871	40.0374
387	27.3584	40.0541
387	27.3298	40.0708
387	27.3012	40.0875
387	27.2725	40.1041
387	27.2439	40.1208
387	27.2152	40.1375
387	27.1866	40.1541
387	27.1579	40.1708
387	27.1293	40.1875
387	27.1006	40.2041
387	27.072	40.2208
387	27.0433	40.2375
387	27.0147	40.2542
387	26.986	40.2708
387	26.9574	40.2875
387	26.9287	40.3042
387	26.9001	40.3208
387	26.8714	40.3375
387	26.8428	40.3542
387	26.8141	40.3708
387	26.7855	40.3875
387	26.7569	40.4042
387	26.7282	40.4209
387	26.6996	40.4375
387	26.6709	40.4542
387	26.6423	40.4709
387	26.6136	40.4875
387	26.585	40.5042
387	26.5563	40.5209
387	26.5277	40.5376
387	26.499	40.5542
387	26.4704	40.5709
387	26.4417	40.5876
387	26.4131	40.6042
387	26.3844	40.6209
387	26.3558	40.6376
387	26.3271	40.6542
387	26.2985	40.6709
387	26.2698	40.6876
387	26.2412	40.7043
387	26.2125	40.7209
387	26.1839	40.7376
387	26.1553	40.7543
387	26.1266	40.7709
387	26.098	40.7876
387	26.0693	40.8043
387	26.0407	40.8209
387	26.012	40.8376
387	25.9834	40.8543
387	25.9547	40.871
387	25.9261	40.8876
387	25.8974	40.9043
387	25.8688	40.921
387	25.8401	40.9376
387	25.8115	40.9543
387	25.7828	40.971
387	25.7542	40.9876
387	25.7255	41.0043
387	25.6969	41.021
387	25.6682	41.0377
387	25.6396	41.0543
387	25.611	41.071
387	25.5823	41.0877
387	25.5537	41.1043
387	25.525	41.121
387	25.4964	41.1377
387	25.4677	41.1544
387	25.4391	41.171
387	25.4104	41.1877
387	25.3818	41.2044
387	25.3531	41.221
387	25.3245	41.2377
387	25.2958	41.2544
387	25.2672	41.271
387	25.2385	41.2877
387	25.2099	41.3044
387	25.1812	41.3211
387	25.1526	41.3377
387	25.1239	41.3544
387	25.0953	41.3711
387	25.0667	41.3877
387	25.038	41.4044
387	25.0094	41.4211
387	24.9807	41.4377
387	24.9521	41.4544
387	24.9234	41.4711
387	24.8948	41.4878
387	24.8661	41.5044
387	24.8375	41.5211
387	24.8088	41.5378
387	24.7802	41.5544
387	24.7515	41.5711
387	24.7229	41.5878
387	24.6942	41.6044
387	24.6656	41.6211
387	24.6369	41.6378
387	24.6083	41.6545
387	24.5796	41.6711
387	24.551	41.6878
387	24.5223	41.7045
387	24.4937	41.7211
387	24.4651	41.7378
387	24.4364	41.7545
387	24.4078	41.7711
387	24.3791	41.7878
387	24.3505	41.8045
387	24.3218	41.8212
387	24.2932	41.8378
387	24.2645	41.8545
387	24.2359	41.8712
387	24.2072	41.8878
387	24.1786	41.9045
387	24.1499	41.9212
387	24.1213	41.9379
387	24.0926	41.9545
387	24.064	41.9712
387	24.0353	41.9879
387	24.0067	42.0045
387	23.978	42.0212
387	23.9494	42.0379
387	23.9208	42.0545
387	23.8921	42.0712
387	23.8635	42.0879
387	23.8348	42.1046
387	23.8062	42.1212
387	23.7775	42.1379
387	23.7489	42.1546
387	23.7202	42.1712
387	23.6916	42.1879
387	23.6629	42.2046
387	23.6343	42.2212
387	23.6056	42.2379
387	23.577	42.2546
387	23.5483	42.2713
387	23.5197	42.2879
387	23.491	42.3046
387	23.4624	42.3213
387	23.4337	42.3379
387	23.4051	42.3546
387	23.3764	42.3713
387	23.3478	42.3879
387	23.3192	42.4046
387	23.2905	42.4213
387	23.2619	42.438
387	23.2332	42.4546
387	23.2046	42.4713
387	23.1759	42.488
387	23.1473	42.5046
387	23.1186	42.5213
387	23.09	42.538
387	23.0613	42.5546
387	23.0327	42.5713
387	23.004	42.588
387	22.9754	42.6047
387	22.9467	42.6213
387	22.9181	42.638
387	22.8894	42.6547
387	22.8608	42.6713
387	22.8321	42.688
387	22.8035	42.7047
387	22.7749	42.7214
387	22.7462	42.738
387	22.7176	42.7547
387	22.6889	42.7714
387	22.6603	42.788
387	22.6316	42.8047
387	22.603	42.8214
387	22.5743	42.838
387	22.5457	42.8547
387	22.517	42.8714
387	22.4884	42.8881
387	22.4597	42.9047
387	22.4311	42.9214
387	22.4024	42.9381
387	22.3738	42.9547
387	22.3451	42.9714
387	22.3165	42.9881
387	22.2878	43.0047
387	22.2592	43.0214
387	22.2305	43.0381
387	22.2019	43.0548
387	22.1733	43.0714
387	22.1446	43.0881
387	22.116	43.1048
387	22.0873	43.1214
387	22.0587	43.1381
387	22.03	43.1548
387	22.0014	43.1714
387	21.9727	43.1881
387	21.9441	43.2048
387	21.9154	43.2215
387	21.8868	43.2381
387	21.8581	43.2548
387	21.8295	43.2715
387	21.8008	43.2881
387	21.7722	43.3048
387	21.7435	43.3215
387	21.7149	43.3382
387	21.6862	43.3548
387	21.6576	43.3715
387	21.629	43.3882
387	21.6003	43.4048
387	21.5717	43.4215
387	21.543	43.4382
387	21.5144	43.4548
387	21.4857	43.4715
387	21.4571	43.4882
387	21.4284	43.5049
387	21.3998	43.5215
387	21.3711	43.5382
387	21.3425	43.5549
387	21.3138	43.5715
387	21.2852	43.5882
387	21.2565	43.6049
387	21.2279	43.6215
387	21.1992	43.6382
387	21.1706	43.6549
387	21.1419	43.6716
387	21.1133	43.6882
387	21.0847	43.7049
387	21.056	43.7216
387	21.0274	43.7382
387	20.9987	43.7549
387	20.9701	43.7716
387	20.9414	43.7882
387	20.9128	43.8049
387	20.8841	43.8216
387	20.8555	43.8383
387	20.8268	43.8549
387	20.7982	43.8716
387	20.7695	43.8883
387	20.7409	43.9049
387	20.7122	43.9216
387	20.6836	43.9383
387	20.6549	43.9549
387	20.6263	43.9716
387	20.5976	43.9883
387	20.569	44.005
387	20.5403	44.0216
387	20.5117	44.0383
387	20.4831	44.055
387	20.4544	44.0716
387	20.4258	44.0883
387	20.3971	44.105
387	20.3685	44.1217
387	20.3398	44.1383
387	20.3112	44.155
387	20.2825	44.1717
387	20.2539	44.1883
387	20.2252	44.205
387	20.1966	44.2217
387	20.1679	44.2383
387	20.1393	44.255
387	20.1106	44.2717
387	20.082	44.2884
387	20.0533	44.305
387	20.0247	44.3217
387	19.996	44.3384
387	19.9674	44.355
387	19.9388	44.3717
387	19.9101	44.3884
387	19.8815	44.405
387	19.8528	44.4217
387	19.8242	44.4384
387	19.7955	44.4551
387	19.7669	44.4717
387	19.7382	44.4884
387	19.7096	44.5051
387	19.6809	44.5217
387	19.6523	44.5384
387	19.6236	44.5551
387	19.595	44.5717
387	19.5663	44.5884
387	19.5377	44.6051
387	19.509	44.6218
387	19.4804	44.6384
387	19.4517	44.6551
387	19.4231	44.6718
387	19.3944	44.6884
387	19.3658	44.7051
387	19.3372	44.7218
387	19.3085	44.7384
387	19.2799	44.7551
387	19.2512	44.7718
387	19.2226	44.7885
387	19.1939	44.8051
387	19.1653	44.8218
387	19.1366	44.8385
387	19.108	44.8551
387	19.0793	44.8718
387	19.0507	44.8885
387	19.022	44.9052
387	18.9934	44.9218
387	18.9647	44.9385
387	18.9361	44.9552
387	18.9074	44.9718
387	18.8788	44.9885
387	18.8501	45.0052
387	18.8215	45.0218
387	18.7929	45.0385
387	18.7642	45.0552
387	18.7356	45.0719
387	18.7069	45.0885
387	18.6783	45.1052
387	18.6496	45.1219
387	18.621	45.1385
387	18.5923	45.1552
387	18.5637	45.1719
387	18.535	45.1885
387	18.5064	45.2052
387	18.4777	45.2219
387	18.4491	45.2386
387	18.4204	45.2552
387	18.3918	45.2719
387	18.3631	45.2886
387	18.3345	45.3052
387	18.3058	45.3219
387	18.2772	45.3386
387	18.2486	45.3552
387	18.2199	45.3719
387	18.1913	45.3886
387	18.1626	45.4053
387	18.134	45.4219
387	18.1053	45.4386
387	18.0767	45.4553
387	18.048	45.4719
387	18.0194	45.4886
387	17.9907	45.5053
387	17.9621	45.5219
387	17.9334	45.5386
387	17.9048	45.5553
387	17.8761	45.572
387	17.8475	45.5886
387	17.8188	45.6053
387	17.7902	45.622
387	17.7615	45.6386
387	17.7329	45.6553
387	17.7042	45.672
387	17.6756	45.6887
387	17.647	45.7053
387	17.6183	45.722
387	17.5897	45.7387
387	17.561	45.7553
387	17.5324	45.772
387	17.5037	45.7887
387	17.4751	45.8053
387	17.4464	45.822
387	17.4178	45.8387
387	17.3891	45.8554
387	17.3605	45.872
387	17.3318	45.8887
387	17.3032	45.9054
387	17.2745	45.922
387	17.2459	45.9387
387	17.2172	45.9554
387	17.1886	45.972
387	17.1599	45.9887
387	17.1313	46.0054
387	17.1026	46.0221
387	17.074	46.0387
387	17.0454	46.0554
387	17.0167	46.0721
387	16.9881	46.0887
387	16.9594	46.1054
387	16.9308	46.1221
387	16.9021	46.1387
387	16.8735	46.1554
387	16.8448	46.1721
387	16.8162	46.1888
387	16.7875	46.2054
387	16.7589	46.2221
387	16.7302	46.2388
387	16.7016	46.2554
387	16.6729	46.2721
387	16.6443	46.2888
387	16.6156	46.3055
387	16.587	46.3221
387	16.5583	46.3388
387	16.5297	46.3555
387	16.5011	46.3721
387	16.4724	46.3888
387	16.4438	46.4055
387	16.4151	46.4221
387	16.3865	46.4388
387	16.3578	46.4555
387	16.3292	46.4722
387	16.3005	46.4888
387	16.2719	46.5055
387	16.2432	46.5222
387	16.2146	46.5388
387	16.1859	46.5555
387	16.1573	46.5722
387	16.1286	46.5888
387	16.1	46.6055
387	16.0713	46.6222
387	16.0427	46.6389
387	16.014	46.6555
387	15.9854	46.6722
387	15.9568	46.6889
387	15.9281	46.7055
387	15.8995	46.7222
387	15.8708	46.7389
387	15.8422	46.7555
387	15.8135	46.7722
387	15.7849	46.7889
387	15.7562	46.8056
387	15.7276	46.8222
387	15.6989	46.8389
387	15.6703	46.8556
387	15.6416	46.8722
387	15.613	46.8889
387	15.5843	46.9056
387	15.5557	46.9222
387	15.527	46.9389
387	15.4984	46.9556
387	15.4697	46.9723
387	15.4411	46.9889
387	15.4124	47.0056
387	15.3838	47.0223
387	15.3552	47.0389
387	15.3265	47.0556
387	15.2979	47.0723
387	15.2692	47.089
387	15.2406	47.1056
387	15.2119	47.1223
387	15.1833	47.139
387	15.1546	47.1556
387	15.126	47.1723
387	15.0973	47.189
387	15.0687	47.2056
387	15.04	47.2223
387	15.0114	47.239
387	14.9827	47.2557
387	14.9541	47.2723
387	14.9254	47.289
387	14.8968	47.3057
387	14.8681	47.3223
387	14.8395	47.339
387	14.8109	47.3557
387	14.7822	47.3723
387	14.7536	47.389
387	14.7249	47.4057
387	14.6963	47.4224
387	14.6676	47.439
387	14.639	47.4557
387	14.6103	47.4724
387	14.5817	47.489
387	14.553	47.5057
387	14.5244	47.5224
387	14.4957	47.539
387	14.4671	47.5557
387	14.4384	47.5724
387	14.4098	47.5891
387	14.3811	47.6057
387	14.3525	47.6224
387	14.3238	47.6391
387	14.2952	47.6557
387	14.2666	47.6724
387	14.2379	47.6891
387	14.2093	47.7057
387	14.1806	47.7224
387	14.152	47.7391
387	14.1233	47.7558
387	14.0947	47.7724
387	14.066	47.7891
387	14.0374	47.8058
387	14.0087	47.8224
387	13.9801	47.8391
387	13.9514	47.8558
387	13.9228	47.8725
387	13.8941	47.8891
387	13.8655	47.9058
387	13.8368	47.9225
387	13.8082	47.9391
387	13.7795	47.9558
387	13.7509	47.9725
387	13.7222	47.9891
387	13.6936	48.0058
387	13.665	48.0225
387	13.6363	48.0392
387	13.6077	48.0558
387	13.579	48.0725
387	13.5504	48.0892
387	13.5217	48.1058
387	13.4931	48.1225
387	13.4644	48.1392
387	13.4358	48.1558
387	13.4071	48.1725
387	13.3785	48.1892
387	13.3498	48.2059
387	13.3212	48.2225
387	13.2925	48.2392
387	13.2639	48.2559
387	13.2352	48.2725
387	13.2066	48.2892
387	13.1779	48.3059
387	13.1493	48.3225
387	13.1207	48.3392
387	13.092	48.3559
387	13.0634	48.3726
387	13.0347	48.3892
387	13.0061	48.4059
387	12.9774	48.4226
387	12.9488	48.4392
387	12.9201	48.4559
387	12.8915	48.4726
387	12.8628	48.4893
387	12.8342	48.5059
387	12.8055	48.5226
387	12.7769	48.5393
387	12.7482	48.5559
387	12.7196	48.5726
387	12.6909	48.5893
387	12.6623	48.6059
387	12.6336	48.6226
387	12.605	48.6393
387	12.5763	48.656
387	12.5477	48.6726
387	12.5191	48.6893
387	12.4904	48.706
387	12.4618	48.7226
387	12.4331	48.7393
387	12.4045	48.756
387	12.3758	48.7726
387	12.3472	48.7893
387	12.3185	48.806
387	12.2899	48.8227
387	12.2612	48.8393
387	12.2326	48.856
387	12.2039	48.8727
387	12.1753	48.8893
387	12.1466	48.906
387	12.118	48.9227
387	12.0893	48.9393
387	12.0607	48.956
387	12.032	48.9727
387	12.0034	48.9894
387	11.9748	49.006
387	11.9461	49.0227
387	11.9175	49.0394
387	11.8888	49.056
387	11.8602	49.0727
387	11.8315	49.0894
387	11.8029	49.106
387	11.7742	49.1227
387	11.7456	49.1394
387	11.7169	49.1561
387	11.6883	49.1727
387	11.6596	49.1894
387	11.631	49.2061
387	11.6023	49.2227
387	11.5737	49.2394
387	11.545	49.2561
387	11.5164	49.2728
387	11.4877	49.2894
387	11.4591	49.3061
387	11.4304	49.3228
387	11.4018	49.3394
387	11.3732	49.3561
387	11.3445	49.3728
387	11.3159	49.3894
387	11.2872	49.4061
387	11.2586	49.4228
387	11.2299	49.4395
387	11.2013	49.4561
387	11.1726	49.4728
387	11.144	49.4895
387	11.1153	49.5061
387	11.0867	49.5228
387	11.058	49.5395
387	11.0294	49.5561
387	11.0007	49.5728
387	10.9721	49.5895
387	10.9434	49.6062
387	10.9148	49.6228
387	10.8861	49.6395
387	10.8575	49.6562
387	10.8289	49.6728
387	10.8002	49.6895
387	10.7716	49.7062
387	10.7429	49.7228
387	10.7143	49.7395
387	10.6856	49.7562
387	10.657	49.7729
387	10.6283	49.7895
387	10.5997	49.8062
387	10.571	49.8229
387	10.5424	49.8395
387	10.5137	49.8562
387	10.4851	49.8729
387	10.4564	49.8895
387	10.4278	49.9062
387	10.3991	49.9229
387	10.3705	49.9396
387	10.3418	49.9562
387	10.3132	49.9729
387	10.2845	49.9896
387	10.2559	50.0062
387	10.2273	50.0229
387	10.1986	50.0396
387	10.17	50.0563
387	10.1413	50.0729
387	10.1127	50.0896
387	10.084	50.1063
387	10.0554	50.1229
387	10.0267	50.1396
387	9.99808	50.1563
387	9.96943	50.1729
387	9.94078	50.1896
387	9.91213	50.2063
387	9.88348	50.223
387	9.85484	50.2396
387	9.82619	50.2563
387	9.79754	50.273
387	9.7689	50.2896
387	9.74025	50.3063
387	9.7116	50.323
387	9.68295	50.3396
387	9.65431	50.3563
387	9.62566	50.373
387	9.59701	50.3897
387	9.56836	50.4063
387	9.53972	50.423
387	9.51107	50.4397
387	9.48242	50.4563
387	9.45377	50.473
387	9.42513	50.4897
387	9.39648	50.5063
387	9.36783	50.523
387	9.33918	50.5397
387	9.31054	50.5564
387	9.28189	50.573
387	9.25324	50.5897
387	9.22459	50.6064
387	9.19595	50.623
387	9.1673	50.6397
387	9.13865	50.6564
387	9.11	50.673
387	9.08136	50.6897
387	9.05271	50.7064
387	9.02406	50.7231
387	8.99541	50.7397
387	8.96677	50.7564
387	8.93812	50.7731
387	8.90947	50.7897
387	8.88082	50.8064
387	8.85218	50.8231
387	8.82353	50.8398
387	8.79488	50.8564
387	8.76623	50.8731
387	8.73759	50.8898
387	8.70894	50.9064
387	8.68029	50.9231
387	8.65164	50.9398
387	8.623	50.9564
387	8.59435	50.9731
387	8.5657	50.9898
387	8.53705	51.0065
387	8.50841	51.0231
387	8.47976	51.0398
387	8.45111	51.0565
387	8.42246	51.0731
387	8.39382	51.0898
387	8.36517	51.1065
387	8.33652	51.1231
387	8.30787	51.1398
387	8.27923	51.1565
387	8.25058	51.1732
387	8.22193	51.1898
387	8.19328	51.2065
387	8.16464	51.2232
387	8.13599	51.2398
387	8.10734	51.2565
387	8.07869	51.2732
387	8.05005	51.2898
387	8.0214	51.3065
387	7.99275	51.3232
387	7.9641	51.3399
387	7.93546	51.3565
387	7.90681	51.3732
387	7.87816	51.3899
387	7.84951	51.4065
387	7.82087	51.4232
387	7.79222	51.4399
387	7.76357	51.4566
387	7.73492	51.4732
387	7.70628	51.4899
387	7.67763	51.5066
387	7.64898	51.5232
387	7.62033	51.5399
387	7.59169	51.5566
387	7.56304	51.5732
387	7.53439	51.5899
387	7.50574	51.6066
387	7.4771	51.6233
387	7.44845	51.6399
387	7.4198	51.6566
387	7.39115	51.6733
387	7.36251	51.6899
387	7.33386	51.7066
387	7.30521	51.7233
387	7.27656	51.7399
387	7.24792	51.7566
387	7.21927	51.7733
387	7.19062	51.79
387	7.16197	51.8066
387	7.13333	51.8233
387	7.10468	51.84
387	7.07603	51.8566
387	7.04738	51.8733
387	7.01873	51.89
387	6.99009	51.9066
387	6.96144	51.9233
387	6.93279	51.94
387	6.90414	51.9567
387	6.8755	51.9733
387	6.84685	51.99
387	6.8182	52.0067
387	6.78955	52.0233
387	6.7609	52.04
387	6.73226	52.0567
387	6.70361	52.0733
387	6.67496	52.09
387	6.64631	52.1067
387	6.61766	52.1234
387	6.58902	52.14
387	6.56037	52.1567
387	6.53172	52.1734
387	6.50307	52.19
387	6.47442	52.2067
387	6.44578	52.2234
387	6.41713	52.2401
387	6.38848	52.2567
387	6.35983	52.2734
387	6.33119	52.2901
387	6.30254	52.3067
387	6.27389	52.3234
387	6.24524	52.3401
387	6.21659	52.3567
387	6.18795	52.3734
387	6.1593	52.3901
387	6.13065	52.4068
387	6.102	52.4234
387	6.07335	52.4401
387	6.04471	52.4568
387	6.01606	52.4734
387	5.98741	52.4901
387	5.95876	52.5068
387	5.93011	52.5234
387	5.90147	52.5401
387	5.87282	52.5568
387	5.84417	52.5735
387	5.81552	52.5901
387	5.78687	52.6068
387	5.75823	52.6235
387	5.72958	52.6401
387	5.70093	52.6568
387	5.67228	52.6735
387	5.64364	52.6901
387	5.61499	52.7068
387	5.58634	52.7235
387	5.55769	52.7402
387	5.52904	52.7568
387	5.5004	52.7735
387	5.47175	52.7902
387	5.4431	52.8068
387	5.41445	52.8235
387	5.3858	52.8402
387	5.35716	52.8568
387	5.32851	52.8735
387	5.29986	52.8902
387	5.27121	52.9069
387	5.24256	52.9235
387	5.21392	52.9402
387	5.18527	52.9569
387	5.15662	52.9735
387	5.12797	52.9902
387	5.09933	53.0069
387	5.07068	53.0236
387	5.04203	53.0402
387	5.01338	53.0569
387	4.98473	53.0736
387	4.95609	53.0902
387	4.92744	53.1069
387	4.89879	53.1236
387	4.87014	53.1402
387	4.84149	53.1569
387	4.81285	53.1736
387	4.7842	53.1903
387	4.75555	53.2069
387	4.7269	53.2236
387	4.69825	53.2403
387	4.66961	53.2569
387	4.64096	53.2736
387	4.61231	53.2903
387	4.58366	53.3069
387	4.55501	53.3236
387	4.52637	53.3403
387	4.49772	53.357
387	4.46907	53.3736
387	4.44042	53.3903
387	4.41178	53.407
387	4.38313	53.4236
387	4.35448	53.4403
387	4.32583	53.457
387	4.29718	53.4736
387	4.26854	53.4903
387	4.23989	53.507
387	4.21124	53.5237
387	4.18259	53.5403
387	4.15394	53.557
387	4.1253	53.5737
387	4.09665	53.5903
387	4.068	53.607
387	4.03935	53.6237
387	4.0107	53.6404
387	3.98206	53.657
387	3.95341	53.6737
387	3.92476	53.6904
387	3.89611	53.707
387	3.86747	53.7237
387	3.83882	53.7404
387	3.81017	53.757
387	3.78152	53.7737
387	3.75287	53.7904
387	3.72423	53.8071
387	3.69558	53.8237
387	3.66693	53.8404
387	3.63828	53.8571
387	3.60963	53.8737
387	3.58099	53.8904
387	3.55234	53.9071
387	3.52369	53.9237
387	3.49504	53.9404
387	3.46639	53.9571
387	3.43775	53.9738
387	3.4091	53.9904
387	3.38045	54.0071
387	3.3518	54.0238
387	3.32315	54.0404
387	3.29451	54.0571
387	3.26586	54.0738
387	3.23721	54.0904
387	3.20856	54.1071
387	3.17992	54.1238
387	3.15127	54.1405
387	3.12262	54.1571
387	3.09397	54.1738
387	3.06532	54.1905
387	3.03668	54.2071
387	3.00803	54.2238
387	2.97938	54.2405
387	2.95073	54.2571
387	2.92208	54.2738
387	2.89344	54.2905
387	2.86479	54.3072
387	2.83614	54.3238
387	2.80749	54.3405
387	2.77884	54.3572
387	2.7502	54.3738
387	2.72155	54.3905
387	2.6929	54.4072
387	2.66425	54.4239
387	2.63561	54.4405
387	2.60696	54.4572
387	2.57831	54.4739
387	2.54966	54.4905
387	2.52101	54.5072
387	2.49237	54.5239
387	2.46372	54.5405
387	2.43507	54.5572
387	2.40642	54.5739
387	2.37777	54.5906
387	2.34913	54.6072
387	2.32048	54.6239
387	2.29183	54.6406
387	2.26318	54.6572
387	2.23453	54.6739
387	2.20589	54.6906
387	2.17724	54.7072
387	2.14859	54.7239
387	2.11994	54.7406
387	2.09129	54.7573
387	2.06265	54.7739
387	2.034	54.7906
387	2.00535	54.8073
387	1.9767	54.8239
387	1.94806	54.8406
387	1.91941	54.8573
387	1.89076	54.8739
387	1.86211	54.8906
387	1.83346	54.9073
387	1.80482	54.924
387	1.77617	54.9406
387	1.74752	54.9573
387	1.71887	54.974
387	1.69022	54.9906
387	1.66158	55.0073
387	1.63293	55.024
387	1.60428	55.0406
387	1.57563	55.0573
387	1.54699	55.074
387	1.51834	55.0907
387	1.48969	55.1073
387	1.46104	55.124
387	1.43239	55.1407
387	1.40375	55.1573
387	1.3751	55.174
387	1.34645	55.1907
387	1.3178	55.2074
387	1.28916	55.224
387	1.26051	55.2407
387	1.23186	55.2574
387	1.20321	55.274
387	1.17456	55.2907
387	1.14592	55.3074
387	1.11727	55.324
387	1.08862	55.3407
387	1.05997	55.3574
387	1.03132	55.3741
387	1.00268	55.3907
387	0.974029	55.4074
387	0.945382	55.4241
387	0.916734	55.4407
387	0.888086	55.4574
387	0.859438	55.4741
387	0.83079	55.4907
387	0.802142	55.5074
387	0.773495	55.5241
387	0.744847	55.5408
387	0.716199	55.5574
387	0.687551	55.5741
387	0.658903	55.5908
387	0.630255	55.6074
387	0.601607	55.6241
387	0.57296	55.6408
387	0.544312	55.6574
387	0.515664	55.6741
387	0.487016	55.6908
387	0.458368	55.7075
387	0.42972	55.7241
387	0.401072	55.7408
387	0.372425	55.7575
387	0.343777	55.7741
387	0.315129	55.7908
387	0.286481	55.8075
387	0.257833	55.8242
387	0.229185	55.8408
387	0.200537	55.8575
387	0.17189	55.8742
387	0.143242	55.8908
387	0.114594	55.9075
387	0.085946	55.9242
387	0.0572982	55.9408
387	0.0286503	55.9575
387	2.46127e-06	55.9742
387	-0.0286454	55.9909
387	0	56.0075
387	0	56.0242
387	0	56.0409
387	0	56.0575
387	0	56.0742
387	0	56.0909
387	0	56.1075
387	0	56.1242
387	0	56.1409
387	0	56.1576
387	0	56.1742
387	0	56.1909
387	0	56.2076
387	0	56.2242
387	0	56.2409
387	0	56.2576
387	0	56.2742
387	0	56.2909
387	0	56.3076
387	0	56.3243
387	0	56.3409
387	0	56.3576
387	0	56.3743
387	0	56.3909
387	0	56.4076
387	0	56.4243
387	0	56.4409
387	0	56.4576
387	0	56.4743
387	0	56.491
387	0	56.5076
387	0	56.5243
387	0	56.541
387	0	56.5576
387	0	56.5743
387	0	56.591
387	0	56.6077
387	0	56.6243
387	0	56.641
387	0	56.6577
387	0	56.6743
387	0	56.691
387	0	56.7077
387	0	56.7243
387	0	56.741
387	0	56.7577
387	0	56.7744
387	0	56.791
387	0	56.8077
387	0	56.8244
387	0	56.841
387	0	56.8577
387	0	56.8744
387	0	56.891
387	0	56.9077
387	0	56.9244
387	0	56.9411
387	0	56.9577
387	0	56.9744
387	0	56.9911
