inside_count	theta (degrees)	time (s)
27996	0.0286479	0.0160751
27996	0.0572957	0.0327415
27996	0.0859435	0.049408
27996	0.114591	0.0660744
27996	0.143239	0.0827408
27996	0.171887	0.0994072
27996	0.200535	0.116074
27996	0.229183	0.13274
27996	0.257831	0.149406
27996	0.286479	0.166073
27996	0.315126	0.182739
27996	0.343774	0.199406
27996	0.372422	0.216072
27996	0.40107	0.232738
27996	0.429718	0.249405
27996	0.458366	0.266071
27996	0.487013	0.282738
27996	0.515661	0.299404
27996	0.544309	0.316071
27996	0.572957	0.332737
27996	0.601605	0.349403
27996	0.630253	0.36607
27996	0.658901	0.382736
27996	0.687548	0.399403
27996	0.716196	0.416069
27996	0.744844	0.432735
27996	0.773492	0.449402
27996	0.80214	0.466068
27996	0.830788	0.482735
27996	0.859436	0.499401
27996	0.888083	0.516068
27996	0.916731	0.532734
27996	0.945379	0.5494
27996	0.974027	0.566067
27996	1.00267	0.582733
27996	1.03132	0.5994
27996	1.05997	0.616066
27996	1.08862	0.632732
27996	1.11727	0.649399
27996	1.14591	0.666065
27996	1.17456	0.682732
27996	1.20321	0.699398
27996	1.23186	0.716064
27996	1.2605	0.732731
27996	1.28915	0.749397
27996	1.3178	0.766064
27996	1.34645	0.78273
27996	1.3751	0.799397
27996	1.40374	0.816063
27996	1.43239	0.832729
27996	1.46104	0.849396
27996	1.48969	0.866062
27996	1.51834	0.882729
27996	1.54698	0.899395
27996	1.57563	0.916061
27996	1.60428	0.932728
27996	1.63293	0.949394
27996	1.66157	0.966061
27996	1.69022	0.982727
27996	1.71887	0.999393
27996	1.74752	1.01606
27996	1.77617	1.03273
27996	1.80481	1.04939
27996	1.83346	1.06606
27996	1.86211	1.08273
27996	1.89076	1.09939
27996	1.9194	1.11606
27996	1.94805	1.13272
27996	1.9767	1.14939
27996	2.00535	1.16606
27996	2.034	1.18272
27996	2.06264	1.19939
27996	2.09129	1.21606
27996	2.11994	1.23272
27996	2.14859	1.24939
27996	2.17724	1.26606
27996	2.20588	1.28272
27996	2.23453	1.29939
27996	2.26318	1.31606
27996	2.29183	1.33272
27996	2.32048	1.34939
27996	2.34912	1.36605
27996	2.37777	1.38272
27996	2.40642	1.39939
27996	2.43507	1.41605
27996	2.46372	1.43272
27996	2.49236	1.44939
27996	2.52101	1.46605
27996	2.54966	1.48272
27996	2.57831	1.49939
27996	2.60695	1.51605
27996	2.6356	1.53272
27996	2.66425	1.54939
27996	2.6929	1.56605
27996	2.72155	1.58272
27996	2.75019	1.59938
27996	2.77884	1.61605
27996	2.80749	1.63272
27996	2.83614	1.64938
27996	2.86479	1.66605
27996	2.89343	1.68272
27996	2.92208	1.69938
27996	2.95073	1.71605
27996	2.97938	1.73272
27996	3.00803	1.74938
27996	3.03667	1.76605
27996	3.06532	1.78271
27996	3.09397	1.79938
27996	3.12262	1.81605
27996	3.15126	1.83271
27996	3.17991	1.84938
27996	3.20856	1.86605
27996	3.23721	1.88271
27996	3.26586	1.89938
27996	3.2945	1.91605
27996	3.32315	1.93271
27996	3.3518	1.94938
27996	3.38045	1.96605
27996	3.4091	1.98271
27996	3.43774	1.99938
27996	3.46639	2.01604
27996	3.49504	2.03271
27996	3.52369	2.04938
27996	3.55234	2.06604
27996	3.58098	2.08271
27996	3.60963	2.09938
27996	3.63828	2.11604
27996	3.66693	2.13271
27996	3.69557	2.14938
27996	3.72422	2.16604
27996	3.75287	2.18271
27996	3.78152	2.19938
27996	3.81017	2.21604
27996	3.83881	2.23271
27996	3.86746	2.24937
27996	3.89611	2.26604
27996	3.92476	2.28271
27996	3.95341	2.29937
27996	3.98205	2.31604
27996	4.0107	2.33271
27996	4.03935	2.34937
27996	4.068	2.36604
27996	4.09665	2.38271
27996	4.12529	2.39937
27996	4.15394	2.41604
27996	4.18259	2.4327
27996	4.21124	2.44937
27996	4.23989	2.46604
27996	4.26853	2.4827
27996	4.29718	2.49937
27996	4.32583	2.51604
27996	4.35448	2.5327
27996	4.38312	2.54937
27996	4.41177	2.56604
27996	4.44042	2.5827
27996	4.46907	2.59937
27996	4.49772	2.61604
27996	4.52636	2.6327
27996	4.55501	2.64937
27996	4.58366	2.66603
27996	4.61231	2.6827
27996	4.64096	2.69937
27996	4.6696	2.71603
27996	4.69825	2.7327
27996	4.7269	2.74937
27996	4.75555	2.76603
27996	4.7842	2.7827
27996	4.81284	2.79937
27996	4.84149	2.81603
27996	4.87014	2.8327
27996	4.89879	2.84937
27996	4.92743	2.86603
27996	4.95608	2.8827
27996	4.98473	2.89936
27996	5.01338	2.91603
27996	5.04203	2.9327
27996	5.07067	2.94936
27996	5.09932	2.96603
27996	5.12797	2.9827
27996	5.15662	2.99936
27996	5.18527	3.01603
27996	5.21391	3.0327
27996	5.24256	3.04936
27996	5.27121	3.06603
27996	5.29986	3.0827
27996	5.32851	3.09936
27996	5.35715	3.11603
27996	5.3858	3.13269
27996	5.41445	3.14936
27996	5.4431	3.16603
27996	5.47175	3.18269
27996	5.50039	3.19936
27996	5.52904	3.21603
27996	5.55769	3.23269
27996	5.58634	3.24936
27996	5.61498	3.26603
27996	5.64363	3.28269
27996	5.67228	3.29936
27996	5.70093	3.31602
27996	5.72958	3.33269
27996	5.75822	3.34936
27996	5.78687	3.36602
27996	5.81552	3.38269
27996	5.84417	3.39936
27996	5.87282	3.41602
27996	5.90146	3.43269
27996	5.93011	3.44936
27996	5.95876	3.46602
27996	5.98741	3.48269
27996	6.01606	3.49936
27996	6.0447	3.51602
27996	6.07335	3.53269
27996	6.102	3.54935
27996	6.13065	3.56602
27996	6.1593	3.58269
27996	6.18794	3.59935
27996	6.21659	3.61602
27996	6.24524	3.63269
27996	6.27389	3.64935
27996	6.30253	3.66602
27996	6.33118	3.68269
27996	6.35983	3.69935
27996	6.38848	3.71602
27996	6.41713	3.73269
27996	6.44577	3.74935
27996	6.47442	3.76602
27996	6.50307	3.78268
27996	6.53172	3.79935
27996	6.56037	3.81602
27996	6.58901	3.83268
27996	6.61766	3.84935
27996	6.64631	3.86602
27996	6.67496	3.88268
27996	6.70361	3.89935
27996	6.73225	3.91602
27996	6.7609	3.93268
27996	6.78955	3.94935
27996	6.8182	3.96601
27996	6.84685	3.98268
27996	6.87549	3.99935
27996	6.90414	4.01601
27996	6.93279	4.03268
27996	6.96144	4.04935
27996	6.99008	4.06601
27996	7.01873	4.08268
27996	7.04738	4.09935
27996	7.07603	4.11601
27996	7.10468	4.13268
27996	7.13332	4.14935
27996	7.16197	4.16601
27996	7.19062	4.18268
27996	7.21927	4.19934
27996	7.24791	4.21601
27996	7.27656	4.23268
27996	7.30521	4.24934
27996	7.33386	4.26601
27996	7.3625	4.28268
27996	7.39115	4.29934
27996	7.4198	4.31601
27996	7.44845	4.33268
27996	7.47709	4.34934
27996	7.50574	4.36601
27996	7.53439	4.38268
27996	7.56304	4.39934
27996	7.59168	4.41601
27996	7.62033	4.43267
27996	7.64898	4.44934
27996	7.67763	4.46601
27996	7.70627	4.48267
27996	7.73492	4.49934
27996	7.76357	4.51601
27996	7.79222	4.53267
27996	7.82086	4.54934
27996	7.84951	4.56601
27996	7.87816	4.58267
27996	7.90681	4.59934
27996	7.93545	4.616
27996	7.9641	4.63267
27996	7.99275	4.64934
27996	8.0214	4.666
27996	8.05004	4.68267
27996	8.07869	4.69934
27996	8.10734	4.716
27996	8.13599	4.73267
27996	8.16463	4.74934
27996	8.19328	4.766
27996	8.22193	4.78267
27996	8.25058	4.79934
27996	8.27922	4.816
27996	8.30787	4.83267
27996	8.33652	4.84933
27996	8.36517	4.866
27996	8.39381	4.88267
27996	8.42246	4.89933
27996	8.45111	4.916
27996	8.47976	4.93267
27996	8.5084	4.94933
27996	8.53705	4.966
27996	8.5657	4.98267
27996	8.59435	4.99933
27996	8.62299	5.016
27996	8.65164	5.03267
27996	8.68029	5.04933
27996	8.70894	5.066
27996	8.73758	5.08266
27996	8.76623	5.09933
27996	8.79488	5.116
27996	8.82353	5.13266
27996	8.85217	5.14933
27996	8.88082	5.166
27996	8.90947	5.18266
27996	8.93812	5.19933
27996	8.96676	5.216
27996	8.99541	5.23266
27996	9.02406	5.24933
27996	9.05271	5.266
27996	9.08135	5.28266
27996	9.11	5.29933
27996	9.13865	5.31599
27996	9.1673	5.33266
27996	9.19594	5.34933
27996	9.22459	5.36599
27996	9.25324	5.38266
27996	9.28189	5.39933
27996	9.31053	5.41599
27996	9.33918	5.43266
27996	9.36783	5.44933
27996	9.39648	5.46599
27996	9.42512	5.48266
27996	9.45377	5.49932
27996	9.48242	5.51599
27996	9.51107	5.53266
27996	9.53971	5.54932
27996	9.56836	5.56599
27996	9.59701	5.58266
27996	9.62566	5.59932
27996	9.6543	5.61599
27996	9.68295	5.63266
27996	9.7116	5.64932
27996	9.74024	5.66599
27996	9.76889	5.68266
27996	9.79754	5.69932
27996	9.82619	5.71599
27996	9.85484	5.73265
27996	9.88348	5.74932
27996	9.91213	5.76599
27996	9.94078	5.78265
27996	9.96943	5.79932
27996	9.99807	5.81599
27996	10.0267	5.83265
27996	10.0554	5.84932
27996	10.084	5.86599
27996	10.1127	5.88265
27996	10.1413	5.89932
27996	10.17	5.91599
27996	10.1986	5.93265
27996	10.2273	5.94932
27996	10.2559	5.96598
27996	10.2845	5.98265
27996	10.3132	5.99932
27996	10.3418	6.01598
27996	10.3705	6.03265
27996	10.3991	6.04932
27996	10.4278	6.06598
27996	10.4564	6.08265
27996	10.4851	6.09932
27996	10.5137	6.11598
27996	10.5424	6.13265
27996	10.571	6.14931
27996	10.5997	6.16598
27996	10.6283	6.18265
27996	10.657	6.19931
27996	10.6856	6.21598
27996	10.7143	6.23265
27996	10.7429	6.24931
27996	10.7716	6.26598
27996	10.8002	6.28265
27996	10.8288	6.29931
27996	10.8575	6.31598
27996	10.8861	6.33265
27996	10.9148	6.34931
27996	10.9434	6.36598
27996	10.9721	6.38264
27996	11.0007	6.39931
27996	11.0294	6.41598
27996	11.058	6.43264
27996	11.0867	6.44931
27996	11.1153	6.46598
27996	11.144	6.48264
27996	11.1726	6.49931
27996	11.2013	6.51598
27996	11.2299	6.53264
27996	11.2586	6.54931
27996	11.2872	6.56598
27996	11.3159	6.58264
27996	11.3445	6.59931
27996	11.3732	6.61597
27996	11.4018	6.63264
27996	11.4304	6.64931
27996	11.4591	6.66597
27996	11.4877	6.68264
27996	11.5164	6.69931
27996	11.545	6.71597
27996	11.5737	6.73264
27996	11.6023	6.74931
27996	11.631	6.76597
27996	11.6596	6.78264
27996	11.6883	6.7993
27996	11.7169	6.81597
27996	11.7456	6.83264
27996	11.7742	6.8493
27996	11.8029	6.86597
27996	11.8315	6.88264
27996	11.8602	6.8993
27996	11.8888	6.91597
27996	11.9175	6.93264
27996	11.9461	6.9493
27996	11.9747	6.96597
27996	12.0034	6.98264
27996	12.032	6.9993
27996	12.0607	7.01597
27996	12.0893	7.03263
27996	12.118	7.0493
27996	12.1466	7.06597
27996	12.1753	7.08263
27996	12.2039	7.0993
27996	12.2326	7.11597
27996	12.2612	7.13263
27996	12.2899	7.1493
27996	12.3185	7.16597
27996	12.3472	7.18263
27996	12.3758	7.1993
27996	12.4045	7.21597
27996	12.4331	7.23263
27996	12.4618	7.2493
27996	12.4904	7.26596
27996	12.5191	7.28263
27996	12.5477	7.2993
27996	12.5763	7.31596
27996	12.605	7.33263
27996	12.6336	7.3493
27996	12.6623	7.36596
27996	12.6909	7.38263
27996	12.7196	7.3993
27996	12.7482	7.41596
27996	12.7769	7.43263
27996	12.8055	7.4493
27996	12.8342	7.46596
27996	12.8628	7.48263
27996	12.8915	7.49929
27996	12.9201	7.51596
27996	12.9488	7.53263
27996	12.9774	7.54929
27996	13.0061	7.56596
27996	13.0347	7.58263
27996	13.0634	7.59929
27996	13.092	7.61596
27996	13.1206	7.63263
27996	13.1493	7.64929
27996	13.1779	7.66596
27996	13.2066	7.68262
27996	13.2352	7.69929
27996	13.2639	7.71596
27996	13.2925	7.73262
27996	13.3212	7.74929
27996	13.3498	7.76596
27996	13.3785	7.78262
27996	13.4071	7.79929
27996	13.4358	7.81596
27996	13.4644	7.83262
27996	13.4931	7.84929
27996	13.5217	7.86596
27996	13.5504	7.88262
27996	13.579	7.89929
27996	13.6077	7.91595
27996	13.6363	7.93262
27996	13.665	7.94929
27996	13.6936	7.96595
27996	13.7222	7.98262
27996	13.7509	7.99929
27996	13.7795	8.01595
27996	13.8082	8.03262
27996	13.8368	8.04929
27996	13.8655	8.06595
27996	13.8941	8.08262
27996	13.9228	8.09929
27996	13.9514	8.11595
27996	13.9801	8.13262
27996	14.0087	8.14928
27996	14.0374	8.16595
27996	14.066	8.18262
27996	14.0947	8.19928
27996	14.1233	8.21595
27996	14.152	8.23262
27996	14.1806	8.24928
27996	14.2093	8.26595
27996	14.2379	8.28262
27996	14.2665	8.29928
27996	14.2952	8.31595
27996	14.3238	8.33261
27996	14.3525	8.34928
27996	14.3811	8.36595
27996	14.4098	8.38261
27996	14.4384	8.39928
27996	14.4671	8.41595
27996	14.4957	8.43261
27996	14.5244	8.44928
27996	14.553	8.46595
27996	14.5817	8.48261
27996	14.6103	8.49928
27996	14.639	8.51595
27996	14.6676	8.53261
27996	14.6963	8.54928
27996	14.7249	8.56594
27996	14.7536	8.58261
27996	14.7822	8.59928
27996	14.8109	8.61594
27996	14.8395	8.63261
27996	14.8681	8.64928
27996	14.8968	8.66594
27996	14.9254	8.68261
27996	14.9541	8.69928
27996	14.9827	8.71594
27996	15.0114	8.73261
27996	15.04	8.74928
27996	15.0687	8.76594
27996	15.0973	8.78261
27996	15.126	8.79927
27996	15.1546	8.81594
27996	15.1833	8.83261
27996	15.2119	8.84927
27996	15.2406	8.86594
27996	15.2692	8.88261
27996	15.2979	8.89927
27996	15.3265	8.91594
27996	15.3552	8.93261
27996	15.3838	8.94927
27996	15.4124	8.96594
27996	15.4411	8.9826
27996	15.4697	8.99927
27996	15.4984	9.01594
27996	15.527	9.0326
27996	15.5557	9.04927
27996	15.5843	9.06594
27996	15.613	9.0826
27996	15.6416	9.09927
27996	15.6703	9.11594
27996	15.6989	9.1326
27996	15.7276	9.14927
27996	15.7562	9.16594
27996	15.7849	9.1826
27996	15.8135	9.19927
27996	15.8422	9.21593
27996	15.8708	9.2326
27996	15.8995	9.24927
27996	15.9281	9.26593
27996	15.9567	9.2826
27996	15.9854	9.29927
27996	16.014	9.31593
27996	16.0427	9.3326
27996	16.0713	9.34927
27996	16.1	9.36593
27996	16.1286	9.3826
27996	16.1573	9.39927
27996	16.1859	9.41593
27996	16.2146	9.4326
27996	16.2432	9.44926
27996	16.2719	9.46593
27996	16.3005	9.4826
27996	16.3292	9.49926
27996	16.3578	9.51593
27996	16.3865	9.5326
27996	16.4151	9.54926
27996	16.4438	9.56593
27996	16.4724	9.5826
27996	16.5011	9.59926
27996	16.5297	9.61593
27996	16.5583	9.6326
27996	16.587	9.64926
27996	16.6156	9.66593
27996	16.6443	9.68259
27996	16.6729	9.69926
27996	16.7016	9.71593
27996	16.7302	9.73259
27996	16.7589	9.74926
27996	16.7875	9.76593
27996	16.8162	9.78259
27996	16.8448	9.79926
27996	16.8735	9.81593
27996	16.9021	9.83259
27996	16.9308	9.84926
27996	16.9594	9.86592
27996	16.9881	9.88259
27996	17.0167	9.89926
27996	17.0454	9.91592
27996	17.074	9.93259
27996	17.1026	9.94926
27996	17.1313	9.96592
27996	17.1599	9.98259
27996	17.1886	9.99926
27996	17.2172	10.0159
27996	17.2459	10.0326
27996	17.2745	10.0493
27996	17.3032	10.0659
27996	17.3318	10.0826
27996	17.3605	10.0993
27996	17.3891	10.1159
27996	17.4178	10.1326
27996	17.4464	10.1493
27996	17.4751	10.1659
27996	17.5037	10.1826
27996	17.5324	10.1993
27996	17.561	10.2159
27996	17.5897	10.2326
27996	17.6183	10.2493
27996	17.647	10.2659
27996	17.6756	10.2826
27996	17.7042	10.2993
27996	17.7329	10.3159
27996	17.7615	10.3326
27996	17.7902	10.3493
27996	17.8188	10.3659
27996	17.8475	10.3826
27996	17.8761	10.3993
27996	17.9048	10.4159
27996	17.9334	10.4326
27996	17.9621	10.4492
27996	17.9907	10.4659
27996	18.0194	10.4826
27996	18.048	10.4992
27996	18.0767	10.5159
27996	18.1053	10.5326
27996	18.134	10.5492
27996	18.1626	10.5659
27996	18.1913	10.5826
27996	18.2199	10.5992
27996	18.2485	10.6159
27996	18.2772	10.6326
27996	18.3058	10.6492
27996	18.3345	10.6659
27996	18.3631	10.6826
27996	18.3918	10.6992
27996	18.4204	10.7159
27996	18.4491	10.7326
27996	18.4777	10.7492
27996	18.5064	10.7659
27996	18.535	10.7826
27996	18.5637	10.7992
27996	18.5923	10.8159
27996	18.621	10.8326
27996	18.6496	10.8492
27996	18.6783	10.8659
27996	18.7069	10.8826
27996	18.7356	10.8992
27996	18.7642	10.9159
27996	18.7929	10.9326
27996	18.8215	10.9492
27996	18.8501	10.9659
27996	18.8788	10.9826
27996	18.9074	10.9992
27996	18.9361	11.0159
27996	18.9647	11.0326
27996	18.9934	11.0492
27996	19.022	11.0659
27996	19.0507	11.0826
27996	19.0793	11.0992
27996	19.108	11.1159
27996	19.1366	11.1326
27996	19.1653	11.1492
27996	19.1939	11.1659
27996	19.2226	11.1826
27996	19.2512	11.1992
27996	19.2799	11.2159
27996	19.3085	11.2326
27996	19.3372	11.2492
27996	19.3658	11.2659
27996	19.3944	11.2826
27996	19.4231	11.2992
27996	19.4517	11.3159
27996	19.4804	11.3326
27996	19.509	11.3492
27996	19.5377	11.3659
27996	19.5663	11.3826
27996	19.595	11.3992
27996	19.6236	11.4159
27996	19.6523	11.4326
27996	19.6809	11.4492
27996	19.7096	11.4659
27996	19.7382	11.4826
27996	19.7669	11.4992
27996	19.7955	11.5159
27996	19.8242	11.5326
27996	19.8528	11.5492
27996	19.8815	11.5659
27996	19.9101	11.5826
27996	19.9387	11.5992
27996	19.9674	11.6159
27996	19.996	11.6326
27996	20.0247	11.6492
27996	20.0533	11.6659
27996	20.082	11.6826
27996	20.1106	11.6992
27996	20.1393	11.7159
27996	20.1679	11.7326
27996	20.1966	11.7492
27996	20.2252	11.7659
27996	20.2539	11.7826
27996	20.2825	11.7992
27996	20.3112	11.8159
27996	20.3398	11.8326
27996	20.3685	11.8492
27996	20.3971	11.8659
27996	20.4258	11.8826
27996	20.4544	11.8992
27996	20.4831	11.9159
27996	20.5117	11.9326
27996	20.5403	11.9492
27996	20.569	11.9659
27996	20.5976	11.9826
27996	20.6263	11.9992
27996	20.6549	12.0159
27996	20.6836	12.0326
27996	20.7122	12.0492
27996	20.7409	12.0659
27996	20.7695	12.0826
27996	20.7982	12.0992
27996	20.8268	12.1159
27996	20.8555	12.1326
27996	20.8841	12.1492
27996	20.9128	12.1659
27996	20.9414	12.1826
27996	20.9701	12.1992
27996	20.9987	12.2159
27996	21.0274	12.2326
27996	21.056	12.2492
27996	21.0846	12.2659
27996	21.1133	12.2826
27996	21.1419	12.2992
27996	21.1706	12.3159
27996	21.1992	12.3326
27996	21.2279	12.3492
27996	21.2565	12.3659
27996	21.2852	12.3826
27996	21.3138	12.3992
27996	21.3425	12.4159
27996	21.3711	12.4326
27996	21.3998	12.4492
27996	21.4284	12.4659
27996	21.4571	12.4826
27996	21.4857	12.4992
27996	21.5144	12.5159
27996	21.543	12.5326
27996	21.5717	12.5492
27996	21.6003	12.5659
27996	21.629	12.5826
27996	21.6576	12.5992
27996	21.6862	12.6159
27996	21.7149	12.6325
27996	21.7435	12.6492
27996	21.7722	12.6659
27996	21.8008	12.6825
27996	21.8295	12.6992
27996	21.8581	12.7159
27996	21.8868	12.7325
27996	21.9154	12.7492
27996	21.9441	12.7659
27996	21.9727	12.7825
27996	22.0014	12.7992
27996	22.03	12.8159
27996	22.0587	12.8325
27996	22.0873	12.8492
27996	22.116	12.8659
27996	22.1446	12.8825
27996	22.1733	12.8992
27996	22.2019	12.9159
27996	22.2305	12.9325
27996	22.2592	12.9492
27996	22.2878	12.9659
27996	22.3165	12.9825
27996	22.3451	12.9992
27996	22.3738	13.0159
27996	22.4024	13.0325
27996	22.4311	13.0492
27996	22.4597	13.0659
27996	22.4884	13.0825
27996	22.517	13.0992
27996	22.5457	13.1159
27996	22.5743	13.1325
27996	22.603	13.1492
27996	22.6316	13.1659
27996	22.6603	13.1825
27996	22.6889	13.1992
27996	22.7176	13.2159
27996	22.7462	13.2325
27996	22.7749	13.2492
27996	22.8035	13.2659
27996	22.8321	13.2825
27996	22.8608	13.2992
27996	22.8894	13.3159
27996	22.9181	13.3325
27996	22.9467	13.3492
27996	22.9754	13.3659
27996	23.004	13.3825
27996	23.0327	13.3992
27996	23.0613	13.4159
27996	23.09	13.4325
27996	23.1186	13.4492
27996	23.1473	13.4659
27996	23.1759	13.4825
27996	23.2046	13.4992
27996	23.2332	13.5159
27996	23.2619	13.5325
27996	23.2905	13.5492
27996	23.3192	13.5659
27996	23.3478	13.5825
27996	23.3764	13.5992
27996	23.4051	13.6159
27996	23.4337	13.6325
27996	23.4624	13.6492
27996	23.491	13.6659
27996	23.5197	13.6825
27996	23.5483	13.6992
27996	23.577	13.7159
27996	23.6056	13.7325
27996	23.6343	13.7492
27996	23.6629	13.7659
27996	23.6916	13.7825
27996	23.7202	13.7992
27996	23.7489	13.8159
27996	23.7775	13.8325
27996	23.8062	13.8492
27996	23.8348	13.8659
27996	23.8635	13.8825
27996	23.8921	13.8992
27996	23.9207	13.9159
27996	23.9494	13.9325
27996	23.9494	13.9492
27996	23.9494	13.9659
27996	23.9494	13.9825
27996	23.9494	13.9992
27996	23.9494	14.0159
27996	23.9494	14.0325
27996	23.9494	14.0492
27996	23.9494	14.0659
27996	23.9494	14.0825
27996	23.9494	14.0992
27996	23.9494	14.1159
27996	23.9494	14.1326
27996	23.9494	14.1492
27996	23.9494	14.1659
27996	23.9494	14.1826
27996	23.9494	14.1992
27996	23.9494	14.2159
27996	23.9494	14.2326
27996	23.9494	14.2492
27996	23.9494	14.2659
27996	23.9494	14.2826
27996	23.9494	14.2993
27996	23.9494	14.3159
27996	23.9494	14.3326
27996	23.9494	14.3493
27996	23.9494	14.3659
27996	23.9494	14.3826
27996	23.9494	14.3993
27996	23.9494	14.4159
27996	23.9494	14.4326
27996	23.9494	14.4493
27996	23.9494	14.466
27996	23.9494	14.4826
27996	23.9494	14.4993
27996	23.9494	14.516
27996	23.9494	14.5326
27996	23.9494	14.5493
27996	23.9494	14.566
27996	23.9494	14.5826
27996	23.9494	14.5993
27996	23.9494	14.616
27996	23.9494	14.6327
27996	23.9494	14.6493
27996	23.9494	14.666
27996	23.9494	14.6827
27996	23.9494	14.6993
27996	23.9494	14.716
27996	23.9494	14.7327
27996	23.9494	14.7494
27996	23.9494	14.766
27996	23.9494	14.7827
27996	23.9494	14.7994
27996	23.9494	14.816
27996	23.9494	14.8327
27996	23.9494	14.8494
27996	23.9494	14.866
27996	23.9494	14.8827
27996	23.9494	14.8994
27996	23.9494	14.9161
27996	23.9494	14.9327
27996	23.9494	14.9494
27996	23.9494	14.9661
27996	23.9494	14.9827
27996	23.9494	14.9994
27996	23.9494	15.0161
27996	23.9494	15.0327
27996	23.9494	15.0494
27996	23.9494	15.0661
27996	23.9494	15.0828
27996	23.9494	15.0994
27996	23.9494	15.1161
27996	23.9494	15.1328
27996	23.9494	15.1494
27996	23.9494	15.1661
27996	23.9494	15.1828
27996	23.9494	15.1994
27996	23.9494	15.2161
27996	23.9494	15.2328
27996	23.9494	15.2495
27996	23.9494	15.2661
27996	23.9494	15.2828
27996	23.9494	15.2995
27996	23.9494	15.3161
27996	23.9494	15.3328
27996	23.9494	15.3495
27996	23.9494	15.3661
27996	23.9494	15.3828
27996	23.9494	15.3995
27996	23.9494	15.4162
27996	23.9494	15.4328
27996	23.9494	15.4495
27996	23.9494	15.4662
27996	23.9494	15.4828
27996	23.9494	15.4995
27996	23.9494	15.5162
27996	23.9494	15.5329
27996	23.9494	15.5495
27996	23.9494	15.5662
27996	23.9494	15.5829
27996	23.9494	15.5995
27996	23.9494	15.6162
27996	23.9494	15.6329
27996	23.9494	15.6495
27996	23.9494	15.6662
27996	23.9494	15.6829
27996	23.9494	15.6996
27996	23.9494	15.7162
27996	23.9494	15.7329
27996	23.9207	15.7496
27996	23.8921	15.7662
27996	23.8635	15.7829
27996	23.8348	15.7996
27995	23.8062	15.8162
27995	23.7775	15.8329
27995	23.7489	15.8496
27995	23.7202	15.8663
27995	23.6916	15.8829
27995	23.6629	15.8996
27995	23.6343	15.9163
27995	23.6056	15.9329
27995	23.577	15.9496
27995	23.5483	15.9663
27995	23.5197	15.9829
27995	23.491	15.9996
27995	23.4624	16.0163
27995	23.4337	16.033
27995	23.4051	16.0496
27995	23.3764	16.0663
27995	23.3478	16.083
27995	23.3192	16.0996
27995	23.2905	16.1163
27994	23.2619	16.133
27994	23.2332	16.1497
27994	23.2046	16.1663
27994	23.1759	16.183
27994	23.1473	16.1997
27994	23.1186	16.2163
27994	23.09	16.233
27994	23.0613	16.2497
27994	23.0327	16.2663
27994	23.004	16.283
27994	22.9754	16.2997
27994	22.9467	16.3164
27994	22.9181	16.333
27994	22.8894	16.3497
27994	22.8608	16.3664
27994	22.8321	16.383
27994	22.8035	16.3997
27994	22.7749	16.4164
27994	22.7462	16.433
27994	22.7176	16.4497
27994	22.6889	16.4664
27994	22.6603	16.4831
27994	22.6316	16.4997
27994	22.603	16.5164
27994	22.5743	16.5331
27994	22.5457	16.5497
27994	22.517	16.5664
27994	22.4884	16.5831
27994	22.4597	16.5997
27994	22.4311	16.6164
27994	22.4024	16.6331
27994	22.3738	16.6498
27994	22.3451	16.6664
27994	22.3165	16.6831
27994	22.2878	16.6998
27994	22.2592	16.7164
27994	22.2305	16.7331
27994	22.2019	16.7498
27994	22.1733	16.7664
27994	22.1446	16.7831
27994	22.116	16.7998
27994	22.0873	16.8165
27994	22.0587	16.8331
27994	22.03	16.8498
27994	22.0014	16.8665
27994	21.9727	16.8831
27994	21.9441	16.8998
27994	21.9154	16.9165
27994	21.8868	16.9332
27994	21.8581	16.9498
27994	21.8295	16.9665
27994	21.8008	16.9832
27994	21.7722	16.9998
27994	21.7435	17.0165
27994	21.7149	17.0332
27994	21.6862	17.0498
27994	21.6576	17.0665
27994	21.629	17.0832
27994	21.6003	17.0999
27994	21.5717	17.1165
27994	21.543	17.1332
27994	21.5144	17.1499
27994	21.4857	17.1665
27994	21.4571	17.1832
27994	21.4284	17.1999
27994	21.3998	17.2165
27994	21.3711	17.2332
27994	21.3425	17.2499
27994	21.3138	17.2666
27994	21.2852	17.2832
27994	21.2565	17.2999
27994	21.2279	17.3166
27994	21.1992	17.3332
27994	21.1706	17.3499
27994	21.1419	17.3666
27994	21.1133	17.3832
27994	21.0846	17.3999
27994	21.056	17.4166
27994	21.0274	17.4333
27994	20.9987	17.4499
27994	20.9701	17.4666
27994	20.9414	17.4833
27994	20.9128	17.4999
27994	20.8841	17.5166
27994	20.8555	17.5333
27994	20.8268	17.5499
27994	20.7982	17.5666
27994	20.7695	17.5833
27994	20.7409	17.6
27994	20.7122	17.6166
27994	20.6836	17.6333
27994	20.6549	17.65
27994	20.6263	17.6666
27994	20.5976	17.6833
27994	20.569	17.7
27994	20.5403	17.7167
27994	20.5117	17.7333
27994	20.4831	17.75
27994	20.4544	17.7667
27994	20.4258	17.7833
27994	20.3971	17.8
27994	20.3685	17.8167
27994	20.3398	17.8333
27994	20.3112	17.85
27994	20.2825	17.8667
27994	20.2539	17.8834
27994	20.2252	17.9
27994	20.1966	17.9167
27994	20.1679	17.9334
27994	20.1393	17.95
27994	20.1106	17.9667
27994	20.082	17.9834
27994	20.0533	18
27994	20.0247	18.0167
27994	19.996	18.0334
27994	19.9674	18.0501
27994	19.9387	18.0667
27994	19.9101	18.0834
27994	19.8815	18.1001
27994	19.8528	18.1167
27994	19.8242	18.1334
27994	19.7955	18.1501
27994	19.7669	18.1667
27994	19.7382	18.1834
27994	19.7096	18.2001
27994	19.6809	18.2168
27994	19.6523	18.2334
27994	19.6236	18.2501
27994	19.595	18.2668
27994	19.5663	18.2834
27994	19.5377	18.3001
27994	19.509	18.3168
27994	19.4804	18.3335
27994	19.4517	18.3501
27994	19.4231	18.3668
27994	19.3944	18.3835
27994	19.3658	18.4001
27994	19.3372	18.4168
27994	19.3085	18.4335
27994	19.2799	18.4501
27994	19.2512	18.4668
27994	19.2226	18.4835
27994	19.1939	18.5002
27994	19.1653	18.5168
27994	19.1366	18.5335
27994	19.108	18.5502
27994	19.0793	18.5668
27994	19.0507	18.5835
27994	19.022	18.6002
27994	18.9934	18.6168
27994	18.9647	18.6335
27994	18.9361	18.6502
27994	18.9074	18.6669
27994	18.8788	18.6835
27994	18.8501	18.7002
27994	18.8215	18.7169
27994	18.7929	18.7335
27994	18.7642	18.7502
27994	18.7356	18.7669
27994	18.7069	18.7835
27994	18.6783	18.8002
27994	18.6496	18.8169
27994	18.621	18.8336
27994	18.5923	18.8502
27994	18.5637	18.8669
27994	18.535	18.8836
27994	18.5064	18.9002
27994	18.4777	18.9169
27994	18.4491	18.9336
27994	18.4204	18.9502
27994	18.3918	18.9669
27994	18.3631	18.9836
27994	18.3345	19.0003
27994	18.3058	19.0169
27994	18.2772	19.0336
27994	18.2485	19.0503
27994	18.2199	19.0669
27994	18.1913	19.0836
27994	18.1626	19.1003
27994	18.134	19.117
27994	18.1053	19.1336
27994	18.0767	19.1503
27994	18.048	19.167
27994	18.0194	19.1836
27994	17.9907	19.2003
27994	17.9621	19.217
27994	17.9334	19.2336
27994	17.9048	19.2503
27994	17.8761	19.267
27994	17.8475	19.2837
27994	17.8188	19.3003
27994	17.7902	19.317
27994	17.7615	19.3337
27994	17.7329	19.3503
27994	17.7042	19.367
27994	17.6756	19.3837
27994	17.647	19.4003
27994	17.6183	19.417
27994	17.5897	19.4337
27994	17.561	19.4504
27994	17.5324	19.467
27994	17.5037	19.4837
27994	17.4751	19.5004
27994	17.4464	19.517
27994	17.4178	19.5337
27994	17.3891	19.5504
27994	17.3605	19.567
27994	17.3318	19.5837
27994	17.3032	19.6004
27994	17.2745	19.6171
27994	17.2459	19.6337
27994	17.2172	19.6504
27994	17.1886	19.6671
27994	17.1599	19.6837
27994	17.1313	19.7004
27994	17.1026	19.7171
27994	17.074	19.7337
27994	17.0454	19.7504
27994	17.0167	19.7671
27994	16.9881	19.7838
27994	16.9594	19.8004
27994	16.9308	19.8171
27994	16.9021	19.8338
27994	16.8735	19.8504
27994	16.8448	19.8671
27994	16.8162	19.8838
27994	16.7875	19.9005
27994	16.7589	19.9171
27994	16.7302	19.9338
27994	16.7016	19.9505
27994	16.6729	19.9671
27994	16.6443	19.9838
27994	16.6156	20.0005
27994	16.587	20.0171
27994	16.5583	20.0338
27994	16.5297	20.0505
27994	16.5011	20.0672
27994	16.4724	20.0838
27994	16.4438	20.1005
27994	16.4151	20.1172
27994	16.3865	20.1338
27994	16.3578	20.1505
27994	16.3292	20.1672
27994	16.3005	20.1838
27994	16.2719	20.2005
27994	16.2432	20.2172
27994	16.2146	20.2339
27994	16.1859	20.2505
27994	16.1573	20.2672
27994	16.1286	20.2839
27994	16.1	20.3005
27994	16.0713	20.3172
27994	16.0427	20.3339
27994	16.014	20.3505
27994	15.9854	20.3672
27994	15.9567	20.3839
27994	15.9281	20.4006
27994	15.8995	20.4172
27994	15.8708	20.4339
27994	15.8422	20.4506
27994	15.8135	20.4672
27994	15.7849	20.4839
27994	15.7562	20.5006
27994	15.7276	20.5173
27994	15.6989	20.5339
27994	15.6703	20.5506
27994	15.6416	20.5673
27994	15.613	20.5839
27994	15.5843	20.6006
27994	15.5557	20.6173
27994	15.527	20.6339
27994	15.4984	20.6506
27994	15.4697	20.6673
27994	15.4411	20.684
27994	15.4124	20.7006
27994	15.3838	20.7173
27994	15.3552	20.734
27994	15.3265	20.7506
27994	15.2979	20.7673
27994	15.2692	20.784
27994	15.2406	20.8006
27994	15.2119	20.8173
27994	15.1833	20.834
27994	15.1546	20.8507
27994	15.126	20.8673
27994	15.0973	20.884
27994	15.0687	20.9007
27994	15.04	20.9173
27994	15.0114	20.934
27994	14.9827	20.9507
27994	14.9541	20.9673
27994	14.9254	20.984
27994	14.8968	21.0007
27994	14.8681	21.0174
27994	14.8395	21.034
27994	14.8109	21.0507
27994	14.7822	21.0674
27994	14.7536	21.084
27994	14.7249	21.1007
27994	14.6963	21.1174
27994	14.6676	21.134
27994	14.639	21.1507
27994	14.6103	21.1674
27994	14.5817	21.1841
27994	14.553	21.2007
27994	14.5244	21.2174
27994	14.4957	21.2341
27994	14.4671	21.2507
27994	14.4384	21.2674
27994	14.4098	21.2841
27994	14.3811	21.3008
27994	14.3525	21.3174
27994	14.3238	21.3341
27994	14.2952	21.3508
27994	14.2665	21.3674
27994	14.2379	21.3841
27994	14.2093	21.4008
27994	14.1806	21.4174
27994	14.152	21.4341
27994	14.1233	21.4508
27994	14.0947	21.4675
27994	14.066	21.4841
27994	14.0374	21.5008
27994	14.0087	21.5175
27994	13.9801	21.5341
27994	13.9514	21.5508
27994	13.9228	21.5675
27994	13.8941	21.5841
27994	13.8655	21.6008
27994	13.8368	21.6175
27994	13.8082	21.6342
27994	13.7795	21.6508
27994	13.7509	21.6675
27994	13.7222	21.6842
27994	13.6936	21.7008
27994	13.665	21.7175
27994	13.6363	21.7342
27994	13.6077	21.7508
27994	13.579	21.7675
27994	13.5504	21.7842
27994	13.5217	21.8009
27994	13.4931	21.8175
27994	13.4644	21.8342
27994	13.4358	21.8509
27994	13.4071	21.8675
27994	13.3785	21.8842
27994	13.3498	21.9009
27994	13.3212	21.9175
27994	13.2925	21.9342
27994	13.2639	21.9509
27994	13.2352	21.9676
27994	13.2066	21.9842
27994	13.1779	22.0009
27994	13.1493	22.0176
27994	13.1206	22.0342
27994	13.092	22.0509
27994	13.0634	22.0676
27994	13.0347	22.0843
27994	13.0061	22.1009
27994	12.9774	22.1176
27994	12.9488	22.1343
27994	12.9201	22.1509
27994	12.8915	22.1676
27994	12.8628	22.1843
27994	12.8342	22.2009
27994	12.8055	22.2176
27994	12.7769	22.2343
27994	12.7482	22.251
27994	12.7196	22.2676
27994	12.6909	22.2843
27994	12.6623	22.301
27994	12.6336	22.3176
27994	12.605	22.3343
27994	12.5763	22.351
27994	12.5477	22.3676
27994	12.5191	22.3843
27994	12.4904	22.401
27994	12.4618	22.4177
27994	12.4331	22.4343
27994	12.4045	22.451
27994	12.3758	22.4677
27994	12.3472	22.4843
27994	12.3185	22.501
27994	12.2899	22.5177
27994	12.2612	22.5343
27994	12.2326	22.551
27994	12.2039	22.5677
27994	12.1753	22.5844
27994	12.1466	22.601
27994	12.118	22.6177
27994	12.0893	22.6344
27994	12.0607	22.651
27994	12.032	22.6677
27994	12.0034	22.6844
27994	11.9747	22.701
27994	11.9461	22.7177
27994	11.9175	22.7344
27994	11.8888	22.7511
27994	11.8602	22.7677
27994	11.8315	22.7844
27994	11.8029	22.8011
27994	11.7742	22.8177
27994	11.7456	22.8344
27994	11.7169	22.8511
27994	11.6883	22.8678
27994	11.6596	22.8844
27994	11.631	22.9011
27994	11.6023	22.9178
27994	11.5737	22.9344
27994	11.545	22.9511
27994	11.5164	22.9678
27994	11.4877	22.9844
27994	11.4591	23.0011
27994	11.4304	23.0178
27994	11.4018	23.0345
27994	11.3732	23.0511
27994	11.3445	23.0678
27994	11.3159	23.0845
27994	11.2872	23.1011
27994	11.2586	23.1178
27994	11.2299	23.1345
27994	11.2013	23.1511
27994	11.1726	23.1678
27994	11.144	23.1845
27994	11.1153	23.2012
27994	11.0867	23.2178
27994	11.058	23.2345
27994	11.0294	23.2512
27994	11.0007	23.2678
27994	10.9721	23.2845
27994	10.9434	23.3012
27994	10.9148	23.3178
27994	10.8861	23.3345
27994	10.8575	23.3512
27994	10.8289	23.3679
27994	10.8002	23.3845
27994	10.7716	23.4012
27994	10.7429	23.4179
27994	10.7143	23.4345
27994	10.6856	23.4512
27994	10.657	23.4679
27994	10.6283	23.4846
27994	10.5997	23.5012
27994	10.571	23.5179
27994	10.5424	23.5346
27994	10.5137	23.5512
27994	10.4851	23.5679
27994	10.4564	23.5846
27994	10.4278	23.6012
27994	10.3991	23.6179
27994	10.3705	23.6346
27994	10.3418	23.6513
27994	10.3132	23.6679
27994	10.2845	23.6846
27994	10.2559	23.7013
27994	10.2273	23.7179
27994	10.1986	23.7346
27994	10.17	23.7513
27994	10.1413	23.7679
27994	10.1127	23.7846
27994	10.084	23.8013
27994	10.0554	23.818
27994	10.0267	23.8346
27994	9.99807	23.8513
27994	9.96943	23.868
27994	9.94078	23.8846
27994	9.91213	23.9013
27994	9.88348	23.918
27994	9.85484	23.9346
27994	9.82619	23.9513
27994	9.79754	23.968
27994	9.76889	23.9847
27994	9.74025	24.0013
27994	9.7116	24.018
27994	9.68295	24.0347
27994	9.6543	24.0513
27994	9.62566	24.068
27994	9.59701	24.0847
27994	9.56836	24.1013
27994	9.53971	24.118
27994	9.51107	24.1347
27994	9.48242	24.1514
27994	9.45377	24.168
27994	9.42512	24.1847
27994	9.39648	24.2014
27994	9.36783	24.218
27994	9.33918	24.2347
27994	9.31053	24.2514
27994	9.28189	24.2681
27994	9.25324	24.2847
27994	9.22459	24.3014
27994	9.19594	24.3181
27994	9.1673	24.3347
27994	9.13865	24.3514
27994	9.11	24.3681
27994	9.08135	24.3847
27994	9.05271	24.4014
27994	9.02406	24.4181
27994	8.99541	24.4348
27994	8.96676	24.4514
27994	8.93812	24.4681
27994	8.90947	24.4848
27994	8.88082	24.5014
27994	8.85217	24.5181
27994	8.82353	24.5348
27994	8.79488	24.5514
27994	8.76623	24.5681
27994	8.73758	24.5848
27994	8.70894	24.6015
27994	8.68029	24.6181
27994	8.65164	24.6348
27994	8.62299	24.6515
27994	8.59435	24.6681
27994	8.5657	24.6848
27994	8.53705	24.7015
27994	8.5084	24.7181
27994	8.47976	24.7348
27994	8.45111	24.7515
27994	8.42246	24.7682
27994	8.39381	24.7848
27994	8.36517	24.8015
27994	8.33652	24.8182
27994	8.30787	24.8348
27994	8.27922	24.8515
27994	8.25058	24.8682
27994	8.22193	24.8848
27994	8.19328	24.9015
27994	8.16463	24.9182
27994	8.13599	24.9349
27994	8.10734	24.9515
27994	8.07869	24.9682
27994	8.05005	24.9849
27994	8.0214	25.0015
27994	7.99275	25.0182
27994	7.9641	25.0349
27994	7.93545	25.0516
27994	7.90681	25.0682
27994	7.87816	25.0849
27994	7.84951	25.1016
27994	7.82086	25.1182
27994	7.79222	25.1349
27994	7.76357	25.1516
27994	7.73492	25.1682
27994	7.70627	25.1849
27994	7.67763	25.2016
27994	7.64898	25.2183
27994	7.62033	25.2349
27994	7.59168	25.2516
27994	7.56304	25.2683
27994	7.53439	25.2849
27994	7.50574	25.3016
27994	7.4771	25.3183
27994	7.44845	25.3349
27994	7.4198	25.3516
27994	7.39115	25.3683
27994	7.3625	25.385
27994	7.33386	25.4016
27994	7.30521	25.4183
27994	7.27656	25.435
27994	7.24792	25.4516
27994	7.21927	25.4683
27994	7.19062	25.485
27994	7.16197	25.5016
27994	7.13332	25.5183
27994	7.10468	25.535
27994	7.07603	25.5517
27994	7.04738	25.5683
27994	7.01873	25.585
27994	6.99009	25.6017
27994	6.96144	25.6183
27994	6.93279	25.635
27994	6.90414	25.6517
27994	6.87549	25.6684
27994	6.84685	25.685
27994	6.8182	25.7017
27994	6.78955	25.7184
27994	6.7609	25.735
27994	6.73225	25.7517
27994	6.70361	25.7684
27994	6.67496	25.785
27994	6.64631	25.8017
27994	6.61766	25.8184
27994	6.58901	25.8351
27994	6.56037	25.8517
27994	6.53172	25.8684
27994	6.50307	25.8851
27994	6.47442	25.9017
27994	6.44578	25.9184
27994	6.41713	25.9351
27994	6.38848	25.9517
27994	6.35983	25.9684
27994	6.33118	25.9851
27994	6.30254	26.0018
27994	6.27389	26.0184
27994	6.24524	26.0351
27994	6.21659	26.0518
27994	6.18794	26.0684
27994	6.1593	26.0851
27994	6.13065	26.1018
27994	6.102	26.1184
27994	6.07335	26.1351
27994	6.0447	26.1518
27994	6.01606	26.1685
27994	5.98741	26.1851
27994	5.95876	26.2018
27994	5.93011	26.2185
27994	5.90146	26.2351
27994	5.87282	26.2518
27994	5.84417	26.2685
27994	5.81552	26.2851
27994	5.78687	26.3018
27994	5.75823	26.3185
27994	5.72958	26.3352
27994	5.70093	26.3518
27994	5.67228	26.3685
27994	5.64363	26.3852
27994	5.61499	26.4018
27994	5.58634	26.4185
27994	5.55769	26.4352
27994	5.52904	26.4519
27994	5.50039	26.4685
27994	5.47175	26.4852
27994	5.4431	26.5019
27994	5.41445	26.5185
27994	5.3858	26.5352
27994	5.35715	26.5519
27994	5.32851	26.5685
27994	5.29986	26.5852
27994	5.27121	26.6019
27994	5.24256	26.6186
27994	5.21391	26.6352
27994	5.18527	26.6519
27994	5.15662	26.6686
27994	5.12797	26.6852
27994	5.09932	26.7019
27994	5.07068	26.7186
27994	5.04203	26.7352
27994	5.01338	26.7519
27994	4.98473	26.7686
27994	4.95608	26.7853
27994	4.92744	26.8019
27994	4.89879	26.8186
27994	4.87014	26.8353
27994	4.84149	26.8519
27994	4.81284	26.8686
27994	4.7842	26.8853
27994	4.75555	26.9019
27994	4.7269	26.9186
27994	4.69825	26.9353
27994	4.6696	26.952
27994	4.64096	26.9686
27994	4.61231	26.9853
27994	4.58366	27.002
27994	4.55501	27.0186
27994	4.52637	27.0353
27994	4.49772	27.052
27994	4.46907	27.0686
27994	4.44042	27.0853
27994	4.41177	27.102
27994	4.38313	27.1187
27994	4.35448	27.1353
27994	4.32583	27.152
27994	4.29718	27.1687
27994	4.26853	27.1853
27994	4.23989	27.202
27994	4.21124	27.2187
27994	4.18259	27.2354
27994	4.15394	27.252
27994	4.12529	27.2687
27994	4.09665	27.2854
27994	4.068	27.302
27994	4.03935	27.3187
27994	4.0107	27.3354
27994	3.98205	27.352
27994	3.95341	27.3687
27994	3.92476	27.3854
27994	3.89611	27.4021
27994	3.86746	27.4187
27994	3.83882	27.4354
27994	3.81017	27.4521
27994	3.78152	27.4687
27994	3.75287	27.4854
27994	3.72422	27.5021
27994	3.69558	27.5187
27994	3.66693	27.5354
27994	3.63828	27.5521
27994	3.60963	27.5688
27994	3.58098	27.5854
27994	3.55234	27.6021
27994	3.52369	27.6188
27994	3.49504	27.6354
27994	3.46639	27.6521
27994	3.43774	27.6688
27994	3.4091	27.6854
27994	3.38045	27.7021
27994	3.3518	27.7188
27994	3.32315	27.7355
27994	3.29451	27.7521
27994	3.26586	27.7688
27994	3.23721	27.7855
27994	3.20856	27.8021
27994	3.17991	27.8188
27994	3.15127	27.8355
27994	3.12262	27.8521
27994	3.09397	27.8688
27994	3.06532	27.8855
27994	3.03667	27.9022
27994	3.00803	27.9188
27994	2.97938	27.9355
27994	2.95073	27.9522
27994	2.92208	27.9688
27994	2.89343	27.9855
27994	2.86479	28.0022
27994	2.83614	28.0189
27994	2.80749	28.0355
27994	2.77884	28.0522
27994	2.7502	28.0689
27994	2.72155	28.0855
27994	2.6929	28.1022
27994	2.66425	28.1189
27994	2.6356	28.1355
27994	2.60696	28.1522
27994	2.57831	28.1689
27994	2.54966	28.1856
27994	2.52101	28.2022
27994	2.49236	28.2189
27994	2.46372	28.2356
27994	2.43507	28.2522
27994	2.40642	28.2689
27994	2.37777	28.2856
27994	2.34912	28.3022
27994	2.32048	28.3189
27994	2.29183	28.3356
27994	2.26318	28.3523
27994	2.23453	28.3689
27994	2.20588	28.3856
27994	2.17724	28.4023
27994	2.14859	28.4189
27994	2.11994	28.4356
27994	2.09129	28.4523
27994	2.06265	28.4689
27994	2.034	28.4856
27994	2.00535	28.5023
27994	1.9767	28.519
27994	1.94805	28.5356
27994	1.91941	28.5523
27994	1.89076	28.569
27994	1.86211	28.5856
27994	1.83346	28.6023
27994	1.80481	28.619
27994	1.77617	28.6357
27994	1.74752	28.6523
27994	1.71887	28.669
27994	1.69022	28.6857
27994	1.66157	28.7023
27994	1.63293	28.719
27994	1.60428	28.7357
27994	1.57563	28.7523
27994	1.54698	28.769
27994	1.51834	28.7857
27994	1.48969	28.8024
27994	1.46104	28.819
27994	1.43239	28.8357
27994	1.40374	28.8524
27994	1.3751	28.869
27994	1.34645	28.8857
27994	1.3178	28.9024
27994	1.28915	28.919
27994	1.26051	28.9357
27994	1.23186	28.9524
27994	1.20321	28.9691
27994	1.17456	28.9857
27994	1.14591	29.0024
27994	1.11727	29.0191
27994	1.08862	29.0357
27994	1.05997	29.0524
27994	1.03132	29.0691
27994	1.00268	29.0857
27994	0.974028	29.1024
27994	0.94538	29.1191
27994	0.916732	29.1358
27994	0.888084	29.1524
27994	0.859436	29.1691
27994	0.830789	29.1858
27994	0.802141	29.2024
27994	0.773493	29.2191
27994	0.744845	29.2358
27994	0.716197	29.2524
27994	0.687549	29.2691
27994	0.658901	29.2858
27994	0.630254	29.3025
27994	0.601606	29.3191
27994	0.572958	29.3358
27994	0.54431	29.3525
27994	0.515662	29.3691
27994	0.487014	29.3858
27994	0.458366	29.4025
27994	0.429719	29.4192
27994	0.401071	29.4358
27994	0.372423	29.4525
27994	0.343775	29.4692
27994	0.315127	29.4858
27994	0.286479	29.5025
27994	0.257831	29.5192
27994	0.229184	29.5358
27994	0.200536	29.5525
27994	0.171888	29.5692
27994	0.14324	29.5859
27994	0.114592	29.6025
27994	0.0859443	29.6192
27994	0.0572965	29.6359
27994	0.0286486	29.6525
27994	7.53721e-07	29.6692
27994	-0.0286471	29.6859
27994	0	29.7025
27994	0	29.7192
27994	0	29.7359
27994	0	29.7526
27994	0	29.7692
27994	0	29.7859
27994	0	29.8026
27994	0	29.8192
27994	0	29.8359
27994	0	29.8526
27994	0	29.8692
27994	0	29.8859
27994	0	29.9026
27993	0	29.9193
27993	0	29.9359
27993	0	29.9526
27993	0	29.9693
27993	0	29.9859
27993	0	30.0026
27993	0	30.0193
27993	0	30.0359
27993	0	30.0526
27993	0	30.0693
27993	0	30.086
27993	0	30.1026
27993	0	30.1193
27993	0	30.136
27993	0	30.1526
27993	0	30.1693
27993	0	30.186
27992	0	30.2027
27992	0	30.2193
27992	0	30.236
27992	0	30.2527
27992	0	30.2693
27992	0	30.286
27992	0	30.3027
27991	0	30.3193
27991	0	30.336
27991	0	30.3527
27990	0	30.3694
27990	0	30.386
27990	0	30.4027
27990	0	30.4194
27990	0	30.436
27990	0	30.4527
27990	0	30.4694
27990	0	30.486
27990	0	30.5027
27990	0	30.5194
27990	0	30.5361
27990	0	30.5527
27990	0	30.5694
27990	0	30.5861
27990	0	30.6027
27990	0	30.6194
27990	0	30.6361
27990	0	30.6527
27990	0	30.6694
27990	0	30.6861
