inside_count	theta (degrees)	time (s)
151960	0.0286479	0.0119476
151960	0.0572957	0.0286102
151960	0.0859435	0.0452728
151960	0.114591	0.0619354
151960	0.143239	0.078598
151960	0.171887	0.0952606
151960	0.200535	0.111923
151960	0.229183	0.128586
151960	0.257831	0.145248
151960	0.286479	0.161911
151960	0.315126	0.178574
151960	0.343774	0.195236
151960	0.372422	0.211899
151960	0.40107	0.228561
151960	0.429718	0.245224
151960	0.458366	0.261887
151960	0.487013	0.278549
151960	0.515661	0.295212
151960	0.544309	0.311874
151960	0.572957	0.328537
151960	0.601605	0.3452
151960	0.630253	0.361862
151960	0.658901	0.378525
151960	0.687548	0.395187
151960	0.716196	0.41185
151960	0.744844	0.428513
151960	0.773492	0.445175
151960	0.80214	0.461838
151960	0.830788	0.4785
151960	0.859436	0.495163
151960	0.888083	0.511826
151960	0.916731	0.528488
151960	0.945379	0.545151
151960	0.974027	0.561813
151960	1.00267	0.578476
151960	1.03132	0.595139
151960	1.05997	0.611801
151960	1.08862	0.628464
151960	1.11727	0.645126
151960	1.14591	0.661789
151960	1.17456	0.678452
151960	1.20321	0.695114
151960	1.23186	0.711777
151960	1.2605	0.728439
151960	1.28915	0.745102
151960	1.3178	0.761765
151960	1.34645	0.778427
151960	1.3751	0.79509
151960	1.40374	0.811752
151960	1.43239	0.828415
151960	1.46104	0.845078
151960	1.48969	0.86174
151960	1.51834	0.878403
151960	1.54698	0.895065
151960	1.57563	0.911728
151960	1.60428	0.928391
151960	1.63293	0.945053
151960	1.66157	0.961716
151960	1.69022	0.978378
151960	1.71887	0.995041
151960	1.74752	1.0117
151960	1.77617	1.02837
151960	1.80481	1.04503
151960	1.83346	1.06169
151960	1.86211	1.07835
151960	1.89076	1.09502
151960	1.9194	1.11168
151960	1.94805	1.12834
151960	1.9767	1.145
151960	2.00535	1.16167
151960	2.034	1.17833
151960	2.06264	1.19499
151960	2.09129	1.21165
151960	2.11994	1.22832
151960	2.14859	1.24498
151960	2.17724	1.26164
151960	2.20588	1.27831
151960	2.23453	1.29497
151960	2.26318	1.31163
151960	2.29183	1.32829
151960	2.32048	1.34496
151960	2.34912	1.36162
151960	2.37777	1.37828
151960	2.40642	1.39494
151960	2.43507	1.41161
151960	2.46372	1.42827
151960	2.49236	1.44493
151960	2.52101	1.46159
151960	2.54966	1.47826
151960	2.57831	1.49492
151960	2.60695	1.51158
151960	2.6356	1.52824
151960	2.66425	1.54491
151960	2.6929	1.56157
151960	2.72155	1.57823
151960	2.75019	1.59489
151960	2.77884	1.61156
151960	2.80749	1.62822
151960	2.83614	1.64488
151960	2.86479	1.66154
151960	2.89343	1.67821
151960	2.92208	1.69487
151960	2.95073	1.71153
151960	2.97938	1.7282
151960	3.00803	1.74486
151960	3.03667	1.76152
151960	3.06532	1.77818
151960	3.09397	1.79485
151960	3.12262	1.81151
151960	3.15126	1.82817
151960	3.17991	1.84483
151960	3.20856	1.8615
151960	3.23721	1.87816
151960	3.26586	1.89482
151960	3.2945	1.91148
151960	3.32315	1.92815
151960	3.3518	1.94481
151960	3.38045	1.96147
151960	3.4091	1.97813
151960	3.43774	1.9948
151960	3.46639	2.01146
151960	3.49504	2.02812
151960	3.52369	2.04478
151960	3.55234	2.06145
151960	3.58098	2.07811
151960	3.60963	2.09477
151960	3.63828	2.11143
151960	3.66693	2.1281
151960	3.69557	2.14476
151960	3.72422	2.16142
151960	3.75287	2.17809
151960	3.78152	2.19475
151960	3.81017	2.21141
151960	3.83881	2.22807
151960	3.86746	2.24474
151960	3.89611	2.2614
151960	3.92476	2.27806
151960	3.95341	2.29472
151960	3.98205	2.31139
151960	4.0107	2.32805
151960	4.03935	2.34471
151960	4.068	2.36137
151960	4.09665	2.37804
151960	4.12529	2.3947
151960	4.15394	2.41136
151960	4.18259	2.42802
151960	4.21124	2.44469
151960	4.23989	2.46135
151960	4.26853	2.47801
151960	4.29718	2.49467
151960	4.32583	2.51134
151960	4.35448	2.528
151960	4.38312	2.54466
151960	4.41177	2.56133
151960	4.44042	2.57799
151960	4.46907	2.59465
151960	4.49772	2.61131
151960	4.52636	2.62798
151960	4.55501	2.64464
151960	4.58366	2.6613
151960	4.61231	2.67796
151960	4.64096	2.69463
151960	4.6696	2.71129
151960	4.69825	2.72795
151960	4.7269	2.74461
151960	4.75555	2.76128
151960	4.7842	2.77794
151960	4.81284	2.7946
151960	4.84149	2.81126
151960	4.87014	2.82793
151960	4.89879	2.84459
151960	4.92743	2.86125
151960	4.95608	2.87791
151960	4.98473	2.89458
151960	5.01338	2.91124
151960	5.04203	2.9279
151960	5.07067	2.94456
151960	5.09932	2.96123
151960	5.12797	2.97789
151960	5.15662	2.99455
151960	5.18527	3.01122
151960	5.21391	3.02788
151960	5.24256	3.04454
151960	5.27121	3.0612
151960	5.29986	3.07787
151960	5.32851	3.09453
151960	5.35715	3.11119
151960	5.3858	3.12785
151960	5.41445	3.14452
151960	5.4431	3.16118
151960	5.47175	3.17784
151960	5.50039	3.1945
151960	5.52904	3.21117
151960	5.55769	3.22783
151960	5.58634	3.24449
151960	5.61498	3.26115
151960	5.64363	3.27782
151960	5.67228	3.29448
151960	5.70093	3.31114
151960	5.72958	3.3278
151960	5.75822	3.34447
151960	5.78687	3.36113
151960	5.81552	3.37779
151960	5.84417	3.39445
151960	5.87282	3.41112
151960	5.90146	3.42778
151960	5.93011	3.44444
151960	5.95876	3.46111
151960	5.98741	3.47777
151960	6.01606	3.49443
151960	6.0447	3.51109
151960	6.07335	3.52776
151960	6.102	3.54442
151960	6.13065	3.56108
151960	6.1593	3.57774
151960	6.18794	3.59441
151960	6.21659	3.61107
151960	6.24524	3.62773
151960	6.27389	3.64439
151960	6.30253	3.66106
151960	6.33118	3.67772
151960	6.35983	3.69438
151960	6.38848	3.71104
151960	6.41713	3.72771
151960	6.44577	3.74437
151960	6.47442	3.76103
151960	6.50307	3.77769
151960	6.53172	3.79436
151960	6.56037	3.81102
151960	6.58901	3.82768
151960	6.61766	3.84435
151960	6.64631	3.86101
151960	6.67496	3.87767
151960	6.70361	3.89433
151960	6.73225	3.911
151960	6.7609	3.92766
151960	6.78955	3.94432
151960	6.8182	3.96098
151960	6.84685	3.97765
151960	6.87549	3.99431
151960	6.90414	4.01097
151960	6.93279	4.02763
151960	6.96144	4.0443
151960	6.99008	4.06096
151960	7.01873	4.07762
151960	7.04738	4.09428
151960	7.07603	4.11095
151960	7.10468	4.12761
151960	7.13332	4.14427
151960	7.16197	4.16093
151960	7.19062	4.1776
151960	7.21927	4.19426
151960	7.24791	4.21092
151960	7.27656	4.22758
151960	7.30521	4.24425
151960	7.33386	4.26091
151960	7.3625	4.27757
151960	7.39115	4.29424
151960	7.4198	4.3109
151960	7.44845	4.32756
151960	7.47709	4.34422
151960	7.50574	4.36089
151960	7.53439	4.37755
151960	7.56304	4.39421
151960	7.59168	4.41087
151960	7.62033	4.42754
151960	7.64898	4.4442
151960	7.67763	4.46086
151960	7.70627	4.47752
151960	7.73492	4.49419
151960	7.76357	4.51085
151960	7.79222	4.52751
151960	7.82086	4.54417
151960	7.84951	4.56084
151960	7.87816	4.5775
151960	7.90681	4.59416
151960	7.93545	4.61082
151960	7.9641	4.62749
151960	7.99275	4.64415
151960	8.0214	4.66081
151960	8.05004	4.67747
151960	8.07869	4.69414
151960	8.10734	4.7108
151960	8.13599	4.72746
151960	8.16463	4.74413
151960	8.19328	4.76079
151960	8.22193	4.77745
151960	8.25058	4.79411
151960	8.27922	4.81078
151960	8.30787	4.82744
151960	8.33652	4.8441
151960	8.36517	4.86076
151960	8.39381	4.87743
151960	8.42246	4.89409
151960	8.45111	4.91075
151960	8.47976	4.92741
151960	8.5084	4.94408
151960	8.53705	4.96074
151960	8.5657	4.9774
151960	8.59435	4.99406
151960	8.62299	5.01073
151960	8.65164	5.02739
151960	8.68029	5.04405
151960	8.70894	5.06071
151960	8.73758	5.07738
151960	8.76623	5.09404
151960	8.79488	5.1107
151960	8.82353	5.12737
151960	8.85217	5.14403
151960	8.88082	5.16069
151960	8.90947	5.17735
151960	8.93812	5.19402
151960	8.96676	5.21068
151960	8.99541	5.22734
151960	9.02406	5.244
151960	9.05271	5.26067
151960	9.08135	5.27733
151960	9.11	5.29399
151960	9.13865	5.31065
151960	9.1673	5.32732
151960	9.19594	5.34398
151960	9.22459	5.36064
151960	9.25324	5.3773
151960	9.28189	5.39397
151960	9.31053	5.41063
151960	9.33918	5.42729
151960	9.36783	5.44395
151960	9.39648	5.46062
151960	9.42512	5.47728
151960	9.45377	5.49394
151960	9.48242	5.5106
151960	9.51107	5.52727
151960	9.53971	5.54393
151960	9.56836	5.56059
151960	9.59701	5.57726
151960	9.62566	5.59392
151960	9.6543	5.61058
151960	9.68295	5.62724
151960	9.7116	5.64391
151960	9.74024	5.66057
151960	9.76889	5.67723
151960	9.79754	5.69389
151960	9.82619	5.71056
151960	9.85484	5.72722
151960	9.88348	5.74388
151960	9.91213	5.76054
151960	9.94078	5.77721
151960	9.96943	5.79387
151960	9.99807	5.81053
151960	10.0267	5.82719
151960	10.0554	5.84386
151960	10.084	5.86052
151960	10.1127	5.87718
151960	10.1413	5.89384
151960	10.17	5.91051
151960	10.1986	5.92717
151960	10.2273	5.94383
151960	10.2559	5.96049
151960	10.2845	5.97716
151960	10.3132	5.99382
151960	10.3418	6.01048
151960	10.3705	6.02715
151960	10.3991	6.04381
151960	10.4278	6.06047
151960	10.4564	6.07713
151960	10.4851	6.0938
151960	10.5137	6.11046
151960	10.5424	6.12712
151960	10.571	6.14378
151960	10.5997	6.16045
151960	10.6283	6.17711
151960	10.657	6.19377
151960	10.6856	6.21043
151960	10.7143	6.2271
151960	10.7429	6.24376
151960	10.7716	6.26042
151960	10.8002	6.27708
151960	10.8288	6.29375
151960	10.8575	6.31041
151960	10.8861	6.32707
151960	10.9148	6.34373
151960	10.9434	6.3604
151960	10.9721	6.37706
151960	11.0007	6.39372
151960	11.0294	6.41039
151960	11.058	6.42705
151960	11.0867	6.44371
151960	11.1153	6.46037
151960	11.144	6.47704
151960	11.1726	6.4937
151960	11.2013	6.51036
151960	11.2299	6.52702
151960	11.2586	6.54369
151960	11.2872	6.56035
151960	11.3159	6.57701
151960	11.3445	6.59367
151960	11.3732	6.61034
151960	11.4018	6.627
151960	11.4304	6.64366
151960	11.4591	6.66032
151960	11.4877	6.67699
151960	11.5164	6.69365
151960	11.545	6.71031
151960	11.5737	6.72697
151960	11.6023	6.74364
151960	11.631	6.7603
151960	11.6596	6.77696
151960	11.6883	6.79362
151960	11.7169	6.81029
151960	11.7456	6.82695
151960	11.7742	6.84361
151960	11.8029	6.86028
151960	11.8315	6.87694
151960	11.8602	6.8936
151960	11.8888	6.91026
151960	11.9175	6.92693
151960	11.9461	6.94359
151960	11.9747	6.96025
151960	12.0034	6.97691
151960	12.032	6.99358
151960	12.0607	7.01024
151960	12.0893	7.0269
151960	12.118	7.04356
151960	12.1466	7.06023
151960	12.1753	7.07689
151960	12.2039	7.09355
151960	12.2326	7.11021
151960	12.2612	7.12688
151960	12.2899	7.14354
151960	12.3185	7.1602
151960	12.3472	7.17686
151960	12.3758	7.19353
151960	12.4045	7.21019
151960	12.4331	7.22685
151960	12.4618	7.24352
151960	12.4904	7.26018
151960	12.5191	7.27684
151960	12.5477	7.2935
151960	12.5763	7.31017
151960	12.605	7.32683
151960	12.6336	7.34349
151960	12.6623	7.36015
151960	12.6909	7.37682
151960	12.7196	7.39348
151960	12.7482	7.41014
151960	12.7769	7.4268
151960	12.8055	7.44347
151960	12.8342	7.46013
151960	12.8628	7.47679
151960	12.8915	7.49345
151960	12.9201	7.51012
151960	12.9488	7.52678
151960	12.9774	7.54344
151960	13.0061	7.5601
151960	13.0347	7.57677
151960	13.0634	7.59343
151960	13.092	7.61009
151960	13.1206	7.62675
151960	13.1493	7.64342
151960	13.1779	7.66008
151960	13.2066	7.67674
151960	13.2352	7.69341
151960	13.2639	7.71007
151960	13.2925	7.72673
151960	13.3212	7.74339
151960	13.3498	7.76006
151960	13.3785	7.77672
151960	13.4071	7.79338
151960	13.4358	7.81004
151960	13.4644	7.82671
151960	13.4931	7.84337
151960	13.5217	7.86003
151960	13.5504	7.87669
151960	13.579	7.89336
151960	13.6077	7.91002
151960	13.6363	7.92668
151960	13.665	7.94334
151960	13.6936	7.96001
151960	13.7222	7.97667
151960	13.7509	7.99333
151960	13.7795	8.00999
151960	13.8082	8.02666
151960	13.8368	8.04332
151960	13.8655	8.05998
151960	13.8941	8.07664
151960	13.9228	8.09331
151960	13.9514	8.10997
151960	13.9801	8.12663
151960	14.0087	8.1433
151960	14.0374	8.15996
151960	14.066	8.17662
151960	14.0947	8.19328
151960	14.1233	8.20995
151960	14.152	8.22661
151960	14.1806	8.24327
151960	14.2093	8.25993
151960	14.2379	8.2766
151960	14.2665	8.29326
151960	14.2952	8.30992
151960	14.3238	8.32658
151960	14.3525	8.34325
151960	14.3811	8.35991
151960	14.4098	8.37657
151960	14.4384	8.39323
151960	14.4671	8.4099
151960	14.4957	8.42656
151960	14.5244	8.44322
151960	14.553	8.45988
151960	14.5817	8.47655
151960	14.6103	8.49321
151960	14.639	8.50987
151960	14.6676	8.52654
151960	14.6963	8.5432
151960	14.7249	8.55986
151960	14.7536	8.57652
151960	14.7822	8.59319
151960	14.8109	8.60985
151960	14.8395	8.62651
151960	14.8681	8.64317
151960	14.8968	8.65984
151960	14.9254	8.6765
151960	14.9541	8.69316
151960	14.9827	8.70982
151960	15.0114	8.72649
151960	15.04	8.74315
151960	15.0687	8.75981
151960	15.0973	8.77647
151960	15.126	8.79314
151960	15.1546	8.8098
151960	15.1833	8.82646
151960	15.2119	8.84312
151960	15.2406	8.85979
151960	15.2692	8.87645
151960	15.2979	8.89311
151960	15.3265	8.90977
151960	15.3552	8.92644
151960	15.3838	8.9431
151960	15.4124	8.95976
151960	15.4411	8.97643
151960	15.4697	8.99309
151960	15.4984	9.00975
151960	15.527	9.02641
151960	15.5557	9.04308
151960	15.5843	9.05974
151960	15.613	9.0764
151960	15.6416	9.09306
151960	15.6703	9.10973
151960	15.6989	9.12639
151960	15.7276	9.14305
151960	15.7562	9.15971
151960	15.7849	9.17638
151960	15.8135	9.19304
151960	15.8422	9.2097
151960	15.8708	9.22636
151960	15.8995	9.24303
151960	15.9281	9.25969
151960	15.9567	9.27635
151960	15.9854	9.29301
151960	16.014	9.30968
151960	16.0427	9.32634
151960	16.0713	9.343
151960	16.1	9.35966
151960	16.1286	9.37633
151960	16.1573	9.39299
151960	16.1859	9.40965
151960	16.2146	9.42632
151960	16.2432	9.44298
151960	16.2719	9.45964
151960	16.3005	9.4763
151960	16.3292	9.49297
151960	16.3578	9.50963
151960	16.3865	9.52629
151960	16.4151	9.54295
151960	16.4438	9.55962
151960	16.4724	9.57628
151960	16.5011	9.59294
151960	16.5297	9.6096
151960	16.5583	9.62627
151960	16.587	9.64293
151960	16.6156	9.65959
151960	16.6443	9.67625
151960	16.6729	9.69292
151960	16.7016	9.70958
151960	16.7302	9.72624
151960	16.7589	9.7429
151960	16.7875	9.75957
151960	16.8162	9.77623
151960	16.8448	9.79289
151960	16.8735	9.80956
151960	16.9021	9.82622
151960	16.9308	9.84288
151960	16.9594	9.85954
151960	16.9881	9.87621
151960	17.0167	9.89287
151960	17.0454	9.90953
151960	17.074	9.92619
151960	17.1026	9.94286
151960	17.1313	9.95952
151960	17.1599	9.97618
151960	17.1886	9.99284
151960	17.2172	10.0095
151960	17.2459	10.0262
151960	17.2745	10.0428
151960	17.3032	10.0595
151960	17.3318	10.0762
151960	17.3605	10.0928
151960	17.3891	10.1095
151960	17.4178	10.1261
151960	17.4464	10.1428
151960	17.4751	10.1595
151960	17.5037	10.1761
151960	17.5324	10.1928
151960	17.561	10.2095
151960	17.5897	10.2261
151960	17.6183	10.2428
151960	17.647	10.2594
151960	17.6756	10.2761
151960	17.7042	10.2928
151960	17.7329	10.3094
151960	17.7615	10.3261
151960	17.7902	10.3428
151960	17.8188	10.3594
151960	17.8475	10.3761
151960	17.8761	10.3927
151960	17.9048	10.4094
151960	17.9334	10.4261
151960	17.9621	10.4427
151960	17.9907	10.4594
151960	18.0194	10.4761
151960	18.048	10.4927
151960	18.0767	10.5094
151960	18.1053	10.526
151960	18.134	10.5427
151960	18.1626	10.5594
151960	18.1913	10.576
151960	18.2199	10.5927
151960	18.2485	10.6094
151960	18.2772	10.626
151960	18.3058	10.6427
151960	18.3345	10.6593
151960	18.3631	10.676
151960	18.3918	10.6927
151960	18.4204	10.7093
151960	18.4491	10.726
151960	18.4777	10.7427
151960	18.5064	10.7593
151960	18.535	10.776
151960	18.5637	10.7926
151960	18.5923	10.8093
151960	18.621	10.826
151960	18.6496	10.8426
151960	18.6783	10.8593
151960	18.7069	10.876
151960	18.7356	10.8926
151960	18.7642	10.9093
151960	18.7929	10.9259
151960	18.8215	10.9426
151960	18.8501	10.9593
151960	18.8788	10.9759
151960	18.9074	10.9926
151960	18.9361	11.0093
151960	18.9647	11.0259
151960	18.9934	11.0426
151960	19.022	11.0592
151960	19.0507	11.0759
151960	19.0793	11.0926
151960	19.108	11.1092
151960	19.1366	11.1259
151960	19.1653	11.1426
151960	19.1939	11.1592
151960	19.2226	11.1759
151960	19.2512	11.1926
151960	19.2799	11.2092
151960	19.3085	11.2259
151960	19.3372	11.2425
151960	19.3658	11.2592
151960	19.3944	11.2759
151960	19.4231	11.2925
151960	19.4517	11.3092
151960	19.4804	11.3259
151960	19.509	11.3425
151960	19.5377	11.3592
151960	19.5663	11.3758
151959	19.595	11.3925
151959	19.6236	11.4092
151959	19.6523	11.4258
151959	19.6809	11.4425
151959	19.7096	11.4592
151959	19.7382	11.4758
151959	19.7669	11.4925
151959	19.7955	11.5091
151959	19.8242	11.5258
151959	19.8528	11.5425
151959	19.8815	11.5591
151959	19.9101	11.5758
151959	19.9387	11.5925
151959	19.9674	11.6091
151959	19.996	11.6258
151959	20.0247	11.6424
151959	20.0533	11.6591
151959	20.082	11.6758
151959	20.1106	11.6924
151959	20.1393	11.7091
151959	20.1679	11.7258
151959	20.1966	11.7424
151959	20.2252	11.7591
151959	20.2539	11.7757
151959	20.2825	11.7924
151959	20.3112	11.8091
151959	20.3398	11.8257
151959	20.3685	11.8424
151959	20.3971	11.8591
151959	20.4258	11.8757
151959	20.4544	11.8924
151959	20.4831	11.909
151959	20.5117	11.9257
151959	20.5403	11.9424
151959	20.569	11.959
151959	20.5976	11.9757
151959	20.6263	11.9924
151959	20.6549	12.009
151959	20.6836	12.0257
151959	20.7122	12.0423
151959	20.7409	12.059
151959	20.7695	12.0757
151958	20.7982	12.0923
151958	20.8268	12.109
151958	20.8555	12.1257
151958	20.8841	12.1423
151958	20.9128	12.159
151958	20.9414	12.1756
151958	20.9701	12.1923
151958	20.9987	12.209
151958	21.0274	12.2256
151958	21.056	12.2423
151958	21.0846	12.259
151958	21.1133	12.2756
151958	21.1419	12.2923
151958	21.1706	12.3089
151958	21.1992	12.3256
151958	21.2279	12.3423
151958	21.2565	12.3589
151958	21.2852	12.3756
151958	21.3138	12.3923
151958	21.3425	12.4089
151958	21.3711	12.4256
151958	21.3998	12.4422
151958	21.4284	12.4589
151958	21.4571	12.4756
151958	21.4857	12.4922
151958	21.5144	12.5089
151958	21.543	12.5256
151958	21.5717	12.5422
151958	21.6003	12.5589
151958	21.629	12.5755
151958	21.6576	12.5922
151958	21.6862	12.6089
151958	21.7149	12.6255
151958	21.7435	12.6422
151958	21.7722	12.6589
151958	21.8008	12.6755
151958	21.8295	12.6922
151958	21.8581	12.7088
151958	21.8868	12.7255
151958	21.9154	12.7422
151958	21.9441	12.7588
151958	21.9727	12.7755
151958	22.0014	12.7922
151958	22.03	12.8088
151958	22.0587	12.8255
151958	22.0873	12.8421
151958	22.116	12.8588
151958	22.1446	12.8755
151958	22.1733	12.8921
151958	22.2019	12.9088
151958	22.2305	12.9255
151958	22.2592	12.9421
151958	22.2878	12.9588
151958	22.3165	12.9754
151958	22.3451	12.9921
151958	22.3738	13.0088
151958	22.4024	13.0254
151958	22.4311	13.0421
151958	22.4597	13.0588
151958	22.4884	13.0754
151958	22.517	13.0921
151958	22.5457	13.1087
151958	22.5743	13.1254
151958	22.603	13.1421
151958	22.6316	13.1587
151958	22.6603	13.1754
151958	22.6889	13.1921
151958	22.7176	13.2087
151958	22.7462	13.2254
151958	22.7749	13.2421
151958	22.8035	13.2587
151958	22.8321	13.2754
151958	22.8608	13.292
151958	22.8894	13.3087
151958	22.9181	13.3254
151958	22.9467	13.342
151958	22.9754	13.3587
151958	23.004	13.3754
151958	23.0327	13.392
151958	23.0613	13.4087
151958	23.09	13.4253
151958	23.1186	13.442
151958	23.1473	13.4587
151958	23.1759	13.4753
151958	23.2046	13.492
151958	23.2332	13.5087
151958	23.2619	13.5253
151958	23.2905	13.542
151958	23.3192	13.5586
151958	23.3478	13.5753
151958	23.3764	13.592
151958	23.4051	13.6086
151958	23.4337	13.6253
151958	23.4624	13.642
151958	23.491	13.6586
151958	23.5197	13.6753
151958	23.5483	13.6919
151958	23.577	13.7086
151958	23.6056	13.7253
151958	23.6343	13.7419
151958	23.6629	13.7586
151958	23.6916	13.7753
151958	23.7202	13.7919
151958	23.7489	13.8086
151958	23.7775	13.8252
151958	23.8062	13.8419
151958	23.8348	13.8586
151958	23.8635	13.8752
151958	23.8921	13.8919
151958	23.9207	13.9086
151958	23.9494	13.9252
151958	23.978	13.9419
151958	24.0067	13.9585
151958	24.0353	13.9752
151958	24.064	13.9919
151958	24.0926	14.0085
151958	24.1213	14.0252
151958	24.1499	14.0419
151958	24.1786	14.0585
151958	24.2072	14.0752
151958	24.2359	14.0918
151958	24.2645	14.1085
151958	24.2932	14.1252
151958	24.3218	14.1418
151958	24.3505	14.1585
151958	24.3791	14.1752
151958	24.4078	14.1918
151958	24.4364	14.2085
151958	24.4651	14.2251
151958	24.4937	14.2418
151958	24.5223	14.2585
151958	24.551	14.2751
151958	24.5796	14.2918
151958	24.6083	14.3085
151958	24.6369	14.3251
151958	24.6656	14.3418
151958	24.6942	14.3584
151958	24.7229	14.3751
151958	24.7515	14.3918
151958	24.7802	14.4084
151958	24.8088	14.4251
151958	24.8375	14.4418
151958	24.8661	14.4584
151958	24.8948	14.4751
151958	24.9234	14.4917
151958	24.9521	14.5084
151958	24.9807	14.5251
151958	25.0094	14.5417
151958	25.038	14.5584
151958	25.0666	14.5751
151958	25.0953	14.5917
151958	25.1239	14.6084
151958	25.1526	14.625
151958	25.1812	14.6417
151958	25.2099	14.6584
151958	25.2385	14.675
151958	25.2672	14.6917
151958	25.2958	14.7084
151958	25.3245	14.725
151958	25.3531	14.7417
151958	25.3818	14.7583
151958	25.4104	14.775
151958	25.4391	14.7917
151958	25.4677	14.8083
151958	25.4964	14.825
151958	25.525	14.8417
151958	25.5537	14.8583
151958	25.5823	14.875
151958	25.611	14.8916
151958	25.6396	14.9083
151958	25.6682	14.925
151958	25.6969	14.9416
151958	25.7255	14.9583
151958	25.7542	14.975
151958	25.7828	14.9916
151958	25.8115	15.0083
151958	25.8401	15.0249
151958	25.8688	15.0416
151958	25.8974	15.0583
151958	25.9261	15.0749
151958	25.9547	15.0916
151958	25.9834	15.1083
151958	26.012	15.1249
151958	26.0407	15.1416
151958	26.0693	15.1582
151958	26.098	15.1749
151958	26.1266	15.1916
151958	26.1553	15.2082
151958	26.1839	15.2249
151958	26.2125	15.2416
151958	26.2412	15.2582
151958	26.2698	15.2749
151958	26.2985	15.2915
151958	26.3271	15.3082
151958	26.3558	15.3249
151958	26.3844	15.3415
151958	26.4131	15.3582
151958	26.4417	15.3749
151958	26.4704	15.3915
151958	26.499	15.4082
151958	26.5277	15.4249
151958	26.5563	15.4415
151958	26.585	15.4582
151958	26.6136	15.4748
151958	26.6423	15.4915
151958	26.6709	15.5082
151958	26.6996	15.5248
151958	26.7282	15.5415
151958	26.7568	15.5582
151958	26.7855	15.5748
151958	26.8141	15.5915
151958	26.8428	15.6081
151958	26.8714	15.6248
151958	26.9001	15.6415
151958	26.9287	15.6581
151958	26.9574	15.6748
151958	26.986	15.6915
151958	27.0147	15.7081
151958	27.0433	15.7248
151958	27.072	15.7414
151958	27.1006	15.7581
151958	27.1293	15.7748
151958	27.1579	15.7914
151958	27.1866	15.8081
151958	27.2152	15.8248
151958	27.2439	15.8414
151958	27.2725	15.8581
151958	27.3012	15.8747
151958	27.3298	15.8914
151958	27.3584	15.9081
151958	27.3871	15.9247
151958	27.4157	15.9414
151958	27.4444	15.9581
151958	27.473	15.9747
151958	27.5017	15.9914
151958	27.5303	16.008
151958	27.559	16.0247
151958	27.5876	16.0414
151958	27.6163	16.058
151958	27.6449	16.0747
151958	27.6736	16.0914
151958	27.7022	16.108
151958	27.7309	16.1247
151958	27.7595	16.1413
151958	27.7882	16.158
151958	27.8168	16.1747
151958	27.8455	16.1913
151958	27.8741	16.208
151958	27.9028	16.2247
151958	27.9314	16.2413
151958	27.96	16.258
151958	27.9887	16.2746
151958	28.0173	16.2913
151958	28.046	16.308
151958	28.0746	16.3246
151958	28.1033	16.3413
151958	28.1319	16.358
151958	28.1606	16.3746
151958	28.1892	16.3913
151958	28.2179	16.4079
151958	28.2465	16.4246
151958	28.2752	16.4413
151958	28.3038	16.4579
151958	28.3325	16.4746
151958	28.3611	16.4913
151958	28.3898	16.5079
151958	28.4184	16.5246
151958	28.4471	16.5412
151958	28.4757	16.5579
151958	28.5043	16.5746
151958	28.533	16.5912
151958	28.5616	16.6079
151958	28.5903	16.6246
151958	28.6189	16.6412
151958	28.6476	16.6579
151958	28.6762	16.6745
151958	28.7049	16.6912
151958	28.7335	16.7079
151958	28.7622	16.7245
151958	28.7908	16.7412
151958	28.8195	16.7579
151958	28.8481	16.7745
151958	28.8768	16.7912
151958	28.9054	16.8078
151958	28.9341	16.8245
151958	28.9627	16.8412
151958	28.9914	16.8578
151958	29.02	16.8745
151958	29.0487	16.8912
151958	29.0773	16.9078
151958	29.106	16.9245
151958	29.1346	16.9411
151958	29.1633	16.9578
151958	29.1919	16.9745
151958	29.2206	16.9911
151958	29.2492	17.0078
151958	29.2779	17.0245
151958	29.3065	17.0411
151958	29.3352	17.0578
151958	29.3638	17.0744
151958	29.3925	17.0911
151957	29.4211	17.1078
151957	29.4498	17.1244
151957	29.4784	17.1411
151957	29.5071	17.1578
151957	29.5357	17.1744
151957	29.5644	17.1911
151957	29.593	17.2077
151957	29.6217	17.2244
151957	29.6503	17.2411
151957	29.679	17.2577
151957	29.7076	17.2744
151957	29.7363	17.2911
151957	29.7649	17.3077
151957	29.7936	17.3244
151957	29.8222	17.341
151957	29.8508	17.3577
151957	29.8795	17.3744
151957	29.9081	17.391
151957	29.9368	17.4077
151957	29.9654	17.4244
151957	29.9941	17.441
151957	30.0227	17.4577
151957	30.0514	17.4743
151957	30.08	17.491
151957	30.1087	17.5077
151957	30.1373	17.5243
151957	30.166	17.541
151957	30.1946	17.5577
151957	30.2233	17.5743
151957	30.2519	17.591
151957	30.2806	17.6077
151957	30.3092	17.6243
151957	30.3379	17.641
151957	30.3665	17.6576
151957	30.3952	17.6743
151957	30.4238	17.691
151957	30.4525	17.7076
151957	30.4811	17.7243
151957	30.5098	17.741
151957	30.5384	17.7576
151957	30.5671	17.7743
151957	30.5957	17.7909
151957	30.6244	17.8076
151957	30.653	17.8243
151957	30.6817	17.8409
151957	30.7103	17.8576
151957	30.739	17.8743
151957	30.7676	17.8909
151957	30.7963	17.9076
151957	30.8249	17.9242
151957	30.8536	17.9409
151957	30.8822	17.9576
151957	30.9109	17.9742
151957	30.9395	17.9909
151957	30.9682	18.0076
151957	30.9968	18.0242
151957	31.0255	18.0409
151957	31.0541	18.0575
151957	31.0828	18.0742
151957	31.1114	18.0909
151957	31.1401	18.1075
151957	31.1687	18.1242
151957	31.1974	18.1409
151957	31.226	18.1575
151957	31.2547	18.1742
151957	31.2833	18.1908
151957	31.312	18.2075
151957	31.3406	18.2242
151957	31.3693	18.2408
151957	31.3979	18.2575
151957	31.4266	18.2742
151957	31.4552	18.2908
151957	31.4839	18.3075
151957	31.5125	18.3241
151957	31.5412	18.3408
151957	31.5698	18.3575
151957	31.5984	18.3741
151956	31.6271	18.3908
151956	31.6557	18.4075
151956	31.6844	18.4241
151956	31.713	18.4408
151956	31.7417	18.4574
151956	31.7703	18.4741
151956	31.799	18.4908
151956	31.8276	18.5074
151956	31.8563	18.5241
151956	31.8849	18.5408
151956	31.9136	18.5574
151956	31.9422	18.5741
151956	31.9709	18.5907
151956	31.9995	18.6074
151956	32.0282	18.6241
151956	32.0568	18.6407
151956	32.0855	18.6574
151956	32.1141	18.6741
151956	32.1428	18.6907
151956	32.1714	18.7074
151956	32.2001	18.724
151956	32.2287	18.7407
151956	32.2574	18.7574
151956	32.286	18.774
151956	32.3147	18.7907
151956	32.3433	18.8074
151956	32.372	18.824
151956	32.4006	18.8407
151956	32.4293	18.8573
151956	32.4579	18.874
151956	32.4866	18.8907
151956	32.5152	18.9073
151956	32.5439	18.924
151956	32.5725	18.9407
151956	32.6012	18.9573
151956	32.6298	18.974
151956	32.6585	18.9906
151956	32.6871	19.0073
151956	32.7158	19.024
151956	32.7444	19.0406
151956	32.7731	19.0573
151956	32.8017	19.074
151956	32.8304	19.0906
151956	32.859	19.1073
151956	32.8877	19.1239
151956	32.9163	19.1406
151956	32.945	19.1573
151956	32.9736	19.1739
151956	33.0023	19.1906
151956	33.0309	19.2073
151956	33.0596	19.2239
151956	33.0882	19.2406
151956	33.1169	19.2572
151956	33.1455	19.2739
151956	33.1742	19.2906
151956	33.2028	19.3072
151956	33.2315	19.3239
151956	33.2601	19.3406
151956	33.2888	19.3572
151956	33.3174	19.3739
151956	33.3461	19.3905
151956	33.3747	19.4072
151956	33.4034	19.4239
151956	33.432	19.4405
151956	33.4606	19.4572
151956	33.4893	19.4739
151956	33.5179	19.4905
151956	33.5466	19.5072
151956	33.5752	19.5238
151956	33.6039	19.5405
151956	33.6325	19.5572
151956	33.6612	19.5738
151956	33.6898	19.5905
151956	33.7185	19.6072
151956	33.7471	19.6238
151956	33.7758	19.6405
151956	33.8044	19.6572
151956	33.8331	19.6738
151956	33.8617	19.6905
151956	33.8904	19.7071
151956	33.919	19.7238
151956	33.9477	19.7405
151956	33.9763	19.7571
151956	34.005	19.7738
151956	34.0336	19.7905
151956	34.0623	19.8071
151956	34.0909	19.8238
151956	34.1196	19.8404
151956	34.1482	19.8571
151956	34.1769	19.8738
151956	34.2055	19.8904
151956	34.2342	19.9071
151956	34.2628	19.9238
151956	34.2915	19.9404
151956	34.3201	19.9571
151956	34.3488	19.9737
151956	34.3774	19.9904
151956	34.4061	20.0071
151956	34.4347	20.0237
151956	34.4634	20.0404
151956	34.492	20.0571
151956	34.5207	20.0737
151956	34.5493	20.0904
151956	34.578	20.107
151956	34.6066	20.1237
151956	34.6353	20.1404
151956	34.6639	20.157
151956	34.6926	20.1737
151956	34.7212	20.1904
151956	34.7499	20.207
151956	34.7785	20.2237
151956	34.8072	20.2403
151956	34.8358	20.257
151956	34.8645	20.2737
151956	34.8931	20.2903
151956	34.9218	20.307
151956	34.9504	20.3237
151956	34.9791	20.3403
151956	35.0077	20.357
151956	35.0364	20.3736
151956	35.065	20.3903
151956	35.0937	20.407
151956	35.1223	20.4236
151956	35.151	20.4403
151956	35.1796	20.457
151956	35.2082	20.4736
151956	35.2369	20.4903
151956	35.2655	20.5069
151956	35.2942	20.5236
151955	35.3228	20.5403
151955	35.3515	20.5569
151955	35.3801	20.5736
151955	35.4088	20.5903
151955	35.4374	20.6069
151955	35.4661	20.6236
151955	35.4947	20.6402
151955	35.5234	20.6569
151955	35.552	20.6736
151955	35.5807	20.6902
151955	35.6093	20.7069
151955	35.638	20.7236
151955	35.6666	20.7402
151955	35.6953	20.7569
151955	35.7239	20.7735
151955	35.7526	20.7902
151955	35.7812	20.8069
151955	35.8099	20.8235
151955	35.8385	20.8402
151955	35.8672	20.8569
151955	35.8958	20.8735
151955	35.9245	20.8902
151955	35.9531	20.9068
151955	35.9818	20.9235
151955	36.0104	20.9402
151955	36.0391	20.9568
151955	36.0677	20.9735
151955	36.0964	20.9902
151955	36.125	21.0068
151955	36.1537	21.0235
151955	36.1823	21.0401
151955	36.211	21.0568
151955	36.2396	21.0735
151955	36.2683	21.0901
151955	36.2969	21.1068
151955	36.3256	21.1235
151955	36.3542	21.1401
151955	36.3829	21.1568
151955	36.4115	21.1734
151955	36.4402	21.1901
151955	36.4688	21.2068
151955	36.4975	21.2234
151955	36.5261	21.2401
151955	36.5548	21.2568
151955	36.5834	21.2734
151955	36.6121	21.2901
151955	36.6407	21.3067
151955	36.6694	21.3234
151955	36.698	21.3401
151955	36.7267	21.3567
151955	36.7553	21.3734
151955	36.784	21.3901
151955	36.8126	21.4067
151954	36.8413	21.4234
151954	36.8699	21.44
151954	36.8985	21.4567
151954	36.9272	21.4734
151954	36.9558	21.49
151954	36.9845	21.5067
151954	37.0131	21.5234
151954	37.0418	21.54
151954	37.0704	21.5567
151954	37.0991	21.5733
151954	37.1277	21.59
151954	37.1564	21.6067
151954	37.185	21.6233
151954	37.2137	21.64
151954	37.2423	21.6567
151954	37.271	21.6733
151954	37.2996	21.69
151954	37.3283	21.7066
151954	37.3569	21.7233
151954	37.3856	21.74
151954	37.4142	21.7566
151954	37.4429	21.7733
151954	37.4715	21.79
151954	37.5002	21.8066
151954	37.5288	21.8233
151954	37.5575	21.84
151954	37.5861	21.8566
151954	37.6148	21.8733
151954	37.6434	21.8899
151954	37.6721	21.9066
151954	37.7007	21.9233
151954	37.7294	21.9399
151954	37.758	21.9566
151954	37.7867	21.9733
151954	37.8153	21.9899
151954	37.844	22.0066
151954	37.8726	22.0232
151954	37.9013	22.0399
151954	37.9299	22.0566
151954	37.9586	22.0732
151954	37.9872	22.0899
151954	38.0159	22.1066
151954	38.0445	22.1232
151954	38.0732	22.1399
151954	38.1018	22.1565
151954	38.1305	22.1732
151953	38.1591	22.1899
151953	38.1878	22.2065
151953	38.2164	22.2232
151953	38.2451	22.2399
151953	38.2737	22.2565
151953	38.3024	22.2732
151953	38.331	22.2898
151953	38.3597	22.3065
151953	38.3883	22.3232
151953	38.417	22.3398
151953	38.4456	22.3565
151953	38.4743	22.3732
151953	38.5029	22.3898
151953	38.5316	22.4065
151953	38.5602	22.4231
151953	38.5889	22.4398
151953	38.6175	22.4565
151953	38.6461	22.4731
151953	38.6748	22.4898
151953	38.7034	22.5065
151953	38.7321	22.5231
151953	38.7607	22.5398
151953	38.7894	22.5564
151953	38.818	22.5731
151953	38.8467	22.5898
151946	38.8753	22.6064
151936	38.904	22.6231
151936	38.9326	22.6398
151936	38.9613	22.6564
151936	38.9899	22.6731
151936	39.0186	22.6897
151936	39.0472	22.7064
151936	39.0759	22.7231
151936	39.1045	22.7397
151936	39.1332	22.7564
151936	39.1618	22.7731
151929	39.1905	22.7897
151921	39.2191	22.8064
151921	39.2478	22.823
151921	39.2764	22.8397
151914	39.3051	22.8564
151903	39.3337	22.873
151897	39.3624	22.8897
151896	39.391	22.9064
151895	39.4197	22.923
151895	39.4483	22.9397
151887	39.477	22.9563
151887	39.5056	22.973
151881	39.5343	22.9897
151870	39.5629	23.0063
151858	39.5916	23.023
151853	39.6202	23.0397
151852	39.6489	23.0563
151847	39.6775	23.073
151842	39.7062	23.0896
151827	39.7348	23.1063
151818	39.7635	23.123
151815	39.7921	23.1396
151814	39.8208	23.1563
151811	39.8494	23.173
151800	39.8781	23.1896
151783	39.9067	23.2063
151772	39.9354	23.2229
151756	39.964	23.2396
151743	39.9927	23.2563
151735	40.0213	23.2729
151735	40.05	23.2896
151732	40.0786	23.3063
151716	40.1073	23.3229
151705	40.1359	23.3396
151698	40.1646	23.3562
151694	40.1932	23.3729
151694	40.2219	23.3896
151685	40.2505	23.4062
151670	40.2792	23.4229
151651	40.3078	23.4396
151635	40.3365	23.4562
151625	40.3651	23.4729
151610	40.3937	23.4895
151595	40.4224	23.5062
151585	40.451	23.5229
151575	40.4797	23.5395
151562	40.5083	23.5562
151548	40.537	23.5729
151541	40.5656	23.5895
151528	40.5943	23.6062
151516	40.6229	23.6228
151497	40.6516	23.6395
151485	40.6802	23.6562
151471	40.7089	23.6728
151454	40.7375	23.6895
151447	40.7662	23.7062
151427	40.7948	23.7228
151414	40.8235	23.7395
151402	40.8521	23.7561
151387	40.8808	23.7728
151376	40.9094	23.7895
151361	40.9381	23.8061
151346	40.9667	23.8228
151337	40.9954	23.8395
151324	41.024	23.8561
151308	41.0527	23.8728
151291	41.0813	23.8895
151272	41.11	23.9061
151257	41.1386	23.9228
151241	41.1673	23.9394
151227	41.1959	23.9561
151212	41.2246	23.9728
151199	41.2532	23.9894
151184	41.2819	24.0061
151172	41.3105	24.0228
151148	41.3392	24.0394
151135	41.3678	24.0561
151125	41.3965	24.0727
151106	41.4251	24.0894
151088	41.4538	24.1061
151073	41.4824	24.1227
151051	41.5111	24.1394
151037	41.5397	24.1561
151019	41.5684	24.1727
151003	41.597	24.1894
150983	41.6257	24.206
150966	41.6543	24.2227
150951	41.683	24.2394
150930	41.7116	24.256
150918	41.7403	24.2727
150907	41.7689	24.2894
150885	41.7976	24.306
150871	41.8262	24.3227
150847	41.8549	24.3393
150828	41.8835	24.356
150803	41.9122	24.3727
150786	41.9408	24.3893
150762	41.9695	24.406
150743	41.9981	24.4227
150724	42.0268	24.4393
150702	42.0554	24.456
150690	42.0841	24.4726
150666	42.1127	24.4893
150647	42.1413	24.506
150623	42.17	24.5226
150599	42.1987	24.5393
150588	42.2273	24.556
150564	42.2559	24.5726
150530	42.2846	24.5893
150519	42.3132	24.6059
150493	42.3419	24.6226
150477	42.3705	24.6393
150446	42.3992	24.6559
150430	42.4278	24.6726
150408	42.4565	24.6893
150381	42.4851	24.7059
150361	42.5138	24.7226
150331	42.5424	24.7392
150307	42.5711	24.7559
150287	42.5997	24.7726
150251	42.6284	24.7892
150235	42.657	24.8059
150207	42.6857	24.8226
150187	42.7143	24.8392
150167	42.743	24.8559
150142	42.7716	24.8725
150103	42.8003	24.8892
150082	42.8289	24.9059
150057	42.8576	24.9225
150026	42.8862	24.9392
150006	42.9149	24.9559
149969	42.9435	24.9725
149952	42.9722	24.9892
149920	43.0008	25.0058
149893	43.0295	25.0225
149872	43.0581	25.0392
149845	43.0868	25.0558
149817	43.1154	25.0725
149783	43.1441	25.0892
149754	43.1727	25.1058
149727	43.2014	25.1225
149693	43.23	25.1391
149676	43.2587	25.1558
149641	43.2873	25.1725
149610	43.316	25.1891
149579	43.3446	25.2058
149548	43.3733	25.2225
149533	43.4019	25.2391
149502	43.4306	25.2558
149478	43.4592	25.2724
149437	43.4879	25.2891
149406	43.5165	25.3058
149371	43.5452	25.3224
149339	43.5738	25.3391
149311	43.6025	25.3558
149286	43.6311	25.3724
149249	43.6598	25.3891
149204	43.6884	25.4057
149181	43.7171	25.4224
149149	43.7457	25.4391
149118	43.7744	25.4557
149079	43.803	25.4724
149052	43.8317	25.4891
149010	43.8603	25.5057
148984	43.889	25.5224
148954	43.9176	25.539
148902	43.9463	25.5557
148881	43.9749	25.5724
148841	44.0035	25.589
148802	44.0322	25.6057
148761	44.0608	25.6224
148737	44.0895	25.639
148698	44.1181	25.6557
148669	44.1468	25.6723
148630	44.1754	25.689
148590	44.2041	25.7057
148561	44.2327	25.7223
148523	44.2614	25.739
148494	44.29	25.7557
148434	44.3187	25.7723
148388	44.3473	25.789
148366	44.376	25.8056
148328	44.4046	25.8223
148294	44.4333	25.839
148244	44.4619	25.8556
148212	44.4906	25.8723
148167	44.5192	25.889
148136	44.5479	25.9056
148107	44.5765	25.9223
148055	44.6052	25.9389
148016	44.6338	25.9556
147986	44.6625	25.9723
147933	44.6911	25.9889
147900	44.7198	26.0056
147863	44.7484	26.0223
147829	44.7771	26.0389
147770	44.8057	26.0556
147736	44.8344	26.0723
147688	44.863	26.0889
147649	44.8917	26.1056
147613	44.9203	26.1222
147565	44.949	26.1389
147520	44.9776	26.1556
147491	45.0063	26.1722
147448	45.0349	26.1889
147403	45.0636	26.2056
147348	45.0922	26.2222
147309	45.1209	26.2389
147281	45.1495	26.2555
147228	45.1782	26.2722
147178	45.2068	26.2889
147127	45.2355	26.3055
147096	45.2641	26.3222
147044	45.2928	26.3389
146990	45.3214	26.3555
146960	45.3501	26.3722
146904	45.3787	26.3888
146855	45.4074	26.4055
146813	45.436	26.4222
146771	45.4647	26.4388
146743	45.4933	26.4555
146687	45.522	26.4722
146636	45.5506	26.4888
146588	45.5793	26.5055
146548	45.6079	26.5221
146500	45.6366	26.5388
146449	45.6652	26.5555
146402	45.6939	26.5721
146353	45.7225	26.5888
146299	45.7511	26.6055
146247	45.7798	26.6221
146207	45.8084	26.6388
146150	45.8371	26.6554
146100	45.8657	26.6721
146049	45.8944	26.6888
146009	45.923	26.7054
145968	45.9517	26.7221
145914	45.9803	26.7388
145868	46.009	26.7554
145821	46.0376	26.7721
145776	46.0663	26.7887
145726	46.0949	26.8054
145671	46.1236	26.8221
145631	46.1522	26.8387
145577	46.1809	26.8554
145523	46.2095	26.8721
145467	46.2382	26.8887
145412	46.2668	26.9054
145370	46.2955	26.922
145317	46.3241	26.9387
145271	46.3528	26.9554
145229	46.3814	26.972
145178	46.4101	26.9887
145127	46.4387	27.0054
145069	46.4674	27.022
145026	46.496	27.0387
144981	46.5247	27.0553
144938	46.5533	27.072
144876	46.582	27.0887
144827	46.6106	27.1053
144779	46.6393	27.122
144725	46.6679	27.1387
144672	46.6966	27.1553
144615	46.7252	27.172
144572	46.7539	27.1886
144509	46.7825	27.2053
144462	46.8112	27.222
144421	46.8398	27.2386
144364	46.8685	27.2553
144318	46.8971	27.272
144270	46.9258	27.2886
144217	46.9544	27.3053
144153	46.9831	27.3219
144110	47.0117	27.3386
144056	47.0404	27.3553
143994	47.069	27.3719
143950	47.0977	27.3886
143895	47.1263	27.4053
143835	47.155	27.4219
143782	47.1836	27.4386
143733	47.2123	27.4552
143668	47.2409	27.4719
143621	47.2696	27.4886
143566	47.2982	27.5052
143512	47.3269	27.5219
143454	47.3555	27.5386
143399	47.3842	27.5552
143352	47.4128	27.5719
143302	47.4415	27.5885
143247	47.4701	27.6052
143189	47.4987	27.6219
143135	47.5274	27.6385
143085	47.556	27.6552
143022	47.5847	27.6719
142963	47.6133	27.6885
142911	47.642	27.7052
142853	47.6706	27.7218
142793	47.6993	27.7385
142738	47.7279	27.7552
142680	47.7566	27.7718
142625	47.7852	27.7885
142572	47.8139	27.8052
142521	47.8425	27.8218
142454	47.8712	27.8385
142397	47.8998	27.8551
142340	47.9285	27.8718
142285	47.9571	27.8885
142225	47.9858	27.9051
142172	48.0144	27.9218
142120	48.0431	27.9385
142058	48.0717	27.9551
141998	48.1004	27.9718
141945	48.129	27.9884
141875	48.1577	28.0051
141815	48.1863	28.0218
141756	48.215	28.0384
141697	48.2436	28.0551
141644	48.2723	28.0718
141583	48.3009	28.0884
141514	48.3296	28.1051
141460	48.3582	28.1217
141395	48.3869	28.1384
141323	48.4155	28.1551
141269	48.4442	28.1717
141206	48.4728	28.1884
141141	48.5015	28.2051
141086	48.5301	28.2217
141028	48.5588	28.2384
140975	48.5874	28.2551
140910	48.6161	28.2717
140842	48.6447	28.2884
140786	48.6734	28.305
140723	48.702	28.3217
140666	48.7307	28.3384
140596	48.7593	28.355
140535	48.788	28.3717
140490	48.8166	28.3884
140422	48.8453	28.405
140355	48.8739	28.4217
140290	48.9026	28.4383
140228	48.9312	28.455
140156	48.9599	28.4717
140099	48.9885	28.4883
140034	49.0172	28.505
139957	49.0458	28.5217
139899	49.0745	28.5383
139840	49.1031	28.555
139788	49.1318	28.5716
139729	49.1604	28.5883
139665	49.1891	28.605
139604	49.2177	28.6216
139527	49.2463	28.6383
139461	49.275	28.655
139402	49.3036	28.6716
139336	49.3323	28.6883
139267	49.3609	28.7049
139217	49.3896	28.7216
139155	49.4182	28.7383
139087	49.4469	28.7549
139015	49.4755	28.7716
138947	49.5042	28.7883
138884	49.5328	28.8049
138806	49.5615	28.8216
138737	49.5901	28.8382
138682	49.6188	28.8549
138618	49.6474	28.8716
138538	49.6761	28.8882
138475	49.7047	28.9049
138413	49.7334	28.9216
138340	49.762	28.9382
138268	49.7907	28.9549
138212	49.8193	28.9715
138148	49.848	28.9882
138089	49.8766	29.0049
138013	49.9053	29.0215
137950	49.9339	29.0382
137880	49.9339	29.0549
137810	49.9339	29.0715
137738	49.9339	29.0882
137680	49.9339	29.1048
137614	49.9339	29.1215
137553	49.9339	29.1382
137469	49.9339	29.1548
137411	49.9339	29.1715
137346	49.9339	29.1882
137274	49.9339	29.2048
137204	49.9339	29.2215
137139	49.9339	29.2381
137067	49.9339	29.2548
137002	49.9339	29.2715
136929	49.9339	29.2881
136852	49.9339	29.3048
136782	49.9339	29.3215
136704	49.9339	29.3381
136633	49.9339	29.3548
136574	49.9339	29.3714
136507	49.9339	29.3881
136451	49.9339	29.4048
136373	49.9339	29.4214
136305	49.9339	29.4381
136245	49.9339	29.4548
136172	49.9339	29.4714
136106	49.9339	29.4881
136029	49.9339	29.5047
135957	49.9339	29.5214
135883	49.9339	29.5381
135813	49.9339	29.5547
135756	49.9339	29.5714
135691	49.9339	29.5881
135618	49.9339	29.6047
135560	49.9339	29.6214
135481	49.9339	29.638
135420	49.9339	29.6547
135346	49.9339	29.6714
135271	49.9339	29.688
135198	49.9339	29.7047
135115	49.9339	29.7214
135035	49.9339	29.738
134973	49.9339	29.7547
134899	49.9339	29.7713
134824	49.9339	29.788
134753	49.9339	29.8047
134673	49.9339	29.8213
134587	49.9339	29.838
134526	49.9339	29.8547
134451	49.9339	29.8713
134375	49.9339	29.888
134306	49.9339	29.9046
134248	49.9339	29.9213
134181	49.9339	29.938
134109	49.9339	29.9546
134027	49.9339	29.9713
133952	49.9339	29.988
133893	49.9339	30.0046
133822	49.9339	30.0213
133738	49.9339	30.0379
133668	49.9339	30.0546
133598	49.9053	30.0713
133510	49.8766	30.0879
133447	49.848	30.1046
133379	49.8193	30.1213
133307	49.7907	30.1379
133242	49.762	30.1546
133163	49.7334	30.1712
133085	49.7047	30.1879
133009	49.6761	30.2046
132930	49.6474	30.2212
132849	49.6188	30.2379
132779	49.5901	30.2546
132714	49.5615	30.2712
132640	49.5328	30.2879
132580	49.5042	30.3046
132508	49.4755	30.3212
132429	49.4469	30.3379
132356	49.4182	30.3545
132280	49.3896	30.3712
132201	49.3609	30.3879
132129	49.3323	30.4045
132064	49.3036	30.4212
132003	49.275	30.4379
131931	49.2463	30.4545
131852	49.2177	30.4712
131772	49.1891	30.4878
131707	49.1604	30.5045
131637	49.1318	30.5212
131554	49.1031	30.5378
131480	49.0745	30.5545
131409	49.0458	30.5712
131334	49.0172	30.5878
131258	48.9885	30.6045
131168	48.9599	30.6211
131078	48.9312	30.6378
130997	48.9026	30.6545
130933	48.8739	30.6711
130861	48.8453	30.6878
130789	48.8166	30.7045
130730	48.788	30.7211
130658	48.7593	30.7378
130588	48.7307	30.7544
130514	48.702	30.7711
130469	48.6734	30.7878
130410	48.6447	30.8044
130341	48.6161	30.8211
130262	48.5874	30.8378
130175	48.5588	30.8544
130102	48.5301	30.8711
130025	48.5015	30.8877
129948	48.4728	30.9044
129864	48.4442	30.9211
129796	48.4155	30.9377
129731	48.3869	30.9544
129678	48.3582	30.9711
129602	48.3296	30.9877
129536	48.3009	31.0044
129444	48.2723	31.021
129353	48.2436	31.0377
129280	48.215	31.0544
129213	48.1863	31.071
129131	48.1577	31.0877
129065	48.129	31.1044
129002	48.1004	31.121
128942	48.0717	31.1377
128877	48.0431	31.1543
128816	48.0144	31.171
128738	47.9858	31.1877
128663	47.9571	31.2043
128584	47.9285	31.221
128508	47.8998	31.2377
128454	47.8712	31.2543
128393	47.8425	31.271
128323	47.8139	31.2876
128255	47.7852	31.3043
128179	47.7566	31.321
128115	47.7279	31.3376
128056	47.6993	31.3543
128000	47.6706	31.371
127921	47.642	31.3876
127854	47.6133	31.4043
127800	47.5847	31.4209
127737	47.556	31.4376
127671	47.5274	31.4543
127627	47.4987	31.4709
127559	47.4701	31.4876
127498	47.4415	31.5043
127432	47.4128	31.5209
127358	47.3842	31.5376
127276	47.3555	31.5542
127198	47.3269	31.5709
127139	47.2982	31.5876
127079	47.2696	31.6042
127013	47.2409	31.6209
126940	47.2123	31.6376
126875	47.1836	31.6542
126833	47.155	31.6709
126783	47.1263	31.6875
126729	47.0977	31.7042
126670	47.069	31.7209
126619	47.0404	31.7375
126558	47.0117	31.7542
126510	46.9831	31.7709
126451	46.9544	31.7875
126387	46.9258	31.8042
126330	46.8971	31.8208
126286	46.8685	31.8375
126213	46.8398	31.8542
126163	46.8112	31.8708
126109	46.7825	31.8875
126058	46.7539	31.9042
126000	46.7252	31.9208
125944	46.6966	31.9375
125884	46.6679	31.9541
125849	46.6393	31.9708
125803	46.6106	31.9875
125755	46.582	32.0041
125698	46.5533	32.0208
125629	46.5247	32.0375
125562	46.496	32.0541
125502	46.4674	32.0708
125450	46.4387	32.0874
125416	46.4101	32.1041
125360	46.3814	32.1208
125302	46.3528	32.1374
125258	46.3241	32.1541
125212	46.2955	32.1708
125168	46.2668	32.1874
125121	46.2382	32.2041
125079	46.2095	32.2207
125028	46.1809	32.2374
124962	46.1522	32.2541
124905	46.1236	32.2707
124860	46.0949	32.2874
124820	46.0663	32.3041
124773	46.0376	32.3207
124725	46.009	32.3374
124676	45.9803	32.354
124618	45.9517	32.3707
124579	45.923	32.3874
124533	45.8944	32.404
124477	45.8657	32.4207
124433	45.8371	32.4374
124393	45.8084	32.454
124353	45.7798	32.4707
124321	45.7511	32.4874
124284	45.7225	32.504
124236	45.6939	32.5207
124193	45.6652	32.5373
124156	45.6366	32.554
124109	45.6079	32.5707
124071	45.5793	32.5873
124040	45.5506	32.604
124007	45.522	32.6207
123972	45.4933	32.6373
123941	45.4647	32.654
123897	45.436	32.6706
123848	45.4074	32.6873
123801	45.3787	32.704
123756	45.3501	32.7206
123719	45.3214	32.7373
123688	45.2928	32.754
123653	45.2641	32.7706
123624	45.2355	32.7873
123577	45.2068	32.8039
123535	45.1782	32.8206
123506	45.1495	32.8373
123469	45.1209	32.8539
123425	45.0922	32.8706
123408	45.0636	32.8873
123378	45.0349	32.9039
123344	45.0063	32.9206
123319	44.9776	32.9372
123274	44.949	32.9539
123235	44.9203	32.9706
123193	44.8917	32.9872
123163	44.863	33.0039
123132	44.8344	33.0206
123107	44.8057	33.0372
123065	44.7771	33.0539
123037	44.7484	33.0705
123017	44.7198	33.0872
122990	44.6911	33.1039
122962	44.6625	33.1205
122917	44.6338	33.1372
122890	44.6052	33.1539
122857	44.5765	33.1705
122818	44.5479	33.1872
122771	44.5192	33.2038
122740	44.4906	33.2205
122711	44.4619	33.2372
122687	44.4333	33.2538
122657	44.4046	33.2705
122633	44.376	33.2872
122607	44.3473	33.3038
122574	44.3187	33.3205
122553	44.29	33.3371
122524	44.2614	33.3538
122501	44.2327	33.3705
122479	44.2041	33.3871
122467	44.1754	33.4038
122438	44.1468	33.4205
122410	44.1181	33.4371
122383	44.0895	33.4538
122350	44.0608	33.4704
122313	44.0322	33.4871
122296	44.0035	33.5038
122289	43.9749	33.5204
122264	43.9463	33.5371
122235	43.9176	33.5538
122196	43.889	33.5704
122164	43.8603	33.5871
122134	43.8317	33.6037
122125	43.803	33.6204
122098	43.7744	33.6371
122067	43.7457	33.6537
122054	43.7171	33.6704
122042	43.6884	33.6871
122025	43.6598	33.7037
121998	43.6311	33.7204
121982	43.6025	33.737
121968	43.5738	33.7537
121950	43.5452	33.7704
121935	43.5165	33.787
121911	43.4879	33.8037
121889	43.4592	33.8204
121864	43.4306	33.837
121833	43.4019	33.8537
121813	43.3733	33.8703
121795	43.3446	33.887
121770	43.316	33.9037
121752	43.2873	33.9203
121730	43.2587	33.937
121709	43.23	33.9537
121681	43.2014	33.9703
121655	43.1727	33.987
121633	43.1441	34.0036
121613	43.1154	34.0203
121589	43.0868	34.037
121560	43.0581	34.0536
121543	43.0295	34.0703
121528	43.0008	34.087
121517	42.9722	34.1036
121503	42.9435	34.1203
121487	42.9149	34.1369
121465	42.8862	34.1536
121440	42.8576	34.1703
121422	42.8289	34.1869
121404	42.8003	34.2036
121391	42.7716	34.2203
121379	42.743	34.2369
121370	42.7143	34.2536
121358	42.6857	34.2702
121346	42.657	34.2869
121328	42.6284	34.3036
121314	42.5997	34.3202
121294	42.5711	34.3369
121274	42.5424	34.3536
121248	42.5138	34.3702
121225	42.4851	34.3869
121201	42.4565	34.4035
121186	42.4278	34.4202
121166	42.3992	34.4369
121151	42.3705	34.4535
121138	42.3419	34.4702
121126	42.3132	34.4869
121114	42.2846	34.5035
121093	42.2559	34.5202
121072	42.2273	34.5368
121056	42.1987	34.5535
121036	42.17	34.5702
121023	42.1413	34.5868
121010	42.1127	34.6035
120993	42.0841	34.6202
120982	42.0554	34.6368
120970	42.0268	34.6535
120950	41.9981	34.6702
120934	41.9695	34.6868
120930	41.9408	34.7035
120917	41.9122	34.7201
120909	41.8835	34.7368
120899	41.8549	34.7535
120881	41.8262	34.7701
120863	41.7976	34.7868
120850	41.7689	34.8035
120834	41.7403	34.8201
120819	41.7116	34.8368
120808	41.683	34.8534
120790	41.6543	34.8701
120778	41.6257	34.8868
120771	41.597	34.9034
120766	41.5684	34.9201
120758	41.5397	34.9368
120754	41.5111	34.9534
120748	41.4824	34.9701
120742	41.4538	34.9867
120732	41.4251	35.0034
120715	41.3965	35.0201
120698	41.3678	35.0367
120677	41.3392	35.0534
120666	41.3105	35.0701
120649	41.2819	35.0867
120638	41.2532	35.1034
120624	41.2246	35.12
120617	41.1959	35.1367
120608	41.1673	35.1534
120600	41.1386	35.17
120592	41.11	35.1867
120582	41.0813	35.2034
120562	41.0527	35.22
120549	41.024	35.2367
120539	40.9954	35.2533
120529	40.9667	35.27
120514	40.9381	35.2867
120500	40.9094	35.3033
120496	40.8808	35.32
120490	40.8521	35.3367
120482	40.8235	35.3533
120477	40.7948	35.37
120467	40.7662	35.3866
120458	40.7375	35.4033
120453	40.7089	35.42
120445	40.6802	35.4366
120438	40.6516	35.4533
120430	40.6229	35.47
120418	40.5943	35.4866
120414	40.5656	35.5033
120402	40.537	35.5199
120393	40.5083	35.5366
120387	40.4797	35.5533
120380	40.451	35.5699
120373	40.4224	35.5866
120359	40.3937	35.6033
120349	40.3651	35.6199
120343	40.3365	35.6366
120330	40.3078	35.6532
120326	40.2792	35.6699
120319	40.2505	35.6866
120314	40.2219	35.7032
120305	40.1932	35.7199
120297	40.1646	35.7366
120289	40.1359	35.7532
120287	40.1073	35.7699
120283	40.0786	35.7865
120276	40.05	35.8032
120273	40.0213	35.8199
120271	39.9927	35.8365
120265	39.964	35.8532
120256	39.9354	35.8699
120251	39.9067	35.8865
120244	39.8781	35.9032
120238	39.8494	35.9198
120233	39.8208	35.9365
120233	39.7921	35.9532
120233	39.7635	35.9698
120232	39.7348	35.9865
120230	39.7062	36.0032
120227	39.6775	36.0198
120224	39.6489	36.0365
120221	39.6202	36.0531
120218	39.5916	36.0698
120213	39.5629	36.0865
120209	39.5343	36.1031
120201	39.5056	36.1198
120199	39.477	36.1365
120197	39.4483	36.1531
120192	39.4197	36.1698
120189	39.391	36.1864
120189	39.3624	36.2031
120185	39.3337	36.2198
120183	39.3051	36.2364
120180	39.2764	36.2531
120175	39.2478	36.2698
120170	39.2191	36.2864
120158	39.1905	36.3031
120152	39.1618	36.3197
120147	39.1332	36.3364
120143	39.1045	36.3531
120143	39.0759	36.3697
120143	39.0472	36.3864
120143	39.0186	36.4031
120138	38.9899	36.4197
120133	38.9613	36.4364
120127	38.9326	36.453
120117	38.904	36.4697
120112	38.8753	36.4864
120108	38.8467	36.503
120104	38.818	36.5197
120103	38.7894	36.5364
120099	38.7607	36.553
120089	38.7321	36.5697
120088	38.7034	36.5863
120085	38.6748	36.603
120085	38.6461	36.6197
120085	38.6175	36.6363
120085	38.5889	36.653
120085	38.5602	36.6697
120085	38.5316	36.6863
120084	38.5029	36.703
120078	38.4743	36.7197
120069	38.4456	36.7363
120067	38.417	36.753
120065	38.3883	36.7696
120064	38.3597	36.7863
120062	38.331	36.803
120059	38.3024	36.8196
120052	38.2737	36.8363
120052	38.2451	36.853
120051	38.2164	36.8696
120050	38.1878	36.8863
120049	38.1591	36.9029
120044	38.1305	36.9196
120035	38.1018	36.9363
120033	38.0732	36.9529
120033	38.0445	36.9696
120033	38.0159	36.9863
120029	37.9872	37.0029
120028	37.9586	37.0196
120028	37.9299	37.0362
120026	37.9013	37.0529
120015	37.8726	37.0696
120013	37.844	37.0862
120013	37.8153	37.1029
120013	37.7867	37.1196
120013	37.758	37.1362
120013	37.7294	37.1529
120013	37.7007	37.1695
120012	37.6721	37.1862
120012	37.6434	37.2029
120012	37.6148	37.2195
120000	37.5861	37.2362
119997	37.5575	37.2529
119997	37.5288	37.2695
119997	37.5002	37.2862
119997	37.4715	37.3028
119996	37.4429	37.3195
119996	37.4142	37.3362
119996	37.3856	37.3528
119996	37.3569	37.3695
119996	37.3283	37.3862
119996	37.2996	37.4028
119991	37.271	37.4195
119991	37.2423	37.4361
119990	37.2137	37.4528
119990	37.185	37.4695
119990	37.1564	37.4861
119990	37.1277	37.5028
119990	37.0991	37.5195
119990	37.0704	37.5361
119990	37.0418	37.5528
119990	37.0131	37.5694
119990	36.9845	37.5861
119990	36.9558	37.6028
119990	36.9272	37.6194
119990	36.8985	37.6361
119990	36.8699	37.6528
119990	36.8413	37.6694
119990	36.8126	37.6861
119990	36.784	37.7027
119990	36.7553	37.7194
119990	36.7267	37.7361
119990	36.698	37.7527
119990	36.6694	37.7694
119990	36.6407	37.7861
119990	36.6121	37.8027
119990	36.5834	37.8194
119990	36.5548	37.836
119990	36.5261	37.8527
119990	36.4975	37.8694
119990	36.4688	37.886
119990	36.4402	37.9027
119990	36.4115	37.9194
119990	36.3829	37.936
119990	36.3542	37.9527
119990	36.3256	37.9693
119990	36.2969	37.986
119990	36.2683	38.0027
119990	36.2396	38.0193
119990	36.211	38.036
119990	36.1823	38.0527
119990	36.1537	38.0693
119990	36.125	38.086
119990	36.0964	38.1026
119990	36.0677	38.1193
119990	36.0391	38.136
119990	36.0104	38.1526
119990	35.9818	38.1693
119990	35.9531	38.186
119990	35.9245	38.2026
119990	35.8958	38.2193
119990	35.8672	38.2359
119990	35.8385	38.2526
119990	35.8099	38.2693
119990	35.7812	38.2859
119990	35.7526	38.3026
119986	35.7239	38.3193
119986	35.6953	38.3359
119986	35.6666	38.3526
119986	35.638	38.3692
119986	35.6093	38.3859
119986	35.5807	38.4026
119986	35.552	38.4192
119986	35.5234	38.4359
119986	35.4947	38.4526
119986	35.4661	38.4692
119986	35.4374	38.4859
119986	35.4088	38.5025
119986	35.3801	38.5192
119986	35.3515	38.5359
119986	35.3228	38.5525
119986	35.2942	38.5692
119986	35.2655	38.5859
119986	35.2369	38.6025
119986	35.2082	38.6192
119986	35.1796	38.6358
119986	35.151	38.6525
119986	35.1223	38.6692
119986	35.0937	38.6858
119986	35.065	38.7025
119986	35.0364	38.7192
119986	35.0077	38.7358
119986	34.9791	38.7525
119986	34.9504	38.7691
119986	34.9218	38.7858
119986	34.8931	38.8025
119986	34.8645	38.8191
119986	34.8358	38.8358
119986	34.8072	38.8525
119986	34.7785	38.8691
119986	34.7499	38.8858
119986	34.7212	38.9025
119986	34.6926	38.9191
119986	34.6639	38.9358
119986	34.6353	38.9524
119986	34.6066	38.9691
119986	34.578	38.9858
119986	34.5493	39.0024
119986	34.5207	39.0191
119986	34.492	39.0358
119986	34.4634	39.0524
119986	34.4347	39.0691
119986	34.4061	39.0857
119986	34.3774	39.1024
119985	34.3488	39.1191
119984	34.3201	39.1357
119984	34.2915	39.1524
119984	34.2628	39.1691
119984	34.2342	39.1857
119984	34.2055	39.2024
119984	34.1769	39.219
119984	34.1482	39.2357
119984	34.1196	39.2524
119984	34.0909	39.269
119984	34.0623	39.2857
119984	34.0336	39.3024
119984	34.005	39.319
119984	33.9763	39.3357
119984	33.9477	39.3523
119984	33.919	39.369
119984	33.8904	39.3857
119984	33.8617	39.4023
119984	33.8331	39.419
119984	33.8044	39.4357
119984	33.7758	39.4523
119984	33.7471	39.469
119984	33.7185	39.4856
119984	33.6898	39.5023
119984	33.6612	39.519
119984	33.6325	39.5356
119984	33.6039	39.5523
119984	33.5752	39.569
119984	33.5466	39.5856
119984	33.5179	39.6023
119984	33.4893	39.6189
119984	33.4606	39.6356
119984	33.432	39.6523
119984	33.4034	39.6689
119984	33.3747	39.6856
119984	33.3461	39.7023
119984	33.3174	39.7189
119984	33.2888	39.7356
119984	33.2601	39.7522
119984	33.2315	39.7689
119984	33.2028	39.7856
119984	33.1742	39.8022
119984	33.1455	39.8189
119984	33.1169	39.8356
119984	33.0882	39.8522
119984	33.0596	39.8689
119984	33.0309	39.8855
119984	33.0023	39.9022
119984	32.9736	39.9189
119984	32.945	39.9355
119984	32.9163	39.9522
119984	32.8877	39.9689
119984	32.859	39.9855
119984	32.8304	40.0022
119984	32.8017	40.0188
119984	32.7731	40.0355
119984	32.7444	40.0522
119984	32.7158	40.0688
119984	32.6871	40.0855
119984	32.6585	40.1022
119984	32.6298	40.1188
119984	32.6012	40.1355
119984	32.5725	40.1521
119984	32.5439	40.1688
119984	32.5152	40.1855
119984	32.4866	40.2021
119984	32.4579	40.2188
119984	32.4293	40.2355
119984	32.4006	40.2521
119984	32.372	40.2688
119984	32.3433	40.2854
119984	32.3147	40.3021
119984	32.286	40.3188
119984	32.2574	40.3354
119984	32.2287	40.3521
119984	32.2001	40.3688
119984	32.1714	40.3854
119984	32.1428	40.4021
119984	32.1141	40.4187
119984	32.0855	40.4354
119984	32.0568	40.4521
119984	32.0282	40.4687
119984	31.9995	40.4854
119984	31.9709	40.5021
119984	31.9422	40.5187
119984	31.9136	40.5354
119984	31.8849	40.552
119984	31.8563	40.5687
119984	31.8276	40.5854
119984	31.799	40.602
119984	31.7703	40.6187
119984	31.7417	40.6354
119984	31.713	40.652
119984	31.6844	40.6687
119984	31.6557	40.6853
119984	31.6271	40.702
119984	31.5984	40.7187
119984	31.5698	40.7353
119984	31.5412	40.752
119984	31.5125	40.7687
119984	31.4839	40.7853
119984	31.4552	40.802
119984	31.4266	40.8186
119984	31.3979	40.8353
119984	31.3693	40.852
119984	31.3406	40.8686
119984	31.312	40.8853
119984	31.2833	40.902
119984	31.2547	40.9186
119984	31.226	40.9353
119984	31.1974	40.952
119984	31.1687	40.9686
119984	31.1401	40.9853
119984	31.1114	41.0019
119984	31.0828	41.0186
119984	31.0541	41.0353
119984	31.0255	41.0519
119984	30.9968	41.0686
119984	30.9682	41.0853
119984	30.9395	41.1019
119984	30.9109	41.1186
119984	30.8822	41.1352
119984	30.8536	41.1519
119984	30.8249	41.1686
119984	30.7963	41.1852
119984	30.7676	41.2019
119984	30.739	41.2186
119984	30.7103	41.2352
119984	30.6817	41.2519
119984	30.653	41.2685
119984	30.6244	41.2852
119984	30.5957	41.3019
119984	30.5671	41.3185
119984	30.5384	41.3352
119984	30.5098	41.3519
119984	30.4811	41.3685
119984	30.4525	41.3852
119984	30.4238	41.4018
119984	30.3952	41.4185
119984	30.3665	41.4352
119984	30.3379	41.4518
119984	30.3092	41.4685
119984	30.2806	41.4852
119984	30.2519	41.5018
119984	30.2233	41.5185
119984	30.1946	41.5351
119984	30.166	41.5518
119984	30.1373	41.5685
119984	30.1087	41.5851
119984	30.08	41.6018
119984	30.0514	41.6185
119984	30.0227	41.6351
119984	29.9941	41.6518
119984	29.9654	41.6684
119984	29.9368	41.6851
119984	29.9081	41.7018
119984	29.8795	41.7184
119984	29.8508	41.7351
119984	29.8222	41.7518
119984	29.7936	41.7684
119984	29.7649	41.7851
119984	29.7363	41.8017
119984	29.7076	41.8184
119984	29.679	41.8351
119984	29.6503	41.8517
119984	29.6217	41.8684
119984	29.593	41.8851
119984	29.5644	41.9017
119984	29.5357	41.9184
119984	29.5071	41.935
119984	29.4784	41.9517
119984	29.4498	41.9684
119984	29.4211	41.985
119984	29.3925	42.0017
119984	29.3638	42.0184
119984	29.3352	42.035
119984	29.3065	42.0517
119984	29.2779	42.0683
119984	29.2492	42.085
119984	29.2206	42.1017
119984	29.1919	42.1183
119984	29.1633	42.135
119984	29.1346	42.1517
119984	29.106	42.1683
119984	29.0773	42.185
119984	29.0487	42.2016
119984	29.02	42.2183
119984	28.9914	42.235
119984	28.9627	42.2516
119984	28.9341	42.2683
119984	28.9054	42.285
119984	28.8768	42.3016
119984	28.8481	42.3183
119984	28.8195	42.3349
119984	28.7908	42.3516
119984	28.7622	42.3683
119984	28.7335	42.3849
119984	28.7049	42.4016
119984	28.6762	42.4183
119984	28.6476	42.4349
119984	28.6189	42.4516
119984	28.5903	42.4682
119984	28.5616	42.4849
119984	28.533	42.5016
119984	28.5043	42.5182
119984	28.4757	42.5349
119984	28.4471	42.5516
119984	28.4184	42.5682
119984	28.3898	42.5849
119984	28.3611	42.6015
119984	28.3325	42.6182
119984	28.3038	42.6349
119984	28.2752	42.6515
119984	28.2465	42.6682
119984	28.2179	42.6849
119984	28.1892	42.7015
119984	28.1606	42.7182
119984	28.1319	42.7348
119984	28.1033	42.7515
119984	28.0746	42.7682
119984	28.046	42.7848
119984	28.0173	42.8015
119984	27.9887	42.8182
119984	27.96	42.8348
119984	27.9314	42.8515
119984	27.9028	42.8681
119984	27.8741	42.8848
119984	27.8455	42.9015
119984	27.8168	42.9181
119984	27.7882	42.9348
119984	27.7595	42.9515
119984	27.7309	42.9681
119984	27.7022	42.9848
119984	27.6736	43.0014
119984	27.6449	43.0181
119984	27.6163	43.0348
119984	27.5876	43.0514
119984	27.559	43.0681
119984	27.5303	43.0848
119984	27.5017	43.1014
119984	27.473	43.1181
119984	27.4444	43.1348
119984	27.4157	43.1514
119984	27.3871	43.1681
119984	27.3584	43.1847
119984	27.3298	43.2014
119984	27.3012	43.2181
119984	27.2725	43.2347
119984	27.2439	43.2514
119984	27.2152	43.2681
119984	27.1866	43.2847
119984	27.1579	43.3014
119984	27.1293	43.318
119984	27.1006	43.3347
119984	27.072	43.3514
119984	27.0433	43.368
119984	27.0147	43.3847
119984	26.986	43.4014
119984	26.9574	43.418
119984	26.9287	43.4347
119984	26.9001	43.4513
119984	26.8714	43.468
119984	26.8428	43.4847
119984	26.8141	43.5013
119984	26.7855	43.518
119984	26.7569	43.5347
119984	26.7282	43.5513
119984	26.6996	43.568
119984	26.6709	43.5846
119984	26.6423	43.6013
119984	26.6136	43.618
119984	26.585	43.6346
119984	26.5563	43.6513
119984	26.5277	43.668
119984	26.499	43.6846
119984	26.4704	43.7013
119984	26.4417	43.7179
119984	26.4131	43.7346
119984	26.3844	43.7513
119984	26.3558	43.7679
119984	26.3271	43.7846
119984	26.2985	43.8013
119984	26.2698	43.8179
119984	26.2412	43.8346
119984	26.2125	43.8512
119984	26.1839	43.8679
119984	26.1553	43.8846
119984	26.1266	43.9012
119984	26.098	43.9179
119984	26.0693	43.9346
119984	26.0407	43.9512
119984	26.012	43.9679
119984	25.9834	43.9845
119984	25.9547	44.0012
119984	25.9261	44.0179
119984	25.8974	44.0345
119984	25.8688	44.0512
119984	25.8401	44.0679
119984	25.8115	44.0845
119984	25.7828	44.1012
119984	25.7542	44.1178
119984	25.7255	44.1345
119984	25.6969	44.1512
119984	25.6682	44.1678
119984	25.6396	44.1845
119984	25.611	44.2012
119984	25.5823	44.2178
119984	25.5537	44.2345
119984	25.525	44.2511
119984	25.4964	44.2678
119984	25.4677	44.2845
119984	25.4391	44.3011
119984	25.4104	44.3178
119984	25.3818	44.3345
119984	25.3531	44.3511
119984	25.3245	44.3678
119984	25.2958	44.3844
119984	25.2672	44.4011
119984	25.2385	44.4178
119984	25.2099	44.4344
119984	25.1812	44.4511
119984	25.1526	44.4678
119984	25.1239	44.4844
119984	25.0953	44.5011
119984	25.0667	44.5177
119984	25.038	44.5344
119984	25.0094	44.5511
119984	24.9807	44.5677
119984	24.9521	44.5844
119984	24.9234	44.6011
119984	24.8948	44.6177
119984	24.8661	44.6344
119984	24.8375	44.651
119984	24.8088	44.6677
119984	24.7802	44.6844
119984	24.7515	44.701
119984	24.7229	44.7177
119984	24.6942	44.7344
119984	24.6656	44.751
119984	24.6369	44.7677
119984	24.6083	44.7843
119984	24.5796	44.801
119984	24.551	44.8177
119984	24.5223	44.8343
119984	24.4937	44.851
119984	24.4651	44.8677
119984	24.4364	44.8843
119984	24.4078	44.901
119984	24.3791	44.9176
119984	24.3505	44.9343
119984	24.3218	44.951
119984	24.2932	44.9676
119984	24.2645	44.9843
119984	24.2359	45.001
119984	24.2072	45.0176
119984	24.1786	45.0343
119984	24.1499	45.0509
119984	24.1213	45.0676
119984	24.0926	45.0843
119984	24.064	45.1009
119984	24.0353	45.1176
119984	24.0067	45.1343
119984	23.978	45.1509
119984	23.9494	45.1676
119984	23.9208	45.1842
119984	23.8921	45.2009
119984	23.8635	45.2176
119984	23.8348	45.2342
119984	23.8062	45.2509
119984	23.7775	45.2676
119984	23.7489	45.2842
119984	23.7202	45.3009
119984	23.6916	45.3176
119984	23.6629	45.3342
119984	23.6343	45.3509
119984	23.6056	45.3675
119984	23.577	45.3842
119984	23.5483	45.4009
119984	23.5197	45.4175
119984	23.491	45.4342
119984	23.4624	45.4509
119984	23.4337	45.4675
119984	23.4051	45.4842
119984	23.3764	45.5008
119984	23.3478	45.5175
119984	23.3192	45.5342
119984	23.2905	45.5508
119984	23.2619	45.5675
119984	23.2332	45.5842
119984	23.2046	45.6008
119984	23.1759	45.6175
119984	23.1473	45.6341
119984	23.1186	45.6508
119984	23.09	45.6675
119984	23.0613	45.6841
119984	23.0327	45.7008
119984	23.004	45.7175
119984	22.9754	45.7341
119984	22.9467	45.7508
119984	22.9181	45.7674
119984	22.8894	45.7841
119984	22.8608	45.8008
119984	22.8321	45.8174
119984	22.8035	45.8341
119984	22.7749	45.8508
119984	22.7462	45.8674
119984	22.7176	45.8841
119984	22.6889	45.9007
119984	22.6603	45.9174
119984	22.6316	45.9341
119984	22.603	45.9507
119984	22.5743	45.9674
119984	22.5457	45.9841
119984	22.517	46.0007
119984	22.4884	46.0174
119984	22.4597	46.034
119984	22.4311	46.0507
119984	22.4024	46.0674
119984	22.3738	46.084
119984	22.3451	46.1007
119984	22.3165	46.1174
119984	22.2878	46.134
119984	22.2592	46.1507
119984	22.2305	46.1673
119984	22.2019	46.184
119984	22.1733	46.2007
119984	22.1446	46.2173
119984	22.116	46.234
119984	22.0873	46.2507
119984	22.0587	46.2673
119984	22.03	46.284
119984	22.0014	46.3006
119984	21.9727	46.3173
119984	21.9441	46.334
119984	21.9154	46.3506
119984	21.8868	46.3673
119984	21.8581	46.384
119984	21.8295	46.4006
119984	21.8008	46.4173
119984	21.7722	46.4339
119984	21.7435	46.4506
119984	21.7149	46.4673
119984	21.6862	46.4839
119984	21.6576	46.5006
119984	21.629	46.5173
119984	21.6003	46.5339
119984	21.5717	46.5506
119984	21.543	46.5672
119984	21.5144	46.5839
119984	21.4857	46.6006
119984	21.4571	46.6172
119984	21.4284	46.6339
119984	21.3998	46.6506
119984	21.3711	46.6672
119984	21.3425	46.6839
119984	21.3138	46.7005
119984	21.2852	46.7172
119984	21.2565	46.7339
119984	21.2279	46.7505
119984	21.1992	46.7672
119984	21.1706	46.7839
119984	21.1419	46.8005
119984	21.1133	46.8172
119984	21.0847	46.8338
119984	21.056	46.8505
119984	21.0274	46.8672
119984	20.9987	46.8838
119984	20.9701	46.9005
119984	20.9414	46.9172
119984	20.9128	46.9338
119984	20.8841	46.9505
119984	20.8555	46.9671
119984	20.8268	46.9838
119984	20.7982	47.0005
119984	20.7695	47.0171
119984	20.7409	47.0338
119984	20.7122	47.0505
119984	20.6836	47.0671
119984	20.6549	47.0838
119984	20.6263	47.1004
119984	20.5976	47.1171
119984	20.569	47.1338
119984	20.5403	47.1504
119984	20.5117	47.1671
119984	20.4831	47.1838
119984	20.4544	47.2004
119984	20.4258	47.2171
119984	20.3971	47.2337
119984	20.3685	47.2504
119984	20.3398	47.2671
119984	20.3112	47.2837
119984	20.2825	47.3004
119984	20.2539	47.3171
119984	20.2252	47.3337
119984	20.1966	47.3504
119984	20.1679	47.3671
119984	20.1393	47.3837
119984	20.1106	47.4004
119984	20.082	47.417
119984	20.0533	47.4337
119984	20.0247	47.4504
119984	19.996	47.467
119984	19.9674	47.4837
119984	19.9388	47.5004
119984	19.9101	47.517
119984	19.8815	47.5337
119984	19.8528	47.5503
119984	19.8242	47.567
119984	19.7955	47.5837
119984	19.7669	47.6003
119984	19.7382	47.617
119984	19.7096	47.6337
119984	19.6809	47.6503
119984	19.6523	47.667
119984	19.6236	47.6836
119984	19.595	47.7003
119984	19.5663	47.717
119984	19.5377	47.7336
119984	19.509	47.7503
119984	19.4804	47.767
119984	19.4517	47.7836
119984	19.4231	47.8003
119984	19.3944	47.8169
119984	19.3658	47.8336
119984	19.3372	47.8503
119984	19.3085	47.8669
119984	19.2799	47.8836
119984	19.2512	47.9003
119984	19.2226	47.9169
119984	19.1939	47.9336
119984	19.1653	47.9502
119984	19.1366	47.9669
119984	19.108	47.9836
119984	19.0793	48.0002
119984	19.0507	48.0169
119984	19.022	48.0336
119984	18.9934	48.0502
119984	18.9647	48.0669
119984	18.9361	48.0835
119984	18.9074	48.1002
119984	18.8788	48.1169
119984	18.8501	48.1335
119984	18.8215	48.1502
119984	18.7929	48.1669
119984	18.7642	48.1835
119984	18.7356	48.2002
119984	18.7069	48.2168
119984	18.6783	48.2335
119984	18.6496	48.2502
119984	18.621	48.2668
119984	18.5923	48.2835
119984	18.5637	48.3002
119984	18.535	48.3168
119984	18.5064	48.3335
119984	18.4777	48.3501
119984	18.4491	48.3668
119984	18.4204	48.3835
119984	18.3918	48.4001
119984	18.3631	48.4168
119984	18.3345	48.4335
119984	18.3058	48.4501
119984	18.2772	48.4668
119984	18.2486	48.4834
119984	18.2199	48.5001
119984	18.1913	48.5168
119984	18.1626	48.5334
119984	18.134	48.5501
119984	18.1053	48.5668
119984	18.0767	48.5834
119984	18.048	48.6001
119984	18.0194	48.6167
119984	17.9907	48.6334
119984	17.9621	48.6501
119984	17.9334	48.6667
119984	17.9048	48.6834
119984	17.8761	48.7001
119984	17.8475	48.7167
119984	17.8188	48.7334
119984	17.7902	48.75
119984	17.7615	48.7667
119984	17.7329	48.7834
119984	17.7042	48.8
119984	17.6756	48.8167
119984	17.647	48.8334
119984	17.6183	48.85
119984	17.5897	48.8667
119984	17.561	48.8833
119984	17.5324	48.9
119984	17.5037	48.9167
119984	17.4751	48.9333
119984	17.4464	48.95
119984	17.4178	48.9667
119984	17.3891	48.9833
119984	17.3605	49
119984	17.3318	49.0166
119984	17.3032	49.0333
119984	17.2745	49.05
119984	17.2459	49.0666
119984	17.2172	49.0833
119984	17.1886	49.1
119984	17.1599	49.1166
119984	17.1313	49.1333
119984	17.1026	49.1499
119984	17.074	49.1666
119984	17.0454	49.1833
119984	17.0167	49.1999
119984	16.9881	49.2166
119984	16.9594	49.2333
119984	16.9308	49.2499
119984	16.9021	49.2666
119984	16.8735	49.2832
119984	16.8448	49.2999
119984	16.8162	49.3166
119984	16.7875	49.3332
119984	16.7589	49.3499
119984	16.7302	49.3666
119984	16.7016	49.3832
119984	16.6729	49.3999
119984	16.6443	49.4165
119984	16.6156	49.4332
119984	16.587	49.4499
119984	16.5583	49.4665
119984	16.5297	49.4832
119984	16.5011	49.4999
119984	16.4724	49.5165
119984	16.4438	49.5332
119984	16.4151	49.5499
119984	16.3865	49.5665
119984	16.3578	49.5832
119984	16.3292	49.5998
119984	16.3005	49.6165
119984	16.2719	49.6332
119984	16.2432	49.6498
119984	16.2146	49.6665
119984	16.1859	49.6832
119984	16.1573	49.6998
119984	16.1286	49.7165
119984	16.1	49.7331
119984	16.0713	49.7498
119984	16.0427	49.7665
119984	16.014	49.7831
119984	15.9854	49.7998
119984	15.9568	49.8165
119984	15.9281	49.8331
119984	15.8995	49.8498
119984	15.8708	49.8664
119984	15.8422	49.8831
119984	15.8135	49.8998
119984	15.7849	49.9164
119984	15.7562	49.9331
119984	15.7276	49.9498
119984	15.6989	49.9664
119984	15.6703	49.9831
119984	15.6416	49.9997
119984	15.613	50.0164
119984	15.5843	50.0331
119984	15.5557	50.0497
119984	15.527	50.0664
119984	15.4984	50.0831
119984	15.4697	50.0997
119984	15.4411	50.1164
119984	15.4124	50.133
119984	15.3838	50.1497
119984	15.3552	50.1664
119984	15.3265	50.183
119984	15.2979	50.1997
119984	15.2692	50.2164
119984	15.2406	50.233
119984	15.2119	50.2497
119984	15.1833	50.2663
119984	15.1546	50.283
119984	15.126	50.2997
119984	15.0973	50.3163
119984	15.0687	50.333
119984	15.04	50.3497
119984	15.0114	50.3663
119984	14.9827	50.383
119984	14.9541	50.3996
119984	14.9254	50.4163
119984	14.8968	50.433
119984	14.8681	50.4496
119984	14.8395	50.4663
119984	14.8109	50.483
119984	14.7822	50.4996
119984	14.7536	50.5163
119984	14.7249	50.5329
119984	14.6963	50.5496
119984	14.6676	50.5663
119984	14.639	50.5829
119984	14.6103	50.5996
119984	14.5817	50.6163
119984	14.553	50.6329
119984	14.5244	50.6496
119984	14.4957	50.6662
119984	14.4671	50.6829
119984	14.4384	50.6996
119984	14.4098	50.7162
119984	14.3811	50.7329
119984	14.3525	50.7496
119984	14.3238	50.7662
119984	14.2952	50.7829
119984	14.2666	50.7995
119984	14.2379	50.8162
119984	14.2093	50.8329
119984	14.1806	50.8495
119984	14.152	50.8662
119984	14.1233	50.8829
119984	14.0947	50.8995
119984	14.066	50.9162
119984	14.0374	50.9328
119984	14.0087	50.9495
119984	13.9801	50.9662
119984	13.9514	50.9828
119984	13.9228	50.9995
119984	13.8941	51.0162
119984	13.8655	51.0328
119984	13.8368	51.0495
119984	13.8082	51.0661
119984	13.7795	51.0828
119984	13.7509	51.0995
119984	13.7222	51.1161
119984	13.6936	51.1328
119984	13.665	51.1495
119984	13.6363	51.1661
119984	13.6077	51.1828
119984	13.579	51.1994
119984	13.5504	51.2161
119984	13.5217	51.2328
119984	13.4931	51.2494
119984	13.4644	51.2661
119984	13.4358	51.2828
119984	13.4071	51.2994
119984	13.3785	51.3161
119984	13.3498	51.3327
119984	13.3212	51.3494
119984	13.2925	51.3661
119984	13.2639	51.3827
119984	13.2352	51.3994
119984	13.2066	51.4161
119984	13.1779	51.4327
119984	13.1493	51.4494
119984	13.1207	51.466
119984	13.092	51.4827
119984	13.0634	51.4994
119984	13.0347	51.516
119984	13.0061	51.5327
119984	12.9774	51.5494
119984	12.9488	51.566
119984	12.9201	51.5827
119984	12.8915	51.5993
119984	12.8628	51.616
119984	12.8342	51.6327
119984	12.8055	51.6493
119984	12.7769	51.666
119984	12.7482	51.6827
119984	12.7196	51.6993
119984	12.6909	51.716
119984	12.6623	51.7327
119984	12.6336	51.7493
119984	12.605	51.766
119984	12.5763	51.7826
119984	12.5477	51.7993
119984	12.5191	51.816
119984	12.4904	51.8326
119984	12.4618	51.8493
119984	12.4331	51.866
119984	12.4045	51.8826
119984	12.3758	51.8993
119984	12.3472	51.9159
119984	12.3185	51.9326
119984	12.2899	51.9493
119984	12.2612	51.9659
119984	12.2326	51.9826
119984	12.2039	51.9993
119984	12.1753	52.0159
119984	12.1466	52.0326
119984	12.118	52.0492
119984	12.0893	52.0659
119984	12.0607	52.0826
119984	12.032	52.0992
119984	12.0034	52.1159
119984	11.9748	52.1326
119984	11.9461	52.1492
119984	11.9175	52.1659
119984	11.8888	52.1825
119984	11.8602	52.1992
119984	11.8315	52.2159
119984	11.8029	52.2325
119984	11.7742	52.2492
119984	11.7456	52.2659
119984	11.7169	52.2825
119984	11.6883	52.2992
119984	11.6596	52.3158
119984	11.631	52.3325
119984	11.6023	52.3492
119984	11.5737	52.3658
119984	11.545	52.3825
119984	11.5164	52.3992
119984	11.4877	52.4158
119984	11.4591	52.4325
119984	11.4304	52.4491
119984	11.4018	52.4658
119984	11.3732	52.4825
119984	11.3445	52.4991
119984	11.3159	52.5158
119984	11.2872	52.5325
119984	11.2586	52.5491
119984	11.2299	52.5658
119984	11.2013	52.5824
119984	11.1726	52.5991
119984	11.144	52.6158
119984	11.1153	52.6324
119984	11.0867	52.6491
119984	11.058	52.6658
119984	11.0294	52.6824
119984	11.0007	52.6991
119984	10.9721	52.7157
119984	10.9434	52.7324
119984	10.9148	52.7491
119984	10.8861	52.7657
119984	10.8575	52.7824
119984	10.8289	52.7991
119984	10.8002	52.8157
119984	10.7716	52.8324
119984	10.7429	52.849
119984	10.7143	52.8657
119984	10.6856	52.8824
119984	10.657	52.899
119984	10.6283	52.9157
119984	10.5997	52.9324
119984	10.571	52.949
119984	10.5424	52.9657
119984	10.5137	52.9823
119984	10.4851	52.999
119984	10.4564	53.0157
119984	10.4278	53.0323
119984	10.3991	53.049
119984	10.3705	53.0657
119984	10.3418	53.0823
119984	10.3132	53.099
119984	10.2845	53.1156
119984	10.2559	53.1323
119984	10.2273	53.149
119984	10.1986	53.1656
119984	10.17	53.1823
119984	10.1413	53.199
119984	10.1127	53.2156
119984	10.084	53.2323
119984	10.0554	53.2489
119984	10.0267	53.2656
119984	9.99808	53.2823
119984	9.96943	53.2989
119984	9.94078	53.3156
119984	9.91213	53.3323
119984	9.88348	53.3489
119984	9.85484	53.3656
119984	9.82619	53.3822
119984	9.79754	53.3989
119984	9.7689	53.4156
119984	9.74025	53.4322
119984	9.7116	53.4489
119984	9.68295	53.4656
119984	9.65431	53.4822
119984	9.62566	53.4989
119984	9.59701	53.5155
119984	9.56836	53.5322
119984	9.53972	53.5489
119984	9.51107	53.5655
119984	9.48242	53.5822
119984	9.45377	53.5989
119984	9.42513	53.6155
119984	9.39648	53.6322
119984	9.36783	53.6488
119984	9.33918	53.6655
119984	9.31054	53.6822
119984	9.28189	53.6988
119984	9.25324	53.7155
119984	9.22459	53.7322
119984	9.19595	53.7488
119984	9.1673	53.7655
119984	9.13865	53.7822
119984	9.11	53.7988
119984	9.08136	53.8155
119984	9.05271	53.8321
119984	9.02406	53.8488
119984	8.99541	53.8655
119984	8.96677	53.8821
119984	8.93812	53.8988
119984	8.90947	53.9155
119984	8.88082	53.9321
119984	8.85218	53.9488
119984	8.82353	53.9654
119984	8.79488	53.9821
119984	8.76623	53.9988
119984	8.73759	54.0154
119984	8.70894	54.0321
119984	8.68029	54.0488
119984	8.65164	54.0654
119984	8.623	54.0821
119984	8.59435	54.0987
119984	8.5657	54.1154
119984	8.53705	54.1321
119984	8.50841	54.1487
119984	8.47976	54.1654
119984	8.45111	54.1821
119984	8.42246	54.1987
119984	8.39382	54.2154
119984	8.36517	54.232
119984	8.33652	54.2487
119984	8.30787	54.2654
119984	8.27923	54.282
119984	8.25058	54.2987
119984	8.22193	54.3154
119984	8.19328	54.332
119984	8.16464	54.3487
119984	8.13599	54.3653
119984	8.10734	54.382
119984	8.07869	54.3987
119984	8.05005	54.4153
119984	8.0214	54.432
119984	7.99275	54.4487
119984	7.9641	54.4653
119984	7.93546	54.482
119984	7.90681	54.4986
119984	7.87816	54.5153
119984	7.84951	54.532
119984	7.82087	54.5486
119984	7.79222	54.5653
119984	7.76357	54.582
119984	7.73492	54.5986
119984	7.70628	54.6153
119984	7.67763	54.6319
119984	7.64898	54.6486
119984	7.62033	54.6653
119984	7.59169	54.6819
119984	7.56304	54.6986
119984	7.53439	54.7153
119984	7.50574	54.7319
119984	7.4771	54.7486
119984	7.44845	54.7652
119984	7.4198	54.7819
119984	7.39115	54.7986
119984	7.36251	54.8152
119984	7.33386	54.8319
119984	7.30521	54.8486
119984	7.27656	54.8652
119984	7.24792	54.8819
119984	7.21927	54.8985
119984	7.19062	54.9152
119984	7.16197	54.9319
119984	7.13333	54.9485
119984	7.10468	54.9652
119984	7.07603	54.9819
119984	7.04738	54.9985
119984	7.01873	55.0152
119984	6.99009	55.0318
119984	6.96144	55.0485
119984	6.93279	55.0652
119984	6.90414	55.0818
119984	6.8755	55.0985
119984	6.84685	55.1152
119984	6.8182	55.1318
119984	6.78955	55.1485
119984	6.7609	55.1651
119984	6.73226	55.1818
119984	6.70361	55.1985
119984	6.67496	55.2151
119984	6.64631	55.2318
119984	6.61766	55.2485
119984	6.58902	55.2651
119984	6.56037	55.2818
119984	6.53172	55.2984
119984	6.50307	55.3151
119984	6.47442	55.3318
119984	6.44578	55.3484
119984	6.41713	55.3651
119984	6.38848	55.3818
119984	6.35983	55.3984
119984	6.33119	55.4151
119984	6.30254	55.4317
119984	6.27389	55.4484
119984	6.24524	55.4651
119984	6.21659	55.4817
119984	6.18795	55.4984
119984	6.1593	55.5151
119984	6.13065	55.5317
119984	6.102	55.5484
119984	6.07335	55.565
119984	6.04471	55.5817
119984	6.01606	55.5984
119984	5.98741	55.615
119984	5.95876	55.6317
119984	5.93011	55.6484
119984	5.90147	55.665
119984	5.87282	55.6817
119984	5.84417	55.6983
119984	5.81552	55.715
119984	5.78687	55.7317
119984	5.75823	55.7483
119984	5.72958	55.765
119984	5.70093	55.7817
119984	5.67228	55.7983
119984	5.64364	55.815
119984	5.61499	55.8316
119984	5.58634	55.8483
119984	5.55769	55.865
119984	5.52904	55.8816
119984	5.5004	55.8983
119984	5.47175	55.915
119984	5.4431	55.9316
119984	5.41445	55.9483
119984	5.3858	55.965
119984	5.35716	55.9816
119984	5.32851	55.9983
119984	5.29986	56.015
119984	5.27121	56.0316
119984	5.24256	56.0483
119984	5.21392	56.0649
119984	5.18527	56.0816
119984	5.15662	56.0983
119984	5.12797	56.1149
119984	5.09933	56.1316
119984	5.07068	56.1483
119984	5.04203	56.1649
119984	5.01338	56.1816
119984	4.98473	56.1982
119984	4.95609	56.2149
119984	4.92744	56.2316
119984	4.89879	56.2482
119984	4.87014	56.2649
119984	4.84149	56.2816
119984	4.81285	56.2982
119984	4.7842	56.3149
119984	4.75555	56.3315
119984	4.7269	56.3482
119984	4.69825	56.3649
119984	4.66961	56.3815
119984	4.64096	56.3982
119984	4.61231	56.4149
119984	4.58366	56.4315
119984	4.55501	56.4482
119984	4.52637	56.4648
119984	4.49772	56.4815
119984	4.46907	56.4982
119984	4.44042	56.5148
119984	4.41178	56.5315
119984	4.38313	56.5482
119984	4.35448	56.5648
119984	4.32583	56.5815
119984	4.29718	56.5981
119984	4.26854	56.6148
119984	4.23989	56.6315
119984	4.21124	56.6481
119984	4.18259	56.6648
119984	4.15394	56.6815
119984	4.1253	56.6981
119984	4.09665	56.7148
119984	4.068	56.7314
119984	4.03935	56.7481
119984	4.0107	56.7648
119984	3.98206	56.7814
119984	3.95341	56.7981
119984	3.92476	56.8148
119984	3.89611	56.8314
119984	3.86747	56.8481
119984	3.83882	56.8647
119984	3.81017	56.8814
119984	3.78152	56.8981
119984	3.75287	56.9147
119984	3.72423	56.9314
119984	3.69558	56.9481
119984	3.66693	56.9647
119984	3.63828	56.9814
119984	3.60963	56.998
119984	3.58099	57.0147
119984	3.55234	57.0314
119984	3.52369	57.048
119984	3.49504	57.0647
119984	3.46639	57.0814
119984	3.43775	57.098
119984	3.4091	57.1147
119984	3.38045	57.1313
119984	3.3518	57.148
119984	3.32315	57.1647
119984	3.29451	57.1813
119984	3.26586	57.198
119984	3.23721	57.2147
119984	3.20856	57.2313
119984	3.17992	57.248
119984	3.15127	57.2646
119984	3.12262	57.2813
119984	3.09397	57.298
119984	3.06532	57.3146
119984	3.03668	57.3313
119984	3.00803	57.348
119984	2.97938	57.3646
119984	2.95073	57.3813
119984	2.92208	57.3979
119984	2.89344	57.4146
119984	2.86479	57.4313
119984	2.83614	57.4479
119984	2.80749	57.4646
119984	2.77884	57.4813
119984	2.7502	57.4979
119984	2.72155	57.5146
119984	2.6929	57.5313
119984	2.66425	57.5479
119984	2.63561	57.5646
119984	2.60696	57.5812
119984	2.57831	57.5979
119984	2.54966	57.6146
119984	2.52101	57.6312
119984	2.49237	57.6479
119984	2.46372	57.6646
119984	2.43507	57.6812
119984	2.40642	57.6979
119984	2.37777	57.7145
119984	2.34913	57.7312
119984	2.32048	57.7479
119984	2.29183	57.7645
119984	2.26318	57.7812
119984	2.23453	57.7979
119984	2.20589	57.8145
119984	2.17724	57.8312
119984	2.14859	57.8478
119984	2.11994	57.8645
119984	2.09129	57.8812
119984	2.06265	57.8978
119984	2.034	57.9145
119984	2.00535	57.9312
119984	1.9767	57.9478
119984	1.94806	57.9645
119984	1.91941	57.9811
119984	1.89076	57.9978
119984	1.86211	58.0145
119984	1.83346	58.0311
119984	1.80482	58.0478
119984	1.77617	58.0645
119984	1.74752	58.0811
119984	1.71887	58.0978
119984	1.69022	58.1144
119984	1.66158	58.1311
119984	1.63293	58.1478
119984	1.60428	58.1644
119984	1.57563	58.1811
119984	1.54699	58.1978
119984	1.51834	58.2144
119984	1.48969	58.2311
119984	1.46104	58.2477
119984	1.43239	58.2644
119984	1.40375	58.2811
119984	1.3751	58.2977
119984	1.34645	58.3144
119984	1.3178	58.3311
119984	1.28916	58.3477
119984	1.26051	58.3644
119984	1.23186	58.381
119984	1.20321	58.3977
119984	1.17456	58.4144
119984	1.14592	58.431
119984	1.11727	58.4477
119984	1.08862	58.4644
119984	1.05997	58.481
119984	1.03132	58.4977
119984	1.00268	58.5143
119984	0.974029	58.531
119984	0.945382	58.5477
119984	0.916734	58.5643
119984	0.888086	58.581
119984	0.859438	58.5977
119984	0.83079	58.6143
119984	0.802142	58.631
119984	0.773495	58.6476
119984	0.744847	58.6643
119984	0.716199	58.681
119984	0.687551	58.6976
119984	0.658903	58.7143
119984	0.630255	58.731
119984	0.601607	58.7476
119984	0.57296	58.7643
119984	0.544312	58.7809
119984	0.515664	58.7976
119984	0.487016	58.8143
119984	0.458368	58.8309
119984	0.42972	58.8476
119984	0.401072	58.8643
119984	0.372425	58.8809
119984	0.343777	58.8976
119984	0.315129	58.9142
119984	0.286481	58.9309
119984	0.257833	58.9476
119984	0.229185	58.9642
119984	0.200537	58.9809
119984	0.17189	58.9976
119984	0.143242	59.0142
119984	0.114594	59.0309
119984	0.085946	59.0475
119984	0.0572982	59.0642
119984	0.0286503	59.0809
119984	2.46127e-06	59.0975
119984	-0.0286454	59.1142
119984	0	59.1309
119984	0	59.1475
119984	0	59.1642
119984	0	59.1808
119984	0	59.1975
119984	0	59.2142
119984	0	59.2308
119984	0	59.2475
119984	0	59.2642
119984	0	59.2808
119984	0	59.2975
119984	0	59.3141
119984	0	59.3308
119984	0	59.3475
119984	0	59.3641
119984	0	59.3808
119984	0	59.3975
119984	0	59.4141
119984	0	59.4308
119984	0	59.4474
119984	0	59.4641
119984	0	59.4808
119984	0	59.4974
119984	0	59.5141
119984	0	59.5308
119984	0	59.5474
119984	0	59.5641
119984	0	59.5807
119984	0	59.5974
119984	0	59.6141
119984	0	59.6307
119984	0	59.6474
119984	0	59.6641
119984	0	59.6807
119984	0	59.6974
119984	0	59.7141
119984	0	59.7307
119984	0	59.7474
119984	0	59.764
119984	0	59.7807
119984	0	59.7974
119984	0	59.814
119984	0	59.8307
119984	0	59.8474
119984	0	59.864
119984	0	59.8807
119984	0	59.8973
119984	0	59.914
119984	0	59.9307
119984	0	59.9473
119984	0	59.964
119984	0	59.9807
119984	0	59.9973
119984	0	60.014
119984	0	60.0306
119984	0	60.0473
119984	0	60.064
119984	0	60.0806
119984	0	60.0973
119984	0	60.114
119984	0	60.1306
